0.0000000 0.0133749
0.0031250 0.1882326
0.0062500 0.3631456
0.0093750 0.5649316
0.0125000 0.6988144
0.0156250 0.8216516
0.0187500 0.9386665
0.0218750 0.9683132
0.0250000 1.0133647
0.0281250 0.9909270
0.0312500 0.9288192
0.0343750 0.8273563
0.0375000 0.6895038
0.0406250 0.5609010
0.0437500 0.3869666
0.0468750 0.1905294
0.0500000 -0.0073839
0.0531250 -0.1889507
0.0562500 -0.3580780
0.0593750 -0.5677384
0.0625000 -0.7126073
0.0656250 -0.8335056
0.0687500 -0.9297276
0.0718750 -0.9720744
0.0750000 -1.0134456
0.0781250 -0.9765828
0.0812500 -0.9224523
0.0843750 -0.8227237
0.0875000 -0.6868352
0.0906250 -0.5534924
0.0937500 -0.3641970
0.0968750 -0.2007941
0.1000000 -0.0208423
0.1031250 0.2022596
0.1062500 0.3756389
0.1093750 0.5645049
0.1125000 0.7165281
0.1156250 0.8417878
0.1187500 0.9163828
0.1218750 0.9790956
0.1250000 1.0023205
0.1281250 0.9808639
0.1312500 0.9325648
0.1343750 0.8253434
0.1375000 0.6934795
0.1406250 0.5442707
0.1437500 0.3997421
0.1468750 0.1807648
0.1500000 0.0053873
0.1531250 -0.2080101
0.1562500 -0.3868570
0.1593750 -0.5368238
0.1625000 -0.6873378
0.1656250 -0.8188029
0.1687500 -0.9242504
0.1718750 -0.9895014
0.1750000 -0.9984321
0.1781250 -0.9710091
0.1812500 -0.9342472
0.1843750 -0.8455690
0.1875000 -0.7127664
0.1906250 -0.5611372
0.1937500 -0.3856645
0.1968750 -0.1912417
0.2000000 0.0039869
0.2031250 0.1794128
0.2062500 0.3705688
0.2093750 0.5595810
0.2125000 0.7113954
0.2156250 0.8365641
0.2187500 0.9315886
0.2218750 0.9780527
0.2250000 1.0083671
0.2281250 0.9782732
0.2312500 0.9334457
0.2343750 0.8320333
0.2375000 0.6994954
0.2406250 0.5562649
0.2437500 0.3852138
0.2468750 0.2081216
0.2500000 0.0004109
0.2531250 -0.2119571
0.2562500 -0.3979072
0.2593750 -0.5582993
0.2625000 -0.6850483
0.2656250 -0.8338134
0.2687500 -0.9297287
0.2718750 -0.9737843
0.2750000 -1.0008557
0.2781250 -0.9952441
0.2812500 -0.9276096
0.2843750 -0.8276939
0.2875000 -0.6984622
0.2906250 -0.5485033
0.2937500 -0.3964260
0.2968750 -0.2010972
0.3000000 -0.0174237
0.3031250 0.1916146
0.3062500 0.3916958
0.3093750 0.5551158
