0.0000000 -0.5958453
0.0031250 0.5268269
0.0062500 -0.6257244
0.0093750 -1.5429844
0.0125000 1.3483886
0.0156250 -2.0114000
0.0187500 1.5793794
0.0218750 1.9790088
0.0250000 0.3615614
0.0281250 3.4651000
0.0312500 -0.8082345
0.0343750 -2.3066986
0.0375000 -1.7969369
0.0406250 -0.3884623
0.0437500 0.8862164
0.0468750 1.8063533
0.0500000 2.7945747
0.0531250 -0.1679137
0.0562500 0.1528504
0.0593750 -1.9734910
0.0625000 0.8457122
0.0656250 -2.2527120
0.0687500 -2.0748920
0.0718750 1.0748465
0.0750000 -2.3993447
0.0781250 -1.1121714
0.0812500 0.7449653
0.0843750 -1.3272943
0.0875000 -0.3087349
0.0906250 0.6935579
0.0937500 -0.6339035
0.0968750 -2.4881027
0.1000000 -0.4429026
0.1031250 -0.0059373
0.1062500 -0.4815019
0.1093750 1.8751805
0.1125000 2.5577116
0.1156250 0.0634477
0.1187500 0.7076562
0.1218750 1.8668187
0.1250000 2.1072299
0.1281250 -0.9317628
0.1312500 -0.0260123
0.1343750 -0.6306111
0.1375000 0.7318256
0.1406250 -0.3209577
0.1437500 -0.4505589
0.1468750 0.7246444
0.1500000 0.2317825
0.1531250 -0.7644163
0.1562500 0.6680314
0.1593750 1.0273924
0.1625000 0.6356887
0.1656250 0.1400784
0.1687500 -1.2430139
0.1718750 -1.0750382
0.1750000 -0.8405616
0.1781250 -1.9353693
0.1812500 -0.6590176
0.1843750 -2.1445382
0.1875000 -2.5997889
0.1906250 -0.7815300
0.1937500 -2.6869555
0.1968750 -2.3611498
0.2000000 -1.7185929
0.2031250 -0.9704578
0.2062500 0.5836704
0.2093750 -1.4140131
0.2125000 1.1063570
0.2156250 1.7185012
0.2187500 1.3942089
0.2218750 -2.6565154
0.2250000 2.9844625
0.2281250 2.4271641
0.2312500 0.0520411
0.2343750 2.0127702
0.2375000 -0.1200849
0.2406250 -1.4331647
0.2437500 0.0832535
0.2468750 2.5353534
0.2500000 0.1854003
0.2531250 -0.4888557
0.2562500 -1.1397877
0.2593750 -2.9680476
0.2625000 0.4418778
0.2656250 -0.0916816
0.2687500 0.0253382
0.2718750 -1.8560914
0.2750000 -2.1351583
0.2781250 -2.7037890
0.2812500 3.2327392
0.2843750 2.0115776
0.2875000 -4.2705650
0.2906250 -0.1082515
0.2937500 1.5157475
0.2968750 -1.0983318
0.3000000 0.8161297
0.3031250 1.3416073
0.3062500 0.2174018
0.3093750 1.3144746
