0 0 0.105299
0.2 0 17.249
0.4 0 8.35607
0.6 0 21.1468
0.8 0 3.7578
1 0 249775
1.2 0 9.83026
1.4 0 2.27986
1.6 0 1.85681
1.8 0 5.56496
2 0 19.4146
2.2 0 13.9696
2.4 0 3.44364
2.6 0 3.63857
2.8 0 10.1292
3 0 17.6992
3.2 0 1.84994
3.4 0 10.8044
3.6 0 8.87855
3.8 0 7.90419
4 0 0.820715
4.2 0 2.81865
4.4 0 8.60732
4.6 0 11.6395
4.8 0 3.01045
5 0 12.5034
5.2 0 6.86895
5.4 0 4.53798
5.6 0 8.01891
5.8 0 1.08959
6 0 0.180954
6.2 0 7.7202
6.4 0 0.454504
6.6 0 20.1452
6.8 0 5.33252
7 0 6.26101
7.2 0 4.38901
7.4 0 1.18818
7.6 0 11.328
7.8 0 21.6029
8 0 0.23183
8.2 0 22.3502
8.4 0 7.07677
8.6 0 2.20364
8.8 0 6.72963
9 0 8.68084
9.2 0 1.24564
9.4 0 1.35849
9.6 0 20.7129
9.8 0 11.7318
10 0 11.904
10.2 0 67.6769
10.4 0 13.1509
10.6 0 12.4774
10.8 0 2.72938
11 0 17.5218
11.2 0 42.0887
11.4 0 2.02361
11.6 0 7.78749
11.8 0 15.558
12 0 3.59404
12.2 0 2.12144
12.4 0 25.6473
12.6 0 0.728943
12.8 0 0.71421
13 0 13.0915
13.2 0 21.121
13.4 0 11.4505
13.6 0 8.07306
13.8 0 3.79746
14 0 1.27961
14.2 0 2.18929
14.4 0 4.28625
14.6 0 1.90026
14.8 0 1.43598
15 0 15.4257
15.2 0 2.67718
15.4 0 8.99425
15.6 0 4.43374
15.8 0 0.177423
16 0 4.99695
16.2 0 4.16221
16.4 0 63.7264
16.6 0 16.5697
16.8 0 13.6832
17 0 4.78281
17.2 0 10.3479
17.4 0 5.92115
17.6 0 20.5457
17.8 0 26.7815
18 0 4.22611
18.2 0 17.3574
18.4 0 24.8433
18.6 0 2.2606
18.8 0 5.36183
19 0 18.0368
19.2 0 28.2218
19.4 0 7.74474
19.6 0 13.3939
19.8 0 13.5499
20 0 9.13221
20.2 0 3.683
20.4 0 1.78964
20.6 0 11.2022
20.8 0 7.86521
21 0 13.4773
21.2 0 5.1703
21.4 0 19.9413
21.6 0 1.64264
21.8 0 1.93744
22 0 5.64179
22.2 0 0.00995467
22.4 0 10.1809
22.6 0 20.5859
22.8 0 7.78289
23 0 0.561699
23.2 0 27.7031
23.4 0 11.2908
23.6 0 39.0479
23.8 0 5.67405
24 0 17.0895
24.2 0 0.618291
24.4 0 1.03099
24.6 0 4.71583
24.8 0 1.49345
25 0 8.07434
25.2 0 1.72692
25.4 0 14.003
25.6 0 6.03867
25.8 0 0.844733
26 0 1.45572
26.2 0 0.40313
26.4 0 9.74321
26.6 0 4.29931
26.8 0 3.41569
27 0 13.9305
27.2 0 1.82266
27.4 0 7.19071
27.6 0 23.5853
27.8 0 9.00522
28 0 6.1559
28.2 0 14.4313
28.4 0 4.10274
28.6 0 1.88807
28.8 0 2.7718
29 0 3.89885
29.2 0 8.47524
29.4 0 0.523888
29.6 0 9.18194
29.8 0 23.8761
30 0 18.5822
30.2 0 0.393539
30.4 0 18.2416
30.6 0 15.0703
30.8 0 12.0798
31 0 10.8773
31.2 0 15.9038
31.4 0 5.32654
31.6 0 0.658367
31.8 0 2.53867
32 0 4.90933
32.2 0 0.045599
32.4 0 0.473432
32.6 0 13.0925
32.8 0 2.59685
33 0 5.05933
33.2 0 10.9522
33.4 0 24.5483
33.6 0 8.33044
33.8 0 5.5109
34 0 1.76985
34.2 0 13.7049
34.4 0 19.5641
34.6 0 11.119
34.8 0 14.3017
35 0 17.7357
35.2 0 26.8503
35.4 0 2.06553
35.6 0 0.356174
35.8 0 8.33181
36 0 31.6753
36.2 0 34.2398
36.4 0 6.84714
36.6 0 20.4813
36.8 0 3.23117
37 0 5.8793
37.2 0 7.17973
37.4 0 24.4945
37.6 0 8.26494
37.8 0 4.90689
38 0 0.280505
38.2 0 12.1341
38.4 0 11.7949
38.6 0 0.700299
38.8 0 17.2929
39 0 14.3546
39.2 0 21.2007
39.4 0 40.946
39.6 0 1.88367
39.8 0 6.54849
40 0 34.7262
40.2 0 2.05799
40.4 0 0.920137
40.6 0 19.6377
40.8 0 4.14092
41 0 16.6885
41.2 0 2.21302
41.4 0 11.137
41.6 0 4.88258
41.8 0 9.04853
42 0 20.9773
42.2 0 10.1112
42.4 0 8.1189
42.6 0 2.75923
42.8 0 1.82569
43 0 16.5633
43.2 0 16.2026
43.4 0 5.73487
43.6 0 0.733641
43.8 0 12.5367
44 0 2.97353
44.2 0 17.649
44.4 0 16.6162
44.6 0 0.719998
44.8 0 53.6496
45 0 16.1639
45.2 0 0.281128
45.4 0 3.23698
45.6 0 8.09443
45.8 0 6.45048
46 0 9.26364
46.2 0 2.1635
46.4 0 6.59006
46.6 0 2.87689
46.8 0 34.909
47 0 5.90862
47.2 0 4.19377
47.4 0 18.971
47.6 0 13.6253
47.8 0 11.3338
48 0 2.48708
48.2 0 0.132245
48.4 0 7.82127
48.6 0 0.92916
48.8 0 11.4445
49 0 38.3063
49.2 0 5.36697
49.4 0 7.37
49.6 0 1.42237
49.8 0 10.4991
50 0 19.7541
50.2 0 17.0344
50.4 0 2.67116
50.6 0 17.0357
50.8 0 2.84522
51 0 32.5168
51.2 0 6.8272
51.4 0 13.5862
51.6 0 1.55678
51.8 0 0.419506
52 0 31.0738
52.2 0 19.7685
52.4 0 4.02081
52.6 0 4.24571
52.8 0 26.4388
53 0 1.1333
53.2 0 22.7102
53.4 0 3.02163
53.6 0 28.3877
53.8 0 0.803598
54 0 30.7945
54.2 0 5.64321
54.4 0 5.68085
54.6 0 3.26018
54.8 0 7.15849
55 0 40.4582
55.2 0 10.3056
55.4 0 13.0836
55.6 0 8.12713
55.8 0 10.1828
56 0 10.8719
56.2 0 16.281
56.4 0 15.0143
56.6 0 11.3285
56.8 0 8.07117
57 0 0.423665
57.2 0 2.33085
57.4 0 2.47051
57.6 0 2.99144
57.8 0 4.42097
58 0 4.74063
58.2 0 7.1049
58.4 0 0.884454
58.6 0 17.602
58.8 0 12.412
59 0 3.29883
59.2 0 6.37574
59.4 0 5.71653
59.6 0 28.1666
59.8 0 4.00161
60 0 8.36448
60.2 0 12.2647
60.4 0 9.82007
60.6 0 3.55329
60.8 0 1.39564
61 0 16.4363
61.2 0 10.1241
61.4 0 1.65046
61.6 0 10.6883
61.8 0 2.69265
62 0 11.6544
62.2 0 1.51042
62.4 0 5.9984
62.6 0 14.6015
62.8 0 48.6865
63 0 2.54615
63.2 0 6.61536
63.4 0 0.438813
63.6 0 3.49557
63.8 0 9.64589
64 0 14.1457
64.2 0 3.44704
64.4 0 11.2747
64.6 0 2.19522
64.8 0 10.107
65 0 4.18466
65.2 0 8.36451
65.4 0 5.83236
65.6 0 6.47683
65.8 0 13.0508
66 0 1.60477
66.2 0 3.02373
66.4 0 11.6186
66.6 0 11.2768
66.8 0 1.89633
67 0 5.73246
67.2 0 2.03126
67.4 0 21.7574
67.6 0 3.16587
67.8 0 27.8911
68 0 2.80324
68.2 0 27.5879
68.4 0 21.1092
68.6 0 2.25448
68.8 0 4.89792
69 0 4.04243
69.2 0 4.34394
69.4 0 12.3627
69.6 0 22.5116
69.8 0 0.911592
70 0 2.33409
70.2 0 5.9735
70.4 0 16.3486
70.6 0 9.17942
70.8 0 5.5904
71 0 9.41598
71.2 0 14.4297
71.4 0 25.0663
71.6 0 1.22973
71.8 0 14.7332
72 0 14.7209
72.2 0 2.3323
72.4 0 34.8026
72.6 0 22.5675
72.8 0 18.0183
73 0 4.72929
73.2 0 2.3039
73.4 0 8.69587
73.6 0 47.034
73.8 0 49.3289
74 0 0.0364195
74.2 0 4.94452
74.4 0 19.2924
74.6 0 8.63488
74.8 0 6.10178
75 0 9.85858
75.2 0 19.8554
75.4 0 5.06318
75.6 0 27.1251
75.8 0 40.0643
76 0 8.38798
76.2 0 13.4759
76.4 0 5.94326
76.6 0 4.29953
76.8 0 16.4634
77 0 3.76008
77.2 0 3.15099
77.4 0 0.758582
77.6 0 3.8325
77.8 0 34.0918
78 0 37.3187
78.2 0 8.73629
78.4 0 10.5138
78.6 0 0.782218
78.8 0 5.16696
79 0 12.8375
79.2 0 1.06861
79.4 0 19.5328
79.6 0 25.2814
79.8 0 0.195428
80 0 12.5622
80.2 0 4.75402
80.4 0 1.29066
80.6 0 18.0192
80.8 0 3.92604
81 0 13.6941
81.2 0 5.00335
81.4 0 11.2549
81.6 0 24.9712
81.8 0 2.23623
82 0 3.54592
82.2 0 3.15246
82.4 0 12.2294
82.6 0 38.6188
82.8 0 6.93858
83 0 15.4407
83.2 0 4.49433
83.4 0 13.7018
83.6 0 8.10348
83.8 0 2.88116
84 0 1.80124
84.2 0 2.58984
84.4 0 2.15448
84.6 0 24.6257
84.8 0 7.14871
85 0 8.7975
85.2 0 0.946787
85.4 0 12.9744
85.6 0 0.165932
85.8 0 2.69891
86 0 3.69338
86.2 0 15.4385
86.4 0 7.19091
86.6 0 2.09568
86.8 0 9.22758
87 0 3.76568
87.2 0 3.23691
87.4 0 2.14776
87.6 0 19.6601
87.8 0 1.81142
88 0 17.0961
88.2 0 0.41137
88.4 0 9.56058
88.6 0 5.58688
88.8 0 1.89167
89 0 31.7837
89.2 0 54.0373
89.4 0 5.2602
89.6 0 1.36726
89.8 0 0.573612
90 0 4.30332
90.2 0 6.50755
90.4 0 12.2473
90.6 0 0.161022
90.8 0 4.44665
91 0 8.01558
91.2 0 2.76844
91.4 0 0.158442
91.6 0 6.05193
91.8 0 7.74223
92 0 1.55442
92.2 0 9.34563
92.4 0 18.5866
92.6 0 7.00829
92.8 0 8.80214
93 0 8.44733
93.2 0 0.0813518
93.4 0 21.2993
93.6 0 1.8926
93.8 0 2.56576
94 0 14.2745
94.2 0 29.4691
94.4 0 8.72672
94.6 0 1.77391
94.8 0 5.25988
95 0 0.609995
95.2 0 0.633406
95.4 0 7.06461
95.6 0 4.00357
95.8 0 8.46069
96 0 8.38287
96.2 0 16.035
96.4 0 1.94504
96.6 0 1.11903
96.8 0 0.617626
97 0 1.88869
97.2 0 8.07472
97.4 0 1.6436
97.6 0 18.558
97.8 0 22.7197
98 0 14.4364
98.2 0 17.5737
98.4 0 10.9499
98.6 0 7.93709
98.8 0 1.46885
99 0 1.62536
99.2 0 2.41665
99.4 0 8.63763
99.6 0 7.6728
99.8 0 13.9892
100 0 8.78192
100.2 0 0
100.4 0 0
100.6 0 0
100.8 0 0
101 0 0
101.2 0 0
101.4 0 0
101.6 0 0
101.8 0 0
102 0 0
102.2 0 0
102.4 0 0
102.6 0 0
102.8 0 0
103 0 0
103.2 0 0
103.4 0 0
103.6 0 0
103.8 0 0
104 0 0
104.2 0 0
104.4 0 0
104.6 0 0
104.8 0 0
105 0 0
105.2 0 0
105.4 0 0
105.6 0 0
105.8 0 0
106 0 0
106.2 0 0
106.4 0 0
106.6 0 0
106.8 0 0
107 0 0
107.2 0 0
107.4 0 0
107.6 0 0
107.8 0 0
108 0 0
108.2 0 0
108.4 0 0
108.6 0 0
108.8 0 0
109 0 0
109.2 0 0
109.4 0 0
109.6 0 0
109.8 0 0
110 0 0
110.2 0 0
110.4 0 0
110.6 0 0
110.8 0 0
111 0 0
111.2 0 0
111.4 0 0
111.6 0 0
111.8 0 0
112 0 0
112.2 0 0
112.4 0 0
112.6 0 0
112.8 0 0
113 0 0
113.2 0 0
113.4 0 0
113.6 0 0
113.8 0 0
114 0 0
114.2 0 0
114.4 0 0
114.6 0 0
114.8 0 0
115 0 0
115.2 0 0
115.4 0 0
115.6 0 0
115.8 0 0
116 0 0
116.2 0 0
116.4 0 0
116.6 0 0
116.8 0 0
117 0 0
117.2 0 0
117.4 0 0
117.6 0 0
117.8 0 0
118 0 0
118.2 0 0
118.4 0 0
118.6 0 0
118.8 0 0
119 0 0
119.2 0 0
119.4 0 0
119.6 0 0
119.8 0 0
120 0 0
120.2 0 0
120.4 0 0
120.6 0 0
120.8 0 0
121 0 0
121.2 0 0
121.4 0 0
121.6 0 0
121.8 0 0
122 0 0
122.2 0 0
122.4 0 0
122.6 0 0
122.8 0 0
123 0 0
123.2 0 0
123.4 0 0
123.6 0 0
123.8 0 0
124 0 0
124.2 0 0
124.4 0 0
124.6 0 0
124.8 0 0
125 0 0
125.2 0 0
125.4 0 0
125.6 0 0
125.8 0 0
126 0 0
126.2 0 0
126.4 0 0
126.6 0 0
126.8 0 0
127 0 0
127.2 0 0
127.4 0 0
127.6 0 0
127.8 0 0
128 0 0
128.2 0 0
128.4 0 0
128.6 0 0
128.8 0 0
129 0 0
129.2 0 0
129.4 0 0
129.6 0 0
129.8 0 0
130 0 0
130.2 0 0
130.4 0 0
130.6 0 0
130.8 0 0
131 0 0
131.2 0 0
131.4 0 0
131.6 0 0
131.8 0 0
132 0 0
132.2 0 0
132.4 0 0
132.6 0 0
132.8 0 0
133 0 0
133.2 0 0
133.4 0 0
133.6 0 0
133.8 0 0
134 0 0
134.2 0 0
134.4 0 0
134.6 0 0
134.8 0 0
135 0 0
135.2 0 0
135.4 0 0
135.6 0 0
135.8 0 0
136 0 0
136.2 0 0
136.4 0 0
136.6 0 0
136.8 0 0
137 0 0
137.2 0 0
137.4 0 0
137.6 0 0
137.8 0 0
138 0 0
138.2 0 0
138.4 0 0
138.6 0 0
138.8 0 0
139 0 0
139.2 0 0
139.4 0 0
139.6 0 0
139.8 0 0
140 0 0
140.2 0 0
140.4 0 0
140.6 0 0
140.8 0 0
141 0 0
141.2 0 0
141.4 0 0
141.6 0 0
141.8 0 0
142 0 0
142.2 0 0
142.4 0 0
142.6 0 0
142.8 0 0
143 0 0
143.2 0 0
143.4 0 0
143.6 0 0
143.8 0 0
144 0 0
144.2 0 0
144.4 0 0
144.6 0 0
144.8 0 0
145 0 0
145.2 0 0
145.4 0 0
145.6 0 0
145.8 0 0
146 0 0
146.2 0 0
146.4 0 0
146.6 0 0
146.8 0 0
147 0 0
147.2 0 0
147.4 0 0
147.6 0 0
147.8 0 0
148 0 0
148.2 0 0
148.4 0 0
148.6 0 0
148.8 0 0
149 0 0
149.2 0 0
149.4 0 0
149.6 0 0
149.8 0 0
150 0 0
150.2 0 0
150.4 0 0
150.6 0 0
150.8 0 0
151 0 0
151.2 0 0
151.4 0 0
151.6 0 0
151.8 0 0
152 0 0
152.2 0 0
152.4 0 0
152.6 0 0
152.8 0 0
153 0 0
153.2 0 0
153.4 0 0
153.6 0 0
153.8 0 0
154 0 0
154.2 0 0
154.4 0 0
154.6 0 0
154.8 0 0
155 0 0
155.2 0 0
155.4 0 0
155.6 0 0
155.8 0 0
156 0 0
156.2 0 0
156.4 0 0
156.6 0 0
156.8 0 0
157 0 0
157.2 0 0
157.4 0 0
157.6 0 0
157.8 0 0
158 0 0
158.2 0 0
158.4 0 0
158.6 0 0
158.8 0 0
159 0 0
159.2 0 0
159.4 0 0
159.6 0 0
159.8 0 0
160 0 0
160.2 0 0
160.4 0 0
160.6 0 0
160.8 0 0
161 0 0
161.2 0 0
161.4 0 0
161.6 0 0
161.8 0 0
162 0 0
162.2 0 0
162.4 0 0
162.6 0 0
162.8 0 0
163 0 0
163.2 0 0
163.4 0 0
163.6 0 0
163.8 0 0
164 0 0
164.2 0 0
164.4 0 0
164.6 0 0
164.8 0 0
165 0 0
165.2 0 0
165.4 0 0
165.6 0 0
165.8 0 0
166 0 0
166.2 0 0
166.4 0 0
166.6 0 0
166.8 0 0
167 0 0
167.2 0 0
167.4 0 0
167.6 0 0
167.8 0 0
168 0 0
168.2 0 0
168.4 0 0
168.6 0 0
168.8 0 0
169 0 0
169.2 0 0
169.4 0 0
169.6 0 0
169.8 0 0
170 0 0
170.2 0 0
170.4 0 0
170.6 0 0
170.8 0 0
171 0 0
171.2 0 0
171.4 0 0
171.6 0 0
171.8 0 0
172 0 0
172.2 0 0
172.4 0 0
172.6 0 0
172.8 0 0
173 0 0
173.2 0 0
173.4 0 0
173.6 0 0
173.8 0 0
174 0 0
174.2 0 0
174.4 0 0
174.6 0 0
174.8 0 0
175 0 0
175.2 0 0
175.4 0 0
175.6 0 0
175.8 0 0
176 0 0
176.2 0 0
176.4 0 0
176.6 0 0
176.8 0 0
177 0 0
177.2 0 0
177.4 0 0
177.6 0 0
177.8 0 0
178 0 0
178.2 0 0
178.4 0 0
178.6 0 0
178.8 0 0
179 0 0
179.2 0 0
179.4 0 0
179.6 0 0
179.8 0 0
180 0 0
180.2 0 0
180.4 0 0
180.6 0 0
180.8 0 0
181 0 0
181.2 0 0
181.4 0 0
181.6 0 0
181.8 0 0
182 0 0
182.2 0 0
182.4 0 0
182.6 0 0
182.8 0 0
183 0 0
183.2 0 0
183.4 0 0
183.6 0 0
183.8 0 0
184 0 0
184.2 0 0
184.4 0 0
184.6 0 0
184.8 0 0
185 0 0
185.2 0 0
185.4 0 0
185.6 0 0
185.8 0 0
186 0 0
186.2 0 0
186.4 0 0
186.6 0 0
186.8 0 0
187 0 0
187.2 0 0
187.4 0 0
187.6 0 0
187.8 0 0
188 0 0
188.2 0 0
188.4 0 0
188.6 0 0
188.8 0 0
189 0 0
189.2 0 0
189.4 0 0
189.6 0 0
189.8 0 0
190 0 0
190.2 0 0
190.4 0 0
190.6 0 0
190.8 0 0
191 0 0
191.2 0 0
191.4 0 0
191.6 0 0
191.8 0 0
192 0 0
192.2 0 0
192.4 0 0
192.6 0 0
192.8 0 0
193 0 0
193.2 0 0
193.4 0 0
193.6 0 0
193.8 0 0
194 0 0
194.2 0 0
194.4 0 0
194.6 0 0
194.8 0 0
195 0 0
195.2 0 0
195.4 0 0
195.6 0 0
195.8 0 0
196 0 0
196.2 0 0
196.4 0 0
196.6 0 0
196.8 0 0
197 0 0
197.2 0 0
197.4 0 0
197.6 0 0
197.8 0 0
198 0 0
198.2 0 0
198.4 0 0
198.6 0 0
198.8 0 0
199 0 0
199.2 0 0
199.4 0 0
199.6 0 0
199.8 0 0
