0.0000000 -0.1997687
0.0050000 -0.0509452
0.0100000 0.0518158
0.0150000 0.0680386
0.0200000 0.3777374
0.0250000 -0.1253970
0.0300000 0.3227189
0.0350000 0.0573044
0.0400000 0.6638210
0.0450000 0.0119065
0.0500000 0.3959743
0.0550000 0.6182686
0.0600000 0.4042332
0.0650000 0.1481080
0.0700000 0.5333641
0.0750000 0.9312776
0.0800000 0.4349984
0.0850000 0.7421973
0.0900000 1.0019228
0.0950000 0.4353068
0.1000000 0.3589479
0.1050000 0.9194108
0.1100000 0.3089395
0.1150000 0.8569497
0.1200000 0.9986867
0.1250000 0.4354082
0.1300000 0.5799055
0.1350000 1.1382598
0.1400000 0.9299264
0.1450000 0.4087740
0.1500000 0.9407990
0.1550000 1.2828374
0.1600000 0.8031521
0.1650000 0.6941094
0.1700000 0.9367508
0.1750000 1.3470342
0.1800000 0.9033980
0.1850000 0.9784943
0.1900000 0.5198267
0.1950000 1.1354198
0.2000000 1.2843808
0.2050000 0.5555923
0.2100000 0.9349296
0.2150000 0.9169921
0.2200000 0.9991425
0.2250000 1.1859796
0.2300000 1.0361452
0.2350000 1.0354483
0.2400000 1.1268026
0.2450000 1.1126851
0.2500000 0.8788013
0.2550000 1.1285028
0.2600000 1.0780133
0.2650000 1.1474514
0.2700000 0.5893298
0.2750000 1.1366684
0.2800000 0.5910323
0.2850000 0.7472532
0.2900000 0.8135160
0.2950000 1.0172312
0.3000000 0.7699567
0.3050000 1.1704097
0.3100000 0.9621041
0.3150000 0.7291937
0.3200000 0.8277503
0.3250000 0.6881051
0.3300000 1.0802263
0.3350000 0.9335971
0.3400000 0.6330278
0.3450000 0.7210393
0.3500000 1.2295249
0.3550000 1.0797291
0.3600000 0.7849243
0.3650000 0.8804011
0.3700000 1.0836860
0.3750000 0.9142737
0.3800000 0.6135764
0.3850000 0.2761809
0.3900000 0.8684800
0.3950000 0.5087495
0.4000000 0.6072242
0.4050000 0.4330570
0.4100000 0.5178140
0.4150000 0.2886219
0.4200000 0.4976249
0.4250000 0.7615436
0.4300000 0.6397265
0.4350000 0.3851689
0.4400000 0.6194458
0.4450000 0.3454942
0.4500000 -0.0027739
0.4550000 0.2180451
0.4600000 0.2526701
0.4650000 0.2136729
0.4700000 0.0480708
0.4750000 0.0703062
0.4800000 0.0419881
0.4850000 0.0224526
0.4900000 -0.0824897
0.4950000 0.2901180
0.5000000 -0.0006331
0.5050000 -0.0045070
0.5100000 0.1024596
0.5150000 0.0466682
0.5200000 -0.1630453
0.5250000 -0.5039314
0.5300000 -0.0087862
0.5350000 -0.4559850
0.5400000 -0.0166260
0.5450000 -0.2212357
0.5500000 -0.1760225
0.5550000 -0.3387394
0.5600000 -0.2687686
0.5650000 -0.5858393
0.5700000 -0.3308701
0.5750000 -0.1253803
0.5800000 -0.9533986
0.5850000 -0.4897869
0.5900000 -0.6395114
0.5950000 -0.5262384
0.6000000 -0.2380708
0.6050000 -0.6083466
0.6100000 -0.4660416
0.6150000 -0.5956287
0.6200000 -0.9737229
0.6250000 -0.4804268
0.6300000 -0.5716999
0.6350000 -0.8580457
0.6400000 -0.5363857
0.6450000 -0.4612615
0.6500000 -0.8509104
0.6550000 -0.7615447
0.6600000 -0.9493543
0.6650000 -0.8958538
0.6700000 -1.1289887
0.6750000 -0.7046332
0.6800000 -0.5519631
0.6850000 -1.2620391
0.6900000 -0.7183970
0.6950000 -0.8791993
0.7000000 -0.9387700
0.7050000 -1.1717957
0.7100000 -0.8042938
0.7150000 -1.1846336
0.7200000 -1.1206974
0.7250000 -1.0320455
0.7300000 -0.6746768
0.7350000 -1.3120364
0.7400000 -0.4460602
0.7450000 -0.7908540
0.7500000 -0.9915357
0.7550000 -1.1485668
0.7600000 -0.7164459
0.7650000 -1.1321295
0.7700000 -1.2246970
0.7750000 -1.1029474
0.7800000 -1.2280630
0.7850000 -1.0484630
0.7900000 -0.9769217
0.7950000 -1.1279258
0.8000000 -0.5078104
0.8050000 -0.9951996
0.8100000 -1.3691491
0.8150000 -0.9712546
0.8200000 -0.7508067
0.8250000 -1.0178005
0.8300000 -0.5819108
0.8350000 -0.7459991
0.8400000 -0.8055460
0.8450000 -0.8061026
0.8500000 -0.8363538
0.8550000 -0.7490652
0.8600000 -0.8867936
0.8650000 -0.9719269
0.8700000 -1.0679789
0.8750000 -0.9082475
0.8800000 -0.5932589
0.8850000 -0.7246773
0.8900000 -0.9659969
0.8950000 -0.6828927
0.9000000 -0.4965351
0.9050000 -0.3998117
0.9100000 -0.8490238
0.9150000 -0.3888806
0.9200000 -0.4842484
0.9250000 -0.7236522
0.9300000 -0.1533383
0.9350000 -0.3505282
0.9400000 -0.4255135
0.9450000 -0.6213307
0.9500000 0.0385100
0.9550000 -0.3123106
0.9600000 -0.3324092
0.9650000 -0.2549843
0.9700000 0.0199958
0.9750000 -0.1643673
0.9800000 -0.0499469
0.9850000 -0.2816302
0.9900000 -0.0236154
0.9950000 -0.0399034
1.0000000 -0.1094565
1.0050000 0.1220445
1.0100000 -0.0191221
1.0150000 0.0617156
1.0200000 0.0399747
1.0250000 -0.0169625
1.0300000 0.0205096
1.0350000 0.1414790
1.0400000 0.1950840
1.0450000 0.3288596
1.0500000 0.2430360
1.0549999 0.3005405
1.0599999 0.4013873
1.0650001 0.3285073
1.0700001 0.6189382
1.0750000 0.1739089
1.0800000 0.3423170
1.0850000 0.4561577
1.0900000 0.2399305
1.0950000 0.4225433
1.1000000 0.5476646
1.1050000 0.8361984
1.1100000 0.6520857
1.1150000 0.7594433
1.1200000 0.7666558
1.1250000 0.3866898
1.1300000 0.0888528
1.1350000 0.8015519
1.1400000 0.2841774
1.1450000 0.5627597
1.1500000 0.6889470
1.1550000 0.6230768
1.1600000 0.9410180
1.1650000 0.6706152
1.1700000 1.1225092
1.1750000 1.0110536
1.1799999 0.6840203
1.1849999 1.0990794
1.1900001 0.9656625
1.1950001 1.2264004
1.2000000 1.1128181
1.2050000 1.0534420
1.2100000 0.8796787
1.2150000 0.9801837
1.2200000 0.8815176
1.2250000 0.9755110
1.2300000 1.2335420
1.2350000 0.9415539
1.2400000 0.6993467
1.2450000 0.9154240
1.2500000 1.2096297
1.2550000 0.9409321
1.2600000 1.1008953
1.2650000 1.2184105
1.2700000 1.0278908
1.2750000 1.1300951
1.2800000 0.9843540
1.2850000 0.7631733
1.2900000 1.0892590
1.2950000 0.8817738
1.3000000 0.7921187
1.3049999 0.8290226
1.3099999 1.2854720
1.3150001 0.9682407
1.3200001 1.2921857
1.3250000 0.6812922
1.3300000 0.9280460
1.3350000 1.1109238
1.3400000 1.0004388
1.3450000 0.7821857
1.3500000 0.7383189
1.3550000 0.8618054
1.3600000 0.6516467
1.3650000 0.7492294
1.3700000 0.7909584
1.3750000 0.5024846
1.3800000 0.5618772
1.3850000 0.6261764
1.3900000 0.7532279
1.3950000 0.4834783
1.4000000 0.7045632
1.4050000 0.6986884
1.4100000 0.8802977
1.4150000 0.5681974
1.4200000 0.4544917
1.4250000 0.4449936
1.4299999 0.2787540
1.4349999 0.3413867
1.4400001 0.7301011
1.4450001 0.2992252
1.4500000 0.3985671
1.4550000 0.3225931
1.4600000 0.2485674
1.4650000 -0.0644317
1.4700000 -0.2493651
1.4750000 0.1937537
1.4800000 0.1926501
1.4850000 0.6482047
1.4900000 0.0207881
1.4950000 0.0865987
1.5000000 -0.2820834
1.5050000 -0.0623175
1.5100000 -0.1440198
1.5150000 -0.2154183
1.5200000 0.0613595
1.5250000 0.0578616
1.5300000 -0.5071149
1.5350000 -0.1899736
1.5400000 -0.0084162
1.5450000 -0.2314663
1.5500000 -0.2890278
1.5549999 -0.4638498
1.5599999 -0.3084664
1.5650001 -0.1714515
1.5700001 -0.2901534
1.5750000 -0.3988488
1.5800000 -0.3180665
1.5850000 -0.4597666
1.5900000 -0.3386635
1.5950000 -0.4734699
1.6000000 -0.5850946
1.6050000 -0.5335824
1.6100000 -0.5704123
1.6150000 -0.4849324
1.6200000 -0.2616392
1.6250000 -0.4488927
1.6300000 -0.8643827
1.6350000 -0.8299074
1.6400000 -0.8137949
1.6450000 -0.5447295
1.6500000 -1.0942287
1.6550000 -0.5024708
1.6600000 -0.8303802
1.6650000 -0.8898463
1.6700000 -0.9176154
1.6750000 -0.9311373
1.6799999 -1.2867875
1.6849999 -0.7510375
1.6900001 -0.7136386
1.6950001 -0.7366686
1.7000000 -1.3364224
1.7050000 -1.2723451
1.7100000 -0.6222628
1.7150000 -0.8690866
1.7200000 -1.2444315
1.7250000 -1.0574082
1.7300000 -1.0546952
1.7350000 -1.0403750
1.7400000 -1.0211952
1.7450000 -0.6925473
1.7500000 -0.9803519
1.7550000 -1.2764832
1.7600000 -0.8095117
1.7650000 -1.2678761
1.7700000 -0.9061238
1.7750000 -0.8894252
1.7800000 -0.9949216
1.7850000 -1.0108917
1.7900000 -1.0567403
1.7950000 -0.9924036
1.8000000 -1.0373391
1.8049999 -0.8708265
1.8099999 -1.0090338
1.8150001 -0.7580072
1.8200001 -1.0527304
1.8250000 -0.8183362
1.8300000 -0.8605161
1.8350000 -0.8527496
1.8400000 -0.8331817
1.8450000 -0.7901611
1.8500000 -0.8691542
1.8550000 -0.9019318
1.8600000 -0.5480431
1.8650000 -0.7258369
1.8700000 -0.3184868
1.8750000 -0.8690472
1.8800000 -0.4465943
1.8850000 -0.7240550
1.8900000 -0.4167934
1.8950000 -0.6106130
1.9000000 -0.3098272
1.9050000 -0.6387017
1.9100000 -0.4697782
1.9150000 -0.7188929
1.9200000 -0.3714561
1.9250000 -0.5166520
1.9299999 -0.3213148
1.9349999 -0.1296137
1.9400001 -0.4504791
1.9450001 -0.3801684
1.9500000 -0.1532310
1.9550000 -0.4162678
1.9600000 -0.4408209
1.9650000 -0.3048211
1.9700000 -0.0702701
1.9750000 -0.4414622
1.9800000 -0.2507097
1.9850000 0.0732295
1.9900000 0.2501762
1.9950000 0.3158352
2.0000000 -0.0291080
2.0050001 -0.2412524
2.0100000 -0.0823827
2.0150001 0.1334938
2.0200000 0.0580082
2.0250001 0.0310220
2.0300000 0.4827735
2.0350001 0.0052594
2.0400000 0.5507593
2.0450001 0.3182080
2.0500000 0.1213382
2.0550001 0.5073702
2.0599999 0.6067349
2.0650001 0.5340500
2.0699999 0.4764749
2.0750000 -0.0299371
2.0799999 0.3362134
2.0850000 0.3533612
2.0899999 0.9605834
2.0950000 0.1441754
2.0999999 0.8234896
2.1050000 0.5398434
2.1099999 0.5469437
2.1150000 0.5672637
2.1199999 0.8815187
2.1250000 0.7098813
2.1300001 0.7275519
2.1350000 0.6387401
2.1400001 0.8292009
2.1450000 1.0098022
2.1500001 1.1276633
2.1550000 0.6087652
2.1600001 0.9733794
2.1650000 1.1209499
2.1700001 1.2560185
2.1750000 0.9687897
2.1800001 0.6718264
2.1849999 0.9072605
2.1900001 0.8062382
2.1949999 1.0802948
2.2000000 1.3212219
2.2049999 0.7595881
2.2100000 1.1681960
2.2149999 0.9928224
2.2200000 1.3124541
2.2249999 1.1797608
2.2300000 1.5728688
2.2349999 0.9416822
2.2400000 1.1023344
2.2449999 1.0022973
2.2500000 1.0442810
2.2550001 1.3539417
2.2600000 1.0303138
2.2650001 1.4696695
2.2700000 0.8790193
2.2750001 1.5112903
2.2800000 0.9016984
2.2850001 0.9140775
2.2900000 0.9016426
2.2950001 0.6979628
2.3000000 1.0812149
2.3050001 1.0900922
2.3099999 1.0266838
2.3150001 0.9639341
2.3199999 1.0273284
2.3250000 0.7841322
2.3299999 1.1830391
2.3350000 1.0285897
2.3399999 0.6076902
2.3450000 0.8618392
2.3499999 0.6809039
2.3550000 0.5275684
2.3599999 0.8530619
2.3650000 0.7918565
2.3699999 0.8049062
2.3750000 0.5423084
2.3800001 0.7553745
2.3850000 0.7849989
2.3900001 0.8343446
2.3950000 0.6125928
2.4000001 0.5450521
2.4050000 0.3582364
2.4100001 0.7229262
2.4150000 0.5327100
2.4200001 0.5968726
2.4250000 0.4761123
2.4300001 0.0963446
2.4349999 0.1138930
2.4400001 0.1846721
2.4449999 0.1880348
2.4500000 0.4748559
2.4549999 0.2821875
2.4600000 0.4660850
2.4649999 -0.0718275
2.4700000 0.3148791
2.4749999 0.0214059
2.4800000 0.1470549
2.4849999 -0.1363278
2.4900000 -0.0437139
2.4949999 -0.3613343
2.5000000 -0.1165455
2.5050001 -0.0639164
2.5100000 0.0116166
2.5150001 -0.0015846
2.5200000 -0.1955580
2.5250001 -0.4867715
2.5300000 -0.1457076
2.5350001 -0.4030603
2.5400000 -0.2006047
2.5450001 -0.2898305
2.5500000 -0.2103153
2.5550001 -0.3139563
2.5599999 -0.3200393
2.5650001 -0.2569714
2.5699999 -0.5274833
2.5750000 -0.4381947
2.5799999 -0.4372464
2.5850000 -0.6106889
2.5899999 -0.7238306
2.5950000 -0.5238025
2.5999999 -0.3819080
2.6050000 -0.6689680
2.6099999 -0.7917860
2.6150000 -0.4891550
2.6199999 -0.7164477
2.6250000 -0.5421116
2.6300001 -0.5791760
2.6350000 -0.7269516
2.6400001 -0.7430108
2.6450000 -0.6762350
2.6500001 -0.7002658
2.6550000 -0.6727080
2.6600001 -0.9778321
2.6650000 -0.7628822
2.6700001 -1.0934658
2.6750000 -1.0788257
2.6800001 -0.6653029
2.6849999 -0.7974420
2.6900001 -0.9672105
2.6949999 -1.3469504
2.7000000 -0.7109165
2.7049999 -0.8536335
2.7100000 -1.0289299
2.7149999 -0.9132022
2.7200000 -1.0981325
2.7249999 -0.7746583
2.7300000 -0.7182125
2.7349999 -1.1526959
2.7400000 -1.2770486
2.7449999 -1.1668223
2.7500000 -1.0648307
2.7550001 -1.3408962
2.7600000 -0.7408776
2.7650001 -1.1646540
2.7700000 -0.9144367
2.7750001 -0.3962531
2.7800000 -0.6697237
2.7850001 -1.1275434
2.7900000 -0.8057753
2.7950001 -1.0168034
2.8000000 -0.9120303
2.8050001 -1.3438843
2.8099999 -1.1513828
2.8150001 -0.8153665
2.8199999 -0.8376278
2.8250000 -0.9371380
2.8299999 -0.8133045
2.8350000 -0.7691005
2.8399999 -0.7161156
2.8450000 -0.8914204
2.8499999 -0.7470908
2.8550000 -0.8833538
2.8599999 -0.8782821
2.8650000 -0.6452360
2.8699999 -1.0897961
2.8750000 -0.2948681
2.8800001 -0.7235990
2.8850000 -0.4752149
2.8900001 -0.2556091
2.8950000 -0.4463840
2.9000001 -0.7448452
2.9050000 -0.7244170
2.9100001 -0.4319009
2.9150000 0.0541608
2.9200001 -0.4006731
2.9250000 -0.5408166
2.9300001 -0.5396869
2.9349999 -0.7372656
2.9400001 -0.6615900
2.9449999 -0.2194165
2.9500000 -0.8734555
2.9549999 -0.0071055
2.9600000 -0.2044703
2.9649999 -0.4401833
2.9700000 0.0262875
2.9749999 -0.0643393
2.9800000 -0.0186420
2.9849999 -0.2951233
2.9900000 0.1860074
2.9949999 -0.0287839
3.0000000 0.1086609
3.0050001 0.1049672
3.0100000 0.0352588
3.0150001 -0.1241635
3.0200000 -0.1886616
3.0250001 0.3259851
3.0300000 -0.0349426
3.0350001 0.2504949
3.0400000 0.5153406
3.0450001 0.2079772
3.0500000 0.0131852
3.0550001 0.4552079
3.0599999 0.5252056
3.0650001 0.3381544
3.0699999 0.5205046
3.0750000 0.4327921
3.0799999 0.0578611
3.0850000 0.3959925
3.0899999 0.3671339
3.0950000 0.4793666
3.0999999 0.2429233
3.1050000 0.8239402
3.1099999 0.7273647
3.1150000 0.4496980
3.1199999 0.3695009
3.1250000 0.5897111
3.1300001 0.7309591
3.1350000 0.5262113
3.1400001 0.2711993
3.1450000 0.9687635
3.1500001 0.7189678
3.1550000 0.8341916
3.1600001 0.7130271
3.1650000 1.0743939
3.1700001 0.8292627
3.1750000 1.1485412
3.1800001 1.0738662
3.1849999 0.7890276
3.1900001 0.7132760
3.1949999 1.0234485
3.2000000 1.1189178
3.2049999 1.1827866
3.2100000 0.6706661
3.2149999 0.9446891
3.2200000 0.8040226
3.2249999 0.9846385
3.2300000 0.8890877
3.2349999 0.8289383
3.2400000 1.0881262
3.2449999 0.9475976
3.2500000 1.2128160
3.2550001 1.0170950
3.2600000 1.0657886
3.2650001 0.9505652
3.2700000 1.0111747
3.2750001 0.8411475
3.2800000 1.0450953
3.2850001 0.7725800
3.2900000 0.7438442
3.2950001 1.2106891
3.3000000 1.0299928
3.3050001 0.9810148
3.3099999 1.1480192
3.3150001 0.8357507
3.3199999 0.8308372
3.3250000 0.5967528
3.3299999 0.7757765
3.3350000 0.9705069
3.3399999 0.5117152
3.3450000 0.7054926
3.3499999 0.6183907
3.3550000 0.7242710
3.3599999 0.8392900
3.3650000 0.8449168
3.3699999 0.4264530
3.3750000 0.8820493
3.3800001 0.9083827
3.3850000 0.5440627
3.3900001 0.7627729
3.3950000 0.7095833
3.4000001 1.0414311
3.4050000 0.5653622
3.4100001 0.5156884
3.4150000 0.5936837
3.4200001 0.7288990
3.4250000 0.2124550
3.4300001 0.3808290
3.4349999 0.8030166
3.4400001 0.2143862
3.4449999 0.3824174
3.4500000 0.3663490
3.4549999 -0.0044731
3.4600000 0.1622665
3.4649999 0.6393330
3.4700000 0.7039966
3.4749999 0.0536697
3.4800000 0.2037959
3.4849999 -0.2471547
3.4900000 -0.2956294
3.4949999 0.1758447
3.5000000 0.1686980
3.5050001 0.0659348
3.5100000 0.2990522
3.5150001 -0.1168540
3.5200000 -0.3828738
3.5250001 -0.0890157
3.5300000 -0.4115975
3.5350001 -0.0027419
3.5400000 -0.3538040
3.5450001 -0.5094318
3.5500000 -0.4114155
3.5550001 -0.3917291
3.5599999 -0.1449723
3.5650001 -0.2002914
3.5699999 -0.5714646
3.5750000 -0.3416582
3.5799999 -0.4942400
3.5850000 -0.4267024
3.5899999 -0.3345794
3.5950000 -0.4094228
3.5999999 -0.4081497
3.6050000 -0.5776830
3.6099999 -0.6873934
3.6150000 -0.9037812
3.6199999 -0.3464464
3.6250000 -0.7552124
3.6300001 -1.0430684
3.6350000 -0.8954673
3.6400001 -0.4585247
3.6450000 -0.2629492
3.6500001 -0.7528009
3.6550000 -1.2185711
3.6600001 -0.7995168
3.6650000 -0.7783635
3.6700001 -0.6513702
3.6750000 -1.1714916
3.6800001 -0.9233398
3.6849999 -1.1462330
3.6900001 -0.5880452
3.6949999 -0.8805053
3.7000000 -1.2100936
3.7049999 -0.7503961
3.7100000 -0.7047361
3.7149999 -0.9408348
3.7200000 -0.6779871
3.7249999 -0.8624349
3.7300000 -0.8961438
3.7349999 -0.9148594
3.7400000 -0.4467514
3.7449999 -0.9401029
3.7500000 -1.0041292
3.7550001 -1.3738064
3.7600000 -1.3584940
3.7650001 -1.3129274
3.7700000 -0.8473231
3.7750001 -0.9877944
3.7800000 -0.8808261
3.7850001 -0.9322510
3.7900000 -1.0430108
3.7950001 -0.9845191
3.8000000 -0.8373944
3.8050001 -0.6886861
3.8099999 -0.9020427
3.8150001 -0.8354227
3.8199999 -0.7720657
3.8250000 -0.9449946
3.8299999 -0.7159032
3.8350000 -1.0592314
3.8399999 -0.5718979
3.8450000 -0.7126153
3.8499999 -0.7575972
3.8550000 -0.7111135
3.8599999 -0.8261931
3.8650000 -0.8842784
3.8699999 -0.9276514
3.8750000 -1.1674913
3.8800001 -0.6447276
3.8850000 -0.7107565
3.8900001 -0.8856067
3.8950000 -0.5246682
3.9000001 -0.5887225
3.9050000 -0.6988319
3.9100001 -0.3782115
3.9150000 -0.5125275
3.9200001 -0.5582040
3.9250000 -0.9271829
3.9300001 -0.4875992
3.9349999 -0.6175323
3.9400001 -0.0622594
3.9449999 -0.1793485
3.9500000 -0.2235448
3.9549999 -0.2348934
3.9600000 -0.2655460
3.9649999 -0.3930613
3.9700000 -0.3378450
3.9749999 -0.3263174
3.9800000 0.0650705
3.9849999 -0.2933129
3.9900000 -0.2628395
3.9949999 -0.1629669
4.0000000 -0.4231600
4.0050001 -0.0859696
4.0100002 -0.1939631
4.0149999 -0.0530896
4.0200000 -0.0587670
4.0250001 0.1968193
4.0300002 0.2426399
4.0349998 0.2475165
4.0400000 0.3510633
4.0450001 0.7419448
4.0500002 0.3088656
4.0549998 0.6256846
4.0599999 0.4146506
4.0650001 0.4466894
4.0700002 0.4696408
4.0749998 0.7033764
4.0799999 0.3410659
4.0850000 0.6790523
4.0900002 0.5131627
4.0949998 0.6380680
4.0999999 0.7182857
4.1050000 0.5760108
4.1100001 1.0091761
4.1149998 0.8583348
4.1199999 0.6837937
4.1250000 0.5120897
4.1300001 0.8417904
4.1350002 0.9002008
4.1399999 0.7916415
4.1450000 0.9650537
4.1500001 0.7081102
4.1550002 0.4398977
4.1599998 0.7257201
4.1650000 0.8047920
4.1700001 1.0587628
4.1750002 0.9488235
4.1799998 0.6657684
4.1849999 0.9745783
4.1900001 1.0741924
4.1950002 1.0921252
4.1999998 0.9506798
4.2049999 0.8819234
4.2100000 1.3072289
4.2150002 0.9475982
4.2199998 0.8197558
4.2249999 1.1339092
4.2300000 1.2241437
4.2350001 1.1351930
4.2399998 0.8979391
4.2449999 0.5797690
4.2500000 1.0930808
4.2550001 0.9104402
4.2600002 0.8525331
4.2649999 0.8876138
4.2700000 0.9940652
4.2750001 1.0568177
4.2800002 1.1944988
4.2849998 1.3017719
4.2900000 0.9349726
4.2950001 0.9948400
4.3000002 0.8438884
4.3049998 1.0953964
4.3099999 1.0637561
4.3150001 0.9405320
4.3200002 0.9375107
4.3249998 1.0565943
4.3299999 0.7030817
4.3350000 0.8557832
4.3400002 0.7123212
4.3449998 0.5515757
4.3499999 0.8857239
4.3550000 0.6660680
4.3600001 0.9530292
4.3649998 0.7130770
4.3699999 0.7407817
4.3750000 0.8850228
4.3800001 0.3775184
4.3850002 0.9175847
4.3899999 0.4784853
4.3950000 0.4763329
4.4000001 0.6419054
4.4050002 0.5950179
4.4099998 0.5838022
4.4150000 0.6586155
4.4200001 0.4411699
4.4250002 0.4237906
4.4299998 0.8470641
4.4349999 0.1008881
4.4400001 0.2991662
4.4450002 0.2449835
4.4499998 0.0623684
4.4549999 0.2470985
4.4600000 0.1875365
4.4650002 0.2332232
4.4699998 -0.1303515
4.4749999 0.3188999
4.4800000 0.0551461
4.4850001 0.1810764
4.4899998 0.0812030
4.4949999 0.2111623
4.5000000 -0.0482133
4.5050001 -0.1607518
4.5100002 0.0040906
4.5149999 0.0990734
4.5200000 0.2175235
4.5250001 -0.1430844
4.5300002 -0.1736218
4.5349998 -0.1564260
4.5400000 -0.1018546
4.5450001 -0.5751540
4.5500002 -0.5052503
4.5549998 -0.5580608
4.5599999 -0.3432555
4.5650001 -0.5511974
4.5700002 -0.7784289
4.5749998 -0.4210694
4.5799999 -0.4700255
4.5850000 -0.2846508
4.5900002 -0.2747972
4.5949998 -0.4652122
4.5999999 -0.1733164
4.6050000 -0.7971772
4.6100001 -0.3802990
4.6149998 -0.7862653
4.6199999 -0.6653497
4.6250000 -0.8889244
4.6300001 -0.8390467
4.6350002 -0.7995497
4.6399999 -0.7214187
4.6450000 -0.6106159
4.6500001 -0.8964588
4.6550002 -0.7574006
4.6599998 -0.6443099
4.6650000 -0.7039249
4.6700001 -0.5922924
4.6750002 -1.0237557
4.6799998 -1.0095425
4.6849999 -1.1468953
4.6900001 -0.8625869
4.6950002 -0.6564608
4.6999998 -0.9146022
4.7049999 -0.8743514
4.7100000 -0.7263147
4.7150002 -1.0361208
4.7199998 -0.9971417
4.7249999 -0.7881356
4.7300000 -0.7870354
4.7350001 -1.1168138
4.7399998 -0.9455760
4.7449999 -0.9819930
4.7500000 -1.2321038
4.7550001 -0.8345997
4.7600002 -0.9604514
4.7649999 -0.9982663
4.7700000 -1.2846874
4.7750001 -0.9530525
4.7800002 -0.6556466
4.7849998 -1.1672329
4.7900000 -0.9506717
4.7950001 -1.0677304
4.8000002 -1.0582738
4.8049998 -0.9653907
4.8099999 -1.2860014
4.8150001 -0.9986975
4.8200002 -0.8173721
4.8249998 -0.5811252
4.8299999 -0.9341166
4.8350000 -0.7698709
4.8400002 -0.6131904
4.8449998 -0.7746878
4.8499999 -0.5430970
4.8550000 -0.8613488
4.8600001 -0.5990053
4.8649998 -0.7698565
4.8699999 -0.3678110
4.8750000 -0.6063873
4.8800001 -1.0507654
4.8850002 -0.2426374
4.8899999 -0.5614994
4.8950000 -0.7171348
4.9000001 -0.5725309
4.9050002 -0.7632537
4.9099998 -0.4512789
4.9150000 -0.4906989
4.9200001 -0.6193192
4.9250002 -0.4322216
4.9299998 -0.3072958
4.9349999 -0.1384751
4.9400001 -0.3820225
4.9450002 -0.6111212
4.9499998 -0.5414606
4.9549999 -0.1645819
4.9600000 0.0668600
4.9650002 -0.3832444
4.9699998 -0.5305341
4.9749999 -0.5627865
4.9800000 0.2262149
4.9850001 0.1314032
4.9899998 0.0277801
4.9949999 0.0350947
