0.0000000 0.0406443
0.0050000 -0.0400859
0.0100000 -0.0288883
0.0150000 0.1919555
0.0200000 0.2544359
0.0250000 0.0736066
0.0300000 0.1858561
0.0350000 0.2711110
0.0400000 0.2424419
0.0450000 0.2860876
0.0500000 0.4684844
0.0550000 0.3606303
0.0600000 0.1991732
0.0650000 0.2146689
0.0700000 0.4860584
0.0750000 0.4497604
0.0800000 0.5603753
0.0850000 0.5276030
0.0900000 0.5128424
0.0950000 0.6423385
0.1000000 0.5391777
0.1050000 0.5089787
0.1100000 0.6919746
0.1150000 0.6156759
0.1200000 0.6677648
0.1250000 0.7280192
0.1300000 0.7615528
0.1350000 0.6243274
0.1400000 0.5935033
0.1450000 1.0193187
0.1500000 0.8737088
0.1550000 0.6975551
0.1600000 0.8703164
0.1650000 0.9565974
0.1700000 0.8789544
0.1750000 1.0099901
0.1800000 1.0225989
0.1850000 0.9045343
0.1900000 0.9383077
0.1950000 1.0661701
0.2000000 1.0523194
0.2050000 0.9748002
0.2100000 0.8647277
0.2150000 1.0150950
0.2200000 1.0343592
0.2250000 1.0450792
0.2300000 0.8555849
0.2350000 0.9500393
0.2400000 1.0976380
0.2450000 0.9524599
0.2500000 1.0035651
0.2550000 0.8883122
0.2600000 0.8730885
0.2650000 0.9075435
0.2700000 0.9082050
0.2750000 0.9647017
0.2800000 0.8160123
0.2850000 1.0914240
0.2900000 1.0986859
0.2950000 0.9992812
0.3000000 0.9347635
0.3050000 0.9053025
0.3100000 0.8982490
0.3150000 1.0711205
0.3200000 0.7932285
0.3250000 0.9679216
0.3300000 0.7866635
0.3350000 0.6701761
0.3400000 1.0230505
0.3450000 0.8023341
0.3500000 0.7214895
0.3550000 0.7728999
0.3600000 0.7826896
0.3650000 0.8614491
0.3700000 0.7810704
0.3750000 0.6586249
0.3800000 0.7781020
0.3850000 0.4560852
0.3900000 0.5965919
0.3950000 0.6273188
0.4000000 0.6074560
0.4050000 0.5534092
0.4100000 0.6412243
0.4150000 0.4815504
0.4200000 0.4292002
0.4250000 0.3323789
0.4300000 0.3381872
0.4350000 0.4996071
0.4400000 0.3241405
0.4450000 0.4330242
0.4500000 0.4875587
0.4550000 0.3432536
0.4600000 0.3357431
0.4650000 0.1406348
0.4700000 0.0548691
0.4750000 0.0798938
0.4800000 0.2138550
0.4850000 0.0038796
0.4900000 0.2205161
0.4950000 0.0734694
0.5000000 -0.2002452
0.5050000 0.0426739
0.5100000 -0.0488849
0.5150000 0.0010808
0.5200000 -0.2122464
0.5250000 -0.4498138
0.5300000 -0.0045863
0.5350000 -0.1113227
0.5400000 -0.2390618
0.5450000 -0.1884215
0.5500000 -0.2854808
0.5550000 -0.2231747
0.5600000 -0.2981605
0.5650000 -0.3047532
0.5700000 -0.4959037
0.5750000 -0.3249342
0.5800000 -0.5748063
0.5850000 -0.5528737
0.5900000 -0.3784780
0.5950000 -0.6504048
0.6000000 -0.5783870
0.6050000 -0.6675475
0.6100000 -0.7335980
0.6150000 -0.5791737
0.6200000 -0.5865873
0.6250000 -0.8967921
0.6300000 -0.6638435
0.6350000 -0.8140935
0.6400000 -0.7728825
0.6450000 -0.7366340
0.6500000 -0.8044674
0.6550000 -0.7899951
0.6600000 -0.8558314
0.6650000 -0.8523422
0.6700000 -0.7667339
0.6750000 -0.8450599
0.6800000 -0.9131093
0.6850000 -0.9763479
0.6900000 -1.0113672
0.6950000 -1.0248077
0.7000000 -1.0001593
0.7050000 -0.9671574
0.7100000 -0.8461020
0.7150000 -0.9205899
0.7200000 -1.1266859
0.7250000 -0.9194899
0.7300000 -1.0649798
0.7350000 -0.9444877
0.7400000 -1.0714872
0.7450000 -1.0795938
0.7500000 -0.8817852
0.7550000 -1.0617632
0.7600000 -1.1201568
0.7650000 -0.8926328
0.7700000 -0.9956754
0.7750000 -0.9773992
0.7800000 -0.8331563
0.7850000 -0.9470235
0.7900000 -0.9300662
0.7950000 -0.7504784
0.8000000 -0.9725628
0.8050000 -1.0580355
0.8100000 -0.9651855
0.8150000 -0.6380217
0.8200000 -0.7832858
0.8250000 -1.0537449
0.8300000 -0.9144263
0.8350000 -0.7242036
0.8400000 -1.0188321
0.8450000 -0.8333274
0.8500000 -0.9582486
0.8550000 -0.6493689
0.8600000 -0.9023873
0.8650000 -0.8395752
0.8700000 -0.6371089
0.8750000 -0.5918255
0.8800000 -0.7143199
0.8850000 -0.6960660
0.8900000 -0.4010522
0.8950000 -0.6237938
0.9000000 -0.5817412
0.9050000 -0.7458519
0.9100000 -0.3986276
0.9150000 -0.5256560
0.9200000 -0.5409513
0.9250000 -0.4301288
0.9300000 -0.5212688
0.9350000 -0.4519354
0.9400000 -0.4462919
0.9450000 -0.4051473
0.9500000 -0.3484605
0.9550000 -0.1969473
0.9600000 -0.4236054
0.9650000 -0.1440147
0.9700000 -0.0702777
0.9750000 -0.0924635
0.9800000 -0.0128771
0.9850000 -0.0085262
0.9900000 -0.0451577
0.9950000 -0.1141393
1.0000000 -0.0065031
1.0050000 0.1679664
1.0100000 -0.0719582
1.0150000 -0.0947789
1.0200000 0.1237108
1.0250000 0.0969652
1.0300000 0.2188327
1.0350000 0.2553037
1.0400000 0.1189406
1.0450000 0.4662102
1.0500000 0.2469506
1.0549999 0.4165586
1.0599999 0.2996828
1.0650001 0.1188550
1.0700001 0.5706892
1.0750000 0.4441580
1.0800000 0.3994515
1.0850000 0.8066483
1.0900000 0.6465054
1.0950000 0.6258583
1.1000000 0.8423634
1.1050000 0.7266014
1.1100000 0.7958946
1.1150000 0.6026804
1.1200000 0.7829298
1.1250000 0.6728705
1.1300000 0.6117482
1.1350000 0.7573141
1.1400000 0.7084343
1.1450000 0.8161684
1.1500000 0.9780167
1.1550000 0.8744522
1.1600000 0.8246791
1.1650000 0.7368376
1.1700000 0.9120743
1.1750000 0.9766015
1.1799999 1.0006706
1.1849999 0.9799107
1.1900001 0.8912091
1.1950001 1.0321200
1.2000000 0.8677936
1.2050000 1.0931919
1.2100000 0.8938023
1.2150000 0.9576678
1.2200000 0.9274440
1.2250000 0.9964510
1.2300000 0.9950567
1.2350000 0.9827716
1.2400000 0.9536302
1.2450000 1.0027163
1.2500000 0.9684045
1.2550000 0.9745240
1.2600000 0.9763531
1.2650000 1.0235782
1.2700000 1.2137660
1.2750000 1.0191250
1.2800000 1.0272270
1.2850000 0.9867455
1.2900000 0.9039112
1.2950000 0.9703531
1.3000000 0.6010386
1.3049999 1.0228070
1.3099999 0.7624163
1.3150001 0.8552368
1.3200001 0.7745785
1.3250000 0.6924751
1.3300000 0.7914082
1.3350000 0.9460264
1.3400000 0.8924822
1.3450000 0.7471252
1.3500000 0.6559141
1.3550000 0.6489292
1.3600000 0.7973434
1.3650000 0.7952743
1.3700000 0.7825203
1.3750000 0.7397521
1.3800000 0.5836093
1.3850000 0.7650085
1.3900000 0.6061088
1.3950000 0.5000259
1.4000000 0.7132975
1.4050000 0.4223281
1.4100000 0.4687461
1.4150000 0.2442104
1.4200000 0.3597916
1.4250000 0.3910398
1.4299999 0.4655553
1.4349999 0.3276030
1.4400001 0.4390474
1.4450001 0.3268689
1.4500000 0.3052668
1.4550000 0.2670745
1.4600000 0.2394261
1.4650000 0.2082716
1.4700000 0.2903661
1.4750000 0.2703473
1.4800000 0.0801445
1.4850000 0.0590694
1.4900000 0.0357702
1.4950000 0.2070456
1.5000000 -0.0845714
1.5050000 -0.1862828
1.5100000 -0.1148212
1.5150000 -0.0298233
1.5200000 -0.0908963
1.5250000 -0.1814602
1.5300000 -0.2463028
1.5350000 -0.1001683
1.5400000 -0.2379643
1.5450000 -0.3187139
1.5500000 -0.2291339
1.5549999 -0.4262211
1.5599999 -0.3873754
1.5650001 -0.3269019
1.5700001 -0.3426071
1.5750000 -0.5173288
1.5800000 -0.5481169
1.5850000 -0.6242830
1.5900000 -0.6142120
1.5950000 -0.5192777
1.6000000 -0.6999778
1.6050000 -0.6246282
1.6100000 -0.6508935
1.6150000 -0.6251307
1.6200000 -0.6929955
1.6250000 -0.6838595
1.6300000 -0.8473260
1.6350000 -0.7334265
1.6400000 -0.8130774
1.6450000 -0.7911560
1.6500000 -0.8035181
1.6550000 -0.7748573
1.6600000 -0.7693784
1.6650000 -0.7918059
1.6700000 -0.9993663
1.6750000 -0.8653754
1.6799999 -1.0698736
1.6849999 -0.9033075
1.6900001 -0.8362244
1.6950001 -0.9122865
1.7000000 -1.0063956
1.7050000 -0.9811093
1.7100000 -1.1417009
1.7150000 -0.7680695
1.7200000 -0.8623276
1.7250000 -0.8795203
1.7300000 -1.0399464
1.7350000 -1.1310544
1.7400000 -0.8237712
1.7450000 -1.0044295
1.7500000 -0.9933794
1.7550000 -0.8727995
1.7600000 -1.0891702
1.7650000 -0.9397345
1.7700000 -0.8620810
1.7750000 -0.8814834
1.7800000 -1.0144522
1.7850000 -0.9323392
1.7900000 -0.9941917
1.7950000 -1.0055810
1.8000000 -1.0361060
1.8049999 -1.0693773
1.8099999 -0.9478072
1.8150001 -0.8932786
1.8200001 -0.7493501
1.8250000 -0.9671333
1.8300000 -0.9403555
1.8350000 -0.7391485
1.8400000 -0.8466133
1.8450000 -1.0236863
1.8500000 -0.9262829
1.8550000 -0.8392777
1.8600000 -0.7189056
1.8650000 -0.5687041
1.8700000 -0.8364755
1.8750000 -0.6641914
1.8800000 -0.7231311
1.8850000 -0.5863869
1.8900000 -0.6523486
1.8950000 -0.4215235
1.9000000 -0.6085952
1.9050000 -0.5867278
1.9100000 -0.5857382
1.9150000 -0.6376502
1.9200000 -0.3785504
1.9250000 -0.4465019
1.9299999 -0.6255019
1.9349999 -0.4351623
1.9400001 -0.4072121
1.9450001 -0.2651129
1.9500000 -0.2396735
1.9550000 -0.1888228
1.9600000 -0.2632746
1.9650000 -0.2169154
1.9700000 -0.3052474
1.9750000 -0.1697076
1.9800000 0.0517734
1.9850000 -0.2245423
1.9900000 -0.0197905
1.9950000 0.0505113
2.0000000 0.0072403
2.0050001 0.1358435
2.0100000 0.1211881
2.0150001 0.1198765
2.0200000 0.0521873
2.0250001 0.1844205
2.0300000 -0.0787179
2.0350001 0.3754831
2.0400000 0.2552466
2.0450001 0.2282354
2.0500000 0.1793673
2.0550001 0.2808273
2.0599999 0.3289374
2.0650001 0.3777893
2.0699999 0.5224767
2.0750000 0.6553468
2.0799999 0.4685487
2.0850000 0.4753884
2.0899999 0.5119444
2.0950000 0.4651828
2.0999999 0.6468810
2.1050000 0.4838163
2.1099999 0.7359008
2.1150000 0.7372756
2.1199999 0.7984083
2.1250000 0.8485394
2.1300001 0.7848834
2.1350000 0.7734457
2.1400001 0.8046130
2.1450000 0.9929086
2.1500001 0.9511891
2.1550000 0.7425340
2.1600001 0.6343421
2.1650000 0.8642361
2.1700001 0.8256723
2.1750000 0.9166104
2.1800001 0.8470885
2.1849999 1.0055611
2.1900001 0.8160859
2.1949999 0.7605513
2.2000000 1.1440787
2.2049999 0.9476012
2.2100000 0.7641414
2.2149999 0.9888247
2.2200000 0.8809575
2.2249999 1.0199964
2.2300000 1.0136408
2.2349999 1.0338054
2.2400000 1.0758832
2.2449999 1.1849852
2.2500000 1.1337616
2.2550001 1.1233044
2.2600000 1.1802752
2.2650001 0.8910993
2.2700000 0.9708801
2.2750001 0.7635491
2.2800000 0.9629616
2.2850001 1.1241539
2.2900000 1.0897762
2.2950001 1.0378634
2.3000000 0.9509405
2.3050001 0.9263622
2.3099999 1.0558763
2.3150001 0.8622494
2.3199999 0.7556876
2.3250000 0.9524913
2.3299999 0.9754388
2.3350000 0.9842525
2.3399999 0.8457302
2.3450000 0.9709600
2.3499999 0.9072334
2.3550000 0.7446159
2.3599999 0.6939816
2.3650000 0.8182204
2.3699999 0.7616777
2.3750000 0.7486945
2.3800001 0.5405889
2.3850000 0.6176637
2.3900001 0.6493533
2.3950000 0.5461241
2.4000001 0.4678933
2.4050000 0.6462900
2.4100001 0.5954663
2.4150000 0.6012471
2.4200001 0.4009832
2.4250000 0.5699170
2.4300001 0.3092562
2.4349999 0.4917062
2.4400001 0.4692224
2.4449999 0.2394015
2.4500000 0.3671274
2.4549999 0.3329568
2.4600000 0.1145978
2.4649999 0.2507628
2.4700000 0.2319164
2.4749999 0.0601263
2.4800000 0.1836391
2.4849999 0.1197881
2.4900000 -0.0144477
2.4949999 0.3023087
2.5000000 0.1219833
2.5050001 0.1259998
2.5100000 -0.1555115
2.5150001 -0.0619322
2.5200000 -0.0995231
2.5250001 -0.0696080
2.5300000 -0.2690484
2.5350001 -0.0981947
2.5400000 -0.1494592
2.5450001 -0.3634295
2.5500000 -0.3051795
2.5550001 -0.2178456
2.5599999 -0.3026499
2.5650001 -0.2803338
2.5699999 -0.4273572
2.5750000 -0.5630637
2.5799999 -0.4146372
2.5850000 -0.4837763
2.5899999 -0.4828928
2.5950000 -0.5273894
2.5999999 -0.7624578
2.6050000 -0.6927487
2.6099999 -0.6111793
2.6150000 -0.4833179
2.6199999 -0.7514988
2.6250000 -0.6928662
2.6300001 -0.6433499
2.6350000 -0.7748257
2.6400001 -0.7440543
2.6450000 -0.6727169
2.6500001 -0.7188886
2.6550000 -0.8012663
2.6600001 -0.6341760
2.6650000 -0.9959288
2.6700001 -0.9414763
2.6750000 -0.8202272
2.6800001 -1.0252619
2.6849999 -0.8436703
2.6900001 -1.2095923
2.6949999 -0.8513904
2.7000000 -0.9684827
2.7049999 -1.1155548
2.7100000 -0.8662679
2.7149999 -0.9488693
2.7200000 -1.0078237
2.7249999 -0.8637813
2.7300000 -0.8284626
2.7349999 -0.9698253
2.7400000 -0.9442424
2.7449999 -0.9383790
2.7500000 -1.0087836
2.7550001 -1.0506192
2.7600000 -0.9762703
2.7650001 -1.2254660
2.7700000 -0.9456854
2.7750001 -0.8224017
2.7800000 -1.0202804
2.7850001 -1.1850579
2.7900000 -0.8784249
2.7950001 -1.0014230
2.8000000 -0.9254302
2.8050001 -0.9597817
2.8099999 -0.9108756
2.8150001 -0.9535925
2.8199999 -0.7162347
2.8250000 -0.9088457
2.8299999 -0.6610215
2.8350000 -0.8366411
2.8399999 -0.7727028
2.8450000 -0.8838228
2.8499999 -0.9675897
2.8550000 -0.7004634
2.8599999 -0.5097341
2.8650000 -0.7329206
2.8699999 -0.7584385
2.8750000 -0.6816006
2.8800001 -0.6609956
2.8850000 -0.6148513
2.8900001 -0.7125319
2.8950000 -0.5698865
2.9000001 -0.5806257
2.9050000 -0.5502469
2.9100001 -0.4682504
2.9150000 -0.3752073
2.9200001 -0.3422081
2.9250000 -0.4533153
2.9300001 -0.4184820
2.9349999 -0.5261893
2.9400001 -0.3877025
2.9449999 -0.4209584
2.9500000 -0.4981019
2.9549999 -0.3007053
2.9600000 -0.2442360
2.9649999 -0.1369506
2.9700000 -0.0738490
2.9749999 -0.2103446
2.9800000 -0.2255044
2.9849999 -0.1599682
2.9900000 -0.2553822
2.9949999 -0.1500766
3.0000000 0.0094683
3.0050001 0.0199541
3.0100000 -0.0839766
3.0150001 0.0304938
3.0200000 0.0191678
3.0250001 0.0014034
3.0300000 0.2593148
3.0350001 0.2629657
3.0400000 0.1809939
3.0450001 0.3601880
3.0500000 0.3393127
3.0550001 0.4520274
3.0599999 0.3761552
3.0650001 0.3600844
3.0699999 0.4312032
3.0750000 0.4239938
3.0799999 0.3828788
3.0850000 0.4948490
3.0899999 0.6727253
3.0950000 0.5079361
3.0999999 0.4178239
3.1050000 0.5037517
3.1099999 0.7672960
3.1150000 0.6519541
3.1199999 0.7132139
3.1250000 0.6688659
3.1300001 0.7566519
3.1350000 0.7414181
3.1400001 0.6313059
3.1450000 0.8855115
3.1500001 0.6838969
3.1550000 0.7089784
3.1600001 0.8236625
3.1650000 1.0951884
3.1700001 1.1394721
3.1750000 0.7880184
3.1800001 0.9369841
3.1849999 1.0079314
3.1900001 0.8340976
3.1949999 0.8754222
3.2000000 0.9151430
3.2049999 0.8362370
3.2100000 0.9399405
3.2149999 0.9528414
3.2200000 1.1388417
3.2249999 1.0600578
3.2300000 0.9545878
3.2349999 1.0242854
3.2400000 1.1661524
3.2449999 1.0427471
3.2500000 0.9490895
3.2550001 0.9675399
3.2600000 1.0454996
3.2650001 1.1156025
3.2700000 0.9387292
3.2750001 0.8815227
3.2800000 1.0667875
3.2850001 0.9947285
3.2900000 0.9412579
3.2950001 0.7827419
3.3000000 1.0056618
3.3050001 0.8912305
3.3099999 0.9867279
3.3150001 0.9798450
3.3199999 0.9001894
3.3250000 0.9259385
3.3299999 0.7788875
3.3350000 0.8459253
3.3399999 0.9972628
3.3450000 0.9533293
3.3499999 1.0190547
3.3550000 0.5301043
3.3599999 0.7828771
3.3650000 0.7319653
3.3699999 0.6695964
3.3750000 0.8144567
3.3800001 0.5810140
3.3850000 0.6241060
3.3900001 0.5821024
3.3950000 0.6696816
3.4000001 0.6364533
3.4050000 0.5360638
3.4100001 0.4408839
3.4150000 0.4977537
3.4200001 0.6088242
3.4250000 0.5713268
3.4300001 0.3472919
3.4349999 0.4262913
3.4400001 0.3033791
3.4449999 0.4006118
3.4500000 0.2656231
3.4549999 0.2390138
3.4600000 0.1732312
3.4649999 0.1691045
3.4700000 0.1882714
3.4749999 0.1155517
3.4800000 0.2798043
3.4849999 0.1060065
3.4900000 0.2042870
3.4949999 -0.1461714
3.5000000 -0.1329071
3.5050001 -0.0470714
3.5100000 -0.1991916
3.5150001 -0.1614956
3.5200000 -0.0344521
3.5250001 -0.2735012
3.5300000 0.0588895
3.5350001 -0.2353511
3.5400000 -0.1670437
3.5450001 -0.1667081
3.5500000 -0.3233167
3.5550001 -0.3051387
3.5599999 -0.1924731
3.5650001 -0.4847300
3.5699999 -0.3752207
3.5750000 -0.3247345
3.5799999 -0.4177104
3.5850000 -0.6565441
3.5899999 -0.4890851
3.5950000 -0.4659183
3.5999999 -0.7903759
3.6050000 -0.5828318
3.6099999 -0.7257096
3.6150000 -0.6260633
3.6199999 -0.7405662
3.6250000 -0.8180358
3.6300001 -0.6663845
3.6350000 -0.6400560
3.6400001 -0.5195069
3.6450000 -0.7409083
3.6500001 -0.9264297
3.6550000 -0.9404012
3.6600001 -0.8150010
3.6650000 -0.8308482
3.6700001 -0.7962073
3.6750000 -0.8122533
3.6800001 -0.9412680
3.6849999 -1.0719413
3.6900001 -1.0390358
3.6949999 -0.8113428
3.7000000 -0.9912098
3.7049999 -0.9118506
3.7100000 -0.9603023
3.7149999 -0.8643377
3.7200000 -0.9920413
3.7249999 -0.9630504
3.7300000 -1.0423833
3.7349999 -1.0500100
3.7400000 -1.0297611
3.7449999 -0.9660726
3.7500000 -1.0131140
3.7550001 -1.0464234
3.7600000 -1.0424756
3.7650001 -0.9075660
3.7700000 -0.9986650
3.7750001 -0.8126449
3.7800000 -1.1126680
3.7850001 -0.9045253
3.7900000 -1.1491324
3.7950001 -0.9997060
3.8000000 -1.0577439
3.8050001 -0.9373348
3.8099999 -0.8812805
3.8150001 -0.9072870
3.8199999 -0.8888502
3.8250000 -0.8633003
3.8299999 -1.0276213
3.8350000 -0.7893599
3.8399999 -0.6888443
3.8450000 -0.7898020
3.8499999 -0.7125105
3.8550000 -0.6215061
3.8599999 -0.6421471
3.8650000 -0.6421420
3.8699999 -0.8724921
3.8750000 -0.6306906
3.8800001 -0.6942985
3.8850000 -0.6612146
3.8900001 -0.7642731
3.8950000 -0.7933778
3.9000001 -0.5369896
3.9050000 -0.4983338
3.9100001 -0.5014889
3.9150000 -0.6313810
3.9200001 -0.5912081
3.9250000 -0.5484675
3.9300001 -0.3348518
3.9349999 -0.3713047
3.9400001 -0.3762465
3.9449999 -0.4100098
3.9500000 -0.3110560
3.9549999 -0.1297342
3.9600000 -0.1858885
3.9649999 -0.3818115
3.9700000 -0.1366498
3.9749999 -0.1602085
3.9800000 -0.2933274
3.9849999 -0.1645587
3.9900000 -0.2882593
3.9949999 -0.0592464
4.0000000 0.0218594
4.0050001 -0.0477100
4.0100002 0.1781402
4.0149999 0.0285676
4.0200000 0.1555237
4.0250001 0.2562687
4.0300002 0.1455446
4.0349998 0.3695834
4.0400000 0.2459053
4.0450001 0.0169958
4.0500002 0.1431978
4.0549998 0.3887596
4.0599999 0.2611404
4.0650001 0.2664573
4.0700002 0.7230632
4.0749998 0.2820883
4.0799999 0.4984980
4.0850000 0.4751740
4.0900002 0.4710913
4.0949998 0.4609409
4.0999999 0.6187047
4.1050000 0.6832247
4.1100001 0.8038474
4.1149998 0.6905995
4.1199999 0.6598916
4.1250000 0.7997981
4.1300001 0.8467723
4.1350002 0.7795127
4.1399999 0.8210734
4.1450000 0.8844979
4.1500001 0.6874769
4.1550002 0.7174197
4.1599998 0.8134153
4.1650000 0.7669061
4.1700001 0.8497088
4.1750002 1.0164274
4.1799998 0.8403727
4.1849999 0.9427971
4.1900001 0.9781626
4.1950002 1.1286154
4.1999998 0.9005564
4.2049999 1.0164295
4.2100000 0.9511824
4.2150002 0.7358834
4.2199998 0.9422920
4.2249999 1.0131508
4.2300000 0.8597328
4.2350001 1.1539501
4.2399998 1.0738672
4.2449999 1.1005912
4.2500000 1.0105207
4.2550001 0.8972682
4.2600002 0.9519060
4.2649999 0.9168575
4.2700000 0.9231476
4.2750001 0.9942515
4.2800002 1.0135974
4.2849998 1.2104701
4.2900000 0.8227309
4.2950001 1.0399101
4.3000002 0.8931507
4.3049998 1.0118339
4.3099999 1.1515819
4.3150001 0.9107038
4.3200002 0.8182471
4.3249998 0.8886821
4.3299999 0.9316874
4.3350000 0.9730690
4.3400002 0.8527265
4.3449998 0.6492504
4.3499999 0.6974409
4.3550000 0.7254655
4.3600001 0.5343262
4.3649998 0.7408225
4.3699999 0.7927140
4.3750000 0.6071303
4.3800001 0.6875009
4.3850002 0.4888049
4.3899999 0.5888905
4.3950000 0.5803179
4.4000001 0.5234638
4.4050002 0.5160150
4.4099998 0.5383437
4.4150000 0.5237356
4.4200001 0.6241118
4.4250002 0.3746458
4.4299998 0.3154928
4.4349999 0.3266690
4.4400001 0.5463181
4.4450002 0.2946810
4.4499998 0.0880980
4.4549999 0.2892872
4.4600000 0.4107528
4.4650002 0.1340762
4.4699998 0.1933581
4.4749999 0.0955791
4.4800000 0.0578374
4.4850001 -0.0057438
4.4899998 0.2039393
4.4949999 0.0257877
4.5000000 -0.0920510
4.5050001 -0.0156637
4.5100002 -0.0789916
4.5149999 0.0260058
4.5200000 -0.2615738
4.5250001 -0.2262500
4.5300002 -0.1524314
4.5349998 -0.1406064
4.5400000 -0.1781524
4.5450001 -0.3991216
4.5500002 -0.2376269
4.5549998 -0.3495421
4.5599999 -0.4250955
4.5650001 -0.5068682
4.5700002 -0.1611604
4.5749998 -0.5014712
4.5799999 -0.3976577
4.5850000 -0.6537680
4.5900002 -0.5498760
4.5949998 -0.6275179
4.5999999 -0.7112834
4.6050000 -0.6833615
4.6100001 -0.6382357
4.6149998 -0.7163875
4.6199999 -0.6830159
4.6250000 -0.6794302
4.6300001 -0.9334863
4.6350002 -0.6444014
4.6399999 -0.7662784
4.6450000 -0.7455713
4.6500001 -0.8114684
4.6550002 -0.9171339
4.6599998 -0.8296840
4.6650000 -0.9955786
4.6700001 -1.0076652
4.6750002 -0.8108103
4.6799998 -0.7976391
4.6849999 -0.8117130
4.6900001 -0.8351690
4.6950002 -0.8721375
4.6999998 -1.0393320
4.7049999 -0.9944090
4.7100000 -0.8771605
4.7150002 -0.9998496
4.7199998 -0.9282157
4.7249999 -0.9040437
4.7300000 -1.0526670
4.7350001 -0.8368766
4.7399998 -0.9249229
4.7449999 -0.9508921
4.7500000 -1.1069231
4.7550001 -1.1186149
4.7600002 -0.9770833
4.7649999 -1.0078228
4.7700000 -1.0947645
4.7750001 -1.1136823
4.7800002 -1.0823328
4.7849998 -0.9149103
4.7900000 -0.9469649
4.7950001 -0.9374510
4.8000002 -0.9727731
4.8049998 -1.0887654
4.8099999 -0.9891900
4.8150001 -0.9570642
4.8200002 -0.9847189
4.8249998 -0.8059425
4.8299999 -1.0659256
4.8350000 -0.9119079
4.8400002 -0.8131406
4.8449998 -0.7834507
4.8499999 -0.6532466
4.8550000 -0.8362321
4.8600001 -0.8881096
4.8649998 -0.9159861
4.8699999 -0.6342992
4.8750000 -0.8987219
4.8800001 -0.8041181
4.8850002 -0.8856338
4.8899999 -0.6578540
4.8950000 -0.5253432
4.9000001 -0.7359811
4.9050002 -0.6026305
4.9099998 -0.4673041
4.9150000 -0.4512318
4.9200001 -0.4315850
4.9250002 -0.4500986
4.9299998 -0.4234971
4.9349999 -0.3726544
4.9400001 -0.3155350
4.9450002 -0.4702537
4.9499998 -0.4148059
4.9549999 -0.2916845
4.9600000 -0.2174147
4.9650002 -0.2807950
4.9699998 -0.3072838
4.9749999 -0.0818916
4.9800000 -0.1291714
4.9850001 -0.0491803
4.9899998 0.0366574
4.9949999 -0.0858189
