0.0000000 0.1623552
0.0050000 0.5307924
0.0100000 -0.6461280
0.0150000 -0.2603469
0.0200000 -0.4726711
0.0250000 0.3633500
0.0300000 0.7433444
0.0350000 0.5386541
0.0400000 0.8885579
0.0450000 -0.2008227
0.0500000 0.6151999
0.0550000 0.5377706
0.0600000 0.3879585
0.0650000 1.2706497
0.0700000 0.3430267
0.0750000 -0.0878642
0.0800000 0.0695417
0.0850000 1.2322646
0.0900000 1.1682684
0.0950000 0.9803505
0.1000000 0.0573173
0.1050000 1.3104137
0.1100000 1.7904531
0.1150000 0.8311706
0.1200000 0.4837178
0.1250000 0.8132472
0.1300000 1.3850839
0.1350000 0.7430632
0.1400000 0.1244626
0.1450000 0.0818044
0.1500000 -0.0287957
0.1550000 1.6727122
0.1600000 0.1338833
0.1650000 0.4750111
0.1700000 0.3628738
0.1750000 0.5553745
0.1800000 0.9209065
0.1850000 0.8079901
0.1900000 0.8241662
0.1950000 -0.1819764
0.2000000 0.5980690
0.2050000 0.8968576
0.2100000 0.8779444
0.2150000 1.1243650
0.2200000 1.0466181
0.2250000 0.4433600
0.2300000 1.0244423
0.2350000 0.7732257
0.2400000 0.8105336
0.2450000 1.1045023
0.2500000 0.9392440
0.2550000 1.5044349
0.2600000 0.9463683
0.2650000 1.2016094
0.2700000 0.4927671
0.2750000 0.8028539
0.2800000 1.3541151
0.2850000 1.0742629
0.2900000 1.1618233
0.2950000 1.3031027
0.3000000 1.5187361
0.3050000 1.2906605
0.3100000 0.9151263
0.3150000 0.5828574
0.3200000 1.4541048
0.3250000 0.7557294
0.3300000 0.7911708
0.3350000 1.5395064
0.3400000 0.9100187
0.3450000 1.3742901
0.3500000 0.2435931
0.3550000 0.5845637
0.3600000 0.6731204
0.3650000 0.2699524
0.3700000 0.4779696
0.3750000 1.0828418
0.3800000 0.7588554
0.3850000 -0.1204602
0.3900000 0.5971719
0.3950000 0.3876558
0.4000000 1.2909112
0.4050000 0.9569690
0.4100000 0.6742449
0.4150000 0.8035353
0.4200000 0.3546175
0.4250000 0.1043406
0.4300000 0.4508986
0.4350000 0.6004696
0.4400000 0.2810902
0.4450000 0.8727529
0.4500000 0.0206628
0.4550000 -0.1336126
0.4600000 0.7211769
0.4650000 0.0826832
0.4700000 0.8715448
0.4750000 0.7086726
0.4800000 -0.5697674
0.4850000 0.0680475
0.4900000 -0.4337663
0.4950000 0.6468478
0.5000000 -0.0377499
0.5050000 0.0291384
0.5100000 -0.6317049
0.5150000 -0.3275691
0.5200000 0.2330896
0.5250000 -0.5830747
0.5300000 -0.8709370
0.5350000 0.2958010
0.5400000 -0.0949457
0.5450000 -0.1856174
0.5500000 -0.6000796
0.5550000 0.0889598
0.5600000 -0.9101097
0.5650000 -0.1277333
0.5700000 -0.1487774
0.5750000 0.1319526
0.5800000 0.2195639
0.5850000 -0.1125458
0.5900000 -1.1161910
0.5950000 -0.0638028
0.6000000 -0.6776446
0.6050000 -0.2392891
0.6100000 -0.1932263
0.6150000 -0.7737500
0.6200000 0.0158856
0.6250000 -0.4814932
0.6300000 -1.2999763
0.6350000 -0.4055650
0.6400000 -0.7445439
0.6450000 -0.0936684
0.6500000 -0.7947496
0.6550000 -0.7316769
0.6600000 -0.2405697
0.6650000 -1.2023320
0.6700000 -0.5812898
0.6750000 -1.1127195
0.6800000 -1.6518203
0.6850000 -0.4122873
0.6900000 -0.0277279
0.6950000 -0.9841301
0.7000000 -1.3875980
0.7050000 -1.6755269
0.7100000 -0.8798586
0.7150000 -0.8146967
0.7200000 -1.0670062
0.7250000 -0.0208930
0.7300000 -0.7086667
0.7350000 -1.6749672
0.7400000 -1.1642641
0.7450000 -0.8920134
0.7500000 -0.3855578
0.7550000 -0.8374000
0.7600000 0.0115812
0.7650000 -0.6105061
0.7700000 -2.0519588
0.7750000 -1.5196748
0.7800000 -0.5602977
0.7850000 -1.5530813
0.7900000 -1.1040182
0.7950000 -1.2393523
0.8000000 -2.1439908
0.8050000 -1.5484293
0.8100000 -0.2905005
0.8150000 -0.5675169
0.8200000 -0.7204749
0.8250000 -1.0744065
0.8300000 -1.4239396
0.8350000 -0.2025704
0.8400000 -0.7388653
0.8450000 -1.4235862
0.8500000 -0.9781141
0.8550000 -0.9516777
0.8600000 0.0291601
0.8650000 0.1049400
0.8700000 -0.2721629
0.8750000 -1.1114641
0.8800000 -0.7880419
0.8850000 -0.4521680
0.8900000 0.3679173
0.8950000 -0.1612416
0.9000000 -0.4770059
0.9050000 -0.6083071
0.9100000 -0.5121723
0.9150000 0.3041518
0.9200000 -0.5979413
0.9250000 -0.2214044
0.9300000 -0.6680635
0.9350000 -0.9650792
0.9400000 0.1752905
0.9450000 0.1659394
0.9500000 0.4139369
0.9550000 -0.4804477
0.9600000 -0.6625308
0.9650000 -0.6812760
0.9700000 -0.0452568
0.9750000 0.2150181
0.9800000 -0.1732553
0.9850000 -0.2436173
0.9900000 1.4359044
0.9950000 -0.1598071
1.0000000 -0.4943355
1.0050000 -0.1550261
1.0100000 0.4576874
1.0150000 0.0214303
1.0200000 0.1917147
1.0250000 -0.2958288
1.0300000 -0.0239774
1.0350000 0.1689793
1.0400000 -0.4479522
1.0450000 0.4598059
1.0500000 0.3948261
1.0549999 1.2500213
1.0599999 1.3600981
1.0650001 0.3794812
1.0700001 0.8454529
1.0750000 0.4396069
1.0800000 0.8453710
1.0850000 -0.3259137
1.0900000 0.3663922
1.0950000 0.2381449
1.1000000 0.3592757
1.1050000 1.8343568
1.1100000 1.5577105
1.1150000 1.5235190
1.1200000 1.1051266
1.1250000 0.9701619
1.1300000 0.9367967
1.1350000 0.1739146
1.1400000 -0.1685950
1.1450000 0.9171437
1.1500000 1.0251324
1.1550000 1.4709387
1.1600000 1.1266124
1.1650000 1.0639905
1.1700000 0.7301192
1.1750000 1.2572323
1.1799999 1.5062764
1.1849999 1.7003464
1.1900001 0.9648638
1.1950001 0.2115595
1.2000000 0.9798533
1.2050000 0.3033309
1.2100000 1.2102450
1.2150000 1.1464870
1.2200000 -0.2342317
1.2250000 0.7974271
1.2300000 0.6981786
1.2350000 1.7304289
1.2400000 1.7557689
1.2450000 1.5346787
1.2500000 1.1856066
1.2550000 0.9768081
1.2600000 0.1537891
1.2650000 1.2427025
1.2700000 1.0935881
1.2750000 1.4198828
1.2800000 0.1982397
1.2850000 0.8521110
1.2900000 1.0097089
1.2950000 1.3949804
1.3000000 0.3431292
1.3049999 0.7831187
1.3099999 0.5094025
1.3150001 -0.1097915
1.3200001 1.0842155
1.3250000 0.4533099
1.3300000 0.9515365
1.3350000 2.2443268
1.3400000 0.5036955
1.3450000 1.1099054
1.3500000 0.6958063
1.3550000 1.2551593
1.3600000 1.5131134
1.3650000 -0.7903835
1.3700000 0.5718227
1.3750000 1.2985398
1.3800000 1.1030436
1.3850000 1.6260964
1.3900000 0.1159839
1.3950000 -0.1567498
1.4000000 0.9180736
1.4050000 0.7902423
1.4100000 0.2393056
1.4150000 0.9659089
1.4200000 1.0119293
1.4250000 0.1503061
1.4299999 1.1329105
1.4349999 1.1722324
1.4400001 0.3987887
1.4450001 1.5171226
1.4500000 1.0051637
1.4550000 0.4703734
1.4600000 0.0698486
1.4650000 -0.5738079
1.4700000 0.4885760
1.4750000 -0.4385307
1.4800000 -0.8002350
1.4850000 0.2167018
1.4900000 0.2036609
1.4950000 0.2728920
1.5000000 0.0767751
1.5050000 -0.2055879
1.5100000 -0.6252512
1.5150000 -0.2573331
1.5200000 0.4658992
1.5250000 -0.3589784
1.5300000 -0.4195679
1.5350000 -0.1071057
1.5400000 -0.2334215
1.5450000 -0.0773168
1.5500000 0.3086271
1.5549999 -0.6832721
1.5599999 -0.3697860
1.5650001 -0.8347144
1.5700001 0.0572774
1.5750000 -0.8865200
1.5800000 -0.2742350
1.5850000 -0.9718866
1.5900000 -0.3985130
1.5950000 -0.5400259
1.6000000 -0.3266876
1.6050000 -0.7593819
1.6100000 0.3019568
1.6150000 -0.0207600
1.6200000 -1.2621750
1.6250000 -0.4259457
1.6300000 -0.7210985
1.6350000 -0.4690841
1.6400000 -0.0808851
1.6450000 -1.0161659
1.6500000 -1.0016506
1.6550000 -0.2589799
1.6600000 -0.4011128
1.6650000 -1.5022236
1.6700000 -1.4888185
1.6750000 -0.9768969
1.6799999 -0.2177105
1.6849999 -1.0957026
1.6900001 -1.4845097
1.6950001 -0.8991327
1.7000000 -1.1031667
1.7050000 -1.3425533
1.7100000 -1.1763436
1.7150000 -1.3657424
1.7200000 -1.1794637
1.7250000 -0.8869333
1.7300000 -0.9754801
1.7350000 -0.2728663
1.7400000 -0.2006429
1.7450000 -0.9153799
1.7500000 -0.9725941
1.7550000 -0.1286127
1.7600000 -1.1286777
1.7650000 -0.5134687
1.7700000 -0.9667819
1.7750000 -0.5381359
1.7800000 -1.5789897
1.7850000 -0.5608493
1.7900000 -1.3123240
1.7950000 -0.6104885
1.8000000 -1.4865742
1.8049999 -0.6269768
1.8099999 -1.2664235
1.8150001 -1.5533128
1.8200001 -1.5302944
1.8250000 -1.0403109
1.8300000 -0.8255733
1.8350000 -0.8283638
1.8400000 -1.3151031
1.8450000 -0.8091409
1.8500000 -0.5653617
1.8550000 -0.9728454
1.8600000 -0.6153111
1.8650000 -0.3155310
1.8700000 -1.1027037
1.8750000 -0.9965211
1.8800000 -0.5115193
1.8850000 -1.1717272
1.8900000 -1.2264061
1.8950000 -0.0230630
1.9000000 0.9689482
1.9050000 -0.5060501
1.9100000 -0.5531914
1.9150000 -0.2426975
1.9200000 -1.4394925
1.9250000 -0.2442437
1.9299999 -0.8279095
1.9349999 -0.6946629
1.9400001 -0.5667694
1.9450001 -0.6686399
1.9500000 -0.8582236
1.9550000 -0.0608610
1.9600000 0.6791950
1.9650000 -0.1972167
1.9700000 -0.4144579
1.9750000 -0.9554430
1.9800000 0.0457948
1.9850000 0.8589075
1.9900000 0.8289879
1.9950000 -0.0888525
2.0000000 0.3996034
2.0050001 0.4136163
2.0100000 0.3174848
2.0150001 -0.4184692
2.0200000 0.3594943
2.0250001 -0.2656215
2.0300000 0.3508306
2.0350001 1.1583326
2.0400000 0.2597803
2.0450001 -0.0644637
2.0500000 0.2838828
2.0550001 -0.4626351
2.0599999 0.3522441
2.0650001 0.6477821
2.0699999 0.5515313
2.0750000 0.1207070
2.0799999 0.4954082
2.0850000 0.7258367
2.0899999 0.2544141
2.0950000 0.2846783
2.0999999 0.7605296
2.1050000 0.6480365
2.1099999 1.8619330
2.1150000 1.0683465
2.1199999 1.7258786
2.1250000 0.6969930
2.1300001 -0.5490285
2.1350000 1.0302675
2.1400001 0.7348393
2.1450000 1.0949502
2.1500001 0.6939129
2.1550000 0.1917237
2.1600001 1.2331458
2.1650000 1.1014255
2.1700001 2.2145247
2.1750000 0.7687301
2.1800001 1.8090062
2.1849999 0.3110171
2.1900001 0.1078541
2.1949999 1.3808771
2.2000000 1.9840630
2.2049999 1.4298763
2.2100000 1.0373183
2.2149999 1.5051814
2.2200000 2.0038364
2.2249999 0.7173749
2.2300000 0.7496129
2.2349999 1.6383590
2.2400000 2.0825334
2.2449999 0.8718964
2.2500000 -0.0654237
2.2550001 1.6988089
2.2600000 0.4813239
2.2650001 1.1472592
2.2700000 0.4296446
2.2750001 0.6482032
2.2800000 0.7676341
2.2850001 0.8779436
2.2900000 0.4818157
2.2950001 1.2365149
2.3000000 1.2637938
2.3050001 0.6317464
2.3099999 1.1498758
2.3150001 0.1536272
2.3199999 0.0938691
2.3250000 0.1656421
2.3299999 0.1765342
2.3350000 0.3431407
2.3399999 0.6330659
2.3450000 0.8806548
2.3499999 0.0246962
2.3550000 0.6490551
2.3599999 1.0288470
2.3650000 1.4726959
2.3699999 1.0873524
2.3750000 0.0245909
2.3800001 0.6079724
2.3850000 1.1119164
2.3900001 0.1596633
2.3950000 1.5122539
2.4000001 0.4076091
2.4050000 0.6465220
2.4100001 0.7660491
2.4150000 -0.5088680
2.4200001 0.4758945
2.4250000 0.2381426
2.4300001 0.4402235
2.4349999 0.5764364
2.4400001 0.1038092
2.4449999 0.1107968
2.4500000 0.2625358
2.4549999 0.5759415
2.4600000 -0.1487834
2.4649999 0.0053617
2.4700000 0.1774006
2.4749999 -0.1234013
2.4800000 -0.1654648
2.4849999 -0.9684544
2.4900000 0.1120083
2.4949999 0.2031608
2.5000000 -0.2409472
2.5050001 -0.7269788
2.5100000 0.1669887
2.5150001 -0.8487300
2.5200000 -0.3507410
2.5250001 0.8173983
2.5300000 0.0354204
2.5350001 -0.0892076
2.5400000 -0.3271276
2.5450001 -0.2454709
2.5500000 0.2191114
2.5550001 -1.1145598
2.5599999 -0.5232503
2.5650001 0.0673615
2.5699999 0.5958658
2.5750000 -0.1010596
2.5799999 -0.6477717
2.5850000 0.0043566
2.5899999 -0.1386877
2.5950000 0.4872909
2.5999999 -0.8177758
2.6050000 -0.5146593
2.6099999 -1.0409881
2.6150000 -0.2178756
2.6199999 -0.6859785
2.6250000 -1.2227482
2.6300001 -1.2744783
2.6350000 -0.8405820
2.6400001 -0.3605119
2.6450000 -1.7720516
2.6500001 -0.6556554
2.6550000 -1.0633234
2.6600001 -0.2927082
2.6650000 -0.9960411
2.6700001 -1.6544086
2.6750000 -1.5861015
2.6800001 -1.0030990
2.6849999 -0.8045809
2.6900001 -1.2133510
2.6949999 -0.7644209
2.7000000 -1.3451550
2.7049999 -1.1874007
2.7100000 -0.9756407
2.7149999 -1.1732342
2.7200000 -0.5966750
2.7249999 -0.6758716
2.7300000 -1.4161392
2.7349999 -0.9328955
2.7400000 -1.4944913
2.7449999 -0.9419289
2.7500000 -1.2090753
2.7550001 -1.1262522
2.7600000 -0.1677551
2.7650001 -0.6613960
2.7700000 -1.5923817
2.7750001 -0.3043299
2.7800000 -0.4955658
2.7850001 -0.8050148
2.7900000 -0.8383378
2.7950001 -0.5943021
2.8000000 -0.7488615
2.8050001 -1.0192709
2.8099999 -0.4959673
2.8150001 -0.6021075
2.8199999 -1.3748432
2.8250000 -0.5206010
2.8299999 -0.2746533
2.8350000 -0.2305422
2.8399999 -0.3759604
2.8450000 -0.5215095
2.8499999 -0.7054120
2.8550000 -1.1946858
2.8599999 -1.0590950
2.8650000 -0.6739354
2.8699999 -0.6452939
2.8750000 -0.3544571
2.8800001 -0.7835202
2.8850000 -1.0403919
2.8900001 -1.0672063
2.8950000 -0.3262841
2.9000001 -1.2449571
2.9050000 -0.2570535
2.9100001 0.3532512
2.9150000 -0.2992991
2.9200001 -0.7470980
2.9250000 -0.4313578
2.9300001 0.1838531
2.9349999 -0.3894480
2.9400001 -1.1955559
2.9449999 -0.5385998
2.9500000 0.2168129
2.9549999 -0.1227635
2.9600000 -0.6087424
2.9649999 -0.0545484
2.9700000 -0.2342834
2.9749999 0.3914014
2.9800000 0.3353198
2.9849999 0.4680346
2.9900000 -0.4575939
2.9949999 -0.5736839
3.0000000 -1.4293021
3.0050001 0.9377491
3.0100000 0.0053282
3.0150001 0.4067664
3.0200000 -0.0769879
3.0250001 -0.5831001
3.0300000 0.1507287
3.0350001 0.1649437
3.0400000 -0.1419810
3.0450001 -0.1914973
3.0500000 0.7315201
3.0550001 0.7689184
3.0599999 1.1854783
3.0650001 -0.4145894
3.0699999 0.4704049
3.0750000 1.0240023
3.0799999 0.4785743
3.0850000 1.4926087
3.0899999 1.4878579
3.0950000 0.5178514
3.0999999 0.2501435
3.1050000 0.6456739
3.1099999 0.8219802
3.1150000 0.9797860
3.1199999 0.0070690
3.1250000 1.5439283
3.1300001 0.2508068
3.1350000 1.0303111
3.1400001 -0.0182838
3.1450000 1.2300581
3.1500001 0.9683353
3.1550000 0.5933272
3.1600001 1.0765678
3.1650000 0.3113886
3.1700001 0.5247133
3.1750000 1.1427126
3.1800001 0.7209632
3.1849999 1.0604500
3.1900001 0.7629186
3.1949999 0.8493984
3.2000000 0.9916034
3.2049999 0.1686223
3.2100000 1.1472226
3.2149999 0.8700300
3.2200000 1.0557159
3.2249999 1.3250539
3.2300000 0.4839748
3.2349999 1.2647773
3.2400000 1.2614217
3.2449999 0.4433706
3.2500000 1.5035872
3.2550001 1.2489177
3.2600000 1.7184180
3.2650001 0.3219118
3.2700000 0.3804547
3.2750001 1.3502684
3.2800000 0.5294993
3.2850001 0.8019900
3.2900000 0.5944176
3.2950001 1.5171756
3.3000000 1.1440051
3.3050001 0.7241927
3.3099999 0.7485346
3.3150001 1.4515496
3.3199999 0.2494176
3.3250000 0.3959194
3.3299999 1.0201253
3.3350000 1.4289094
3.3399999 1.2975614
3.3450000 1.2375153
3.3499999 1.7767406
3.3550000 0.6977433
3.3599999 1.1725008
3.3650000 1.3030251
3.3699999 0.1971114
3.3750000 1.7594463
3.3800001 0.6966190
3.3850000 0.5986136
3.3900001 0.2027820
3.3950000 1.8535051
3.4000001 0.9204983
3.4050000 0.2115373
3.4100001 0.4551553
3.4150000 0.1537611
3.4200001 0.4905000
3.4250000 1.2103848
3.4300001 1.0700166
3.4349999 0.7090914
3.4400001 1.7515693
3.4449999 0.4137948
3.4500000 0.3071969
3.4549999 0.3256499
3.4600000 1.2446800
3.4649999 -0.5900518
3.4700000 0.4358268
3.4749999 0.5468227
3.4800000 -0.2676988
3.4849999 -0.8107309
3.4900000 -0.2242278
3.4949999 0.2467753
3.5000000 -0.5536822
3.5050001 -0.5489994
3.5100000 -0.4339880
3.5150001 -1.0395837
3.5200000 -0.4512062
3.5250001 -0.2979361
3.5300000 0.3036862
3.5350001 -0.5153964
3.5400000 0.0913971
3.5450001 -0.2134564
3.5500000 0.2366460
3.5550001 -0.1033002
3.5599999 -0.8006395
3.5650001 -1.3357952
3.5699999 0.6681765
3.5750000 0.1971535
3.5799999 -1.1214396
3.5850000 -0.7984329
3.5899999 -0.3424641
3.5950000 -0.6236683
3.5999999 -0.6565079
3.6050000 -0.5312564
3.6099999 0.1763827
3.6150000 -1.6804209
3.6199999 -0.5352220
3.6250000 -0.7370886
3.6300001 -1.0621690
3.6350000 -0.3709356
3.6400001 -1.7656358
3.6450000 -0.9824790
3.6500001 0.1179495
3.6550000 -1.1619360
3.6600001 -1.0208430
3.6650000 -1.1384255
3.6700001 -0.2497807
3.6750000 -0.8709623
3.6800001 -0.6326944
3.6849999 -1.0302478
3.6900001 -1.0349220
3.6949999 -1.4580215
3.7000000 -1.7085099
3.7049999 -0.6144572
3.7100000 -2.7806153
3.7149999 -1.0424305
3.7200000 -0.7630783
3.7249999 -1.4748628
3.7300000 -1.2487733
3.7349999 -0.7177215
3.7400000 -1.9954634
3.7449999 -1.2576106
3.7500000 -0.7923379
3.7550001 -0.7015409
3.7600000 -0.8432010
3.7650001 -2.0755208
3.7700000 -1.7717628
3.7750001 -1.6537437
3.7800000 -0.6372037
3.7850001 -1.1219993
3.7900000 -0.5247167
3.7950001 -1.1806270
3.8000000 -1.0780358
3.8050001 -0.8333908
3.8099999 -0.4857687
3.8150001 -0.7061347
3.8199999 -1.1379639
3.8250000 -0.7312384
3.8299999 -1.4403044
3.8350000 -0.9998847
3.8399999 -0.6176488
3.8450000 0.3346984
3.8499999 -0.0145137
3.8550000 -0.4616465
3.8599999 -0.7936943
3.8650000 -1.0134788
3.8699999 -0.1480650
3.8750000 -0.3058319
3.8800001 -0.5779416
3.8850000 -1.0058750
3.8900001 -1.1574363
3.8950000 -0.8907952
3.9000001 -0.6523023
3.9050000 -0.2509578
3.9100001 -0.4757876
3.9150000 -0.7356910
3.9200001 0.2331910
3.9250000 -1.0445979
3.9300001 -0.1504878
3.9349999 -0.5856484
3.9400001 -0.6525595
3.9449999 -0.8561656
3.9500000 -0.2289157
3.9549999 -0.2941863
3.9600000 -0.1243384
3.9649999 -0.4244228
3.9700000 -0.1992935
3.9749999 -0.6633967
3.9800000 -0.4853078
3.9849999 0.8242056
3.9900000 0.0228424
3.9949999 0.6509961
4.0000000 -0.5811091
4.0050001 -0.1215551
4.0100002 0.4307416
4.0149999 -0.2244148
4.0200000 -0.0604552
4.0250001 0.2845849
4.0300002 0.5964715
4.0349998 0.4843714
4.0400000 0.6670185
4.0450001 0.8344476
4.0500002 0.6563411
4.0549998 -0.1063419
4.0599999 0.5152473
4.0650001 0.6092375
4.0700002 0.4825858
4.0749998 -0.6297825
4.0799999 0.9462476
4.0850000 0.4694972
4.0900002 1.2160654
4.0949998 0.4986800
4.0999999 -0.1185323
4.1050000 1.0199958
4.1100001 0.1966061
4.1149998 0.8177568
4.1199999 1.4125503
4.1250000 0.9629677
4.1300001 -0.0061927
4.1350002 0.0395840
4.1399999 0.4414794
4.1450000 1.3182713
4.1500001 1.5684490
4.1550002 0.7596368
4.1599998 0.6576771
4.1650000 0.5448909
4.1700001 0.8807992
4.1750002 0.6197032
4.1799998 0.5474124
4.1849999 0.2605835
4.1900001 0.4647218
4.1950002 0.0742353
4.1999998 1.0045689
4.2049999 1.3366722
4.2100000 1.3604945
4.2150002 0.6781524
4.2199998 0.9119394
4.2249999 1.7029803
4.2300000 0.5504141
4.2350001 0.8241263
4.2399998 1.5531982
4.2449999 1.1600456
4.2500000 0.8670314
4.2550001 0.7300498
4.2600002 0.4470384
4.2649999 2.1185725
4.2700000 0.7881793
4.2750001 1.5585252
4.2800002 1.0137097
4.2849998 0.4585091
4.2900000 1.4645141
4.2950001 0.9993311
4.3000002 0.0039384
4.3049998 1.0069039
4.3099999 1.3198476
4.3150001 0.8513004
4.3200002 1.0033380
4.3249998 0.2720435
4.3299999 0.7803639
4.3350000 0.1374629
4.3400002 1.0187715
4.3449998 1.6663854
4.3499999 1.3504343
4.3550000 1.0060835
4.3600001 0.1580018
4.3649998 0.1451609
4.3699999 0.9406156
4.3750000 0.3368654
4.3800001 0.8298551
4.3850002 0.8110439
4.3899999 0.2135532
4.3950000 0.6523805
4.4000001 0.7249556
4.4050002 0.3487095
4.4099998 0.5313344
4.4150000 0.3612015
4.4200001 0.8793816
4.4250002 -0.6459556
4.4299998 0.3362200
4.4349999 0.3560626
4.4400001 1.2781036
4.4450002 0.7135276
4.4499998 0.2246567
4.4549999 -0.3605506
4.4600000 -0.0606157
4.4650002 0.8111762
4.4699998 0.4722943
4.4749999 0.3146714
4.4800000 -0.4584723
4.4850001 -0.5043316
4.4899998 -0.4376384
4.4949999 -0.6888025
4.5000000 -0.4591078
4.5050001 -0.5881096
4.5100002 -0.2508451
4.5149999 0.5742556
4.5200000 0.1982152
4.5250001 0.1467566
4.5300002 -0.4058123
4.5349998 -0.5939489
4.5400000 -0.6389060
4.5450001 0.2532164
4.5500002 -0.8902459
4.5549998 0.0048726
4.5599999 -0.6554477
4.5650001 -0.0156371
4.5700002 -0.1392853
4.5749998 0.0729512
4.5799999 -0.7579992
4.5850000 -0.9991598
4.5900002 -0.8697779
4.5949998 -1.0238402
4.5999999 -0.9762042
4.6050000 0.1495210
4.6100001 -0.9596171
4.6149998 -1.0825050
4.6199999 -0.6465122
4.6250000 -0.7425383
4.6300001 -0.1321113
4.6350002 -0.2567519
4.6399999 -1.2345346
4.6450000 -0.1688289
4.6500001 -1.5329381
4.6550002 -0.8149827
4.6599998 -1.1281674
4.6650000 -0.0600257
4.6700001 -0.6902767
4.6750002 -0.8476733
4.6799998 -1.4730113
4.6849999 -1.0166692
4.6900001 -1.6390814
4.6950002 -0.3772668
4.6999998 -1.7910382
4.7049999 -1.8554503
4.7100000 -0.1967357
4.7150002 -0.1639046
4.7199998 -0.3366301
4.7249999 -0.5309348
4.7300000 -0.9977233
4.7350001 -0.6858809
4.7399998 -0.0945171
4.7449999 -1.6366299
4.7500000 -0.5668713
4.7550001 -1.9018470
4.7600002 -0.8428298
4.7649999 -0.8213329
4.7700000 0.2933159
4.7750001 -1.4717333
4.7800002 -1.0155268
4.7849998 -1.6437278
4.7900000 -1.2507290
4.7950001 -0.6709400
4.8000002 -0.9879095
4.8049998 -1.7602471
4.8099999 -1.1255422
4.8150001 -0.5332666
4.8200002 -0.1841158
4.8249998 -0.3395171
4.8299999 -1.3421148
4.8350000 -0.9838534
4.8400002 -0.6792088
4.8449998 -0.7320042
4.8499999 -1.5315520
4.8550000 0.0477713
4.8600001 -0.2142423
4.8649998 -0.3840975
4.8699999 -1.0525460
4.8750000 -0.7782073
4.8800001 -0.9644823
4.8850002 -0.5527208
4.8899999 -1.5401665
4.8950000 -0.9621409
4.9000001 -0.8837624
4.9050002 0.2142411
4.9099998 -0.3971786
4.9150000 -0.5637177
4.9200001 -0.1557439
4.9250002 -1.1498489
4.9299998 -0.0733233
4.9349999 -1.1277977
4.9400001 0.0840447
4.9450002 -0.1341272
4.9499998 -0.2645188
4.9549999 -0.8715649
4.9600000 0.6747320
4.9650002 0.1867844
4.9699998 -0.1995830
4.9749999 -0.2940288
4.9800000 0.0249905
4.9850001 -0.1902750
4.9899998 -0.1238481
4.9949999 -0.6842073
