0 0 10.9658
3.2 0 9.0034
6.4 0 12.2351
9.6 0 1919.09
12.8 0 237.039
16 0 35.0238
19.2 0 49.6883
22.4 0 126.724
25.6 0 60.1566
28.8 0 11.7609
32 0 4.23239
35.2 0 25.8608
38.4 0 22.2734
41.6 0 34.7339
44.8 0 87.3303
48 0 4.03392
51.2 0 1.69154
54.4 0 13.7933
57.6 0 13.1116
60.8 0 30.4893
64 0 1.70271
67.2 0 1.84402
70.4 0 23.4149
73.6 0 36.794
76.8 0 8.34945
80 0 36.7287
83.2 0 27.1863
86.4 0 4.7885
89.6 0 1.65101
92.8 0 2.70348
96 0 10.2856
99.2 0 0.721821
102.4 0 3.61292
105.6 0 36.326
108.8 0 1.92169
112 0 15.3803
115.2 0 72.9866
118.4 0 43.38
121.6 0 18.3351
124.8 0 6.90094
128 0 7.40986
131.2 0 0.559526
134.4 0 14.8141
137.6 0 12.6281
140.8 0 77.2401
144 0 12.721
147.2 0 2.06508
150.4 0 8.33091
153.6 0 10.1097
156.8 0 29.9652
160 0 84.6348
163.2 0 0
166.4 0 0
169.6 0 0
172.8 0 0
176 0 0
179.2 0 0
182.4 0 0
185.6 0 0
188.8 0 0
192 0 0
195.2 0 0
198.4 0 0
201.6 0 0
204.8 0 0
208 0 0
211.2 0 0
214.4 0 0
217.6 0 0
220.8 0 0
224 0 0
227.2 0 0
230.4 0 0
233.6 0 0
236.8 0 0
240 0 0
243.2 0 0
246.4 0 0
249.6 0 0
252.8 0 0
256 0 0
259.2 0 0
262.4 0 0
265.6 0 0
268.8 0 0
272 0 0
275.2 0 0
278.4 0 0
281.6 0 0
284.8 0 0
288 0 0
291.2 0 0
294.4 0 0
297.6 0 0
300.8 0 0
304 0 0
307.2 0 0
310.4 0 0
313.6 0 0
316.8 0 0
