0 0 163.148
3.2 0 91.7587
6.4 0 112.303
9.6 0 1538.55
12.8 0 307.262
16 0 608.836
19.2 0 145.771
22.4 0 107.363
25.6 0 22.3723
28.8 0 230.313
32 0 477.852
35.2 0 364.025
38.4 0 188.742
41.6 0 125.527
44.8 0 235.012
48 0 44.6527
51.2 0 335.677
54.4 0 420.104
57.6 0 471.598
60.8 0 81.3381
64 0 409.021
67.2 0 98.4343
70.4 0 36.5535
73.6 0 102.63
76.8 0 314.921
80 0 3.5125
83.2 0 99.8159
86.4 0 246.9
89.6 0 718.684
92.8 0 13.8802
96 0 289.847
99.2 0 505.438
102.4 0 443.843
105.6 0 433.919
108.8 0 325.769
112 0 202.158
115.2 0 96.9289
118.4 0 635.946
121.6 0 157.009
124.8 0 102.962
128 0 61.409
131.2 0 181.256
134.4 0 260.365
137.6 0 171.297
140.8 0 346.916
144 0 43.8755
147.2 0 85.4032
150.4 0 5.40277
153.6 0 17.643
156.8 0 6.95519
160 0 214.362
163.2 0 0
166.4 0 0
169.6 0 0
172.8 0 0
176 0 0
179.2 0 0
182.4 0 0
185.6 0 0
188.8 0 0
192 0 0
195.2 0 0
198.4 0 0
201.6 0 0
204.8 0 0
208 0 0
211.2 0 0
214.4 0 0
217.6 0 0
220.8 0 0
224 0 0
227.2 0 0
230.4 0 0
233.6 0 0
236.8 0 0
240 0 0
243.2 0 0
246.4 0 0
249.6 0 0
252.8 0 0
256 0 0
259.2 0 0
262.4 0 0
265.6 0 0
268.8 0 0
272 0 0
275.2 0 0
278.4 0 0
281.6 0 0
284.8 0 0
288 0 0
291.2 0 0
294.4 0 0
297.6 0 0
300.8 0 0
304 0 0
307.2 0 0
310.4 0 0
313.6 0 0
316.8 0 0
