0 0 1.27848
3.2 0 3.39938
6.4 0 19.684
9.6 0 2295.62
12.8 0 58.1978
16 0 15.8887
19.2 0 6.91184
22.4 0 4.72622
25.6 0 2.76587
28.8 0 2.55012
32 0 1.86878
35.2 0 1.43016
38.4 0 0.897627
41.6 0 0.933952
44.8 0 0.827624
48 0 0.791177
51.2 0 0.81949
54.4 0 0.716868
57.6 0 0.392907
60.8 0 0.580149
64 0 0.564346
67.2 0 0.521211
70.4 0 0.277081
73.6 0 0.197668
76.8 0 0.185628
80 0 0.286323
83.2 0 0.44491
86.4 0 0.277667
89.6 0 0.263724
92.8 0 0.218792
96 0 0.121959
99.2 0 0.157011
102.4 0 0.233962
105.6 0 0.130855
108.8 0 0.182773
112 0 0.119778
115.2 0 0.109042
118.4 0 0.103646
121.6 0 0.145415
124.8 0 0.0531153
128 0 0.0925767
131.2 0 0.233465
134.4 0 0.204548
137.6 0 0.113758
140.8 0 0.127195
144 0 0.192387
147.2 0 0.113821
150.4 0 0.189297
153.6 0 0.112967
156.8 0 0.149857
160 0 0.0937189
163.2 0 0
166.4 0 0
169.6 0 0
172.8 0 0
176 0 0
179.2 0 0
182.4 0 0
185.6 0 0
188.8 0 0
192 0 0
195.2 0 0
198.4 0 0
201.6 0 0
204.8 0 0
208 0 0
211.2 0 0
214.4 0 0
217.6 0 0
220.8 0 0
224 0 0
227.2 0 0
230.4 0 0
233.6 0 0
236.8 0 0
240 0 0
243.2 0 0
246.4 0 0
249.6 0 0
252.8 0 0
256 0 0
259.2 0 0
262.4 0 0
265.6 0 0
268.8 0 0
272 0 0
275.2 0 0
278.4 0 0
281.6 0 0
284.8 0 0
288 0 0
291.2 0 0
294.4 0 0
297.6 0 0
300.8 0 0
304 0 0
307.2 0 0
310.4 0 0
313.6 0 0
316.8 0 0
