0.0000000 -0.7735977
0.0031250 0.2186487
0.0062500 0.4095577
0.0093750 -0.0703259
0.0125000 0.8374331
0.0156250 0.1904732
0.0187500 0.7453618
0.0218750 0.7099962
0.0250000 0.0974047
0.0281250 1.0987284
0.0312500 1.4345292
0.0343750 1.1679722
0.0375000 -0.2133802
0.0406250 0.7220762
0.0437500 0.3601280
0.0468750 0.4733314
0.0500000 -0.1297649
0.0531250 -0.7910939
0.0562500 0.1800535
0.0593750 -0.9166956
0.0625000 -0.6794295
0.0656250 -1.2904006
0.0687500 -0.7249415
0.0718750 -1.0182348
0.0750000 -0.7316073
0.0781250 -1.0883945
0.0812500 -0.7616497
0.0843750 -0.7161879
0.0875000 -0.8025344
0.0906250 -0.6038269
0.0937500 -0.7125390
0.0968750 -0.6167061
0.1000000 0.0052539
0.1031250 -0.3986647
0.1062500 -0.3437487
0.1093750 0.0600973
0.1125000 0.7627869
0.1156250 1.0587234
0.1187500 1.6298649
0.1218750 0.5959694
0.1250000 1.4338102
0.1281250 1.3445195
0.1312500 0.6511081
0.1343750 0.7662057
0.1375000 1.3322785
0.1406250 1.0137264
0.1437500 0.4426800
0.1468750 0.0879789
0.1500000 -0.9431895
0.1531250 -0.7565142
0.1562500 -0.1096440
0.1593750 -1.1488172
0.1625000 -0.2580873
0.1656250 -1.1079835
0.1687500 -0.8073341
0.1718750 -0.8445119
0.1750000 -0.6714681
0.1781250 -1.0233129
0.1812500 -0.4707941
0.1843750 -1.4713600
0.1875000 -0.9851336
0.1906250 -1.4814163
0.1937500 -0.6068284
0.1968750 -0.1686838
0.2000000 -0.4579144
0.2031250 -0.1913937
0.2062500 1.3041686
0.2093750 0.4059656
0.2125000 1.4792606
0.2156250 0.0763210
0.2187500 0.4697080
0.2218750 1.3769958
0.2250000 0.8848959
0.2281250 1.0901878
0.2312500 1.5715592
0.2343750 -0.1059084
0.2375000 -0.1115048
0.2406250 0.0316591
0.2437500 0.3136291
0.2468750 0.3188177
0.2500000 0.3057486
0.2531250 0.1360410
0.2562500 0.3745705
0.2593750 -0.4016992
0.2625000 -0.7202007
0.2656250 -1.7615474
0.2687500 -1.2967138
0.2718750 -1.1011953
0.2750000 -0.5603337
0.2781250 -1.1789985
0.2812500 0.0931812
0.2843750 -0.5531237
0.2875000 -0.5451827
0.2906250 0.2524215
0.2937500 0.0043737
0.2968750 1.0497712
0.3000000 0.0397511
0.3031250 0.3601961
0.3062500 0.1985542
0.3093750 -0.0554176
