0.0 0
0.33444816053511706 0
0.6688963210702341 0
1.0033444816053512 0
1.3377926421404682 0
1.6722408026755853 0
2.0066889632107023 0
2.3411371237458196 0
2.6755852842809364 0
3.0100334448160533 0
3.3444816053511706 0
3.678929765886288 0
4.013377926421405 0
4.3478260869565215 0
4.682274247491639 0
5.016722408026756 0
5.351170568561873 0
5.68561872909699 0
6.020066889632107 0
6.354515050167224 0
6.688963210702341 0
7.023411371237458 0
7.357859531772576 0
7.6923076923076925 0
8.02675585284281 0
8.361204013377927 0
8.695652173913043 0
9.03010033444816 0
9.364548494983278 0
9.698996655518394 0
10.033444816053512 0
10.367892976588628 0
10.702341137123746 0
11.036789297658864 0
11.37123745819398 0
11.705685618729097 0
12.040133779264213 0
12.37458193979933 0
12.709030100334449 0
13.043478260869565 0
13.377926421404682 0
13.7123745819398 0
14.046822742474916 0
14.381270903010034 0
14.715719063545151 0
15.050167224080267 0
15.384615384615385 0
15.719063545150501 0
16.05351170568562 0
16.387959866220736 0
16.722408026755854 0
17.05685618729097 0
17.391304347826086 0
17.725752508361204 0
18.06020066889632 0
18.39464882943144 0
18.729096989966557 0
19.06354515050167 0
19.39799331103679 0
19.732441471571907 0
20.066889632107024 0
20.401337792642142 0
20.735785953177256 0
21.070234113712374 0
21.40468227424749 0
21.73913043478261 0
22.073578595317727 0
22.40802675585284 0
22.74247491638796 0
23.076923076923077 0
23.411371237458194 0
23.745819397993312 0
24.080267558528426 0
24.414715719063544 0
24.74916387959866 0
25.08361204013378 0
25.418060200668897 0
25.752508361204015 0
26.08695652173913 0
26.421404682274247 0
26.755852842809364 0
27.090301003344482 0
27.4247491638796 0
27.759197324414714 0
28.093645484949832 0
28.42809364548495 0
28.762541806020067 0
29.096989966555185 0
29.431438127090303 0
29.765886287625417 0
30.100334448160535 0
30.434782608695652 0
30.76923076923077 0
31.103678929765888 0
31.438127090301002 0
31.77257525083612 0
32.10702341137124 0
32.441471571906355 0
32.77591973244147 0
33.11036789297659 0
33.44481605351171 0
33.779264214046826 0
34.11371237458194 0
34.448160535117054 0
34.78260869565217 0
35.11705685618729 0
35.45150501672241 0
35.785953177257525 0
36.12040133779264 0
36.45484949832776 0
36.78929765886288 0
37.123745819397996 0
37.458193979933114 0
37.792642140468224 0
38.12709030100334 0
38.46153846153846 0
38.79598662207358 0
39.130434782608695 0
39.46488294314381 0
39.79933110367893 0
40.13377926421405 0
40.468227424749166 0
40.802675585284284 0
41.137123745819395 0
41.47157190635451 0
41.80602006688963 0
42.14046822742475 0
42.474916387959865 0
42.80936454849498 0
43.1438127090301 0
43.47826086956522 0
43.812709030100336 0
44.147157190635454 0
44.48160535117057 0
44.81605351170568 0
45.1505016722408 0
45.48494983277592 0
45.819397993311036 0
46.15384615384615 0
46.48829431438127 0
46.82274247491639 0
47.15719063545151 0
47.491638795986624 0
47.82608695652174 0
48.16053511705685 0
48.49498327759197 0
48.82943143812709 0
49.163879598662206 0
49.49832775919732 0
49.83277591973244 0
50.16722408026756 0
50.50167224080268 0
50.836120401337794 0
51.17056856187291 0
51.50501672240803 0
51.83946488294314 0
52.17391304347826 0
52.508361204013376 0
52.84280936454849 0
53.17725752508361 0
53.51170568561873 0
53.84615384615385 0
54.180602006688964 0
54.51505016722408 0
54.8494983277592 0
55.18394648829432 0
55.51839464882943 0
55.852842809364546 0
56.187290969899664 0
56.52173913043478 0
56.8561872909699 0
57.19063545150502 0
57.525083612040135 0
57.85953177257525 0
58.19397993311037 0
58.52842809364549 0
58.862876254180605 0
59.197324414715716 0
59.531772575250834 0
59.86622073578595 0
60.20066889632107 0
60.53511705685619 0
60.869565217391305 0
61.20401337792642 0
61.53846153846154 0
61.87290969899666 0
62.207357859531776 0
62.541806020066886 0
62.876254180602004 0
63.21070234113712 0
63.54515050167224 0
63.87959866220736 0
64.21404682274247 0
64.54849498327759 0
64.88294314381271 0
65.21739130434783 0
65.55183946488295 0
65.88628762541806 0
66.22073578595318 0
66.5551839464883 0
66.88963210702342 0
67.22408026755853 0
67.55852842809365 0
67.89297658862876 0
68.22742474916387 0
68.56187290969899 0
68.89632107023411 0
69.23076923076923 0
69.56521739130434 0
69.89966555183946 0
70.23411371237458 0
70.5685618729097 0
70.90301003344482 0
71.23745819397993 0
71.57190635451505 0
71.90635451505017 0
72.24080267558529 0
72.5752508361204 0
72.90969899665552 0
73.24414715719064 0
73.57859531772576 0
73.91304347826087 0
74.24749163879599 0
74.58193979933111 0
74.91638795986623 0
75.25083612040133 0
75.58528428093645 0
75.91973244147157 0
76.25418060200668 0
76.5886287625418 0
76.92307692307692 0
77.25752508361204 0
77.59197324414716 0
77.92642140468227 0
78.26086956521739 0
78.59531772575251 0
78.92976588628763 0
79.26421404682274 0
79.59866220735786 0
79.93311036789298 0
80.2675585284281 0
80.60200668896321 0
80.93645484949833 0
81.27090301003345 0
81.60535117056857 0
81.93979933110369 0
82.27424749163879 0
82.6086956521739 0
82.94314381270902 0
83.27759197324414 0
83.61204013377926 0
83.94648829431438 0
84.2809364548495 0
84.61538461538461 0
84.94983277591973 0
85.28428093645485 0
85.61872909698997 0
85.95317725752508 0
86.2876254180602 0
86.62207357859532 0
86.95652173913044 0
87.29096989966555 0
87.62541806020067 0
87.95986622073579 0
88.29431438127091 0
88.62876254180603 0
88.96321070234114 0
89.29765886287625 0
89.63210702341136 0
89.96655518394648 0
90.3010033444816 0
90.63545150501672 0
90.96989966555184 0
91.30434782608695 0
91.63879598662207 0
91.97324414715719 0
92.3076923076923 0
92.64214046822742 0
92.97658862876254 0
93.31103678929766 0
93.64548494983278 0
93.9799331103679 0
94.31438127090301 0
94.64882943143813 0
94.98327759197325 0
95.31772575250837 0
95.65217391304348 0
95.9866220735786 0
96.3210702341137 0
96.65551839464882 0
96.98996655518394 0
97.32441471571906 0
97.65886287625418 0
97.9933110367893 0
98.32775919732441 0
98.66220735785953 0
98.99665551839465 0
99.33110367892976 0
99.66555183946488 0
100.0 0
