0.0000000 20.0662651
0.0010000 -10.1569300
0.0020000 -14.9978180
0.0030000 -5.2718582
0.0040000 -8.8005238
0.0050000 5.5623727
0.0060000 15.5216665
0.0070000 -13.3098240
0.0080000 -1.0654954
0.0090000 12.7350836
0.0100000 -27.9985447
0.0110000 -74.9635162
0.0120000 52.3228912
0.0130000 -12.5507545
0.0140000 29.7916470
0.0150000 -17.2282143
0.0160000 -35.6648178
0.0170000 -24.9281387
0.0180000 -18.9545326
0.0190000 -28.0861225
0.0200000 116.2979202
0.0210000 35.0422211
0.0220000 24.9351330
0.0230000 -13.6325436
0.0240000 23.2946510
0.0250000 47.4132996
0.0260000 17.1456966
0.0270000 2.2556190
0.0280000 12.8362551
0.0290000 -73.1116943
0.0300000 17.5759354
0.0310000 16.6914501
0.0320000 34.2939224
0.0330000 44.8830261
0.0340000 -1.8396035
0.0350000 14.9607716
0.0360000 -54.3764648
0.0370000 11.1762743
0.0380000 37.4723549
0.0390000 -21.9946537
0.0400000 -27.9072800
0.0410000 59.5875435
0.0420000 -55.5883560
0.0430000 -59.0547752
0.0440000 14.2687712
0.0450000 16.1542320
0.0460000 16.8576889
0.0470000 -2.5842910
0.0480000 -1.9215133
0.0490000 24.5025406
0.0500000 22.0201530
0.0510000 32.4138145
0.0520000 -19.9039097
0.0530000 -11.7510166
0.0540000 51.5977898
0.0550000 -40.5288200
0.0560000 35.7912750
0.0570000 1.1568551
0.0580000 35.5122108
0.0590000 -41.6894226
0.0600000 21.9446564
0.0610000 30.5014267
0.0620000 -80.7937469
0.0630000 39.4571800
0.0640000 8.4311085
0.0650000 8.1270123
0.0660000 -7.9841094
0.0670000 -24.8419495
0.0680000 31.8598423
0.0690000 -2.3083537
0.0700000 -5.5102935
0.0710000 33.8406525
0.0720000 -32.9141464
0.0730000 -1.0433023
0.0740000 -12.4430780
0.0750000 -7.3191819
0.0760000 -5.8107963
0.0770000 -0.1679848
0.0780000 -25.4170189
0.0790000 -35.6761589
0.0800000 -15.5020180
0.0810000 -8.8236217
0.0820000 -8.4999380
0.0830000 -32.4934196
0.0840000 -2.4247293
0.0850000 54.2719841
0.0860000 -2.2913873
0.0870000 34.3714218
0.0880000 41.2386665
0.0890000 -37.0044479
0.0900000 72.6558304
0.0910000 4.6792302
0.0920000 13.4742193
0.0930000 16.6998901
0.0940000 41.3994064
0.0950000 -30.1600952
0.0960000 -3.7428546
0.0970000 -27.4248848
0.0980000 31.4844551
0.0990000 -15.9362669
0.1000000 9.1075220
0.1010000 16.8653660
0.1020000 49.3531189
0.1030000 -18.4402466
0.1040000 17.8309460
0.1050000 -21.5269222
0.1060000 -22.1431026
0.1070000 21.1177807
0.1080000 -62.0687141
0.1090000 5.0120888
0.1100000 -53.8517685
0.1110000 2.9098670
0.1120000 -18.8519211
0.1130000 4.9639544
0.1140000 23.1431904
0.1150000 1.9498997
0.1160000 -70.5588913
0.1170000 34.9126320
0.1180000 -69.1751785
0.1190000 -32.0158348
0.1200000 -4.4942875
0.1210000 -14.5370512
0.1220000 45.4930077
0.1230000 -65.0181198
0.1240000 -8.9376240
0.1250000 -48.7757034
0.1260000 -82.8084412
0.1270000 -42.2635384
0.1280000 -5.2118683
0.1290000 6.5803280
0.1300000 29.6898746
0.1310000 37.9436684
0.1320000 23.1376724
0.1330000 -14.5055943
0.1340000 82.3413620
0.1350000 -20.0670166
0.1360000 -0.0215571
0.1370000 -31.9649239
0.1380000 -74.4220123
0.1390000 28.2584152
0.1400000 17.0800571
0.1410000 -11.5363941
0.1420000 -15.7760553
0.1430000 -28.4124508
0.1440000 69.9995651
0.1450000 8.3010826
0.1460000 -20.2481461
0.1470000 9.3707390
0.1480000 55.2886391
0.1490000 -48.8081055
0.1500000 14.2712717
0.1510000 46.9413376
0.1520000 70.6120377
0.1530000 6.3906341
0.1540000 20.9103355
0.1550000 -26.2099972
0.1560000 37.8796234
0.1570000 -18.4841366
0.1580000 27.5302105
0.1590000 28.2601948
0.1600000 -18.1243649
0.1610000 10.7229948
0.1620000 -18.2631664
0.1630000 -61.8516159
0.1640000 40.7877922
0.1650000 -8.6626101
0.1660000 11.2866249
0.1670000 -18.9878044
0.1680000 -8.7789879
0.1690000 -12.5117207
0.1700000 64.1800995
0.1710000 49.1391945
0.1720000 14.5669250
0.1730000 -42.0442657
0.1740000 18.2989082
0.1750000 28.9764690
0.1760000 128.4481049
0.1770000 -20.5719662
0.1780000 6.1391258
0.1790000 -59.5499458
0.1800000 -29.1940880
0.1810000 9.5127687
0.1820000 -91.1486435
0.1830000 82.6244507
0.1840000 12.1524458
0.1850000 -9.6711092
0.1860000 -22.2960529
0.1870000 -1.2992572
0.1880000 -39.4198570
0.1890000 -22.5571575
0.1900000 -2.4352367
0.1910000 -21.1093349
0.1920000 8.1920214
0.1930000 -51.6475716
0.1940000 38.9593925
0.1950000 7.2123003
0.1960000 -8.0165224
0.1970000 1.0033270
0.1980000 -38.0902786
0.1990000 -58.8337135
0.2000000 -12.1769934
0.2010000 -40.9493065
0.2020000 -3.5064809
0.2030000 8.2365255
0.2040000 -13.5139103
0.2050000 38.9030876
0.2060000 -62.6343727
0.2070000 -9.8418913
0.2080000 13.2519035
0.2090000 -7.9729781
0.2100000 -10.4767189
0.2110000 -4.8872643
0.2120000 75.4364929
0.2130000 -2.9283452
0.2140000 6.3849058
0.2150000 -16.2064190
0.2160000 20.5234566
0.2170000 -17.1939392
0.2180000 -9.2429552
0.2190000 5.5428281
0.2200000 19.0759354
0.2210000 -10.8944931
0.2220000 16.7267838
0.2230000 54.0552979
0.2240000 15.1448269
0.2250000 88.6716690
0.2260000 28.4108582
0.2270000 70.6907120
0.2280000 96.4369125
0.2290000 -31.9493713
0.2300000 16.4365005
0.2310000 -24.1487083
0.2320000 -63.6186180
0.2330000 -61.0702477
0.2340000 -40.1921501
0.2350000 18.9197388
0.2360000 -28.4637356
0.2370000 14.4482861
0.2380000 100.5475769
0.2390000 -2.3057873
0.2400000 -40.1799355
0.2410000 19.7763977
0.2420000 12.1217155
0.2430000 -8.8313637
0.2440000 -61.8208199
0.2450000 21.4360809
0.2460000 6.3845100
0.2470000 -50.5862427
0.2480000 34.0540199
0.2490000 -44.2179413
0.2500000 -62.8960304
0.2510000 0.8187274
0.2520000 30.5720139
0.2530000 -33.8188095
0.2540000 12.9378920
0.2550000 42.5012512
0.2560000 -30.6825333
0.2570000 3.9117029
0.2580000 91.0051880
0.2590000 -47.2721367
0.2600000 -32.7106094
0.2610000 35.2524681
0.2620000 61.7962379
0.2630000 -25.7508621
0.2640000 -20.0778751
0.2650000 49.6804733
0.2660000 -19.1109390
0.2670000 -17.5624218
0.2680000 62.6691170
0.2690000 60.6463852
0.2700000 15.5036354
0.2710000 28.7268429
0.2720000 3.9395506
0.2730000 45.0433578
0.2740000 -45.0815506
0.2750000 -15.3124561
0.2760000 -8.9262800
0.2770000 -6.9897571
0.2780000 -57.1373634
0.2790000 49.7257957
0.2800000 -7.8640528
0.2810000 36.4010773
0.2820000 -20.8768024
0.2830000 -63.6475601
0.2840000 2.7427013
0.2850000 66.2359695
0.2860000 47.2839165
0.2870000 -38.9245644
0.2880000 57.2482300
0.2890000 -8.9949379
0.2900000 13.9254885
0.2910000 10.1327066
0.2920000 46.2987709
0.2930000 -6.9734225
0.2940000 -19.0322380
0.2950000 -17.0742302
0.2960000 12.6039724
0.2970000 -40.9639931
0.2980000 -11.1551380
0.2990000 -16.0782566
0.3000000 -14.6521502
0.3010000 22.1673698
0.3020000 -41.7243042
0.3030000 30.6375256
0.3040000 -8.5025043
0.3050000 43.6232834
0.3060000 18.1850319
0.3070000 9.0891895
0.3080000 25.5500450
0.3090000 -2.0298181
0.3100000 4.2965050
0.3110000 -44.9154472
0.3120000 -30.8199139
0.3130000 0.8067695
0.3140000 -18.2049026
0.3150000 -2.2178948
0.3160000 -25.4596291
0.3170000 59.1309929
0.3180000 25.7730732
0.3190000 3.8569164
0.3200000 -27.1134396
0.3210000 19.1400127
0.3220000 -46.9066315
0.3230000 57.9025955
0.3240000 2.1946888
0.3250000 -38.4126625
0.3260000 21.6363678
0.3270000 -12.1756468
0.3280000 -44.0381660
0.3290000 -13.7269039
0.3300000 -7.5683928
0.3310000 43.2551270
0.3320000 -22.4344063
0.3330000 -2.9885974
0.3340000 4.3981395
0.3350000 38.6309280
0.3360000 -7.9543014
0.3370000 -34.2251205
0.3380000 -57.0613022
0.3390000 -5.4011908
0.3400000 6.6693201
0.3410000 36.6393242
0.3420000 -14.7035942
0.3430000 16.3345261
0.3440000 43.9439850
0.3450000 -35.6680374
0.3460000 35.4212189
0.3470000 -33.2845573
0.3480000 -5.3331614
0.3490000 -37.6888084
0.3500000 -19.8098316
0.3510000 -38.3092270
0.3520000 20.0420513
0.3530000 22.9146118
0.3540000 10.9117584
0.3550000 -19.1405296
0.3560000 -10.5570307
0.3570000 -49.9768867
0.3580000 10.5812149
0.3590000 30.3605862
0.3600000 -51.2368660
0.3610000 36.5596237
0.3620000 -33.2492447
0.3630000 -24.7114162
0.3640000 -67.2871475
0.3650000 -3.8908875
0.3660000 44.1123123
0.3670000 71.1396408
0.3680000 -27.0589409
0.3690000 32.5769806
0.3700000 4.5942588
0.3710000 7.0821548
0.3720000 -20.4415092
0.3730000 -74.5252686
0.3740000 33.4392052
0.3750000 74.2423630
0.3760000 24.4858150
0.3770000 41.6865387
0.3780000 -3.3995025
0.3790000 21.6568775
0.3800000 27.3357124
0.3810000 -93.8288345
0.3820000 -26.6466331
0.3830000 -62.8940468
0.3840000 -27.0606232
0.3850000 13.5054960
0.3860000 26.9961205
0.3870000 -5.2965226
0.3880000 28.7533836
0.3890000 27.3007088
0.3900000 -32.5862732
0.3910000 26.4641247
0.3920000 38.8287888
0.3930000 9.5308046
0.3940000 36.8533211
0.3950000 -18.6051235
0.3960000 -30.9849834
0.3970000 -60.2193413
0.3980000 31.6753292
0.3990000 22.8901100
0.4000000 -28.1210384
0.4010000 10.1790085
0.4020000 -39.0292702
0.4030000 -42.0862961
0.4040000 -1.3411721
0.4050000 -20.0086117
0.4060000 -50.4699326
0.4070000 25.0844193
0.4080000 55.3884811
0.4090000 -7.2017913
0.4100000 2.7485535
0.4110000 -49.2836380
0.4120000 60.1361694
0.4130000 -1.5983677
0.4140000 4.9845715
0.4150000 -7.5742269
0.4160000 64.7385635
0.4170000 -51.4599075
0.4180000 -16.2901421
0.4190000 27.0330563
0.4200000 63.8049545
0.4210000 -1.9210325
0.4220000 34.0090599
0.4230000 -22.1400814
0.4240000 -13.2221241
0.4250000 7.2661867
0.4260000 -40.1769905
0.4270000 -21.1820049
0.4280000 6.8301182
0.4290000 -28.5534210
0.4300000 -17.2588615
0.4310000 -25.5831966
0.4320000 34.2382050
0.4330000 3.2241232
0.4340000 16.2767448
0.4350000 51.2827492
0.4360000 -11.6292076
0.4370000 15.9549265
0.4380000 35.1939507
0.4390000 9.9765224
0.4400000 -1.1544087
0.4410000 56.4266891
0.4420000 8.3717070
0.4430000 4.8479486
0.4440000 -4.1722951
0.4450000 -73.6077652
0.4460000 -9.2036324
0.4470000 -9.5924959
0.4480000 17.8601341
0.4490000 -30.9923687
0.4500000 -47.1563377
0.4510000 11.1074657
0.4520000 -6.3401165
0.4530000 47.6125298
0.4540000 0.9645342
0.4550000 4.9690495
0.4560000 -63.7666473
0.4570000 -5.9989777
0.4580000 13.9307070
0.4590000 27.6375332
0.4600000 12.3843641
0.4610000 -39.2603416
0.4620000 -0.2431918
0.4630000 8.0891895
0.4640000 -29.3703804
0.4650000 69.7384033
0.4660000 -12.8079281
0.4670000 -19.0682678
0.4680000 3.1678889
0.4690000 47.8998528
0.4700000 -1.7873621
0.4710000 16.3464546
0.4720000 13.2041159
0.4730000 -26.7746277
0.4740000 -12.7775345
0.4750000 -37.2143478
0.4760000 -2.9657681
0.4770000 34.4355469
0.4780000 -36.0928116
0.4790000 68.9013901
0.4800000 33.4405518
0.4810000 4.3031535
0.4820000 24.6841564
0.4830000 5.7970357
0.4840000 -54.7350883
0.4850000 -10.7686405
0.4860000 -47.6029167
0.4870000 -12.0753164
0.4880000 -7.0971971
0.4890000 -56.0759277
0.4900000 -8.2734890
0.4910000 -48.6576614
0.4920000 78.9899139
0.4930000 -53.6068382
0.4940000 -27.0691605
0.4950000 -6.5981431
0.4960000 -55.5487022
0.4970000 -32.0210991
0.4980000 22.0896339
0.4990000 -12.8205729
0.5000000 -22.3236217
0.5010000 28.1936932
0.5020000 44.6383438
0.5030000 -6.3348274
0.5040000 4.5844021
0.5050000 19.4881077
0.5060000 0.9399638
0.5070000 22.0330429
0.5080000 4.2182927
0.5090000 -21.8995667
0.5100000 -26.9546127
0.5110000 19.6582928
0.5120000 -31.1495247
0.5130000 45.2091064
0.5140000 46.7974777
0.5150000 -51.7257385
0.5160000 79.8038101
0.5170000 -83.8251419
0.5180000 38.1236763
0.5190000 12.2996807
0.5200000 19.8579407
0.5210000 -6.4682498
0.5220000 -12.3640118
0.5230000 0.0061461
0.5240000 18.3744011
0.5250000 -21.9059010
0.5260000 -36.3150139
0.5270000 -11.2397270
0.5280000 20.1195736
0.5290000 -11.5788965
0.5300000 -29.8685589
0.5310000 10.2719507
0.5320000 -44.6084061
0.5330000 17.4705391
0.5340000 -62.5882912
0.5350000 38.5560112
0.5360000 36.2470818
0.5370000 -21.2398453
0.5380000 2.7191527
0.5390000 -10.8220453
0.5400000 -28.2820530
0.5410000 -27.9782829
0.5420000 -38.4586411
0.5430000 18.3684425
0.5440000 -47.7719154
0.5450000 -15.6822510
0.5460000 -78.0895004
0.5470000 -11.0017395
0.5480000 19.9878578
0.5490000 -3.1891730
0.5500000 -7.9785070
0.5510000 -19.6516552
0.5520000 -23.7001762
0.5530000 20.0831089
0.5540000 -3.8988776
0.5550000 -17.3688011
0.5560000 34.5225716
0.5570000 28.5032711
0.5580000 32.5242386
0.5590000 -31.3718128
0.5600000 14.1683302
0.5610000 -6.6735682
0.5620000 -65.0001144
0.5630000 -1.5709416
0.5640000 58.7736015
0.5650000 3.2702649
0.5660000 -9.0600700
0.5670000 -6.2863345
0.5680000 6.1732073
0.5690000 76.1300201
0.5700000 -23.4741688
0.5710000 -61.2886238
0.5720000 -22.9034767
0.5730000 -50.7226562
0.5740000 5.2670746
0.5750000 31.8186970
0.5760000 7.7713737
0.5770000 -19.0284672
0.5780000 -75.9945602
0.5790000 -14.9666157
0.5800000 -14.8625908
0.5810000 36.0695038
0.5820000 6.2207060
0.5830000 2.8014145
0.5840000 42.5564766
0.5850000 16.9203033
0.5860000 -14.8777390
0.5870000 15.7620287
0.5880000 50.8925743
0.5890000 -64.7546463
0.5900000 -1.4977143
0.5910000 -31.9354897
0.5920000 15.2229176
0.5930000 35.0698814
0.5940000 -76.9465942
0.5950000 41.1605759
0.5960000 48.5824394
0.5970000 -32.8681259
0.5980000 -56.8182793
0.5990000 6.9945149
0.6000000 37.1638451
0.6010000 14.3688517
0.6020000 -44.8857918
0.6030000 -9.7962465
0.6040000 0.8788934
0.6050000 36.8051567
0.6060000 -14.5090380
0.6070000 -31.7244701
0.6080000 -50.1588783
0.6090000 -21.6763439
0.6100000 -4.0403595
0.6110000 -63.7856636
0.6120000 -43.6043892
0.6130000 8.0154734
0.6140000 44.4331093
0.6150000 -69.0235138
0.6160000 7.2858734
0.6170000 -7.9179778
0.6180000 21.5645313
0.6190000 4.8939137
0.6200000 6.4534359
0.6210000 57.5015144
0.6220000 69.1268845
0.6230000 15.4622545
0.6240000 -11.6320019
0.6250000 -2.6412210
0.6260000 7.8154478
0.6270000 20.1369171
0.6280000 15.8623924
0.6290000 22.8246822
0.6300000 -39.7192421
0.6310000 62.9265976
0.6320000 45.1547623
0.6330000 19.0496178
0.6340000 -14.8910265
0.6350000 -15.6631641
0.6360000 -6.5863237
0.6370000 -37.2099915
0.6380000 72.8768539
0.6390000 -17.6821995
0.6400000 -40.2618370
0.6410000 -11.0158920
0.6420000 33.2562294
0.6430000 -29.2635002
0.6440000 73.6551285
0.6450000 -65.7111359
0.6460000 3.8230517
0.6470000 11.7263365
0.6480000 39.7376938
0.6490000 -24.8133278
0.6500000 -53.2171555
0.6510000 8.8224936
0.6520000 8.3988781
0.6530000 22.6070957
0.6540000 12.5321302
0.6550000 65.1238937
0.6560000 -15.2911568
0.6570000 18.2069702
0.6580000 15.8993206
0.6590000 -35.2031441
0.6600000 -17.4162979
0.6610000 -14.7649136
0.6620000 6.4894032
0.6630000 -31.1906948
0.6640000 -42.0771065
0.6650000 7.5118070
0.6660000 -1.2540739
0.6670000 -26.2001114
0.6680000 10.8157921
0.6690000 1.9365306
0.6700000 -1.6118251
0.6710000 9.3178358
0.6720000 38.4314041
0.6730000 -0.5019164
0.6740000 -21.5044003
0.6750000 -30.1082516
0.6760000 2.5160868
0.6770000 5.7296777
0.6780000 6.4638076
0.6790000 -36.1448059
0.6800000 42.8132820
0.6810000 -18.3063202
0.6820000 -46.5074577
0.6830000 5.2561178
0.6840000 14.1638927
0.6850000 -11.7179623
0.6860000 -9.9511251
0.6870000 -0.7556924
0.6880000 -19.5281086
0.6890000 -6.0194025
0.6900000 -42.2322235
0.6910000 -42.3858032
0.6920000 -3.6253116
0.6930000 48.7569199
0.6940000 -1.8266078
0.6950000 -5.2511554
0.6960000 2.5897808
0.6970000 39.9855919
0.6980000 15.1162310
0.6990000 36.9521103
0.7000000 16.5773144
0.7010000 18.1337166
0.7020000 -30.5690613
0.7030000 -34.8678856
0.7040000 47.6093483
0.7050000 26.6874714
0.7060000 -54.7058144
0.7070000 2.1997037
0.7080000 -18.9499969
0.7090000 -33.5823746
0.7100000 9.1643543
0.7110000 -12.4685469
0.7120000 -7.0549283
0.7130000 1.1642714
0.7140000 -11.2509794
0.7150000 15.5155230
0.7160000 -15.8312025
0.7170000 -73.2568588
0.7180000 -24.7349720
0.7190000 8.2920580
0.7200000 86.0318298
0.7210000 45.0211372
0.7220000 -15.5585680
0.7230000 -74.6398773
0.7240000 -9.3647032
0.7250000 -11.6425486
0.7260000 -13.6967068
0.7270000 5.6690335
0.7280000 3.1105461
0.7290000 -53.3010025
0.7300000 -85.7074356
0.7310000 93.7269287
0.7320000 25.5438709
0.7330000 78.3380127
0.7340000 32.1977615
0.7350000 35.9103661
0.7360000 -23.0744553
0.7370000 -5.9635010
0.7380000 -2.2200079
0.7390000 24.2746181
0.7400000 44.1083260
0.7410000 41.5759392
0.7420000 -52.2952156
0.7430000 2.7599473
0.7440000 -21.8931961
0.7450000 3.8658016
0.7460000 -5.1050730
0.7470000 12.0066891
0.7480000 -46.8521729
0.7490000 14.4263821
0.7500000 60.8805046
0.7510000 -19.4815598
0.7520000 -23.1759777
0.7530000 -13.0319672
0.7540000 55.5289001
0.7550000 35.5609322
0.7560000 69.8823090
0.7570000 -1.6360013
0.7580000 -4.1683426
0.7590000 -70.1004639
0.7600000 48.9626122
0.7610000 -49.7866173
0.7620000 -91.0825119
0.7630000 15.0633965
0.7640000 -10.9474955
0.7650000 51.9356461
0.7660000 -10.8554392
0.7670000 60.5642815
0.7680000 -41.7590637
0.7690000 -21.8296108
0.7700000 -16.8619480
0.7710000 17.2527847
0.7720000 -53.9182434
0.7730000 12.4833555
0.7740000 -32.3346329
0.7750000 -60.1303101
0.7760000 -26.7860756
0.7770000 49.0370636
0.7780000 -8.8076572
0.7790000 2.3109298
0.7800000 -30.5533867
0.7810000 -19.6019650
0.7820000 22.3937969
0.7830000 -36.1823158
0.7840000 13.2078466
0.7850000 -10.3458652
0.7860000 -4.0430150
0.7870000 9.0400400
0.7880000 4.1651721
0.7890000 -14.8768625
0.7900000 44.1108971
0.7910000 31.3447151
0.7920000 28.9663219
0.7930000 -23.5738449
0.7940000 63.5862274
0.7950000 -29.8175049
0.7960000 -24.0592880
0.7970000 -2.4386442
0.7980000 39.7436409
0.7990000 0.4210980
0.8000000 16.4792976
0.8010000 42.6710548
0.8020000 -69.8587570
0.8030000 -14.3153896
0.8040000 37.8456573
0.8050000 53.4902916
0.8060000 13.0453110
0.8070000 22.2093792
0.8080000 18.1308422
0.8090000 21.3008595
0.8100000 -9.6459646
0.8110000 62.9160576
0.8120000 2.9298339
0.8130000 85.1083145
0.8140000 11.4591627
0.8150000 1.9859136
0.8160000 11.5047188
0.8170000 6.3757401
0.8180000 76.3600235
0.8190000 30.0770226
0.8200000 -12.8386011
0.8210000 39.2920303
0.8220000 23.1484127
0.8230000 -15.4610090
0.8240000 -80.3072205
0.8250000 -21.7136288
0.8260000 45.2958488
0.8270000 16.0337887
0.8280000 -21.4691372
0.8290000 21.3960209
0.8300000 -63.9593315
0.8310000 -38.0214386
0.8320000 -24.5159893
0.8330000 -47.2204094
0.8340000 26.9683151
0.8350000 -28.4486427
0.8360000 -7.8020806
0.8370000 12.1004944
0.8380000 16.1568775
0.8390000 12.7717505
0.8400000 -61.1015205
0.8410000 26.9354439
0.8420000 42.0022545
0.8430000 19.1369457
0.8440000 28.1773224
0.8450000 21.3297882
0.8460000 -29.9399395
0.8470000 -6.9089742
0.8480000 15.4933720
0.8490000 -50.3174896
0.8500000 -57.2073708
0.8510000 -27.3228626
0.8520000 -22.6315994
0.8530000 35.2185440
0.8540000 -31.6095581
0.8550000 46.4960327
0.8560000 -2.5306313
0.8570000 55.1528397
0.8580000 -17.2377663
0.8590000 4.7041512
0.8600000 -67.9134369
0.8610000 -7.7336679
0.8620000 -83.6838150
0.8630000 48.2664757
0.8640000 99.9502029
0.8650000 -43.3297005
0.8660000 -28.0178089
0.8670000 -44.7593536
0.8680000 57.3121185
0.8690000 24.3533306
0.8700000 38.6542130
0.8710000 -1.0550218
0.8720000 12.1813383
0.8730000 16.0464993
0.8740000 -39.5879707
0.8750000 -10.2942553
0.8760000 18.0056877
0.8770000 -72.8717194
0.8780000 4.2777028
0.8790000 37.8228836
0.8800000 -82.9162827
0.8810000 12.6953955
0.8820000 34.1554298
0.8830000 -39.0213509
0.8840000 -52.9267273
0.8850000 -43.1795731
0.8860000 -51.9828110
0.8870000 -76.0826569
0.8880000 20.1584644
0.8890000 38.9684029
0.8900000 39.2421951
0.8910000 13.3363256
0.8920000 16.2181377
0.8930000 -29.9229259
0.8940000 -2.5109444
0.8950000 48.0245895
0.8960000 55.7986145
0.8970000 22.9618759
0.8980000 -82.0396500
0.8990000 -52.5056496
0.9000000 26.4100647
0.9010000 0.4053194
0.9020000 -12.9894142
0.9030000 33.3738785
0.9040000 -33.9976196
0.9050000 -73.6576004
0.9060000 -11.2205057
0.9070000 -48.3657455
0.9080000 22.6684742
0.9090000 41.1477623
0.9100000 21.7061729
0.9110000 9.4686909
0.9120000 -11.0071297
0.9130000 -5.8708401
0.9140000 16.1105938
0.9150000 -36.5898399
0.9160000 -73.0580292
0.9170000 -13.2457495
0.9180000 -15.2556086
0.9190000 -28.1830444
0.9200000 -12.1345568
0.9210000 -10.7494831
0.9220000 -1.9545982
0.9230000 46.4140968
0.9240000 16.0196533
0.9250000 2.1711857
0.9260000 -21.4711380
0.9270000 -48.4055557
0.9280000 -1.1176513
0.9290000 64.1777954
0.9300000 16.0732479
0.9310000 -9.1814594
0.9320000 -15.2021561
0.9330000 -5.1050439
0.9340000 32.9553261
0.9350000 15.0417747
0.9360000 -53.1983719
0.9370000 34.0431480
0.9380000 11.1242142
0.9390000 -9.3426208
0.9400000 3.5676870
0.9410000 -64.2158813
0.9420000 -33.6592865
0.9430000 -61.0362206
0.9440000 -62.7905960
0.9450000 -28.7445660
0.9460000 3.4950438
0.9470000 -57.3655434
0.9480000 -4.3221855
0.9490000 24.3252048
0.9500000 -4.6289167
0.9510000 -30.1754799
0.9520000 -76.8713837
0.9530000 -88.4858627
0.9540000 1.2132720
0.9550000 8.1685944
0.9560000 12.4516048
0.9570000 0.3780002
0.9580000 -1.5048392
0.9590000 33.5392876
0.9600000 -25.8913307
0.9610000 -65.3910904
0.9620000 64.5629501
0.9630000 23.4715252
0.9640000 -2.0763631
0.9650000 0.7037954
0.9660000 2.5202186
0.9670000 -52.8230286
0.9680000 24.9128609
0.9690000 -10.0503111
0.9700000 51.6993904
0.9710000 -26.3314190
0.9720000 29.2132149
0.9730000 55.1264153
0.9740000 -56.9515991
0.9750000 30.4836864
0.9760000 -39.7540169
0.9770000 -13.9225464
0.9780000 -56.6550903
0.9790000 11.8882675
0.9800000 39.0859299
0.9810000 -44.9915695
0.9820000 76.1731873
0.9830000 19.8513355
0.9840000 16.1475563
0.9850000 25.8386517
0.9860000 -8.0275421
0.9870000 -46.6606140
0.9880000 49.5228310
0.9890000 42.0094337
0.9900000 -15.0220900
0.9910000 10.8177357
0.9920000 -6.7154875
0.9930000 -49.4913979
0.9940000 26.5339375
0.9950000 -1.9389104
0.9960000 -36.7776299
0.9970000 1.7700924
0.9980000 -8.2077436
0.9990000 52.0965042
