0.0000000 -85.6686554
0.0010000 34.6188583
0.0020000 69.6497421
0.0030000 -30.9412212
0.0040000 -38.8925323
0.0050000 33.0581627
0.0060000 -17.2773857
0.0070000 -31.8178520
0.0080000 -17.7420979
0.0090000 11.9833183
0.0100000 22.3482838
0.0110000 -35.6210213
0.0120000 32.1587639
0.0130000 28.7966061
0.0140000 -15.3483658
0.0150000 -25.4972210
0.0160000 19.2507000
0.0170000 -39.2434425
0.0180000 30.7262821
0.0190000 3.2202885
0.0200000 -10.7077074
0.0210000 -23.8073177
0.0220000 22.5324707
0.0230000 -44.4104805
0.0240000 -4.6401258
0.0250000 -1.6493962
0.0260000 -32.7609024
0.0270000 -80.1615219
0.0280000 51.2830849
0.0290000 19.0889816
0.0300000 -2.5581770
0.0310000 4.2857223
0.0320000 -0.1867551
0.0330000 7.9423571
0.0340000 -48.7962875
0.0350000 16.8588905
0.0360000 9.0238771
0.0370000 18.4960823
0.0380000 10.3448439
0.0390000 35.4900398
0.0400000 53.7092514
0.0410000 18.2999592
0.0420000 -28.7102299
0.0430000 62.4730949
0.0440000 -40.1494408
0.0450000 42.6032600
0.0460000 -11.1675215
0.0470000 -40.7243195
0.0480000 34.0948219
0.0490000 -89.1555634
0.0500000 -14.5476046
0.0510000 29.3645744
0.0520000 -19.2688942
0.0530000 19.3592377
0.0540000 30.7759819
0.0550000 10.1857290
0.0560000 10.4380865
0.0570000 -24.3076458
0.0580000 -27.6033573
0.0590000 -30.0064068
0.0600000 8.8413630
0.0610000 -43.2372589
0.0620000 -26.6789875
0.0630000 12.1604357
0.0640000 5.1357031
0.0650000 9.0843468
0.0660000 -15.3635120
0.0670000 2.7146909
0.0680000 -2.9596496
0.0690000 52.1662445
0.0700000 61.3468590
0.0710000 -30.2934380
0.0720000 16.3085022
0.0730000 -22.3249283
0.0740000 3.4724414
0.0750000 -17.8199654
0.0760000 -10.1042423
0.0770000 4.6984992
0.0780000 -10.9422483
0.0790000 49.0548363
0.0800000 -2.7850845
0.0810000 22.8455391
0.0820000 -5.5914655
0.0830000 40.5435448
0.0840000 12.1308661
0.0850000 -11.9255753
0.0860000 13.1554184
0.0870000 16.1012096
0.0880000 64.5707855
0.0890000 -17.2022438
0.0900000 10.6959524
0.0910000 21.2361794
0.0920000 -64.8426056
0.0930000 -19.4961891
0.0940000 22.1641235
0.0950000 -18.9873714
0.0960000 -44.6085968
0.0970000 -73.8433838
0.0980000 -1.7014949
0.0990000 26.0679913
0.1000000 -20.8422260
0.1010000 -5.2578607
0.1020000 0.8975500
0.1030000 39.3392830
0.1040000 -46.4172974
0.1050000 -83.0278244
0.1060000 41.3870888
0.1070000 -8.3252430
0.1080000 -24.8282299
0.1090000 -96.7261124
0.1100000 56.3967781
0.1110000 -23.2396660
0.1120000 -1.3125460
0.1130000 18.6137848
0.1140000 -25.9579277
0.1150000 -20.4384384
0.1160000 -5.8681884
0.1170000 -6.8028378
0.1180000 7.9110274
0.1190000 21.9111347
0.1200000 14.5788479
0.1210000 58.5118637
0.1220000 -25.2404709
0.1230000 -14.8232527
0.1240000 -0.6740300
0.1250000 -7.9755545
0.1260000 24.5702152
0.1270000 -23.8690014
0.1280000 9.4869499
0.1290000 -35.9142990
0.1300000 31.8125267
0.1310000 -53.2626495
0.1320000 -56.9014130
0.1330000 -47.6443138
0.1340000 4.0706468
0.1350000 -13.2169008
0.1360000 60.1781502
0.1370000 3.3030205
0.1380000 -40.8505974
0.1390000 49.2336922
0.1400000 -26.9461536
0.1410000 -4.5231586
0.1420000 -15.9473143
0.1430000 -20.2191772
0.1440000 4.2227302
0.1450000 -52.8980827
0.1460000 -17.3708363
0.1470000 -7.8417068
0.1480000 -11.6546841
0.1490000 41.1779213
0.1500000 -50.3435745
0.1510000 -46.4064331
0.1520000 29.3674755
0.1530000 -18.3881588
0.1540000 35.6718864
0.1550000 5.2027531
0.1560000 13.6957207
0.1570000 3.1835809
0.1580000 -59.0629234
0.1590000 -13.9919157
0.1600000 5.8650398
0.1610000 45.7154732
0.1620000 43.1236763
0.1630000 12.1768847
0.1640000 -18.2186680
0.1650000 38.0888977
0.1660000 29.0060558
0.1670000 2.2202218
0.1680000 24.7787743
0.1690000 18.2975731
0.1700000 41.3087502
0.1710000 24.6129494
0.1720000 -22.5036659
0.1730000 -26.5288754
0.1740000 -3.0725408
0.1750000 -16.0889378
0.1760000 29.9773235
0.1770000 -50.8377953
0.1780000 -0.1629429
0.1790000 -4.8232231
0.1800000 -59.6836777
0.1810000 13.1905928
0.1820000 0.9596773
0.1830000 -32.7924156
0.1840000 -18.7355137
0.1850000 -19.1963215
0.1860000 54.0463333
0.1870000 3.2327492
0.1880000 -47.9136314
0.1890000 78.4497681
0.1900000 7.1849828
0.1910000 -10.4187431
0.1920000 -44.8886909
0.1930000 35.2365685
0.1940000 67.1232224
0.1950000 -11.5154037
0.1960000 10.6178789
0.1970000 18.7128773
0.1980000 -20.6561699
0.1990000 17.2571716
0.2000000 53.9529037
0.2010000 -40.6308670
0.2020000 56.7179146
0.2030000 49.9266586
0.2040000 4.7012177
0.2050000 -2.8316429
0.2060000 70.0680618
0.2070000 -19.9514332
0.2080000 -15.2823296
0.2090000 -31.0466156
0.2100000 -29.5146675
0.2110000 12.9537926
0.2120000 -5.8694911
0.2130000 -47.3647118
0.2140000 53.6515236
0.2150000 -12.7966480
0.2160000 30.7369175
0.2170000 42.8394890
0.2180000 59.0243683
0.2190000 -10.1153574
0.2200000 -23.8534050
0.2210000 -85.9057541
0.2220000 -14.1929388
0.2230000 -36.2916412
0.2240000 66.2837830
0.2250000 19.8634586
0.2260000 58.0555878
0.2270000 60.9043007
0.2280000 -9.3106270
0.2290000 39.3711319
0.2300000 5.2130070
0.2310000 -58.9703903
0.2320000 -83.0274658
0.2330000 -7.4116640
0.2340000 -16.7036343
0.2350000 12.7917519
0.2360000 -16.3997459
0.2370000 8.1056194
0.2380000 -0.8113318
0.2390000 47.2768059
0.2400000 0.7330140
0.2410000 4.5533481
0.2420000 -51.7752800
0.2430000 -61.5242767
0.2440000 -80.3346176
0.2450000 16.7444706
0.2460000 -13.5249434
0.2470000 25.5465984
0.2480000 -9.4188929
0.2490000 45.8305283
0.2500000 72.1742935
0.2510000 -42.6870079
0.2520000 1.9044548
0.2530000 78.6863632
0.2540000 35.2822304
0.2550000 -45.5652199
0.2560000 -27.1377869
0.2570000 -92.5725174
0.2580000 -10.0759983
0.2590000 -20.1155262
0.2600000 21.7586117
0.2610000 12.6648159
0.2620000 -9.4683065
0.2630000 -72.3054428
0.2640000 -55.5549088
0.2650000 14.2286377
0.2660000 15.0883751
0.2670000 -9.6471376
0.2680000 -10.6242189
0.2690000 10.1978359
0.2700000 32.2665901
0.2710000 4.0088716
0.2720000 30.1115894
0.2730000 48.8993378
0.2740000 -100.3895874
0.2750000 2.2682488
0.2760000 26.7422009
0.2770000 -14.2508707
0.2780000 -44.6222725
0.2790000 8.1121721
0.2800000 -29.4969940
0.2810000 -48.7136955
0.2820000 -11.6824064
0.2830000 -33.5035973
0.2840000 54.4793663
0.2850000 -18.1753616
0.2860000 31.6185474
0.2870000 119.2548370
0.2880000 61.7488518
0.2890000 -53.5968742
0.2900000 -15.1334705
0.2910000 -18.9161663
0.2920000 37.2295761
0.2930000 -16.5282784
0.2940000 -28.5078831
0.2950000 -92.9440994
0.2960000 -53.0268288
0.2970000 6.3338284
0.2980000 3.6595953
0.2990000 38.1543503
0.3000000 -69.3132324
0.3010000 -5.8419609
0.3020000 -10.5241661
0.3030000 -31.4220219
0.3040000 36.9185829
0.3050000 51.3095474
0.3060000 -8.8262691
0.3070000 -26.9405308
0.3080000 5.5784788
0.3090000 24.8449516
0.3100000 -55.0050583
0.3110000 -28.7393932
0.3120000 -81.7648926
0.3130000 -5.1413770
0.3140000 29.6604500
0.3150000 -9.9780140
0.3160000 -32.1845779
0.3170000 60.3554535
0.3180000 39.3262367
0.3190000 49.2233620
0.3200000 -33.2209816
0.3210000 -34.6689262
0.3220000 -30.6205711
0.3230000 -73.4372635
0.3240000 58.1788940
0.3250000 10.4976015
0.3260000 -13.1221399
0.3270000 3.5371456
0.3280000 6.5715981
0.3290000 19.4648533
0.3300000 -87.2007294
0.3310000 -38.6416512
0.3320000 19.5612755
0.3330000 18.6499329
0.3340000 54.2327919
0.3350000 -37.5906487
0.3360000 17.2248306
0.3370000 -1.5434144
0.3380000 27.9057751
0.3390000 17.1581154
0.3400000 0.2815958
0.3410000 2.4443939
0.3420000 45.2169876
0.3430000 25.7896328
0.3440000 5.4283433
0.3450000 -32.8544159
0.3460000 -6.1501594
0.3470000 -12.9435158
0.3480000 -34.7995033
0.3490000 -5.5538621
0.3500000 43.2212219
0.3510000 16.1428776
0.3520000 -23.5828114
0.3530000 -0.8393677
0.3540000 38.0244904
0.3550000 9.3233919
0.3560000 -16.4966793
0.3570000 34.1052513
0.3580000 29.8185081
0.3590000 -7.8499217
0.3600000 35.9064713
0.3610000 8.3989964
0.3620000 2.4444964
0.3630000 54.7399216
0.3640000 -4.1530170
0.3650000 40.8721619
0.3660000 -2.3296180
0.3670000 -30.0795822
0.3680000 -22.7212143
0.3690000 34.4647179
0.3700000 -2.4818933
0.3710000 37.0499115
0.3720000 24.2661057
0.3730000 57.2344894
0.3740000 -25.3856716
0.3750000 -95.7865601
0.3760000 24.1245537
0.3770000 -39.1988640
0.3780000 4.4535961
0.3790000 -27.4370441
0.3800000 -23.7794132
0.3810000 79.4024658
0.3820000 38.2942924
0.3830000 -35.8558006
0.3840000 19.1806335
0.3850000 -41.7072945
0.3860000 5.1087179
0.3870000 29.5326138
0.3880000 64.9229736
0.3890000 84.6004257
0.3900000 29.5410233
0.3910000 -3.4600146
0.3920000 -32.9470215
0.3930000 -13.6865931
0.3940000 -7.4130068
0.3950000 -29.9732857
0.3960000 0.7972076
0.3970000 -12.3850918
0.3980000 -5.8809929
0.3990000 4.0147648
0.4000000 -10.4259882
0.4010000 -39.6023750
0.4020000 4.0520582
0.4030000 8.9813967
0.4040000 -6.3263459
0.4050000 -32.1200790
0.4060000 -29.8814945
0.4070000 -57.7158089
0.4080000 21.8347874
0.4090000 -40.4237022
0.4100000 -57.0042648
0.4110000 -69.8633347
0.4120000 13.2922029
0.4130000 -22.9853344
0.4140000 -48.7538643
0.4150000 -0.7498618
0.4160000 -41.3137245
0.4170000 -72.4241028
0.4180000 -16.3976955
0.4190000 -26.0023174
0.4200000 24.2317696
0.4210000 23.7650223
0.4220000 -5.8781285
0.4230000 -17.6965961
0.4240000 -8.9797688
0.4250000 6.5891128
0.4260000 -22.4881611
0.4270000 41.1458664
0.4280000 7.6901541
0.4290000 -73.6369629
0.4300000 -7.0741630
0.4310000 -63.9093475
0.4320000 -24.7256451
0.4330000 46.8387566
0.4340000 -8.2532949
0.4350000 -7.3779097
0.4360000 -1.4715464
0.4370000 43.2150116
0.4380000 34.9412575
0.4390000 -14.8585119
0.4400000 23.9442177
0.4410000 -57.3891220
0.4420000 -3.1778042
0.4430000 38.6096420
0.4440000 51.5837517
0.4450000 -39.0424805
0.4460000 0.0771713
0.4470000 21.9905128
0.4480000 -83.6083755
0.4490000 -56.1201363
0.4500000 -63.3442345
0.4510000 53.6716881
0.4520000 -9.2463055
0.4530000 1.1606163
0.4540000 -16.1263237
0.4550000 38.3570976
0.4560000 -16.9229298
0.4570000 -20.1900330
0.4580000 26.3652992
0.4590000 25.2980595
0.4600000 -2.2944875
0.4610000 20.1064415
0.4620000 4.0408778
0.4630000 -24.6909199
0.4640000 15.0120459
0.4650000 39.2116470
0.4660000 -33.2403412
0.4670000 -14.3913126
0.4680000 32.8777466
0.4690000 11.5007839
0.4700000 27.8593044
0.4710000 -51.2364693
0.4720000 14.2253942
0.4730000 -18.2829361
0.4740000 -23.2064590
0.4750000 -18.3282604
0.4760000 -4.3651705
0.4770000 29.3438778
0.4780000 -0.5208522
0.4790000 -8.3562279
0.4800000 -46.5754852
0.4810000 -49.5828094
0.4820000 3.3037901
0.4830000 -19.4272556
0.4840000 50.3817825
0.4850000 38.1874924
0.4860000 -43.9747467
0.4870000 -14.7970362
0.4880000 -1.6471981
0.4890000 -9.5359631
0.4900000 -30.8412819
0.4910000 -43.1182785
0.4920000 -9.8279562
0.4930000 18.2592506
0.4940000 -43.8510094
0.4950000 -72.7241287
0.4960000 3.3925638
0.4970000 26.3385811
0.4980000 -4.7710605
0.4990000 15.6779413
0.5000000 34.9185982
0.5010000 -56.3088264
0.5020000 2.5091937
0.5030000 31.6115055
0.5040000 2.3533678
0.5050000 -28.6595726
0.5060000 -20.3162746
0.5070000 18.7870579
0.5080000 4.0516648
0.5090000 -37.6359787
0.5100000 13.5361567
0.5110000 -6.3838210
0.5120000 -34.8642044
0.5130000 23.9551239
0.5140000 -6.8221240
0.5150000 -30.3504772
0.5160000 54.9372215
0.5170000 -2.7981322
0.5180000 -11.9900589
0.5190000 41.4462662
0.5200000 15.7589722
0.5210000 -26.9987202
0.5220000 -7.4774208
0.5230000 10.2737885
0.5240000 -9.5146770
0.5250000 -19.9722958
0.5260000 -33.2879066
0.5270000 23.6533394
0.5280000 17.5636711
0.5290000 39.4551888
0.5300000 48.0791435
0.5310000 30.8250580
0.5320000 55.8407898
0.5330000 18.2798672
0.5340000 -30.2964287
0.5350000 -42.6997375
0.5360000 -41.0686150
0.5370000 -29.1022663
0.5380000 1.9061658
0.5390000 -24.2514362
0.5400000 2.5599709
0.5410000 35.9827766
0.5420000 -17.0469742
0.5430000 -55.0158539
0.5440000 33.4172974
0.5450000 -63.2258873
0.5460000 -1.1121578
0.5470000 -41.4777679
0.5480000 -41.2719994
0.5490000 44.1139297
0.5500000 11.2686214
0.5510000 -18.7665329
0.5520000 -16.4929562
0.5530000 -4.0253587
0.5540000 -0.4358171
0.5550000 14.8790073
0.5560000 45.8020325
0.5570000 20.2081165
0.5580000 3.5303302
0.5590000 35.2225151
0.5600000 -3.2339408
0.5610000 -12.3802738
0.5620000 4.9361830
0.5630000 24.9402809
0.5640000 20.7944260
0.5650000 -63.7391586
0.5660000 -8.7554560
0.5670000 -0.4063145
0.5680000 -20.0719833
0.5690000 -8.0481157
0.5700000 -19.8196888
0.5710000 -8.2773447
0.5720000 23.1078281
0.5730000 -8.9128685
0.5740000 12.2003622
0.5750000 79.1051559
0.5760000 -12.8435211
0.5770000 16.1328144
0.5780000 -15.9832821
0.5790000 -24.2829895
0.5800000 47.3870354
0.5810000 5.6283617
0.5820000 18.6168785
0.5830000 8.2536249
0.5840000 22.3155003
0.5850000 16.6598759
0.5860000 -5.3727198
0.5870000 -62.4843521
0.5880000 -90.5505905
0.5890000 1.7479229
0.5900000 22.3287048
0.5910000 -12.0841446
0.5920000 0.6921126
0.5930000 -17.7151585
0.5940000 -24.2324028
0.5950000 -60.8443069
0.5960000 39.2181206
0.5970000 29.6158428
0.5980000 -53.0544739
0.5990000 4.6105981
0.6000000 13.4746342
0.6010000 -19.0027752
0.6020000 34.0833969
0.6030000 -34.1085968
0.6040000 -39.2944832
0.6050000 14.6349335
0.6060000 -15.4871845
0.6070000 36.6798019
0.6080000 -19.4197350
0.6090000 31.9155025
0.6100000 122.9675980
0.6110000 37.9920120
0.6120000 30.0026131
0.6130000 -4.5351248
0.6140000 -5.6733379
0.6150000 35.7569237
0.6160000 -10.9724989
0.6170000 18.2481403
0.6180000 -35.7765808
0.6190000 -24.2922478
0.6200000 -17.3882923
0.6210000 -41.1918564
0.6220000 19.2363319
0.6230000 -22.6443596
0.6240000 -90.5241165
0.6250000 11.4692049
0.6260000 4.2526455
0.6270000 40.5754929
0.6280000 12.3701448
0.6290000 46.6746941
0.6300000 51.8854980
0.6310000 -31.4259892
0.6320000 -50.6230354
0.6330000 -46.4916420
0.6340000 -11.8566895
0.6350000 39.8694077
0.6360000 -43.0540771
0.6370000 -16.0559006
0.6380000 54.8086624
0.6390000 -98.4197617
0.6400000 -27.7723598
0.6410000 -52.8025703
0.6420000 33.5913239
0.6430000 37.8460388
0.6440000 21.5234718
0.6450000 -6.4613495
0.6460000 8.7780800
0.6470000 -18.6835518
0.6480000 3.2201428
0.6490000 82.6421967
0.6500000 7.5807271
0.6510000 -25.9637260
0.6520000 -17.3477802
0.6530000 -6.9444041
0.6540000 31.2941952
0.6550000 -3.9242301
0.6560000 -8.7470598
0.6570000 60.9378586
0.6580000 -11.3990793
0.6590000 10.9273491
0.6600000 -13.2551479
0.6610000 -31.0488453
0.6620000 11.8487940
0.6630000 16.9521275
0.6640000 -8.4898558
0.6650000 -18.4934063
0.6660000 4.1500645
0.6670000 -30.4881687
0.6680000 -18.7392540
0.6690000 59.6489067
0.6700000 6.3041797
0.6710000 -4.4032707
0.6720000 47.8274803
0.6730000 1.8950651
0.6740000 3.6949916
0.6750000 -36.0773201
0.6760000 65.0962448
0.6770000 22.2513790
0.6780000 -9.4427223
0.6790000 -22.3262520
0.6800000 9.3321085
0.6810000 -47.6774368
0.6820000 13.8311634
0.6830000 4.7083468
0.6840000 13.4605570
0.6850000 -4.3569903
0.6860000 16.9754410
0.6870000 2.4985511
0.6880000 -36.3337173
0.6890000 35.0349998
0.6900000 -8.0383368
0.6910000 37.0212097
0.6920000 -26.6086903
0.6930000 28.2204132
0.6940000 -30.1685734
0.6950000 -18.8690319
0.6960000 -11.7761297
0.6970000 15.5190372
0.6980000 -12.5247812
0.6990000 15.4116049
0.7000000 18.4920845
0.7010000 17.4119473
0.7020000 -81.3541794
0.7030000 5.4386020
0.7040000 -34.8928566
0.7050000 -46.5051041
0.7060000 -18.7676945
0.7070000 37.7766914
0.7080000 -8.4522762
0.7090000 15.3780966
0.7100000 -35.1130600
0.7110000 28.3458538
0.7120000 20.9442825
0.7130000 -51.4476814
0.7140000 6.0204620
0.7150000 -33.6347847
0.7160000 -94.9310532
0.7170000 21.8506107
0.7180000 71.3268280
0.7190000 -10.8506794
0.7200000 28.8603611
0.7210000 -18.3582096
0.7220000 -13.4507046
0.7230000 34.2370758
0.7240000 -33.0058556
0.7250000 55.1287727
0.7260000 -26.7114315
0.7270000 -0.9797634
0.7280000 -41.5556068
0.7290000 -0.2785031
0.7300000 39.9661293
0.7310000 -48.3908615
0.7320000 -57.9373283
0.7330000 -1.9088030
0.7340000 -26.0287952
0.7350000 16.5650597
0.7360000 10.0405579
0.7370000 -23.3997917
0.7380000 65.4508514
0.7390000 -5.1703887
0.7400000 -73.9265900
0.7410000 19.1023083
0.7420000 64.1208344
0.7430000 -11.6702127
0.7440000 11.0146570
0.7450000 12.1918278
0.7460000 -6.2654133
0.7470000 57.7279091
0.7480000 -5.3670683
0.7490000 2.6167469
0.7500000 36.0019150
0.7510000 14.1064005
0.7520000 -49.0045624
0.7530000 15.4940472
0.7540000 3.5440798
0.7550000 -35.2403679
0.7560000 26.8478222
0.7570000 -50.1032867
0.7580000 3.7899535
0.7590000 -13.5763273
0.7600000 -14.1568918
0.7610000 35.7562599
0.7620000 -22.5483494
0.7630000 54.2601891
0.7640000 32.5196571
0.7650000 3.4020147
0.7660000 4.9243083
0.7670000 29.3349686
0.7680000 -53.4332199
0.7690000 14.4451199
0.7700000 34.8341484
0.7710000 -6.8169541
0.7720000 -19.8018436
0.7730000 92.5201340
0.7740000 -24.5037079
0.7750000 -34.3636780
0.7760000 29.0130558
0.7770000 40.6624870
0.7780000 -55.5949860
0.7790000 36.5104599
0.7800000 26.2082119
0.7810000 -34.8357620
0.7820000 40.5952263
0.7830000 -56.6542168
0.7840000 5.3137541
0.7850000 30.6184616
0.7860000 52.9100227
0.7870000 -4.7633758
0.7880000 -5.7892194
0.7890000 31.1315689
0.7900000 22.8555336
0.7910000 22.1152630
0.7920000 70.7416077
0.7930000 13.8808479
0.7940000 7.5230494
0.7950000 -34.2498512
0.7960000 -26.0426788
0.7970000 -17.1274223
0.7980000 56.4802704
0.7990000 -52.0109138
0.8000000 42.8092194
0.8010000 9.4455557
0.8020000 7.9002991
0.8030000 -17.3127556
0.8040000 -52.2994652
0.8050000 27.4181747
0.8060000 39.4895706
0.8070000 8.8814764
0.8080000 0.8937830
0.8090000 -55.3788719
0.8100000 55.3244743
0.8110000 39.0537872
0.8120000 -26.7509918
0.8130000 56.0450592
0.8140000 30.5850334
0.8150000 -1.9866334
0.8160000 -11.5363579
0.8170000 4.5372701
0.8180000 -94.4105606
0.8190000 20.6238327
0.8200000 -8.1689539
0.8210000 -6.7692542
0.8220000 72.7689056
0.8230000 32.5099106
0.8240000 48.7066154
0.8250000 -58.8842316
0.8260000 26.3557549
0.8270000 68.0140839
0.8280000 -57.5936928
0.8290000 -36.8574295
0.8300000 -39.1917839
0.8310000 48.4923019
0.8320000 -28.1465092
0.8330000 -1.8312267
0.8340000 -29.9111042
0.8350000 -14.4940643
0.8360000 24.3499603
0.8370000 -42.5014839
0.8380000 82.4699020
0.8390000 27.2402668
0.8400000 36.0581284
0.8410000 -13.4929457
0.8420000 44.0224075
0.8430000 0.1478418
0.8440000 18.9321175
0.8450000 -0.1796195
0.8460000 59.7708855
0.8470000 10.0351772
0.8480000 51.2232628
0.8490000 -54.1233063
0.8500000 47.0479736
0.8510000 11.9095345
0.8520000 -14.4389505
0.8530000 -41.9381218
0.8540000 -43.1504059
0.8550000 27.6039085
0.8560000 1.2640523
0.8570000 54.2849274
0.8580000 -27.3524494
0.8590000 -36.9499817
0.8600000 -29.4074821
0.8610000 31.6358814
0.8620000 30.1665421
0.8630000 -57.1125145
0.8640000 59.2175026
0.8650000 39.5080681
0.8660000 50.5347633
0.8670000 37.6542473
0.8680000 -1.5585896
0.8690000 -23.5809097
0.8700000 -3.0428081
0.8710000 -8.6693439
0.8720000 -13.0062914
0.8730000 -8.5906239
0.8740000 17.4404736
0.8750000 -3.1974723
0.8760000 -11.3410578
0.8770000 25.1617908
0.8780000 39.2123451
0.8790000 44.3765678
0.8800000 8.9350462
0.8810000 5.2462430
0.8820000 8.1835775
0.8830000 -2.5840263
0.8840000 5.0605946
0.8850000 -25.1424236
0.8860000 -17.0623398
0.8870000 -12.1943035
0.8880000 38.9451675
0.8890000 -20.2018528
0.8900000 -52.6700935
0.8910000 -49.3591461
0.8920000 -36.8585854
0.8930000 4.8263140
0.8940000 -12.7466660
0.8950000 25.2527084
0.8960000 36.2572212
0.8970000 37.5812073
0.8980000 -3.9554155
0.8990000 3.8956389
0.9000000 -32.0146332
0.9010000 -13.2543201
0.9020000 40.5609055
0.9030000 2.6130562
0.9040000 28.2384052
0.9050000 -50.3381081
0.9060000 -12.3208828
0.9070000 -61.1474533
0.9080000 100.9705276
0.9090000 38.6638718
0.9100000 -45.3745193
0.9110000 -19.8238449
0.9120000 -3.7914109
0.9130000 -58.8468742
0.9140000 -15.9818106
0.9150000 -56.9972191
0.9160000 3.4659898
0.9170000 43.0563316
0.9180000 -45.8140411
0.9190000 -11.5457335
0.9200000 -50.2547913
0.9210000 43.3988876
0.9220000 56.4621124
0.9230000 3.4605627
0.9240000 -9.8846016
0.9250000 -75.3396378
0.9260000 -17.1510868
0.9270000 5.4427581
0.9280000 -16.9512730
0.9290000 36.9900398
0.9300000 -34.7574425
0.9310000 4.1015191
0.9320000 -35.2841911
0.9330000 -15.4288406
0.9340000 8.5787773
0.9350000 8.3211317
0.9360000 20.3868351
0.9370000 22.5271339
0.9380000 32.8318672
0.9390000 11.2381239
0.9400000 -0.0880227
0.9410000 46.9533615
0.9420000 15.1635160
0.9430000 37.8769608
0.9440000 -48.1421356
0.9450000 -40.4191246
0.9460000 -6.3523531
0.9470000 -52.3527222
0.9480000 8.5553894
0.9490000 -15.2554893
0.9500000 -36.9560089
0.9510000 -7.8292575
0.9520000 -11.3079510
0.9530000 -3.8169453
0.9540000 24.3960361
0.9550000 -32.1528587
0.9560000 -7.6671157
0.9570000 57.3707123
0.9580000 4.3250813
0.9590000 43.3432655
0.9600000 31.5363197
0.9610000 -50.6045227
0.9620000 -39.7243729
0.9630000 5.7532678
0.9640000 -30.7916756
0.9650000 -2.6680603
0.9660000 7.3384247
0.9670000 32.2376862
0.9680000 25.0944481
0.9690000 -7.9772792
0.9700000 -17.4960117
0.9710000 50.1935539
0.9720000 26.2139740
0.9730000 -10.5023584
0.9740000 -8.9697466
0.9750000 5.4461493
0.9760000 -36.6632347
0.9770000 -37.6994514
0.9780000 -87.5462570
0.9790000 117.7306747
0.9800000 8.6861439
0.9810000 -5.9562716
0.9820000 -66.0718918
0.9830000 24.8750534
0.9840000 -48.3201790
0.9850000 0.1669701
0.9860000 33.9818115
0.9870000 18.9033585
0.9880000 -5.6342511
0.9890000 -16.3359013
0.9900000 -35.2046356
0.9910000 4.4584494
0.9920000 -87.8563766
0.9930000 11.3179770
0.9940000 28.2886219
0.9950000 -18.6180744
0.9960000 -6.1419063
0.9970000 -20.9034748
0.9980000 -39.0241165
0.9990000 7.9573879
