0.0000000 47.4651909
0.0010000 26.2825813
0.0020000 -91.5224533
0.0030000 -39.4933205
0.0040000 12.5434275
0.0050000 -11.4694281
0.0060000 27.3880501
0.0070000 0.1626589
0.0080000 58.8646584
0.0090000 -50.9996262
0.0100000 11.9379377
0.0110000 -21.8191719
0.0120000 -17.4121552
0.0130000 16.3953896
0.0140000 -5.4408531
0.0150000 -28.4882660
0.0160000 -21.7517300
0.0170000 -43.9419060
0.0180000 -25.2438450
0.0190000 29.0077724
0.0200000 18.0598717
0.0210000 54.4213562
0.0220000 43.0308189
0.0230000 -15.9448204
0.0240000 -20.5885048
0.0250000 -42.3884735
0.0260000 -37.5944214
0.0270000 -2.6256239
0.0280000 53.2857361
0.0290000 65.4833755
0.0300000 -57.3802834
0.0310000 32.0325775
0.0320000 44.2439919
0.0330000 -30.3189049
0.0340000 13.3686686
0.0350000 28.7952442
0.0360000 35.4614830
0.0370000 17.9372883
0.0380000 1.3008852
0.0390000 7.4070406
0.0400000 6.5851512
0.0410000 13.5838575
0.0420000 31.0685329
0.0430000 -42.5071831
0.0440000 -21.6424656
0.0450000 -26.9772835
0.0460000 18.7266140
0.0470000 43.4216156
0.0480000 -30.9288158
0.0490000 -61.0297203
0.0500000 -72.2117310
0.0510000 -57.4283485
0.0520000 -46.2872505
0.0530000 27.9957581
0.0540000 -24.1492901
0.0550000 -39.8698845
0.0560000 -27.8859520
0.0570000 -43.7907295
0.0580000 -2.7412105
0.0590000 6.6268125
0.0600000 33.1080551
0.0610000 -26.9976902
0.0620000 -43.5850945
0.0630000 -7.8074827
0.0640000 -32.6403809
0.0650000 -9.7383566
0.0660000 16.2423344
0.0670000 -8.7150497
0.0680000 11.5823488
0.0690000 -23.4291229
0.0700000 -56.0675964
0.0710000 13.0367842
0.0720000 -31.4868450
0.0730000 -3.3116670
0.0740000 -5.6374111
0.0750000 3.9746020
0.0760000 -28.0322990
0.0770000 -11.8317242
0.0780000 -12.4393768
0.0790000 21.4321060
0.0800000 5.2888460
0.0810000 -5.9278798
0.0820000 6.7165852
0.0830000 -25.9975929
0.0840000 11.6320877
0.0850000 31.5015869
0.0860000 33.3833771
0.0870000 41.5341187
0.0880000 7.6349444
0.0890000 -34.5968132
0.0900000 -41.0900574
0.0910000 -30.4050198
0.0920000 17.7977352
0.0930000 -55.6716385
0.0940000 -4.5014796
0.0950000 -17.8031788
0.0960000 -0.7504919
0.0970000 59.1549225
0.0980000 -37.9426346
0.0990000 -17.4731789
0.1000000 17.8736973
0.1010000 13.8635597
0.1020000 -22.0325489
0.1030000 41.4580460
0.1040000 37.7614136
0.1050000 -16.6337280
0.1060000 9.8668337
0.1070000 50.6197891
0.1080000 13.7038841
0.1090000 23.6264248
0.1100000 -18.0529804
0.1110000 -24.0657959
0.1120000 27.3615894
0.1130000 -2.8322759
0.1140000 -15.8371639
0.1150000 15.3579416
0.1160000 4.3958731
0.1170000 56.8006210
0.1180000 -23.5937138
0.1190000 51.6415176
0.1200000 -23.5702343
0.1210000 3.7575686
0.1220000 20.9123383
0.1230000 22.8369217
0.1240000 39.0243454
0.1250000 13.2129736
0.1260000 35.9038887
0.1270000 54.4551353
0.1280000 40.6758308
0.1290000 23.3253365
0.1300000 33.9527245
0.1310000 9.4061689
0.1320000 -43.2469673
0.1330000 -31.2144718
0.1340000 2.8017178
0.1350000 1.3076118
0.1360000 6.3643775
0.1370000 11.2497454
0.1380000 -1.8922681
0.1390000 26.3722172
0.1400000 6.2487645
0.1410000 -50.8796959
0.1420000 64.2498779
0.1430000 -17.6766586
0.1440000 5.6786642
0.1450000 -37.0746307
0.1460000 23.7935314
0.1470000 -4.0932832
0.1480000 113.2890091
0.1490000 9.9838543
0.1500000 4.3459148
0.1510000 -67.3800812
0.1520000 -5.5972877
0.1530000 -44.7595177
0.1540000 61.0835876
0.1550000 34.1265869
0.1560000 -53.5844002
0.1570000 20.2698841
0.1580000 -24.3966465
0.1590000 -8.6456060
0.1600000 -36.6131439
0.1610000 34.8041229
0.1620000 23.6067562
0.1630000 -84.8930588
0.1640000 24.4462585
0.1650000 55.2080879
0.1660000 34.4175606
0.1670000 -44.9391899
0.1680000 10.9305935
0.1690000 66.5364456
0.1700000 2.4293861
0.1710000 70.3979340
0.1720000 -50.3472176
0.1730000 6.0998707
0.1740000 44.3443642
0.1750000 79.7069931
0.1760000 60.2952423
0.1770000 -1.8578632
0.1780000 22.7137547
0.1790000 -30.1240444
0.1800000 45.8089790
0.1810000 -9.0211811
0.1820000 48.2071075
0.1830000 -11.3287821
0.1840000 40.5922813
0.1850000 -36.0948753
0.1860000 -47.7143631
0.1870000 -35.0943413
0.1880000 -27.5068989
0.1890000 -35.0417938
0.1900000 -37.7937851
0.1910000 18.3555870
0.1920000 45.8972969
0.1930000 -46.9419823
0.1940000 -23.4926510
0.1950000 -31.2375755
0.1960000 67.2070312
0.1970000 -5.2077298
0.1980000 16.3159084
0.1990000 18.9997501
0.2000000 -21.4185085
0.2010000 34.4669876
0.2020000 -29.8675766
0.2030000 -24.5798111
0.2040000 30.3253841
0.2050000 -48.7383194
0.2060000 33.2397881
0.2070000 -26.4640427
0.2080000 28.6237583
0.2090000 24.2834225
0.2100000 8.1651897
0.2110000 46.7938499
0.2120000 20.1157379
0.2130000 9.9977083
0.2140000 6.6163712
0.2150000 43.1199493
0.2160000 -23.8223419
0.2170000 -18.8358326
0.2180000 -12.8473701
0.2190000 32.9023399
0.2200000 0.9353778
0.2210000 -53.3191338
0.2220000 -4.1719222
0.2230000 12.5049505
0.2240000 -1.8191500
0.2250000 19.1292706
0.2260000 11.8386555
0.2270000 -20.6458378
0.2280000 -76.5582581
0.2290000 0.2255692
0.2300000 15.0929785
0.2310000 28.6908474
0.2320000 -33.9366608
0.2330000 -50.8020935
0.2340000 16.3516121
0.2350000 17.7231331
0.2360000 -31.5521965
0.2370000 5.5735941
0.2380000 22.4805546
0.2390000 6.6393533
0.2400000 -2.6380167
0.2410000 8.1102505
0.2420000 36.1974907
0.2430000 -34.5223389
0.2440000 27.4452267
0.2450000 3.9816530
0.2460000 92.2696457
0.2470000 -8.9480009
0.2480000 20.4498806
0.2490000 -41.1762466
0.2500000 -42.9475632
0.2510000 -36.7939949
0.2520000 20.3384075
0.2530000 -7.2191911
0.2540000 -7.4847331
0.2550000 -51.5960808
0.2560000 14.3012991
0.2570000 25.1435337
0.2580000 -20.1817455
0.2590000 37.7959976
0.2600000 29.7384758
0.2610000 63.7180443
0.2620000 43.6272545
0.2630000 -1.8734618
0.2640000 -64.7048187
0.2650000 -74.3202667
0.2660000 17.9755955
0.2670000 20.6913948
0.2680000 -46.1749039
0.2690000 33.5241547
0.2700000 -67.6991577
0.2710000 83.7194519
0.2720000 -4.2901692
0.2730000 12.3938160
0.2740000 -16.1786709
0.2750000 6.3577256
0.2760000 -42.9525223
0.2770000 44.5960197
0.2780000 46.9587975
0.2790000 47.4228020
0.2800000 23.9110470
0.2810000 8.6894445
0.2820000 70.6524963
0.2830000 7.2548509
0.2840000 -63.2816238
0.2850000 -45.4869461
0.2860000 -5.8539624
0.2870000 -23.0659142
0.2880000 -42.8035698
0.2890000 5.3813739
0.2900000 -21.2039108
0.2910000 -34.3635178
0.2920000 91.8599930
0.2930000 26.4429226
0.2940000 28.8995113
0.2950000 -15.5355358
0.2960000 -65.5347900
0.2970000 19.1931477
0.2980000 -18.6011963
0.2990000 40.5165176
0.3000000 -32.7338867
0.3010000 -22.3653698
0.3020000 -25.4898663
0.3030000 -29.6303940
0.3040000 -16.4622650
0.3050000 19.1982632
0.3060000 -36.7680740
0.3070000 14.2955828
0.3080000 14.7354527
0.3090000 -29.6208630
0.3100000 6.9268589
0.3110000 -52.8811150
0.3120000 7.2315993
0.3130000 -37.3446732
0.3140000 -54.3784714
0.3150000 1.3087370
0.3160000 -22.3351231
0.3170000 58.2943840
0.3180000 -30.0576248
0.3190000 -43.4950447
0.3200000 -14.9521151
0.3210000 -2.9882002
0.3220000 -11.6629314
0.3230000 4.4247932
0.3240000 21.1734695
0.3250000 -28.8609848
0.3260000 -15.8133469
0.3270000 12.9124336
0.3280000 13.1862602
0.3290000 53.7092819
0.3300000 -11.7102671
0.3310000 55.1409683
0.3320000 2.0457864
0.3330000 -13.1776962
0.3340000 19.6420078
0.3350000 5.9380598
0.3360000 7.6928148
0.3370000 -2.7580819
0.3380000 10.0892868
0.3390000 19.8584671
0.3400000 21.7008362
0.3410000 46.5194130
0.3420000 0.3192229
0.3430000 89.4851151
0.3440000 35.7059250
0.3450000 -36.3119507
0.3460000 56.4269524
0.3470000 39.9392052
0.3480000 31.3423023
0.3490000 -31.4874706
0.3500000 26.4767056
0.3510000 48.1432037
0.3520000 -8.9970732
0.3530000 27.8059082
0.3540000 -7.5973091
0.3550000 -22.0668716
0.3560000 -11.4895744
0.3570000 39.2551651
0.3580000 -18.8989716
0.3590000 -28.7465363
0.3600000 -20.8079929
0.3610000 -5.6094832
0.3620000 11.5873146
0.3630000 30.1659584
0.3640000 6.4999499
0.3650000 -67.5144348
0.3660000 17.0042267
0.3670000 -23.0462570
0.3680000 28.8097610
0.3690000 57.9133110
0.3700000 -31.8382072
0.3710000 41.1222076
0.3720000 -40.0012703
0.3730000 -32.9938469
0.3740000 -23.5819244
0.3750000 96.6653137
0.3760000 44.1015625
0.3770000 -27.7066536
0.3780000 68.6908722
0.3790000 28.7790890
0.3800000 -20.0355911
0.3810000 11.4589977
0.3820000 63.1644211
0.3830000 -33.1798859
0.3840000 -15.6173649
0.3850000 -35.3532448
0.3860000 -27.5207596
0.3870000 26.8365574
0.3880000 25.1842194
0.3890000 23.7627697
0.3900000 -66.2129211
0.3910000 -39.0018463
0.3920000 -20.7222576
0.3930000 1.1256728
0.3940000 32.1288261
0.3950000 -26.2632236
0.3960000 13.4107981
0.3970000 77.0905838
0.3980000 -35.5643272
0.3990000 30.1873665
0.4000000 32.6604309
0.4010000 -48.6878738
0.4020000 -11.6575546
0.4030000 22.0310783
0.4040000 -0.8325956
0.4050000 21.8197594
0.4060000 -41.3076897
0.4070000 78.9614182
0.4080000 59.8805695
0.4090000 16.4135246
0.4100000 36.0837822
0.4110000 -6.6564002
0.4120000 2.1787858
0.4130000 -12.6151171
0.4140000 -8.4003925
0.4150000 -2.2622318
0.4160000 -27.5191460
0.4170000 -25.2504272
0.4180000 -2.8263633
0.4190000 15.1290970
0.4200000 -21.9398441
0.4210000 46.3469658
0.4220000 79.3048401
0.4230000 -78.1362305
0.4240000 -21.4822025
0.4250000 -31.9196167
0.4260000 -48.1147308
0.4270000 -89.7292328
0.4280000 40.1147003
0.4290000 47.5080681
0.4300000 -19.1708889
0.4310000 77.3714981
0.4320000 2.0846956
0.4330000 -16.7052097
0.4340000 25.3472710
0.4350000 21.0308933
0.4360000 24.2930546
0.4370000 12.6121931
0.4380000 -28.5779362
0.4390000 38.7506981
0.4400000 46.2919235
0.4410000 -6.1990924
0.4420000 17.8080349
0.4430000 -21.2058868
0.4440000 -45.0946655
0.4450000 -20.4829140
0.4460000 92.1960144
0.4470000 31.4084396
0.4480000 10.2304258
0.4490000 28.6899033
0.4500000 -59.5037613
0.4510000 -41.2515030
0.4520000 5.3510470
0.4530000 18.6240273
0.4540000 -42.3525009
0.4550000 92.8445129
0.4560000 -28.9275265
0.4570000 31.4630604
0.4580000 -17.6349487
0.4590000 -23.5431595
0.4600000 -10.4352865
0.4610000 21.5321350
0.4620000 29.0527000
0.4630000 -30.8455849
0.4640000 -38.5383759
0.4650000 30.1951046
0.4660000 -14.3911705
0.4670000 39.2636833
0.4680000 -37.1362038
0.4690000 48.0700073
0.4700000 21.7745399
0.4710000 -9.7946043
0.4720000 -74.4788513
0.4730000 28.5300713
0.4740000 56.0471230
0.4750000 19.2383022
0.4760000 31.7252293
0.4770000 -25.7805119
0.4780000 -42.4295731
0.4790000 51.3815575
0.4800000 16.6468201
0.4810000 -7.8878694
0.4820000 15.9035034
0.4830000 55.6296997
0.4840000 15.1185856
0.4850000 -26.3020649
0.4860000 -35.3252869
0.4870000 0.3288548
0.4880000 18.6551991
0.4890000 12.5953875
0.4900000 14.1030016
0.4910000 16.0143013
0.4920000 -25.8551197
0.4930000 34.7890549
0.4940000 -44.8061371
0.4950000 -28.8526421
0.4960000 36.8216553
0.4970000 52.6630859
0.4980000 4.0774536
0.4990000 -84.1680832
0.5000000 39.8354340
0.5010000 1.7951143
0.5020000 34.9472504
0.5030000 -6.3447247
0.5040000 11.1157360
0.5050000 41.9717026
0.5060000 -47.4038429
0.5070000 42.6361427
0.5080000 -2.1919358
0.5090000 17.2760582
0.5100000 57.0179977
0.5110000 -39.8945694
0.5120000 4.2458916
0.5130000 -3.6639040
0.5140000 -12.1104679
0.5150000 24.0664330
0.5160000 20.7568436
0.5170000 -14.3941898
0.5180000 -81.1205063
0.5190000 33.2137680
0.5200000 65.2854385
0.5210000 -7.2706385
0.5220000 3.5837536
0.5230000 -3.2347047
0.5240000 -17.6364765
0.5250000 18.5069466
0.5260000 15.0496969
0.5270000 -46.0733795
0.5280000 18.1220551
0.5290000 2.1322541
0.5300000 42.4617691
0.5310000 -58.7304726
0.5320000 9.3713217
0.5330000 -3.3905873
0.5340000 34.8191376
0.5350000 -11.4387894
0.5360000 -19.5350494
0.5370000 32.4529266
0.5380000 -16.8751278
0.5390000 -30.1519814
0.5400000 92.9279785
0.5410000 -51.3539963
0.5420000 17.2938061
0.5430000 30.4841633
0.5440000 49.6266975
0.5450000 -66.5971603
0.5460000 77.3200836
0.5470000 49.6785698
0.5480000 17.8711452
0.5490000 54.3528595
0.5500000 10.7912903
0.5510000 -1.5769352
0.5520000 15.7162476
0.5530000 7.7990041
0.5540000 -31.8583469
0.5550000 -3.7674699
0.5560000 -43.7695274
0.5570000 3.2856688
0.5580000 -0.0424876
0.5590000 16.2858391
0.5600000 -26.8027954
0.5610000 -3.8034813
0.5620000 49.8914833
0.5630000 -20.0784798
0.5640000 21.4519711
0.5650000 39.3641930
0.5660000 20.3768864
0.5670000 -18.2792912
0.5680000 -58.9595795
0.5690000 38.9253387
0.5700000 8.8509731
0.5710000 -73.4726257
0.5720000 19.6178322
0.5730000 -42.0980225
0.5740000 -65.6386642
0.5750000 -49.6698799
0.5760000 -10.5924377
0.5770000 -26.9836483
0.5780000 43.2543106
0.5790000 18.0734386
0.5800000 2.6244881
0.5810000 -46.0770378
0.5820000 12.3353586
0.5830000 -7.3328576
0.5840000 29.6281204
0.5850000 -23.5889168
0.5860000 -36.1819763
0.5870000 41.7395363
0.5880000 -19.0347424
0.5890000 -4.3862572
0.5900000 31.7019920
0.5910000 -5.6428676
0.5920000 46.8896980
0.5930000 49.6511269
0.5940000 -14.5076609
0.5950000 -10.7584925
0.5960000 -38.5078011
0.5970000 -21.4559536
0.5980000 26.0162487
0.5990000 41.0303268
0.6000000 -17.1751919
0.6010000 105.5460434
0.6020000 -38.9448624
0.6030000 -35.9637642
0.6040000 -13.6517677
0.6050000 -17.4402351
0.6060000 -0.3217867
0.6070000 -35.5534821
0.6080000 49.7198601
0.6090000 40.8556747
0.6100000 -45.4926758
0.6110000 18.2295494
0.6120000 36.4303436
0.6130000 -12.4346628
0.6140000 -40.4318581
0.6150000 42.7419090
0.6160000 20.3197861
0.6170000 5.1309414
0.6180000 20.5859528
0.6190000 4.7272305
0.6200000 -8.0696945
0.6210000 -10.7812872
0.6220000 -1.0739696
0.6230000 -13.5875912
0.6240000 29.7834625
0.6250000 28.3600426
0.6260000 9.2612000
0.6270000 3.0638654
0.6280000 -14.1069593
0.6290000 -38.7913246
0.6300000 22.7372990
0.6310000 23.3457642
0.6320000 -20.7616539
0.6330000 64.6621933
0.6340000 17.9707623
0.6350000 4.4092274
0.6360000 64.8268814
0.6370000 5.7911000
0.6380000 18.2102547
0.6390000 26.1765995
0.6400000 -78.1764603
0.6410000 75.7329559
0.6420000 -9.1192122
0.6430000 -28.8895111
0.6440000 -22.5359688
0.6450000 3.4839067
0.6460000 -2.1470487
0.6470000 -2.5854115
0.6480000 47.2828865
0.6490000 -29.0657215
0.6500000 31.8413773
0.6510000 -42.0474854
0.6520000 22.1791325
0.6530000 -1.7289776
0.6540000 6.4180288
0.6550000 6.2808270
0.6560000 -6.9389553
0.6570000 42.9118271
0.6580000 -25.0805511
0.6590000 11.1764708
0.6600000 -32.5822220
0.6610000 -61.3121147
0.6620000 6.5987902
0.6630000 -15.6150808
0.6640000 26.6177425
0.6650000 10.1601915
0.6660000 -19.9649487
0.6670000 -15.6586056
0.6680000 -18.4414577
0.6690000 73.0199509
0.6700000 -3.7809892
0.6710000 -36.4704742
0.6720000 37.0556145
0.6730000 7.7968760
0.6740000 22.2759171
0.6750000 -17.4382191
0.6760000 20.7998466
0.6770000 12.6155596
0.6780000 -49.0306931
0.6790000 -14.7580051
0.6800000 26.0736332
0.6810000 41.0134392
0.6820000 2.3437836
0.6830000 11.6197023
0.6840000 -27.8064327
0.6850000 -57.8306046
0.6860000 -2.4853697
0.6870000 -9.7128706
0.6880000 19.5140591
0.6890000 19.7139778
0.6900000 -0.3300869
0.6910000 -31.2137852
0.6920000 8.8444538
0.6930000 36.8258591
0.6940000 -51.4682388
0.6950000 -5.2696128
0.6960000 -55.8162880
0.6970000 -44.9644699
0.6980000 -15.4272442
0.6990000 36.4113426
0.7000000 -0.2786530
0.7010000 63.9796562
0.7020000 -5.8669019
0.7030000 -56.8382111
0.7040000 47.0905495
0.7050000 -23.4256363
0.7060000 28.1384678
0.7070000 31.0632305
0.7080000 -11.5725546
0.7090000 -33.5984993
0.7100000 9.6846552
0.7110000 18.8354301
0.7120000 17.5771923
0.7130000 44.1158371
0.7140000 7.9214215
0.7150000 -7.1707067
0.7160000 -34.2981682
0.7170000 -29.7869091
0.7180000 37.9125481
0.7190000 24.7445030
0.7200000 -52.8296661
0.7210000 53.8110771
0.7220000 -8.9469461
0.7230000 -6.1562700
0.7240000 40.1058044
0.7250000 65.0006332
0.7260000 -21.5298615
0.7270000 -6.8874621
0.7280000 48.7733154
0.7290000 32.4526634
0.7300000 28.7410812
0.7310000 -61.1687279
0.7320000 29.3435898
0.7330000 -0.5297758
0.7340000 26.4617825
0.7350000 6.2821794
0.7360000 6.6340694
0.7370000 28.6787548
0.7380000 81.6948929
0.7390000 -15.6133375
0.7400000 -11.6993361
0.7410000 -48.0832901
0.7420000 41.9642830
0.7430000 -86.4816971
0.7440000 48.9253273
0.7450000 17.2212048
0.7460000 -16.7730446
0.7470000 -23.9293518
0.7480000 -32.8744812
0.7490000 -51.1214561
0.7500000 12.3639526
0.7510000 11.1445684
0.7520000 -29.5495758
0.7530000 36.4265862
0.7540000 19.4828644
0.7550000 51.6184998
0.7560000 22.0701923
0.7570000 60.2328415
0.7580000 45.7623825
0.7590000 -8.4925060
0.7600000 -68.6588211
0.7610000 -13.6237555
0.7620000 23.6764202
0.7630000 -37.1742706
0.7640000 47.5605087
0.7650000 -16.1303501
0.7660000 11.5750952
0.7670000 -30.8070583
0.7680000 -6.9568892
0.7690000 -35.9277039
0.7700000 13.6370249
0.7710000 -18.1081390
0.7720000 32.3846283
0.7730000 -5.4622312
0.7740000 38.4019470
0.7750000 16.6794090
0.7760000 51.2528381
0.7770000 18.3882675
0.7780000 43.7718506
0.7790000 -1.5639920
0.7800000 8.3721952
0.7810000 -49.4504623
0.7820000 14.0012550
0.7830000 27.7695656
0.7840000 13.6886826
0.7850000 -19.9327278
0.7860000 0.4719966
0.7870000 43.0386810
0.7880000 5.4255857
0.7890000 31.2986412
0.7900000 16.1949425
0.7910000 20.6266499
0.7920000 13.1897736
0.7930000 8.9641180
0.7940000 91.1847763
0.7950000 13.2882442
0.7960000 20.1843700
0.7970000 100.4285583
0.7980000 15.0773125
0.7990000 -31.2633133
0.8000000 -37.8721581
0.8010000 -23.8343143
0.8020000 -34.8453941
0.8030000 32.5275078
0.8040000 27.5491695
0.8050000 -10.2033539
0.8060000 31.9956608
0.8070000 -11.9920416
0.8080000 45.5218582
0.8090000 -3.7841573
0.8100000 -82.9637985
0.8110000 9.2133341
0.8120000 8.2191973
0.8130000 -29.3546104
0.8140000 14.8130341
0.8150000 -9.0539799
0.8160000 1.3137300
0.8170000 -29.6433029
0.8180000 -18.9851589
0.8190000 57.6115379
0.8200000 -28.7834911
0.8210000 61.0243683
0.8220000 47.1111641
0.8230000 -10.5912008
0.8240000 18.4804516
0.8250000 -16.6247482
0.8260000 -13.7211847
0.8270000 -18.1481724
0.8280000 -1.6372343
0.8290000 -53.3075752
0.8300000 -5.9220467
0.8310000 87.5457001
0.8320000 47.8478317
0.8330000 38.0984917
0.8340000 18.1519756
0.8350000 -29.8848457
0.8360000 -14.7265997
0.8370000 8.3718987
0.8380000 -23.1699619
0.8390000 0.2908416
0.8400000 22.1458244
0.8410000 29.3898563
0.8420000 40.9110107
0.8430000 3.0101290
0.8440000 10.0408764
0.8450000 45.5212631
0.8460000 30.9387913
0.8470000 -19.1820869
0.8480000 1.7321659
0.8490000 -1.7544173
0.8500000 -27.2962189
0.8510000 -23.9070759
0.8520000 -34.5000114
0.8530000 38.0772934
0.8540000 -71.7780533
0.8550000 70.3922501
0.8560000 28.6926003
0.8570000 -12.0955019
0.8580000 86.9142838
0.8590000 18.4979534
0.8600000 -105.8894882
0.8610000 -15.3657742
0.8620000 -26.2964344
0.8630000 59.3577538
0.8640000 -92.1202774
0.8650000 -32.8090172
0.8660000 17.7642117
0.8670000 36.2100639
0.8680000 -25.0374222
0.8690000 28.8682938
0.8700000 -7.3848066
0.8710000 -21.7965794
0.8720000 57.5847549
0.8730000 43.7715569
0.8740000 -44.6989670
0.8750000 -38.5319481
0.8760000 14.1070395
0.8770000 -47.2958221
0.8780000 -1.7316761
0.8790000 -1.4909712
0.8800000 6.7210741
0.8810000 -9.2703714
0.8820000 5.7168846
0.8830000 -50.8288879
0.8840000 -21.1409550
0.8850000 -31.2021980
0.8860000 10.8709373
0.8870000 -14.4430513
0.8880000 -14.6715040
0.8890000 -31.2825966
0.8900000 11.8709517
0.8910000 -48.9257622
0.8920000 -8.5394726
0.8930000 7.0004516
0.8940000 -7.1532760
0.8950000 7.9154835
0.8960000 38.2520828
0.8970000 -4.5376019
0.8980000 3.5814443
0.8990000 -15.5386610
0.9000000 27.8969498
0.9010000 10.9765005
0.9020000 20.2062798
0.9030000 26.1434689
0.9040000 -33.5537949
0.9050000 -24.1254978
0.9060000 -7.4228354
0.9070000 28.9077015
0.9080000 35.4762268
0.9090000 -6.9961329
0.9100000 -31.3081589
0.9110000 -42.8034515
0.9120000 40.3953934
0.9130000 -3.0237026
0.9140000 -13.6345797
0.9150000 31.2234974
0.9160000 5.9624634
0.9170000 -4.7162900
0.9180000 -18.3572559
0.9190000 4.6068592
0.9200000 18.5689163
0.9210000 61.5841026
0.9220000 -31.1701851
0.9230000 12.9181099
0.9240000 43.6678429
0.9250000 54.3971214
0.9260000 26.6920567
0.9270000 52.2076874
0.9280000 -1.8025662
0.9290000 51.9915771
0.9300000 -28.4750690
0.9310000 -44.3817101
0.9320000 13.5983028
0.9330000 47.7684097
0.9340000 3.2310574
0.9350000 0.8723253
0.9360000 3.0683353
0.9370000 -23.2831306
0.9380000 27.6084747
0.9390000 7.9763942
0.9400000 19.6479168
0.9410000 -17.6571922
0.9420000 -11.4049664
0.9430000 -13.0890751
0.9440000 20.8673725
0.9450000 7.8247194
0.9460000 16.2687683
0.9470000 26.2680683
0.9480000 20.5422249
0.9490000 -36.5783463
0.9500000 36.2430115
0.9510000 34.6024132
0.9520000 23.5879307
0.9530000 -29.4300652
0.9540000 13.7862663
0.9550000 -1.9230688
0.9560000 48.0618935
0.9570000 18.2916489
0.9580000 12.9644299
0.9590000 63.7916298
0.9600000 -51.5950775
0.9610000 6.5762591
0.9620000 -16.4053555
0.9630000 56.6034851
0.9640000 20.9889755
0.9650000 -25.0137825
0.9660000 26.3098106
0.9670000 3.8453262
0.9680000 1.1502005
0.9690000 48.6966515
0.9700000 -17.3253307
0.9710000 -2.5435758
0.9720000 38.8415527
0.9730000 -52.5111732
0.9740000 3.2405260
0.9750000 -47.0208549
0.9760000 20.5427284
0.9770000 -15.8092556
0.9780000 18.1531143
0.9790000 3.2968450
0.9800000 63.5488625
0.9810000 10.5959568
0.9820000 -40.2067146
0.9830000 -18.7109318
0.9840000 27.8719597
0.9850000 -9.8095131
0.9860000 -32.2706795
0.9870000 6.9128127
0.9880000 6.4396658
0.9890000 60.7737465
0.9900000 -34.5976105
0.9910000 -16.0422764
0.9920000 63.6773682
0.9930000 -17.4136791
0.9940000 -38.2531738
0.9950000 -3.7779663
0.9960000 2.4426496
0.9970000 8.1407356
0.9980000 13.6387730
0.9990000 15.8795080
