0.0000000 9.9262524
0.0010000 8.9482870
0.0020000 -39.3167381
0.0030000 29.0473518
0.0040000 86.8818665
0.0050000 16.4744091
0.0060000 85.2140274
0.0070000 -0.3249540
0.0080000 34.7498245
0.0090000 -19.7512379
0.0100000 -75.4049377
0.0110000 -12.6243696
0.0120000 -31.6743679
0.0130000 -59.7559471
0.0140000 37.7871246
0.0150000 -10.2183685
0.0160000 19.4389858
0.0170000 3.7807472
0.0180000 28.5775986
0.0190000 -0.6050928
0.0200000 16.7668972
0.0210000 -27.3262424
0.0220000 -8.2423649
0.0230000 10.0258198
0.0240000 46.1368942
0.0250000 21.5610390
0.0260000 -16.4640579
0.0270000 24.8757229
0.0280000 -33.5553818
0.0290000 -20.4478607
0.0300000 7.4303269
0.0310000 -9.0790958
0.0320000 21.7671108
0.0330000 -39.0594368
0.0340000 21.3288860
0.0350000 -17.3901997
0.0360000 0.3494914
0.0370000 -118.3417206
0.0380000 -16.2660275
0.0390000 47.8922920
0.0400000 -39.5987473
0.0410000 112.4029236
0.0420000 -11.1019535
0.0430000 21.5459576
0.0440000 11.4809656
0.0450000 -28.2594585
0.0460000 -33.2057571
0.0470000 4.1580629
0.0480000 -33.4886703
0.0490000 -18.3435860
0.0500000 19.2194290
0.0510000 -46.4419708
0.0520000 -21.4175301
0.0530000 14.6010971
0.0540000 -19.6220894
0.0550000 7.7939577
0.0560000 57.2849503
0.0570000 53.1522446
0.0580000 50.9846802
0.0590000 0.0955435
0.0600000 -12.3406115
0.0610000 10.7862272
0.0620000 9.0060110
0.0630000 -42.8344193
0.0640000 -3.9091697
0.0650000 69.0089569
0.0660000 -21.4856739
0.0670000 0.0460698
0.0680000 -8.3428020
0.0690000 -38.3552475
0.0700000 -20.3868942
0.0710000 14.8262291
0.0720000 10.3013105
0.0730000 -26.5639706
0.0740000 34.5859528
0.0750000 10.9227724
0.0760000 14.1486492
0.0770000 -24.6585293
0.0780000 2.5889876
0.0790000 30.1191883
0.0800000 17.8969517
0.0810000 1.3780756
0.0820000 -15.5809708
0.0830000 61.7174911
0.0840000 10.7921848
0.0850000 -37.0940323
0.0860000 19.8105221
0.0870000 28.0431557
0.0880000 -53.0741386
0.0890000 -26.3256302
0.0900000 54.0930176
0.0910000 -43.1421471
0.0920000 -64.8578949
0.0930000 -7.4358172
0.0940000 -5.0575686
0.0950000 17.9121113
0.0960000 -3.8325984
0.0970000 -7.7914424
0.0980000 48.5324783
0.0990000 43.8823738
0.1000000 -0.4083196
0.1010000 -22.7142658
0.1020000 32.6286736
0.1030000 -42.1878510
0.1040000 7.3742585
0.1050000 40.0331230
0.1060000 -9.5977678
0.1070000 -9.0764523
0.1080000 -6.2406950
0.1090000 14.1719923
0.1100000 14.5129232
0.1110000 6.5877318
0.1120000 -28.1341953
0.1130000 58.9276886
0.1140000 -32.6515427
0.1150000 18.1454754
0.1160000 -62.2163239
0.1170000 -25.1219006
0.1180000 -45.1597939
0.1190000 14.6351271
0.1200000 -10.4482222
0.1210000 -4.6951680
0.1220000 -64.9101410
0.1230000 55.6130867
0.1240000 -97.8433151
0.1250000 4.6393938
0.1260000 -26.8155708
0.1270000 -32.6906815
0.1280000 8.5893478
0.1290000 -41.0954399
0.1300000 52.4023094
0.1310000 -55.7904129
0.1320000 -4.8017192
0.1330000 23.7137699
0.1340000 -40.8282394
0.1350000 -16.7726116
0.1360000 12.2666531
0.1370000 34.7784843
0.1380000 -0.6102011
0.1390000 -21.4989243
0.1400000 29.6459293
0.1410000 -1.0063215
0.1420000 25.0331078
0.1430000 -48.9182663
0.1440000 -14.5592213
0.1450000 -16.2970543
0.1460000 48.6655960
0.1470000 -17.8382339
0.1480000 -8.4231424
0.1490000 8.5617867
0.1500000 -6.4577842
0.1510000 -37.2848473
0.1520000 26.6727791
0.1530000 36.2803802
0.1540000 -24.9604645
0.1550000 -6.8833804
0.1560000 12.3166370
0.1570000 -19.2645073
0.1580000 -9.2327490
0.1590000 15.2736244
0.1600000 5.5469027
0.1610000 -27.6112289
0.1620000 -37.4136543
0.1630000 2.4363992
0.1640000 34.1582489
0.1650000 -17.3410683
0.1660000 26.7149143
0.1670000 16.6998806
0.1680000 56.1180420
0.1690000 84.7015533
0.1700000 67.8605652
0.1710000 -19.4089203
0.1720000 -49.5446739
0.1730000 31.8557053
0.1740000 27.3763542
0.1750000 17.7012978
0.1760000 6.3558378
0.1770000 44.2452545
0.1780000 -6.0569973
0.1790000 64.2981186
0.1800000 59.1269760
0.1810000 14.3809357
0.1820000 41.9440880
0.1830000 28.9021034
0.1840000 -43.4471893
0.1850000 -68.4030533
0.1860000 43.3279190
0.1870000 15.4600544
0.1880000 24.4845676
0.1890000 -48.5767059
0.1900000 -13.2541914
0.1910000 -42.2619400
0.1920000 -0.5876409
0.1930000 -19.7906380
0.1940000 10.2835283
0.1950000 -53.4503136
0.1960000 80.9092331
0.1970000 17.4119205
0.1980000 60.1429634
0.1990000 -12.5179291
0.2000000 27.4058304
0.2010000 24.3534431
0.2020000 49.7047424
0.2030000 77.6921692
0.2040000 -22.4686031
0.2050000 -104.1239624
0.2060000 -24.2846489
0.2070000 5.8005290
0.2080000 -1.7245195
0.2090000 49.7301559
0.2100000 -23.8517208
0.2110000 -14.5917702
0.2120000 4.8229990
0.2130000 3.8690875
0.2140000 -5.8956199
0.2150000 -30.5070019
0.2160000 43.6419106
0.2170000 -48.6145134
0.2180000 -29.1151676
0.2190000 9.9005194
0.2200000 -117.2679367
0.2210000 44.7334404
0.2220000 4.1353784
0.2230000 26.8251362
0.2240000 29.1400051
0.2250000 23.8760033
0.2260000 9.5194759
0.2270000 5.7382264
0.2280000 -59.6554375
0.2290000 -78.7979813
0.2300000 -7.5910835
0.2310000 -66.2332077
0.2320000 -12.3579931
0.2330000 -40.7441978
0.2340000 18.8069248
0.2350000 87.9075928
0.2360000 -15.1042261
0.2370000 63.7101555
0.2380000 25.6885376
0.2390000 49.3453751
0.2400000 -24.2341805
0.2410000 6.6377115
0.2420000 -2.1863685
0.2430000 -66.3305130
0.2440000 30.6189346
0.2450000 -40.8851929
0.2460000 1.0787251
0.2470000 13.3246393
0.2480000 -43.8680725
0.2490000 -37.7410240
0.2500000 -44.6124420
0.2510000 -18.5751915
0.2520000 6.9198241
0.2530000 58.3907509
0.2540000 66.6036148
0.2550000 10.2609005
0.2560000 -36.1970825
0.2570000 21.5053692
0.2580000 -71.8530731
0.2590000 -19.7957878
0.2600000 -14.7749834
0.2610000 -41.3044968
0.2620000 -24.2187557
0.2630000 12.2084608
0.2640000 21.7208576
0.2650000 -40.6387978
0.2660000 -5.3527503
0.2670000 10.5191851
0.2680000 22.1699677
0.2690000 9.4613104
0.2700000 -20.2883930
0.2710000 61.3610725
0.2720000 22.0223312
0.2730000 -24.5283699
0.2740000 -37.1444244
0.2750000 25.2545643
0.2760000 -24.7389164
0.2770000 -63.5329971
0.2780000 -12.5993176
0.2790000 44.8982239
0.2800000 -38.8568878
0.2810000 -51.8384628
0.2820000 21.5743866
0.2830000 3.1833286
0.2840000 -3.1768444
0.2850000 18.2936535
0.2860000 -2.7659569
0.2870000 -11.0210094
0.2880000 -10.9418335
0.2890000 -26.8599987
0.2900000 -19.8235016
0.2910000 27.5925407
0.2920000 56.0953407
0.2930000 40.2316360
0.2940000 28.6870670
0.2950000 2.6096404
0.2960000 -16.9877968
0.2970000 35.3230209
0.2980000 48.5318184
0.2990000 -28.2321167
0.3000000 -67.8905640
0.3010000 -17.9225349
0.3020000 40.5463638
0.3030000 -19.0955868
0.3040000 15.9509802
0.3050000 8.6517668
0.3060000 -11.2579069
0.3070000 12.0248117
0.3080000 2.1580892
0.3090000 47.6520042
0.3100000 59.3712349
0.3110000 41.1470261
0.3120000 -8.4314108
0.3130000 -13.7493706
0.3140000 10.2100964
0.3150000 -22.8244343
0.3160000 -28.7062473
0.3170000 21.4144573
0.3180000 -1.0216384
0.3190000 70.6889038
0.3200000 -8.3702784
0.3210000 33.5009613
0.3220000 -25.7997990
0.3230000 3.5325956
0.3240000 -14.9463749
0.3250000 -72.8584290
0.3260000 25.3185596
0.3270000 52.3623848
0.3280000 -23.9667130
0.3290000 29.2894630
0.3300000 -23.4417820
0.3310000 -11.5287447
0.3320000 43.7229195
0.3330000 15.4156313
0.3340000 -66.7278976
0.3350000 -7.3098741
0.3360000 39.0883522
0.3370000 35.3060265
0.3380000 55.9576149
0.3390000 -27.9775105
0.3400000 -12.9757528
0.3410000 -37.7323914
0.3420000 -33.0933876
0.3430000 45.7034225
0.3440000 27.8951931
0.3450000 -33.9345894
0.3460000 -1.5463009
0.3470000 -64.4828644
0.3480000 11.6886749
0.3490000 -5.0614362
0.3500000 -39.9647713
0.3510000 -34.7606049
0.3520000 -57.9486771
0.3530000 -4.7709856
0.3540000 2.7441771
0.3550000 -31.5694675
0.3560000 23.4477978
0.3570000 1.7880243
0.3580000 13.0807428
0.3590000 43.4696693
0.3600000 -23.4584980
0.3610000 -15.1000509
0.3620000 -31.1953125
0.3630000 10.4601793
0.3640000 25.6806583
0.3650000 -23.7966423
0.3660000 27.0959740
0.3670000 31.9462624
0.3680000 52.4337502
0.3690000 -43.5741119
0.3700000 19.6670418
0.3710000 27.3582935
0.3720000 13.1802673
0.3730000 -72.0125427
0.3740000 -19.5524940
0.3750000 -39.4290237
0.3760000 7.4166656
0.3770000 51.1920471
0.3780000 -48.4798279
0.3790000 8.3690243
0.3800000 -44.2215538
0.3810000 21.8311291
0.3820000 18.5797043
0.3830000 50.9892998
0.3840000 2.4642618
0.3850000 52.6593513
0.3860000 -23.8068638
0.3870000 69.5394745
0.3880000 -11.5920582
0.3890000 23.7637253
0.3900000 3.1245842
0.3910000 31.9491825
0.3920000 37.9212265
0.3930000 9.4910545
0.3940000 -32.1772270
0.3950000 -67.5081253
0.3960000 -12.5110998
0.3970000 -59.4980850
0.3980000 49.4741592
0.3990000 35.7438087
0.4000000 -20.8515568
0.4010000 35.4508286
0.4020000 11.2606211
0.4030000 -32.1167488
0.4040000 -44.3314743
0.4050000 -32.4839554
0.4060000 -2.0499036
0.4070000 -13.2593842
0.4080000 16.8723049
0.4090000 -8.7774115
0.4100000 -51.7760010
0.4110000 50.8033142
0.4120000 26.2554016
0.4130000 -2.3337295
0.4140000 -5.8243356
0.4150000 -50.4088249
0.4160000 64.3655243
0.4170000 11.0668526
0.4180000 -24.2910061
0.4190000 -47.9629936
0.4200000 -8.8378191
0.4210000 -15.6444483
0.4220000 4.3766079
0.4230000 1.1211686
0.4240000 -0.4026522
0.4250000 -15.6532955
0.4260000 28.9844398
0.4270000 49.6654778
0.4280000 72.1161957
0.4290000 -13.0467291
0.4300000 42.8117485
0.4310000 -67.2891846
0.4320000 2.1617844
0.4330000 -13.6756344
0.4340000 31.1415424
0.4350000 -30.9400311
0.4360000 9.5191584
0.4370000 67.8445969
0.4380000 -38.2412567
0.4390000 -23.7065907
0.4400000 49.0867729
0.4410000 -19.8655739
0.4420000 50.1907043
0.4430000 -9.5477276
0.4440000 10.4574356
0.4450000 49.3629570
0.4460000 -52.2497330
0.4470000 -9.5722790
0.4480000 -3.6009297
0.4490000 15.6612835
0.4500000 20.2333298
0.4510000 -21.1754093
0.4520000 45.4515228
0.4530000 27.8424549
0.4540000 18.7015400
0.4550000 -1.2280015
0.4560000 1.8368044
0.4570000 -19.9342556
0.4580000 41.1852684
0.4590000 5.6900363
0.4600000 -9.7718449
0.4610000 25.4374371
0.4620000 22.9938641
0.4630000 85.4769440
0.4640000 -15.5498552
0.4650000 -7.2641306
0.4660000 -1.0414648
0.4670000 -6.1633220
0.4680000 23.7414131
0.4690000 -7.5540938
0.4700000 -52.8430862
0.4710000 -0.1148503
0.4720000 -13.9146271
0.4730000 -73.0370178
0.4740000 18.1248703
0.4750000 14.7338266
0.4760000 -126.1164017
0.4770000 -17.2451248
0.4780000 -2.5301375
0.4790000 0.0186850
0.4800000 -3.2745862
0.4810000 -43.7386093
0.4820000 -82.2435226
0.4830000 40.7913170
0.4840000 23.2600422
0.4850000 4.3877106
0.4860000 -13.7593222
0.4870000 25.0072784
0.4880000 53.0796852
0.4890000 -37.7867470
0.4900000 -23.9224777
0.4910000 11.8028612
0.4920000 -1.6410822
0.4930000 -4.2467852
0.4940000 -15.9161177
0.4950000 -49.9776688
0.4960000 -32.9625854
0.4970000 31.6779308
0.4980000 -30.5959187
0.4990000 -33.7381439
0.5000000 8.2539778
0.5010000 30.4624443
0.5020000 7.5177183
0.5030000 -16.7835941
0.5040000 -11.9810963
0.5050000 -22.0611267
0.5060000 -3.3634584
0.5070000 36.7714195
0.5080000 -21.4020710
0.5090000 67.9451675
0.5100000 -24.9771175
0.5110000 -1.3115300
0.5120000 56.1898651
0.5130000 55.5115013
0.5140000 57.5569344
0.5150000 26.8867359
0.5160000 43.9151115
0.5170000 -8.8550377
0.5180000 14.0590582
0.5190000 14.5158701
0.5200000 3.8528576
0.5210000 -4.3900127
0.5220000 12.8306456
0.5230000 -16.8721237
0.5240000 32.8644295
0.5250000 -12.9352560
0.5260000 6.7994952
0.5270000 -23.1231098
0.5280000 -13.1467934
0.5290000 34.6949654
0.5300000 11.8970165
0.5310000 48.9390335
0.5320000 10.5146503
0.5330000 4.9615159
0.5340000 5.9444938
0.5350000 -25.1487427
0.5360000 -34.4580765
0.5370000 15.9448462
0.5380000 -16.3270302
0.5390000 -1.4986567
0.5400000 -16.0824394
0.5410000 5.9571662
0.5420000 25.4217968
0.5430000 -24.3188648
0.5440000 -55.1992836
0.5450000 -114.4466553
0.5460000 -30.0496464
0.5470000 -60.3971710
0.5480000 -18.2563000
0.5490000 -11.6396027
0.5500000 41.2904282
0.5510000 -16.7304268
0.5520000 -32.5944595
0.5530000 8.9524002
0.5540000 19.7457619
0.5550000 -14.7976999
0.5560000 -16.5470486
0.5570000 51.5918159
0.5580000 73.4235611
0.5590000 32.8090134
0.5600000 -29.6791477
0.5610000 -88.7407990
0.5620000 -25.7894573
0.5630000 -46.8448906
0.5640000 -37.8958282
0.5650000 1.1180315
0.5660000 48.4322968
0.5670000 5.8757257
0.5680000 6.8721318
0.5690000 -25.1071053
0.5700000 -7.5498323
0.5710000 16.4794674
0.5720000 -4.7183108
0.5730000 -19.9976673
0.5740000 24.0905857
0.5750000 -4.1156640
0.5760000 48.0174103
0.5770000 -27.3515186
0.5780000 -21.7010326
0.5790000 -45.4968987
0.5800000 17.8325634
0.5810000 -21.4178944
0.5820000 -19.2525387
0.5830000 16.9681358
0.5840000 -34.0729408
0.5850000 -4.7728958
0.5860000 -7.8771386
0.5870000 -13.5045853
0.5880000 39.8651619
0.5890000 0.4141698
0.5900000 52.5162277
0.5910000 -9.9245968
0.5920000 -56.9329185
0.5930000 9.0862494
0.5940000 22.4449863
0.5950000 60.1485023
0.5960000 -23.0941715
0.5970000 46.7587852
0.5980000 50.0310707
0.5990000 0.1538996
0.6000000 18.5557404
0.6010000 22.4305782
0.6020000 25.2005634
0.6030000 -7.3128266
0.6040000 -3.2149556
0.6050000 -6.9325924
0.6060000 3.0467601
0.6070000 -26.1046791
0.6080000 -30.1095791
0.6090000 -31.7908707
0.6100000 -9.4096479
0.6110000 -4.6288824
0.6120000 -5.6457348
0.6130000 84.1428909
0.6140000 -42.1393013
0.6150000 -58.8436852
0.6160000 19.0626984
0.6170000 -28.6851635
0.6180000 27.4057293
0.6190000 -34.8665352
0.6200000 37.2895546
0.6210000 -19.3462734
0.6220000 -7.7715855
0.6230000 114.8741302
0.6240000 34.7960548
0.6250000 12.1497097
0.6260000 -9.4630928
0.6270000 -21.7690868
0.6280000 7.2791405
0.6290000 52.2691650
0.6300000 -65.7753143
0.6310000 -14.6171083
0.6320000 15.4762993
0.6330000 0.6015295
0.6340000 23.5901222
0.6350000 47.6532097
0.6360000 -33.6383896
0.6370000 -24.8951511
0.6380000 -22.1958160
0.6390000 30.6165485
0.6400000 25.8515606
0.6410000 40.4235191
0.6420000 -17.1517372
0.6430000 15.5691233
0.6440000 33.7277832
0.6450000 6.8329849
0.6460000 13.8258591
0.6470000 75.0764008
0.6480000 -2.8130286
0.6490000 -24.2183781
0.6500000 -20.1821022
0.6510000 4.7619534
0.6520000 39.8015556
0.6530000 11.7819424
0.6540000 -45.8425980
0.6550000 23.7556858
0.6560000 -46.9726067
0.6570000 7.6270895
0.6580000 -28.2875729
0.6590000 -32.1392937
0.6600000 -18.0765152
0.6610000 9.4099703
0.6620000 -9.8988638
0.6630000 42.0838547
0.6640000 -31.7172298
0.6650000 95.8623810
0.6660000 12.5639963
0.6670000 36.9959412
0.6680000 -8.5685167
0.6690000 -11.0237198
0.6700000 -34.9855652
0.6710000 -6.9340820
0.6720000 2.4746804
0.6730000 -87.6194229
0.6740000 46.8128777
0.6750000 -16.1361465
0.6760000 27.6644058
0.6770000 -80.7104950
0.6780000 13.6440020
0.6790000 60.2177544
0.6800000 -16.3528194
0.6810000 20.1838036
0.6820000 -14.0045233
0.6830000 -5.4421816
0.6840000 -7.7318711
0.6850000 -43.2206039
0.6860000 -2.3191707
0.6870000 10.7485647
0.6880000 -18.3389053
0.6890000 24.9860096
0.6900000 73.6183014
0.6910000 9.3040419
0.6920000 -79.8643570
0.6930000 4.8033643
0.6940000 -13.9019918
0.6950000 -39.4590836
0.6960000 -5.8180180
0.6970000 -0.7698877
0.6980000 -17.4773712
0.6990000 4.0801573
0.7000000 -12.8942442
0.7010000 -15.3396988
0.7020000 -28.4886093
0.7030000 28.1507721
0.7040000 -3.5972881
0.7050000 21.7869720
0.7060000 -63.5251923
0.7070000 -47.7289047
0.7080000 42.9940910
0.7090000 -33.7633438
0.7100000 46.5529404
0.7110000 24.1288242
0.7120000 32.9452286
0.7130000 6.0328431
0.7140000 8.6592903
0.7150000 -30.5244694
0.7160000 -6.0050960
0.7170000 7.5129275
0.7180000 26.2592697
0.7190000 -31.0391979
0.7200000 -9.4845543
0.7210000 -7.5963798
0.7220000 15.6760187
0.7230000 -3.2164395
0.7240000 -9.7507734
0.7250000 39.9572830
0.7260000 82.6965179
0.7270000 -5.0378985
0.7280000 -49.0037956
0.7290000 21.5905476
0.7300000 50.6136093
0.7310000 0.5007016
0.7320000 16.0641193
0.7330000 -8.2629232
0.7340000 -21.4717846
0.7350000 46.2600822
0.7360000 11.9000549
0.7370000 2.7113874
0.7380000 48.6462212
0.7390000 -31.4357777
0.7400000 33.6049004
0.7410000 -56.4510765
0.7420000 -27.8217144
0.7430000 -7.1944880
0.7440000 43.8935585
0.7450000 -8.7061033
0.7460000 45.1448822
0.7470000 2.1354053
0.7480000 -10.0313616
0.7490000 -2.9680665
0.7500000 -30.8694763
0.7510000 38.2406654
0.7520000 -22.2176361
0.7530000 1.9334574
0.7540000 -26.7268391
0.7550000 -7.1592879
0.7560000 -14.7722359
0.7570000 10.5331755
0.7580000 -5.1108165
0.7590000 -38.9381561
0.7600000 25.1530113
0.7610000 -3.6577091
0.7620000 7.3552227
0.7630000 17.8088379
0.7640000 -8.2981949
0.7650000 -45.4075737
0.7660000 -17.8756275
0.7670000 28.4266624
0.7680000 -14.6709652
0.7690000 -52.3094101
0.7700000 -37.8302269
0.7710000 44.0162239
0.7720000 -9.3950539
0.7730000 4.6263452
0.7740000 50.9408875
0.7750000 48.9937363
0.7760000 -30.5350094
0.7770000 2.6831861
0.7780000 -25.4873505
0.7790000 64.5271683
0.7800000 -76.9052963
0.7810000 -2.7594740
0.7820000 -5.4353452
0.7830000 -33.7784081
0.7840000 9.7822571
0.7850000 -61.5833511
0.7860000 -19.1567574
0.7870000 -10.3821592
0.7880000 -79.5118408
0.7890000 -32.8856201
0.7900000 62.2628021
0.7910000 7.0603170
0.7920000 -63.3706360
0.7930000 6.6344485
0.7940000 -1.6869249
0.7950000 22.6597309
0.7960000 -49.1401711
0.7970000 16.1595821
0.7980000 -72.2788391
0.7990000 60.6635551
0.8000000 -57.4407883
0.8010000 22.5130444
0.8020000 -85.5396042
0.8030000 19.7974339
0.8040000 44.6563530
0.8050000 -80.5751495
0.8060000 25.6395988
0.8070000 13.9444304
0.8080000 -1.1835102
0.8090000 10.4302349
0.8100000 25.7243919
0.8110000 -38.3419952
0.8120000 78.5793228
0.8130000 -4.8788953
0.8140000 6.8173304
0.8150000 -23.9105377
0.8160000 4.4712029
0.8170000 29.8587513
0.8180000 -43.7616653
0.8190000 -3.2759418
0.8200000 5.4828186
0.8210000 -4.7236958
0.8220000 -95.6950073
0.8230000 -1.2749165
0.8240000 17.1968822
0.8250000 -98.2170792
0.8260000 -28.9452820
0.8270000 21.2649231
0.8280000 -3.4481335
0.8290000 33.7061996
0.8300000 38.4556046
0.8310000 3.1255047
0.8320000 -30.4565582
0.8330000 5.2511435
0.8340000 22.1941299
0.8350000 -55.9072495
0.8360000 6.9255085
0.8370000 -9.2484674
0.8380000 -47.4716301
0.8390000 32.1222382
0.8400000 0.8654485
0.8410000 -1.0386765
0.8420000 0.2316433
0.8430000 33.7267914
0.8440000 -24.8470917
0.8450000 -17.1504250
0.8460000 -18.6170464
0.8470000 -15.8308258
0.8480000 45.3757591
0.8490000 -12.5184250
0.8500000 66.7476044
0.8510000 -17.6133099
0.8520000 11.9734306
0.8530000 6.1880059
0.8540000 73.7514267
0.8550000 -2.0966370
0.8560000 -30.4821949
0.8570000 4.7545204
0.8580000 31.1602249
0.8590000 -36.6113052
0.8600000 -7.8721838
0.8610000 -14.7873554
0.8620000 -6.4469090
0.8630000 -53.3209190
0.8640000 -62.5805321
0.8650000 -12.4305668
0.8660000 -23.4804783
0.8670000 35.5254669
0.8680000 -46.9031525
0.8690000 0.5982856
0.8700000 51.2669220
0.8710000 6.3862891
0.8720000 -7.8497124
0.8730000 1.6146966
0.8740000 38.0276871
0.8750000 3.7668967
0.8760000 -12.4320917
0.8770000 12.2204885
0.8780000 -3.0953636
0.8790000 45.4979935
0.8800000 -35.8484421
0.8810000 -12.6788883
0.8820000 -30.5298500
0.8830000 -1.4995399
0.8840000 -26.0878162
0.8850000 58.9745979
0.8860000 93.2116928
0.8870000 -40.1832047
0.8880000 23.3129559
0.8890000 -2.0947192
0.8900000 18.0855103
0.8910000 -1.2497648
0.8920000 21.9030724
0.8930000 -39.1497574
0.8940000 -20.3608742
0.8950000 -24.3197479
0.8960000 -11.5685673
0.8970000 57.8682938
0.8980000 3.6341281
0.8990000 13.3825960
0.9000000 -2.6464636
0.9010000 -40.7681770
0.9020000 -35.0183449
0.9030000 -23.6121178
0.9040000 -61.5940819
0.9050000 -15.6415529
0.9060000 30.1328564
0.9070000 38.9520302
0.9080000 -9.5202703
0.9090000 1.9045842
0.9100000 -6.6505890
0.9110000 -10.6081219
0.9120000 13.2980089
0.9130000 -12.0086355
0.9140000 -11.9980268
0.9150000 71.8075027
0.9160000 22.8248768
0.9170000 7.1747699
0.9180000 26.0503178
0.9190000 15.5099640
0.9200000 42.5929794
0.9210000 -47.0232925
0.9220000 1.1621785
0.9230000 -34.8201180
0.9240000 -0.9340103
0.9250000 -68.8201370
0.9260000 2.0586951
0.9270000 -37.3924789
0.9280000 22.7304325
0.9290000 2.2129722
0.9300000 26.4704990
0.9310000 -60.3103905
0.9320000 3.1878812
0.9330000 13.6841621
0.9340000 -15.8451471
0.9350000 -42.2060547
0.9360000 31.5626755
0.9370000 -39.2061005
0.9380000 -5.2852368
0.9390000 -51.9040794
0.9400000 31.0411911
0.9410000 -20.5119209
0.9420000 -5.8749795
0.9430000 -60.5969505
0.9440000 -21.4621849
0.9450000 -59.2251091
0.9460000 -26.0071564
0.9470000 25.1894169
0.9480000 6.9887257
0.9490000 9.2015553
0.9500000 4.8168163
0.9510000 -15.9892740
0.9520000 43.8161163
0.9530000 -10.0484524
0.9540000 4.3202219
0.9550000 0.2416423
0.9560000 -18.7368202
0.9570000 49.5739326
0.9580000 -29.1464424
0.9590000 -29.4110928
0.9600000 -40.8906288
0.9610000 13.5326033
0.9620000 -7.6637220
0.9630000 55.9070244
0.9640000 -92.5910721
0.9650000 19.0943832
0.9660000 -57.6674767
0.9670000 49.5488930
0.9680000 -12.0561028
0.9690000 -55.1286621
0.9700000 29.3746510
0.9710000 -41.5353394
0.9720000 -37.9737282
0.9730000 20.4968338
0.9740000 28.6068439
0.9750000 3.8220744
0.9760000 -5.7832141
0.9770000 41.8395691
0.9780000 -12.8276749
0.9790000 14.0353336
0.9800000 14.2006607
0.9810000 8.8062859
0.9820000 -36.2779655
0.9830000 30.2945194
0.9840000 -21.7774105
0.9850000 31.8663273
0.9860000 20.9289265
0.9870000 13.2187824
0.9880000 -47.3171463
0.9890000 31.8750420
0.9900000 -9.6851339
0.9910000 -32.7040443
0.9920000 23.5863285
0.9930000 -24.7082558
0.9940000 3.4151452
0.9950000 -24.9183102
0.9960000 28.0081806
0.9970000 48.7260628
0.9980000 -1.9975312
0.9990000 -21.0962868
