0.0000000 -48.3846054
0.0010000 -1.0451289
0.0020000 8.0098305
0.0030000 17.3316364
0.0040000 -53.4666672
0.0050000 62.0868568
0.0060000 -22.9107857
0.0070000 -51.4927483
0.0080000 8.9547043
0.0090000 60.8438873
0.0100000 -53.6438637
0.0110000 2.4546542
0.0120000 -46.2134972
0.0130000 -45.3929863
0.0140000 -28.7811756
0.0150000 -42.1997948
0.0160000 -34.5240860
0.0170000 -12.4248018
0.0180000 12.3715067
0.0190000 -16.9984245
0.0200000 11.3463345
0.0210000 -4.1813135
0.0220000 -36.6292877
0.0230000 -10.6867132
0.0240000 7.5031505
0.0250000 12.3002367
0.0260000 -15.5916281
0.0270000 -53.4398308
0.0280000 71.0684662
0.0290000 -16.3316193
0.0300000 27.6969757
0.0310000 -9.0712500
0.0320000 10.8441420
0.0330000 24.2553768
0.0340000 25.0292320
0.0350000 -31.9890308
0.0360000 4.7554951
0.0370000 -6.5888381
0.0380000 81.2654495
0.0390000 -52.2393723
0.0400000 -32.1642990
0.0410000 -86.1443558
0.0420000 -39.0020027
0.0430000 24.9982758
0.0440000 20.9135971
0.0450000 -1.5726497
0.0460000 -6.6502442
0.0470000 12.8071213
0.0480000 -15.9125853
0.0490000 -60.1703072
0.0500000 2.2408993
0.0510000 26.7849865
0.0520000 21.2721367
0.0530000 -9.5028458
0.0540000 -0.6899051
0.0550000 39.1681709
0.0560000 68.4004745
0.0570000 10.4777746
0.0580000 12.8156519
0.0590000 -8.7425423
0.0600000 -1.1727638
0.0610000 -38.1278458
0.0620000 -37.9788208
0.0630000 -23.0410042
0.0640000 15.1311398
0.0650000 6.5190601
0.0660000 -51.5500832
0.0670000 -20.9662647
0.0680000 -3.4797084
0.0690000 35.4858284
0.0700000 -29.2511692
0.0710000 -28.8822212
0.0720000 -46.0019531
0.0730000 24.5370083
0.0740000 24.9337788
0.0750000 23.2330742
0.0760000 -38.2531891
0.0770000 67.4027939
0.0780000 7.1009426
0.0790000 -14.6685677
0.0800000 37.7916336
0.0810000 -57.0936012
0.0820000 -25.8223324
0.0830000 21.8141727
0.0840000 46.4535980
0.0850000 -11.4015141
0.0860000 7.6326933
0.0870000 -29.7597942
0.0880000 39.9976768
0.0890000 29.1622066
0.0900000 -44.4338379
0.0910000 -8.6687365
0.0920000 -53.4222183
0.0930000 -17.2412052
0.0940000 69.1061935
0.0950000 16.8057156
0.0960000 26.3167000
0.0970000 -22.0919380
0.0980000 8.2624035
0.0990000 6.7013636
0.1000000 -14.8565350
0.1010000 -25.0887280
0.1020000 38.0194931
0.1030000 6.5377941
0.1040000 6.6706586
0.1050000 -24.6139431
0.1060000 6.9897532
0.1070000 -26.5257339
0.1080000 -40.6715851
0.1090000 -1.3349620
0.1100000 -0.3471807
0.1110000 -51.8134232
0.1120000 17.9018097
0.1130000 18.4387703
0.1140000 -0.6658929
0.1150000 -19.4972649
0.1160000 -14.7991867
0.1170000 60.2562790
0.1180000 6.2026048
0.1190000 -4.4611921
0.1200000 2.7405145
0.1210000 -58.4508400
0.1220000 -48.3520660
0.1230000 20.4813862
0.1240000 6.4282742
0.1250000 42.4232254
0.1260000 -3.7096348
0.1270000 -21.2225323
0.1280000 69.8425903
0.1290000 -4.5222526
0.1300000 39.5155487
0.1310000 13.3766041
0.1320000 -43.9459534
0.1330000 -40.9376030
0.1340000 -7.4297342
0.1350000 7.0851159
0.1360000 -87.8385773
0.1370000 6.8785334
0.1380000 5.1192160
0.1390000 26.6858425
0.1400000 -8.8074675
0.1410000 -15.4832754
0.1420000 6.1979218
0.1430000 -27.0015526
0.1440000 -30.2507610
0.1450000 1.7836840
0.1460000 67.7511749
0.1470000 12.6223307
0.1480000 -11.0604696
0.1490000 -44.3204765
0.1500000 10.6352053
0.1510000 -8.3133068
0.1520000 28.8137207
0.1530000 10.8754320
0.1540000 9.5895128
0.1550000 -14.0374537
0.1560000 -19.5155163
0.1570000 29.0555000
0.1580000 93.7204132
0.1590000 -13.3614559
0.1600000 -37.5195045
0.1610000 -5.9241753
0.1620000 41.0628471
0.1630000 4.9952526
0.1640000 -23.6485653
0.1650000 28.0972214
0.1660000 -29.5947552
0.1670000 6.8113818
0.1680000 26.3810730
0.1690000 -11.3699131
0.1700000 53.5636864
0.1710000 63.4625702
0.1720000 -27.7720566
0.1730000 -47.0043945
0.1740000 -10.3105125
0.1750000 0.2389054
0.1760000 -22.5678577
0.1770000 22.2589188
0.1780000 -34.6842766
0.1790000 -100.4431229
0.1800000 13.2234840
0.1810000 10.3004189
0.1820000 -8.0795984
0.1830000 -15.9461641
0.1840000 23.4513149
0.1850000 29.9316959
0.1860000 25.5244503
0.1870000 51.3595963
0.1880000 -23.6350765
0.1890000 9.2455645
0.1900000 -26.7463455
0.1910000 72.4225388
0.1920000 49.2315598
0.1930000 -62.4676552
0.1940000 74.3819885
0.1950000 5.0972638
0.1960000 51.2393456
0.1970000 -42.7026329
0.1980000 -5.7656965
0.1990000 29.3033562
0.2000000 -11.5008497
0.2010000 -25.2672215
0.2020000 -39.7483864
0.2030000 -9.6880484
0.2040000 39.7118607
0.2050000 4.5552053
0.2060000 25.0541229
0.2070000 40.2568016
0.2080000 -36.9225807
0.2090000 25.4856701
0.2100000 -29.3941593
0.2110000 1.0250949
0.2120000 -15.5388546
0.2130000 -29.3954258
0.2140000 -55.5683670
0.2150000 56.7389565
0.2160000 2.3393779
0.2170000 41.5088348
0.2180000 -24.0008640
0.2190000 17.7636032
0.2200000 15.5990591
0.2210000 -39.4548111
0.2220000 -6.8119941
0.2230000 -24.6591282
0.2240000 13.0349989
0.2250000 51.8297005
0.2260000 -21.1773987
0.2270000 64.8295212
0.2280000 -30.0521698
0.2290000 -24.1932869
0.2300000 26.6422920
0.2310000 -3.5861788
0.2320000 33.7192078
0.2330000 28.5315800
0.2340000 20.1297035
0.2350000 12.8070602
0.2360000 42.5010796
0.2370000 -62.7072639
0.2380000 44.0000191
0.2390000 13.7951107
0.2400000 30.3330669
0.2410000 13.8763027
0.2420000 18.6318779
0.2430000 24.8251057
0.2440000 -24.3262196
0.2450000 24.8028774
0.2460000 -42.6672630
0.2470000 -10.6754665
0.2480000 -2.1145873
0.2490000 75.4136963
0.2500000 11.6634216
0.2510000 2.7686729
0.2520000 39.0232048
0.2530000 -6.8750381
0.2540000 34.9133530
0.2550000 -54.6906929
0.2560000 -5.0548463
0.2570000 37.1951370
0.2580000 -10.5240307
0.2590000 -16.1441860
0.2600000 27.9630718
0.2610000 68.2482758
0.2620000 8.0844383
0.2630000 -8.0655050
0.2640000 -15.3586636
0.2650000 41.7007790
0.2660000 45.5978546
0.2670000 -61.9261055
0.2680000 -28.4225979
0.2690000 -32.6992569
0.2700000 -14.7125072
0.2710000 -9.6756477
0.2720000 -12.4650011
0.2730000 21.4834938
0.2740000 -15.5751352
0.2750000 17.8626328
0.2760000 -10.5069952
0.2770000 -6.9084477
0.2780000 0.4816561
0.2790000 21.4581490
0.2800000 34.0523338
0.2810000 36.3926163
0.2820000 -48.1170044
0.2830000 -20.7757626
0.2840000 17.4153690
0.2850000 -21.0390072
0.2860000 11.5838537
0.2870000 -6.3020105
0.2880000 -8.3202858
0.2890000 -1.7121123
0.2900000 6.6277461
0.2910000 7.0741296
0.2920000 -21.9455223
0.2930000 -33.9015808
0.2940000 -59.1288452
0.2950000 -1.5635073
0.2960000 -47.8149719
0.2970000 -54.2370949
0.2980000 0.1180736
0.2990000 -49.3785667
0.3000000 -6.0345840
0.3010000 -9.2231951
0.3020000 -55.3266716
0.3030000 30.1001225
0.3040000 42.9662437
0.3050000 -11.9127464
0.3060000 14.2835207
0.3070000 4.1355138
0.3080000 -7.0265689
0.3090000 8.9009247
0.3100000 18.2541885
0.3110000 34.1634445
0.3120000 -73.6062317
0.3130000 29.5130672
0.3140000 6.4613004
0.3150000 6.3307724
0.3160000 -41.4452667
0.3170000 -88.5092850
0.3180000 19.1217422
0.3190000 0.8502655
0.3200000 10.1243696
0.3210000 82.2150192
0.3220000 -40.8849754
0.3230000 -25.5982723
0.3240000 -76.1069336
0.3250000 -69.0323029
0.3260000 -2.6683574
0.3270000 -6.9552894
0.3280000 -3.3932588
0.3290000 50.1636200
0.3300000 29.6515388
0.3310000 -40.2446136
0.3320000 -14.7754831
0.3330000 24.9281197
0.3340000 -9.2481213
0.3350000 -9.4160137
0.3360000 50.3659706
0.3370000 12.5210791
0.3380000 -25.8572521
0.3390000 8.6489668
0.3400000 77.6153488
0.3410000 44.1895370
0.3420000 4.8712974
0.3430000 -1.1013968
0.3440000 48.0865860
0.3450000 19.7059498
0.3460000 -21.4598885
0.3470000 5.5947137
0.3480000 -38.0186348
0.3490000 16.2048225
0.3500000 29.2526741
0.3510000 12.1145077
0.3520000 -22.1746559
0.3530000 -76.2935257
0.3540000 11.2566967
0.3550000 -36.0228500
0.3560000 7.9219937
0.3570000 -48.6196709
0.3580000 -44.5583115
0.3590000 -43.0520325
0.3600000 -49.9783287
0.3610000 -31.8895149
0.3620000 15.0017958
0.3630000 -38.1645126
0.3640000 -1.7185694
0.3650000 31.0534954
0.3660000 8.2246056
0.3670000 6.5543427
0.3680000 -15.5291815
0.3690000 3.5662766
0.3700000 15.2319822
0.3710000 -49.6923943
0.3720000 48.6557083
0.3730000 -14.0265579
0.3740000 62.9357834
0.3750000 7.0045877
0.3760000 39.4695854
0.3770000 34.0113869
0.3780000 -34.9633026
0.3790000 -20.4402733
0.3800000 72.3642731
0.3810000 -66.9646301
0.3820000 16.3291779
0.3830000 -22.8214436
0.3840000 -34.5505333
0.3850000 48.8669662
0.3860000 4.2257342
0.3870000 -59.7329826
0.3880000 47.0195236
0.3890000 -96.7927475
0.3900000 -11.0931492
0.3910000 17.2048779
0.3920000 -30.4562988
0.3930000 -1.1389153
0.3940000 16.0816708
0.3950000 25.6148567
0.3960000 11.5395107
0.3970000 -35.5802040
0.3980000 9.6240044
0.3990000 76.1380157
0.4000000 0.1505757
0.4010000 1.5974909
0.4020000 -38.4362907
0.4030000 40.5024376
0.4040000 -1.3732157
0.4050000 24.7031231
0.4060000 9.6096125
0.4070000 17.5115871
0.4080000 25.3972206
0.4090000 -47.0034714
0.4100000 -70.3456497
0.4110000 14.7013083
0.4120000 -17.7519779
0.4130000 16.1285934
0.4140000 11.2528086
0.4150000 2.5984943
0.4160000 -19.1936016
0.4170000 -28.0580139
0.4180000 11.1205511
0.4190000 25.4951286
0.4200000 10.4449739
0.4210000 54.1132736
0.4220000 73.3187790
0.4230000 -26.5342827
0.4240000 -1.6914556
0.4250000 34.6277847
0.4260000 1.5773733
0.4270000 -3.3544793
0.4280000 11.3067360
0.4290000 -12.3323421
0.4300000 25.2496986
0.4310000 15.2225676
0.4320000 14.0760183
0.4330000 32.5721474
0.4340000 67.2733383
0.4350000 31.4605770
0.4360000 -47.5640640
0.4370000 -45.5959702
0.4380000 18.2312946
0.4390000 -14.9167099
0.4400000 -39.9830742
0.4410000 61.2866821
0.4420000 -16.4040203
0.4430000 -15.1155262
0.4440000 45.7323227
0.4450000 -9.8666277
0.4460000 4.6681170
0.4470000 12.9813423
0.4480000 48.4228020
0.4490000 -57.1748009
0.4500000 -66.9475250
0.4510000 46.9724350
0.4520000 9.3696833
0.4530000 42.5953217
0.4540000 -46.3410759
0.4550000 -21.8682079
0.4560000 -11.5311480
0.4570000 -41.2525215
0.4580000 -35.8746948
0.4590000 -54.5744362
0.4600000 7.6341047
0.4610000 -24.5025520
0.4620000 -55.7375641
0.4630000 -44.6705170
0.4640000 42.8528404
0.4650000 4.9822803
0.4660000 -15.8131332
0.4670000 7.7583904
0.4680000 12.5822887
0.4690000 33.4986801
0.4700000 3.5577960
0.4710000 -10.5868769
0.4720000 32.0937386
0.4730000 -66.5659332
0.4740000 21.7175808
0.4750000 -68.3137436
0.4760000 59.3747559
0.4770000 -0.2456320
0.4780000 42.5219955
0.4790000 -10.4965219
0.4800000 -29.3974819
0.4810000 13.2069731
0.4820000 3.5274167
0.4830000 -56.7523193
0.4840000 49.2077713
0.4850000 81.6313553
0.4860000 24.4965248
0.4870000 -33.6692696
0.4880000 32.2888184
0.4890000 19.0969925
0.4900000 -17.0284481
0.4910000 -67.3531723
0.4920000 51.2264938
0.4930000 -13.5580206
0.4940000 80.2374344
0.4950000 -64.5531464
0.4960000 30.3760757
0.4970000 34.5122986
0.4980000 19.3616524
0.4990000 14.6275921
0.5000000 -21.2261429
0.5010000 -36.6409950
0.5020000 1.8439716
0.5030000 5.7041097
0.5040000 -64.7694931
0.5050000 24.5705509
0.5060000 -26.3334789
0.5070000 -17.2938118
0.5080000 -24.9140778
0.5090000 -29.7940979
0.5100000 6.0816016
0.5110000 29.6408272
0.5120000 -42.1125031
0.5130000 5.5082459
0.5140000 23.6811962
0.5150000 -25.8296089
0.5160000 73.5498428
0.5170000 -20.9284077
0.5180000 -17.9649639
0.5190000 -4.3709297
0.5200000 -1.1152340
0.5210000 -77.9265137
0.5220000 -36.4603119
0.5230000 49.4393578
0.5240000 -17.6798515
0.5250000 45.8503799
0.5260000 12.8678885
0.5270000 20.2519798
0.5280000 -2.3475759
0.5290000 -20.1707172
0.5300000 -70.6831207
0.5310000 5.5204487
0.5320000 -25.4146519
0.5330000 -1.0581777
0.5340000 28.2593994
0.5350000 -51.1753006
0.5360000 -60.3496284
0.5370000 29.3037357
0.5380000 -12.5726538
0.5390000 5.2194223
0.5400000 -2.1672621
0.5410000 31.1056442
0.5420000 -50.2339325
0.5430000 -4.3811178
0.5440000 36.8194389
0.5450000 69.1123962
0.5460000 25.3467693
0.5470000 62.2087212
0.5480000 -24.3255730
0.5490000 -9.6331940
0.5500000 10.9808483
0.5510000 -7.5567341
0.5520000 -36.5155182
0.5530000 -21.1850605
0.5540000 38.9642448
0.5550000 29.0170326
0.5560000 -45.3586349
0.5570000 18.6128540
0.5580000 65.4130173
0.5590000 -36.5084572
0.5600000 32.1680412
0.5610000 36.0691185
0.5620000 -2.3338194
0.5630000 59.3403511
0.5640000 -1.6958784
0.5650000 -60.4737053
0.5660000 -26.8382530
0.5670000 40.9569359
0.5680000 69.5293121
0.5690000 -29.4127350
0.5700000 17.5030251
0.5710000 2.9606504
0.5720000 54.7373390
0.5730000 -18.5578976
0.5740000 -7.9910402
0.5750000 37.0337753
0.5760000 -52.2256813
0.5770000 75.3106995
0.5780000 -32.5548973
0.5790000 58.8528252
0.5800000 24.4646568
0.5810000 61.6793022
0.5820000 37.9392471
0.5830000 38.6865501
0.5840000 57.6680756
0.5850000 29.8560410
0.5860000 15.0990038
0.5870000 24.1299648
0.5880000 29.5058842
0.5890000 13.5469332
0.5900000 -7.8041806
0.5910000 90.0272141
0.5920000 -32.2229080
0.5930000 -20.9973373
0.5940000 4.5440383
0.5950000 -8.9558249
0.5960000 16.0886078
0.5970000 -47.8882256
0.5980000 -75.9035568
0.5990000 -11.1367331
0.6000000 -17.0275364
0.6010000 44.9693794
0.6020000 27.8888893
0.6030000 27.1050739
0.6040000 -1.7913150
0.6050000 15.4894896
0.6060000 -15.1893873
0.6070000 -29.2785053
0.6080000 -10.9792089
0.6090000 -28.0531502
0.6100000 45.3684654
0.6110000 -53.8566132
0.6120000 -26.6693020
0.6130000 12.0469770
0.6140000 -64.4074478
0.6150000 -7.0714374
0.6160000 21.3366413
0.6170000 14.9021301
0.6180000 18.3279190
0.6190000 20.8377285
0.6200000 54.1909409
0.6210000 -3.2832739
0.6220000 -43.9717407
0.6230000 14.5140800
0.6240000 -0.1922475
0.6250000 -86.9091568
0.6260000 8.9796734
0.6270000 -1.1078806
0.6280000 -55.5278740
0.6290000 47.5379219
0.6300000 -27.9569550
0.6310000 -8.7799463
0.6320000 14.0650043
0.6330000 4.5057001
0.6340000 13.1050787
0.6350000 33.5742569
0.6360000 34.5677948
0.6370000 12.0963526
0.6380000 46.2626953
0.6390000 16.6117916
0.6400000 20.5790386
0.6410000 -48.5890045
0.6420000 65.9343185
0.6430000 11.1528053
0.6440000 91.8282623
0.6450000 1.0065522
0.6460000 -9.3113232
0.6470000 -54.0329514
0.6480000 9.7712040
0.6490000 40.0246391
0.6500000 7.4956260
0.6510000 -22.1451397
0.6520000 28.7351856
0.6530000 29.5259743
0.6540000 37.5670471
0.6550000 -18.9928856
0.6560000 -16.3206425
0.6570000 -66.3626404
0.6580000 -53.8471565
0.6590000 6.0352192
0.6600000 63.4774246
0.6610000 13.6249123
0.6620000 12.5782433
0.6630000 -24.8064327
0.6640000 -49.7598724
0.6650000 16.8947029
0.6660000 -16.4070339
0.6670000 0.3569365
0.6680000 47.1332054
0.6690000 11.5078440
0.6700000 44.0811386
0.6710000 -66.3629379
0.6720000 14.0376358
0.6730000 22.6766644
0.6740000 51.2423134
0.6750000 16.6399632
0.6760000 24.5892334
0.6770000 -56.6962509
0.6780000 -37.8444557
0.6790000 25.0271816
0.6800000 46.0022354
0.6810000 5.0008245
0.6820000 -48.2151680
0.6830000 -3.1687605
0.6840000 17.0502148
0.6850000 42.0827255
0.6860000 -52.6376991
0.6870000 -36.3814316
0.6880000 21.2103481
0.6890000 -0.4662390
0.6900000 5.0879474
0.6910000 -74.5441360
0.6920000 -38.6765175
0.6930000 -15.6489162
0.6940000 -11.6604710
0.6950000 -10.8640070
0.6960000 3.6597562
0.6970000 5.0472484
0.6980000 25.6106701
0.6990000 11.2398520
0.7000000 -1.0416275
0.7010000 26.5243721
0.7020000 -8.2610674
0.7030000 41.0491219
0.7040000 -49.9633179
0.7050000 12.5832977
0.7060000 -46.8077278
0.7070000 -47.7524605
0.7080000 -21.9296455
0.7090000 0.9264519
0.7100000 -50.0361824
0.7110000 4.2547984
0.7120000 -16.9980850
0.7130000 13.2294941
0.7140000 -29.3876820
0.7150000 -53.8498993
0.7160000 55.3764725
0.7170000 -20.5433903
0.7180000 33.2225876
0.7190000 -24.7089863
0.7200000 31.8279114
0.7210000 -31.3508472
0.7220000 -35.6429405
0.7230000 -47.6231613
0.7240000 3.3973470
0.7250000 -27.5502281
0.7260000 -59.3495293
0.7270000 -5.3902702
0.7280000 2.2451003
0.7290000 1.0527934
0.7300000 -52.8133507
0.7310000 -10.5489311
0.7320000 -0.0938373
0.7330000 -6.5420966
0.7340000 31.5464306
0.7350000 31.0260410
0.7360000 35.5760803
0.7370000 -18.7785244
0.7380000 -46.7818642
0.7390000 -21.7472687
0.7400000 -50.8759422
0.7410000 74.8213730
0.7420000 -102.7845840
0.7430000 -19.7441463
0.7440000 -20.7070026
0.7450000 8.3749208
0.7460000 -18.6532936
0.7470000 13.9205999
0.7480000 34.4086990
0.7490000 55.2266884
0.7500000 -1.3328727
0.7510000 -13.7334833
0.7520000 -9.7226572
0.7530000 -32.1791649
0.7540000 24.6414757
0.7550000 55.7844658
0.7560000 -14.0467739
0.7570000 1.3131069
0.7580000 6.9204526
0.7590000 -39.2615395
0.7600000 20.3339806
0.7610000 0.6564075
0.7620000 -87.8706055
0.7630000 1.6074753
0.7640000 -33.5530167
0.7650000 43.4472733
0.7660000 19.0054932
0.7670000 -28.4442616
0.7680000 15.3820610
0.7690000 -45.0323944
0.7700000 -41.1848183
0.7710000 51.2339745
0.7720000 -34.2282143
0.7730000 34.4688416
0.7740000 11.8315487
0.7750000 10.1644993
0.7760000 3.5195107
0.7770000 -23.5998535
0.7780000 6.7938981
0.7790000 0.1529260
0.7800000 16.1087589
0.7810000 10.2202711
0.7820000 -30.9821854
0.7830000 18.9663563
0.7840000 -35.0244370
0.7850000 -56.0924721
0.7860000 13.8759432
0.7870000 16.6205387
0.7880000 -23.9425163
0.7890000 -7.2487431
0.7900000 16.0024776
0.7910000 -1.9022796
0.7920000 20.9856014
0.7930000 -16.3669701
0.7940000 33.6914825
0.7950000 8.5542488
0.7960000 9.4932690
0.7970000 28.1651592
0.7980000 -2.9888835
0.7990000 -21.6603489
0.8000000 -29.0657902
0.8010000 -41.9515800
0.8020000 78.4237823
0.8030000 11.9048424
0.8040000 -42.1229553
0.8050000 39.0747986
0.8060000 56.6804695
0.8070000 -13.0019798
0.8080000 -2.1256189
0.8090000 8.0815182
0.8100000 -2.5279088
0.8110000 -28.8804741
0.8120000 -24.1982689
0.8130000 45.7959061
0.8140000 -9.4176893
0.8150000 -77.6740036
0.8160000 -35.0193100
0.8170000 -1.5968672
0.8180000 -9.1050348
0.8190000 -65.5653152
0.8200000 40.9769859
0.8210000 -62.7964363
0.8220000 17.3234596
0.8230000 -20.6017208
0.8240000 -41.0171700
0.8250000 -29.9836998
0.8260000 65.4933243
0.8270000 30.4372158
0.8280000 -5.0597239
0.8290000 93.1055069
0.8300000 24.7456055
0.8310000 -63.9516983
0.8320000 44.4258652
0.8330000 1.5042627
0.8340000 3.2322726
0.8350000 -4.3179111
0.8360000 6.9522824
0.8370000 -34.4523125
0.8380000 -19.1914864
0.8390000 9.5701036
0.8400000 -63.8300591
0.8410000 -8.9585075
0.8420000 -39.3971863
0.8430000 -17.4939575
0.8440000 -5.8957238
0.8450000 9.2775478
0.8460000 -10.4807062
0.8470000 -32.3637047
0.8480000 9.2395620
0.8490000 0.9656531
0.8500000 0.4161493
0.8510000 -105.8395615
0.8520000 -17.3125381
0.8530000 22.9931793
0.8540000 -6.4548497
0.8550000 3.0544717
0.8560000 -34.4988174
0.8570000 -1.9389505
0.8580000 -10.7746096
0.8590000 -43.4737816
0.8600000 -3.1323049
0.8610000 16.7138863
0.8620000 24.9695206
0.8630000 30.7069130
0.8640000 3.7693202
0.8650000 -40.8507309
0.8660000 49.1199608
0.8670000 -3.6927266
0.8680000 -33.0705452
0.8690000 13.1652136
0.8700000 58.4814720
0.8710000 -23.4433289
0.8720000 -86.3583069
0.8730000 49.3886909
0.8740000 -14.7271729
0.8750000 -92.0680237
0.8760000 -19.0713005
0.8770000 62.1971130
0.8780000 -38.9615326
0.8790000 64.5571671
0.8800000 1.7976011
0.8810000 25.1669750
0.8820000 -16.0931721
0.8830000 -35.7863541
0.8840000 -1.7310138
0.8850000 5.6776252
0.8860000 3.4066446
0.8870000 -5.1425004
0.8880000 -54.2641182
0.8890000 -63.3207932
0.8900000 61.2593422
0.8910000 68.3630905
0.8920000 -38.7385559
0.8930000 -3.2020464
0.8940000 29.6193752
0.8950000 -45.0460358
0.8960000 33.3267479
0.8970000 5.1522126
0.8980000 -21.1752434
0.8990000 -20.2629814
0.9000000 -32.5229263
0.9010000 7.1162443
0.9020000 -16.8270626
0.9030000 54.2880402
0.9040000 -19.2837315
0.9050000 -42.3038864
0.9060000 -30.3381824
0.9070000 11.4565144
0.9080000 -1.4566456
0.9090000 32.1069641
0.9100000 -26.8204174
0.9110000 32.0932274
0.9120000 -29.6677017
0.9130000 24.0016041
0.9140000 -2.1001682
0.9150000 -2.3786411
0.9160000 36.8419495
0.9170000 17.4884453
0.9180000 7.7061887
0.9190000 -19.8592377
0.9200000 34.0471687
0.9210000 -14.1980152
0.9220000 24.5949116
0.9230000 -32.5230980
0.9240000 -13.6245089
0.9250000 15.4302473
0.9260000 7.9971366
0.9270000 10.6781931
0.9280000 -22.2748432
0.9290000 -9.5174541
0.9300000 20.1970158
0.9310000 58.3395576
0.9320000 -24.8181896
0.9330000 -23.3760338
0.9340000 16.2078285
0.9350000 51.0288315
0.9360000 -8.2146959
0.9370000 12.9790640
0.9380000 -27.4743023
0.9390000 -42.8182564
0.9400000 16.1203403
0.9410000 38.4716568
0.9420000 47.9136314
0.9430000 -66.4889679
0.9440000 71.1281662
0.9450000 -18.3232250
0.9460000 -29.2117825
0.9470000 55.4854126
0.9480000 9.4412861
0.9490000 -7.9262166
0.9500000 -7.1163764
0.9510000 70.4623260
0.9520000 -40.8243599
0.9530000 24.5771503
0.9540000 18.2999229
0.9550000 5.5300508
0.9560000 -27.5424061
0.9570000 36.1093941
0.9580000 -3.4564314
0.9590000 -43.2892799
0.9600000 0.9588393
0.9610000 -0.1302156
0.9620000 54.1143684
0.9630000 21.5245094
0.9640000 17.0756683
0.9650000 -24.9505024
0.9660000 -1.2326230
0.9670000 10.3865995
0.9680000 -17.9024849
0.9690000 18.0262375
0.9700000 -41.1567574
0.9710000 -3.2542078
0.9720000 -21.7703476
0.9730000 -70.8606567
0.9740000 42.8309822
0.9750000 -16.2448635
0.9760000 -37.3946991
0.9770000 93.2315292
0.9780000 25.1607208
0.9790000 -1.7165455
0.9800000 43.8119049
0.9810000 15.1494541
0.9820000 6.4494939
0.9830000 -47.5199699
0.9840000 -28.3020287
0.9850000 -13.1057186
0.9860000 -55.6739159
0.9870000 -6.1699576
0.9880000 -5.7102571
0.9890000 -54.7369652
0.9900000 3.2598968
0.9910000 38.6459274
0.9920000 57.1241531
0.9930000 72.1291580
0.9940000 57.4016190
0.9950000 47.7555847
0.9960000 -27.9966488
0.9970000 -71.6456680
0.9980000 12.2757740
0.9990000 -31.8781929
