0.0000000 12.4453735
0.0010000 49.8513794
0.0020000 27.8764706
0.0030000 -68.2791824
0.0040000 -8.9328918
0.0050000 -27.0320415
0.0060000 24.1020832
0.0070000 42.9449234
0.0080000 -6.1601520
0.0090000 -21.9338493
0.0100000 -19.6905403
0.0110000 27.7591228
0.0120000 -26.4568367
0.0130000 7.5641017
0.0140000 22.6490726
0.0150000 -34.7173729
0.0160000 -19.7408676
0.0170000 2.7080727
0.0180000 -26.4975662
0.0190000 31.7317467
0.0200000 1.9336842
0.0210000 16.3823051
0.0220000 6.1222205
0.0230000 2.0276048
0.0240000 -2.8464215
0.0250000 -15.9247808
0.0260000 -34.3010788
0.0270000 -7.1537504
0.0280000 83.2638016
0.0290000 -36.4158707
0.0300000 31.3836117
0.0310000 7.0737500
0.0320000 28.3092308
0.0330000 12.2469492
0.0340000 32.5590515
0.0350000 -3.2044609
0.0360000 48.1833839
0.0370000 16.1732616
0.0380000 18.4614601
0.0390000 -24.8243885
0.0400000 21.6093311
0.0410000 9.7370052
0.0420000 -4.9831409
0.0430000 -4.7930222
0.0440000 -44.1542053
0.0450000 35.3826790
0.0460000 26.4836636
0.0470000 -25.5229893
0.0480000 -4.6479235
0.0490000 -8.2331629
0.0500000 30.2958336
0.0510000 -60.6654205
0.0520000 97.4103317
0.0530000 -3.5695927
0.0540000 -14.7496767
0.0550000 7.7461753
0.0560000 20.3754654
0.0570000 -69.6017609
0.0580000 13.4999123
0.0590000 26.6724854
0.0600000 52.9044838
0.0610000 1.1904230
0.0620000 -41.0662270
0.0630000 -6.2659874
0.0640000 18.8221169
0.0650000 23.1665783
0.0660000 -31.7973938
0.0670000 -53.3680611
0.0680000 -32.1181641
0.0690000 -23.5507450
0.0700000 -38.7323265
0.0710000 19.7877274
0.0720000 -14.3576670
0.0730000 -21.7719326
0.0740000 -53.4789619
0.0750000 36.7534943
0.0760000 27.4870224
0.0770000 23.0708981
0.0780000 -36.4946480
0.0790000 16.2976646
0.0800000 12.5023127
0.0810000 45.9657326
0.0820000 12.9720144
0.0830000 10.4067554
0.0840000 -15.3665771
0.0850000 75.8042145
0.0860000 -12.0135279
0.0870000 -27.3855228
0.0880000 82.1243286
0.0890000 -20.8468132
0.0900000 13.9856405
0.0910000 -22.8824272
0.0920000 -67.0733719
0.0930000 -28.2419128
0.0940000 22.3569870
0.0950000 -33.8987656
0.0960000 -11.0342484
0.0970000 -1.3818717
0.0980000 16.7260780
0.0990000 28.3820801
0.1000000 -36.6814728
0.1010000 -75.3342514
0.1020000 -34.5389519
0.1030000 -96.5229721
0.1040000 23.4212284
0.1050000 -45.9583626
0.1060000 -42.0732269
0.1070000 -19.8721218
0.1080000 78.5459900
0.1090000 -32.9034538
0.1100000 36.1071243
0.1110000 9.7440462
0.1120000 -4.6100020
0.1130000 -4.3950291
0.1140000 -13.9528961
0.1150000 -6.5613117
0.1160000 31.2035751
0.1170000 -46.1502228
0.1180000 28.1170139
0.1190000 -49.2043419
0.1200000 -40.8296852
0.1210000 -23.2217827
0.1220000 -31.0923710
0.1230000 -17.2175503
0.1240000 -9.3394375
0.1250000 -18.7692127
0.1260000 13.3108768
0.1270000 43.2286301
0.1280000 30.9972095
0.1290000 70.8778915
0.1300000 -13.6535816
0.1310000 23.3095417
0.1320000 36.8647194
0.1330000 -26.5591030
0.1340000 -84.6752243
0.1350000 25.6453762
0.1360000 -44.9200325
0.1370000 27.3975163
0.1380000 -70.3299179
0.1390000 -23.5745239
0.1400000 0.7296414
0.1410000 30.0597134
0.1420000 0.5096095
0.1430000 31.8256607
0.1440000 1.6856365
0.1450000 56.6697540
0.1460000 -66.9020920
0.1470000 -23.9576550
0.1480000 5.9275799
0.1490000 -10.2664299
0.1500000 32.6125412
0.1510000 40.3804245
0.1520000 0.1945537
0.1530000 -23.5436554
0.1540000 -50.4045181
0.1550000 -59.0359840
0.1560000 36.6118660
0.1570000 -3.3913620
0.1580000 19.7632961
0.1590000 -47.9202881
0.1600000 -29.0497513
0.1610000 -46.3029976
0.1620000 21.0940247
0.1630000 -25.0804119
0.1640000 -19.8696785
0.1650000 26.9929333
0.1660000 -69.8285522
0.1670000 -6.3718343
0.1680000 -51.7941856
0.1690000 21.9220676
0.1700000 31.7270832
0.1710000 -43.8441620
0.1720000 -0.2443515
0.1730000 0.7915945
0.1740000 -6.7989402
0.1750000 44.1478729
0.1760000 2.4156170
0.1770000 -22.6327057
0.1780000 -10.0245018
0.1790000 7.5954494
0.1800000 -36.6718864
0.1810000 36.9983139
0.1820000 -30.8180943
0.1830000 61.6667786
0.1840000 19.0837479
0.1850000 14.7146301
0.1860000 -35.9619102
0.1870000 -12.6122589
0.1880000 -16.8333740
0.1890000 -19.9969444
0.1900000 -40.2222023
0.1910000 -1.4199233
0.1920000 -18.5967197
0.1930000 17.2233009
0.1940000 16.4603233
0.1950000 7.9474292
0.1960000 6.1543574
0.1970000 -5.4204841
0.1980000 18.1101246
0.1990000 3.5551260
0.2000000 -27.6601791
0.2010000 13.9611864
0.2020000 58.4951706
0.2030000 -38.1044273
0.2040000 6.4635758
0.2050000 -71.3097763
0.2060000 22.8657608
0.2070000 18.8861198
0.2080000 42.7457199
0.2090000 36.7357254
0.2100000 21.2939777
0.2110000 11.1216364
0.2120000 21.1589775
0.2130000 -41.0301247
0.2140000 30.7151699
0.2150000 98.9640198
0.2160000 28.0424976
0.2170000 -8.0792179
0.2180000 -4.4434843
0.2190000 -1.2044528
0.2200000 63.6621323
0.2210000 14.0833225
0.2220000 67.8740540
0.2230000 6.3061881
0.2240000 -52.8828621
0.2250000 10.7936287
0.2260000 -11.0848284
0.2270000 -19.1995544
0.2280000 58.2383881
0.2290000 46.1274796
0.2300000 -9.6594772
0.2310000 -25.3281670
0.2320000 6.2424107
0.2330000 -6.3629212
0.2340000 8.3309231
0.2350000 61.2448692
0.2360000 -8.9267120
0.2370000 -13.1422262
0.2380000 -23.6069355
0.2390000 -56.1021576
0.2400000 -21.0917339
0.2410000 47.4917145
0.2420000 39.6826553
0.2430000 -50.3307533
0.2440000 65.6135635
0.2450000 -5.1685843
0.2460000 -29.4453545
0.2470000 37.4434700
0.2480000 -11.5032225
0.2490000 -0.0138287
0.2500000 -0.6257439
0.2510000 44.5382309
0.2520000 45.1956749
0.2530000 -14.6328211
0.2540000 -3.2242978
0.2550000 -8.9497032
0.2560000 -83.4821625
0.2570000 -3.4612508
0.2580000 -29.8039989
0.2590000 -35.7937813
0.2600000 27.4939404
0.2610000 -81.1225815
0.2620000 24.5270786
0.2630000 -2.7190161
0.2640000 -40.0449257
0.2650000 3.1030629
0.2660000 44.6349068
0.2670000 26.4934444
0.2680000 -19.3908691
0.2690000 26.6974945
0.2700000 37.5565605
0.2710000 6.1596708
0.2720000 35.7447128
0.2730000 -35.3891754
0.2740000 -29.4500198
0.2750000 -64.1729507
0.2760000 -7.8867679
0.2770000 -3.8383284
0.2780000 -39.2689552
0.2790000 30.9506836
0.2800000 30.3287888
0.2810000 27.3841782
0.2820000 -0.0223061
0.2830000 -41.3324432
0.2840000 -98.5193787
0.2850000 -67.3254166
0.2860000 -12.9057236
0.2870000 21.1606483
0.2880000 76.5487518
0.2890000 15.0869083
0.2900000 4.2503157
0.2910000 62.1106529
0.2920000 39.4099388
0.2930000 68.9477463
0.2940000 -21.9832726
0.2950000 -15.0356312
0.2960000 -12.9577332
0.2970000 56.4840965
0.2980000 -8.0804834
0.2990000 -4.3035240
0.3000000 27.8270912
0.3010000 65.4390182
0.3020000 -6.9699841
0.3030000 22.0293465
0.3040000 18.6553669
0.3050000 -18.0965214
0.3060000 -35.0143967
0.3070000 25.4605999
0.3080000 25.0337486
0.3090000 -46.4628906
0.3100000 -41.9318848
0.3110000 -14.5448837
0.3120000 0.9999386
0.3130000 -11.2774448
0.3140000 24.0936985
0.3150000 -25.2369537
0.3160000 -3.1877532
0.3170000 -2.0236425
0.3180000 12.1316309
0.3190000 6.0647874
0.3200000 19.2510433
0.3210000 -61.9016304
0.3220000 -6.9660234
0.3230000 6.1871271
0.3240000 40.5482445
0.3250000 -3.1402245
0.3260000 7.0997286
0.3270000 -23.1574650
0.3280000 -20.3102226
0.3290000 -29.5169468
0.3300000 43.8016853
0.3310000 -19.8348255
0.3320000 -56.3309021
0.3330000 13.8697338
0.3340000 8.9455004
0.3350000 17.9254341
0.3360000 4.4955750
0.3370000 11.9115725
0.3380000 39.7541161
0.3390000 19.6930676
0.3400000 28.3950520
0.3410000 71.1260529
0.3420000 9.2577620
0.3430000 6.4460158
0.3440000 53.1576157
0.3450000 -8.6136103
0.3460000 -51.2712975
0.3470000 36.2256889
0.3480000 -1.5901144
0.3490000 -11.4282293
0.3500000 -24.0480881
0.3510000 -50.6174965
0.3520000 8.2640781
0.3530000 32.3713646
0.3540000 30.8673592
0.3550000 -13.8896904
0.3560000 28.4145260
0.3570000 -36.1038132
0.3580000 35.2417297
0.3590000 83.3949356
0.3600000 90.2406616
0.3610000 5.9403572
0.3620000 -16.7022533
0.3630000 37.6975174
0.3640000 -8.2115717
0.3650000 2.2794137
0.3660000 33.4930496
0.3670000 0.4735833
0.3680000 36.8933868
0.3690000 23.2615204
0.3700000 68.3816376
0.3710000 -59.8033791
0.3720000 -2.5685310
0.3730000 17.2562542
0.3740000 -14.0884943
0.3750000 24.3759003
0.3760000 -4.1322770
0.3770000 30.7790184
0.3780000 90.8936462
0.3790000 -27.2357407
0.3800000 38.7642326
0.3810000 -34.1984520
0.3820000 -14.7877522
0.3830000 8.0339499
0.3840000 20.2397556
0.3850000 -91.5536118
0.3860000 16.3811321
0.3870000 16.6375656
0.3880000 20.9745388
0.3890000 90.7298889
0.3900000 29.2118568
0.3910000 7.6281300
0.3920000 25.6428089
0.3930000 -3.2591836
0.3940000 -7.6324382
0.3950000 -42.3136253
0.3960000 -53.1038933
0.3970000 -18.5719490
0.3980000 -19.0403919
0.3990000 12.0215902
0.4000000 27.9110851
0.4010000 -12.4920511
0.4020000 4.2956996
0.4030000 -52.9060669
0.4040000 30.2398682
0.4050000 56.7528801
0.4060000 -38.1946526
0.4070000 -5.9980493
0.4080000 -75.9305573
0.4090000 39.7771912
0.4100000 67.6806946
0.4110000 -2.1027341
0.4120000 -0.0823987
0.4130000 38.7755432
0.4140000 -4.2292962
0.4150000 52.6697998
0.4160000 -33.7062874
0.4170000 16.6624985
0.4180000 29.6609058
0.4190000 23.9008865
0.4200000 2.2410228
0.4210000 -29.5302849
0.4220000 13.6222906
0.4230000 -4.7510738
0.4240000 -37.2925911
0.4250000 48.2340050
0.4260000 -20.7376766
0.4270000 -6.3929272
0.4280000 2.5340040
0.4290000 -52.5147133
0.4300000 55.2950935
0.4310000 36.4138184
0.4320000 -3.7364044
0.4330000 -5.4984155
0.4340000 -37.9102097
0.4350000 -5.6997156
0.4360000 36.5100479
0.4370000 12.4072552
0.4380000 -0.8270946
0.4390000 -32.3956642
0.4400000 6.1120381
0.4410000 12.1903181
0.4420000 -5.6531029
0.4430000 -14.1224890
0.4440000 28.8963299
0.4450000 -26.8466396
0.4460000 7.1220665
0.4470000 47.9817734
0.4480000 -3.4894884
0.4490000 53.1435089
0.4500000 -13.1685371
0.4510000 56.4253883
0.4520000 -27.8261051
0.4530000 60.6236992
0.4540000 -41.4555130
0.4550000 -12.5939589
0.4560000 -5.8975167
0.4570000 63.1504059
0.4580000 3.0038881
0.4590000 8.5297604
0.4600000 -9.5589905
0.4610000 -56.6113052
0.4620000 14.2853794
0.4630000 2.1187205
0.4640000 15.3142843
0.4650000 5.6500072
0.4660000 42.8706436
0.4670000 -59.5730629
0.4680000 6.1154714
0.4690000 13.4756536
0.4700000 28.6065235
0.4710000 13.7383623
0.4720000 -59.3022385
0.4730000 42.0074997
0.4740000 85.0969162
0.4750000 15.8768158
0.4760000 11.1827936
0.4770000 55.7645836
0.4780000 -21.3667278
0.4790000 -18.3772373
0.4800000 3.8393035
0.4810000 -16.4575195
0.4820000 4.6545353
0.4830000 0.6682017
0.4840000 25.7092133
0.4850000 -51.3954048
0.4860000 -7.2315555
0.4870000 -25.1806145
0.4880000 -35.8732071
0.4890000 53.7883186
0.4900000 5.7003813
0.4910000 29.7576942
0.4920000 65.1143570
0.4930000 26.4593945
0.4940000 -26.5879059
0.4950000 -56.6019897
0.4960000 -54.1372719
0.4970000 -38.9432678
0.4980000 18.1017952
0.4990000 -0.3100042
0.5000000 18.5568142
0.5010000 11.6167316
0.5020000 -26.0001144
0.5030000 23.5063515
0.5040000 6.9709010
0.5050000 76.7775726
0.5060000 53.2670288
0.5070000 -15.9575510
0.5080000 -47.1830750
0.5090000 31.6117535
0.5100000 69.7874374
0.5110000 0.2089635
0.5120000 0.2051927
0.5130000 68.3305435
0.5140000 -14.6843843
0.5150000 0.3730154
0.5160000 17.6148453
0.5170000 -18.1880627
0.5180000 104.9929504
0.5190000 -11.1578560
0.5200000 1.0680519
0.5210000 14.6321392
0.5220000 -27.9368172
0.5230000 -7.8807197
0.5240000 -49.8489304
0.5250000 -69.1986084
0.5260000 -41.4136391
0.5270000 -11.8105354
0.5280000 -1.5668905
0.5290000 -26.5222244
0.5300000 -16.2739754
0.5310000 -8.2871647
0.5320000 3.9243004
0.5330000 2.8512990
0.5340000 -24.0008411
0.5350000 21.3918037
0.5360000 -55.7472115
0.5370000 3.6059921
0.5380000 -32.9368210
0.5390000 25.1991024
0.5400000 9.4726696
0.5410000 32.6483307
0.5420000 39.9922485
0.5430000 42.6917839
0.5440000 12.1715736
0.5450000 1.6122435
0.5460000 24.6341133
0.5470000 11.8112268
0.5480000 -7.5354691
0.5490000 33.6412811
0.5500000 83.2684937
0.5510000 11.1337366
0.5520000 -39.2325592
0.5530000 -13.7470226
0.5540000 -25.1590443
0.5550000 -78.2856750
0.5560000 -38.6339836
0.5570000 -28.5573311
0.5580000 43.3770981
0.5590000 -21.8635292
0.5600000 -1.1557584
0.5610000 5.2986245
0.5620000 -43.4248657
0.5630000 47.8072701
0.5640000 -25.2008133
0.5650000 15.6156387
0.5660000 23.7015991
0.5670000 8.8805981
0.5680000 -42.5218773
0.5690000 47.9114304
0.5700000 -20.6865654
0.5710000 10.6024237
0.5720000 -50.3273125
0.5730000 -33.8454971
0.5740000 -17.1523438
0.5750000 25.7039471
0.5760000 -51.6364326
0.5770000 22.4272022
0.5780000 58.8255577
0.5790000 -7.6365108
0.5800000 -50.9040375
0.5810000 -13.7401056
0.5820000 -6.2890463
0.5830000 -9.9306879
0.5840000 -83.5787888
0.5850000 31.2221317
0.5860000 18.9635429
0.5870000 18.0970783
0.5880000 -78.2103806
0.5890000 11.7562189
0.5900000 52.1986389
0.5910000 -84.5616074
0.5920000 -20.1189003
0.5930000 -41.8605766
0.5940000 24.3595963
0.5950000 -20.0235443
0.5960000 -5.0781951
0.5970000 -29.8643742
0.5980000 -12.0505819
0.5990000 -27.5065079
0.6000000 -9.9178782
0.6010000 -19.0522099
0.6020000 -47.1709709
0.6030000 14.0596523
0.6040000 27.1549034
0.6050000 32.8231544
0.6060000 47.3692322
0.6070000 -12.6431770
0.6080000 -19.2002525
0.6090000 24.2887802
0.6100000 -3.9895761
0.6110000 45.9324150
0.6120000 31.2138329
0.6130000 66.0262070
0.6140000 12.3603811
0.6150000 -37.3580780
0.6160000 32.3777428
0.6170000 -10.5915298
0.6180000 53.0808029
0.6190000 39.1063919
0.6200000 35.5925636
0.6210000 29.0020218
0.6220000 -14.4428587
0.6230000 26.6005802
0.6240000 5.6001768
0.6250000 -54.9886055
0.6260000 4.7313743
0.6270000 23.0225391
0.6280000 -2.3658013
0.6290000 13.3274755
0.6300000 79.2185135
0.6310000 -42.4691429
0.6320000 -39.8270531
0.6330000 -3.2528906
0.6340000 -19.6145802
0.6350000 30.6986485
0.6360000 29.1655540
0.6370000 -35.4750099
0.6380000 61.1320076
0.6390000 -34.5789566
0.6400000 14.3192654
0.6410000 86.9760437
0.6420000 29.0059967
0.6430000 26.1502380
0.6440000 5.0154881
0.6450000 0.7016363
0.6460000 -29.6475391
0.6470000 -14.2136250
0.6480000 -47.7265129
0.6490000 -4.3369527
0.6500000 45.3686333
0.6510000 -45.6957245
0.6520000 -13.6023455
0.6530000 -4.0763307
0.6540000 -14.8812227
0.6550000 -17.1601295
0.6560000 4.6402307
0.6570000 -26.0939274
0.6580000 14.0486069
0.6590000 52.4305840
0.6600000 16.4677467
0.6610000 -13.9889851
0.6620000 5.1138091
0.6630000 36.2684135
0.6640000 28.7973804
0.6650000 -27.2930832
0.6660000 -4.1615553
0.6670000 8.0022612
0.6680000 27.3811665
0.6690000 7.4744201
0.6700000 -12.4669809
0.6710000 58.0341644
0.6720000 46.0616951
0.6730000 -14.7631197
0.6740000 -65.6620865
0.6750000 22.9743404
0.6760000 88.1071548
0.6770000 -10.6757555
0.6780000 1.6788831
0.6790000 53.9669304
0.6800000 -6.8347411
0.6810000 18.9706326
0.6820000 -9.0347481
0.6830000 -42.3658447
0.6840000 45.4601326
0.6850000 -37.7062607
0.6860000 1.9581820
0.6870000 60.9521179
0.6880000 -41.2063942
0.6890000 -0.7498172
0.6900000 8.9090185
0.6910000 45.1163635
0.6920000 37.7733803
0.6930000 -28.0545635
0.6940000 73.7792587
0.6950000 -79.4589996
0.6960000 -34.4268990
0.6970000 19.0598316
0.6980000 -17.3304157
0.6990000 18.0554733
0.7000000 15.0720072
0.7010000 -11.0827436
0.7020000 13.7167711
0.7030000 3.1372139
0.7040000 -51.9302216
0.7050000 19.7861080
0.7060000 52.0952187
0.7070000 40.5873108
0.7080000 44.9785233
0.7090000 -51.2313652
0.7100000 25.1660042
0.7110000 42.1953392
0.7120000 33.3035889
0.7130000 25.0110779
0.7140000 63.3817673
0.7150000 -0.5596121
0.7160000 -80.7454758
0.7170000 -15.7382946
0.7180000 -8.3669786
0.7190000 87.7798691
0.7200000 -67.2928314
0.7210000 19.0872440
0.7220000 0.5536962
0.7230000 -41.9669952
0.7240000 -31.0733852
0.7250000 -18.8577862
0.7260000 11.0338287
0.7270000 -33.6254425
0.7280000 -4.3264804
0.7290000 67.0492477
0.7300000 30.4536896
0.7310000 5.3411794
0.7320000 7.6253004
0.7330000 -22.4492054
0.7340000 -41.4656029
0.7350000 6.5402446
0.7360000 -63.1138268
0.7370000 55.4217567
0.7380000 -110.8135757
0.7390000 45.7957497
0.7400000 16.7774525
0.7410000 -0.2403428
0.7420000 -49.2904129
0.7430000 16.3587799
0.7440000 -55.2036743
0.7450000 -21.0600052
0.7460000 45.9665375
0.7470000 -11.6933212
0.7480000 -50.1631889
0.7490000 5.1209121
0.7500000 -1.5108913
0.7510000 -16.6229820
0.7520000 -12.2965107
0.7530000 -3.8959863
0.7540000 56.7346687
0.7550000 -0.3237018
0.7560000 6.0602894
0.7570000 -24.2387028
0.7580000 21.4829292
0.7590000 -28.6827793
0.7600000 -9.6221771
0.7610000 20.3125381
0.7620000 -55.8340034
0.7630000 38.7058601
0.7640000 -4.2186832
0.7650000 -26.9432106
0.7660000 -29.8278484
0.7670000 10.1782160
0.7680000 -4.2129903
0.7690000 -42.4311905
0.7700000 25.7895279
0.7710000 -1.6688653
0.7720000 0.6144432
0.7730000 9.2328405
0.7740000 18.8878078
0.7750000 33.4344711
0.7760000 -15.8124905
0.7770000 10.8244972
0.7780000 -31.7305813
0.7790000 33.5198364
0.7800000 43.8540916
0.7810000 -17.1478024
0.7820000 28.2387428
0.7830000 18.9334068
0.7840000 -52.0793037
0.7850000 0.9102069
0.7860000 -0.1868293
0.7870000 21.1151237
0.7880000 -17.7580605
0.7890000 -21.7444363
0.7900000 20.0085850
0.7910000 34.1332283
0.7920000 -9.5541821
0.7930000 29.0614357
0.7940000 58.8606644
0.7950000 3.4289327
0.7960000 -10.8337488
0.7970000 55.1970444
0.7980000 61.6950874
0.7990000 9.2276115
0.8000000 -13.4363890
0.8010000 -37.2316589
0.8020000 48.1439896
0.8030000 125.2585297
0.8040000 5.1446328
0.8050000 -11.5087194
0.8060000 -51.4999313
0.8070000 -11.7344255
0.8080000 -16.4615746
0.8090000 90.8250961
0.8100000 -1.8582804
0.8110000 7.9451857
0.8120000 -31.5609264
0.8130000 -16.3814335
0.8140000 -31.2252827
0.8150000 -65.0284729
0.8160000 -37.5049057
0.8170000 -40.5048828
0.8180000 -42.8689384
0.8190000 14.8597593
0.8200000 -2.2000849
0.8210000 -30.7885418
0.8220000 2.2859025
0.8230000 33.0360298
0.8240000 -44.2215500
0.8250000 15.7021942
0.8260000 -19.0220623
0.8270000 2.6990411
0.8280000 -26.2415161
0.8290000 -6.9716582
0.8300000 50.9958839
0.8310000 -22.6958485
0.8320000 -23.5060101
0.8330000 -46.5829964
0.8340000 64.3066559
0.8350000 -47.1714478
0.8360000 19.4931068
0.8370000 52.1496887
0.8380000 -21.8355579
0.8390000 -32.6285324
0.8400000 5.1158943
0.8410000 16.1572723
0.8420000 33.7090797
0.8430000 14.0571356
0.8440000 -28.3606644
0.8450000 21.4845695
0.8460000 3.2436917
0.8470000 -4.7453547
0.8480000 -59.1671562
0.8490000 -23.9627666
0.8500000 24.7748852
0.8510000 -52.8489227
0.8520000 4.9891272
0.8530000 16.6382542
0.8540000 31.4126930
0.8550000 57.0194321
0.8560000 -34.1130905
0.8570000 3.9289026
0.8580000 13.2527475
0.8590000 15.6399841
0.8600000 30.5423946
0.8610000 -23.8624535
0.8620000 -31.1703243
0.8630000 45.2264977
0.8640000 54.2587700
0.8650000 15.7682371
0.8660000 35.5101852
0.8670000 33.2187996
0.8680000 -38.9046478
0.8690000 9.7821512
0.8700000 -8.9655256
0.8710000 71.7621613
0.8720000 17.2771378
0.8730000 10.9947348
0.8740000 -12.5957966
0.8750000 1.9160845
0.8760000 -6.2617989
0.8770000 12.5784855
0.8780000 49.0942726
0.8790000 10.5721474
0.8800000 25.0315685
0.8810000 -8.8795643
0.8820000 85.4338379
0.8830000 -2.9899209
0.8840000 15.0256996
0.8850000 -67.8006134
0.8860000 72.4356155
0.8870000 -27.9006252
0.8880000 17.1605148
0.8890000 -2.3257546
0.8900000 -2.2152700
0.8910000 36.5736427
0.8920000 3.3544316
0.8930000 -42.6978989
0.8940000 1.8539799
0.8950000 13.7005625
0.8960000 -42.3940506
0.8970000 32.1405563
0.8980000 -37.1955032
0.8990000 -15.3627214
0.9000000 -57.8590775
0.9010000 20.6155262
0.9020000 -15.9493370
0.9030000 16.3375072
0.9040000 3.2015667
0.9050000 13.9902897
0.9060000 52.0373993
0.9070000 -40.0545883
0.9080000 -27.5846195
0.9090000 -13.9070015
0.9100000 -42.3677673
0.9110000 22.7538681
0.9120000 3.6678352
0.9130000 29.1448307
0.9140000 69.7838593
0.9150000 23.2228508
0.9160000 -1.5840791
0.9170000 -62.2263374
0.9180000 -8.4658594
0.9190000 8.1987095
0.9200000 56.2005653
0.9210000 36.1980057
0.9220000 35.8331451
0.9230000 5.2278543
0.9240000 -18.8614712
0.9250000 -45.9130096
0.9260000 9.5233593
0.9270000 -13.5620718
0.9280000 5.7018175
0.9290000 10.5733662
0.9300000 14.3844862
0.9310000 -23.8077297
0.9320000 -2.3558412
0.9330000 50.2406960
0.9340000 74.7839661
0.9350000 53.9267998
0.9360000 -1.9477510
0.9370000 7.5427957
0.9380000 -23.7617912
0.9390000 23.2412148
0.9400000 -25.2539291
0.9410000 -25.1641045
0.9420000 -1.7430207
0.9430000 -58.7333717
0.9440000 -81.2260437
0.9450000 18.6974182
0.9460000 -36.2592621
0.9470000 65.6184235
0.9480000 -32.9195404
0.9490000 -10.5959377
0.9500000 -6.3962927
0.9510000 -51.9983521
0.9520000 51.5928993
0.9530000 64.5321198
0.9540000 -17.7241421
0.9550000 -24.6516380
0.9560000 -35.7975655
0.9570000 -5.6575665
0.9580000 24.7828884
0.9590000 -13.6382084
0.9600000 34.0949783
0.9610000 -26.0608482
0.9620000 70.2264633
0.9630000 37.9985657
0.9640000 16.1367779
0.9650000 -11.0830326
0.9660000 26.8767662
0.9670000 28.1885567
0.9680000 3.3953011
0.9690000 9.8189774
0.9700000 10.8050766
0.9710000 47.1398849
0.9720000 23.4404507
0.9730000 -10.6012821
0.9740000 -54.3150482
0.9750000 -27.4754848
0.9760000 -43.2650414
0.9770000 -52.7854424
0.9780000 -28.8180656
0.9790000 28.4287720
0.9800000 31.7031460
0.9810000 -5.1428785
0.9820000 -13.2299852
0.9830000 -7.4959650
0.9840000 -22.2069016
0.9850000 -11.1903057
0.9860000 -11.6766129
0.9870000 -15.1641569
0.9880000 15.6393805
0.9890000 49.6530876
0.9900000 -50.4507065
0.9910000 9.3387470
0.9920000 -56.0911751
0.9930000 84.1395950
0.9940000 9.5607147
0.9950000 19.3442307
0.9960000 15.1929760
0.9970000 -14.8099804
0.9980000 -14.2289448
0.9990000 -31.2578316
