0.0000000 -14.8669691
0.0010000 9.2119446
0.0020000 -37.9488258
0.0030000 -83.9760284
0.0040000 -4.6431928
0.0050000 68.4951324
0.0060000 -70.5194397
0.0070000 30.1129227
0.0080000 22.4922256
0.0090000 -75.8413315
0.0100000 -1.7324035
0.0110000 74.5688171
0.0120000 25.5904579
0.0130000 18.6930771
0.0140000 38.9918747
0.0150000 27.3987675
0.0160000 24.8767090
0.0170000 -38.0225372
0.0180000 -28.0089836
0.0190000 -17.7832222
0.0200000 -40.4080429
0.0210000 -62.5829353
0.0220000 3.9973836
0.0230000 -30.2663651
0.0240000 19.3141804
0.0250000 5.1935563
0.0260000 -17.9127998
0.0270000 -14.1059675
0.0280000 -1.3486001
0.0290000 23.8051739
0.0300000 -35.9564972
0.0310000 0.0626784
0.0320000 17.0234585
0.0330000 -63.9868584
0.0340000 -22.3380585
0.0350000 -6.6982303
0.0360000 -12.4637613
0.0370000 -6.1309671
0.0380000 40.8179932
0.0390000 -29.4765854
0.0400000 22.8529835
0.0410000 -35.9306145
0.0420000 25.7991943
0.0430000 11.7054529
0.0440000 -44.7852974
0.0450000 3.6590514
0.0460000 32.3871689
0.0470000 45.6829491
0.0480000 11.2401018
0.0490000 -20.8543224
0.0500000 16.2105064
0.0510000 -25.3002377
0.0520000 -31.8375473
0.0530000 -0.3604389
0.0540000 -7.5251794
0.0550000 13.3167753
0.0560000 -21.2708225
0.0570000 0.6145383
0.0580000 -15.8865709
0.0590000 -1.7212211
0.0600000 7.8768544
0.0610000 -73.7974167
0.0620000 -35.3847351
0.0630000 6.7611995
0.0640000 -25.1338940
0.0650000 -35.4766922
0.0660000 53.1732597
0.0670000 -3.8475547
0.0680000 -46.1867027
0.0690000 -8.2021189
0.0700000 1.2302798
0.0710000 49.3841438
0.0720000 6.8527408
0.0730000 33.3710136
0.0740000 1.8537438
0.0750000 -43.6558380
0.0760000 23.5741005
0.0770000 31.2271519
0.0780000 2.4346473
0.0790000 -11.5594473
0.0800000 -64.9361649
0.0810000 -51.1741295
0.0820000 3.9127300
0.0830000 21.0714798
0.0840000 30.9574699
0.0850000 -40.3538818
0.0860000 8.5495701
0.0870000 23.7068501
0.0880000 38.3024902
0.0890000 -4.8193650
0.0900000 -10.3230877
0.0910000 -91.6655807
0.0920000 -46.1159859
0.0930000 -20.4962902
0.0940000 6.7843876
0.0950000 24.6020947
0.0960000 16.4931812
0.0970000 8.0163918
0.0980000 43.7771721
0.0990000 45.7782097
0.1000000 0.0965553
0.1010000 41.6667671
0.1020000 29.1762562
0.1030000 95.9321442
0.1040000 -20.3426952
0.1050000 43.4697571
0.1060000 -5.8590817
0.1070000 8.2608042
0.1080000 -11.2092800
0.1090000 -24.9238300
0.1100000 39.3775482
0.1110000 -64.7113571
0.1120000 -8.8594675
0.1130000 -14.4950504
0.1140000 43.2388840
0.1150000 3.0495386
0.1160000 -88.8268280
0.1170000 -7.9196301
0.1180000 -17.9174194
0.1190000 -19.0030365
0.1200000 -31.7499714
0.1210000 21.1281834
0.1220000 -65.8160248
0.1230000 -28.7727203
0.1240000 15.3600178
0.1250000 -47.2532616
0.1260000 22.3501320
0.1270000 72.8973083
0.1280000 -8.4669809
0.1290000 -31.4056320
0.1300000 -16.0724964
0.1310000 -3.4738691
0.1320000 39.5885696
0.1330000 40.6713943
0.1340000 -6.5134330
0.1350000 -21.4701786
0.1360000 -10.0086689
0.1370000 64.8222046
0.1380000 -36.6941109
0.1390000 12.0195112
0.1400000 30.6833572
0.1410000 -4.1733356
0.1420000 -49.2155075
0.1430000 -16.4172039
0.1440000 -9.9576073
0.1450000 -26.8471031
0.1460000 1.6843349
0.1470000 -26.9459248
0.1480000 -2.2804172
0.1490000 58.1597290
0.1500000 43.5430450
0.1510000 -37.2438736
0.1520000 -9.3444214
0.1530000 -16.8065472
0.1540000 -9.8702021
0.1550000 -6.4457016
0.1560000 -14.0655584
0.1570000 23.9234467
0.1580000 21.8564339
0.1590000 4.4477386
0.1600000 24.6894073
0.1610000 -38.7185402
0.1620000 -18.6496201
0.1630000 1.0159310
0.1640000 5.8091569
0.1650000 -52.1720963
0.1660000 -32.0148849
0.1670000 86.2561264
0.1680000 -8.0709181
0.1690000 51.5210304
0.1700000 2.4503262
0.1710000 44.8578072
0.1720000 -8.4578419
0.1730000 -19.0780945
0.1740000 -11.3925066
0.1750000 -44.7435875
0.1760000 -32.1685524
0.1770000 40.2160568
0.1780000 11.4128647
0.1790000 -63.5425148
0.1800000 32.6748047
0.1810000 8.1953030
0.1820000 19.3674927
0.1830000 23.2357006
0.1840000 -7.0078425
0.1850000 -38.8319206
0.1860000 -10.0525284
0.1870000 -20.1771584
0.1880000 -40.2531471
0.1890000 43.1931114
0.1900000 -35.0208321
0.1910000 20.8647995
0.1920000 -20.6975460
0.1930000 -49.1162262
0.1940000 -3.3484535
0.1950000 -20.1454582
0.1960000 1.5659665
0.1970000 13.3282175
0.1980000 -5.2835927
0.1990000 -21.9513817
0.2000000 2.9106858
0.2010000 1.3016682
0.2020000 30.7861786
0.2030000 -65.9747009
0.2040000 -40.7449646
0.2050000 21.2566929
0.2060000 -18.0478458
0.2070000 -38.4011574
0.2080000 -8.8038731
0.2090000 -0.8106967
0.2100000 -28.1840496
0.2110000 4.8960943
0.2120000 -7.6193900
0.2130000 -32.0420418
0.2140000 22.0599594
0.2150000 63.2523155
0.2160000 22.2068729
0.2170000 -58.2105255
0.2180000 11.1130142
0.2190000 62.7052879
0.2200000 22.7232475
0.2210000 -24.8955250
0.2220000 -15.6992407
0.2230000 -14.0137348
0.2240000 34.9255104
0.2250000 -31.9860744
0.2260000 -67.6568146
0.2270000 -12.7538204
0.2280000 50.4570465
0.2290000 24.8563747
0.2300000 -34.0178566
0.2310000 14.6246328
0.2320000 -4.9344134
0.2330000 5.9884510
0.2340000 5.3755760
0.2350000 32.6794128
0.2360000 47.3199539
0.2370000 38.0159569
0.2380000 0.6130989
0.2390000 32.2990913
0.2400000 -2.1759059
0.2410000 4.0081539
0.2420000 -11.1621866
0.2430000 -46.8390350
0.2440000 44.7786980
0.2450000 85.9102173
0.2460000 -75.3995361
0.2470000 19.0323181
0.2480000 -7.4981437
0.2490000 48.4888420
0.2500000 -36.3206177
0.2510000 50.0414009
0.2520000 -42.4977989
0.2530000 -51.1513596
0.2540000 32.2493095
0.2550000 -30.7363338
0.2560000 -40.2297020
0.2570000 31.3380585
0.2580000 19.4345856
0.2590000 27.9063950
0.2600000 64.7929611
0.2610000 -27.1287365
0.2620000 25.4299927
0.2630000 14.4648714
0.2640000 -3.7723870
0.2650000 34.9922447
0.2660000 -6.6693139
0.2670000 -44.3581161
0.2680000 8.5353413
0.2690000 -1.7693413
0.2700000 5.4795604
0.2710000 16.5364380
0.2720000 -0.9262194
0.2730000 2.4916303
0.2740000 -29.7259693
0.2750000 33.8153076
0.2760000 53.6590652
0.2770000 30.9854488
0.2780000 -9.5723276
0.2790000 -48.6461105
0.2800000 88.0454941
0.2810000 16.2417221
0.2820000 -12.8410254
0.2830000 -66.4675980
0.2840000 36.5686722
0.2850000 11.1730270
0.2860000 -15.6649666
0.2870000 -28.5375500
0.2880000 -6.9614730
0.2890000 -18.9662037
0.2900000 6.1394749
0.2910000 -93.6483612
0.2920000 -12.0744810
0.2930000 -13.4752340
0.2940000 -67.1750717
0.2950000 11.6495028
0.2960000 31.3282185
0.2970000 -37.1789207
0.2980000 -66.4580994
0.2990000 -28.3245792
0.3000000 25.7354012
0.3010000 -34.8297157
0.3020000 -33.8145676
0.3030000 -59.9775925
0.3040000 5.5103064
0.3050000 28.6019688
0.3060000 -52.6548195
0.3070000 -35.7855797
0.3080000 0.6837838
0.3090000 -11.5174828
0.3100000 7.8565435
0.3110000 14.0042839
0.3120000 24.8614635
0.3130000 -17.6288605
0.3140000 -50.8363228
0.3150000 -28.4236488
0.3160000 -43.1048050
0.3170000 -22.8441715
0.3180000 33.4592438
0.3190000 -38.4479713
0.3200000 3.0271947
0.3210000 -6.8079414
0.3220000 38.0236053
0.3230000 -9.8163300
0.3240000 -8.4911470
0.3250000 -39.1785851
0.3260000 4.1406240
0.3270000 -31.9789543
0.3280000 19.7605457
0.3290000 -25.4581451
0.3300000 -29.9528141
0.3310000 -31.4501019
0.3320000 -23.1108437
0.3330000 33.5169067
0.3340000 -14.2957783
0.3350000 -45.2537537
0.3360000 -58.1270828
0.3370000 26.6362228
0.3380000 -72.2740173
0.3390000 16.1345158
0.3400000 17.7012005
0.3410000 -14.2670059
0.3420000 -27.5512657
0.3430000 21.9461899
0.3440000 4.4951043
0.3450000 17.0194645
0.3460000 5.9959607
0.3470000 38.7554817
0.3480000 -56.6870193
0.3490000 -13.1025906
0.3500000 38.0289192
0.3510000 -84.4809418
0.3520000 55.9632111
0.3530000 32.8614540
0.3540000 71.0209427
0.3550000 -4.2503357
0.3560000 -45.9612160
0.3570000 -18.6945038
0.3580000 -1.4880399
0.3590000 38.7832870
0.3600000 -68.2148666
0.3610000 21.5939236
0.3620000 -18.7821579
0.3630000 -38.7334023
0.3640000 55.4528542
0.3650000 0.1051157
0.3660000 3.7357836
0.3670000 15.3681765
0.3680000 -1.7539934
0.3690000 -52.2912216
0.3700000 0.6724653
0.3710000 -41.0882339
0.3720000 -12.8442068
0.3730000 3.0143335
0.3740000 21.5269146
0.3750000 55.7783890
0.3760000 24.2573547
0.3770000 -12.7094116
0.3780000 -3.9679449
0.3790000 -5.5638967
0.3800000 -32.9444656
0.3810000 -9.6917839
0.3820000 26.2678814
0.3830000 -33.8038216
0.3840000 31.5678425
0.3850000 7.1828823
0.3860000 1.3071002
0.3870000 -17.0517044
0.3880000 -49.3491325
0.3890000 -20.8190079
0.3900000 33.6122818
0.3910000 -0.5292104
0.3920000 30.3133068
0.3930000 -9.4574194
0.3940000 14.9555349
0.3950000 5.7803216
0.3960000 -11.3078985
0.3970000 28.9611111
0.3980000 1.6146722
0.3990000 -55.0329056
0.4000000 -29.2903652
0.4010000 49.6725464
0.4020000 14.5154696
0.4030000 1.9346168
0.4040000 -29.7463150
0.4050000 44.8837166
0.4060000 -1.4138891
0.4070000 12.6920271
0.4080000 -4.9218898
0.4090000 -6.1675029
0.4100000 14.5318184
0.4110000 -89.9647980
0.4120000 -32.9160461
0.4130000 35.7811890
0.4140000 -24.6815414
0.4150000 -3.8173342
0.4160000 4.3331785
0.4170000 -9.6210728
0.4180000 -61.9791183
0.4190000 28.7374096
0.4200000 -30.2659130
0.4210000 1.7880472
0.4220000 -77.2652283
0.4230000 -13.7351217
0.4240000 -48.0931854
0.4250000 -21.1918259
0.4260000 30.3750973
0.4270000 55.8358116
0.4280000 38.4564133
0.4290000 78.4635925
0.4300000 -9.7454119
0.4310000 -5.1972728
0.4320000 -11.6401081
0.4330000 18.5841103
0.4340000 -14.2983484
0.4350000 5.5822949
0.4360000 -37.7985992
0.4370000 36.8818398
0.4380000 -7.8843718
0.4390000 50.1562805
0.4400000 -17.0373325
0.4410000 -10.2260485
0.4420000 -19.2764378
0.4430000 13.1454344
0.4440000 7.8207569
0.4450000 33.9177933
0.4460000 31.8505116
0.4470000 61.5689926
0.4480000 22.1340008
0.4490000 17.3546753
0.4500000 53.0784988
0.4510000 -32.3251495
0.4520000 -41.7255669
0.4530000 10.8873730
0.4540000 -60.0167542
0.4550000 48.3974686
0.4560000 79.9794693
0.4570000 -38.1233597
0.4580000 88.6303940
0.4590000 -10.9216337
0.4600000 -27.8132038
0.4610000 -19.9192448
0.4620000 -25.8740025
0.4630000 12.9018145
0.4640000 31.0989342
0.4650000 -20.8751144
0.4660000 -42.3671989
0.4670000 11.8716736
0.4680000 39.5816154
0.4690000 -37.4559517
0.4700000 -1.9960269
0.4710000 44.2850342
0.4720000 28.0823669
0.4730000 9.6005497
0.4740000 16.7883930
0.4750000 17.6615467
0.4760000 -71.4834061
0.4770000 8.8932095
0.4780000 8.3576517
0.4790000 -66.3568878
0.4800000 58.0449753
0.4810000 -39.5004196
0.4820000 -59.3479080
0.4830000 49.3978233
0.4840000 8.3769035
0.4850000 34.7096481
0.4860000 63.1453857
0.4870000 2.8654902
0.4880000 -8.8518457
0.4890000 34.3756866
0.4900000 39.3290138
0.4910000 -34.6235046
0.4920000 -16.5085812
0.4930000 17.4838390
0.4940000 -2.6451018
0.4950000 -32.8986588
0.4960000 -5.8170838
0.4970000 29.0168362
0.4980000 -0.2297209
0.4990000 9.4650230
0.5000000 2.6727407
0.5010000 -12.6354570
0.5020000 -9.4868422
0.5030000 35.7505836
0.5040000 -6.4000273
0.5050000 -9.9430342
0.5060000 -11.9967155
0.5070000 33.6120796
0.5080000 -23.6512432
0.5090000 0.3681000
0.5100000 -48.2896881
0.5110000 55.8033905
0.5120000 -23.1641121
0.5130000 49.0094872
0.5140000 -5.8150959
0.5150000 30.1811695
0.5160000 -18.6170559
0.5170000 21.0135822
0.5180000 12.6958923
0.5190000 -20.0445309
0.5200000 -12.2941332
0.5210000 34.1578979
0.5220000 7.9379468
0.5230000 17.3404598
0.5240000 -21.5467243
0.5250000 58.7495270
0.5260000 4.7896967
0.5270000 -46.8942757
0.5280000 2.0266247
0.5290000 33.9450188
0.5300000 -34.5735703
0.5310000 -47.2254295
0.5320000 -23.1065025
0.5330000 -3.2611132
0.5340000 -7.9814286
0.5350000 35.3111763
0.5360000 47.7210159
0.5370000 15.9210367
0.5380000 19.4636326
0.5390000 18.9615021
0.5400000 23.7149239
0.5410000 -50.6621361
0.5420000 41.3359528
0.5430000 52.1260681
0.5440000 -0.8669509
0.5450000 25.8090363
0.5460000 -29.1164989
0.5470000 35.7454109
0.5480000 13.3097811
0.5490000 -7.7692108
0.5500000 -7.5755329
0.5510000 -10.3666363
0.5520000 -4.3124633
0.5530000 32.4928970
0.5540000 -7.0067301
0.5550000 -83.9008636
0.5560000 -24.5560322
0.5570000 -13.8997717
0.5580000 34.8766670
0.5590000 3.9629056
0.5600000 -19.8734703
0.5610000 10.0800686
0.5620000 -10.4597549
0.5630000 23.6434135
0.5640000 10.0843687
0.5650000 -15.7233715
0.5660000 48.2078056
0.5670000 -54.9106979
0.5680000 -1.8398361
0.5690000 -0.8763773
0.5700000 60.0795555
0.5710000 -12.2781258
0.5720000 12.8307838
0.5730000 -13.5875826
0.5740000 38.9481087
0.5750000 47.2458496
0.5760000 -8.7407742
0.5770000 9.5986691
0.5780000 -19.5049438
0.5790000 25.1219521
0.5800000 32.9762154
0.5810000 -27.8981838
0.5820000 82.2802582
0.5830000 -7.1559815
0.5840000 -37.5939484
0.5850000 41.6535759
0.5860000 1.4762554
0.5870000 -14.3120260
0.5880000 7.5216398
0.5890000 27.0703354
0.5900000 -17.5305080
0.5910000 13.0741320
0.5920000 -43.6198692
0.5930000 -49.0103226
0.5940000 -60.4790306
0.5950000 51.7298813
0.5960000 46.1798325
0.5970000 -70.6701050
0.5980000 10.4484234
0.5990000 -14.4705582
0.6000000 -9.0206528
0.6010000 -27.0113411
0.6020000 -9.0592585
0.6030000 17.5478172
0.6040000 -21.8831043
0.6050000 17.4802456
0.6060000 5.7360682
0.6070000 7.4526548
0.6080000 -29.4446735
0.6090000 42.9655266
0.6100000 -3.1600096
0.6110000 1.5197743
0.6120000 -85.3844299
0.6130000 -55.4558983
0.6140000 -5.2251310
0.6150000 -27.7545414
0.6160000 7.6223388
0.6170000 -33.6873322
0.6180000 -30.7758217
0.6190000 -16.7041092
0.6200000 57.0852547
0.6210000 -2.9211881
0.6220000 -80.0381699
0.6230000 -12.7224789
0.6240000 25.1878681
0.6250000 8.3441467
0.6260000 -33.8898888
0.6270000 22.1963444
0.6280000 -51.1773911
0.6290000 32.9316826
0.6300000 -5.9936390
0.6310000 -57.0255890
0.6320000 40.8281059
0.6330000 28.9297409
0.6340000 -16.0804634
0.6350000 61.5976753
0.6360000 45.9373779
0.6370000 -27.6890507
0.6380000 -20.5366306
0.6390000 -39.2625122
0.6400000 8.1728907
0.6410000 -67.8224640
0.6420000 -6.8834133
0.6430000 20.1082153
0.6440000 20.9101791
0.6450000 -12.7049408
0.6460000 -2.8859336
0.6470000 31.2910118
0.6480000 16.0572701
0.6490000 18.1604862
0.6500000 27.7364197
0.6510000 22.5039425
0.6520000 13.4876719
0.6530000 14.5038786
0.6540000 16.4561024
0.6550000 6.0796027
0.6560000 60.9269714
0.6570000 32.3341179
0.6580000 8.5808315
0.6590000 24.8203201
0.6600000 40.7296143
0.6610000 -67.3468094
0.6620000 -11.6228075
0.6630000 43.9026985
0.6640000 8.7298737
0.6650000 -6.2345943
0.6660000 -31.1586380
0.6670000 9.5298834
0.6680000 15.8506508
0.6690000 6.1168003
0.6700000 18.9010563
0.6710000 61.0239906
0.6720000 8.0235929
0.6730000 50.1710587
0.6740000 -47.6649704
0.6750000 50.5761490
0.6760000 5.2268996
0.6770000 -38.1704407
0.6780000 -25.6488991
0.6790000 -27.9291706
0.6800000 -85.5311127
0.6810000 81.0791702
0.6820000 47.6073914
0.6830000 1.2291049
0.6840000 22.7043571
0.6850000 -14.0499554
0.6860000 70.4049911
0.6870000 41.2894592
0.6880000 34.8485832
0.6890000 -16.6454029
0.6900000 13.6411266
0.6910000 29.7486973
0.6920000 -43.9164505
0.6930000 51.0599556
0.6940000 28.0034084
0.6950000 -57.2258072
0.6960000 10.8060751
0.6970000 -76.2077637
0.6980000 -6.8758912
0.6990000 -30.1549320
0.7000000 25.3662205
0.7010000 21.3500023
0.7020000 -13.5240374
0.7030000 51.6283493
0.7040000 39.1177483
0.7050000 -18.7970314
0.7060000 -12.0761213
0.7070000 13.6184626
0.7080000 -13.3594761
0.7090000 5.5377674
0.7100000 7.3912382
0.7110000 -83.3786392
0.7120000 19.9612083
0.7130000 -5.3079243
0.7140000 49.0529900
0.7150000 -19.3928280
0.7160000 0.8051493
0.7170000 4.0230632
0.7180000 30.3352146
0.7190000 43.6717148
0.7200000 -33.2192039
0.7210000 -63.8516960
0.7220000 -7.0616307
0.7230000 42.3002357
0.7240000 -0.2377108
0.7250000 11.9243488
0.7260000 94.6135788
0.7270000 -58.7502594
0.7280000 9.7318172
0.7290000 -32.4571304
0.7300000 -11.4711218
0.7310000 61.3343468
0.7320000 -18.2766705
0.7330000 17.3202362
0.7340000 -36.9779015
0.7350000 -31.3601704
0.7360000 28.9696102
0.7370000 -34.8040810
0.7380000 -0.3753743
0.7390000 19.8859291
0.7400000 14.8511887
0.7410000 -28.2103348
0.7420000 -4.1520414
0.7430000 -19.4169464
0.7440000 -44.4435616
0.7450000 -13.7886944
0.7460000 4.1909056
0.7470000 -12.8661060
0.7480000 32.8743668
0.7490000 35.4105835
0.7500000 -30.3405952
0.7510000 53.7365189
0.7520000 15.5926867
0.7530000 59.7405472
0.7540000 12.0057459
0.7550000 24.1889076
0.7560000 -27.8773842
0.7570000 -5.8309836
0.7580000 25.3627319
0.7590000 10.3037682
0.7600000 -25.3807735
0.7610000 41.1258202
0.7620000 52.4845505
0.7630000 -49.2882767
0.7640000 -23.3467426
0.7650000 -22.3069363
0.7660000 37.2107239
0.7670000 -52.2537537
0.7680000 10.1823149
0.7690000 -70.0048065
0.7700000 -16.3508339
0.7710000 59.1695099
0.7720000 11.1951923
0.7730000 5.5104556
0.7740000 -12.1866350
0.7750000 67.2042770
0.7760000 -27.0658398
0.7770000 29.9209156
0.7780000 6.4082041
0.7790000 7.0359826
0.7800000 -15.3446941
0.7810000 -3.0099063
0.7820000 -15.6406984
0.7830000 16.4960003
0.7840000 37.6176376
0.7850000 23.0198345
0.7860000 14.9076967
0.7870000 3.4606323
0.7880000 25.0112152
0.7890000 -44.5738182
0.7900000 17.7966690
0.7910000 27.6733589
0.7920000 1.4406223
0.7930000 38.8037987
0.7940000 42.5972366
0.7950000 -12.1299152
0.7960000 84.4828873
0.7970000 -37.0762939
0.7980000 -11.9814987
0.7990000 -20.0613708
0.8000000 -26.3460312
0.8010000 -12.9606028
0.8020000 126.0499420
0.8030000 19.0059681
0.8040000 -19.5956478
0.8050000 34.4089622
0.8060000 27.9735966
0.8070000 -4.8489847
0.8080000 -11.3432989
0.8090000 -14.5978317
0.8100000 8.4364691
0.8110000 10.0046835
0.8120000 -11.3164473
0.8130000 0.0755647
0.8140000 -16.5651760
0.8150000 -37.9952202
0.8160000 8.4664993
0.8170000 -19.4776306
0.8180000 1.3149155
0.8190000 11.3994398
0.8200000 -1.3520098
0.8210000 1.8534690
0.8220000 47.2030144
0.8230000 8.3575735
0.8240000 6.6377974
0.8250000 -25.6284275
0.8260000 -32.2020264
0.8270000 1.0846730
0.8280000 30.5246754
0.8290000 -48.5768929
0.8300000 -14.6126509
0.8310000 4.7786593
0.8320000 -33.6216812
0.8330000 -97.1404419
0.8340000 20.3661861
0.8350000 -5.6602488
0.8360000 -6.6471491
0.8370000 25.3250427
0.8380000 17.8145847
0.8390000 -28.0530529
0.8400000 14.7652731
0.8410000 -1.9469489
0.8420000 -34.9620209
0.8430000 -10.8634338
0.8440000 56.2990570
0.8450000 -8.8308048
0.8460000 11.2792873
0.8470000 4.3585815
0.8480000 -58.7313118
0.8490000 37.6073723
0.8500000 3.1099892
0.8510000 19.5350056
0.8520000 -8.0410252
0.8530000 63.5270615
0.8540000 35.6119957
0.8550000 -30.1349545
0.8560000 54.4192009
0.8570000 7.3094320
0.8580000 39.4161415
0.8590000 -24.1871662
0.8600000 31.2905560
0.8610000 -25.6495686
0.8620000 -14.2341394
0.8630000 -8.5260544
0.8640000 -76.8857269
0.8650000 40.3183632
0.8660000 5.1912498
0.8670000 7.7096496
0.8680000 -83.0393448
0.8690000 -35.3037300
0.8700000 73.3757935
0.8710000 12.1548071
0.8720000 58.5039749
0.8730000 45.7227631
0.8740000 -0.4813826
0.8750000 -35.4467850
0.8760000 -4.6914129
0.8770000 5.5564370
0.8780000 -35.4226303
0.8790000 -30.4894352
0.8800000 33.2027283
0.8810000 51.9333801
0.8820000 -28.8338032
0.8830000 -54.9739265
0.8840000 30.6516151
0.8850000 16.4895000
0.8860000 -80.1104889
0.8870000 2.9428833
0.8880000 17.3500462
0.8890000 -35.6512222
0.8900000 -27.5780392
0.8910000 6.8751016
0.8920000 -24.1606274
0.8930000 -13.2968225
0.8940000 -48.0772362
0.8950000 76.4534912
0.8960000 -10.6493931
0.8970000 38.7365952
0.8980000 -76.8306503
0.8990000 -52.4209061
0.9000000 -37.3702202
0.9010000 -5.5050545
0.9020000 -16.6590672
0.9030000 -15.0148792
0.9040000 -28.7562008
0.9050000 28.6235046
0.9060000 -70.5513840
0.9070000 -9.2531939
0.9080000 -1.4100213
0.9090000 32.4606857
0.9100000 64.1331253
0.9110000 -34.2383385
0.9120000 13.9212627
0.9130000 56.9287071
0.9140000 -8.6444530
0.9150000 61.8309822
0.9160000 -27.0235939
0.9170000 -5.0580812
0.9180000 -43.2273369
0.9190000 -33.1102753
0.9200000 15.1746912
0.9210000 10.0950880
0.9220000 1.8036537
0.9230000 -25.0768356
0.9240000 12.5593166
0.9250000 -11.9919062
0.9260000 -23.7645206
0.9270000 -13.1209259
0.9280000 -4.7196345
0.9290000 100.9493256
0.9300000 -10.7334356
0.9310000 8.5988083
0.9320000 -11.7857828
0.9330000 28.8106632
0.9340000 -11.6105108
0.9350000 -37.0705528
0.9360000 17.7195072
0.9370000 54.4069786
0.9380000 -51.2565536
0.9390000 32.9755859
0.9400000 29.6158161
0.9410000 11.7833710
0.9420000 -40.7712517
0.9430000 6.2525425
0.9440000 45.2489586
0.9450000 -1.8487250
0.9460000 11.2978191
0.9470000 -26.0252743
0.9480000 4.3634033
0.9490000 -23.5016327
0.9500000 53.0215034
0.9510000 18.1401405
0.9520000 40.0249062
0.9530000 60.5954323
0.9540000 42.3153229
0.9550000 -34.8473320
0.9560000 13.6844406
0.9570000 5.3016887
0.9580000 -39.6799431
0.9590000 -10.6114473
0.9600000 17.1591835
0.9610000 20.0079880
0.9620000 34.3572388
0.9630000 -10.2825260
0.9640000 7.0362010
0.9650000 -13.0361652
0.9660000 44.1819572
0.9670000 67.6908798
0.9680000 -11.6636267
0.9690000 17.3608456
0.9700000 25.1170826
0.9710000 3.1053286
0.9720000 -45.1059570
0.9730000 -17.1143456
0.9740000 -18.6508026
0.9750000 67.2808838
0.9760000 -15.3433266
0.9770000 -21.2442150
0.9780000 -58.8347549
0.9790000 -53.7514038
0.9800000 -23.2411842
0.9810000 -26.9984322
0.9820000 88.1335831
0.9830000 3.0737920
0.9840000 34.5992203
0.9850000 -7.9171515
0.9860000 -1.3139009
0.9870000 -54.8223534
0.9880000 -33.6037102
0.9890000 -60.5167465
0.9900000 -20.8825817
0.9910000 -29.6957474
0.9920000 -57.6500702
0.9930000 -9.9456835
0.9940000 -10.5221691
0.9950000 -28.0938034
0.9960000 11.8506384
0.9970000 -18.0505943
0.9980000 -66.0329971
0.9990000 4.5645247
