0.0000000 -3.1818564
0.0010000 30.4836559
0.0020000 59.8711853
0.0030000 31.5806503
0.0040000 -15.5094643
0.0050000 15.8246994
0.0060000 1.7424835
0.0070000 21.5110550
0.0080000 -39.8028755
0.0090000 -17.6598492
0.0100000 -29.8102856
0.0110000 -52.4533768
0.0120000 -49.1700211
0.0130000 -75.6119232
0.0140000 24.5105534
0.0150000 -22.9073601
0.0160000 -48.1008720
0.0170000 33.1113510
0.0180000 78.3672256
0.0190000 -6.8928127
0.0200000 13.3956642
0.0210000 -16.8330402
0.0220000 13.3702173
0.0230000 12.5702353
0.0240000 -1.8360101
0.0250000 30.4572201
0.0260000 -110.0130005
0.0270000 5.9533348
0.0280000 -48.7217178
0.0290000 -19.0975819
0.0300000 -25.1011009
0.0310000 -18.6746902
0.0320000 -38.6670761
0.0330000 34.7686234
0.0340000 28.3116512
0.0350000 -0.4694985
0.0360000 39.1849289
0.0370000 1.4607055
0.0380000 -93.8828354
0.0390000 3.0033848
0.0400000 -26.6710091
0.0410000 -8.2290449
0.0420000 20.4485817
0.0430000 26.4135761
0.0440000 36.4532890
0.0450000 -23.6191578
0.0460000 1.6066878
0.0470000 59.5873795
0.0480000 50.4921646
0.0490000 -47.8304443
0.0500000 -78.4440079
0.0510000 5.5386195
0.0520000 -53.5153923
0.0530000 -24.1750469
0.0540000 18.8002071
0.0550000 78.9629517
0.0560000 -15.0018225
0.0570000 -39.5543938
0.0580000 21.6056499
0.0590000 59.0562668
0.0600000 27.6818848
0.0610000 11.8610220
0.0620000 20.5755749
0.0630000 -29.9968357
0.0640000 35.3575554
0.0650000 2.2995217
0.0660000 47.3265610
0.0670000 -43.6850662
0.0680000 9.5795546
0.0690000 68.0195618
0.0700000 -17.7431870
0.0710000 40.1818581
0.0720000 -4.2414985
0.0730000 55.9169312
0.0740000 1.0670635
0.0750000 16.7632427
0.0760000 -3.0853658
0.0770000 -13.5211802
0.0780000 64.1550140
0.0790000 36.9116020
0.0800000 -26.1311779
0.0810000 -5.8341756
0.0820000 -43.0962486
0.0830000 10.3940258
0.0840000 -35.2210503
0.0850000 -17.2240887
0.0860000 65.6835861
0.0870000 -8.5096121
0.0880000 87.9164505
0.0890000 35.6990242
0.0900000 -14.2607460
0.0910000 81.7009735
0.0920000 108.3422852
0.0930000 29.5990314
0.0940000 -9.6966124
0.0950000 -23.1769733
0.0960000 11.1846256
0.0970000 5.4991183
0.0980000 -26.2426453
0.0990000 -13.5381212
0.1000000 38.7984009
0.1010000 -78.6445618
0.1020000 -10.6844282
0.1030000 -16.9781990
0.1040000 -55.8514137
0.1050000 -8.0533333
0.1060000 -52.1645164
0.1070000 61.0375175
0.1080000 8.3781729
0.1090000 -25.8808002
0.1100000 58.2441406
0.1110000 -25.0835438
0.1120000 10.4637394
0.1130000 25.7726326
0.1140000 -21.0309200
0.1150000 -37.4280930
0.1160000 -9.4196701
0.1170000 -18.4931946
0.1180000 7.4151645
0.1190000 -17.1170216
0.1200000 -52.1686134
0.1210000 23.6112003
0.1220000 21.6231403
0.1230000 41.1503143
0.1240000 -18.7909355
0.1250000 25.2534981
0.1260000 -12.8023643
0.1270000 21.7416325
0.1280000 -45.3245850
0.1290000 28.7860279
0.1300000 -29.8465862
0.1310000 16.6863747
0.1320000 -21.8989906
0.1330000 -23.1473904
0.1340000 26.3390999
0.1350000 5.8198347
0.1360000 -5.5791297
0.1370000 -4.7765169
0.1380000 -54.1798744
0.1390000 -4.6578746
0.1400000 -89.1428452
0.1410000 3.7389624
0.1420000 51.1428566
0.1430000 47.4423141
0.1440000 -14.4951391
0.1450000 30.9008636
0.1460000 12.4008150
0.1470000 21.4861393
0.1480000 24.9593582
0.1490000 -39.3237114
0.1500000 -14.5335035
0.1510000 -18.9222775
0.1520000 -47.3124809
0.1530000 -42.4070168
0.1540000 72.5501480
0.1550000 -48.8486366
0.1560000 -6.5862975
0.1570000 -39.4304543
0.1580000 -10.7490234
0.1590000 -27.7612209
0.1600000 51.5612183
0.1610000 -31.3859501
0.1620000 17.2426376
0.1630000 -14.6596508
0.1640000 -12.5181866
0.1650000 -24.3852558
0.1660000 55.8911324
0.1670000 47.0915642
0.1680000 10.1587534
0.1690000 -39.7973442
0.1700000 -35.1319046
0.1710000 4.6289768
0.1720000 -45.5588112
0.1730000 -1.9779159
0.1740000 39.1167107
0.1750000 52.1805115
0.1760000 -14.4072828
0.1770000 14.6553268
0.1780000 63.0727539
0.1790000 -33.4446259
0.1800000 -46.2639847
0.1810000 69.6084671
0.1820000 -21.4827938
0.1830000 33.6848984
0.1840000 -30.4119911
0.1850000 -36.1438332
0.1860000 -1.2657163
0.1870000 -11.7471256
0.1880000 -46.8175545
0.1890000 -52.2317924
0.1900000 3.7116163
0.1910000 17.0422783
0.1920000 22.5627823
0.1930000 70.6748276
0.1940000 24.3196659
0.1950000 20.1317387
0.1960000 93.5938797
0.1970000 34.8886795
0.1980000 -31.8885593
0.1990000 -37.2537575
0.2000000 7.1792903
0.2010000 2.1977270
0.2020000 6.9974475
0.2030000 -24.8047218
0.2040000 -22.3279190
0.2050000 -24.3381844
0.2060000 -0.6852980
0.2070000 1.0158700
0.2080000 15.7542610
0.2090000 -16.8797932
0.2100000 27.4305382
0.2110000 -7.0981293
0.2120000 -11.4859638
0.2130000 23.3987064
0.2140000 55.4788589
0.2150000 -38.2741318
0.2160000 -38.9825058
0.2170000 -8.9158592
0.2180000 29.3067532
0.2190000 14.8746777
0.2200000 -18.5132866
0.2210000 27.0509624
0.2220000 -2.4273489
0.2230000 -4.7870326
0.2240000 -48.7498398
0.2250000 -54.6363869
0.2260000 -50.2083931
0.2270000 -75.4159317
0.2280000 -11.1231403
0.2290000 -19.5313683
0.2300000 23.7094097
0.2310000 -32.4643936
0.2320000 63.8015366
0.2330000 -7.2125797
0.2340000 -15.1869802
0.2350000 20.2204399
0.2360000 -44.2184753
0.2370000 -24.2712250
0.2380000 -40.2499733
0.2390000 -53.8552704
0.2400000 19.2986546
0.2410000 51.8424644
0.2420000 28.8011665
0.2430000 14.8675585
0.2440000 7.7079744
0.2450000 61.4276924
0.2460000 -32.0619545
0.2470000 -63.3521538
0.2480000 -4.0526562
0.2490000 9.7483549
0.2500000 54.6922035
0.2510000 18.2021561
0.2520000 0.2827300
0.2530000 -37.8843536
0.2540000 7.1018615
0.2550000 41.9705200
0.2560000 7.1107297
0.2570000 53.6721230
0.2580000 28.9423637
0.2590000 -31.1319408
0.2600000 -21.6921329
0.2610000 52.4076843
0.2620000 1.7118436
0.2630000 -28.0598717
0.2640000 -48.3560448
0.2650000 44.3039970
0.2660000 29.4936714
0.2670000 40.5345840
0.2680000 -24.0780754
0.2690000 -25.6651020
0.2700000 0.9499482
0.2710000 -57.5119400
0.2720000 12.9338331
0.2730000 11.3367624
0.2740000 3.1441445
0.2750000 -22.8977184
0.2760000 -36.7556839
0.2770000 43.8404274
0.2780000 37.4836197
0.2790000 -29.1452789
0.2800000 -7.6384363
0.2810000 -26.4616108
0.2820000 13.8317366
0.2830000 54.5752792
0.2840000 -3.1512690
0.2850000 -12.0527735
0.2860000 -12.6516972
0.2870000 1.1611414
0.2880000 16.6876240
0.2890000 -11.2739830
0.2900000 28.3567085
0.2910000 21.6072388
0.2920000 8.7049475
0.2930000 -6.0724883
0.2940000 54.6655693
0.2950000 -49.3570976
0.2960000 -53.8448296
0.2970000 30.7409801
0.2980000 -20.6695728
0.2990000 52.8613319
0.3000000 -11.0660200
0.3010000 -6.9030166
0.3020000 60.8996239
0.3030000 47.8940353
0.3040000 63.4814644
0.3050000 2.8371065
0.3060000 27.9061623
0.3070000 -27.5547523
0.3080000 36.9812889
0.3090000 41.8498650
0.3100000 31.0666924
0.3110000 -50.7546234
0.3120000 0.2661810
0.3130000 -16.5725536
0.3140000 4.1993475
0.3150000 47.9587975
0.3160000 31.5503426
0.3170000 -49.1701736
0.3180000 -12.4162655
0.3190000 46.2283363
0.3200000 -11.1769428
0.3210000 36.4293823
0.3220000 3.2507827
0.3230000 -46.5350113
0.3240000 -15.1146049
0.3250000 39.5230827
0.3260000 -6.9830451
0.3270000 -32.1497116
0.3280000 -5.2671070
0.3290000 -49.4136581
0.3300000 -71.5487976
0.3310000 44.7791061
0.3320000 -2.2079229
0.3330000 57.8975220
0.3340000 7.4283423
0.3350000 1.4345977
0.3360000 16.0801792
0.3370000 -49.6103859
0.3380000 -27.5547428
0.3390000 -21.7884674
0.3400000 12.4101906
0.3410000 -35.4310837
0.3420000 36.6828804
0.3430000 -14.4908257
0.3440000 -53.0486450
0.3450000 -0.9670177
0.3460000 -31.8879890
0.3470000 79.4004440
0.3480000 -3.7607832
0.3490000 -34.1644058
0.3500000 3.2090046
0.3510000 6.4646821
0.3520000 -54.9414673
0.3530000 -2.2226963
0.3540000 -35.1227150
0.3550000 5.6946011
0.3560000 -44.2723961
0.3570000 -39.3265877
0.3580000 -50.6100807
0.3590000 13.7744703
0.3600000 11.7616644
0.3610000 11.0355082
0.3620000 -37.5212784
0.3630000 22.6038933
0.3640000 13.2866974
0.3650000 14.9080687
0.3660000 -26.8669529
0.3670000 -32.4443016
0.3680000 -21.3848839
0.3690000 -6.7531357
0.3700000 2.6963608
0.3710000 44.8062401
0.3720000 19.3006592
0.3730000 -26.8562355
0.3740000 -10.3955088
0.3750000 9.6925793
0.3760000 -32.8813477
0.3770000 -50.6920471
0.3780000 1.5993215
0.3790000 20.2000751
0.3800000 -1.5287881
0.3810000 40.5263176
0.3820000 40.4691658
0.3830000 20.2923298
0.3840000 2.7389002
0.3850000 -26.5667553
0.3860000 42.9546165
0.3870000 13.5580845
0.3880000 27.6814461
0.3890000 42.1089363
0.3900000 5.8148208
0.3910000 -33.3087959
0.3920000 -6.3364964
0.3930000 8.6241751
0.3940000 -31.6778336
0.3950000 2.0205505
0.3960000 -20.5360775
0.3970000 -79.0251999
0.3980000 -41.0569000
0.3990000 65.4866791
0.4000000 -39.5563850
0.4010000 -24.5370636
0.4020000 36.9227257
0.4030000 2.9893191
0.4040000 -30.8261356
0.4050000 -7.9702454
0.4060000 -43.9518852
0.4070000 60.0934944
0.4080000 -14.8391161
0.4090000 7.5712872
0.4100000 37.8847885
0.4110000 17.7537231
0.4120000 2.4281437
0.4130000 14.0302811
0.4140000 -52.4629555
0.4150000 -38.3990288
0.4160000 14.4332905
0.4170000 -24.2866936
0.4180000 -48.2374115
0.4190000 10.5165024
0.4200000 6.8284869
0.4210000 20.9684544
0.4220000 21.7523232
0.4230000 13.0839252
0.4240000 -33.7843971
0.4250000 -13.4646149
0.4260000 6.1681447
0.4270000 27.7849236
0.4280000 -63.5475426
0.4290000 -37.0021591
0.4300000 8.6608906
0.4310000 14.7965441
0.4320000 -46.0076561
0.4330000 37.3308067
0.4340000 38.1924667
0.4350000 -14.6508760
0.4360000 -26.3012676
0.4370000 73.4264908
0.4380000 -3.5399940
0.4390000 -13.7496367
0.4400000 39.1258888
0.4410000 32.0751686
0.4420000 22.7992268
0.4430000 -1.3362561
0.4440000 -24.2591572
0.4450000 -2.0844948
0.4460000 -43.1289749
0.4470000 -21.1988983
0.4480000 -5.5166779
0.4490000 -30.8328457
0.4500000 31.3106785
0.4510000 24.0793457
0.4520000 -35.8869057
0.4530000 -12.4753618
0.4540000 -54.1950607
0.4550000 90.1729507
0.4560000 -46.6482582
0.4570000 -24.0599785
0.4580000 52.3549500
0.4590000 -25.1741467
0.4600000 -56.7463036
0.4610000 -51.8939972
0.4620000 -10.2378149
0.4630000 6.8934159
0.4640000 4.5086346
0.4650000 31.4205685
0.4660000 15.2423925
0.4670000 34.0218201
0.4680000 11.5835848
0.4690000 -46.7180214
0.4700000 -4.2810426
0.4710000 -29.3963547
0.4720000 41.7637711
0.4730000 -9.7152224
0.4740000 52.1276016
0.4750000 -0.1747586
0.4760000 -39.2503853
0.4770000 -20.2701969
0.4780000 -4.4905252
0.4790000 -23.5627308
0.4800000 13.3001595
0.4810000 21.1200275
0.4820000 -39.3610954
0.4830000 38.5904655
0.4840000 110.8266144
0.4850000 -29.9232521
0.4860000 -46.8696632
0.4870000 20.4704571
0.4880000 -7.9085712
0.4890000 -12.2964735
0.4900000 -20.1496925
0.4910000 -4.6311932
0.4920000 14.2191010
0.4930000 7.6396766
0.4940000 -38.5913734
0.4950000 21.9655037
0.4960000 62.4347000
0.4970000 -33.7036743
0.4980000 8.8877993
0.4990000 70.8665619
0.5000000 -18.3865337
0.5010000 -39.4217644
0.5020000 1.2039427
0.5030000 -12.0534430
0.5040000 13.5199013
0.5050000 26.7362080
0.5060000 57.9357719
0.5070000 47.3578911
0.5080000 -23.2353306
0.5090000 12.8925877
0.5100000 -45.0651588
0.5110000 27.4463501
0.5120000 41.6967964
0.5130000 -37.4044037
0.5140000 -34.8576241
0.5150000 15.1073389
0.5160000 -25.7177734
0.5170000 21.1529350
0.5180000 7.9468417
0.5190000 5.5244608
0.5200000 -5.3956685
0.5210000 -20.5548649
0.5220000 -17.4168301
0.5230000 63.0780830
0.5240000 -7.0134931
0.5250000 35.9543037
0.5260000 -2.8173277
0.5270000 -28.9540672
0.5280000 24.4441299
0.5290000 -55.0406723
0.5300000 17.5455723
0.5310000 -99.2424240
0.5320000 -13.2509184
0.5330000 17.1800289
0.5340000 -16.3027134
0.5350000 3.1399202
0.5360000 6.1722431
0.5370000 3.8143170
0.5380000 18.3710155
0.5390000 -64.5716324
0.5400000 -15.7301931
0.5410000 8.0554094
0.5420000 21.6679897
0.5430000 -20.5383377
0.5440000 3.2115753
0.5450000 -18.2244663
0.5460000 -40.0066643
0.5470000 48.3070107
0.5480000 -32.9918518
0.5490000 62.6068573
0.5500000 39.6094704
0.5510000 3.9144845
0.5520000 -39.3015289
0.5530000 -35.2091103
0.5540000 -26.0934391
0.5550000 36.9053268
0.5560000 42.0211029
0.5570000 -84.8536148
0.5580000 7.3102341
0.5590000 -84.6822739
0.5600000 -22.4698048
0.5610000 -24.9740219
0.5620000 61.2252159
0.5630000 1.2007359
0.5640000 42.5241776
0.5650000 14.8207989
0.5660000 -29.8511181
0.5670000 -76.9619141
0.5680000 -4.8292494
0.5690000 49.3023415
0.5700000 3.9131598
0.5710000 -17.0101395
0.5720000 -9.6145477
0.5730000 52.2277794
0.5740000 32.6936417
0.5750000 -59.1056633
0.5760000 59.6694412
0.5770000 34.5034218
0.5780000 -2.1945481
0.5790000 22.3345051
0.5800000 -56.1459999
0.5810000 1.3734341
0.5820000 -51.1697884
0.5830000 4.7612720
0.5840000 8.8621368
0.5850000 42.9220619
0.5860000 -26.2862606
0.5870000 -38.2000656
0.5880000 26.8977566
0.5890000 -2.5519714
0.5900000 75.9950638
0.5910000 0.6078861
0.5920000 37.9707870
0.5930000 6.5059638
0.5940000 15.0985546
0.5950000 -57.9802437
0.5960000 -18.0606880
0.5970000 -9.4957972
0.5980000 -83.0572433
0.5990000 -10.6549120
0.6000000 -25.6529675
0.6010000 -1.1136410
0.6020000 -15.1980639
0.6030000 34.2089767
0.6040000 49.2366104
0.6050000 44.3783569
0.6060000 16.1528969
0.6070000 -9.1135569
0.6080000 -24.2363510
0.6090000 -50.8804626
0.6100000 15.6534185
0.6110000 30.1016941
0.6120000 66.7245941
0.6130000 13.6419067
0.6140000 -43.3084297
0.6150000 15.8039255
0.6160000 -17.0931206
0.6170000 7.0590425
0.6180000 -0.5457131
0.6190000 33.8413963
0.6200000 -47.3853531
0.6210000 6.7387853
0.6220000 54.8698616
0.6230000 14.1186514
0.6240000 54.8533211
0.6250000 -57.0904503
0.6260000 -38.1372871
0.6270000 -30.3570595
0.6280000 -43.3684311
0.6290000 9.7511082
0.6300000 24.8336716
0.6310000 3.5035863
0.6320000 -16.6209717
0.6330000 10.1967888
0.6340000 -60.3326035
0.6350000 -53.6615334
0.6360000 25.0036163
0.6370000 -38.3817444
0.6380000 5.9031982
0.6390000 -48.4040565
0.6400000 -42.0144577
0.6410000 10.1880207
0.6420000 1.2531854
0.6430000 -26.1052284
0.6440000 -7.3651252
0.6450000 -56.1062012
0.6460000 -24.4940929
0.6470000 -30.5784531
0.6480000 48.2703476
0.6490000 -47.8076591
0.6500000 15.6590147
0.6510000 6.6883211
0.6520000 -73.3302612
0.6530000 44.7531853
0.6540000 -29.8806477
0.6550000 53.5703201
0.6560000 -7.8901172
0.6570000 -89.9231796
0.6580000 -2.5163531
0.6590000 -21.5374088
0.6600000 -41.7121277
0.6610000 21.2660904
0.6620000 17.9706573
0.6630000 -30.5472393
0.6640000 -10.8386116
0.6650000 -16.8539944
0.6660000 -29.6096878
0.6670000 -5.8649230
0.6680000 -32.7837029
0.6690000 -55.3529434
0.6700000 61.6060600
0.6710000 39.9189644
0.6720000 34.1851921
0.6730000 34.5754395
0.6740000 32.9713478
0.6750000 42.8968697
0.6760000 -31.8185825
0.6770000 -23.6037655
0.6780000 55.9710693
0.6790000 52.8474808
0.6800000 19.2544975
0.6810000 18.3022652
0.6820000 -9.5422621
0.6830000 84.5729446
0.6840000 47.0297966
0.6850000 -24.7909412
0.6860000 -2.7328141
0.6870000 45.0664902
0.6880000 80.6417923
0.6890000 -16.7920055
0.6900000 49.2988052
0.6910000 37.0452080
0.6920000 1.1234862
0.6930000 25.7675781
0.6940000 28.3024178
0.6950000 -66.5133820
0.6960000 5.2775345
0.6970000 28.5975018
0.6980000 7.9335117
0.6990000 -11.7229900
0.7000000 -91.4350510
0.7010000 76.7097015
0.7020000 75.5941925
0.7030000 -21.6042595
0.7040000 -21.2322540
0.7050000 38.2324791
0.7060000 -3.2719927
0.7070000 -16.0597610
0.7080000 17.5955086
0.7090000 -40.8351669
0.7100000 -31.3708324
0.7110000 -27.5142593
0.7120000 26.1548481
0.7130000 61.6727791
0.7140000 -36.0623474
0.7150000 -54.4867058
0.7160000 -23.3159218
0.7170000 -7.9132228
0.7180000 -43.0622482
0.7190000 3.6709833
0.7200000 -15.3055706
0.7210000 -2.2136166
0.7220000 -34.8292809
0.7230000 -18.4687195
0.7240000 3.0967240
0.7250000 7.8368416
0.7260000 32.0904045
0.7270000 25.2032185
0.7280000 -1.6655275
0.7290000 28.5421886
0.7300000 -13.7920027
0.7310000 5.4938111
0.7320000 -87.1463089
0.7330000 -12.4626894
0.7340000 16.3280697
0.7350000 27.9977665
0.7360000 -67.1864319
0.7370000 15.2806377
0.7380000 4.1264706
0.7390000 3.1951978
0.7400000 12.1710300
0.7410000 -53.8274956
0.7420000 -34.4504929
0.7430000 -64.6967010
0.7440000 -10.7237768
0.7450000 48.8992996
0.7460000 -4.9218335
0.7470000 -4.9523239
0.7480000 -49.2738304
0.7490000 5.9307170
0.7500000 2.3208904
0.7510000 -42.9474297
0.7520000 -44.2241745
0.7530000 -8.6624594
0.7540000 22.2813778
0.7550000 -26.2725964
0.7560000 17.3718033
0.7570000 25.5643368
0.7580000 -45.1836510
0.7590000 -7.2238812
0.7600000 28.1805878
0.7610000 -37.3274879
0.7620000 -70.1506882
0.7630000 -0.9486278
0.7640000 18.1687069
0.7650000 -3.3078144
0.7660000 -18.6463432
0.7670000 13.7041550
0.7680000 42.9616280
0.7690000 21.6681309
0.7700000 -4.1034346
0.7710000 8.0352020
0.7720000 -8.7060423
0.7730000 -9.4301329
0.7740000 36.9716301
0.7750000 27.9169140
0.7760000 10.3884373
0.7770000 17.8076553
0.7780000 -58.3144035
0.7790000 -27.9973202
0.7800000 -13.8985567
0.7810000 -9.4583635
0.7820000 9.4182644
0.7830000 -22.2014503
0.7840000 44.4692001
0.7850000 0.8126634
0.7860000 16.1233311
0.7870000 -39.5401154
0.7880000 -4.8490758
0.7890000 58.7159195
0.7900000 8.3057833
0.7910000 -8.8692169
0.7920000 26.8169003
0.7930000 1.3514225
0.7940000 31.9898033
0.7950000 -34.5584221
0.7960000 -48.5897713
0.7970000 19.3116245
0.7980000 4.7610230
0.7990000 29.3002453
0.8000000 35.9881363
0.8010000 4.5905776
0.8020000 17.4630547
0.8030000 42.2409477
0.8040000 -56.0919991
0.8050000 43.4977036
0.8060000 -10.4840078
0.8070000 -5.6360087
0.8080000 23.4977722
0.8090000 19.9944992
0.8100000 22.7652702
0.8110000 -2.2244062
0.8120000 17.6318130
0.8130000 22.8418064
0.8140000 7.4035902
0.8150000 -20.8402348
0.8160000 17.1840763
0.8170000 12.9987345
0.8180000 -18.0118923
0.8190000 -0.5272169
0.8200000 16.8663483
0.8210000 47.1686020
0.8220000 -15.8736267
0.8230000 -29.2719212
0.8240000 -68.3198013
0.8250000 22.2123260
0.8260000 -4.4974661
0.8270000 77.3408966
0.8280000 -4.1293020
0.8290000 -77.1754532
0.8300000 -37.9235687
0.8310000 13.0020866
0.8320000 -24.8901978
0.8330000 -76.1241531
0.8340000 -22.9205494
0.8350000 50.8927422
0.8360000 23.7051678
0.8370000 0.6218744
0.8380000 -19.9365768
0.8390000 -33.3515587
0.8400000 7.0769196
0.8410000 17.9500370
0.8420000 48.1625214
0.8430000 -87.5695496
0.8440000 -0.9250959
0.8450000 38.8484879
0.8460000 -14.2804232
0.8470000 41.1172142
0.8480000 -4.5174899
0.8490000 -5.6729097
0.8500000 -11.3375950
0.8510000 -40.6340408
0.8520000 -35.7766953
0.8530000 -10.4130869
0.8540000 14.7814369
0.8550000 -10.3175268
0.8560000 34.3929596
0.8570000 -8.0802565
0.8580000 -3.2243669
0.8590000 5.4283099
0.8600000 -22.1229496
0.8610000 40.4433708
0.8620000 25.2119312
0.8630000 -4.8235760
0.8640000 -16.7767105
0.8650000 47.0095634
0.8660000 15.5215254
0.8670000 -26.6410599
0.8680000 -12.0267239
0.8690000 50.4600258
0.8700000 28.8392067
0.8710000 73.4202576
0.8720000 -19.2849426
0.8730000 1.6943127
0.8740000 18.6087799
0.8750000 -30.0993004
0.8760000 -4.2162571
0.8770000 -7.4473891
0.8780000 -39.2325783
0.8790000 16.9751034
0.8800000 1.3474581
0.8810000 2.0965271
0.8820000 32.3816605
0.8830000 -35.0258713
0.8840000 3.2699409
0.8850000 14.1284714
0.8860000 -3.7002134
0.8870000 19.7413750
0.8880000 0.5551876
0.8890000 -32.8537292
0.8900000 -45.2877693
0.8910000 5.9978719
0.8920000 5.2337713
0.8930000 -7.6477699
0.8940000 19.2406940
0.8950000 1.6901939
0.8960000 55.2392807
0.8970000 -39.8161964
0.8980000 18.0994682
0.8990000 56.0234718
0.9000000 38.9174194
0.9010000 -90.3285141
0.9020000 -23.1560917
0.9030000 -87.9493713
0.9040000 40.7148514
0.9050000 35.2711067
0.9060000 43.3572807
0.9070000 28.7631779
0.9080000 31.3429604
0.9090000 -40.8776855
0.9100000 -5.1455193
0.9110000 -22.5550022
0.9120000 17.5843601
0.9130000 16.1372032
0.9140000 -4.2384620
0.9150000 14.8029232
0.9160000 28.3833485
0.9170000 -67.8281784
0.9180000 18.7587147
0.9190000 63.6594658
0.9200000 -8.2328272
0.9210000 21.6453876
0.9220000 -1.6417556
0.9230000 1.1635166
0.9240000 46.3776550
0.9250000 82.0304489
0.9260000 -2.5336692
0.9270000 14.6331301
0.9280000 57.8739662
0.9290000 -2.1956251
0.9300000 34.5966873
0.9310000 81.5492706
0.9320000 -1.8021103
0.9330000 30.1939583
0.9340000 30.3871174
0.9350000 -41.8508606
0.9360000 32.8901596
0.9370000 1.5998042
0.9380000 32.9478683
0.9390000 -18.7725773
0.9400000 18.1675282
0.9410000 1.6568161
0.9420000 -10.2186213
0.9430000 25.7743530
0.9440000 -65.5751953
0.9450000 17.3010864
0.9460000 4.7987919
0.9470000 -6.7446895
0.9480000 -57.1047783
0.9490000 -2.6572738
0.9500000 -51.2290916
0.9510000 69.7689285
0.9520000 -34.6236420
0.9530000 0.2761805
0.9540000 -10.7222738
0.9550000 -23.6368370
0.9560000 -61.0194817
0.9570000 -19.9651165
0.9580000 12.9002085
0.9590000 -3.4130199
0.9600000 63.3477249
0.9610000 -9.6807251
0.9620000 22.9203796
0.9630000 -9.8502016
0.9640000 28.5012417
0.9650000 -8.8975754
0.9660000 42.8426361
0.9670000 28.0107708
0.9680000 42.4586296
0.9690000 -0.8879163
0.9700000 15.4762459
0.9710000 -2.2515955
0.9720000 25.2263355
0.9730000 12.8989067
0.9740000 -40.4188271
0.9750000 -5.6940060
0.9760000 -15.8861675
0.9770000 -8.8431492
0.9780000 42.7881889
0.9790000 -36.7812042
0.9800000 -60.9683800
0.9810000 -65.8026047
0.9820000 30.0016747
0.9830000 -11.8379993
0.9840000 -30.3993187
0.9850000 26.6298504
0.9860000 56.5335655
0.9870000 30.0873852
0.9880000 -12.6746063
0.9890000 50.8310432
0.9900000 1.0601909
0.9910000 -78.5831299
0.9920000 -42.6362724
0.9930000 -32.6651230
0.9940000 8.1253576
0.9950000 -20.0599537
0.9960000 39.4837914
0.9970000 -18.2343750
0.9980000 -23.8803596
0.9990000 -34.8608208
