0.0000000 33.8409767
0.0010000 19.5055408
0.0020000 -24.0800285
0.0030000 -9.3945723
0.0040000 11.9020987
0.0050000 30.7223644
0.0060000 -6.5992341
0.0070000 -9.7380724
0.0080000 14.8538771
0.0090000 16.2480946
0.0100000 -11.8458891
0.0110000 -25.3400497
0.0120000 -2.0859637
0.0130000 7.8939662
0.0140000 0.6011812
0.0150000 -11.4344053
0.0160000 -49.6778717
0.0170000 0.5372393
0.0180000 45.6407433
0.0190000 58.5347595
0.0200000 -4.8497300
0.0210000 -14.1832657
0.0220000 14.4188786
0.0230000 18.4966087
0.0240000 22.3201733
0.0250000 -46.0273170
0.0260000 -65.2692261
0.0270000 -8.3699961
0.0280000 29.4224281
0.0290000 -5.7217574
0.0300000 30.7089233
0.0310000 36.5823135
0.0320000 -8.3245697
0.0330000 11.0514431
0.0340000 8.9057884
0.0350000 19.1122818
0.0360000 41.8215065
0.0370000 20.2486763
0.0380000 -11.4315500
0.0390000 -1.6789386
0.0400000 -48.1984978
0.0410000 32.8768501
0.0420000 -17.4393272
0.0430000 32.4754791
0.0440000 -7.2937179
0.0450000 17.2182655
0.0460000 -45.2881966
0.0470000 8.7731781
0.0480000 -16.4258938
0.0490000 18.2394066
0.0500000 5.2194734
0.0510000 -7.6666179
0.0520000 24.1890049
0.0530000 51.1688843
0.0540000 24.1319790
0.0550000 26.5894203
0.0560000 22.2792740
0.0570000 -19.8024330
0.0580000 -37.9185791
0.0590000 10.5830193
0.0600000 24.0179234
0.0610000 80.7418518
0.0620000 25.0687008
0.0630000 -25.4285583
0.0640000 34.4206657
0.0650000 -41.7980423
0.0660000 14.1409807
0.0670000 -25.0421429
0.0680000 57.9220390
0.0690000 -7.4657993
0.0700000 -12.7174015
0.0710000 37.0945358
0.0720000 52.2415390
0.0730000 -9.7788153
0.0740000 -50.1351929
0.0750000 -32.6104813
0.0760000 24.4372959
0.0770000 -13.4793491
0.0780000 -32.9681168
0.0790000 23.9241123
0.0800000 -0.8987606
0.0810000 12.8884077
0.0820000 -26.3595791
0.0830000 34.1986618
0.0840000 8.4827414
0.0850000 10.5097895
0.0860000 -16.5908966
0.0870000 35.4842873
0.0880000 -40.4578590
0.0890000 35.2208252
0.0900000 -66.9046631
0.0910000 45.9582138
0.0920000 1.7540991
0.0930000 27.5521088
0.0940000 -44.4886551
0.0950000 -17.3040028
0.0960000 41.5917816
0.0970000 1.0494479
0.0980000 -31.4068089
0.0990000 -16.0333977
0.1000000 11.5858526
0.1010000 48.5936127
0.1020000 8.2384119
0.1030000 -37.8151169
0.1040000 -69.5651321
0.1050000 -7.6813536
0.1060000 -18.4054413
0.1070000 -1.3194463
0.1080000 30.3682480
0.1090000 12.8712940
0.1100000 54.4123917
0.1110000 1.9476033
0.1120000 1.7373407
0.1130000 -32.5867729
0.1140000 21.4183178
0.1150000 -17.4045105
0.1160000 59.9039993
0.1170000 48.3514175
0.1180000 -44.2252426
0.1190000 61.4588013
0.1200000 -7.2921128
0.1210000 -29.6643753
0.1220000 -22.0391960
0.1230000 2.0514779
0.1240000 -25.0019436
0.1250000 -24.1679306
0.1260000 -29.5421066
0.1270000 -25.0816174
0.1280000 -16.2882481
0.1290000 -37.5314522
0.1300000 12.9474630
0.1310000 26.4150505
0.1320000 -15.0460730
0.1330000 -8.9103680
0.1340000 79.1703796
0.1350000 79.2148743
0.1360000 -44.2902222
0.1370000 -6.4490709
0.1380000 -76.6698761
0.1390000 52.8847275
0.1400000 0.4829335
0.1410000 11.6263676
0.1420000 -11.3295050
0.1430000 -7.1648626
0.1440000 16.7851696
0.1450000 25.6970768
0.1460000 26.0713482
0.1470000 -62.2554855
0.1480000 30.2193604
0.1490000 61.1073456
0.1500000 21.1438713
0.1510000 59.2881165
0.1520000 -6.0688152
0.1530000 -38.0365982
0.1540000 72.9062424
0.1550000 -40.8163567
0.1560000 -43.2407379
0.1570000 -16.6163330
0.1580000 19.6143532
0.1590000 38.4349022
0.1600000 61.7148476
0.1610000 10.3412762
0.1620000 -22.0454941
0.1630000 -15.4374981
0.1640000 25.3753452
0.1650000 38.7179832
0.1660000 18.6061745
0.1670000 -50.1568756
0.1680000 17.4660606
0.1690000 -18.9707336
0.1700000 42.8147659
0.1710000 -17.4051151
0.1720000 -4.0467062
0.1730000 30.1319408
0.1740000 10.6519852
0.1750000 44.4216576
0.1760000 34.2275352
0.1770000 30.6976318
0.1780000 -1.3945876
0.1790000 -0.2031675
0.1800000 12.6011238
0.1810000 -52.5132256
0.1820000 -26.2268658
0.1830000 -10.5968494
0.1840000 51.2914658
0.1850000 -39.7552376
0.1860000 77.7915268
0.1870000 43.2200279
0.1880000 -48.9800835
0.1890000 39.7376137
0.1900000 8.5589809
0.1910000 -13.2860031
0.1920000 49.1135979
0.1930000 51.8891678
0.1940000 -57.7015762
0.1950000 37.1468582
0.1960000 26.7070370
0.1970000 -29.2209568
0.1980000 53.8240623
0.1990000 10.7270269
0.2000000 13.7269449
0.2010000 12.4105921
0.2020000 -19.2735538
0.2030000 59.8021049
0.2040000 -8.7787571
0.2050000 -0.8971047
0.2060000 -71.7516861
0.2070000 29.3174725
0.2080000 13.8871737
0.2090000 10.7770691
0.2100000 4.5484285
0.2110000 17.6748085
0.2120000 42.7553635
0.2130000 13.7321177
0.2140000 -51.8050423
0.2150000 17.0601845
0.2160000 41.1649590
0.2170000 -27.0971870
0.2180000 -24.5333290
0.2190000 -16.0009975
0.2200000 20.8673935
0.2210000 -23.4244442
0.2220000 -23.2812901
0.2230000 14.1031904
0.2240000 55.4386444
0.2250000 -57.1032982
0.2260000 58.2508392
0.2270000 -75.3502350
0.2280000 -13.5020666
0.2290000 39.4536591
0.2300000 60.5266037
0.2310000 36.4897652
0.2320000 5.0174103
0.2330000 47.5723076
0.2340000 -17.0562744
0.2350000 77.0342560
0.2360000 -12.1309443
0.2370000 28.6866989
0.2380000 -21.3154907
0.2390000 -32.7824593
0.2400000 -1.4215136
0.2410000 -15.4923391
0.2420000 4.6785998
0.2430000 27.3924580
0.2440000 1.6647550
0.2450000 -35.9905548
0.2460000 42.5526047
0.2470000 -18.0008087
0.2480000 -18.9656391
0.2490000 9.4744205
0.2500000 69.0988235
0.2510000 28.5667229
0.2520000 41.9978905
0.2530000 -30.5588570
0.2540000 -13.8013325
0.2550000 1.6994624
0.2560000 -10.2003393
0.2570000 5.1504908
0.2580000 -14.0548697
0.2590000 -12.1108818
0.2600000 6.9186120
0.2610000 58.6425514
0.2620000 8.4358702
0.2630000 -23.1843414
0.2640000 31.9644756
0.2650000 -43.5789795
0.2660000 17.5670223
0.2670000 -80.5803375
0.2680000 11.9651346
0.2690000 -30.5457859
0.2700000 -55.5248032
0.2710000 -52.5151482
0.2720000 -10.5985699
0.2730000 -47.1617355
0.2740000 0.0047175
0.2750000 -7.5850663
0.2760000 25.0485516
0.2770000 -2.4511828
0.2780000 13.5217066
0.2790000 23.8074818
0.2800000 -55.2708855
0.2810000 25.3803329
0.2820000 1.6068029
0.2830000 -6.7229347
0.2840000 22.3946571
0.2850000 5.7437897
0.2860000 33.5582542
0.2870000 95.2136536
0.2880000 12.1142378
0.2890000 -21.6397705
0.2900000 37.4651909
0.2910000 -34.6703720
0.2920000 -36.1885414
0.2930000 -30.5793381
0.2940000 39.7742805
0.2950000 0.1189977
0.2960000 -46.3076897
0.2970000 7.3253846
0.2980000 6.0694017
0.2990000 -30.0957108
0.3000000 -16.0117607
0.3010000 5.5729780
0.3020000 -33.8371239
0.3030000 -12.5846233
0.3040000 -16.1733723
0.3050000 37.6468086
0.3060000 64.0528107
0.3070000 45.8135376
0.3080000 -42.0563240
0.3090000 -8.2859659
0.3100000 -25.7258968
0.3110000 12.1323280
0.3120000 -24.7337627
0.3130000 -76.3819351
0.3140000 2.3544006
0.3150000 -38.7325974
0.3160000 27.9393120
0.3170000 -44.4321175
0.3180000 -1.5400705
0.3190000 -48.9538269
0.3200000 -16.9419441
0.3210000 -18.6734905
0.3220000 -33.4285240
0.3230000 -10.0184593
0.3240000 -2.1620371
0.3250000 22.5432415
0.3260000 46.2514267
0.3270000 -10.7530823
0.3280000 -8.3883429
0.3290000 -8.0620623
0.3300000 2.1673641
0.3310000 66.7940216
0.3320000 62.5109634
0.3330000 24.1858864
0.3340000 -73.2713852
0.3350000 0.4907809
0.3360000 24.3717690
0.3370000 0.5868151
0.3380000 -118.3284378
0.3390000 -62.8458481
0.3400000 -0.6226266
0.3410000 1.0359684
0.3420000 17.8201923
0.3430000 21.3622742
0.3440000 -11.8836308
0.3450000 -8.9654884
0.3460000 28.7654572
0.3470000 -21.2171936
0.3480000 9.3750076
0.3490000 -50.5505600
0.3500000 34.8434410
0.3510000 -19.1924706
0.3520000 2.8066940
0.3530000 53.5205917
0.3540000 23.9694538
0.3550000 28.7886257
0.3560000 -78.6449051
0.3570000 -23.2681942
0.3580000 -34.7994843
0.3590000 -77.6013107
0.3600000 51.1730347
0.3610000 67.2087631
0.3620000 57.1164360
0.3630000 41.1273346
0.3640000 26.6854591
0.3650000 -40.8603706
0.3660000 5.3849430
0.3670000 77.3450928
0.3680000 -20.4587841
0.3690000 4.9833317
0.3700000 -11.3811359
0.3710000 17.7688293
0.3720000 -57.9835205
0.3730000 -11.1071939
0.3740000 20.1781807
0.3750000 8.9836473
0.3760000 -16.7303066
0.3770000 -32.4703484
0.3780000 47.2470894
0.3790000 -14.5452852
0.3800000 3.1018231
0.3810000 -47.2711525
0.3820000 38.5373726
0.3830000 45.2503128
0.3840000 -60.3096313
0.3850000 -16.6430016
0.3860000 -9.9678068
0.3870000 -10.3699808
0.3880000 25.5719109
0.3890000 30.0211678
0.3900000 31.9173203
0.3910000 10.5356121
0.3920000 -25.1705208
0.3930000 11.8163414
0.3940000 -37.0308304
0.3950000 5.1433392
0.3960000 19.3015099
0.3970000 -33.4569244
0.3980000 -63.4826851
0.3990000 10.4795446
0.4000000 32.0899925
0.4010000 -10.5380974
0.4020000 16.5084343
0.4030000 41.5913124
0.4040000 61.2473526
0.4050000 -22.5097027
0.4060000 9.6642952
0.4070000 -23.6675682
0.4080000 43.7005768
0.4090000 -8.2506876
0.4100000 -66.2359695
0.4110000 38.1575775
0.4120000 10.4471893
0.4130000 -18.9142227
0.4140000 -62.5182533
0.4150000 51.7236748
0.4160000 21.9438248
0.4170000 -9.4050169
0.4180000 -45.8408852
0.4190000 33.0554237
0.4200000 -34.6198196
0.4210000 23.6571674
0.4220000 -64.3703918
0.4230000 -26.2375774
0.4240000 15.7358370
0.4250000 72.8394165
0.4260000 44.7584076
0.4270000 20.5721378
0.4280000 41.9435349
0.4290000 -51.9529457
0.4300000 -72.0849686
0.4310000 -90.6319656
0.4320000 -4.9346805
0.4330000 19.8142242
0.4340000 -17.0633678
0.4350000 -30.1885986
0.4360000 -22.4959240
0.4370000 12.9676819
0.4380000 -22.1927204
0.4390000 44.4129143
0.4400000 6.7627611
0.4410000 13.7710695
0.4420000 41.5882988
0.4430000 1.7415090
0.4440000 28.8077736
0.4450000 4.2110476
0.4460000 -18.8620567
0.4470000 55.8576431
0.4480000 -12.5660505
0.4490000 23.5680408
0.4500000 -65.7959137
0.4510000 43.6583138
0.4520000 -29.3841362
0.4530000 26.6429462
0.4540000 -20.8397064
0.4550000 -33.2070427
0.4560000 31.0937119
0.4570000 -17.1598682
0.4580000 -23.7419033
0.4590000 -60.2309265
0.4600000 -13.8616667
0.4610000 -14.8719959
0.4620000 38.4303780
0.4630000 29.7546844
0.4640000 37.0431175
0.4650000 -40.8737450
0.4660000 93.6364136
0.4670000 20.6942329
0.4680000 -14.6520309
0.4690000 16.1591187
0.4700000 28.7960854
0.4710000 -29.6539307
0.4720000 26.4653416
0.4730000 29.9375324
0.4740000 -15.9187899
0.4750000 -6.9116940
0.4760000 -42.7063026
0.4770000 42.2074394
0.4780000 34.3904190
0.4790000 3.1811697
0.4800000 -10.8063774
0.4810000 5.0366240
0.4820000 -0.1564478
0.4830000 1.9633206
0.4840000 -36.8586082
0.4850000 -12.5012798
0.4860000 39.1462517
0.4870000 -17.2372665
0.4880000 66.7986069
0.4890000 -28.5889187
0.4900000 34.6517372
0.4910000 21.2452774
0.4920000 18.9607239
0.4930000 64.7525558
0.4940000 -27.4036312
0.4950000 -41.3688202
0.4960000 -11.9677057
0.4970000 21.3542385
0.4980000 -35.2378616
0.4990000 -32.6634331
0.5000000 26.1867886
0.5010000 -14.8599939
0.5020000 -40.7611847
0.5030000 -10.7983818
0.5040000 -42.4527550
0.5050000 -36.6399803
0.5060000 -44.4508247
0.5070000 -58.6803894
0.5080000 65.4946060
0.5090000 -27.0240135
0.5100000 -7.5486941
0.5110000 -3.8755894
0.5120000 -59.6436195
0.5130000 -8.4100990
0.5140000 -17.1506367
0.5150000 -22.1101570
0.5160000 19.3614674
0.5170000 12.0893793
0.5180000 -39.4350357
0.5190000 -15.2890615
0.5200000 41.4478035
0.5210000 -25.2781162
0.5220000 24.9894295
0.5230000 2.3204856
0.5240000 4.2241712
0.5250000 39.4396820
0.5260000 -53.2510605
0.5270000 -45.1997375
0.5280000 46.6683006
0.5290000 -29.0778713
0.5300000 45.7895851
0.5310000 -40.0875053
0.5320000 34.4942398
0.5330000 11.8462563
0.5340000 14.9816122
0.5350000 43.4719009
0.5360000 -21.2910728
0.5370000 25.6321125
0.5380000 12.8320265
0.5390000 1.1928604
0.5400000 -29.6178226
0.5410000 -45.9035606
0.5420000 26.9389973
0.5430000 3.2351325
0.5440000 46.4816895
0.5450000 -11.2210722
0.5460000 -35.6578178
0.5470000 -34.4655724
0.5480000 22.8965569
0.5490000 18.4189930
0.5500000 -0.2631555
0.5510000 20.5219154
0.5520000 -22.4739475
0.5530000 -0.3526935
0.5540000 -23.0778713
0.5550000 -47.5220757
0.5560000 -37.1753082
0.5570000 -14.8009157
0.5580000 -43.2758598
0.5590000 78.0073929
0.5600000 31.6885509
0.5610000 -21.5516777
0.5620000 3.7651126
0.5630000 36.5008507
0.5640000 -39.4307976
0.5650000 27.9800072
0.5660000 -14.2467518
0.5670000 21.1091862
0.5680000 17.5138683
0.5690000 20.0028343
0.5700000 -19.5246983
0.5710000 31.0303764
0.5720000 22.7260742
0.5730000 -19.4198246
0.5740000 4.0022812
0.5750000 -21.2386456
0.5760000 -21.0105476
0.5770000 24.0865383
0.5780000 -13.5164728
0.5790000 34.5251961
0.5800000 14.6901741
0.5810000 -7.1941462
0.5820000 16.0096703
0.5830000 -77.2430649
0.5840000 -17.3806190
0.5850000 -39.0088806
0.5860000 11.5178223
0.5870000 -46.5711212
0.5880000 61.6010704
0.5890000 -10.7962055
0.5900000 -13.6847792
0.5910000 19.7839622
0.5920000 -4.1938930
0.5930000 -28.3521996
0.5940000 -2.0245645
0.5950000 2.2999003
0.5960000 34.9566460
0.5970000 6.7440748
0.5980000 -20.7841816
0.5990000 -12.5428915
0.6000000 28.2763748
0.6010000 -11.9276190
0.6020000 7.3041997
0.6030000 -19.5073299
0.6040000 -26.4655933
0.6050000 -16.6026573
0.6060000 35.5567894
0.6070000 -42.7704086
0.6080000 -7.9878011
0.6090000 35.3461266
0.6100000 13.7148008
0.6110000 -58.9081955
0.6120000 -61.5104103
0.6130000 -8.6014004
0.6140000 -22.1824799
0.6150000 -5.3266301
0.6160000 -46.3513756
0.6170000 -9.5760145
0.6180000 73.6745529
0.6190000 -5.4536738
0.6200000 6.5888867
0.6210000 -44.6839790
0.6220000 41.8925934
0.6230000 -1.2230310
0.6240000 4.9366059
0.6250000 32.8389206
0.6260000 -45.9396591
0.6270000 56.5480270
0.6280000 -30.4688911
0.6290000 -22.7321281
0.6300000 -17.8414402
0.6310000 -21.9881344
0.6320000 -15.6218529
0.6330000 10.9156580
0.6340000 27.1187305
0.6350000 14.0606070
0.6360000 4.6604519
0.6370000 31.9858627
0.6380000 -49.9060478
0.6390000 35.3713722
0.6400000 -50.1503677
0.6410000 -30.6250744
0.6420000 32.5465317
0.6430000 -8.4953098
0.6440000 -34.4972191
0.6450000 -8.6460381
0.6460000 14.8632669
0.6470000 2.0309770
0.6480000 -62.1348343
0.6490000 1.5714791
0.6500000 -55.2316360
0.6510000 83.4840622
0.6520000 13.4722366
0.6530000 -4.3505092
0.6540000 -48.3607254
0.6550000 -0.7822583
0.6560000 3.2131748
0.6570000 23.1310577
0.6580000 15.9107189
0.6590000 -6.3585782
0.6600000 -23.3306026
0.6610000 -17.4351864
0.6620000 -27.4572926
0.6630000 20.8530579
0.6640000 34.9633484
0.6650000 0.6016080
0.6660000 -48.1674500
0.6670000 -74.2360458
0.6680000 -67.2148972
0.6690000 3.4334424
0.6700000 -4.6875625
0.6710000 -4.7005897
0.6720000 -39.3194427
0.6730000 -41.7340317
0.6740000 -25.7089386
0.6750000 42.7776909
0.6760000 38.6480446
0.6770000 11.0132284
0.6780000 9.5880728
0.6790000 -10.0630846
0.6800000 -36.2930946
0.6810000 28.9589443
0.6820000 -45.3152008
0.6830000 2.9792237
0.6840000 -31.0399818
0.6850000 -7.9793015
0.6860000 2.5703535
0.6870000 10.0653486
0.6880000 42.7539520
0.6890000 -30.9687729
0.6900000 17.1786079
0.6910000 56.3289642
0.6920000 60.5600204
0.6930000 -14.4629526
0.6940000 22.2969627
0.6950000 47.4524269
0.6960000 38.7482758
0.6970000 128.5000000
0.6980000 -22.8667488
0.6990000 -37.8959503
0.7000000 -51.7738953
0.7010000 -20.1991577
0.7020000 -36.7771530
0.7030000 0.2507162
0.7040000 -7.4894099
0.7050000 -8.2486277
0.7060000 -41.2051201
0.7070000 52.8986320
0.7080000 2.7408957
0.7090000 -37.7387810
0.7100000 59.9159393
0.7110000 -66.0154724
0.7120000 -34.0611954
0.7130000 -13.4922590
0.7140000 -2.4832666
0.7150000 -12.0406561
0.7160000 55.2197647
0.7170000 -30.4598770
0.7180000 -24.3083611
0.7190000 5.7577224
0.7200000 13.6656504
0.7210000 -6.6683407
0.7220000 16.8981342
0.7230000 23.0781269
0.7240000 -2.7355731
0.7250000 20.9981670
0.7260000 -30.5443325
0.7270000 54.5695953
0.7280000 2.0611777
0.7290000 -67.4479523
0.7300000 -36.2360229
0.7310000 33.5988007
0.7320000 21.6935329
0.7330000 -37.3782005
0.7340000 54.8714828
0.7350000 29.7352200
0.7360000 14.5156546
0.7370000 0.9759600
0.7380000 20.6347313
0.7390000 -28.9886189
0.7400000 -60.0318413
0.7410000 23.2539577
0.7420000 -38.3115082
0.7430000 44.2802811
0.7440000 48.0621605
0.7450000 22.2122612
0.7460000 12.1901588
0.7470000 -29.1453743
0.7480000 28.4088612
0.7490000 -26.4458294
0.7500000 -2.1926572
0.7510000 -23.4992752
0.7520000 -17.2022839
0.7530000 20.0792618
0.7540000 75.0508423
0.7550000 -0.9293893
0.7560000 -39.8700981
0.7570000 -55.1970367
0.7580000 25.0794792
0.7590000 -9.2894382
0.7600000 11.7621460
0.7610000 -57.8463783
0.7620000 -5.3173738
0.7630000 -5.0601225
0.7640000 -40.8492050
0.7650000 16.5411777
0.7660000 -54.9852257
0.7670000 43.1495361
0.7680000 -21.0734425
0.7690000 -31.0438862
0.7700000 2.1065013
0.7710000 -42.3315811
0.7720000 3.8729141
0.7730000 -4.3008595
0.7740000 -26.0733528
0.7750000 15.4197264
0.7760000 -29.9935474
0.7770000 -19.4816246
0.7780000 -31.1521339
0.7790000 4.2106481
0.7800000 17.5576153
0.7810000 40.1724815
0.7820000 -21.6972904
0.7830000 -1.7861407
0.7840000 -4.6092224
0.7850000 8.6204205
0.7860000 -18.7447433
0.7870000 24.1647053
0.7880000 -41.7990494
0.7890000 16.1107349
0.7900000 34.7234573
0.7910000 -7.9767976
0.7920000 48.6819077
0.7930000 -28.6708622
0.7940000 -11.3420839
0.7950000 -8.1658287
0.7960000 53.6592522
0.7970000 -4.7962742
0.7980000 -22.1808472
0.7990000 7.3551993
0.8000000 -19.9552116
0.8010000 -91.2493057
0.8020000 46.7649879
0.8030000 -48.8964195
0.8040000 62.5049934
0.8050000 8.6703672
0.8060000 11.0390949
0.8070000 33.6231079
0.8080000 -10.3101740
0.8090000 -15.2177792
0.8100000 54.9298706
0.8110000 58.9236717
0.8120000 32.3901558
0.8130000 24.2932682
0.8140000 -1.2879124
0.8150000 41.7811699
0.8160000 11.7250767
0.8170000 -49.9547195
0.8180000 41.8259277
0.8190000 15.3132763
0.8200000 -24.2380009
0.8210000 -56.6500587
0.8220000 -25.4002323
0.8230000 -39.2784538
0.8240000 21.5954189
0.8250000 -1.4953450
0.8260000 -14.2805624
0.8270000 68.5582581
0.8280000 -12.9853621
0.8290000 -43.0360603
0.8300000 -14.4585009
0.8310000 -5.4136801
0.8320000 -48.8874817
0.8330000 -11.6735420
0.8340000 -36.1867638
0.8350000 -18.0602798
0.8360000 38.7943459
0.8370000 42.9226379
0.8380000 92.3830338
0.8390000 4.2739267
0.8400000 12.6279097
0.8410000 -64.1777191
0.8420000 -40.4998627
0.8430000 -7.1551695
0.8440000 46.7817497
0.8450000 25.5345268
0.8460000 6.4332361
0.8470000 14.3343744
0.8480000 0.7455103
0.8490000 41.9969215
0.8500000 -54.9992027
0.8510000 61.6761513
0.8520000 6.3176069
0.8530000 45.7763023
0.8540000 -98.8991928
0.8550000 41.1144218
0.8560000 -30.4187641
0.8570000 -27.6605320
0.8580000 14.0175676
0.8590000 5.5925269
0.8600000 -61.1902046
0.8610000 -8.2641315
0.8620000 -40.8729286
0.8630000 -45.0364342
0.8640000 43.7107849
0.8650000 -47.8397942
0.8660000 37.5216980
0.8670000 -40.6283569
0.8680000 3.4110198
0.8690000 -62.0670280
0.8700000 -41.6972580
0.8710000 -11.0805979
0.8720000 -11.7779036
0.8730000 -36.2798157
0.8740000 24.8168259
0.8750000 15.9647512
0.8760000 24.8319321
0.8770000 39.9237480
0.8780000 37.0008202
0.8790000 16.0852203
0.8800000 -13.9868994
0.8810000 63.8745804
0.8820000 31.1894627
0.8830000 63.6688728
0.8840000 27.0060463
0.8850000 -42.0634918
0.8860000 -11.1056852
0.8870000 26.9315376
0.8880000 -17.6923790
0.8890000 -39.6652718
0.8900000 15.1187029
0.8910000 -25.8597126
0.8920000 42.2815781
0.8930000 -2.0998108
0.8940000 1.9494183
0.8950000 -26.5548992
0.8960000 -0.4333658
0.8970000 10.5998974
0.8980000 45.8002510
0.8990000 26.2358189
0.9000000 42.3918839
0.9010000 -49.5994797
0.9020000 -32.7366333
0.9030000 -28.8404655
0.9040000 74.8229752
0.9050000 -6.7777348
0.9060000 -19.1909332
0.9070000 16.7494526
0.9080000 68.1138916
0.9090000 30.7822590
0.9100000 -67.5368500
0.9110000 -47.4278145
0.9120000 -11.3879747
0.9130000 48.2333717
0.9140000 -20.7888794
0.9150000 23.5511608
0.9160000 -51.8356705
0.9170000 41.9823647
0.9180000 -12.7748814
0.9190000 -15.5090971
0.9200000 16.7710667
0.9210000 30.5089378
0.9220000 -17.1616859
0.9230000 -36.0553055
0.9240000 -16.1666069
0.9250000 32.1434631
0.9260000 -8.3155251
0.9270000 -46.3484421
0.9280000 0.0964556
0.9290000 -94.2176361
0.9300000 8.1344013
0.9310000 40.5798340
0.9320000 29.2398396
0.9330000 -71.2495956
0.9340000 27.2578754
0.9350000 -11.3177214
0.9360000 14.2254944
0.9370000 -3.6780074
0.9380000 -0.9753077
0.9390000 -14.0368748
0.9400000 7.7378860
0.9410000 -10.0820169
0.9420000 23.6886883
0.9430000 -23.3961182
0.9440000 39.6923218
0.9450000 -36.8826370
0.9460000 -9.9010296
0.9470000 17.4409847
0.9480000 -84.8054352
0.9490000 30.4146690
0.9500000 -16.5823212
0.9510000 1.0834513
0.9520000 17.2646637
0.9530000 -25.1740932
0.9540000 -3.1778243
0.9550000 12.5628891
0.9560000 25.0213299
0.9570000 34.3795815
0.9580000 17.5725765
0.9590000 -19.6390514
0.9600000 27.4048252
0.9610000 21.8528709
0.9620000 7.7680044
0.9630000 23.9227905
0.9640000 18.0136948
0.9650000 51.2698479
0.9660000 -22.2985649
0.9670000 -18.5485249
0.9680000 13.8452311
0.9690000 -1.9131483
0.9700000 7.0395412
0.9710000 4.2295203
0.9720000 58.6091347
0.9730000 33.5045280
0.9740000 2.0555546
0.9750000 -21.8149300
0.9760000 56.5010834
0.9770000 3.2508764
0.9780000 -31.1960678
0.9790000 -4.8506784
0.9800000 -25.1187725
0.9810000 6.8834848
0.9820000 -22.6079884
0.9830000 12.5946112
0.9840000 -24.1267948
0.9850000 61.9292297
0.9860000 -11.3581743
0.9870000 -42.5115128
0.9880000 -32.5491982
0.9890000 -19.7024765
0.9900000 -3.5333176
0.9910000 12.9886112
0.9920000 -14.8514175
0.9930000 -18.0774460
0.9940000 -23.1416206
0.9950000 11.1733274
0.9960000 -4.7272930
0.9970000 24.5196304
0.9980000 29.6416187
0.9990000 -9.6646700
