0.0000000 32.3436508
0.0010000 -1.8703350
0.0020000 42.9372940
0.0030000 -2.5493209
0.0040000 51.5354958
0.0050000 21.6061211
0.0060000 -42.0929680
0.0070000 28.8232803
0.0080000 -40.8438988
0.0090000 -19.3567524
0.0100000 -17.4393539
0.0110000 -15.3003025
0.0120000 -29.6979427
0.0130000 65.0138474
0.0140000 53.1993103
0.0150000 0.2635410
0.0160000 28.2499466
0.0170000 30.0063992
0.0180000 25.2254181
0.0190000 11.4412680
0.0200000 -24.8335247
0.0210000 -28.7651482
0.0220000 64.2640915
0.0230000 -5.4542828
0.0240000 -1.5057797
0.0250000 -37.7587852
0.0260000 -3.0515974
0.0270000 -27.8910847
0.0280000 31.2891598
0.0290000 29.6486073
0.0300000 -80.8767624
0.0310000 -50.2013054
0.0320000 44.4991722
0.0330000 1.8602057
0.0340000 -13.4995070
0.0350000 -14.8739424
0.0360000 -43.3598633
0.0370000 -13.5647984
0.0380000 39.3284416
0.0390000 11.3562431
0.0400000 16.8164253
0.0410000 -72.0273590
0.0420000 -0.6887926
0.0430000 -50.4936829
0.0440000 4.1576247
0.0450000 -38.0114250
0.0460000 -47.0167465
0.0470000 76.1842346
0.0480000 38.4589310
0.0490000 -18.1569901
0.0500000 13.9220905
0.0510000 -73.3527603
0.0520000 9.0282831
0.0530000 -41.0933151
0.0540000 10.4740448
0.0550000 39.7716408
0.0560000 13.3581181
0.0570000 -55.5440598
0.0580000 24.1417446
0.0590000 -17.3749905
0.0600000 25.3877792
0.0610000 0.7474211
0.0620000 14.2232580
0.0630000 -35.4996300
0.0640000 -25.5961704
0.0650000 -4.8035297
0.0660000 5.2411323
0.0670000 78.1505890
0.0680000 -46.4455605
0.0690000 16.9284134
0.0700000 -60.4838409
0.0710000 -10.2449408
0.0720000 44.9389496
0.0730000 1.9527260
0.0740000 -41.5968895
0.0750000 -45.1575089
0.0760000 44.4727058
0.0770000 23.4295673
0.0780000 36.6840401
0.0790000 88.7347946
0.0800000 -29.4585228
0.0810000 -37.0358391
0.0820000 10.6367893
0.0830000 17.6276646
0.0840000 -30.0533905
0.0850000 -33.2261581
0.0860000 -15.1694956
0.0870000 44.2747383
0.0880000 -0.3803422
0.0890000 -17.8003407
0.0900000 -13.3426533
0.0910000 32.3251076
0.0920000 2.8856423
0.0930000 -15.2772388
0.0940000 -10.3987837
0.0950000 -11.9409428
0.0960000 54.6184540
0.0970000 -48.1670303
0.0980000 -23.5365257
0.0990000 -47.8008232
0.1000000 9.0666952
0.1010000 -6.1899915
0.1020000 -12.8617830
0.1030000 -17.4978886
0.1040000 -32.5516624
0.1050000 26.3604946
0.1060000 10.8389311
0.1070000 -13.7445784
0.1080000 -10.4993916
0.1090000 -44.0450058
0.1100000 -10.6133137
0.1110000 -28.1277351
0.1120000 -24.9083138
0.1130000 3.2391477
0.1140000 -0.6036714
0.1150000 32.7031708
0.1160000 42.8714104
0.1170000 -12.9492674
0.1180000 18.2487717
0.1190000 12.3161812
0.1200000 35.0374908
0.1210000 15.3918962
0.1220000 -3.8508677
0.1230000 -40.4225273
0.1240000 6.9714556
0.1250000 -29.5259361
0.1260000 -43.0779572
0.1270000 -49.4806404
0.1280000 -54.9106331
0.1290000 47.2806625
0.1300000 -2.9143257
0.1310000 5.7842989
0.1320000 -24.1178474
0.1330000 -67.2292252
0.1340000 22.4208355
0.1350000 65.8914642
0.1360000 -25.2671146
0.1370000 1.2871226
0.1380000 0.8047990
0.1390000 16.8166714
0.1400000 39.6201172
0.1410000 47.2123680
0.1420000 -60.7474480
0.1430000 -56.6215706
0.1440000 -33.7292671
0.1450000 45.5425148
0.1460000 -25.0246792
0.1470000 12.2113571
0.1480000 43.4698448
0.1490000 -11.2413912
0.1500000 5.1932368
0.1510000 -20.0695076
0.1520000 -19.1744289
0.1530000 -1.9347823
0.1540000 3.3965621
0.1550000 -97.3328934
0.1560000 7.7757201
0.1570000 32.2142410
0.1580000 -73.6971512
0.1590000 -0.1577706
0.1600000 -51.7166672
0.1610000 48.2022858
0.1620000 -10.1228895
0.1630000 32.3181610
0.1640000 61.6229286
0.1650000 -24.4743423
0.1660000 -24.3807945
0.1670000 -16.1824265
0.1680000 36.3478203
0.1690000 54.9127922
0.1700000 -44.8209724
0.1710000 -43.3969994
0.1720000 2.8050053
0.1730000 22.6833439
0.1740000 -15.4433193
0.1750000 -40.8748360
0.1760000 -12.3602495
0.1770000 -72.1557236
0.1780000 3.5432925
0.1790000 22.7045574
0.1800000 -30.9655170
0.1810000 -0.7611715
0.1820000 -16.9023781
0.1830000 -25.7883816
0.1840000 -59.3694344
0.1850000 36.7764168
0.1860000 33.7497215
0.1870000 61.6482620
0.1880000 48.4613876
0.1890000 -7.1525817
0.1900000 -63.9016533
0.1910000 -9.2633190
0.1920000 -39.5179939
0.1930000 -7.9221978
0.1940000 -25.1193047
0.1950000 26.8675728
0.1960000 -16.2101765
0.1970000 -52.9327812
0.1980000 35.5127945
0.1990000 -31.7863541
0.2000000 48.0452881
0.2010000 3.4640820
0.2020000 4.5727186
0.2030000 18.6926651
0.2040000 76.8014069
0.2050000 58.6112823
0.2060000 21.4848022
0.2070000 -44.2699852
0.2080000 49.0168686
0.2090000 -19.0237770
0.2100000 6.1755772
0.2110000 -38.3287315
0.2120000 22.7995377
0.2130000 46.4397202
0.2140000 29.7133961
0.2150000 -9.1318817
0.2160000 -70.0286255
0.2170000 -36.1509743
0.2180000 -29.0427151
0.2190000 -3.6879830
0.2200000 23.3849182
0.2210000 -5.9429078
0.2220000 -63.6546021
0.2230000 21.5404873
0.2240000 -14.1274691
0.2250000 74.3978958
0.2260000 8.8889446
0.2270000 -17.7127323
0.2280000 16.0721149
0.2290000 39.6347580
0.2300000 -28.2495461
0.2310000 15.1734219
0.2320000 49.5576897
0.2330000 -25.2294407
0.2340000 30.6923637
0.2350000 -0.8524070
0.2360000 12.2751236
0.2370000 -8.8346539
0.2380000 7.6389799
0.2390000 100.5930862
0.2400000 17.1285553
0.2410000 -25.1209888
0.2420000 -7.4575191
0.2430000 -9.5314837
0.2440000 41.1240158
0.2450000 24.7423763
0.2460000 48.2213058
0.2470000 -82.2922058
0.2480000 -31.8767357
0.2490000 -42.5300598
0.2500000 -37.3357658
0.2510000 4.2240987
0.2520000 71.5709991
0.2530000 -26.1413994
0.2540000 10.2794790
0.2550000 -90.4118958
0.2560000 47.1109695
0.2570000 39.1019974
0.2580000 22.5535831
0.2590000 -70.0589294
0.2600000 53.2773285
0.2610000 70.5884399
0.2620000 -4.3852696
0.2630000 -0.3187304
0.2640000 1.4977714
0.2650000 -0.6019880
0.2660000 -26.4047909
0.2670000 50.1301346
0.2680000 -2.5728252
0.2690000 19.6117592
0.2700000 14.6745386
0.2710000 6.9061680
0.2720000 -5.9810934
0.2730000 -18.9328728
0.2740000 -47.8871307
0.2750000 11.3463602
0.2760000 -19.4463577
0.2770000 -14.2580643
0.2780000 -36.3908730
0.2790000 39.8163261
0.2800000 34.3383179
0.2810000 -38.6617470
0.2820000 12.3784065
0.2830000 -17.8317337
0.2840000 -0.8204687
0.2850000 -12.0373354
0.2860000 21.0729504
0.2870000 35.8068542
0.2880000 28.5794353
0.2890000 43.8915176
0.2900000 -6.8835759
0.2910000 -59.6620865
0.2920000 1.8572388
0.2930000 47.1109238
0.2940000 12.6085796
0.2950000 10.4252186
0.2960000 9.4809856
0.2970000 -64.2176895
0.2980000 71.7655029
0.2990000 16.5188980
0.3000000 8.2142620
0.3010000 -9.9499235
0.3020000 -19.6611462
0.3030000 2.8913536
0.3040000 29.3970127
0.3050000 6.3531146
0.3060000 -36.8146782
0.3070000 -36.0185471
0.3080000 63.5533791
0.3090000 19.6836605
0.3100000 13.2472019
0.3110000 49.7911987
0.3120000 5.4662318
0.3130000 -5.0839195
0.3140000 8.8241701
0.3150000 -31.3044014
0.3160000 5.4160914
0.3170000 10.2476110
0.3180000 -11.5269032
0.3190000 10.8902292
0.3200000 -7.0874147
0.3210000 11.5523224
0.3220000 -108.3687134
0.3230000 37.3164215
0.3240000 -29.1260262
0.3250000 -9.2878962
0.3260000 45.7634201
0.3270000 -4.5897007
0.3280000 42.6464539
0.3290000 -9.0018530
0.3300000 0.8942732
0.3310000 -27.3095379
0.3320000 -48.9096336
0.3330000 1.9151647
0.3340000 20.8086700
0.3350000 6.7453403
0.3360000 4.4926324
0.3370000 -91.0716248
0.3380000 14.0662575
0.3390000 -49.8221436
0.3400000 -39.2966461
0.3410000 -19.1501217
0.3420000 3.3910382
0.3430000 35.9690094
0.3440000 -0.6227227
0.3450000 -49.1223412
0.3460000 28.7875519
0.3470000 31.4346676
0.3480000 -34.4730186
0.3490000 -22.5071602
0.3500000 -45.9680977
0.3510000 -23.1424141
0.3520000 11.1703463
0.3530000 -10.7662153
0.3540000 -6.7371812
0.3550000 -17.4008274
0.3560000 -59.0160599
0.3570000 0.3649044
0.3580000 -9.3679152
0.3590000 -42.1566963
0.3600000 -5.9749374
0.3610000 7.6410947
0.3620000 14.6102991
0.3630000 -30.5132713
0.3640000 -7.6442280
0.3650000 14.4519701
0.3660000 34.0353355
0.3670000 -31.9283600
0.3680000 40.5414276
0.3690000 13.9672956
0.3700000 16.8278255
0.3710000 35.6848602
0.3720000 -19.3609486
0.3730000 -22.6164837
0.3740000 0.3598292
0.3750000 -8.0146894
0.3760000 -40.4624863
0.3770000 17.8007412
0.3780000 12.3860607
0.3790000 0.5049304
0.3800000 -78.8974380
0.3810000 -34.7428551
0.3820000 -37.2038116
0.3830000 36.0355453
0.3840000 11.7652197
0.3850000 28.0740070
0.3860000 -2.3955588
0.3870000 -18.2694721
0.3880000 26.6973591
0.3890000 43.7329903
0.3900000 -13.0897064
0.3910000 -13.9859486
0.3920000 -8.5185499
0.3930000 -45.9470406
0.3940000 44.4325218
0.3950000 21.2617245
0.3960000 32.4448166
0.3970000 -25.5791759
0.3980000 -44.1518898
0.3990000 52.5908394
0.4000000 24.6458416
0.4010000 -44.3157234
0.4020000 -67.5716095
0.4030000 52.3256760
0.4040000 -8.0131769
0.4050000 23.1257343
0.4060000 -13.0032778
0.4070000 -40.8101692
0.4080000 -34.0153847
0.4090000 -9.6325006
0.4100000 63.2717247
0.4110000 -16.6670933
0.4120000 30.9817810
0.4130000 -23.4264431
0.4140000 -25.3733540
0.4150000 -38.8293648
0.4160000 -12.1430845
0.4170000 6.1755691
0.4180000 102.1325302
0.4190000 47.1571045
0.4200000 9.9269819
0.4210000 -17.9561119
0.4220000 -28.2025204
0.4230000 -13.5652819
0.4240000 -23.7516365
0.4250000 16.8389416
0.4260000 -45.0487137
0.4270000 11.5958557
0.4280000 15.1133671
0.4290000 35.0410271
0.4300000 -35.1688347
0.4310000 -45.0943489
0.4320000 47.7628822
0.4330000 6.5250249
0.4340000 -31.7013645
0.4350000 61.6647530
0.4360000 -17.6899433
0.4370000 -35.7211761
0.4380000 31.8798580
0.4390000 66.9921417
0.4400000 51.1921844
0.4410000 25.4121246
0.4420000 101.3791275
0.4430000 54.0851555
0.4440000 -10.6707182
0.4450000 13.7610207
0.4460000 -62.5782204
0.4470000 19.2533932
0.4480000 -45.4966164
0.4490000 -25.0757809
0.4500000 67.8434525
0.4510000 16.8838081
0.4520000 58.2828140
0.4530000 7.8913136
0.4540000 -4.9475298
0.4550000 1.4206049
0.4560000 -16.3193569
0.4570000 -10.7100515
0.4580000 46.1514473
0.4590000 -16.7887211
0.4600000 -82.1271667
0.4610000 -3.2461200
0.4620000 7.6964884
0.4630000 -1.5290995
0.4640000 -56.4610023
0.4650000 -74.4279785
0.4660000 -58.4071465
0.4670000 -10.1195917
0.4680000 16.6949921
0.4690000 7.9050884
0.4700000 75.1808243
0.4710000 0.1146263
0.4720000 0.9297952
0.4730000 -36.7569542
0.4740000 44.2241974
0.4750000 9.3866816
0.4760000 14.8924131
0.4770000 17.1617641
0.4780000 -56.4662666
0.4790000 17.6224155
0.4800000 -23.8712616
0.4810000 32.0906563
0.4820000 12.1245394
0.4830000 -49.4232559
0.4840000 -37.9140892
0.4850000 45.6394615
0.4860000 29.1642075
0.4870000 -6.0110822
0.4880000 30.9671192
0.4890000 -0.4899450
0.4900000 62.8735199
0.4910000 -68.0941086
0.4920000 8.7753820
0.4930000 55.4008827
0.4940000 8.2446804
0.4950000 4.0560489
0.4960000 -91.7486649
0.4970000 -30.1496506
0.4980000 -53.4076843
0.4990000 32.8114319
0.5000000 -11.8325109
0.5010000 -1.9539983
0.5020000 -19.2344913
0.5030000 0.3742314
0.5040000 15.5232468
0.5050000 6.2772512
0.5060000 -20.8869896
0.5070000 -8.8488932
0.5080000 25.4427567
0.5090000 -48.8395615
0.5100000 10.9069700
0.5110000 15.2942667
0.5120000 10.8760576
0.5130000 19.7720356
0.5140000 -26.1574078
0.5150000 -24.0130234
0.5160000 -30.0885410
0.5170000 11.8746185
0.5180000 3.0754495
0.5190000 -33.0304680
0.5200000 -22.1621609
0.5210000 -26.0807152
0.5220000 30.3840256
0.5230000 -22.8649292
0.5240000 -10.3517828
0.5250000 -39.3094597
0.5260000 -24.5012455
0.5270000 24.5241928
0.5280000 29.8265629
0.5290000 12.6124172
0.5300000 -45.1982269
0.5310000 57.2795715
0.5320000 28.1267281
0.5330000 0.2021754
0.5340000 -13.7723589
0.5350000 -105.2744217
0.5360000 9.2908163
0.5370000 -10.8932734
0.5380000 -0.4438262
0.5390000 45.3942947
0.5400000 -12.9010963
0.5410000 55.9040108
0.5420000 3.6290083
0.5430000 -46.4180717
0.5440000 -65.3754349
0.5450000 11.7012644
0.5460000 25.0319042
0.5470000 36.0706711
0.5480000 -33.9057426
0.5490000 -52.5938950
0.5500000 -99.8276901
0.5510000 34.6058044
0.5520000 2.7303052
0.5530000 -50.5292931
0.5540000 -46.4649811
0.5550000 18.0328884
0.5560000 78.8049545
0.5570000 17.9835377
0.5580000 -24.4787560
0.5590000 19.9753304
0.5600000 43.1128540
0.5610000 -35.2809448
0.5620000 -37.6972580
0.5630000 -39.2865105
0.5640000 11.3012028
0.5650000 12.3910265
0.5660000 48.0671806
0.5670000 57.0936966
0.5680000 -9.5993834
0.5690000 -16.4193287
0.5700000 5.4883261
0.5710000 -29.1946239
0.5720000 -30.0716324
0.5730000 9.6498737
0.5740000 47.6373253
0.5750000 -4.2863088
0.5760000 9.7020378
0.5770000 -45.9477730
0.5780000 -3.2579734
0.5790000 5.5033860
0.5800000 57.8543320
0.5810000 -14.4576683
0.5820000 24.3449192
0.5830000 -23.7680893
0.5840000 -56.6783485
0.5850000 -39.2508469
0.5860000 -3.2840843
0.5870000 23.3784180
0.5880000 -18.1116982
0.5890000 -19.5758190
0.5900000 22.4026566
0.5910000 7.7273998
0.5920000 45.3648033
0.5930000 -53.0368805
0.5940000 61.3591461
0.5950000 -33.6251030
0.5960000 9.3075619
0.5970000 65.8478928
0.5980000 -10.4798088
0.5990000 30.4313297
0.6000000 -37.4864998
0.6010000 -30.9393997
0.6020000 -32.4799652
0.6030000 -15.9387417
0.6040000 28.6009159
0.6050000 -0.9497857
0.6060000 7.3877153
0.6070000 36.3854752
0.6080000 20.6473160
0.6090000 5.7517133
0.6100000 64.5854034
0.6110000 -5.2501612
0.6120000 40.0518608
0.6130000 8.8309889
0.6140000 5.8444967
0.6150000 -2.0947785
0.6160000 -86.8399811
0.6170000 -40.6308784
0.6180000 -37.7535629
0.6190000 -47.9354210
0.6200000 34.7507515
0.6210000 17.4557133
0.6220000 23.9070511
0.6230000 -7.2154155
0.6240000 52.7005882
0.6250000 -49.2787743
0.6260000 1.8898166
0.6270000 -12.7155752
0.6280000 -10.7286873
0.6290000 -11.0028038
0.6300000 -87.5011749
0.6310000 75.9909134
0.6320000 -52.3417473
0.6330000 8.3404779
0.6340000 -81.0013428
0.6350000 -22.0027027
0.6360000 20.4175243
0.6370000 -29.2095184
0.6380000 -60.2371178
0.6390000 20.9077549
0.6400000 -29.2355461
0.6410000 -57.2175140
0.6420000 -6.0575509
0.6430000 -5.4891028
0.6440000 47.0382233
0.6450000 25.4675617
0.6460000 -38.6981544
0.6470000 -30.8744488
0.6480000 -3.1772242
0.6490000 -0.1006047
0.6500000 63.4513054
0.6510000 57.8354950
0.6520000 -90.7606354
0.6530000 -30.5046291
0.6540000 -74.9207611
0.6550000 99.5105438
0.6560000 -11.5865536
0.6570000 -55.2579575
0.6580000 18.3762817
0.6590000 78.7168579
0.6600000 -26.3095436
0.6610000 -40.1184006
0.6620000 22.7195206
0.6630000 -8.6098099
0.6640000 8.0626049
0.6650000 -5.8780961
0.6660000 8.8783569
0.6670000 -15.5799179
0.6680000 70.1025696
0.6690000 1.5203234
0.6700000 16.3523331
0.6710000 -16.9628296
0.6720000 49.6572876
0.6730000 -17.4362335
0.6740000 -55.8515167
0.6750000 0.1942368
0.6760000 -21.5228119
0.6770000 20.8835926
0.6780000 21.3694706
0.6790000 -43.3087654
0.6800000 -5.0884924
0.6810000 57.0616188
0.6820000 -25.7237091
0.6830000 65.4268951
0.6840000 -17.4256248
0.6850000 -5.0524435
0.6860000 51.5088005
0.6870000 -7.6272807
0.6880000 -14.4702597
0.6890000 27.0610561
0.6900000 23.1426525
0.6910000 37.0814438
0.6920000 47.5021362
0.6930000 -37.8338852
0.6940000 -32.4375191
0.6950000 -28.6143112
0.6960000 34.5810089
0.6970000 -24.6180859
0.6980000 27.7396488
0.6990000 33.2906036
0.7000000 -5.8604245
0.7010000 -1.3327258
0.7020000 -1.0156295
0.7030000 -43.6147003
0.7040000 50.0762749
0.7050000 -56.9087982
0.7060000 22.9625702
0.7070000 -6.9524422
0.7080000 1.3571355
0.7090000 -12.1843987
0.7100000 -6.5173702
0.7110000 62.4589157
0.7120000 31.5985870
0.7130000 7.7357211
0.7140000 -16.8306904
0.7150000 18.4702377
0.7160000 -11.3628912
0.7170000 65.7775803
0.7180000 16.2473640
0.7190000 -36.7043953
0.7200000 -23.4078541
0.7210000 1.5711312
0.7220000 -11.6874504
0.7230000 23.4502010
0.7240000 -38.6172638
0.7250000 12.6708813
0.7260000 -20.2244797
0.7270000 -11.6852293
0.7280000 25.6390152
0.7290000 -76.5010529
0.7300000 -53.3035507
0.7310000 6.2639303
0.7320000 -45.9066887
0.7330000 -49.6496582
0.7340000 45.6712456
0.7350000 0.0067869
0.7360000 38.6234818
0.7370000 74.8634491
0.7380000 17.4336395
0.7390000 19.7846737
0.7400000 -16.1689720
0.7410000 -5.7744293
0.7420000 -8.7675686
0.7430000 12.6511002
0.7440000 -11.8304043
0.7450000 60.6564407
0.7460000 32.6513062
0.7470000 -17.3345432
0.7480000 2.0005369
0.7490000 -101.5284042
0.7500000 28.3681335
0.7510000 -2.8882861
0.7520000 38.0303917
0.7530000 -0.4420290
0.7540000 -49.3755302
0.7550000 33.3113556
0.7560000 69.9606094
0.7570000 -12.4649601
0.7580000 1.6201473
0.7590000 40.4950943
0.7600000 -14.1076870
0.7610000 -1.4618956
0.7620000 15.0866613
0.7630000 -13.4551754
0.7640000 6.6493225
0.7650000 29.8398724
0.7660000 2.1787915
0.7670000 39.8292389
0.7680000 17.7486191
0.7690000 -3.3621330
0.7700000 -43.1659584
0.7710000 26.7021446
0.7720000 5.3109941
0.7730000 -14.2875319
0.7740000 -20.0841465
0.7750000 -16.3056812
0.7760000 -3.9888465
0.7770000 31.2691746
0.7780000 3.8611493
0.7790000 -6.1114306
0.7800000 -4.1035709
0.7810000 11.7590685
0.7820000 -8.2610922
0.7830000 -26.5529499
0.7840000 3.9365532
0.7850000 60.0063515
0.7860000 -50.1836014
0.7870000 31.7022495
0.7880000 -40.6857262
0.7890000 11.5073967
0.7900000 12.5847530
0.7910000 16.0007668
0.7920000 26.6517048
0.7930000 18.0545006
0.7940000 1.9648494
0.7950000 82.3748856
0.7960000 33.4385910
0.7970000 -43.0686836
0.7980000 56.5618896
0.7990000 -72.2295532
0.8000000 -25.0799255
0.8010000 13.3598633
0.8020000 24.7944088
0.8030000 -5.7376719
0.8040000 -5.5809770
0.8050000 50.0476189
0.8060000 -28.1269550
0.8070000 -22.2205143
0.8080000 -6.5366316
0.8090000 -25.5817566
0.8100000 -18.7262917
0.8110000 -31.1563568
0.8120000 22.7130680
0.8130000 22.9409332
0.8140000 -8.7893314
0.8150000 -32.8770752
0.8160000 -11.0444860
0.8170000 30.6732311
0.8180000 -18.7075462
0.8190000 25.9707375
0.8200000 -4.6370535
0.8210000 -24.4463959
0.8220000 13.2305155
0.8230000 -69.4353790
0.8240000 -27.6754837
0.8250000 17.2089233
0.8260000 2.3812623
0.8270000 -24.1835670
0.8280000 42.2017822
0.8290000 -78.3091125
0.8300000 49.2428627
0.8310000 13.1664200
0.8320000 -14.1768513
0.8330000 -35.5677452
0.8340000 33.9169922
0.8350000 -42.3658791
0.8360000 -2.3016567
0.8370000 38.2963562
0.8380000 24.7941628
0.8390000 15.6434574
0.8400000 -24.3485012
0.8410000 38.6760979
0.8420000 15.4291668
0.8430000 2.9591963
0.8440000 3.8970289
0.8450000 3.8571684
0.8460000 -61.3149757
0.8470000 -18.7595978
0.8480000 -18.2014408
0.8490000 -53.6889992
0.8500000 -18.1547737
0.8510000 50.6364021
0.8520000 20.4281693
0.8530000 59.5680847
0.8540000 0.4030869
0.8550000 -14.5506468
0.8560000 -20.5474701
0.8570000 -52.3485985
0.8580000 -18.0843334
0.8590000 35.4214172
0.8600000 16.1626339
0.8610000 -44.8431587
0.8620000 15.5966368
0.8630000 -10.1550627
0.8640000 28.2911186
0.8650000 24.8026428
0.8660000 -25.9871254
0.8670000 11.4133177
0.8680000 39.7032890
0.8690000 19.9404125
0.8700000 39.3616562
0.8710000 10.4532127
0.8720000 42.1765633
0.8730000 -26.9313850
0.8740000 -17.2974796
0.8750000 28.1661034
0.8760000 1.1252557
0.8770000 28.5956707
0.8780000 -12.4868565
0.8790000 29.1822777
0.8800000 5.7443328
0.8810000 29.3471889
0.8820000 5.8503075
0.8830000 -7.1979260
0.8840000 16.4696178
0.8850000 -1.5903336
0.8860000 -114.7740936
0.8870000 16.2236710
0.8880000 5.9316864
0.8890000 29.2224541
0.8900000 -36.2900925
0.8910000 61.0056419
0.8920000 -10.5441704
0.8930000 -3.5313361
0.8940000 -43.8293533
0.8950000 -26.8791962
0.8960000 -20.6989155
0.8970000 55.8251801
0.8980000 -39.9516678
0.8990000 -14.6446791
0.9000000 -18.5323887
0.9010000 -65.1767731
0.9020000 0.3544818
0.9030000 3.8324192
0.9040000 5.6686420
0.9050000 8.6669922
0.9060000 14.4697380
0.9070000 -29.3071117
0.9080000 -61.0110054
0.9090000 -4.5582070
0.9100000 19.2484398
0.9110000 7.4459648
0.9120000 57.1014709
0.9130000 -38.0171471
0.9140000 -19.9951992
0.9150000 35.4252052
0.9160000 11.8458481
0.9170000 35.6193085
0.9180000 48.6162872
0.9190000 66.0660782
0.9200000 -39.6397820
0.9210000 25.4317188
0.9220000 48.2021065
0.9230000 5.8324900
0.9240000 -12.6473598
0.9250000 72.4070969
0.9260000 -5.1797338
0.9270000 -9.4255476
0.9280000 -8.6727028
0.9290000 49.3147316
0.9300000 -26.2343445
0.9310000 38.9639511
0.9320000 11.1791668
0.9330000 18.2368984
0.9340000 51.0420532
0.9350000 5.9695201
0.9360000 -23.1470795
0.9370000 6.4673209
0.9380000 -71.3818512
0.9390000 -42.5610809
0.9400000 62.5861282
0.9410000 42.9702950
0.9420000 37.8162460
0.9430000 19.3501244
0.9440000 8.5395517
0.9450000 20.9444199
0.9460000 -28.0087509
0.9470000 -34.9361687
0.9480000 3.4844263
0.9490000 22.9561310
0.9500000 -32.4416389
0.9510000 -2.8144984
0.9520000 -1.3160388
0.9530000 -1.4562799
0.9540000 37.9284515
0.9550000 -20.3912239
0.9560000 -2.5512524
0.9570000 10.6346350
0.9580000 13.0980473
0.9590000 -17.9241257
0.9600000 16.9868488
0.9610000 -40.5862770
0.9620000 32.6607170
0.9630000 34.9216423
0.9640000 18.9578209
0.9650000 -30.4229240
0.9660000 -16.0645275
0.9670000 -54.2911797
0.9680000 18.9670086
0.9690000 43.8441200
0.9700000 71.2515564
0.9710000 -14.9545345
0.9720000 24.8261108
0.9730000 -50.7008629
0.9740000 35.3192596
0.9750000 73.0742188
0.9760000 -8.8743896
0.9770000 3.3786566
0.9780000 0.7537998
0.9790000 -8.1304283
0.9800000 -1.8130488
0.9810000 -15.1838074
0.9820000 13.0465326
0.9830000 -68.6607819
0.9840000 -6.4037938
0.9850000 -57.8554764
0.9860000 -40.0562210
0.9870000 4.9113188
0.9880000 -9.9733496
0.9890000 -25.3770828
0.9900000 -15.2676544
0.9910000 37.1705627
0.9920000 61.5403061
0.9930000 -25.3924599
0.9940000 18.7276020
0.9950000 -91.5600586
0.9960000 -21.6509094
0.9970000 -30.3182755
0.9980000 -86.6899109
0.9990000 57.6672287
