0.0000000 -2.6376166
0.0010000 9.4661360
0.0020000 -51.4252968
0.0030000 -31.2580299
0.0040000 16.6142845
0.0050000 86.8453674
0.0060000 51.9135056
0.0070000 -5.3261666
0.0080000 32.3714867
0.0090000 107.3168716
0.0100000 -29.8161335
0.0110000 12.1286945
0.0120000 -16.2107563
0.0130000 -58.9106331
0.0140000 -15.9283895
0.0150000 -10.0818367
0.0160000 19.6631165
0.0170000 6.2497807
0.0180000 -14.6140728
0.0190000 11.1007910
0.0200000 -16.7039795
0.0210000 -45.4369125
0.0220000 -47.5634041
0.0230000 -49.6841850
0.0240000 26.5828934
0.0250000 -30.5312119
0.0260000 -22.4764442
0.0270000 -41.5355682
0.0280000 -29.8260555
0.0290000 -40.0102615
0.0300000 26.8529224
0.0310000 -10.4184160
0.0320000 19.3067455
0.0330000 89.6821213
0.0340000 -28.1577663
0.0350000 -26.6442776
0.0360000 5.5458317
0.0370000 28.5093040
0.0380000 53.4836349
0.0390000 -32.7396240
0.0400000 69.9361496
0.0410000 27.8720493
0.0420000 63.8370552
0.0430000 36.9075966
0.0440000 13.1853447
0.0450000 20.2112885
0.0460000 17.0260811
0.0470000 22.9025898
0.0480000 -42.8899803
0.0490000 -19.7764874
0.0500000 23.4775105
0.0510000 18.2782364
0.0520000 -19.6354504
0.0530000 -21.5644588
0.0540000 31.6020966
0.0550000 54.9472542
0.0560000 74.8859940
0.0570000 12.0514517
0.0580000 -5.1821828
0.0590000 -27.0885315
0.0600000 15.6633520
0.0610000 -8.6929159
0.0620000 -5.8838100
0.0630000 -43.1992416
0.0640000 -52.1233597
0.0650000 18.6075668
0.0660000 -27.1092911
0.0670000 12.0382528
0.0680000 -0.4491946
0.0690000 -12.8460579
0.0700000 47.0745277
0.0710000 -15.4563246
0.0720000 -20.4885406
0.0730000 5.2895923
0.0740000 9.4179926
0.0750000 74.0356064
0.0760000 67.9840393
0.0770000 -38.0647812
0.0780000 8.8456421
0.0790000 -40.8772964
0.0800000 -0.1930587
0.0810000 25.5475693
0.0820000 11.0708780
0.0830000 -39.4481544
0.0840000 22.9649181
0.0850000 -51.5014801
0.0860000 36.1190300
0.0870000 8.5627432
0.0880000 -50.9300804
0.0890000 0.8067452
0.0900000 44.1704903
0.0910000 -74.9755249
0.0920000 11.6413956
0.0930000 1.4381994
0.0940000 40.0671997
0.0950000 -15.1061239
0.0960000 10.8556871
0.0970000 9.4526072
0.0980000 -45.5458145
0.0990000 11.1732340
0.1000000 -65.7755127
0.1010000 -41.7516403
0.1020000 -32.0237846
0.1030000 -17.9661865
0.1040000 -10.3655596
0.1050000 -9.5824900
0.1060000 -14.8972349
0.1070000 -10.2227411
0.1080000 -12.9014530
0.1090000 -18.8522987
0.1100000 6.7031808
0.1110000 3.4963360
0.1120000 -66.5150986
0.1130000 55.9358902
0.1140000 17.4565487
0.1150000 -12.8784914
0.1160000 39.4624214
0.1170000 -65.4662399
0.1180000 -44.3972397
0.1190000 -14.2108984
0.1200000 -24.0937386
0.1210000 -40.7733078
0.1220000 -3.8883932
0.1230000 31.0706844
0.1240000 -11.9685431
0.1250000 -0.6943017
0.1260000 20.0396976
0.1270000 0.1890479
0.1280000 48.2296219
0.1290000 36.5263138
0.1300000 -35.3611603
0.1310000 -10.4766912
0.1320000 33.6789169
0.1330000 15.6351805
0.1340000 30.8019218
0.1350000 -54.4982262
0.1360000 -38.2817612
0.1370000 -31.8237572
0.1380000 3.5373993
0.1390000 -18.1747742
0.1400000 -9.4082584
0.1410000 11.9868670
0.1420000 -18.0360889
0.1430000 -28.2534752
0.1440000 -38.4948425
0.1450000 23.5578518
0.1460000 78.7924347
0.1470000 -95.8136215
0.1480000 55.3739586
0.1490000 0.3179410
0.1500000 105.7618408
0.1510000 25.6779060
0.1520000 36.6626205
0.1530000 25.2383709
0.1540000 -6.9696002
0.1550000 -9.7999153
0.1560000 19.9498920
0.1570000 38.3956680
0.1580000 -18.8625183
0.1590000 -28.6238785
0.1600000 -38.3173294
0.1610000 -29.5962143
0.1620000 2.7251318
0.1630000 62.4046249
0.1640000 25.8026447
0.1650000 -31.5213814
0.1660000 -23.6738014
0.1670000 -19.1624756
0.1680000 15.4802799
0.1690000 -46.2047005
0.1700000 -4.8983965
0.1710000 -18.7067280
0.1720000 -19.7774429
0.1730000 -10.5382252
0.1740000 -28.2241688
0.1750000 12.7843142
0.1760000 -51.5206871
0.1770000 26.1112652
0.1780000 25.0749321
0.1790000 22.6640339
0.1800000 46.9498825
0.1810000 25.2350006
0.1820000 -48.3304024
0.1830000 22.1352577
0.1840000 -52.2533264
0.1850000 32.3212471
0.1860000 -46.8289223
0.1870000 -13.8112507
0.1880000 -43.1763191
0.1890000 3.5887699
0.1900000 25.3991337
0.1910000 13.4661627
0.1920000 35.0343590
0.1930000 -5.7970705
0.1940000 10.3105850
0.1950000 18.1116219
0.1960000 -25.4835815
0.1970000 25.8996220
0.1980000 49.6448936
0.1990000 39.7477150
0.2000000 10.5496683
0.2010000 27.0154514
0.2020000 -7.7348762
0.2030000 -22.7597656
0.2040000 20.3932438
0.2050000 -6.6949730
0.2060000 -3.9107385
0.2070000 3.5525799
0.2080000 -5.5563707
0.2090000 -44.9945755
0.2100000 29.0817337
0.2110000 1.9722152
0.2120000 38.6504631
0.2130000 -60.8253517
0.2140000 -72.5487747
0.2150000 64.3413162
0.2160000 -15.0552483
0.2170000 -6.4646297
0.2180000 38.3300476
0.2190000 -25.7003937
0.2200000 39.4002800
0.2210000 -40.9039154
0.2220000 18.1164570
0.2230000 -9.3976088
0.2240000 44.1160622
0.2250000 30.5177860
0.2260000 13.8338432
0.2270000 14.7935810
0.2280000 -92.7887955
0.2290000 -35.2692757
0.2300000 11.1193523
0.2310000 -1.9614483
0.2320000 44.6275444
0.2330000 -4.0645776
0.2340000 47.6738014
0.2350000 -30.9134617
0.2360000 11.1696320
0.2370000 3.2934141
0.2380000 -19.4971752
0.2390000 10.4099264
0.2400000 0.9135173
0.2410000 -23.2786446
0.2420000 21.7968998
0.2430000 -17.3601952
0.2440000 -44.1151772
0.2450000 -29.4688683
0.2460000 -56.2939529
0.2470000 -40.4221039
0.2480000 19.0079651
0.2490000 31.6887836
0.2500000 13.4165068
0.2510000 6.5965600
0.2520000 18.5831966
0.2530000 32.4397621
0.2540000 24.3696251
0.2550000 -52.0934219
0.2560000 -24.3719692
0.2570000 13.7288704
0.2580000 -17.9724693
0.2590000 -26.2075176
0.2600000 -72.4568405
0.2610000 -0.2666253
0.2620000 -31.4064445
0.2630000 -11.4448824
0.2640000 25.3396835
0.2650000 42.2801971
0.2660000 65.9885101
0.2670000 -17.3003902
0.2680000 3.7450869
0.2690000 46.1744118
0.2700000 -41.1923065
0.2710000 -5.4257369
0.2720000 20.4731293
0.2730000 -63.5256157
0.2740000 7.8745618
0.2750000 -66.1980209
0.2760000 26.3786678
0.2770000 39.3691864
0.2780000 -13.4838142
0.2790000 4.4889011
0.2800000 33.8782997
0.2810000 21.3456173
0.2820000 -23.8715115
0.2830000 -64.6147461
0.2840000 -7.4884486
0.2850000 -0.6853502
0.2860000 29.0828400
0.2870000 -72.8445129
0.2880000 -100.8920288
0.2890000 47.1907272
0.2900000 6.3974810
0.2910000 33.9983330
0.2920000 -68.7010040
0.2930000 -52.7121124
0.2940000 -23.8259907
0.2950000 -21.9656734
0.2960000 19.1110554
0.2970000 1.6501436
0.2980000 24.9157028
0.2990000 24.3170605
0.3000000 10.0274286
0.3010000 -6.5494075
0.3020000 48.8261757
0.3030000 35.7406006
0.3040000 24.0305977
0.3050000 1.7211511
0.3060000 14.3215656
0.3070000 5.3957305
0.3080000 8.2948418
0.3090000 -11.5001707
0.3100000 -37.5813637
0.3110000 51.3459053
0.3120000 -27.0908966
0.3130000 43.8610497
0.3140000 -9.9429550
0.3150000 -21.0895786
0.3160000 -7.7331347
0.3170000 30.9951916
0.3180000 -14.5401144
0.3190000 -40.4844818
0.3200000 -52.7386703
0.3210000 -2.7809303
0.3220000 -54.5905037
0.3230000 -15.4080868
0.3240000 37.7253914
0.3250000 34.0635834
0.3260000 23.5082760
0.3270000 17.5580006
0.3280000 -10.7220945
0.3290000 -22.0164623
0.3300000 -19.6200809
0.3310000 7.3357339
0.3320000 56.0306892
0.3330000 -9.5492096
0.3340000 -23.2469597
0.3350000 -55.5941467
0.3360000 1.1114327
0.3370000 13.1299076
0.3380000 38.2149696
0.3390000 1.9387946
0.3400000 -59.4271889
0.3410000 -6.9775810
0.3420000 -33.4121361
0.3430000 11.7742987
0.3440000 6.5902300
0.3450000 -46.2564774
0.3460000 41.9683113
0.3470000 -13.8828831
0.3480000 15.6316862
0.3490000 -28.7051220
0.3500000 -18.0244503
0.3510000 -9.7264652
0.3520000 -26.4425831
0.3530000 39.5264854
0.3540000 -27.1572266
0.3550000 -14.2211676
0.3560000 -9.2931185
0.3570000 -77.2508926
0.3580000 14.3716011
0.3590000 -29.2555027
0.3600000 -21.5836105
0.3610000 -28.5380859
0.3620000 15.4928093
0.3630000 24.5679913
0.3640000 -32.6567612
0.3650000 39.3110847
0.3660000 27.6692448
0.3670000 -50.9727516
0.3680000 -11.1610146
0.3690000 -19.8311615
0.3700000 27.2751064
0.3710000 -49.3985710
0.3720000 3.8003492
0.3730000 50.2482605
0.3740000 30.2684441
0.3750000 -29.6113167
0.3760000 -5.2481804
0.3770000 -4.6447926
0.3780000 -10.5397959
0.3790000 -45.5080528
0.3800000 -29.5480137
0.3810000 -21.5861950
0.3820000 21.8639240
0.3830000 101.3832016
0.3840000 -36.0410652
0.3850000 0.7879990
0.3860000 34.5096588
0.3870000 -23.7862873
0.3880000 -12.1409388
0.3890000 -0.3845059
0.3900000 76.4439011
0.3910000 33.2282829
0.3920000 33.5070953
0.3930000 72.9792328
0.3940000 31.5043716
0.3950000 5.0193849
0.3960000 -22.6585846
0.3970000 8.7464895
0.3980000 38.0713730
0.3990000 -4.3763256
0.4000000 -70.1872787
0.4010000 37.8044395
0.4020000 -6.3112736
0.4030000 -6.3844209
0.4040000 -39.2528305
0.4050000 -11.2526026
0.4060000 71.0297012
0.4070000 -3.7214298
0.4080000 9.1769667
0.4090000 11.7776613
0.4100000 -24.6976185
0.4110000 -15.5048275
0.4120000 55.3236008
0.4130000 8.4715233
0.4140000 27.9782372
0.4150000 5.7248359
0.4160000 -16.8079071
0.4170000 -0.9468939
0.4180000 9.0791063
0.4190000 64.7726288
0.4200000 -4.3044252
0.4210000 70.8515701
0.4220000 10.2466021
0.4230000 -22.6790848
0.4240000 17.0502777
0.4250000 -18.5205135
0.4260000 22.2693768
0.4270000 0.6931714
0.4280000 70.6634216
0.4290000 -10.3990116
0.4300000 -2.6937423
0.4310000 -24.4014320
0.4320000 1.7758029
0.4330000 41.7772789
0.4340000 -4.7133021
0.4350000 -72.4320068
0.4360000 0.1147237
0.4370000 41.0475998
0.4380000 -7.8308287
0.4390000 61.5518036
0.4400000 4.0114908
0.4410000 -8.7915506
0.4420000 -56.8029938
0.4430000 -62.0416603
0.4440000 4.2285957
0.4450000 -86.2549210
0.4460000 -29.5884571
0.4470000 4.7336459
0.4480000 -9.5785694
0.4490000 25.1931477
0.4500000 -49.3653603
0.4510000 31.5134773
0.4520000 3.5744593
0.4530000 -18.4351063
0.4540000 -3.1394794
0.4550000 -23.8164024
0.4560000 16.4471645
0.4570000 -26.3178902
0.4580000 -17.8376808
0.4590000 27.0648232
0.4600000 -59.3688240
0.4610000 26.6287899
0.4620000 54.4515495
0.4630000 -43.4859200
0.4640000 -20.8278503
0.4650000 22.5419102
0.4660000 -51.6140823
0.4670000 48.9957657
0.4680000 12.3695316
0.4690000 -33.7015343
0.4700000 -0.1892352
0.4710000 17.9308758
0.4720000 39.6368828
0.4730000 48.3061562
0.4740000 40.9226265
0.4750000 -2.4123545
0.4760000 26.3620586
0.4770000 77.8526688
0.4780000 -32.8284531
0.4790000 1.7974255
0.4800000 -65.1270218
0.4810000 11.0144157
0.4820000 28.4807243
0.4830000 -13.2202635
0.4840000 -5.0834708
0.4850000 -16.0172825
0.4860000 12.8155088
0.4870000 7.0491619
0.4880000 7.4456444
0.4890000 7.6792779
0.4900000 -28.5415668
0.4910000 30.6091385
0.4920000 54.1262474
0.4930000 32.7399521
0.4940000 43.1853905
0.4950000 7.1766090
0.4960000 34.7918053
0.4970000 -4.9346318
0.4980000 -39.3683319
0.4990000 28.6321201
0.5000000 2.3799734
0.5010000 11.5961161
0.5020000 14.2569990
0.5030000 11.1897964
0.5040000 16.1356258
0.5050000 15.4554367
0.5060000 29.7283897
0.5070000 -87.9395828
0.5080000 15.8259563
0.5090000 -15.8956804
0.5100000 -21.2421646
0.5110000 -79.9248886
0.5120000 -8.3799324
0.5130000 15.7157516
0.5140000 3.3352354
0.5150000 7.6089253
0.5160000 6.4484272
0.5170000 55.0796585
0.5180000 -30.4848118
0.5190000 -29.8172989
0.5200000 -42.8637657
0.5210000 -14.1641388
0.5220000 11.5774183
0.5230000 8.5028315
0.5240000 -11.5170374
0.5250000 -30.3655605
0.5260000 -26.1314468
0.5270000 -26.6971321
0.5280000 40.4259911
0.5290000 3.8166749
0.5300000 1.2213863
0.5310000 -41.0127602
0.5320000 -2.3930662
0.5330000 -33.9983711
0.5340000 -51.5312996
0.5350000 -43.6649780
0.5360000 46.3511314
0.5370000 10.4249792
0.5380000 -32.3682480
0.5390000 -12.2842054
0.5400000 3.7006407
0.5410000 -70.9748230
0.5420000 39.9504738
0.5430000 -27.6890030
0.5440000 40.2567329
0.5450000 -65.0356979
0.5460000 -46.1821976
0.5470000 49.6594200
0.5480000 -82.9107361
0.5490000 4.5104012
0.5500000 -53.8888817
0.5510000 42.0051346
0.5520000 38.5603256
0.5530000 39.1173172
0.5540000 -0.0921705
0.5550000 11.7797441
0.5560000 3.0689371
0.5570000 -15.4179573
0.5580000 2.6804342
0.5590000 56.6582947
0.5600000 36.4939880
0.5610000 -3.0907276
0.5620000 18.8990631
0.5630000 -34.8356628
0.5640000 27.6586685
0.5650000 43.9164009
0.5660000 -21.3486195
0.5670000 -73.7041855
0.5680000 -36.7993240
0.5690000 27.9369774
0.5700000 -33.6010818
0.5710000 -30.9228039
0.5720000 1.4965056
0.5730000 -18.5414906
0.5740000 12.9023561
0.5750000 -19.2672806
0.5760000 64.3729324
0.5770000 55.9039459
0.5780000 0.3504049
0.5790000 37.1682816
0.5800000 -29.6493530
0.5810000 -26.3958035
0.5820000 27.3452168
0.5830000 -1.2534703
0.5840000 -34.7000923
0.5850000 -24.0261631
0.5860000 -16.1867809
0.5870000 -3.3650942
0.5880000 -13.7218981
0.5890000 -46.6563034
0.5900000 4.3130550
0.5910000 35.0873451
0.5920000 3.4907610
0.5930000 -46.9869576
0.5940000 30.3702335
0.5950000 31.7950745
0.5960000 -13.8266764
0.5970000 -18.2875195
0.5980000 -42.3664207
0.5990000 2.7976308
0.6000000 -9.3340979
0.6010000 -55.0765228
0.6020000 19.8259792
0.6030000 7.0320368
0.6040000 47.4452667
0.6050000 -66.6121521
0.6060000 33.3151665
0.6070000 64.4665604
0.6080000 -3.3330781
0.6090000 -53.1849937
0.6100000 -7.2526474
0.6110000 15.2658052
0.6120000 25.0694714
0.6130000 14.7849989
0.6140000 26.0437050
0.6150000 5.5418911
0.6160000 15.8675547
0.6170000 27.9918861
0.6180000 14.0283861
0.6190000 3.9904110
0.6200000 -16.6539459
0.6210000 21.8560562
0.6220000 38.5959320
0.6230000 3.6973073
0.6240000 -68.1455994
0.6250000 26.7872963
0.6260000 -31.3776836
0.6270000 -35.0773430
0.6280000 -29.1397152
0.6290000 9.8586740
0.6300000 4.7763357
0.6310000 23.7088776
0.6320000 18.1303883
0.6330000 59.2154274
0.6340000 27.8498192
0.6350000 -7.8044100
0.6360000 -15.6567411
0.6370000 0.4562304
0.6380000 7.4035277
0.6390000 -40.1765442
0.6400000 13.4625883
0.6410000 15.6575470
0.6420000 -45.9655991
0.6430000 -14.6074743
0.6440000 41.4020882
0.6450000 -17.8617516
0.6460000 15.0866146
0.6470000 -7.1064768
0.6480000 1.0516683
0.6490000 14.5444593
0.6500000 17.6958008
0.6510000 -0.0652538
0.6520000 62.9638901
0.6530000 30.4592228
0.6540000 25.4494781
0.6550000 41.5721664
0.6560000 28.7587814
0.6570000 54.3895874
0.6580000 39.3877220
0.6590000 70.8931046
0.6600000 11.2583780
0.6610000 40.6667862
0.6620000 -2.0594208
0.6630000 47.2115059
0.6640000 -70.7624207
0.6650000 16.1252975
0.6660000 -42.6796684
0.6670000 1.9497367
0.6680000 4.9353881
0.6690000 35.5424271
0.6700000 22.4255753
0.6710000 -41.7996826
0.6720000 20.9262238
0.6730000 -8.0556822
0.6740000 32.4747849
0.6750000 -26.3766003
0.6760000 -9.5170975
0.6770000 38.1483078
0.6780000 60.2916069
0.6790000 -4.5961380
0.6800000 24.9255123
0.6810000 -37.0707932
0.6820000 -3.7822683
0.6830000 -62.7048874
0.6840000 38.7717171
0.6850000 31.1945133
0.6860000 -8.4745350
0.6870000 31.0448837
0.6880000 25.6030788
0.6890000 -23.1902428
0.6900000 -28.9617462
0.6910000 -10.8401289
0.6920000 23.5785618
0.6930000 -18.6496201
0.6940000 45.7383499
0.6950000 -30.7456131
0.6960000 -3.0958493
0.6970000 22.0041027
0.6980000 -14.8423891
0.6990000 29.6495152
0.7000000 29.1008987
0.7010000 7.8823118
0.7020000 -37.8289413
0.7030000 -47.7171059
0.7040000 52.8146706
0.7050000 -0.4532935
0.7060000 -49.9481812
0.7070000 -6.7482405
0.7080000 0.0832822
0.7090000 -13.0619802
0.7100000 -25.9672794
0.7110000 24.9825706
0.7120000 -15.1625681
0.7130000 -13.1282682
0.7140000 29.6087894
0.7150000 -0.8988919
0.7160000 45.4164886
0.7170000 29.4041119
0.7180000 -88.6891937
0.7190000 45.1962852
0.7200000 0.1064775
0.7210000 43.8822899
0.7220000 1.1203048
0.7230000 -41.1366158
0.7240000 -70.0350037
0.7250000 53.0173340
0.7260000 -10.3360443
0.7270000 -42.5138855
0.7280000 7.3724813
0.7290000 15.8411493
0.7300000 -31.7595768
0.7310000 46.1063766
0.7320000 27.1097641
0.7330000 2.0181699
0.7340000 73.6222458
0.7350000 -19.8026600
0.7360000 -5.1304607
0.7370000 -31.6896191
0.7380000 31.8470631
0.7390000 -17.9332447
0.7400000 14.2379408
0.7410000 -7.6724691
0.7420000 34.2496529
0.7430000 -54.9995346
0.7440000 27.0385513
0.7450000 -26.6535187
0.7460000 -19.4456501
0.7470000 21.9297581
0.7480000 3.6111095
0.7490000 -7.4188099
0.7500000 14.6543512
0.7510000 21.7172394
0.7520000 -33.5392151
0.7530000 30.9755936
0.7540000 -0.6127997
0.7550000 -29.1300869
0.7560000 -20.0925999
0.7570000 16.7941227
0.7580000 5.3920312
0.7590000 71.4446259
0.7600000 15.7395163
0.7610000 86.2117004
0.7620000 20.9879627
0.7630000 -48.7640381
0.7640000 -3.2423232
0.7650000 -30.5253010
0.7660000 -8.6975479
0.7670000 -59.2207184
0.7680000 25.0067081
0.7690000 -9.4263258
0.7700000 13.4872284
0.7710000 -40.4449348
0.7720000 30.5357037
0.7730000 27.4307384
0.7740000 26.0793514
0.7750000 18.4346561
0.7760000 26.8078423
0.7770000 8.6367445
0.7780000 -41.1076431
0.7790000 35.5345840
0.7800000 73.0573807
0.7810000 31.8504524
0.7820000 6.0458274
0.7830000 -3.6677768
0.7840000 -32.9384880
0.7850000 -64.5079651
0.7860000 -79.9610825
0.7870000 5.9145269
0.7880000 -44.9957466
0.7890000 -22.3654423
0.7900000 57.3231125
0.7910000 51.2782593
0.7920000 15.7140551
0.7930000 -14.7065649
0.7940000 6.9256763
0.7950000 -1.4624108
0.7960000 -42.9542351
0.7970000 -26.4226933
0.7980000 40.1346626
0.7990000 19.0653954
0.8000000 59.1831284
0.8010000 -26.1204433
0.8020000 -2.2970741
0.8030000 -3.6243587
0.8040000 -41.4260559
0.8050000 6.9190469
0.8060000 13.2935534
0.8070000 -0.9381396
0.8080000 11.6861544
0.8090000 -29.3906631
0.8100000 75.9984741
0.8110000 -22.1089420
0.8120000 -23.2640095
0.8130000 39.7918358
0.8140000 -14.7989168
0.8150000 85.2092896
0.8160000 12.9783745
0.8170000 26.8543301
0.8180000 76.0906296
0.8190000 -30.9891033
0.8200000 34.5387878
0.8210000 -24.4059029
0.8220000 -14.8058262
0.8230000 -51.2935715
0.8240000 43.3006058
0.8250000 -13.9616165
0.8260000 57.9286652
0.8270000 -14.5296783
0.8280000 8.0750294
0.8290000 -32.5921135
0.8300000 -6.1997609
0.8310000 8.6916094
0.8320000 -17.4274769
0.8330000 -16.3384418
0.8340000 -6.4129338
0.8350000 4.3750257
0.8360000 -11.6916237
0.8370000 -36.0798874
0.8380000 -1.7412205
0.8390000 -35.2541008
0.8400000 29.8887100
0.8410000 -15.7779512
0.8420000 -9.3289232
0.8430000 22.6239243
0.8440000 34.1888695
0.8450000 -25.4689369
0.8460000 -98.5692215
0.8470000 -67.9699326
0.8480000 -75.1822433
0.8490000 13.8968382
0.8500000 32.5678520
0.8510000 -69.4321594
0.8520000 -8.7122412
0.8530000 -9.0091019
0.8540000 19.2790375
0.8550000 -28.9576435
0.8560000 -41.0538330
0.8570000 20.9931507
0.8580000 39.9986496
0.8590000 -19.0129318
0.8600000 -83.3650208
0.8610000 -39.2892456
0.8620000 28.1268864
0.8630000 -20.1004753
0.8640000 27.7027874
0.8650000 -4.0065985
0.8660000 11.1083612
0.8670000 -66.7141876
0.8680000 16.2046490
0.8690000 66.9617538
0.8700000 -15.5138426
0.8710000 -14.6069431
0.8720000 -6.6938410
0.8730000 -20.8100319
0.8740000 4.2520437
0.8750000 -36.8968315
0.8760000 -10.7090492
0.8770000 17.7022495
0.8780000 -52.6376686
0.8790000 45.0889816
0.8800000 4.9611912
0.8810000 44.0646133
0.8820000 33.0771942
0.8830000 5.6782436
0.8840000 20.2469082
0.8850000 58.2429276
0.8860000 14.9596033
0.8870000 23.6979179
0.8880000 13.8793535
0.8890000 -61.8426895
0.8900000 -59.6205292
0.8910000 -66.6053543
0.8920000 46.8682175
0.8930000 26.9304905
0.8940000 -2.3004749
0.8950000 65.2266083
0.8960000 -51.8835449
0.8970000 -46.9582405
0.8980000 -43.0722961
0.8990000 -17.1262283
0.9000000 53.2696228
0.9010000 -41.3456078
0.9020000 0.0772780
0.9030000 49.2829132
0.9040000 -41.2708702
0.9050000 47.6332741
0.9060000 45.8945427
0.9070000 29.8998394
0.9080000 -47.5987091
0.9090000 -19.8122215
0.9100000 29.3401241
0.9110000 14.2814465
0.9120000 39.8760376
0.9130000 65.3330536
0.9140000 57.4471321
0.9150000 101.6823502
0.9160000 41.2356148
0.9170000 69.5840759
0.9180000 -11.8906879
0.9190000 19.9940891
0.9200000 2.1857312
0.9210000 -56.7518005
0.9220000 -51.1114960
0.9230000 -1.1117209
0.9240000 -22.6816769
0.9250000 40.3213425
0.9260000 17.1529770
0.9270000 -44.6138535
0.9280000 20.8485107
0.9290000 -18.0445518
0.9300000 6.7097263
0.9310000 5.6604142
0.9320000 -38.8433151
0.9330000 23.5691433
0.9340000 -56.9146156
0.9350000 16.9513340
0.9360000 28.4001942
0.9370000 -22.6502323
0.9380000 -0.2835107
0.9390000 -29.9927120
0.9400000 4.9132333
0.9410000 2.3456762
0.9420000 -67.5865479
0.9430000 59.4615936
0.9440000 35.1879539
0.9450000 2.8586013
0.9460000 6.1199708
0.9470000 45.7657127
0.9480000 17.9316788
0.9490000 29.2176075
0.9500000 25.7601318
0.9510000 -9.4816895
0.9520000 58.8793259
0.9530000 32.6329575
0.9540000 -43.4698944
0.9550000 -70.0445786
0.9560000 26.6522827
0.9570000 35.6738777
0.9580000 -13.6756554
0.9590000 -54.5778160
0.9600000 -37.0600624
0.9610000 -21.3155670
0.9620000 15.9713755
0.9630000 -52.5727348
0.9640000 -12.6623716
0.9650000 72.5082550
0.9660000 -54.3612480
0.9670000 -21.3897438
0.9680000 -29.1508408
0.9690000 29.6554451
0.9700000 -16.6857777
0.9710000 7.0519800
0.9720000 35.6992378
0.9730000 -22.6829681
0.9740000 34.5818367
0.9750000 -17.6400642
0.9760000 2.2553778
0.9770000 48.2284317
0.9780000 -20.4431458
0.9790000 25.8970051
0.9800000 3.7707279
0.9810000 -38.0051384
0.9820000 -9.5267401
0.9830000 -31.2101631
0.9840000 -9.0632277
0.9850000 -24.2260838
0.9860000 0.0724722
0.9870000 -22.0644569
0.9880000 -2.8061659
0.9890000 -2.8330209
0.9900000 -44.2131920
0.9910000 67.3775330
0.9920000 -24.6325455
0.9930000 -7.0048370
0.9940000 41.8106270
0.9950000 -9.8404064
0.9960000 2.0322468
0.9970000 -64.5121765
0.9980000 -15.6790771
0.9990000 -11.0329037
