0.0000000 -17.6943493
0.0010000 -6.3126874
0.0020000 8.4939623
0.0030000 11.6858921
0.0040000 -26.6970196
0.0050000 23.6959457
0.0060000 -35.7063370
0.0070000 40.1802788
0.0080000 46.1375542
0.0090000 -2.6194484
0.0100000 3.0810835
0.0110000 -37.2409935
0.0120000 35.1240883
0.0130000 -14.4149570
0.0140000 85.5102539
0.0150000 20.4901314
0.0160000 15.8267632
0.0170000 -14.2127810
0.0180000 -12.2020779
0.0190000 -4.9114809
0.0200000 20.7570419
0.0210000 1.7581183
0.0220000 42.9809227
0.0230000 38.0423088
0.0240000 -21.2149143
0.0250000 40.4431801
0.0260000 -18.6121235
0.0270000 -29.9771862
0.0280000 30.4550800
0.0290000 -27.8080921
0.0300000 3.3940275
0.0310000 -55.7752342
0.0320000 18.2889442
0.0330000 17.3568134
0.0340000 -0.9669567
0.0350000 6.9050269
0.0360000 -51.6371384
0.0370000 33.5211754
0.0380000 46.6461525
0.0390000 -42.5326843
0.0400000 1.4286777
0.0410000 9.2640152
0.0420000 10.3563957
0.0430000 -3.4497023
0.0440000 -23.7968025
0.0450000 10.8935623
0.0460000 1.8682863
0.0470000 -64.3457489
0.0480000 6.7706666
0.0490000 -53.7435303
0.0500000 -14.6621523
0.0510000 -41.4344139
0.0520000 29.0699539
0.0530000 -55.7820511
0.0540000 -5.1866035
0.0550000 46.7129402
0.0560000 2.1045368
0.0570000 -14.8414860
0.0580000 -32.2658272
0.0590000 2.6099162
0.0600000 101.9358597
0.0610000 34.2981529
0.0620000 -18.9908905
0.0630000 -15.2617245
0.0640000 32.7419357
0.0650000 -59.4477425
0.0660000 -17.9939232
0.0670000 14.6713858
0.0680000 9.8513336
0.0690000 7.5580688
0.0700000 35.7950172
0.0710000 64.9235458
0.0720000 -24.0169926
0.0730000 -1.9792717
0.0740000 -25.8331375
0.0750000 -71.7625809
0.0760000 -63.2350159
0.0770000 -6.5005240
0.0780000 12.0229034
0.0790000 -22.8139305
0.0800000 16.4096470
0.0810000 -19.8914394
0.0820000 22.9380608
0.0830000 -39.6934242
0.0840000 2.2055888
0.0850000 -23.4521255
0.0860000 1.1221131
0.0870000 22.9664803
0.0880000 32.1250763
0.0890000 40.1401939
0.0900000 77.0261993
0.0910000 14.9759598
0.0920000 -87.8258896
0.0930000 6.1429234
0.0940000 30.1875992
0.0950000 31.9378757
0.0960000 -36.0304031
0.0970000 12.5069609
0.0980000 -13.8348885
0.0990000 38.3948517
0.1000000 12.3479710
0.1010000 8.8628464
0.1020000 26.7112083
0.1030000 -22.3522949
0.1040000 -6.0767951
0.1050000 27.8667755
0.1060000 3.0150068
0.1070000 -35.8146935
0.1080000 29.1733608
0.1090000 -28.1737690
0.1100000 34.0623055
0.1110000 2.8745594
0.1120000 -58.9093666
0.1130000 14.2485962
0.1140000 -6.7775216
0.1150000 38.6286659
0.1160000 15.1105919
0.1170000 40.0273132
0.1180000 14.7416239
0.1190000 -23.1590786
0.1200000 -71.7517090
0.1210000 -27.5875053
0.1220000 31.3541660
0.1230000 -1.5550356
0.1240000 -38.1508751
0.1250000 67.9580688
0.1260000 26.9390087
0.1270000 3.2076755
0.1280000 -3.9773021
0.1290000 -76.2609024
0.1300000 7.7005877
0.1310000 7.3469706
0.1320000 -49.4060173
0.1330000 -36.3125229
0.1340000 -9.6846638
0.1350000 -9.6527624
0.1360000 -62.1758728
0.1370000 9.2703648
0.1380000 -19.8919659
0.1390000 -61.4985008
0.1400000 14.4317093
0.1410000 -23.5090675
0.1420000 -24.1532364
0.1430000 -6.6643510
0.1440000 -3.2418268
0.1450000 23.5066872
0.1460000 -22.0217018
0.1470000 -24.8164558
0.1480000 -29.9222565
0.1490000 37.5753136
0.1500000 5.7501473
0.1510000 26.1929531
0.1520000 -7.0670338
0.1530000 6.7033806
0.1540000 -64.9483185
0.1550000 48.5563545
0.1560000 15.8015099
0.1570000 3.2630069
0.1580000 11.8521261
0.1590000 1.4565200
0.1600000 9.2876482
0.1610000 -54.1996422
0.1620000 36.7235909
0.1630000 -18.4849262
0.1640000 5.1400318
0.1650000 70.3658829
0.1660000 34.1617317
0.1670000 -44.3924713
0.1680000 12.9087515
0.1690000 23.5719891
0.1700000 58.4047928
0.1710000 -45.6330566
0.1720000 -10.8528633
0.1730000 55.8485680
0.1740000 46.7803726
0.1750000 38.2616997
0.1760000 33.1122475
0.1770000 -37.2292786
0.1780000 -44.5046158
0.1790000 34.6723137
0.1800000 -53.2081909
0.1810000 -0.7707527
0.1820000 44.9885330
0.1830000 52.6048126
0.1840000 69.2744827
0.1850000 -27.5868645
0.1860000 54.1608543
0.1870000 30.3428879
0.1880000 21.8727913
0.1890000 4.0940399
0.1900000 28.1162663
0.1910000 -68.1581192
0.1920000 0.0138332
0.1930000 -43.8386765
0.1940000 -21.0874977
0.1950000 8.2664461
0.1960000 -0.8399693
0.1970000 -8.2860661
0.1980000 -14.1171999
0.1990000 -14.2960367
0.2000000 40.0996246
0.2010000 0.1463923
0.2020000 44.9333916
0.2030000 28.7699127
0.2040000 -35.6475830
0.2050000 30.1797352
0.2060000 3.4294033
0.2070000 21.3004246
0.2080000 -15.4453135
0.2090000 -57.1854935
0.2100000 -37.3504105
0.2110000 26.1604862
0.2120000 -17.9009819
0.2130000 0.3515449
0.2140000 -52.6524773
0.2150000 29.1994991
0.2160000 -53.3281937
0.2170000 -32.4066925
0.2180000 11.8121538
0.2190000 -70.0305557
0.2200000 -19.7372074
0.2210000 7.1735234
0.2220000 35.2202034
0.2230000 32.8634415
0.2240000 -31.1320801
0.2250000 -15.1057100
0.2260000 2.6013892
0.2270000 1.5167904
0.2280000 24.6149883
0.2290000 -38.2013817
0.2300000 -58.0259514
0.2310000 28.4004555
0.2320000 23.5637856
0.2330000 -17.9573612
0.2340000 12.0258036
0.2350000 -16.0817928
0.2360000 63.5280380
0.2370000 -57.8450890
0.2380000 60.6874352
0.2390000 14.0274973
0.2400000 49.0154037
0.2410000 -18.3394356
0.2420000 -9.9036293
0.2430000 20.6950569
0.2440000 -20.6798592
0.2450000 19.2393990
0.2460000 -23.5023479
0.2470000 -45.2036057
0.2480000 -3.9477093
0.2490000 -6.4643922
0.2500000 -20.6592941
0.2510000 -47.0494270
0.2520000 37.7745895
0.2530000 57.5955696
0.2540000 -2.7141824
0.2550000 41.0504265
0.2560000 -43.3468018
0.2570000 -53.1578445
0.2580000 -2.1483369
0.2590000 10.1548986
0.2600000 13.2587738
0.2610000 8.0323172
0.2620000 -10.3207045
0.2630000 5.8415604
0.2640000 29.0291576
0.2650000 12.0911694
0.2660000 -6.9623008
0.2670000 -51.7166328
0.2680000 -39.3686295
0.2690000 25.4941750
0.2700000 14.9402590
0.2710000 45.5481606
0.2720000 16.2951946
0.2730000 -45.6411476
0.2740000 -28.8801727
0.2750000 6.5574298
0.2760000 -35.6188202
0.2770000 -29.1523800
0.2780000 -16.6366863
0.2790000 22.8916035
0.2800000 -14.2121181
0.2810000 -37.3334808
0.2820000 -24.0683098
0.2830000 0.2096580
0.2840000 4.6564183
0.2850000 41.5027695
0.2860000 -19.0079231
0.2870000 30.1102638
0.2880000 -50.9137115
0.2890000 7.0703635
0.2900000 38.9696999
0.2910000 15.9917812
0.2920000 43.4706497
0.2930000 -6.0406995
0.2940000 -13.3564157
0.2950000 -0.1093489
0.2960000 -56.8748589
0.2970000 24.7350082
0.2980000 -51.5815201
0.2990000 20.7583160
0.3000000 16.0283794
0.3010000 -0.7984737
0.3020000 31.5611019
0.3030000 48.5701141
0.3040000 16.9084854
0.3050000 -38.3086395
0.3060000 3.9305120
0.3070000 11.9330769
0.3080000 4.2478051
0.3090000 23.1304836
0.3100000 70.0513153
0.3110000 -15.7829390
0.3120000 25.0992508
0.3130000 -12.3647318
0.3140000 -57.2946892
0.3150000 27.1828842
0.3160000 17.5890045
0.3170000 73.5245514
0.3180000 15.8925724
0.3190000 3.2673182
0.3200000 -29.6795177
0.3210000 -3.9884734
0.3220000 -13.9373665
0.3230000 -39.7536507
0.3240000 15.0628223
0.3250000 1.5428866
0.3260000 14.3718710
0.3270000 -9.3749647
0.3280000 76.5227051
0.3290000 18.8472252
0.3300000 -1.0896413
0.3310000 -49.5908432
0.3320000 46.0351486
0.3330000 -34.1394539
0.3340000 -33.6804657
0.3350000 -33.3028603
0.3360000 10.0331411
0.3370000 -22.9185982
0.3380000 26.7651501
0.3390000 46.0420380
0.3400000 -3.3700349
0.3410000 68.0172119
0.3420000 18.6264648
0.3430000 -2.3934598
0.3440000 74.8194427
0.3450000 26.8749676
0.3460000 80.0988464
0.3470000 -20.2191906
0.3480000 97.4750137
0.3490000 31.1737652
0.3500000 50.8372421
0.3510000 19.0918922
0.3520000 -22.0708809
0.3530000 -36.3172989
0.3540000 -17.6411247
0.3550000 29.3087101
0.3560000 -31.6458454
0.3570000 -44.0063477
0.3580000 -32.4705620
0.3590000 6.0602937
0.3600000 41.0921211
0.3610000 6.4244475
0.3620000 -19.6610165
0.3630000 -9.2337570
0.3640000 17.3032913
0.3650000 13.1026134
0.3660000 67.6928406
0.3670000 10.2936077
0.3680000 -44.2922821
0.3690000 7.7225647
0.3700000 5.6229377
0.3710000 3.7395625
0.3720000 -16.3447990
0.3730000 46.0012436
0.3740000 -14.4369087
0.3750000 9.7240000
0.3760000 71.7320938
0.3770000 8.0623245
0.3780000 10.8990860
0.3790000 -29.5234356
0.3800000 25.7242107
0.3810000 -23.8694668
0.3820000 50.7526855
0.3830000 19.9678783
0.3840000 -35.2008858
0.3850000 -11.5465288
0.3860000 38.6677704
0.3870000 -46.0242043
0.3880000 -59.5977592
0.3890000 -8.6038580
0.3900000 -49.9421806
0.3910000 8.7821560
0.3920000 -72.8588867
0.3930000 -40.8672485
0.3940000 -10.9095154
0.3950000 -22.9529438
0.3960000 -40.1630096
0.3970000 -15.7347221
0.3980000 14.4480190
0.3990000 -69.5646591
0.4000000 30.7316113
0.4010000 -34.5155220
0.4020000 -37.2770844
0.4030000 29.9788017
0.4040000 -21.5670853
0.4050000 67.5501251
0.4060000 24.0525608
0.4070000 17.2858753
0.4080000 24.1180077
0.4090000 44.4841156
0.4100000 10.6297750
0.4110000 89.9348450
0.4120000 -22.0939484
0.4130000 -1.4685957
0.4140000 -79.7387390
0.4150000 -7.2534542
0.4160000 -11.6592398
0.4170000 -56.3042946
0.4180000 -46.9226303
0.4190000 -50.6185799
0.4200000 -36.5460701
0.4210000 15.4787703
0.4220000 -10.7988920
0.4230000 11.8624859
0.4240000 15.1760311
0.4250000 69.0721741
0.4260000 -16.1924591
0.4270000 56.0292511
0.4280000 -13.5069485
0.4290000 -36.9663086
0.4300000 -13.5627375
0.4310000 -4.9212289
0.4320000 29.9937687
0.4330000 35.5503845
0.4340000 5.6773057
0.4350000 -12.6181526
0.4360000 -3.8289521
0.4370000 -55.0869179
0.4380000 12.2862759
0.4390000 56.6207886
0.4400000 100.2994537
0.4410000 42.1065826
0.4420000 40.4908066
0.4430000 -63.8692513
0.4440000 -35.0599174
0.4450000 19.1390362
0.4460000 -7.6931777
0.4470000 65.6342926
0.4480000 18.6476154
0.4490000 41.9202919
0.4500000 -9.9949017
0.4510000 -14.8606710
0.4520000 -14.0276136
0.4530000 -28.2794056
0.4540000 -18.8498306
0.4550000 29.2983971
0.4560000 -18.3227940
0.4570000 -40.4249496
0.4580000 23.5097332
0.4590000 35.6389160
0.4600000 -44.7281189
0.4610000 3.1355782
0.4620000 -65.3297958
0.4630000 -4.7798619
0.4640000 43.9623642
0.4650000 -13.1756353
0.4660000 -0.0459234
0.4670000 38.1075554
0.4680000 12.1531610
0.4690000 0.0439936
0.4700000 23.5487804
0.4710000 -55.0513039
0.4720000 2.7057753
0.4730000 -54.1358528
0.4740000 -95.5227814
0.4750000 -19.3692455
0.4760000 -7.0024562
0.4770000 -2.6587105
0.4780000 16.5004044
0.4790000 -7.7740645
0.4800000 -3.8192356
0.4810000 -4.2186804
0.4820000 26.0453701
0.4830000 -66.0205765
0.4840000 -47.8505058
0.4850000 -24.7395954
0.4860000 34.1723747
0.4870000 48.9094353
0.4880000 -25.8239670
0.4890000 -51.2872238
0.4900000 -24.5114918
0.4910000 2.5109653
0.4920000 -60.7262764
0.4930000 -13.2702475
0.4940000 6.1647396
0.4950000 -7.1121535
0.4960000 -2.1462564
0.4970000 -4.0419407
0.4980000 6.7446685
0.4990000 -15.1222391
0.5000000 -4.8893561
0.5010000 16.6106815
0.5020000 13.4163523
0.5030000 -2.8601487
0.5040000 34.2161179
0.5050000 -18.4307823
0.5060000 88.1764679
0.5070000 25.4796696
0.5080000 -53.1569138
0.5090000 -0.9592110
0.5100000 -68.9654922
0.5110000 -10.5529165
0.5120000 -37.0292664
0.5130000 -16.3122044
0.5140000 -26.5068245
0.5150000 45.7677002
0.5160000 -13.8923512
0.5170000 0.0998732
0.5180000 -65.8440170
0.5190000 -31.8764153
0.5200000 -12.5755234
0.5210000 -28.2059517
0.5220000 38.0597916
0.5230000 -55.3916359
0.5240000 -62.5782738
0.5250000 0.5687673
0.5260000 -28.7096252
0.5270000 -42.9214249
0.5280000 -53.4568901
0.5290000 -81.7250824
0.5300000 31.1667118
0.5310000 39.2855568
0.5320000 18.5841331
0.5330000 -9.1648235
0.5340000 28.3681717
0.5350000 -27.9227695
0.5360000 -50.9522476
0.5370000 -24.0856781
0.5380000 5.1217613
0.5390000 -54.1237221
0.5400000 -3.0991642
0.5410000 55.6242371
0.5420000 -14.3512154
0.5430000 77.0267181
0.5440000 -16.6498699
0.5450000 36.9588051
0.5460000 18.9759121
0.5470000 -42.4358330
0.5480000 38.8177719
0.5490000 50.8177567
0.5500000 -37.7705688
0.5510000 -14.2765465
0.5520000 14.7932587
0.5530000 36.5754166
0.5540000 9.8328838
0.5550000 -12.1179104
0.5560000 -14.4506636
0.5570000 -80.4070129
0.5580000 52.7355423
0.5590000 8.8774490
0.5600000 30.1432781
0.5610000 11.8423462
0.5620000 -9.8463659
0.5630000 41.0629158
0.5640000 18.5459766
0.5650000 6.5205078
0.5660000 -15.3816710
0.5670000 -2.2449365
0.5680000 -4.1064386
0.5690000 -9.9809914
0.5700000 -13.7479372
0.5710000 15.6021194
0.5720000 3.4505193
0.5730000 61.4334526
0.5740000 90.3562393
0.5750000 -36.7407265
0.5760000 -24.6953659
0.5770000 52.7482109
0.5780000 17.9126015
0.5790000 -1.3537129
0.5800000 46.4656830
0.5810000 13.6501875
0.5820000 18.7968216
0.5830000 -62.9959793
0.5840000 1.5146074
0.5850000 -37.2904282
0.5860000 35.0422516
0.5870000 -36.3488197
0.5880000 -71.9937744
0.5890000 -7.7234054
0.5900000 -9.7616930
0.5910000 9.1387749
0.5920000 -27.9568596
0.5930000 -39.1287079
0.5940000 1.8290243
0.5950000 9.8017445
0.5960000 -88.8805542
0.5970000 -41.5674324
0.5980000 -16.8433990
0.5990000 48.2606506
0.6000000 7.3884840
0.6010000 -1.1986521
0.6020000 -57.2313728
0.6030000 -7.3690124
0.6040000 -66.9062729
0.6050000 -29.9108353
0.6060000 4.7172346
0.6070000 -36.6996880
0.6080000 -7.7262387
0.6090000 -13.2296734
0.6100000 -1.1773884
0.6110000 17.6719933
0.6120000 8.6848412
0.6130000 3.3338645
0.6140000 -12.6417217
0.6150000 19.0928288
0.6160000 -59.0562477
0.6170000 -30.0921173
0.6180000 25.1931515
0.6190000 -76.2115936
0.6200000 -23.9138756
0.6210000 4.7127347
0.6220000 -34.3765259
0.6230000 22.4896069
0.6240000 23.3340321
0.6250000 47.9528580
0.6260000 57.4675980
0.6270000 -29.4813042
0.6280000 9.1112356
0.6290000 -3.9540758
0.6300000 -26.2720013
0.6310000 5.3216553
0.6320000 -57.5369415
0.6330000 -3.5217705
0.6340000 -90.6174774
0.6350000 26.1546059
0.6360000 32.0235901
0.6370000 -25.7762527
0.6380000 -87.7124863
0.6390000 -0.4894746
0.6400000 -59.1529427
0.6410000 -58.2946472
0.6420000 63.0405884
0.6430000 22.0474243
0.6440000 -33.1525421
0.6450000 -22.8049374
0.6460000 -9.9655933
0.6470000 39.4238129
0.6480000 49.4582825
0.6490000 35.7588806
0.6500000 0.6380299
0.6510000 46.1240196
0.6520000 -9.3197355
0.6530000 -36.5289307
0.6540000 15.8561659
0.6550000 -25.2961273
0.6560000 -3.2890067
0.6570000 3.5348723
0.6580000 11.0228395
0.6590000 24.5393734
0.6600000 3.8356607
0.6610000 -21.6929684
0.6620000 -61.3055000
0.6630000 -29.4920330
0.6640000 30.4316635
0.6650000 27.3613586
0.6660000 8.9439030
0.6670000 -57.6620674
0.6680000 12.6751919
0.6690000 30.7087345
0.6700000 -90.1318588
0.6710000 -58.5202103
0.6720000 33.9071732
0.6730000 -19.9932709
0.6740000 17.8897572
0.6750000 13.9044991
0.6760000 28.9704323
0.6770000 43.3006554
0.6780000 -58.0866318
0.6790000 23.9725456
0.6800000 -24.8154736
0.6810000 -4.7134008
0.6820000 -34.1361847
0.6830000 -48.7873535
0.6840000 8.0262737
0.6850000 -25.8974819
0.6860000 20.3812294
0.6870000 -11.4293318
0.6880000 -19.2914677
0.6890000 -9.1526403
0.6900000 31.7402554
0.6910000 48.3055878
0.6920000 -78.5276489
0.6930000 -50.4967766
0.6940000 -69.9120560
0.6950000 -53.2251282
0.6960000 -2.1816082
0.6970000 -41.7446060
0.6980000 -25.1830692
0.6990000 -21.2776337
0.7000000 40.9573364
0.7010000 -3.2894995
0.7020000 13.4015303
0.7030000 -38.7037239
0.7040000 -41.5891724
0.7050000 23.8951511
0.7060000 -36.3388596
0.7070000 30.6227093
0.7080000 70.1893311
0.7090000 4.0492082
0.7100000 -10.6899595
0.7110000 19.6560040
0.7120000 -12.4540339
0.7130000 -6.1027346
0.7140000 15.3330069
0.7150000 47.9049950
0.7160000 -35.5658417
0.7170000 -3.7892911
0.7180000 54.2890320
0.7190000 -28.9714432
0.7200000 12.8219137
0.7210000 -27.2708588
0.7220000 11.2902470
0.7230000 -42.2662010
0.7240000 42.4620819
0.7250000 -2.0256031
0.7260000 -91.4977417
0.7270000 -94.1222610
0.7280000 -16.2490692
0.7290000 -10.0290060
0.7300000 39.5438080
0.7310000 -21.2506084
0.7320000 -60.5761948
0.7330000 -25.2945805
0.7340000 20.6917591
0.7350000 13.6855993
0.7360000 -84.9146729
0.7370000 -1.0462315
0.7380000 26.9009991
0.7390000 -40.5123024
0.7400000 58.0820427
0.7410000 -20.3058701
0.7420000 -37.8104286
0.7430000 -32.3979607
0.7440000 -8.0373335
0.7450000 -44.8085480
0.7460000 9.4247065
0.7470000 -41.9171867
0.7480000 -35.5440636
0.7490000 22.5894661
0.7500000 -42.2059860
0.7510000 5.6586246
0.7520000 -25.1065941
0.7530000 24.1846237
0.7540000 -13.2632637
0.7550000 -8.3046818
0.7560000 17.0396595
0.7570000 -7.2479324
0.7580000 0.9301690
0.7590000 12.5674572
0.7600000 7.4189038
0.7610000 11.9916630
0.7620000 34.6713486
0.7630000 48.7890320
0.7640000 -17.7821121
0.7650000 34.6685562
0.7660000 12.4081964
0.7670000 -34.6720848
0.7680000 -24.2562866
0.7690000 33.0677109
0.7700000 -46.3590660
0.7710000 -9.8040466
0.7720000 -11.4974737
0.7730000 10.1945562
0.7740000 11.4751520
0.7750000 17.8367329
0.7760000 -16.3656349
0.7770000 25.3475399
0.7780000 -39.1112137
0.7790000 -45.4075127
0.7800000 -79.5457535
0.7810000 30.5267048
0.7820000 12.4989414
0.7830000 -12.7009354
0.7840000 6.8502884
0.7850000 29.9110565
0.7860000 19.6376324
0.7870000 17.6235218
0.7880000 -58.0765572
0.7890000 -6.6772485
0.7900000 -19.0925770
0.7910000 -43.9243927
0.7920000 64.8411942
0.7930000 -29.3922615
0.7940000 -53.7554741
0.7950000 45.5739021
0.7960000 -30.1064243
0.7970000 35.1367416
0.7980000 10.5730810
0.7990000 1.9102210
0.8000000 -4.2802114
0.8010000 71.3504791
0.8020000 5.4669213
0.8030000 -46.7701111
0.8040000 -20.6370468
0.8050000 -20.5507545
0.8060000 45.3959770
0.8070000 10.3838739
0.8080000 -63.3685684
0.8090000 -42.2082176
0.8100000 4.0880289
0.8110000 -10.6700211
0.8120000 16.9342346
0.8130000 -30.5188866
0.8140000 -9.8122711
0.8150000 9.6292181
0.8160000 -44.9354362
0.8170000 -9.0935316
0.8180000 19.9705296
0.8190000 -14.7921982
0.8200000 -21.9949436
0.8210000 56.9282494
0.8220000 11.7146711
0.8230000 -36.8489685
0.8240000 -23.8113861
0.8250000 29.1425705
0.8260000 24.2734547
0.8270000 -1.1165888
0.8280000 41.6794014
0.8290000 12.9400959
0.8300000 -13.0276966
0.8310000 37.4539070
0.8320000 -48.3602180
0.8330000 34.1741905
0.8340000 -15.8902016
0.8350000 39.5387154
0.8360000 -14.1545677
0.8370000 -48.2480545
0.8380000 14.0297527
0.8390000 44.5387917
0.8400000 -32.6052818
0.8410000 -2.5545242
0.8420000 -11.3737679
0.8430000 -3.2443643
0.8440000 50.6337585
0.8450000 49.6617928
0.8460000 7.9125881
0.8470000 -3.1666465
0.8480000 -27.3134232
0.8490000 50.5490952
0.8500000 16.3654594
0.8510000 1.4121971
0.8520000 -108.1496964
0.8530000 13.0864658
0.8540000 -32.2656441
0.8550000 -41.1283264
0.8560000 -9.7784500
0.8570000 -15.7777843
0.8580000 13.0776577
0.8590000 0.5912647
0.8600000 18.0578098
0.8610000 -33.3972549
0.8620000 9.6241341
0.8630000 9.2644806
0.8640000 -11.7340002
0.8650000 63.9173889
0.8660000 37.1399117
0.8670000 -15.2287092
0.8680000 -16.1438923
0.8690000 13.0269556
0.8700000 -22.2277279
0.8710000 4.7431231
0.8720000 44.8871078
0.8730000 -25.8254585
0.8740000 -9.7082348
0.8750000 24.8144283
0.8760000 -18.7520161
0.8770000 -49.3688278
0.8780000 11.5282192
0.8790000 26.1068459
0.8800000 28.6811447
0.8810000 25.4549561
0.8820000 23.2433414
0.8830000 -18.3565750
0.8840000 80.3194733
0.8850000 26.0007229
0.8860000 34.0824471
0.8870000 15.3914614
0.8880000 4.0000901
0.8890000 -6.0304589
0.8900000 16.4874268
0.8910000 -4.7607012
0.8920000 -41.7044983
0.8930000 -37.4779854
0.8940000 16.3453102
0.8950000 -35.0469131
0.8960000 -7.0825329
0.8970000 -0.1768749
0.8980000 10.0988674
0.8990000 9.9211178
0.9000000 7.0204277
0.9010000 28.2334099
0.9020000 7.1098175
0.9030000 30.4905739
0.9040000 43.3577957
0.9050000 -28.3761292
0.9060000 -34.5114403
0.9070000 9.5461531
0.9080000 43.7107315
0.9090000 -44.3460541
0.9100000 -27.3138485
0.9110000 27.7634678
0.9120000 -11.9411316
0.9130000 -12.6345129
0.9140000 0.6238939
0.9150000 -50.1586990
0.9160000 -29.8072243
0.9170000 11.8489895
0.9180000 38.2033386
0.9190000 20.4577770
0.9200000 4.6638050
0.9210000 31.9805489
0.9220000 -33.7056503
0.9230000 62.6151352
0.9240000 7.5406160
0.9250000 -9.9740734
0.9260000 57.6833038
0.9270000 0.2869028
0.9280000 -2.3965292
0.9290000 42.7955704
0.9300000 -30.1833210
0.9310000 71.2793198
0.9320000 -2.6889362
0.9330000 -18.1050301
0.9340000 -80.8247604
0.9350000 -14.3141956
0.9360000 3.0539136
0.9370000 -14.5888157
0.9380000 19.9282207
0.9390000 5.3621063
0.9400000 -48.7715492
0.9410000 33.9958076
0.9420000 5.4789915
0.9430000 7.5665078
0.9440000 -17.1749821
0.9450000 -16.0529137
0.9460000 -35.3694191
0.9470000 20.7761822
0.9480000 -12.4398451
0.9490000 16.2602882
0.9500000 29.9759254
0.9510000 33.2671356
0.9520000 -43.8241577
0.9530000 -16.6268368
0.9540000 -52.8597145
0.9550000 16.1209621
0.9560000 12.1526299
0.9570000 2.4958096
0.9580000 25.3937397
0.9590000 -51.2988319
0.9600000 13.6179867
0.9610000 -35.6346779
0.9620000 37.8885117
0.9630000 21.6843262
0.9640000 32.7402458
0.9650000 -10.5053720
0.9660000 -49.6751633
0.9670000 71.9398651
0.9680000 -82.8575974
0.9690000 37.1497078
0.9700000 13.9374371
0.9710000 63.3767242
0.9720000 43.2566490
0.9730000 -5.9886980
0.9740000 12.2912979
0.9750000 5.2245107
0.9760000 30.0102730
0.9770000 23.3045750
0.9780000 -8.6491346
0.9790000 -3.1333959
0.9800000 -35.6465759
0.9810000 -41.2656364
0.9820000 -10.8223610
0.9830000 -14.3282413
0.9840000 -19.3041592
0.9850000 66.7526016
0.9860000 -0.9796837
0.9870000 -3.2308195
0.9880000 -33.9277420
0.9890000 -13.2477007
0.9900000 -24.9323254
0.9910000 -28.5992928
0.9920000 13.3100376
0.9930000 -10.4844894
0.9940000 24.2823277
0.9950000 -19.1951771
0.9960000 -36.4957924
0.9970000 14.5459995
0.9980000 -22.6300468
0.9990000 -25.0781441
