0.0000000 -4.8672919
0.0010000 -18.9188309
0.0020000 -12.2207499
0.0030000 58.9099617
0.0040000 -49.4830360
0.0050000 8.0699253
0.0060000 35.8711205
0.0070000 -13.1683922
0.0080000 54.1316490
0.0090000 35.3436699
0.0100000 -11.0275440
0.0110000 -3.4700613
0.0120000 47.0946236
0.0130000 -72.6191940
0.0140000 6.6336951
0.0150000 -4.6317663
0.0160000 -11.6224909
0.0170000 20.7422581
0.0180000 46.0736656
0.0190000 56.0668335
0.0200000 -0.4600955
0.0210000 27.9493637
0.0220000 -15.5279074
0.0230000 -11.2070446
0.0240000 -5.7620158
0.0250000 15.1877260
0.0260000 51.6967545
0.0270000 -3.5597978
0.0280000 -19.5021000
0.0290000 29.3538990
0.0300000 -23.0689068
0.0310000 -11.7039585
0.0320000 29.5850754
0.0330000 -15.3006477
0.0340000 -9.1976786
0.0350000 -38.3256760
0.0360000 -0.6350179
0.0370000 4.4907012
0.0380000 -26.4132175
0.0390000 -48.1865540
0.0400000 20.4348640
0.0410000 37.1322365
0.0420000 -44.7345772
0.0430000 3.3397524
0.0440000 31.3666973
0.0450000 5.2338300
0.0460000 -62.6255112
0.0470000 -7.0150652
0.0480000 23.4237232
0.0490000 -25.0363178
0.0500000 62.6075211
0.0510000 -32.2288399
0.0520000 46.1104469
0.0530000 -28.8838406
0.0540000 11.0317707
0.0550000 -8.2545738
0.0560000 -17.2915688
0.0570000 135.6237183
0.0580000 44.6157188
0.0590000 34.0267448
0.0600000 22.6269875
0.0610000 22.6690121
0.0620000 1.9740139
0.0630000 40.6436615
0.0640000 6.5329256
0.0650000 13.2222652
0.0660000 15.5637169
0.0670000 59.4511909
0.0680000 2.2395065
0.0690000 27.0046978
0.0700000 -23.8886833
0.0710000 21.5927486
0.0720000 85.8301163
0.0730000 -19.6558437
0.0740000 5.5143089
0.0750000 12.8251038
0.0760000 -6.7296438
0.0770000 -9.7027254
0.0780000 -6.5733895
0.0790000 68.2823181
0.0800000 36.2175064
0.0810000 -32.1460152
0.0820000 33.6526031
0.0830000 -68.7897339
0.0840000 47.8920631
0.0850000 18.9687519
0.0860000 -70.3056564
0.0870000 11.1283293
0.0880000 -45.9759216
0.0890000 25.9774761
0.0900000 74.1607590
0.0910000 -41.4325943
0.0920000 38.5121498
0.0930000 55.0597267
0.0940000 -36.4062614
0.0950000 12.2949085
0.0960000 -0.3293451
0.0970000 67.2612228
0.0980000 2.8199849
0.0990000 90.1528702
0.1000000 89.6590271
0.1010000 -30.3745747
0.1020000 -20.1026554
0.1030000 -11.3043642
0.1040000 65.8319550
0.1050000 -35.3093681
0.1060000 -30.0735760
0.1070000 6.1570325
0.1080000 -32.4984703
0.1090000 -15.8511562
0.1100000 96.6485214
0.1110000 -13.1227827
0.1120000 -15.4011898
0.1130000 54.2186012
0.1140000 -28.1839333
0.1150000 26.9491444
0.1160000 19.0586433
0.1170000 -46.1540718
0.1180000 53.0565147
0.1190000 -90.0012131
0.1200000 -48.3746414
0.1210000 -30.9475555
0.1220000 -73.2559509
0.1230000 -48.0095901
0.1240000 43.2865334
0.1250000 22.7442436
0.1260000 -37.4646263
0.1270000 46.5370712
0.1280000 -15.9342098
0.1290000 -40.9682388
0.1300000 2.9478972
0.1310000 -30.4802628
0.1320000 -42.1025620
0.1330000 1.4266665
0.1340000 32.1921806
0.1350000 9.7484846
0.1360000 38.6779251
0.1370000 6.7126660
0.1380000 85.2935486
0.1390000 -39.7243271
0.1400000 -15.7503338
0.1410000 0.4140429
0.1420000 -5.1565056
0.1430000 -9.9408455
0.1440000 -26.1123543
0.1450000 -4.8785496
0.1460000 29.0380726
0.1470000 -39.7791977
0.1480000 -1.5201796
0.1490000 -15.0647869
0.1500000 31.1733208
0.1510000 -34.5270767
0.1520000 -4.6535897
0.1530000 -23.0895882
0.1540000 83.8199615
0.1550000 -66.3331757
0.1560000 -17.5558834
0.1570000 43.2077217
0.1580000 -38.3471069
0.1590000 -72.9661026
0.1600000 6.3394446
0.1610000 -49.7747307
0.1620000 -43.1606026
0.1630000 8.4353132
0.1640000 -44.3587799
0.1650000 -1.8734876
0.1660000 88.3621826
0.1670000 9.2097454
0.1680000 -5.9577284
0.1690000 -98.9783249
0.1700000 -29.9581699
0.1710000 2.3659053
0.1720000 16.6646824
0.1730000 36.5274429
0.1740000 -69.0113754
0.1750000 22.5569553
0.1760000 30.0112324
0.1770000 -1.8295735
0.1780000 -39.0447006
0.1790000 -42.1580620
0.1800000 5.2995844
0.1810000 -3.5138695
0.1820000 13.9378519
0.1830000 17.1863632
0.1840000 -77.2827301
0.1850000 -25.1356926
0.1860000 28.8103104
0.1870000 50.0110703
0.1880000 15.0105000
0.1890000 7.3805656
0.1900000 -19.9759636
0.1910000 10.9191599
0.1920000 19.1272755
0.1930000 23.3331509
0.1940000 -18.8856888
0.1950000 14.1364698
0.1960000 -10.2279797
0.1970000 -4.1646276
0.1980000 -26.5300865
0.1990000 -112.3162613
0.2000000 -66.4282913
0.2010000 -58.2248993
0.2020000 -4.5146251
0.2030000 24.9360428
0.2040000 30.1612644
0.2050000 -15.5970650
0.2060000 -35.5453987
0.2070000 24.6097240
0.2080000 32.8155975
0.2090000 51.9249420
0.2100000 -20.7698116
0.2110000 16.3570213
0.2120000 -20.6616478
0.2130000 96.4421997
0.2140000 18.5413418
0.2150000 -28.9265308
0.2160000 40.7853279
0.2170000 -47.7823067
0.2180000 8.8214035
0.2190000 -1.1836281
0.2200000 53.2588387
0.2210000 14.9881487
0.2220000 34.2948723
0.2230000 -17.9637337
0.2240000 2.1531134
0.2250000 -0.0167012
0.2260000 -44.4425240
0.2270000 -37.7750702
0.2280000 -10.9415789
0.2290000 29.4883213
0.2300000 8.6427584
0.2310000 3.7410028
0.2320000 3.6129718
0.2330000 52.1179810
0.2340000 6.5057936
0.2350000 -13.8379440
0.2360000 10.6849813
0.2370000 -52.6635857
0.2380000 1.5663162
0.2390000 68.5955505
0.2400000 -23.4302025
0.2410000 -21.9587975
0.2420000 -2.3320990
0.2430000 -39.6026840
0.2440000 9.3583393
0.2450000 15.2292242
0.2460000 -29.4862404
0.2470000 29.1001797
0.2480000 -27.5218639
0.2490000 8.3301468
0.2500000 -19.5826607
0.2510000 50.6303940
0.2520000 -9.5137825
0.2530000 -34.3648262
0.2540000 -18.5884495
0.2550000 -35.1494637
0.2560000 2.5636253
0.2570000 -5.5509720
0.2580000 3.8928089
0.2590000 -19.4870319
0.2600000 -13.4908371
0.2610000 -6.7122607
0.2620000 -4.7488871
0.2630000 1.5403874
0.2640000 -66.2441101
0.2650000 -12.4435530
0.2660000 -36.9045219
0.2670000 3.4030983
0.2680000 -27.2022152
0.2690000 -56.5938683
0.2700000 -10.2900639
0.2710000 -28.8656845
0.2720000 -22.4764786
0.2730000 -19.0751934
0.2740000 -12.7012281
0.2750000 37.0479317
0.2760000 44.1090508
0.2770000 -7.6889653
0.2780000 -37.7148666
0.2790000 8.0059834
0.2800000 7.3159051
0.2810000 24.6949024
0.2820000 -35.6801109
0.2830000 -55.0724716
0.2840000 -49.4526787
0.2850000 23.6199970
0.2860000 -54.6431580
0.2870000 84.2357178
0.2880000 69.3807220
0.2890000 88.5108643
0.2900000 42.0665817
0.2910000 -40.1238670
0.2920000 -37.6480255
0.2930000 19.9512482
0.2940000 71.2827606
0.2950000 56.6018906
0.2960000 31.5817204
0.2970000 2.5738087
0.2980000 -4.9967856
0.2990000 13.6728163
0.3000000 -56.9504929
0.3010000 36.6187172
0.3020000 -21.0476990
0.3030000 5.2382736
0.3040000 49.4348106
0.3050000 53.3678513
0.3060000 43.3910866
0.3070000 8.5454702
0.3080000 -38.5284882
0.3090000 -12.9381828
0.3100000 -0.3680317
0.3110000 6.8783145
0.3120000 52.9400673
0.3130000 -42.7031288
0.3140000 -55.1672058
0.3150000 26.9461975
0.3160000 15.1689129
0.3170000 -49.8864822
0.3180000 -19.3593197
0.3190000 -39.2880669
0.3200000 0.1532789
0.3210000 -7.5920491
0.3220000 -34.3966713
0.3230000 -14.0167618
0.3240000 2.1270337
0.3250000 18.1490936
0.3260000 -15.7999449
0.3270000 52.8044815
0.3280000 -6.9721951
0.3290000 -37.9347382
0.3300000 6.1298976
0.3310000 5.6703291
0.3320000 77.8881760
0.3330000 5.1377006
0.3340000 18.0503502
0.3350000 8.7397223
0.3360000 3.1862974
0.3370000 -10.2250509
0.3380000 -45.8725700
0.3390000 41.6363716
0.3400000 2.9943366
0.3410000 -18.5654964
0.3420000 -0.6879398
0.3430000 28.4743481
0.3440000 -17.5205956
0.3450000 -3.0209801
0.3460000 -0.4608075
0.3470000 -32.6198196
0.3480000 47.6088943
0.3490000 -16.3403740
0.3500000 -29.8676128
0.3510000 -59.1687889
0.3520000 -4.7775402
0.3530000 18.0387173
0.3540000 -11.8358450
0.3550000 -8.7551594
0.3560000 2.0834625
0.3570000 32.8938751
0.3580000 -12.1803026
0.3590000 -23.3246078
0.3600000 2.5767422
0.3610000 -30.8211117
0.3620000 -52.1991501
0.3630000 33.2560692
0.3640000 -6.7358503
0.3650000 -43.2415810
0.3660000 31.3537254
0.3670000 -42.7544289
0.3680000 24.4657230
0.3690000 68.9990997
0.3700000 -34.6068420
0.3710000 39.4406586
0.3720000 35.7502670
0.3730000 15.6953316
0.3740000 -15.5924635
0.3750000 -23.8501205
0.3760000 -65.4684601
0.3770000 -20.4670658
0.3780000 -19.0595169
0.3790000 19.4624424
0.3800000 -54.4444885
0.3810000 -15.9067116
0.3820000 18.2039394
0.3830000 -31.0525227
0.3840000 45.8474770
0.3850000 29.2685261
0.3860000 38.1125069
0.3870000 -21.3554745
0.3880000 -8.1079235
0.3890000 -40.7008858
0.3900000 -39.4510040
0.3910000 24.3488808
0.3920000 -12.7100077
0.3930000 -12.2649574
0.3940000 -69.3482895
0.3950000 8.6778870
0.3960000 -3.4051356
0.3970000 18.6395073
0.3980000 -21.4323997
0.3990000 55.2777519
0.4000000 -50.8334198
0.4010000 48.1533966
0.4020000 11.4641113
0.4030000 1.7393502
0.4040000 -16.7633476
0.4050000 -40.3178558
0.4060000 25.2227211
0.4070000 -48.7479019
0.4080000 34.4799004
0.4090000 71.2030106
0.4100000 -34.8018761
0.4110000 -19.0260048
0.4120000 10.5918760
0.4130000 44.2518997
0.4140000 -100.4124222
0.4150000 -7.5343533
0.4160000 -39.0575333
0.4170000 27.8838978
0.4180000 -24.9927940
0.4190000 -7.1933317
0.4200000 26.3589993
0.4210000 57.7658501
0.4220000 7.8207078
0.4230000 -11.7657242
0.4240000 -42.0999794
0.4250000 19.9789753
0.4260000 -11.8451061
0.4270000 -25.5877705
0.4280000 0.9708120
0.4290000 24.2121696
0.4300000 12.8334770
0.4310000 45.6166115
0.4320000 11.0394001
0.4330000 36.6737595
0.4340000 -30.1525917
0.4350000 45.9217300
0.4360000 -25.5453815
0.4370000 11.3864088
0.4380000 38.6501999
0.4390000 38.8952370
0.4400000 5.0745273
0.4410000 9.2898722
0.4420000 28.0742245
0.4430000 -9.8404932
0.4440000 33.3958664
0.4450000 38.9369507
0.4460000 -30.8575459
0.4470000 -20.6443138
0.4480000 9.0986319
0.4490000 -48.5564728
0.4500000 -7.5389986
0.4510000 -57.4816132
0.4520000 19.9356804
0.4530000 2.9747040
0.4540000 76.8655853
0.4550000 71.3316956
0.4560000 24.3429565
0.4570000 59.0961113
0.4580000 -2.6831861
0.4590000 -11.6006422
0.4600000 0.8770074
0.4610000 18.6067829
0.4620000 -20.3732166
0.4630000 12.6953869
0.4640000 -43.6969643
0.4650000 -25.1056042
0.4660000 52.1915016
0.4670000 -18.1667976
0.4680000 19.1455173
0.4690000 100.2968063
0.4700000 24.4449482
0.4710000 -35.0886993
0.4720000 -2.2986503
0.4730000 -23.2276211
0.4740000 -9.1875963
0.4750000 18.1404877
0.4760000 34.4235344
0.4770000 -17.8061066
0.4780000 -3.5584943
0.4790000 21.6019878
0.4800000 52.2299576
0.4810000 -11.4988832
0.4820000 -9.6678391
0.4830000 53.2717285
0.4840000 4.3901238
0.4850000 57.6947632
0.4860000 -11.0788298
0.4870000 35.2564774
0.4880000 -44.2101135
0.4890000 22.9916210
0.4900000 -18.1866035
0.4910000 10.0811291
0.4920000 -7.1281056
0.4930000 72.2867355
0.4940000 43.6115036
0.4950000 57.7668991
0.4960000 40.0301933
0.4970000 -5.9776831
0.4980000 23.8429871
0.4990000 -26.1838932
0.5000000 64.9168167
0.5010000 48.2929916
0.5020000 -3.1292145
0.5030000 69.3947067
0.5040000 -23.7741146
0.5050000 -29.9203281
0.5060000 -1.3791924
0.5070000 -13.0469046
0.5080000 47.4703064
0.5090000 -18.3452473
0.5100000 20.9262962
0.5110000 23.7515659
0.5120000 42.3373413
0.5130000 74.1434555
0.5140000 -37.6250114
0.5150000 14.7121162
0.5160000 -64.4760971
0.5170000 -18.5352764
0.5180000 55.5020409
0.5190000 26.3975391
0.5200000 19.6018639
0.5210000 1.2588768
0.5220000 38.9905586
0.5230000 6.8970408
0.5240000 6.5290847
0.5250000 -57.4075813
0.5260000 16.1260452
0.5270000 -19.9621181
0.5280000 65.4704895
0.5290000 -3.3838332
0.5300000 19.7001629
0.5310000 15.6004715
0.5320000 24.3238449
0.5330000 51.8978462
0.5340000 -30.1320343
0.5350000 31.0619068
0.5360000 68.1009445
0.5370000 29.4947109
0.5380000 49.7206917
0.5390000 26.4848652
0.5400000 27.6447372
0.5410000 -6.7328401
0.5420000 43.2575836
0.5430000 -13.6160374
0.5440000 1.8401631
0.5450000 -3.8902335
0.5460000 22.3366070
0.5470000 -40.1329155
0.5480000 10.4652996
0.5490000 50.7006912
0.5500000 -19.7862873
0.5510000 -14.8814869
0.5520000 49.9881325
0.5530000 -20.8738289
0.5540000 33.5756989
0.5550000 1.9066535
0.5560000 -76.3152847
0.5570000 -19.1308670
0.5580000 22.8935280
0.5590000 49.7685089
0.5600000 15.0087309
0.5610000 -14.4835625
0.5620000 -68.3263702
0.5630000 -42.5381470
0.5640000 -47.2039909
0.5650000 -7.2520661
0.5660000 -25.1882629
0.5670000 -17.0303574
0.5680000 -28.7832623
0.5690000 -18.8416710
0.5700000 -36.2337532
0.5710000 3.9046199
0.5720000 21.3714008
0.5730000 23.3779411
0.5740000 19.4810829
0.5750000 -42.8974380
0.5760000 -39.0186577
0.5770000 -6.4100647
0.5780000 -39.7426834
0.5790000 -20.7504292
0.5800000 5.7286749
0.5810000 28.6494350
0.5820000 -30.2516918
0.5830000 -42.0875359
0.5840000 -22.0622349
0.5850000 12.3959188
0.5860000 26.2835426
0.5870000 -1.0161217
0.5880000 23.1486835
0.5890000 -67.0059738
0.5900000 24.8205204
0.5910000 24.4172974
0.5920000 5.9389982
0.5930000 3.9768035
0.5940000 -13.0696487
0.5950000 51.8302040
0.5960000 39.1334190
0.5970000 -36.6170464
0.5980000 11.1516199
0.5990000 3.8460186
0.6000000 -17.9931545
0.6010000 30.2699966
0.6020000 15.4638033
0.6030000 15.8922997
0.6040000 -13.9157238
0.6050000 -24.9625320
0.6060000 -7.5997367
0.6070000 18.9384842
0.6080000 -77.4696198
0.6090000 53.1530609
0.6100000 -12.6973009
0.6110000 22.1990051
0.6120000 8.4074574
0.6130000 12.4667683
0.6140000 -19.3578339
0.6150000 -22.2203884
0.6160000 13.7923660
0.6170000 5.5928640
0.6180000 25.2367878
0.6190000 9.6726484
0.6200000 -33.0029068
0.6210000 -7.8909345
0.6220000 72.6312485
0.6230000 4.5945215
0.6240000 -42.1759453
0.6250000 8.9714603
0.6260000 -54.0747490
0.6270000 -96.9303818
0.6280000 -10.3180923
0.6290000 45.7728729
0.6300000 5.5643501
0.6310000 28.6898041
0.6320000 7.2999210
0.6330000 40.6345825
0.6340000 11.8503075
0.6350000 -15.6596746
0.6360000 21.6551285
0.6370000 -24.6922474
0.6380000 64.3107910
0.6390000 -13.0778589
0.6400000 -22.6280518
0.6410000 -24.7750225
0.6420000 -67.7560959
0.6430000 16.8100281
0.6440000 -49.8853989
0.6450000 -12.3133545
0.6460000 -34.6169548
0.6470000 -36.6819649
0.6480000 -28.2708282
0.6490000 -17.0752621
0.6500000 7.7089872
0.6510000 -7.6696634
0.6520000 -15.3534203
0.6530000 12.8581457
0.6540000 40.5084114
0.6550000 -22.8351784
0.6560000 47.3077850
0.6570000 39.5939331
0.6580000 10.8668575
0.6590000 -0.2031384
0.6600000 24.7725468
0.6610000 1.1319920
0.6620000 41.8514328
0.6630000 1.7742993
0.6640000 -59.5712662
0.6650000 -41.5871696
0.6660000 3.0972958
0.6670000 19.1553154
0.6680000 11.4921417
0.6690000 10.0514917
0.6700000 -3.7814269
0.6710000 -18.2211037
0.6720000 -4.5854130
0.6730000 21.5929604
0.6740000 23.9053020
0.6750000 38.1580811
0.6760000 -75.5058670
0.6770000 84.9342728
0.6780000 45.2727051
0.6790000 -28.5068874
0.6800000 -51.2801628
0.6810000 -47.8387871
0.6820000 4.9046588
0.6830000 -52.9535828
0.6840000 -9.2379227
0.6850000 -22.6177692
0.6860000 27.1057568
0.6870000 13.9899921
0.6880000 3.2732294
0.6890000 -48.1642418
0.6900000 57.5293350
0.6910000 -19.0540714
0.6920000 -9.7345247
0.6930000 14.1364107
0.6940000 2.7951241
0.6950000 17.6913967
0.6960000 -55.1925087
0.6970000 -21.9187450
0.6980000 -30.6188450
0.6990000 56.4557915
0.7000000 19.7781658
0.7010000 25.1565533
0.7020000 40.9626160
0.7030000 66.1751022
0.7040000 15.9262896
0.7050000 -62.3553085
0.7060000 41.1887894
0.7070000 -19.9017754
0.7080000 -8.3975210
0.7090000 16.8538532
0.7100000 32.9333878
0.7110000 26.1621704
0.7120000 -17.6713181
0.7130000 -64.1223984
0.7140000 78.2031860
0.7150000 -43.0663147
0.7160000 49.1574516
0.7170000 -3.5294886
0.7180000 4.5250244
0.7190000 25.1473789
0.7200000 -54.7644615
0.7210000 75.8713913
0.7220000 17.1366577
0.7230000 38.8301086
0.7240000 -27.2625122
0.7250000 11.5794010
0.7260000 -26.1867275
0.7270000 -3.1089311
0.7280000 26.5035572
0.7290000 3.1312008
0.7300000 29.2564983
0.7310000 -82.4029312
0.7320000 9.0162859
0.7330000 31.1288471
0.7340000 -23.0294514
0.7350000 -3.4917533
0.7360000 -2.5599778
0.7370000 81.6151733
0.7380000 -66.7289429
0.7390000 17.1098537
0.7400000 -0.6111701
0.7410000 6.2535496
0.7420000 31.8567619
0.7430000 -51.3560944
0.7440000 22.0778255
0.7450000 25.0005226
0.7460000 -17.3799820
0.7470000 -14.7572098
0.7480000 4.5497379
0.7490000 14.1489115
0.7500000 69.5405502
0.7510000 16.8118649
0.7520000 -20.9947033
0.7530000 29.0487137
0.7540000 -0.9315566
0.7550000 3.7789898
0.7560000 -32.0997925
0.7570000 11.8450403
0.7580000 -41.0038414
0.7590000 -4.6367450
0.7600000 -59.5674133
0.7610000 -6.7203326
0.7620000 -45.3100014
0.7630000 -45.0118256
0.7640000 -42.2480469
0.7650000 13.4900370
0.7660000 -19.5707626
0.7670000 54.1239586
0.7680000 -3.6610632
0.7690000 9.6120939
0.7700000 -8.2968483
0.7710000 -54.3360023
0.7720000 -0.8887213
0.7730000 40.3378067
0.7740000 12.7680445
0.7750000 19.9545345
0.7760000 -38.4151497
0.7770000 20.9525108
0.7780000 4.7178655
0.7790000 31.0425663
0.7800000 21.2889366
0.7810000 0.5803587
0.7820000 8.2582283
0.7830000 -75.5081787
0.7840000 -21.4513416
0.7850000 37.5891533
0.7860000 8.5770426
0.7870000 0.2084476
0.7880000 -4.0031471
0.7890000 8.9753990
0.7900000 -20.3033752
0.7910000 -45.1329880
0.7920000 19.5838795
0.7930000 -15.2786102
0.7940000 43.7086029
0.7950000 24.1196327
0.7960000 15.0766525
0.7970000 -40.2064209
0.7980000 0.6811248
0.7990000 37.6636848
0.8000000 -7.0321908
0.8010000 -11.2375298
0.8020000 -23.7137833
0.8030000 -23.6629219
0.8040000 -1.7923328
0.8050000 -46.1214523
0.8060000 3.0930839
0.8070000 2.4335968
0.8080000 -46.6057663
0.8090000 -16.3273048
0.8100000 -31.1493187
0.8110000 -12.7305918
0.8120000 -26.8704414
0.8130000 2.9044936
0.8140000 40.6361732
0.8150000 29.4499950
0.8160000 69.9005203
0.8170000 7.8182592
0.8180000 -59.9562759
0.8190000 -2.3856950
0.8200000 30.3602085
0.8210000 -60.5911942
0.8220000 -20.0313396
0.8230000 -21.1480637
0.8240000 9.7988853
0.8250000 5.7868490
0.8260000 -39.9615784
0.8270000 -33.9223824
0.8280000 -14.9795876
0.8290000 52.9349251
0.8300000 17.6691628
0.8310000 -48.7391815
0.8320000 26.9518795
0.8330000 -35.6489220
0.8340000 -0.0547607
0.8350000 25.4473152
0.8360000 -10.1024485
0.8370000 -39.6783066
0.8380000 22.8007088
0.8390000 -76.5283661
0.8400000 -56.6408081
0.8410000 -20.7440834
0.8420000 36.2381973
0.8430000 33.3256416
0.8440000 -58.5420685
0.8450000 4.1687570
0.8460000 -17.8322544
0.8470000 0.2884499
0.8480000 -2.0631406
0.8490000 11.3634939
0.8500000 28.8508873
0.8510000 -27.5025406
0.8520000 30.9771519
0.8530000 50.1823845
0.8540000 25.3154526
0.8550000 99.5709991
0.8560000 1.3426971
0.8570000 41.4497032
0.8580000 -8.6453743
0.8590000 10.0416603
0.8600000 -26.1728020
0.8610000 36.7544975
0.8620000 -24.4558601
0.8630000 -28.4467297
0.8640000 66.9735870
0.8650000 -44.5738602
0.8660000 36.8895378
0.8670000 70.9816589
0.8680000 8.3259888
0.8690000 -16.7105999
0.8700000 9.7496080
0.8710000 29.6011429
0.8720000 -8.6592312
0.8730000 -78.6202545
0.8740000 -10.0615597
0.8750000 0.6310880
0.8760000 -13.6768789
0.8770000 -29.0182934
0.8780000 -40.1423874
0.8790000 -22.4484787
0.8800000 71.2830048
0.8810000 45.3246498
0.8820000 2.6567254
0.8830000 -55.2346458
0.8840000 -40.5778847
0.8850000 -40.8184128
0.8860000 -11.4984207
0.8870000 51.1505699
0.8880000 -22.0393543
0.8890000 -8.8714066
0.8900000 -31.6903248
0.8910000 93.3951645
0.8920000 -61.1674347
0.8930000 18.6811752
0.8940000 -16.5037231
0.8950000 27.7116604
0.8960000 12.9896984
0.8970000 -8.6420422
0.8980000 -12.8277168
0.8990000 -7.8548694
0.9000000 5.3271637
0.9010000 48.2199478
0.9020000 1.1131226
0.9030000 -9.1121531
0.9040000 17.6311550
0.9050000 14.0722189
0.9060000 22.7354279
0.9070000 59.9260483
0.9080000 31.1045418
0.9090000 -52.3850670
0.9100000 -38.6266327
0.9110000 14.9359922
0.9120000 35.4470139
0.9130000 -15.4950190
0.9140000 6.0907059
0.9150000 -6.7538676
0.9160000 10.1655359
0.9170000 8.1242752
0.9180000 -10.1274719
0.9190000 30.1235924
0.9200000 -17.6124039
0.9210000 3.1370466
0.9220000 -47.0474243
0.9230000 66.7590485
0.9240000 13.7804956
0.9250000 70.4055328
0.9260000 2.1500273
0.9270000 -13.0033417
0.9280000 -45.8285027
0.9290000 14.6101475
0.9300000 26.8022423
0.9310000 -62.1049461
0.9320000 24.4424973
0.9330000 2.8109646
0.9340000 9.5576658
0.9350000 -9.2365093
0.9360000 -9.5770969
0.9370000 -9.6520061
0.9380000 -18.8012791
0.9390000 -37.2803574
0.9400000 -1.7327275
0.9410000 -3.7057645
0.9420000 -48.7730103
0.9430000 -29.8814640
0.9440000 14.1504660
0.9450000 -31.1705418
0.9460000 -0.0113796
0.9470000 71.8582687
0.9480000 39.4128189
0.9490000 -32.3834877
0.9500000 39.3598824
0.9510000 -1.4454201
0.9520000 -46.5988770
0.9530000 -24.5616455
0.9540000 38.5396843
0.9550000 44.1632919
0.9560000 53.1254463
0.9570000 -2.5491345
0.9580000 98.4847717
0.9590000 23.8501930
0.9600000 0.2661814
0.9610000 -22.1006851
0.9620000 49.9938812
0.9630000 -0.8624471
0.9640000 -46.9699898
0.9650000 3.0296073
0.9660000 -2.6991200
0.9670000 39.9755058
0.9680000 -42.8284187
0.9690000 -92.3824158
0.9700000 29.7241955
0.9710000 -40.7429848
0.9720000 -23.4194317
0.9730000 -6.2831268
0.9740000 -11.6232262
0.9750000 59.1456757
0.9760000 -19.9361877
0.9770000 29.7001419
0.9780000 11.0659456
0.9790000 21.2043571
0.9800000 33.1438637
0.9810000 -13.9527550
0.9820000 30.0507374
0.9830000 29.6222305
0.9840000 -24.1157360
0.9850000 21.2645054
0.9860000 -50.5169640
0.9870000 -1.4867144
0.9880000 -20.6618576
0.9890000 -55.5554352
0.9900000 -2.8135369
0.9910000 -3.8845682
0.9920000 78.1784897
0.9930000 -38.0074463
0.9940000 32.5870476
0.9950000 -0.7635654
0.9960000 48.4548912
0.9970000 92.2482224
0.9980000 27.0489101
0.9990000 -22.5581703
