0.0000000 46.9591942
0.0010000 -31.0239754
0.0020000 16.5228825
0.0030000 0.9365878
0.0040000 -47.3444862
0.0050000 48.9940758
0.0060000 -61.7713509
0.0070000 19.4321918
0.0080000 47.5396309
0.0090000 40.7841835
0.0100000 22.9070702
0.0110000 -44.0855179
0.0120000 56.0112000
0.0130000 52.0126152
0.0140000 -28.9533806
0.0150000 -0.4559485
0.0160000 9.4314699
0.0170000 -15.6498327
0.0180000 12.4574194
0.0190000 16.4994297
0.0200000 -3.2385566
0.0210000 -38.1191483
0.0220000 49.4892769
0.0230000 -28.7266979
0.0240000 57.8411102
0.0250000 -21.9147491
0.0260000 36.2947922
0.0270000 -18.8406334
0.0280000 27.8631039
0.0290000 -33.2584724
0.0300000 -0.7276278
0.0310000 -26.2121792
0.0320000 12.2429972
0.0330000 -44.0282478
0.0340000 -34.0905838
0.0350000 47.9350739
0.0360000 42.0073814
0.0370000 61.8151894
0.0380000 12.4181538
0.0390000 -38.7565651
0.0400000 -6.4252591
0.0410000 -28.7294292
0.0420000 -22.0535984
0.0430000 13.5847282
0.0440000 -53.4108734
0.0450000 15.6753931
0.0460000 -16.1850147
0.0470000 -52.0856018
0.0480000 -10.1794710
0.0490000 31.8822079
0.0500000 27.3863811
0.0510000 46.6358223
0.0520000 14.3713446
0.0530000 -12.7165031
0.0540000 -8.3498154
0.0550000 61.9148216
0.0560000 10.5225525
0.0570000 -47.8533745
0.0580000 7.7375021
0.0590000 43.0000572
0.0600000 -42.1036263
0.0610000 -31.7002182
0.0620000 53.0863800
0.0630000 16.7176094
0.0640000 -66.8237915
0.0650000 18.4116611
0.0660000 25.7791462
0.0670000 7.0264177
0.0680000 -21.0077629
0.0690000 -63.2148018
0.0700000 -27.5010052
0.0710000 -1.2596254
0.0720000 -0.4251592
0.0730000 20.7316647
0.0740000 -23.4143353
0.0750000 -58.6206703
0.0760000 13.2763052
0.0770000 1.8022978
0.0780000 -0.6806181
0.0790000 -28.3132706
0.0800000 56.8167763
0.0810000 -86.6201630
0.0820000 28.2567768
0.0830000 -27.9243355
0.0840000 31.2398796
0.0850000 -6.4612474
0.0860000 -11.4307175
0.0870000 -33.4621964
0.0880000 104.8054657
0.0890000 -6.1423068
0.0900000 7.7387791
0.0910000 26.5408974
0.0920000 9.4212933
0.0930000 53.6146545
0.0940000 -31.4457684
0.0950000 -21.4681740
0.0960000 74.3137283
0.0970000 -59.2594147
0.0980000 3.7531717
0.0990000 57.4676666
0.1000000 1.3477148
0.1010000 -4.5057144
0.1020000 5.5071650
0.1030000 74.5846176
0.1040000 25.6632290
0.1050000 5.6762443
0.1060000 12.1872568
0.1070000 -16.2809200
0.1080000 35.6861687
0.1090000 14.3062677
0.1100000 32.2588196
0.1110000 -19.5231342
0.1120000 20.8705101
0.1130000 -43.8846359
0.1140000 2.9248543
0.1150000 14.3896494
0.1160000 -0.9144228
0.1170000 20.2491722
0.1180000 39.8215599
0.1190000 -43.4582787
0.1200000 -31.3044014
0.1210000 -35.4163742
0.1220000 -25.3527794
0.1230000 33.9899521
0.1240000 -13.3981276
0.1250000 16.9203396
0.1260000 30.3839264
0.1270000 9.0968990
0.1280000 -20.0694466
0.1290000 26.0282574
0.1300000 16.2534847
0.1310000 42.5952530
0.1320000 -4.6560349
0.1330000 25.2174110
0.1340000 -25.1729298
0.1350000 -6.1263933
0.1360000 -24.3253632
0.1370000 22.8784561
0.1380000 -44.3857193
0.1390000 28.5625172
0.1400000 -10.9931641
0.1410000 -33.3272057
0.1420000 -15.3311281
0.1430000 -26.0589390
0.1440000 -27.8094883
0.1450000 11.3726234
0.1460000 14.9644365
0.1470000 22.6748390
0.1480000 -10.0056715
0.1490000 -31.0793190
0.1500000 -33.0338974
0.1510000 -30.2586117
0.1520000 -40.9534111
0.1530000 15.7924671
0.1540000 -6.5055957
0.1550000 -11.4019451
0.1560000 63.3251381
0.1570000 38.6772156
0.1580000 -40.3552856
0.1590000 -19.8725510
0.1600000 6.0855322
0.1610000 -11.3164587
0.1620000 4.7916670
0.1630000 -31.3695984
0.1640000 10.5355806
0.1650000 -27.5769672
0.1660000 32.8190117
0.1670000 2.9977801
0.1680000 -12.6288099
0.1690000 -55.8976784
0.1700000 -6.7647066
0.1710000 0.1650497
0.1720000 43.9439430
0.1730000 -36.1295891
0.1740000 -0.4360360
0.1750000 -9.9572315
0.1760000 -5.5785136
0.1770000 50.7238312
0.1780000 -26.8032360
0.1790000 72.7326126
0.1800000 -9.0910025
0.1810000 -26.2154179
0.1820000 6.5507989
0.1830000 -67.4035797
0.1840000 -76.5033340
0.1850000 54.4179153
0.1860000 33.0923042
0.1870000 2.6568348
0.1880000 -34.9776459
0.1890000 -25.9183102
0.1900000 14.0890379
0.1910000 -53.8776855
0.1920000 -15.6834412
0.1930000 15.6038208
0.1940000 32.5258141
0.1950000 -8.9663019
0.1960000 -24.9340668
0.1970000 -26.5297337
0.1980000 -32.1075516
0.1990000 6.4071960
0.2000000 19.8526840
0.2010000 -28.2648430
0.2020000 -6.1773467
0.2030000 -9.9165678
0.2040000 -49.6039467
0.2050000 27.8536015
0.2060000 40.6847572
0.2070000 -70.1716843
0.2080000 -33.2788658
0.2090000 25.6482582
0.2100000 17.4008617
0.2110000 26.4677277
0.2120000 -59.0813866
0.2130000 -14.0890570
0.2140000 -28.6678028
0.2150000 -25.8668308
0.2160000 39.4856224
0.2170000 57.9198341
0.2180000 5.7444277
0.2190000 4.0754614
0.2200000 -29.6802311
0.2210000 81.5632553
0.2220000 -28.4951420
0.2230000 41.3262253
0.2240000 1.7972257
0.2250000 -37.0833321
0.2260000 22.5744152
0.2270000 -12.7121925
0.2280000 35.1194763
0.2290000 -6.5048618
0.2300000 -3.8517082
0.2310000 -53.3855896
0.2320000 0.8768867
0.2330000 -7.2634668
0.2340000 -30.5274715
0.2350000 -7.5663819
0.2360000 27.9454746
0.2370000 -18.6679249
0.2380000 8.0160980
0.2390000 11.4585953
0.2400000 40.9945526
0.2410000 37.2649727
0.2420000 6.2220902
0.2430000 45.8278809
0.2440000 78.5338440
0.2450000 27.2990150
0.2460000 -2.1794138
0.2470000 51.3014832
0.2480000 18.7022533
0.2490000 -38.9945145
0.2500000 -25.0058250
0.2510000 1.3947089
0.2520000 -15.9957628
0.2530000 -43.3473740
0.2540000 45.8158798
0.2550000 0.5446165
0.2560000 22.4569588
0.2570000 3.3343370
0.2580000 -19.2599754
0.2590000 -8.9695539
0.2600000 -15.7818813
0.2610000 -16.3061275
0.2620000 64.3934860
0.2630000 14.9529171
0.2640000 34.2950211
0.2650000 45.2238770
0.2660000 41.9152718
0.2670000 -40.7415009
0.2680000 4.5806456
0.2690000 10.6914139
0.2700000 5.2492552
0.2710000 38.3107834
0.2720000 -46.5035019
0.2730000 -60.3424034
0.2740000 -20.1281815
0.2750000 80.7647858
0.2760000 -42.0621567
0.2770000 15.4983854
0.2780000 30.8337555
0.2790000 39.2863464
0.2800000 48.4500237
0.2810000 -39.3521271
0.2820000 -56.2945709
0.2830000 -70.8602142
0.2840000 8.8895845
0.2850000 46.7210693
0.2860000 -30.5984726
0.2870000 12.7980013
0.2880000 90.0177231
0.2890000 -36.6799927
0.2900000 67.3802872
0.2910000 -44.1307945
0.2920000 -42.6476631
0.2930000 21.8482285
0.2940000 45.0124245
0.2950000 -50.9417648
0.2960000 -0.1321818
0.2970000 -56.2142410
0.2980000 20.5488529
0.2990000 -23.6274948
0.3000000 -28.9626961
0.3010000 -0.3796228
0.3020000 -19.9255905
0.3030000 2.2081883
0.3040000 -0.1931408
0.3050000 12.9621115
0.3060000 -71.5414886
0.3070000 45.7142868
0.3080000 39.3883514
0.3090000 -8.4427567
0.3100000 24.7970028
0.3110000 -28.0375195
0.3120000 17.1348190
0.3130000 -14.9660702
0.3140000 -68.9558640
0.3150000 29.9378128
0.3160000 20.5688381
0.3170000 -16.8081093
0.3180000 46.0704880
0.3190000 -4.5248399
0.3200000 -4.6067362
0.3210000 27.2417068
0.3220000 -11.4606628
0.3230000 5.6423459
0.3240000 19.5274181
0.3250000 -16.1193142
0.3260000 -42.0957680
0.3270000 -46.1976051
0.3280000 5.6566453
0.3290000 -0.5295967
0.3300000 66.7510834
0.3310000 -19.3311310
0.3320000 -34.3718834
0.3330000 24.9730358
0.3340000 -8.9730520
0.3350000 43.7480125
0.3360000 -31.5189953
0.3370000 -37.0674019
0.3380000 -1.3994726
0.3390000 2.3339620
0.3400000 91.6798859
0.3410000 68.0434265
0.3420000 -20.3005581
0.3430000 22.4638748
0.3440000 19.2750797
0.3450000 -43.4754715
0.3460000 -0.8030283
0.3470000 -84.3760147
0.3480000 33.9170074
0.3490000 -80.7613373
0.3500000 -15.4375401
0.3510000 -22.4011879
0.3520000 -35.3387756
0.3530000 -9.4805012
0.3540000 -18.2514420
0.3550000 17.8258820
0.3560000 10.1154947
0.3570000 -47.2075539
0.3580000 37.9957390
0.3590000 -15.9040556
0.3600000 35.0765533
0.3610000 12.4741583
0.3620000 -0.6973526
0.3630000 -3.2930434
0.3640000 13.9883080
0.3650000 -1.9501615
0.3660000 -31.8885345
0.3670000 26.9640923
0.3680000 23.9751320
0.3690000 59.6624527
0.3700000 -27.6208210
0.3710000 14.1189547
0.3720000 27.1679344
0.3730000 -18.3426762
0.3740000 25.9119949
0.3750000 15.9794321
0.3760000 19.8084087
0.3770000 -17.3549995
0.3780000 -70.5764465
0.3790000 -10.6952972
0.3800000 27.2178879
0.3810000 9.8862219
0.3820000 -13.4975863
0.3830000 -1.7331727
0.3840000 6.2265139
0.3850000 13.1482220
0.3860000 -49.7680855
0.3870000 -45.7859344
0.3880000 36.1088295
0.3890000 9.6196470
0.3900000 24.0473843
0.3910000 27.2841034
0.3920000 -10.0001249
0.3930000 13.8013535
0.3940000 -43.9303474
0.3950000 -9.1944132
0.3960000 1.5237105
0.3970000 -12.1026878
0.3980000 -62.4600639
0.3990000 8.7955141
0.4000000 -16.7317448
0.4010000 -25.2551594
0.4020000 24.6211224
0.4030000 7.2930651
0.4040000 24.6988621
0.4050000 61.0233498
0.4060000 -10.8302908
0.4070000 -54.8892708
0.4080000 -8.4474640
0.4090000 -11.1793900
0.4100000 33.8812065
0.4110000 13.9994383
0.4120000 -28.2840137
0.4130000 19.8020477
0.4140000 56.8586617
0.4150000 27.1555443
0.4160000 34.6914253
0.4170000 24.9999142
0.4180000 -16.4464035
0.4190000 107.2956924
0.4200000 54.0132332
0.4210000 59.1843262
0.4220000 -2.8465352
0.4230000 -31.2690620
0.4240000 -26.8576698
0.4250000 -42.5846786
0.4260000 -29.8805885
0.4270000 13.9516582
0.4280000 -13.7600393
0.4290000 51.3764572
0.4300000 20.4659290
0.4310000 -21.1057529
0.4320000 -41.8824692
0.4330000 -16.5609856
0.4340000 -16.1989536
0.4350000 57.9711533
0.4360000 13.3288813
0.4370000 20.5345974
0.4380000 -44.9878883
0.4390000 -0.1862555
0.4400000 2.9388332
0.4410000 7.5424609
0.4420000 82.5006485
0.4430000 -21.1774311
0.4440000 -20.4426880
0.4450000 -8.1569138
0.4460000 7.1218119
0.4470000 -19.0531731
0.4480000 -61.6239891
0.4490000 34.0418053
0.4500000 0.4727413
0.4510000 24.0083485
0.4520000 24.1251144
0.4530000 23.7236557
0.4540000 -47.5271111
0.4550000 -44.4744759
0.4560000 -26.7555695
0.4570000 -28.3425579
0.4580000 11.4971256
0.4590000 25.0122738
0.4600000 -36.2571831
0.4610000 -25.3196659
0.4620000 -8.1342020
0.4630000 50.6071892
0.4640000 -40.2612114
0.4650000 -6.6793828
0.4660000 -55.2395248
0.4670000 5.3203154
0.4680000 32.7820129
0.4690000 -15.0508595
0.4700000 -5.6543002
0.4710000 -35.7390938
0.4720000 26.1851387
0.4730000 95.0483780
0.4740000 -67.3355560
0.4750000 27.2087498
0.4760000 -72.7509079
0.4770000 3.0209539
0.4780000 -19.9927578
0.4790000 -50.7524872
0.4800000 13.1630764
0.4810000 68.7453918
0.4820000 -3.8950913
0.4830000 -22.0022373
0.4840000 36.1038208
0.4850000 -34.6796265
0.4860000 -27.6997032
0.4870000 53.1292419
0.4880000 -28.0425587
0.4890000 -16.2496014
0.4900000 -63.4964790
0.4910000 -43.7157784
0.4920000 -29.3841419
0.4930000 -2.2987804
0.4940000 -58.1961784
0.4950000 14.1505489
0.4960000 -18.7238216
0.4970000 51.0815239
0.4980000 35.0823669
0.4990000 -37.5634766
0.5000000 32.3060303
0.5010000 -47.0049324
0.5020000 -42.5612640
0.5030000 25.9781952
0.5040000 0.7498050
0.5050000 47.8679657
0.5060000 7.2705388
0.5070000 -15.6836748
0.5080000 47.5731010
0.5090000 47.4937248
0.5100000 -3.7087166
0.5110000 -4.7576942
0.5120000 30.2083645
0.5130000 17.6770458
0.5140000 10.4528399
0.5150000 44.0589180
0.5160000 12.0287199
0.5170000 37.6487083
0.5180000 -13.5730858
0.5190000 29.8326702
0.5200000 35.0818520
0.5210000 -17.3664474
0.5220000 -1.4222447
0.5230000 -6.8591676
0.5240000 4.5077457
0.5250000 4.8727851
0.5260000 -14.5016031
0.5270000 -9.8748198
0.5280000 -60.8736992
0.5290000 -19.1823139
0.5300000 -38.1283722
0.5310000 25.3674202
0.5320000 2.9775994
0.5330000 22.0475655
0.5340000 -15.4627895
0.5350000 -19.3691902
0.5360000 -23.9232941
0.5370000 38.1502876
0.5380000 -43.6026459
0.5390000 25.2366295
0.5400000 -5.3985963
0.5410000 -13.6551132
0.5420000 -40.4459686
0.5430000 28.1170063
0.5440000 -0.3436314
0.5450000 15.1906385
0.5460000 11.3844604
0.5470000 -28.6080475
0.5480000 -10.7207289
0.5490000 -26.1211948
0.5500000 -50.4873886
0.5510000 7.1010170
0.5520000 -57.4524307
0.5530000 39.2171059
0.5540000 -53.8401947
0.5550000 56.7978363
0.5560000 -51.2856293
0.5570000 12.4788609
0.5580000 26.3791599
0.5590000 22.4802456
0.5600000 -37.0386353
0.5610000 -20.7417774
0.5620000 -63.5750008
0.5630000 74.6940231
0.5640000 49.3848801
0.5650000 1.2915254
0.5660000 -28.6815205
0.5670000 5.5756445
0.5680000 4.0892830
0.5690000 24.9842434
0.5700000 -2.1403377
0.5710000 15.6422577
0.5720000 -29.6768608
0.5730000 6.2836604
0.5740000 -44.1200943
0.5750000 -1.3006867
0.5760000 36.0577126
0.5770000 -46.3421211
0.5780000 -17.0806923
0.5790000 27.1907063
0.5800000 -1.5297517
0.5810000 -2.8315179
0.5820000 14.7690229
0.5830000 33.8033218
0.5840000 -12.5089331
0.5850000 45.7352905
0.5860000 -46.1900749
0.5870000 -18.2509956
0.5880000 -17.6415348
0.5890000 -11.6811771
0.5900000 14.2310095
0.5910000 26.5647755
0.5920000 -44.3594589
0.5930000 14.2963867
0.5940000 -8.3822222
0.5950000 8.6942406
0.5960000 -15.6439886
0.5970000 -53.7648888
0.5980000 -53.2448273
0.5990000 -44.2020035
0.6000000 -88.6446686
0.6010000 48.8249054
0.6020000 14.5087395
0.6030000 60.1783028
0.6040000 -0.3808261
0.6050000 -5.8554611
0.6060000 20.3041019
0.6070000 6.1430631
0.6080000 -0.7897891
0.6090000 27.0975208
0.6100000 11.2972069
0.6110000 3.0839968
0.6120000 -13.5509052
0.6130000 14.2209435
0.6140000 81.8296890
0.6150000 28.5164795
0.6160000 -11.5370874
0.6170000 -14.6879444
0.6180000 22.9227657
0.6190000 20.2223167
0.6200000 -26.0945606
0.6210000 19.3414631
0.6220000 -14.3162651
0.6230000 104.0267181
0.6240000 -8.5682840
0.6250000 14.7115822
0.6260000 22.9056396
0.6270000 -38.9033165
0.6280000 -42.3073616
0.6290000 3.0933406
0.6300000 5.3750205
0.6310000 -17.5776672
0.6320000 -19.1754055
0.6330000 -21.2237892
0.6340000 -41.1541862
0.6350000 18.3277569
0.6360000 -7.1880593
0.6370000 -65.0375824
0.6380000 -42.5013161
0.6390000 1.5004855
0.6400000 4.7105689
0.6410000 -34.3887024
0.6420000 -6.5715189
0.6430000 -14.1209373
0.6440000 10.5961580
0.6450000 3.2060270
0.6460000 -5.1748090
0.6470000 -48.2435799
0.6480000 -22.5915623
0.6490000 40.2681961
0.6500000 32.1370888
0.6510000 20.9223671
0.6520000 -8.1677370
0.6530000 -3.3632133
0.6540000 51.0989037
0.6550000 -60.6872559
0.6560000 45.7295609
0.6570000 21.0739117
0.6580000 -11.3739243
0.6590000 -33.1795006
0.6600000 26.5609283
0.6610000 42.6717796
0.6620000 10.9771633
0.6630000 -23.2661457
0.6640000 50.9609566
0.6650000 5.0564356
0.6660000 -50.2909355
0.6670000 8.9858541
0.6680000 -41.1313248
0.6690000 67.3155899
0.6700000 -20.6580143
0.6710000 9.1684294
0.6720000 -42.6496086
0.6730000 -33.7872963
0.6740000 0.0498377
0.6750000 -79.7909927
0.6760000 0.2158120
0.6770000 -21.7251148
0.6780000 3.6532493
0.6790000 -25.9564953
0.6800000 -16.6012859
0.6810000 24.2656021
0.6820000 1.8566399
0.6830000 -9.5579367
0.6840000 -21.2047939
0.6850000 10.2518053
0.6860000 -2.3755395
0.6870000 28.9756317
0.6880000 -18.2761059
0.6890000 -19.4671192
0.6900000 -18.6273174
0.6910000 33.6305618
0.6920000 -12.2558451
0.6930000 22.1116219
0.6940000 36.7801704
0.6950000 -38.7602043
0.6960000 -50.9973564
0.6970000 -55.3973579
0.6980000 9.2985783
0.6990000 -46.4493179
0.7000000 -5.8097386
0.7010000 -39.4781799
0.7020000 -43.2719116
0.7030000 -49.1226883
0.7040000 -24.9567738
0.7050000 -56.3288078
0.7060000 -21.7008724
0.7070000 7.5869083
0.7080000 -53.9293060
0.7090000 -52.4015923
0.7100000 12.5852585
0.7110000 -38.9599571
0.7120000 15.3907251
0.7130000 -42.3167915
0.7140000 67.3201523
0.7150000 12.4443846
0.7160000 -52.4683914
0.7170000 11.0936880
0.7180000 43.9802628
0.7190000 81.4384995
0.7200000 66.4254532
0.7210000 -22.7204475
0.7220000 -9.0591173
0.7230000 27.3007088
0.7240000 -8.3228121
0.7250000 -11.0187006
0.7260000 39.2667732
0.7270000 4.9029951
0.7280000 30.1556702
0.7290000 116.7452774
0.7300000 18.0341969
0.7310000 7.7260547
0.7320000 -5.9075251
0.7330000 -4.6259518
0.7340000 -1.6340020
0.7350000 -29.9735413
0.7360000 -98.0807190
0.7370000 0.5358388
0.7380000 -5.5461998
0.7390000 15.3934488
0.7400000 -5.7225509
0.7410000 1.9980950
0.7420000 46.6511726
0.7430000 -88.1472778
0.7440000 42.6480598
0.7450000 8.9082088
0.7460000 -25.6631641
0.7470000 -12.7957458
0.7480000 42.7308617
0.7490000 37.9316788
0.7500000 -0.6473605
0.7510000 27.4766273
0.7520000 25.7492199
0.7530000 -9.1331434
0.7540000 46.6896591
0.7550000 -29.4434166
0.7560000 -9.6994238
0.7570000 -7.0456796
0.7580000 -20.4268761
0.7590000 30.1292591
0.7600000 -2.5829887
0.7610000 -20.0397358
0.7620000 15.2003479
0.7630000 33.9584885
0.7640000 7.5759044
0.7650000 -5.8532500
0.7660000 -33.0562630
0.7670000 43.6461830
0.7680000 -29.1897087
0.7690000 46.7979546
0.7700000 -26.8995800
0.7710000 12.6783628
0.7720000 10.7434826
0.7730000 -26.7455025
0.7740000 -0.5505320
0.7750000 16.1483345
0.7760000 -10.4137363
0.7770000 -13.2966204
0.7780000 -54.2481575
0.7790000 -39.4331512
0.7800000 39.3707123
0.7810000 23.8752728
0.7820000 -99.1254425
0.7830000 26.0279446
0.7840000 -43.8115120
0.7850000 -60.9084930
0.7860000 -14.1129723
0.7870000 -35.0926743
0.7880000 -6.6270628
0.7890000 0.0621518
0.7900000 -18.6154041
0.7910000 -66.9491730
0.7920000 43.0274506
0.7930000 12.1034327
0.7940000 -6.5480218
0.7950000 -33.5092010
0.7960000 -24.4154701
0.7970000 11.9152975
0.7980000 -14.7809353
0.7990000 2.4918468
0.8000000 -1.7267233
0.8010000 -17.8225460
0.8020000 59.3227158
0.8030000 -75.5799561
0.8040000 -20.1140804
0.8050000 -18.0317764
0.8060000 -14.7941694
0.8070000 -21.9050045
0.8080000 59.6156769
0.8090000 34.6717072
0.8100000 10.4096670
0.8110000 94.0040436
0.8120000 55.7358284
0.8130000 0.0139450
0.8140000 14.7623291
0.8150000 0.6660609
0.8160000 -101.3174973
0.8170000 -97.8699417
0.8180000 3.5728285
0.8190000 -53.0528984
0.8200000 20.5143108
0.8210000 33.6900558
0.8220000 25.2172794
0.8230000 23.3913250
0.8240000 -35.2913933
0.8250000 -4.4127398
0.8260000 50.7027473
0.8270000 -4.9835219
0.8280000 -5.9611516
0.8290000 53.1996880
0.8300000 33.2859535
0.8310000 -15.0683928
0.8320000 -40.1808662
0.8330000 5.5820236
0.8340000 -14.2795105
0.8350000 7.9072795
0.8360000 -3.8809032
0.8370000 24.7693367
0.8380000 17.1112747
0.8390000 -72.4162598
0.8400000 -9.3870888
0.8410000 -34.6583481
0.8420000 23.4537220
0.8430000 5.7048545
0.8440000 -31.3845825
0.8450000 -15.2429228
0.8460000 12.9821215
0.8470000 -14.9550085
0.8480000 34.7685432
0.8490000 -27.4789886
0.8500000 -41.7658424
0.8510000 95.9288712
0.8520000 -35.2409019
0.8530000 17.1759872
0.8540000 8.0613976
0.8550000 -5.1712351
0.8560000 -12.7002287
0.8570000 -22.1775398
0.8580000 -14.8673954
0.8590000 -6.0135140
0.8600000 -22.1158276
0.8610000 -71.2712326
0.8620000 27.9638119
0.8630000 -32.2802277
0.8640000 -29.5762520
0.8650000 -37.6841164
0.8660000 57.6230087
0.8670000 -41.0500946
0.8680000 1.1873059
0.8690000 90.3628235
0.8700000 -4.6293797
0.8710000 -37.2370377
0.8720000 18.0243492
0.8730000 -50.6986504
0.8740000 26.6428356
0.8750000 23.0341072
0.8760000 38.7042313
0.8770000 -32.6104012
0.8780000 -39.0383186
0.8790000 0.9965112
0.8800000 17.4244404
0.8810000 -9.7785397
0.8820000 42.6644478
0.8830000 6.1136212
0.8840000 -45.7355461
0.8850000 15.2824297
0.8860000 -4.7428312
0.8870000 25.7176456
0.8880000 -56.6183968
0.8890000 50.0762100
0.8900000 -32.6818008
0.8910000 -6.9048991
0.8920000 32.7049980
0.8930000 -12.5152121
0.8940000 7.9693470
0.8950000 11.7518406
0.8960000 43.0852928
0.8970000 39.4864616
0.8980000 80.8106918
0.8990000 -4.3342662
0.9000000 6.7696285
0.9010000 4.6681147
0.9020000 -32.5264664
0.9030000 46.0941620
0.9040000 -29.2944889
0.9050000 -12.1690063
0.9060000 22.5533695
0.9070000 -6.7432032
0.9080000 16.7029495
0.9090000 -16.4369926
0.9100000 17.4582005
0.9110000 -30.5288029
0.9120000 3.5139973
0.9130000 -40.1929550
0.9140000 47.1660805
0.9150000 -9.0007410
0.9160000 -22.3839550
0.9170000 3.6640913
0.9180000 40.1898422
0.9190000 3.9717631
0.9200000 18.2191353
0.9210000 22.1464710
0.9220000 3.9803879
0.9230000 9.3676786
0.9240000 53.0543365
0.9250000 58.8730049
0.9260000 83.5363388
0.9270000 12.9253292
0.9280000 -0.8715078
0.9290000 9.2404032
0.9300000 4.1347480
0.9310000 -68.3452454
0.9320000 -7.2826290
0.9330000 23.8563366
0.9340000 -43.4348068
0.9350000 -77.0584869
0.9360000 -14.9158163
0.9370000 12.4210691
0.9380000 32.5830040
0.9390000 -15.2349548
0.9400000 65.8451996
0.9410000 -31.2341709
0.9420000 38.7229576
0.9430000 -15.3331537
0.9440000 -3.2618852
0.9450000 -8.9943752
0.9460000 -35.9797134
0.9470000 -34.4058037
0.9480000 -2.0564327
0.9490000 -7.9912949
0.9500000 17.7002506
0.9510000 0.2135385
0.9520000 -40.3430862
0.9530000 43.9029388
0.9540000 -54.5731316
0.9550000 -8.3336401
0.9560000 8.8214178
0.9570000 36.5182076
0.9580000 -24.9017582
0.9590000 -57.7510490
0.9600000 -31.4166584
0.9610000 47.7695045
0.9620000 -22.8313904
0.9630000 -0.9111553
0.9640000 -54.5587883
0.9650000 31.9102745
0.9660000 12.7790222
0.9670000 -56.3200951
0.9680000 46.3953629
0.9690000 -69.3726273
0.9700000 -6.2753601
0.9710000 -25.4808273
0.9720000 36.1128044
0.9730000 -35.6575737
0.9740000 9.3099985
0.9750000 56.4978943
0.9760000 53.2457047
0.9770000 33.5800095
0.9780000 8.6444845
0.9790000 32.6874695
0.9800000 35.2718544
0.9810000 -37.4352722
0.9820000 -73.0180740
0.9830000 41.7348633
0.9840000 11.9098463
0.9850000 23.4878368
0.9860000 1.2408502
0.9870000 35.9014244
0.9880000 -54.6785698
0.9890000 -26.6599407
0.9900000 15.0895672
0.9910000 17.7751751
0.9920000 -33.1220512
0.9930000 -25.8704433
0.9940000 -27.2389717
0.9950000 59.8241386
0.9960000 35.7367592
0.9970000 17.0112877
0.9980000 9.9096537
0.9990000 -5.1412182
