0.0000000 -10.4183092
0.0010000 -48.6284294
0.0020000 -26.4812698
0.0030000 -39.3586617
0.0040000 -43.9420853
0.0050000 -43.7121696
0.0060000 13.2342663
0.0070000 -47.0331688
0.0080000 12.3173304
0.0090000 -44.0532188
0.0100000 122.3255844
0.0110000 -8.3546057
0.0120000 -56.4430008
0.0130000 34.8511086
0.0140000 -11.5978994
0.0150000 14.2266407
0.0160000 14.6086960
0.0170000 -11.1318855
0.0180000 25.5949917
0.0190000 42.3475456
0.0200000 77.5509567
0.0210000 5.0631685
0.0220000 24.9941654
0.0230000 0.7585447
0.0240000 -26.2755089
0.0250000 1.5059499
0.0260000 -2.1974127
0.0270000 46.7341728
0.0280000 55.7818642
0.0290000 2.1475949
0.0300000 -51.0015259
0.0310000 24.6190758
0.0320000 -1.0421554
0.0330000 -33.5363884
0.0340000 -10.4730148
0.0350000 22.4391556
0.0360000 -24.1504765
0.0370000 18.8309574
0.0380000 -1.1877589
0.0390000 45.9503708
0.0400000 7.2510366
0.0410000 56.6606255
0.0420000 -52.5830193
0.0430000 12.3804255
0.0440000 42.7393951
0.0450000 45.7227211
0.0460000 -10.7912865
0.0470000 -19.7394924
0.0480000 10.1062517
0.0490000 19.4954586
0.0500000 11.6101131
0.0510000 26.2517853
0.0520000 44.2029190
0.0530000 -17.6226406
0.0540000 -7.6315246
0.0550000 23.4813251
0.0560000 77.4488983
0.0570000 -36.6522903
0.0580000 -73.0608521
0.0590000 -48.5640182
0.0600000 -20.2836781
0.0610000 35.5904808
0.0620000 -19.0777512
0.0630000 -63.7384529
0.0640000 22.1795483
0.0650000 17.8467979
0.0660000 47.2281761
0.0670000 -53.4951401
0.0680000 29.6147728
0.0690000 5.8825417
0.0700000 15.4676266
0.0710000 1.7050894
0.0720000 -47.2463455
0.0730000 30.7596035
0.0740000 -12.0544167
0.0750000 0.2743901
0.0760000 57.2926445
0.0770000 -40.2641487
0.0780000 3.8802152
0.0790000 47.5593681
0.0800000 25.8726196
0.0810000 19.9525356
0.0820000 28.1547050
0.0830000 3.3244302
0.0840000 -36.9210052
0.0850000 -42.9588013
0.0860000 -23.0321198
0.0870000 -4.4884973
0.0880000 13.2533417
0.0890000 5.5545020
0.0900000 5.8285275
0.0910000 -42.9998856
0.0920000 -17.1076488
0.0930000 39.3374710
0.0940000 41.4889183
0.0950000 14.4633884
0.0960000 -73.2650757
0.0970000 24.6623821
0.0980000 -54.6597595
0.0990000 -49.6934929
0.1000000 28.9587498
0.1010000 15.9712820
0.1020000 21.6181374
0.1030000 45.5809555
0.1040000 16.4464302
0.1050000 35.7267609
0.1060000 -68.1773300
0.1070000 63.5996971
0.1080000 -12.8080130
0.1090000 70.2382050
0.1100000 -49.3342476
0.1110000 19.8087463
0.1120000 9.2709551
0.1130000 9.2706366
0.1140000 30.4321518
0.1150000 49.2882805
0.1160000 -17.5722599
0.1170000 20.3526649
0.1180000 16.6737766
0.1190000 -53.3963509
0.1200000 -3.3292916
0.1210000 46.3540039
0.1220000 -6.6041446
0.1230000 -19.0287247
0.1240000 -61.7215729
0.1250000 -40.0345306
0.1260000 18.0898018
0.1270000 3.8746066
0.1280000 -25.0726700
0.1290000 25.1094456
0.1300000 50.5473557
0.1310000 81.1397171
0.1320000 -21.9622345
0.1330000 -22.2632294
0.1340000 1.3669837
0.1350000 -60.9096680
0.1360000 27.2826004
0.1370000 -36.6259079
0.1380000 30.4210033
0.1390000 -11.7403555
0.1400000 -16.0087128
0.1410000 -19.7722206
0.1420000 -1.0679114
0.1430000 27.4138527
0.1440000 29.9803867
0.1450000 12.2548828
0.1460000 -53.3496780
0.1470000 37.2260742
0.1480000 12.5157251
0.1490000 -15.0337563
0.1500000 17.0012360
0.1510000 39.9673843
0.1520000 9.1887121
0.1530000 -0.1836529
0.1540000 -14.4219494
0.1550000 25.8794498
0.1560000 10.5015898
0.1570000 -31.3356247
0.1580000 -71.1386337
0.1590000 3.4234915
0.1600000 41.6923027
0.1610000 44.4815826
0.1620000 -40.1167526
0.1630000 19.3190861
0.1640000 61.7485161
0.1650000 -33.4575424
0.1660000 33.3338737
0.1670000 82.0501022
0.1680000 -80.1316910
0.1690000 22.9419880
0.1700000 -7.3910265
0.1710000 29.4097652
0.1720000 10.1581507
0.1730000 15.3401117
0.1740000 2.9165409
0.1750000 49.8001060
0.1760000 30.2908001
0.1770000 -92.9764557
0.1780000 -12.1614408
0.1790000 -15.0434370
0.1800000 -20.7601986
0.1810000 66.9652939
0.1820000 32.8110542
0.1830000 -72.8020706
0.1840000 6.9505286
0.1850000 30.7462692
0.1860000 -60.3396759
0.1870000 -13.6388102
0.1880000 19.5311699
0.1890000 -43.9448166
0.1900000 26.4870224
0.1910000 -37.1771774
0.1920000 21.4537659
0.1930000 7.4675016
0.1940000 -10.5066767
0.1950000 -1.8876400
0.1960000 29.5715580
0.1970000 -17.3301163
0.1980000 84.5210953
0.1990000 15.6882610
0.2000000 16.4019241
0.2010000 71.3783264
0.2020000 -24.0794792
0.2030000 28.1856079
0.2040000 -11.4173040
0.2050000 -0.0511476
0.2060000 48.4765892
0.2070000 14.1669779
0.2080000 31.7983570
0.2090000 9.4324722
0.2100000 58.4343300
0.2110000 -19.5696106
0.2120000 -5.5385633
0.2130000 -74.3774490
0.2140000 -62.4416885
0.2150000 44.0262756
0.2160000 33.1448288
0.2170000 -11.8214426
0.2180000 -2.7858794
0.2190000 33.6202126
0.2200000 6.2216067
0.2210000 -5.3137879
0.2220000 -46.5831108
0.2230000 13.6024132
0.2240000 -97.7057953
0.2250000 7.8234420
0.2260000 1.9999851
0.2270000 -10.1489487
0.2280000 92.0001144
0.2290000 98.2253342
0.2300000 -60.5570946
0.2310000 -14.4729996
0.2320000 21.8208752
0.2330000 -30.2185040
0.2340000 -59.0688210
0.2350000 25.5861378
0.2360000 26.6423550
0.2370000 -56.1321678
0.2380000 -25.8341045
0.2390000 39.0751381
0.2400000 17.7929707
0.2410000 -36.1834755
0.2420000 45.8706856
0.2430000 7.8388886
0.2440000 1.1152903
0.2450000 36.9775810
0.2460000 -4.6751623
0.2470000 -6.4856567
0.2480000 -5.0380268
0.2490000 47.4601860
0.2500000 -31.4140644
0.2510000 68.4993286
0.2520000 -30.4247169
0.2530000 -71.7773132
0.2540000 -17.2207680
0.2550000 -1.2519622
0.2560000 -40.0338364
0.2570000 -30.2732582
0.2580000 -46.9929314
0.2590000 -3.5951142
0.2600000 40.7202072
0.2610000 -29.0978966
0.2620000 -27.3225918
0.2630000 60.0534058
0.2640000 -7.0642543
0.2650000 -39.2175674
0.2660000 -9.4996672
0.2670000 11.9559908
0.2680000 -46.0454407
0.2690000 17.9431877
0.2700000 -2.7489429
0.2710000 -49.3485298
0.2720000 4.4221396
0.2730000 71.3123245
0.2740000 -17.7249393
0.2750000 3.5898650
0.2760000 -33.8618774
0.2770000 42.2661476
0.2780000 55.2973404
0.2790000 3.7537925
0.2800000 -19.3654518
0.2810000 -102.5271149
0.2820000 -16.8532276
0.2830000 -10.0887423
0.2840000 31.6204014
0.2850000 27.2833481
0.2860000 -38.0786972
0.2870000 -39.8218231
0.2880000 17.7939339
0.2890000 17.3382568
0.2900000 89.7424240
0.2910000 -4.8129287
0.2920000 15.4823284
0.2930000 58.7026024
0.2940000 11.4735632
0.2950000 -2.1928656
0.2960000 -69.3802032
0.2970000 0.4421059
0.2980000 36.1297722
0.2990000 -23.5148315
0.3000000 17.3526764
0.3010000 23.1555443
0.3020000 -22.5894413
0.3030000 -94.4565659
0.3040000 -8.2877264
0.3050000 6.7460384
0.3060000 28.3346939
0.3070000 13.3645153
0.3080000 38.0730247
0.3090000 39.4432678
0.3100000 -1.3531753
0.3110000 48.4718704
0.3120000 11.2382288
0.3130000 49.1831818
0.3140000 7.7975969
0.3150000 42.0491791
0.3160000 41.0822830
0.3170000 -21.4964027
0.3180000 1.9996642
0.3190000 29.4399223
0.3200000 5.4781380
0.3210000 -39.6680412
0.3220000 -20.0903206
0.3230000 -33.6144142
0.3240000 47.3197441
0.3250000 39.6021652
0.3260000 -5.9101696
0.3270000 19.7884521
0.3280000 -10.9221277
0.3290000 89.3377304
0.3300000 -2.5832407
0.3310000 -7.6304603
0.3320000 31.8683071
0.3330000 -5.5548859
0.3340000 -5.4073305
0.3350000 -3.0788224
0.3360000 93.1592331
0.3370000 -16.2207413
0.3380000 -59.1669121
0.3390000 -53.7273712
0.3400000 -43.4274788
0.3410000 -25.8272858
0.3420000 28.0982418
0.3430000 -16.5093250
0.3440000 -16.0717506
0.3450000 45.1966972
0.3460000 -12.0374660
0.3470000 -38.5595322
0.3480000 47.1891556
0.3490000 -22.4774742
0.3500000 4.9717636
0.3510000 4.8893518
0.3520000 -8.1077318
0.3530000 -51.4161644
0.3540000 21.5812168
0.3550000 -5.1596999
0.3560000 26.9573727
0.3570000 -30.8066692
0.3580000 -26.3685265
0.3590000 -38.8167877
0.3600000 9.1673880
0.3610000 -10.2130013
0.3620000 -43.9589119
0.3630000 35.6719742
0.3640000 16.5162449
0.3650000 31.0954475
0.3660000 -10.1910295
0.3670000 9.8782215
0.3680000 24.5403767
0.3690000 6.3688717
0.3700000 59.2695274
0.3710000 4.1817327
0.3720000 -3.5972953
0.3730000 -2.1623800
0.3740000 -13.5123663
0.3750000 -26.6269531
0.3760000 6.9230871
0.3770000 48.1793861
0.3780000 34.8777733
0.3790000 29.2366581
0.3800000 6.3693647
0.3810000 -47.8276329
0.3820000 -3.2568042
0.3830000 17.3542519
0.3840000 4.0193496
0.3850000 -3.9829628
0.3860000 35.7419281
0.3870000 -7.1141348
0.3880000 17.0844765
0.3890000 -56.9656715
0.3900000 11.1287804
0.3910000 17.1204739
0.3920000 12.0923710
0.3930000 8.6900940
0.3940000 40.6913681
0.3950000 2.3682139
0.3960000 -12.1949139
0.3970000 24.8293037
0.3980000 69.2234955
0.3990000 3.4061251
0.4000000 38.2468071
0.4010000 -0.1001468
0.4020000 -41.0623131
0.4030000 16.4359264
0.4040000 4.6861691
0.4050000 27.3458385
0.4060000 -10.4612608
0.4070000 -12.0300541
0.4080000 3.0184572
0.4090000 28.6781311
0.4100000 12.7855196
0.4110000 -72.6402435
0.4120000 -22.9422112
0.4130000 49.6583061
0.4140000 27.5277290
0.4150000 3.1057115
0.4160000 15.6646481
0.4170000 9.5397892
0.4180000 -16.6308136
0.4190000 36.6782532
0.4200000 -9.4997559
0.4210000 25.2157593
0.4220000 3.3788784
0.4230000 -34.4442978
0.4240000 28.3435631
0.4250000 4.7320008
0.4260000 -40.5660477
0.4270000 -16.1327076
0.4280000 -25.6137505
0.4290000 -26.4742756
0.4300000 -46.0461006
0.4310000 -54.5514717
0.4320000 -12.2056456
0.4330000 43.4276390
0.4340000 -30.4512062
0.4350000 82.3848267
0.4360000 4.8470607
0.4370000 -17.4851322
0.4380000 28.7251244
0.4390000 15.5656452
0.4400000 -17.6044750
0.4410000 -25.8182678
0.4420000 12.7826004
0.4430000 29.0219383
0.4440000 -23.3235950
0.4450000 9.4956293
0.4460000 -2.4939811
0.4470000 -12.7268534
0.4480000 39.9740105
0.4490000 -36.3321419
0.4500000 14.0935059
0.4510000 -55.2528191
0.4520000 -38.6821251
0.4530000 -77.7376175
0.4540000 -30.8618488
0.4550000 43.1189995
0.4560000 -24.1244545
0.4570000 52.7804451
0.4580000 -9.3500443
0.4590000 23.7098503
0.4600000 -11.8889952
0.4610000 -43.4392052
0.4620000 50.5579414
0.4630000 -15.8222618
0.4640000 9.2473269
0.4650000 9.8023300
0.4660000 105.0247040
0.4670000 59.4006233
0.4680000 13.8612471
0.4690000 -53.9152374
0.4700000 -10.2061129
0.4710000 9.1895018
0.4720000 -43.6255493
0.4730000 7.4659510
0.4740000 42.6057701
0.4750000 23.4365501
0.4760000 -32.3433075
0.4770000 61.2264328
0.4780000 -12.4819660
0.4790000 30.3127251
0.4800000 -10.0165958
0.4810000 -14.8882999
0.4820000 -43.6865845
0.4830000 17.8398037
0.4840000 19.7925053
0.4850000 -21.9639740
0.4860000 -19.1041050
0.4870000 -21.3679733
0.4880000 5.5752077
0.4890000 27.0090046
0.4900000 19.5002384
0.4910000 -24.0425434
0.4920000 -45.1105423
0.4930000 -12.8797064
0.4940000 32.2460861
0.4950000 -28.9311256
0.4960000 34.4319611
0.4970000 36.5269623
0.4980000 40.0826988
0.4990000 21.2782726
0.5000000 -27.4353008
0.5010000 -24.5212975
0.5020000 -2.0598800
0.5030000 -14.1271582
0.5040000 19.4314785
0.5050000 -15.0254774
0.5060000 -1.5664468
0.5070000 -3.7307594
0.5080000 -35.0512581
0.5090000 14.4445286
0.5100000 -51.2260818
0.5110000 -57.1357689
0.5120000 -2.1427145
0.5130000 -26.0817699
0.5140000 -1.2122725
0.5150000 -58.5650558
0.5160000 27.7775669
0.5170000 33.3811035
0.5180000 -30.4146881
0.5190000 -2.5242178
0.5200000 55.9613075
0.5210000 -25.3770885
0.5220000 -22.0526657
0.5230000 -28.2988625
0.5240000 24.5068836
0.5250000 24.3192596
0.5260000 -11.1686230
0.5270000 56.4752159
0.5280000 53.0006599
0.5290000 -19.7454681
0.5300000 -20.5100269
0.5310000 31.2629623
0.5320000 -1.6538687
0.5330000 -74.9076462
0.5340000 -54.0491753
0.5350000 -21.4515152
0.5360000 49.5590782
0.5370000 -36.2484245
0.5380000 -24.9188385
0.5390000 -12.6872587
0.5400000 -18.9135666
0.5410000 21.6142845
0.5420000 -0.4561118
0.5430000 -0.9142950
0.5440000 3.7484238
0.5450000 57.5248070
0.5460000 -10.0963345
0.5470000 -50.2348557
0.5480000 -32.9096146
0.5490000 -17.1435947
0.5500000 -53.9722099
0.5510000 -34.2753067
0.5520000 1.4551362
0.5530000 -4.3355799
0.5540000 27.5236568
0.5550000 31.1132088
0.5560000 -0.0884195
0.5570000 -34.6944389
0.5580000 -20.5156269
0.5590000 50.7332191
0.5600000 -15.1298065
0.5610000 -24.5010090
0.5620000 -33.7041130
0.5630000 -32.8333626
0.5640000 -12.5690889
0.5650000 -12.2114592
0.5660000 21.8706951
0.5670000 0.6113046
0.5680000 25.3523941
0.5690000 -19.8539276
0.5700000 111.1789932
0.5710000 -40.2624435
0.5720000 -48.4549866
0.5730000 -73.0308075
0.5740000 17.8903046
0.5750000 -24.1623020
0.5760000 -32.2939072
0.5770000 -17.8409195
0.5780000 -24.8329048
0.5790000 -5.1250491
0.5800000 -36.5887794
0.5810000 -3.9979906
0.5820000 42.7705383
0.5830000 9.1834002
0.5840000 -43.3919106
0.5850000 -43.2410393
0.5860000 59.8399582
0.5870000 7.3339992
0.5880000 86.8329544
0.5890000 -10.0312481
0.5900000 -12.3025703
0.5910000 -103.5560455
0.5920000 -31.4041061
0.5930000 13.3695316
0.5940000 100.4079590
0.5950000 10.2379751
0.5960000 4.7548981
0.5970000 43.0457497
0.5980000 3.5644779
0.5990000 23.9309902
0.6000000 25.7905159
0.6010000 73.3363266
0.6020000 -2.4394767
0.6030000 5.2682362
0.6040000 5.1419864
0.6050000 -47.8577652
0.6060000 -32.7903900
0.6070000 -7.1287150
0.6080000 32.4108124
0.6090000 1.4254596
0.6100000 12.1098413
0.6110000 6.9154859
0.6120000 31.0194397
0.6130000 -30.6220608
0.6140000 -0.4233576
0.6150000 23.8045158
0.6160000 3.7024209
0.6170000 23.6895123
0.6180000 -82.2022095
0.6190000 -101.1722412
0.6200000 26.8281670
0.6210000 -90.1039352
0.6220000 38.9039803
0.6230000 37.1851349
0.6240000 11.0241537
0.6250000 32.5027657
0.6260000 30.5389519
0.6270000 3.6572289
0.6280000 -7.9821315
0.6290000 19.9681683
0.6300000 1.1683578
0.6310000 -26.2204971
0.6320000 -51.9075356
0.6330000 37.7960548
0.6340000 3.0811381
0.6350000 48.8847656
0.6360000 -24.5377541
0.6370000 -59.0573502
0.6380000 67.0540619
0.6390000 -20.9604721
0.6400000 34.3094292
0.6410000 56.9213448
0.6420000 -11.4797096
0.6430000 -37.1375313
0.6440000 20.0937366
0.6450000 33.2228012
0.6460000 19.9609432
0.6470000 11.4257288
0.6480000 49.8184471
0.6490000 16.7416897
0.6500000 -23.5961304
0.6510000 51.7970314
0.6520000 52.8213844
0.6530000 38.8997726
0.6540000 15.0587940
0.6550000 1.9748726
0.6560000 5.2736540
0.6570000 -22.9888325
0.6580000 10.1768522
0.6590000 14.7214441
0.6600000 -11.7878351
0.6610000 -32.0899544
0.6620000 -38.9980927
0.6630000 -34.3342247
0.6640000 -40.1246300
0.6650000 45.9204216
0.6660000 -13.1771927
0.6670000 16.2639065
0.6680000 -11.0426416
0.6690000 -5.0979123
0.6700000 19.0218983
0.6710000 2.3480151
0.6720000 33.6317787
0.6730000 19.4040699
0.6740000 -71.2944412
0.6750000 55.1672096
0.6760000 -49.8617516
0.6770000 -13.1834850
0.6780000 -13.5257940
0.6790000 33.3567467
0.6800000 -14.7274446
0.6810000 13.6983309
0.6820000 -30.9893169
0.6830000 44.3240089
0.6840000 -20.3156681
0.6850000 12.6003132
0.6860000 -17.3244953
0.6870000 26.1707134
0.6880000 4.9198284
0.6890000 10.2494097
0.6900000 13.9297724
0.6910000 25.6413364
0.6920000 0.5642311
0.6930000 15.0430517
0.6940000 -32.9869804
0.6950000 -44.3634491
0.6960000 -47.8720322
0.6970000 -38.5386696
0.6980000 33.6904030
0.6990000 45.8186226
0.7000000 28.1351681
0.7010000 17.9813232
0.7020000 -86.7812042
0.7030000 -2.7383761
0.7040000 -4.2411919
0.7050000 -70.5438538
0.7060000 -15.4068670
0.7070000 22.4059467
0.7080000 -12.0388298
0.7090000 4.4670725
0.7100000 -3.1090190
0.7110000 -8.8676977
0.7120000 44.5605392
0.7130000 23.8426018
0.7140000 -45.9469910
0.7150000 65.6172714
0.7160000 -26.9710464
0.7170000 1.4881688
0.7180000 13.6547022
0.7190000 7.0566592
0.7200000 -2.4789455
0.7210000 17.9235897
0.7220000 -32.2357826
0.7230000 16.7462807
0.7240000 -28.2731209
0.7250000 41.7052956
0.7260000 -37.4033241
0.7270000 -35.6000443
0.7280000 12.4996672
0.7290000 -46.5530586
0.7300000 -63.5313530
0.7310000 17.7913113
0.7320000 37.5512924
0.7330000 8.4993305
0.7340000 42.7401733
0.7350000 20.0123367
0.7360000 -39.7299004
0.7370000 13.4546995
0.7380000 32.7460556
0.7390000 -51.3598022
0.7400000 -58.2992134
0.7410000 62.5903625
0.7420000 16.7648640
0.7430000 33.2136917
0.7440000 16.0347366
0.7450000 30.0444603
0.7460000 -10.6027975
0.7470000 19.2101669
0.7480000 -23.4855843
0.7490000 35.3610077
0.7500000 -18.7887688
0.7510000 -32.6884804
0.7520000 -11.2972231
0.7530000 -48.7342758
0.7540000 59.8407516
0.7550000 -1.4997776
0.7560000 6.3803096
0.7570000 -68.1674347
0.7580000 72.4284821
0.7590000 -2.3516808
0.7600000 -14.6655645
0.7610000 -23.9335747
0.7620000 25.3920841
0.7630000 57.2722092
0.7640000 -1.1843911
0.7650000 41.5062752
0.7660000 -3.7053256
0.7670000 11.2334690
0.7680000 10.3778067
0.7690000 27.2183666
0.7700000 12.5745878
0.7710000 -1.3878525
0.7720000 -60.9237366
0.7730000 -11.2714996
0.7740000 43.1281471
0.7750000 1.2719543
0.7760000 -20.2248878
0.7770000 14.2710943
0.7780000 48.2324715
0.7790000 17.0171738
0.7800000 15.6905403
0.7810000 -39.1378059
0.7820000 -6.3515410
0.7830000 39.3823204
0.7840000 -23.4637680
0.7850000 -0.3961773
0.7860000 28.1966953
0.7870000 57.0902863
0.7880000 4.2075157
0.7890000 -4.5544086
0.7900000 29.1363945
0.7910000 -30.8458958
0.7920000 7.2667136
0.7930000 5.8355336
0.7940000 35.1069069
0.7950000 -47.2586784
0.7960000 -64.4986420
0.7970000 -12.2065105
0.7980000 46.2723312
0.7990000 -35.8273468
0.8000000 3.5528007
0.8010000 0.6097804
0.8020000 -28.3071728
0.8030000 -69.3067322
0.8040000 -18.5389633
0.8050000 -7.4722886
0.8060000 34.3197784
0.8070000 -0.3900509
0.8080000 20.2302017
0.8090000 12.0339985
0.8100000 63.0322075
0.8110000 21.7091732
0.8120000 -9.3225288
0.8130000 47.7963943
0.8140000 1.3228346
0.8150000 29.0105858
0.8160000 -4.9890738
0.8170000 -18.8185997
0.8180000 -100.1201935
0.8190000 2.9184830
0.8200000 5.2827611
0.8210000 -18.2526360
0.8220000 -64.9691315
0.8230000 28.2183552
0.8240000 -22.8240223
0.8250000 -19.5230484
0.8260000 36.2189903
0.8270000 6.5407538
0.8280000 -35.6891251
0.8290000 -42.8243523
0.8300000 45.8827438
0.8310000 -23.7387619
0.8320000 -52.7442322
0.8330000 -65.9476929
0.8340000 30.2529259
0.8350000 0.4209265
0.8360000 -9.8041124
0.8370000 53.9313126
0.8380000 -25.8034859
0.8390000 38.8342934
0.8400000 -14.7609959
0.8410000 15.6628618
0.8420000 20.8458900
0.8430000 3.4280701
0.8440000 41.0780144
0.8450000 -32.3837852
0.8460000 -33.3698425
0.8470000 -12.2515554
0.8480000 -17.7248459
0.8490000 9.2881527
0.8500000 17.9779415
0.8510000 -1.5982428
0.8520000 -33.7204323
0.8530000 -50.4303322
0.8540000 -5.6928821
0.8550000 -25.3335838
0.8560000 1.1355138
0.8570000 -5.0517030
0.8580000 40.0806847
0.8590000 -35.9862328
0.8600000 5.8162775
0.8610000 10.9747362
0.8620000 60.6373215
0.8630000 43.2374458
0.8640000 -25.5186520
0.8650000 0.5493368
0.8660000 9.3222265
0.8670000 65.9610519
0.8680000 -32.3323402
0.8690000 48.6482506
0.8700000 57.6102371
0.8710000 -25.8566284
0.8720000 30.0539474
0.8730000 -20.9761066
0.8740000 -34.9162140
0.8750000 -35.6403046
0.8760000 -17.0732517
0.8770000 7.2531638
0.8780000 -46.9373169
0.8790000 3.0866609
0.8800000 -31.6410561
0.8810000 -23.7786064
0.8820000 24.2605724
0.8830000 13.3532495
0.8840000 1.4632375
0.8850000 12.7630768
0.8860000 35.6735077
0.8870000 -42.1641579
0.8880000 0.1970354
0.8890000 -47.3317795
0.8900000 30.8993759
0.8910000 -0.0443043
0.8920000 41.5245018
0.8930000 -77.5256958
0.8940000 72.4634094
0.8950000 -2.6097796
0.8960000 -27.2735252
0.8970000 -5.4363575
0.8980000 1.4083529
0.8990000 12.8323154
0.9000000 28.1384830
0.9010000 -16.9687862
0.9020000 -7.2921753
0.9030000 -17.5095024
0.9040000 -7.7441707
0.9050000 -32.9117432
0.9060000 75.8947296
0.9070000 16.8875446
0.9080000 70.5902481
0.9090000 -27.7004166
0.9100000 9.9205008
0.9110000 3.9845905
0.9120000 10.3568192
0.9130000 -21.5429039
0.9140000 -25.9866219
0.9150000 -32.6161118
0.9160000 2.8692212
0.9170000 1.7235755
0.9180000 -0.2186305
0.9190000 11.1001406
0.9200000 33.2008209
0.9210000 -4.2158322
0.9220000 -43.9925728
0.9230000 117.8599472
0.9240000 52.2013092
0.9250000 34.9094276
0.9260000 13.9541349
0.9270000 -18.7840347
0.9280000 103.2344971
0.9290000 -34.7883072
0.9300000 41.4911613
0.9310000 6.4248080
0.9320000 8.2900276
0.9330000 4.4914913
0.9340000 1.3715402
0.9350000 -40.0917206
0.9360000 12.0935478
0.9370000 77.0168762
0.9380000 39.3561897
0.9390000 16.3801765
0.9400000 -56.9044342
0.9410000 24.9386597
0.9420000 25.7497559
0.9430000 9.5882187
0.9440000 3.2172711
0.9450000 15.4915075
0.9460000 -25.4354362
0.9470000 3.3658602
0.9480000 -26.4093342
0.9490000 -49.7418709
0.9500000 -21.7571526
0.9510000 2.6635716
0.9520000 41.0516853
0.9530000 58.4463844
0.9540000 54.0403175
0.9550000 -15.1126566
0.9560000 0.6706253
0.9570000 16.1012459
0.9580000 9.8021231
0.9590000 -8.1716232
0.9600000 -21.9597416
0.9610000 53.9617920
0.9620000 26.0873528
0.9630000 -33.9051590
0.9640000 4.9031105
0.9650000 32.1837044
0.9660000 -32.8291588
0.9670000 -38.0383987
0.9680000 -5.5587845
0.9690000 52.3425789
0.9700000 -27.4089851
0.9710000 0.7963504
0.9720000 46.7067184
0.9730000 -4.5851693
0.9740000 -27.5934525
0.9750000 -11.8855877
0.9760000 -13.2691259
0.9770000 13.5207119
0.9780000 -23.8136101
0.9790000 33.2005157
0.9800000 1.9590235
0.9810000 -33.7491226
0.9820000 -38.6573029
0.9830000 67.0720215
0.9840000 -26.8203831
0.9850000 29.4167404
0.9860000 3.2527201
0.9870000 -59.8678360
0.9880000 2.2204471
0.9890000 64.2411041
0.9900000 19.5314121
0.9910000 -41.4649506
0.9920000 42.9388618
0.9930000 38.2530823
0.9940000 27.8582764
0.9950000 -15.5303936
0.9960000 25.7755547
0.9970000 9.2864113
0.9980000 16.7500820
0.9990000 -5.6635156
