0.0000000 37.5375786
0.0010000 -54.1192284
0.0020000 -31.5512505
0.0030000 -66.1117477
0.0040000 -15.3480844
0.0050000 -2.1291292
0.0060000 -52.5912590
0.0070000 -47.0299988
0.0080000 19.0487251
0.0090000 -58.1118317
0.0100000 -26.0400772
0.0110000 43.2677078
0.0120000 24.9029140
0.0130000 -27.5448818
0.0140000 -9.4963875
0.0150000 -30.1456566
0.0160000 -18.1982517
0.0170000 33.7618904
0.0180000 -58.3094749
0.0190000 64.2571030
0.0200000 -40.4697037
0.0210000 -5.9690905
0.0220000 -43.9791298
0.0230000 -5.0673428
0.0240000 29.9235897
0.0250000 -0.2303568
0.0260000 -46.1485405
0.0270000 34.8571968
0.0280000 -5.0228605
0.0290000 -0.2898158
0.0300000 7.7381225
0.0310000 25.6710129
0.0320000 -47.5619164
0.0330000 20.5568161
0.0340000 -27.9559498
0.0350000 -49.6506653
0.0360000 39.5516396
0.0370000 26.1798363
0.0380000 -25.4833355
0.0390000 -7.6668987
0.0400000 -46.4176521
0.0410000 27.2960873
0.0420000 49.8716125
0.0430000 -15.0102568
0.0440000 -13.2257719
0.0450000 13.3437157
0.0460000 -53.8997231
0.0470000 40.9219818
0.0480000 -68.7740250
0.0490000 0.1167559
0.0500000 0.5684174
0.0510000 10.3603144
0.0520000 15.6418676
0.0530000 77.9376831
0.0540000 -14.8198328
0.0550000 -35.4532242
0.0560000 40.2580338
0.0570000 19.8723984
0.0580000 13.5256720
0.0590000 59.3916817
0.0600000 -49.2341080
0.0610000 -1.4550741
0.0620000 6.5374556
0.0630000 -2.6802869
0.0640000 41.7880974
0.0650000 -8.9981461
0.0660000 -4.1760731
0.0670000 47.2326241
0.0680000 -12.8080807
0.0690000 18.9661980
0.0700000 32.3156319
0.0710000 58.2366791
0.0720000 -5.3291807
0.0730000 -43.1918297
0.0740000 26.2501640
0.0750000 16.3880062
0.0760000 -16.6690941
0.0770000 -31.1564598
0.0780000 -19.4041672
0.0790000 -22.3096542
0.0800000 -13.6880846
0.0810000 -52.9003792
0.0820000 9.9431591
0.0830000 -57.1809349
0.0840000 29.8542595
0.0850000 -15.7831612
0.0860000 -9.6207657
0.0870000 22.7389202
0.0880000 -53.4707756
0.0890000 -60.3337708
0.0900000 33.6458092
0.0910000 -59.2591820
0.0920000 2.4732947
0.0930000 -56.8369904
0.0940000 -30.1547432
0.0950000 -12.7096777
0.0960000 20.3488483
0.0970000 -0.2665330
0.0980000 56.0903778
0.0990000 -1.6310747
0.1000000 -24.1815109
0.1010000 31.0348663
0.1020000 -41.1449394
0.1030000 -18.4557095
0.1040000 28.7977409
0.1050000 -14.1794643
0.1060000 69.6557007
0.1070000 12.1090193
0.1080000 -5.7112823
0.1090000 8.7931242
0.1100000 -28.3154774
0.1110000 31.8284969
0.1120000 -12.6662560
0.1130000 34.0386658
0.1140000 23.4736481
0.1150000 34.6001930
0.1160000 43.4966850
0.1170000 46.5911179
0.1180000 -11.9075527
0.1190000 14.8190908
0.1200000 -65.9796906
0.1210000 -30.2983170
0.1220000 17.2871704
0.1230000 66.4747696
0.1240000 -41.0000954
0.1250000 -3.6661565
0.1260000 -5.8959370
0.1270000 4.5356345
0.1280000 -18.1014538
0.1290000 91.7368546
0.1300000 40.2273903
0.1310000 13.2308674
0.1320000 -5.6651263
0.1330000 -3.7786024
0.1340000 -13.0553093
0.1350000 -21.1178741
0.1360000 15.3589582
0.1370000 -8.9582415
0.1380000 33.8444519
0.1390000 -35.4969940
0.1400000 9.5622921
0.1410000 -26.5944195
0.1420000 1.5359409
0.1430000 0.9880000
0.1440000 -72.0116119
0.1450000 -37.2950592
0.1460000 -28.4382992
0.1470000 -1.0408206
0.1480000 -11.9742680
0.1490000 28.3896732
0.1500000 -43.0825500
0.1510000 46.6072845
0.1520000 -30.8941441
0.1530000 8.7274723
0.1540000 13.5256109
0.1550000 -19.1153259
0.1560000 -9.8305483
0.1570000 10.7817955
0.1580000 25.4369984
0.1590000 37.5924225
0.1600000 14.0452967
0.1610000 -11.8409719
0.1620000 -45.9470825
0.1630000 -2.1989291
0.1640000 26.8270245
0.1650000 6.5096641
0.1660000 2.4557967
0.1670000 36.6809044
0.1680000 46.1402245
0.1690000 60.1367264
0.1700000 -18.1036930
0.1710000 11.5128927
0.1720000 -18.4821835
0.1730000 -59.3066521
0.1740000 48.5635834
0.1750000 -62.0092163
0.1760000 -35.0016899
0.1770000 7.1081443
0.1780000 25.1100788
0.1790000 -27.5112114
0.1800000 69.5658493
0.1810000 108.4294510
0.1820000 -5.3124900
0.1830000 8.2117939
0.1840000 36.0783272
0.1850000 -75.8642960
0.1860000 -34.6570206
0.1870000 -48.1097145
0.1880000 3.8855124
0.1890000 20.4431362
0.1900000 23.6902695
0.1910000 -15.3212223
0.1920000 7.2257814
0.1930000 -35.8027611
0.1940000 -24.2665958
0.1950000 -50.5617752
0.1960000 10.4537096
0.1970000 2.3752301
0.1980000 -24.8733120
0.1990000 -2.4939585
0.2000000 -106.5306320
0.2010000 -4.5141740
0.2020000 30.4302959
0.2030000 8.5371237
0.2040000 28.1092834
0.2050000 25.8621082
0.2060000 99.4088593
0.2070000 2.0248785
0.2080000 -5.6546044
0.2090000 20.8817329
0.2100000 9.7723598
0.2110000 8.6459970
0.2120000 -57.5938568
0.2130000 -3.6337273
0.2140000 -6.6645799
0.2150000 39.9318657
0.2160000 20.1872826
0.2170000 -3.5103753
0.2180000 -60.1958275
0.2190000 9.0334120
0.2200000 -23.8674488
0.2210000 37.0579758
0.2220000 -26.8987598
0.2230000 -33.7394714
0.2240000 -12.9989223
0.2250000 -19.3345757
0.2260000 -24.1946621
0.2270000 14.3814230
0.2280000 14.3371410
0.2290000 -45.9919891
0.2300000 58.6931877
0.2310000 -50.6702728
0.2320000 -20.3284187
0.2330000 29.9597206
0.2340000 21.0556145
0.2350000 -59.2357635
0.2360000 -4.6659093
0.2370000 1.6933818
0.2380000 -15.0372887
0.2390000 -12.6142216
0.2400000 14.3624353
0.2410000 5.3282614
0.2420000 -4.9414563
0.2430000 13.2550058
0.2440000 9.2834148
0.2450000 -8.5479326
0.2460000 37.5283165
0.2470000 -30.2440834
0.2480000 38.8331604
0.2490000 -0.9357559
0.2500000 5.5617728
0.2510000 28.7159195
0.2520000 18.6046352
0.2530000 32.3899002
0.2540000 15.4587154
0.2550000 -15.2535429
0.2560000 -9.5574474
0.2570000 -54.6970749
0.2580000 4.6039977
0.2590000 -20.8563023
0.2600000 72.8850861
0.2610000 16.0056534
0.2620000 -13.6697369
0.2630000 -12.3591852
0.2640000 -29.7753410
0.2650000 26.9371452
0.2660000 7.1139469
0.2670000 6.6013942
0.2680000 45.5333405
0.2690000 1.2527475
0.2700000 -56.3626709
0.2710000 -33.0101624
0.2720000 52.7544861
0.2730000 -17.7053699
0.2740000 8.8897524
0.2750000 9.9401979
0.2760000 15.6836519
0.2770000 -36.9605751
0.2780000 4.3026371
0.2790000 45.6490822
0.2800000 -36.8419876
0.2810000 39.8512726
0.2820000 -28.7285805
0.2830000 -13.5015421
0.2840000 15.7612829
0.2850000 32.8171463
0.2860000 11.9676075
0.2870000 60.6741829
0.2880000 26.1404209
0.2890000 -66.3071899
0.2900000 -13.0847549
0.2910000 0.4048343
0.2920000 -21.0385246
0.2930000 -29.7097721
0.2940000 14.2109289
0.2950000 -38.0392685
0.2960000 -78.8635712
0.2970000 -1.1148839
0.2980000 49.2014847
0.2990000 1.6416234
0.3000000 13.4446650
0.3010000 -2.8997250
0.3020000 -12.5992041
0.3030000 36.2040787
0.3040000 15.9777641
0.3050000 -34.0121918
0.3060000 -37.5131569
0.3070000 -45.7729378
0.3080000 -35.0059586
0.3090000 -22.0572605
0.3100000 -27.3527985
0.3110000 15.0156984
0.3120000 10.5874891
0.3130000 -5.0187778
0.3140000 -24.7128258
0.3150000 -33.2604065
0.3160000 -22.0257206
0.3170000 6.7161026
0.3180000 -4.9309735
0.3190000 16.1925812
0.3200000 16.5903301
0.3210000 9.4482346
0.3220000 5.4026656
0.3230000 83.0526123
0.3240000 -46.8208771
0.3250000 0.6997522
0.3260000 21.8311977
0.3270000 -9.1064501
0.3280000 -16.8230534
0.3290000 26.2841225
0.3300000 61.3115997
0.3310000 -24.9058704
0.3320000 70.9580002
0.3330000 -25.9036484
0.3340000 3.9748521
0.3350000 -37.3396835
0.3360000 29.6620579
0.3370000 70.6208878
0.3380000 0.8484041
0.3390000 48.8545380
0.3400000 56.1046028
0.3410000 27.7331104
0.3420000 45.5988312
0.3430000 -11.9694557
0.3440000 -21.1603107
0.3450000 -21.5214062
0.3460000 -18.0714817
0.3470000 -16.3574448
0.3480000 -53.0517921
0.3490000 19.5521259
0.3500000 8.7771273
0.3510000 3.5152698
0.3520000 -38.1615257
0.3530000 -32.9555435
0.3540000 -14.9022484
0.3550000 44.3809280
0.3560000 -33.7149277
0.3570000 -59.9238815
0.3580000 -8.7560005
0.3590000 15.2563934
0.3600000 23.1919956
0.3610000 -12.5230885
0.3620000 34.0168610
0.3630000 -87.5314789
0.3640000 -63.3300018
0.3650000 -23.5401878
0.3660000 -22.7162285
0.3670000 28.9878693
0.3680000 -53.9911652
0.3690000 32.2928810
0.3700000 -13.3227158
0.3710000 -40.9369812
0.3720000 31.3977337
0.3730000 -57.6592636
0.3740000 27.3241558
0.3750000 -10.4083347
0.3760000 -7.1150942
0.3770000 2.3432343
0.3780000 -9.5711842
0.3790000 -0.8362212
0.3800000 30.5706921
0.3810000 8.9654274
0.3820000 34.3191719
0.3830000 -45.9831352
0.3840000 26.9312534
0.3850000 -10.8323946
0.3860000 9.7001619
0.3870000 -9.3909712
0.3880000 30.0659389
0.3890000 9.7219105
0.3900000 19.8288898
0.3910000 11.9319477
0.3920000 -24.9643993
0.3930000 -24.9996872
0.3940000 -43.1435890
0.3950000 10.8821239
0.3960000 -27.6492405
0.3970000 27.2844658
0.3980000 -64.0039825
0.3990000 9.9845629
0.4000000 -22.7953167
0.4010000 -4.7779937
0.4020000 10.4717045
0.4030000 29.5264950
0.4040000 -27.7063370
0.4050000 -28.5964890
0.4060000 32.3994675
0.4070000 24.6672287
0.4080000 -71.6930466
0.4090000 0.6557848
0.4100000 8.1436911
0.4110000 -32.5232391
0.4120000 -52.0129128
0.4130000 -2.8491750
0.4140000 -12.7848692
0.4150000 38.7962151
0.4160000 -4.4444957
0.4170000 2.2034638
0.4180000 21.0928078
0.4190000 13.8614187
0.4200000 9.0046339
0.4210000 45.1271515
0.4220000 21.4028931
0.4230000 -31.0217686
0.4240000 30.4811440
0.4250000 8.5728626
0.4260000 -17.2538567
0.4270000 36.9030266
0.4280000 -8.6031265
0.4290000 35.9133492
0.4300000 -9.3587866
0.4310000 22.2393703
0.4320000 19.7709465
0.4330000 32.7736588
0.4340000 -20.6924133
0.4350000 39.9397049
0.4360000 53.6531143
0.4370000 40.5745735
0.4380000 39.6788788
0.4390000 20.4032974
0.4400000 -63.0809402
0.4410000 -49.3894463
0.4420000 -19.1175957
0.4430000 -27.7177658
0.4440000 -1.8556997
0.4450000 -66.7542191
0.4460000 8.1329803
0.4470000 21.6398716
0.4480000 13.5217962
0.4490000 -63.6998024
0.4500000 9.4955301
0.4510000 13.1749735
0.4520000 30.8331451
0.4530000 -7.1484103
0.4540000 -58.5612564
0.4550000 47.0607986
0.4560000 15.9053516
0.4570000 -52.9204559
0.4580000 -1.2843677
0.4590000 16.6780529
0.4600000 1.9292893
0.4610000 67.8965149
0.4620000 23.0544491
0.4630000 0.4610121
0.4640000 -63.1596909
0.4650000 -7.9932551
0.4660000 45.7130623
0.4670000 -70.1801987
0.4680000 -7.6442142
0.4690000 -1.9839143
0.4700000 63.4266090
0.4710000 -7.1400542
0.4720000 -7.7727237
0.4730000 17.7910385
0.4740000 23.5723362
0.4750000 0.6052292
0.4760000 -44.1049728
0.4770000 -16.9989452
0.4780000 48.5342751
0.4790000 52.5625267
0.4800000 -15.3202353
0.4810000 49.7263756
0.4820000 22.4810123
0.4830000 -16.0282345
0.4840000 -34.5652161
0.4850000 -36.1031685
0.4860000 26.1583958
0.4870000 -35.6692810
0.4880000 21.1195297
0.4890000 7.5285811
0.4900000 -39.5203400
0.4910000 20.7853947
0.4920000 4.6627731
0.4930000 27.5687370
0.4940000 0.3157504
0.4950000 -15.9546690
0.4960000 -101.3990784
0.4970000 4.0033860
0.4980000 29.3270493
0.4990000 4.2592669
0.5000000 -52.5036125
0.5010000 7.4171467
0.5020000 39.9477463
0.5030000 6.2182450
0.5040000 29.4896336
0.5050000 63.0312309
0.5060000 64.6736069
0.5070000 -28.4852028
0.5080000 33.5650940
0.5090000 -24.8488960
0.5100000 67.6116333
0.5110000 -60.1173515
0.5120000 -48.3995476
0.5130000 34.7275391
0.5140000 -15.9010506
0.5150000 -31.5397530
0.5160000 22.2720528
0.5170000 -49.3678741
0.5180000 9.1964836
0.5190000 8.1220064
0.5200000 -48.1864700
0.5210000 5.1410856
0.5220000 32.6392784
0.5230000 -64.2669067
0.5240000 -79.2851639
0.5250000 42.5176620
0.5260000 -12.9645939
0.5270000 -13.6577578
0.5280000 8.9483261
0.5290000 38.0503311
0.5300000 41.3722038
0.5310000 -64.6100388
0.5320000 26.0629120
0.5330000 34.9015388
0.5340000 45.2853546
0.5350000 -12.7010622
0.5360000 21.5463104
0.5370000 -4.7612801
0.5380000 -23.4587955
0.5390000 14.6219425
0.5400000 -2.3640084
0.5410000 -24.0264740
0.5420000 1.8236451
0.5430000 5.0685534
0.5440000 30.4059734
0.5450000 -27.4805622
0.5460000 -14.3910570
0.5470000 -3.2116499
0.5480000 -60.4015007
0.5490000 -19.6916847
0.5500000 54.2022591
0.5510000 -13.6643877
0.5520000 -21.5566101
0.5530000 2.6808069
0.5540000 64.7076721
0.5550000 60.2189484
0.5560000 28.2637405
0.5570000 -24.3457165
0.5580000 -55.1135635
0.5590000 -2.4400342
0.5600000 19.5688648
0.5610000 6.1966891
0.5620000 -23.5958996
0.5630000 -0.4966244
0.5640000 -24.8601780
0.5650000 -7.2568016
0.5660000 -20.0830002
0.5670000 9.8789530
0.5680000 -14.0272713
0.5690000 26.4831238
0.5700000 -1.1849346
0.5710000 -43.0461502
0.5720000 -18.5907822
0.5730000 10.6897659
0.5740000 -4.9096003
0.5750000 -42.7134018
0.5760000 -10.3243351
0.5770000 37.2244949
0.5780000 38.4886627
0.5790000 -25.8893261
0.5800000 -108.9869156
0.5810000 13.0344095
0.5820000 1.2388235
0.5830000 38.9958000
0.5840000 5.7756138
0.5850000 -16.9094315
0.5860000 13.5400763
0.5870000 5.2199101
0.5880000 35.8062630
0.5890000 26.5928726
0.5900000 60.2912560
0.5910000 6.3737941
0.5920000 42.0269737
0.5930000 18.3012791
0.5940000 24.1499119
0.5950000 7.9855657
0.5960000 17.1617355
0.5970000 14.2289104
0.5980000 21.6453209
0.5990000 -14.9546671
0.6000000 -2.2593021
0.6010000 61.9441032
0.6020000 27.4365387
0.6030000 16.1843033
0.6040000 -42.1590691
0.6050000 1.2880334
0.6060000 17.3821297
0.6070000 4.3815165
0.6080000 -29.1340828
0.6090000 33.3751450
0.6100000 -20.7096767
0.6110000 38.4790077
0.6120000 -53.3886986
0.6130000 12.1597614
0.6140000 -25.2020607
0.6150000 47.4547272
0.6160000 22.8899288
0.6170000 -5.7164989
0.6180000 4.5200200
0.6190000 21.1133823
0.6200000 32.7511063
0.6210000 -40.6561470
0.6220000 -11.9267101
0.6230000 10.9056835
0.6240000 98.1648102
0.6250000 -36.9273224
0.6260000 35.4420280
0.6270000 37.8913460
0.6280000 14.7174015
0.6290000 -32.8080788
0.6300000 -105.3340378
0.6310000 -12.5994844
0.6320000 76.0185242
0.6330000 0.6191810
0.6340000 -24.0858173
0.6350000 -18.6534805
0.6360000 -60.6905022
0.6370000 36.0825500
0.6380000 -25.4735661
0.6390000 74.1185150
0.6400000 -77.6616745
0.6410000 -36.4073868
0.6420000 13.2621651
0.6430000 62.0446243
0.6440000 117.1748886
0.6450000 29.1517010
0.6460000 65.5459976
0.6470000 -17.5810699
0.6480000 -6.8999200
0.6490000 -23.0130119
0.6500000 -36.7578316
0.6510000 -14.3564682
0.6520000 -38.8932152
0.6530000 14.3999081
0.6540000 -26.5805759
0.6550000 -10.9359961
0.6560000 2.3132658
0.6570000 -52.7762756
0.6580000 -26.3770123
0.6590000 -7.1778231
0.6600000 -38.8766556
0.6610000 47.2889061
0.6620000 28.7585793
0.6630000 -4.3472271
0.6640000 -10.5347090
0.6650000 30.3282471
0.6660000 6.2108560
0.6670000 -4.5093241
0.6680000 47.3702850
0.6690000 16.1908417
0.6700000 2.0763199
0.6710000 -34.6205482
0.6720000 -6.7357831
0.6730000 32.5424995
0.6740000 -2.0570924
0.6750000 -17.6729298
0.6760000 16.1528378
0.6770000 -17.5978985
0.6780000 44.3339691
0.6790000 -12.2659149
0.6800000 51.2286224
0.6810000 -24.3822079
0.6820000 -1.4081453
0.6830000 -2.6886060
0.6840000 -8.4207964
0.6850000 -36.8858566
0.6860000 -30.4894123
0.6870000 -5.5040402
0.6880000 59.8357048
0.6890000 14.5784206
0.6900000 -0.3906454
0.6910000 -1.4098874
0.6920000 2.3194573
0.6930000 -0.7523531
0.6940000 0.5872673
0.6950000 15.3355370
0.6960000 45.5849991
0.6970000 42.1825523
0.6980000 -24.9030399
0.6990000 1.1533564
0.7000000 -34.5798531
0.7010000 -22.6469612
0.7020000 18.0981026
0.7030000 -38.7081604
0.7040000 20.8948536
0.7050000 26.1099510
0.7060000 -33.6966209
0.7070000 54.3382378
0.7080000 -18.4111328
0.7090000 58.0547028
0.7100000 -11.0740843
0.7110000 -32.3345718
0.7120000 19.3217068
0.7130000 19.4607620
0.7140000 17.4727154
0.7150000 31.3999252
0.7160000 -6.5941219
0.7170000 -16.9289780
0.7180000 76.4882431
0.7190000 25.7303219
0.7200000 -3.2216921
0.7210000 -9.3902531
0.7220000 1.4085344
0.7230000 -26.0852032
0.7240000 -7.1088018
0.7250000 3.7145598
0.7260000 42.9910698
0.7270000 50.4849472
0.7280000 8.9634762
0.7290000 57.9602814
0.7300000 -37.9792099
0.7310000 -44.0991859
0.7320000 9.1743631
0.7330000 23.8295326
0.7340000 -83.8034058
0.7350000 -16.2460518
0.7360000 -6.8880491
0.7370000 -7.0699916
0.7380000 31.2184772
0.7390000 -46.1872025
0.7400000 -42.3692245
0.7410000 -1.3187749
0.7420000 57.5560989
0.7430000 -22.4105453
0.7440000 26.3570747
0.7450000 57.1767235
0.7460000 -2.1573954
0.7470000 41.2535057
0.7480000 0.9608414
0.7490000 -45.4983673
0.7500000 -20.1317673
0.7510000 16.3935452
0.7520000 24.1136951
0.7530000 -28.6132240
0.7540000 5.9972162
0.7550000 -3.5794902
0.7560000 -41.2448616
0.7570000 6.4406829
0.7580000 76.2965927
0.7590000 -41.6871567
0.7600000 82.8879166
0.7610000 -37.8512115
0.7620000 38.1574173
0.7630000 42.5899429
0.7640000 -11.3680630
0.7650000 37.7388420
0.7660000 -76.2188644
0.7670000 -22.0729561
0.7680000 45.6687546
0.7690000 45.5475998
0.7700000 -74.6692276
0.7710000 51.1492653
0.7720000 -0.5693222
0.7730000 -3.3007951
0.7740000 -12.2225246
0.7750000 62.5671997
0.7760000 30.1257572
0.7770000 19.8813210
0.7780000 -54.4807014
0.7790000 10.3473072
0.7800000 10.8788090
0.7810000 65.9150772
0.7820000 -25.9274330
0.7830000 55.5167084
0.7840000 9.1239853
0.7850000 -23.3972549
0.7860000 33.3433228
0.7870000 -4.8300204
0.7880000 -81.8327026
0.7890000 66.5204086
0.7900000 13.1283903
0.7910000 73.6119156
0.7920000 -23.4833717
0.7930000 -27.5338516
0.7940000 -11.7311640
0.7950000 8.1969242
0.7960000 68.2446136
0.7970000 28.2177296
0.7980000 -3.3904634
0.7990000 -33.7471657
0.8000000 -14.3268929
0.8010000 18.9195786
0.8020000 14.1825199
0.8030000 -30.2773628
0.8040000 -16.6969223
0.8050000 30.5976963
0.8060000 -13.0161877
0.8070000 -7.7579951
0.8080000 -19.9841557
0.8090000 37.3552132
0.8100000 -6.5041461
0.8110000 -19.8963566
0.8120000 -2.9599631
0.8130000 7.9392333
0.8140000 22.8980885
0.8150000 -41.7719193
0.8160000 -31.0527916
0.8170000 -44.0667305
0.8180000 23.6503201
0.8190000 -26.7214622
0.8200000 -8.5899229
0.8210000 -4.7889457
0.8220000 -54.1784744
0.8230000 43.5074348
0.8240000 -25.5785103
0.8250000 46.2195168
0.8260000 2.2917550
0.8270000 45.1746140
0.8280000 35.4757500
0.8290000 -24.8142910
0.8300000 -70.0749741
0.8310000 -36.7281456
0.8320000 11.6655035
0.8330000 25.1269970
0.8340000 50.8521156
0.8350000 -26.7775898
0.8360000 12.7037687
0.8370000 14.9901237
0.8380000 21.9437046
0.8390000 39.1781540
0.8400000 -27.8064461
0.8410000 -96.5946045
0.8420000 56.1732521
0.8430000 -33.4309769
0.8440000 1.6149403
0.8450000 33.2009583
0.8460000 -6.4218593
0.8470000 -64.2249222
0.8480000 -39.8502693
0.8490000 -42.0373192
0.8500000 63.9311981
0.8510000 27.6991234
0.8520000 -67.7445145
0.8530000 -10.6920815
0.8540000 -7.7838049
0.8550000 23.8107452
0.8560000 -16.2016449
0.8570000 19.7233009
0.8580000 38.5959511
0.8590000 5.1216030
0.8600000 16.2621555
0.8610000 26.1308670
0.8620000 -12.4829283
0.8630000 -12.8885021
0.8640000 -34.4511261
0.8650000 48.4047661
0.8660000 33.6636658
0.8670000 -36.2257042
0.8680000 -17.1286602
0.8690000 -41.5676308
0.8700000 39.1447716
0.8710000 2.7900276
0.8720000 -5.0302482
0.8730000 -43.4630737
0.8740000 7.1962929
0.8750000 -8.8093300
0.8760000 46.0146255
0.8770000 36.2038498
0.8780000 -9.0828476
0.8790000 -20.8416634
0.8800000 54.9095306
0.8810000 21.1326313
0.8820000 -28.7890472
0.8830000 21.0989933
0.8840000 11.4266825
0.8850000 -28.2584934
0.8860000 36.7723007
0.8870000 7.5327244
0.8880000 -85.7725220
0.8890000 -11.8397284
0.8900000 2.2267680
0.8910000 -13.8625221
0.8920000 -3.2701409
0.8930000 -46.4850464
0.8940000 -38.2919197
0.8950000 9.9727974
0.8960000 -19.4406815
0.8970000 30.0349255
0.8980000 -29.7245464
0.8990000 25.5674725
0.9000000 17.9537640
0.9010000 -20.8865433
0.9020000 29.0248833
0.9030000 -49.8908424
0.9040000 -15.9366093
0.9050000 -48.2850838
0.9060000 -30.1798687
0.9070000 -31.9631100
0.9080000 55.8052292
0.9090000 44.0512543
0.9100000 10.5830736
0.9110000 -3.6065171
0.9120000 -4.3173504
0.9130000 -5.4581690
0.9140000 5.5620174
0.9150000 2.8824446
0.9160000 41.9837227
0.9170000 8.1452475
0.9180000 -29.0645180
0.9190000 56.3844643
0.9200000 -24.9936218
0.9210000 -36.7437744
0.9220000 10.3572044
0.9230000 19.7531338
0.9240000 16.8280411
0.9250000 -2.2091570
0.9260000 47.4127045
0.9270000 1.4514046
0.9280000 -8.0307388
0.9290000 -49.6447906
0.9300000 4.3726649
0.9310000 -12.0515566
0.9320000 1.4337131
0.9330000 -91.8106079
0.9340000 -73.6409378
0.9350000 -31.9521065
0.9360000 -34.6215439
0.9370000 -52.6326752
0.9380000 -17.1462860
0.9390000 -19.0671902
0.9400000 14.2953300
0.9410000 66.9997787
0.9420000 -40.9919395
0.9430000 16.7772179
0.9440000 14.8022604
0.9450000 -28.2422352
0.9460000 -19.6077461
0.9470000 11.1997938
0.9480000 56.2994347
0.9490000 -12.1931057
0.9500000 1.6392633
0.9510000 33.0387001
0.9520000 56.8235550
0.9530000 13.8173285
0.9540000 -17.0961266
0.9550000 -16.7570972
0.9560000 -5.2061715
0.9570000 -27.7603798
0.9580000 -33.0202599
0.9590000 34.1165581
0.9600000 -64.7873230
0.9610000 12.3272915
0.9620000 -84.2062836
0.9630000 -0.0467777
0.9640000 -26.1419487
0.9650000 -16.8025227
0.9660000 -29.5537777
0.9670000 -75.8090591
0.9680000 30.3089333
0.9690000 -53.5185051
0.9700000 -44.1041794
0.9710000 -50.1273117
0.9720000 -2.8740366
0.9730000 7.7247324
0.9740000 10.8466339
0.9750000 33.6679077
0.9760000 -1.5029234
0.9770000 -28.3300762
0.9780000 30.7053452
0.9790000 35.8564301
0.9800000 26.8752136
0.9810000 19.7899761
0.9820000 63.5949097
0.9830000 23.6781521
0.9840000 48.0393944
0.9850000 3.0709460
0.9860000 -2.7921388
0.9870000 8.5455856
0.9880000 -13.3651361
0.9890000 -19.7498455
0.9900000 -47.2381020
0.9910000 -19.5237904
0.9920000 -66.4324265
0.9930000 20.2594013
0.9940000 -57.3489151
0.9950000 -59.7169456
0.9960000 -8.7170162
0.9970000 45.8271294
0.9980000 -29.9571667
0.9990000 9.0320597
