0.0000000 16.2896976
0.0010000 -7.0115829
0.0020000 -42.3621178
0.0030000 32.3101883
0.0040000 -66.9470825
0.0050000 -24.1010056
0.0060000 -2.6916981
0.0070000 25.6786671
0.0080000 -0.6455817
0.0090000 -25.5634537
0.0100000 10.6989384
0.0110000 -39.0805397
0.0120000 -3.1412861
0.0130000 11.5417614
0.0140000 -28.6488056
0.0150000 14.1498022
0.0160000 6.2089410
0.0170000 -35.4117966
0.0180000 23.9589043
0.0190000 19.7803059
0.0200000 23.5627804
0.0210000 -23.0271015
0.0220000 -103.9196091
0.0230000 -29.6435661
0.0240000 35.3534050
0.0250000 51.0880470
0.0260000 3.9829636
0.0270000 25.7275906
0.0280000 -47.6762047
0.0290000 32.1393280
0.0300000 46.3010178
0.0310000 -87.4242325
0.0320000 -68.7859650
0.0330000 53.8132133
0.0340000 -24.8126907
0.0350000 -18.9992428
0.0360000 18.3494282
0.0370000 56.9514885
0.0380000 -40.4869347
0.0390000 -17.0439396
0.0400000 -17.9718761
0.0410000 34.5940323
0.0420000 31.6465759
0.0430000 5.4598579
0.0440000 -37.6636734
0.0450000 -9.5512094
0.0460000 16.2377186
0.0470000 17.0129795
0.0480000 39.8773689
0.0490000 39.6624451
0.0500000 -24.9553680
0.0510000 -20.7463913
0.0520000 -21.1289062
0.0530000 -29.1546593
0.0540000 4.3748064
0.0550000 -31.5854130
0.0560000 -7.0497823
0.0570000 16.9928608
0.0580000 -12.7971239
0.0590000 14.2335882
0.0600000 2.0938997
0.0610000 17.9135342
0.0620000 -3.3064022
0.0630000 -80.9954681
0.0640000 -34.9238701
0.0650000 53.6772461
0.0660000 34.0859795
0.0670000 24.8913136
0.0680000 32.6411209
0.0690000 -20.7029285
0.0700000 63.8052406
0.0710000 -7.2270155
0.0720000 58.2516174
0.0730000 -18.5371857
0.0740000 -11.3194933
0.0750000 16.6086235
0.0760000 -44.5273781
0.0770000 -71.1893921
0.0780000 -35.9291115
0.0790000 13.8593369
0.0800000 -19.4456043
0.0810000 -1.9240831
0.0820000 -15.2131233
0.0830000 14.3155184
0.0840000 -53.0743179
0.0850000 23.2284241
0.0860000 23.5811405
0.0870000 -16.5667133
0.0880000 6.3319516
0.0890000 -33.5591125
0.0900000 -78.6550598
0.0910000 -18.6077194
0.0920000 13.8285465
0.0930000 -0.1509503
0.0940000 29.0604076
0.0950000 -12.6368065
0.0960000 -38.0616226
0.0970000 -1.7350953
0.0980000 -10.1419210
0.0990000 16.8542194
0.1000000 -26.6567020
0.1010000 -10.9771490
0.1020000 -4.2917337
0.1030000 -46.1130905
0.1040000 13.1704216
0.1050000 18.4958382
0.1060000 -27.7867699
0.1070000 17.0350494
0.1080000 8.6329432
0.1090000 12.8410559
0.1100000 -41.0552025
0.1110000 -10.9782333
0.1120000 -63.4494095
0.1130000 -55.1806259
0.1140000 64.3396835
0.1150000 12.2401114
0.1160000 -26.4806328
0.1170000 -5.9910269
0.1180000 -79.2742538
0.1190000 -7.3622270
0.1200000 42.4663162
0.1210000 7.8329649
0.1220000 17.3118420
0.1230000 31.3540077
0.1240000 -6.9853158
0.1250000 -20.0348854
0.1260000 3.5483160
0.1270000 -11.0725870
0.1280000 -76.4253616
0.1290000 -2.7117689
0.1300000 71.9689941
0.1310000 67.1595383
0.1320000 33.8638153
0.1330000 10.6644115
0.1340000 -28.1715431
0.1350000 -33.3524895
0.1360000 -6.7410889
0.1370000 -5.8757019
0.1380000 -8.9897251
0.1390000 -39.2204704
0.1400000 -72.6585999
0.1410000 42.5674973
0.1420000 -3.3144500
0.1430000 -22.6546955
0.1440000 37.7414398
0.1450000 -13.5082817
0.1460000 16.4761066
0.1470000 -45.2536659
0.1480000 69.6311798
0.1490000 -68.5486450
0.1500000 -25.8322468
0.1510000 44.7654228
0.1520000 52.2304955
0.1530000 -33.0615311
0.1540000 -54.7245178
0.1550000 9.3365707
0.1560000 20.2715225
0.1570000 2.5775290
0.1580000 -5.1345487
0.1590000 -14.1385231
0.1600000 5.9477291
0.1610000 -14.1702061
0.1620000 66.3214798
0.1630000 -13.7333069
0.1640000 34.2188377
0.1650000 -36.0367393
0.1660000 9.4106216
0.1670000 44.9727478
0.1680000 37.7057419
0.1690000 4.1385317
0.1700000 -18.1623859
0.1710000 -21.1697979
0.1720000 -44.0988197
0.1730000 39.3515434
0.1740000 35.4360809
0.1750000 -25.5989342
0.1760000 0.8677320
0.1770000 15.2486658
0.1780000 -14.1382294
0.1790000 7.3510776
0.1800000 44.2472115
0.1810000 -14.0619888
0.1820000 48.7097206
0.1830000 80.2724228
0.1840000 27.8672047
0.1850000 10.8275461
0.1860000 13.5866032
0.1870000 -19.5716190
0.1880000 32.1322899
0.1890000 20.7559261
0.1900000 62.7518883
0.1910000 -37.9119911
0.1920000 8.7751484
0.1930000 54.6917496
0.1940000 8.1800508
0.1950000 -30.6340160
0.1960000 -0.6950787
0.1970000 -10.9587765
0.1980000 -10.9410734
0.1990000 -9.9102135
0.2000000 -16.9789429
0.2010000 -75.6059189
0.2020000 54.9910507
0.2030000 22.7777805
0.2040000 36.8742218
0.2050000 -5.2809463
0.2060000 -57.6727486
0.2070000 -7.4463100
0.2080000 39.8896561
0.2090000 -19.6918926
0.2100000 14.9663000
0.2110000 -16.0260201
0.2120000 3.4212096
0.2130000 37.0848656
0.2140000 -23.7699127
0.2150000 -20.8082180
0.2160000 27.0533218
0.2170000 52.3330345
0.2180000 -13.4612017
0.2190000 -82.9955063
0.2200000 22.2840519
0.2210000 71.1177521
0.2220000 3.9047577
0.2230000 -28.7469025
0.2240000 -38.1959724
0.2250000 8.4515638
0.2260000 -1.9229038
0.2270000 52.8207932
0.2280000 3.3949575
0.2290000 -12.0806742
0.2300000 52.4061699
0.2310000 -51.2609482
0.2320000 -15.0442953
0.2330000 36.4253464
0.2340000 17.3646755
0.2350000 -15.6257401
0.2360000 31.0017319
0.2370000 -30.5392475
0.2380000 32.9326553
0.2390000 74.2282944
0.2400000 41.8244476
0.2410000 11.0791636
0.2420000 17.4900379
0.2430000 -27.5073872
0.2440000 -36.1959305
0.2450000 -7.4612384
0.2460000 45.6174393
0.2470000 26.3661919
0.2480000 -7.2358379
0.2490000 -27.0555820
0.2500000 7.8628340
0.2510000 -102.3896408
0.2520000 0.1705832
0.2530000 -27.2064419
0.2540000 13.1374750
0.2550000 -8.8666220
0.2560000 -50.1708794
0.2570000 -64.0820160
0.2580000 40.2939682
0.2590000 20.7157192
0.2600000 21.7035542
0.2610000 -9.4904099
0.2620000 32.1056709
0.2630000 5.9514790
0.2640000 27.9211445
0.2650000 -46.4209480
0.2660000 22.7519474
0.2670000 13.8050270
0.2680000 56.2508545
0.2690000 -4.1885986
0.2700000 5.2752852
0.2710000 -43.2181282
0.2720000 27.2909908
0.2730000 3.1195326
0.2740000 -61.9100685
0.2750000 -59.5481300
0.2760000 -16.5588703
0.2770000 12.4945793
0.2780000 -8.9091454
0.2790000 39.3044281
0.2800000 10.8676682
0.2810000 12.3730373
0.2820000 -20.3433628
0.2830000 -22.1718082
0.2840000 26.6869297
0.2850000 -3.0044022
0.2860000 26.2447777
0.2870000 -20.1140079
0.2880000 5.0534096
0.2890000 -33.0675278
0.2900000 48.8123016
0.2910000 -28.3174458
0.2920000 -8.4604464
0.2930000 -21.3649445
0.2940000 23.9084530
0.2950000 -12.6873436
0.2960000 -90.4780807
0.2970000 8.1179800
0.2980000 0.6895608
0.2990000 41.4856186
0.3000000 -3.0779371
0.3010000 23.5521431
0.3020000 -7.8603330
0.3030000 -11.2886410
0.3040000 -34.6398163
0.3050000 7.7529817
0.3060000 -31.4547710
0.3070000 15.7421665
0.3080000 22.6461544
0.3090000 -61.6242561
0.3100000 24.6592026
0.3110000 -3.5340502
0.3120000 -9.8622799
0.3130000 -24.4238262
0.3140000 99.4035187
0.3150000 -19.0222912
0.3160000 48.6438179
0.3170000 -48.3623276
0.3180000 -21.6644993
0.3190000 33.9998970
0.3200000 -92.1731339
0.3210000 96.1221237
0.3220000 20.3894653
0.3230000 5.2056670
0.3240000 -10.0064812
0.3250000 -20.4485645
0.3260000 -32.8846970
0.3270000 -6.7273655
0.3280000 -30.7368336
0.3290000 -3.7921562
0.3300000 27.4707012
0.3310000 38.3677177
0.3320000 31.3351421
0.3330000 35.6238403
0.3340000 19.6402931
0.3350000 12.4878063
0.3360000 32.7702942
0.3370000 59.3917961
0.3380000 -12.6998253
0.3390000 -9.8469439
0.3400000 18.9639606
0.3410000 5.9808941
0.3420000 19.3481579
0.3430000 -53.0122871
0.3440000 -41.3459473
0.3450000 7.0907855
0.3460000 -50.8512993
0.3470000 -15.4622116
0.3480000 74.7746964
0.3490000 -31.7218838
0.3500000 84.2253036
0.3510000 13.5973845
0.3520000 -45.9630013
0.3530000 34.1318474
0.3540000 -31.6404324
0.3550000 28.8489685
0.3560000 -12.4693174
0.3570000 -40.2831535
0.3580000 70.1284943
0.3590000 -16.4157639
0.3600000 -47.0938110
0.3610000 4.1382203
0.3620000 -37.4714966
0.3630000 -45.2078018
0.3640000 66.9081802
0.3650000 2.2103405
0.3660000 -15.9970016
0.3670000 27.0532970
0.3680000 -6.9068460
0.3690000 -6.6354394
0.3700000 -18.9142704
0.3710000 -52.8497620
0.3720000 -6.1455774
0.3730000 -27.7797985
0.3740000 -18.6912937
0.3750000 -0.0876418
0.3760000 -75.2192993
0.3770000 28.0327091
0.3780000 -2.5732429
0.3790000 28.7363129
0.3800000 13.5202475
0.3810000 4.1408257
0.3820000 2.1045694
0.3830000 38.6899376
0.3840000 0.8037905
0.3850000 -8.2928314
0.3860000 -32.2878227
0.3870000 51.4147339
0.3880000 -4.7019148
0.3890000 71.8074493
0.3900000 6.1809072
0.3910000 -15.1451330
0.3920000 -39.1779404
0.3930000 -1.2413424
0.3940000 -16.1137714
0.3950000 60.2469864
0.3960000 -39.5861549
0.3970000 76.6200104
0.3980000 22.7422638
0.3990000 66.1066971
0.4000000 -1.5681275
0.4010000 49.4920731
0.4020000 -3.3334615
0.4030000 24.4208584
0.4040000 14.9148464
0.4050000 15.7532301
0.4060000 -4.8840914
0.4070000 -33.8779602
0.4080000 -43.6668777
0.4090000 -34.7333450
0.4100000 -28.8391075
0.4110000 -40.0930710
0.4120000 4.5146608
0.4130000 -29.4745846
0.4140000 -37.3556633
0.4150000 45.7553139
0.4160000 -35.2130394
0.4170000 -14.0587378
0.4180000 -34.9719887
0.4190000 -34.5696106
0.4200000 -13.7432623
0.4210000 10.9665298
0.4220000 64.2512436
0.4230000 -36.2313232
0.4240000 -0.8211154
0.4250000 -27.3510265
0.4260000 -58.4903107
0.4270000 37.1155548
0.4280000 -26.1820374
0.4290000 2.4772055
0.4300000 3.4757311
0.4310000 56.8035240
0.4320000 15.3298883
0.4330000 32.2505379
0.4340000 -20.7848511
0.4350000 -59.2061386
0.4360000 2.1572702
0.4370000 4.0373063
0.4380000 2.3004649
0.4390000 15.9219465
0.4400000 -34.5037346
0.4410000 15.2535686
0.4420000 12.7007494
0.4430000 -9.4868975
0.4440000 -20.8994045
0.4450000 -18.5842037
0.4460000 -1.0940710
0.4470000 11.9680014
0.4480000 -30.2921486
0.4490000 -41.3014755
0.4500000 1.3959855
0.4510000 -54.6524544
0.4520000 42.3697357
0.4530000 25.3494873
0.4540000 54.2953033
0.4550000 -64.6859741
0.4560000 -29.0472965
0.4570000 -40.4947166
0.4580000 -35.9910393
0.4590000 -88.0107117
0.4600000 -7.2969332
0.4610000 11.1175690
0.4620000 33.4581184
0.4630000 14.4617634
0.4640000 -6.8908310
0.4650000 22.9249744
0.4660000 -3.5930817
0.4670000 -28.8508511
0.4680000 -34.6734886
0.4690000 17.4436874
0.4700000 -38.0548286
0.4710000 -33.5064163
0.4720000 -35.2639923
0.4730000 42.5570030
0.4740000 33.0485840
0.4750000 21.4000301
0.4760000 19.3720322
0.4770000 -67.6833801
0.4780000 -12.1578064
0.4790000 15.8625422
0.4800000 -85.9795380
0.4810000 10.2020788
0.4820000 -0.5377694
0.4830000 -47.3839645
0.4840000 -2.2972889
0.4850000 11.0817270
0.4860000 -35.8810349
0.4870000 -17.6393967
0.4880000 54.3596039
0.4890000 -9.8023834
0.4900000 -12.9176550
0.4910000 5.4096961
0.4920000 39.5035934
0.4930000 4.0542960
0.4940000 -3.8604186
0.4950000 -0.6621758
0.4960000 -57.6036682
0.4970000 9.3692284
0.4980000 35.1653481
0.4990000 48.2927895
0.5000000 -16.5177250
0.5010000 -49.9399147
0.5020000 -60.4027939
0.5030000 -25.9479065
0.5040000 22.7172375
0.5050000 0.2264468
0.5060000 -6.0659227
0.5070000 31.6973572
0.5080000 -25.2369041
0.5090000 -28.4511070
0.5100000 33.0212631
0.5110000 19.4979095
0.5120000 52.0234947
0.5130000 29.1482735
0.5140000 -25.0705433
0.5150000 14.8714581
0.5160000 -9.9440193
0.5170000 -43.2177696
0.5180000 103.6992035
0.5190000 0.4462546
0.5200000 29.3722515
0.5210000 -3.2707198
0.5220000 -10.4951954
0.5230000 -18.2502594
0.5240000 -0.8078040
0.5250000 13.4613323
0.5260000 -37.0562019
0.5270000 -1.1362908
0.5280000 -3.9636307
0.5290000 -60.6350441
0.5300000 21.1712532
0.5310000 68.3317947
0.5320000 36.6011620
0.5330000 -4.8025255
0.5340000 -29.6499195
0.5350000 -26.0144253
0.5360000 11.3207693
0.5370000 -28.9745789
0.5380000 1.4745067
0.5390000 50.2361641
0.5400000 15.8454590
0.5410000 -8.0350685
0.5420000 3.7592137
0.5430000 15.4443550
0.5440000 -1.6365868
0.5450000 -27.0409126
0.5460000 11.4848757
0.5470000 -15.2262440
0.5480000 29.4876270
0.5490000 -18.5848351
0.5500000 -14.9200306
0.5510000 11.8684416
0.5520000 -45.1496544
0.5530000 32.4295349
0.5540000 39.4357338
0.5550000 17.1747684
0.5560000 -22.6878948
0.5570000 8.2421265
0.5580000 28.2854900
0.5590000 -28.9555130
0.5600000 11.9871531
0.5610000 10.1634169
0.5620000 -3.2809219
0.5630000 -64.4694366
0.5640000 -70.7415924
0.5650000 -2.8884346
0.5660000 -15.4230194
0.5670000 6.1214147
0.5680000 -8.4440584
0.5690000 4.9505415
0.5700000 -31.8514843
0.5710000 -29.5532932
0.5720000 36.7182579
0.5730000 -69.1163254
0.5740000 5.6597376
0.5750000 -27.3628216
0.5760000 9.7059526
0.5770000 44.4901695
0.5780000 -22.1332645
0.5790000 46.2464180
0.5800000 14.0683441
0.5810000 -8.1345682
0.5820000 -51.6817284
0.5830000 45.2503357
0.5840000 34.9165497
0.5850000 -14.3724880
0.5860000 -36.2765770
0.5870000 16.4101048
0.5880000 -5.7307758
0.5890000 4.9442348
0.5900000 8.6647940
0.5910000 41.7540779
0.5920000 -52.8231697
0.5930000 51.6728973
0.5940000 -13.7340336
0.5950000 18.7338486
0.5960000 14.2161875
0.5970000 -8.4093599
0.5980000 -33.5310326
0.5990000 -2.3665242
0.6000000 -13.5653276
0.6010000 4.1828537
0.6020000 0.8262429
0.6030000 92.5554886
0.6040000 82.8621597
0.6050000 -8.6773806
0.6060000 -18.9543972
0.6070000 33.0948524
0.6080000 -30.7939777
0.6090000 54.8502159
0.6100000 -56.6448441
0.6110000 -1.3472328
0.6120000 5.7516117
0.6130000 18.8127728
0.6140000 10.7303829
0.6150000 21.8199673
0.6160000 23.1040936
0.6170000 -30.8078823
0.6180000 -31.8453560
0.6190000 29.0856056
0.6200000 1.3865608
0.6210000 -1.8588631
0.6220000 2.7876160
0.6230000 47.7308617
0.6240000 -58.6049652
0.6250000 24.3930397
0.6260000 -30.2801666
0.6270000 -6.9340930
0.6280000 22.1484776
0.6290000 -29.2171917
0.6300000 49.3756256
0.6310000 -29.1968746
0.6320000 -16.0753098
0.6330000 50.7238617
0.6340000 -54.5488052
0.6350000 -40.8368530
0.6360000 3.7720947
0.6370000 -83.7615280
0.6380000 -59.0523987
0.6390000 -9.9170256
0.6400000 2.8654094
0.6410000 18.6053066
0.6420000 53.9489403
0.6430000 36.1779747
0.6440000 41.0985031
0.6450000 24.2989445
0.6460000 27.4399109
0.6470000 -57.4027481
0.6480000 13.4071274
0.6490000 37.1595764
0.6500000 -51.9874687
0.6510000 -3.6100464
0.6520000 12.9241190
0.6530000 -33.3787041
0.6540000 -19.6488762
0.6550000 7.9271154
0.6560000 -5.2023692
0.6570000 -50.4971046
0.6580000 -111.5541840
0.6590000 -6.2912397
0.6600000 1.3752235
0.6610000 -65.7089996
0.6620000 -34.2967606
0.6630000 36.4574814
0.6640000 -89.0905380
0.6650000 19.7422924
0.6660000 25.4350376
0.6670000 -17.1805153
0.6680000 -33.8499527
0.6690000 -19.8896389
0.6700000 23.0795193
0.6710000 -10.4370899
0.6720000 -7.6616979
0.6730000 76.4897766
0.6740000 -36.7727203
0.6750000 -56.0343513
0.6760000 14.3655176
0.6770000 -33.4014282
0.6780000 13.7972307
0.6790000 -19.7143574
0.6800000 -32.4023285
0.6810000 29.9360790
0.6820000 -10.1007490
0.6830000 82.4231796
0.6840000 7.2092838
0.6850000 -47.4895668
0.6860000 28.1712723
0.6870000 -19.2901249
0.6880000 1.9455061
0.6890000 -21.0466003
0.6900000 23.5321922
0.6910000 -20.7851181
0.6920000 43.0618935
0.6930000 9.2702694
0.6940000 -14.8222017
0.6950000 -61.3946495
0.6960000 31.3828735
0.6970000 19.4530907
0.6980000 -50.8334351
0.6990000 42.4725571
0.7000000 -40.7444000
0.7010000 -64.1015472
0.7020000 41.4296646
0.7030000 -41.2789879
0.7040000 33.6696548
0.7050000 18.4831772
0.7060000 -0.1914996
0.7070000 -47.4627151
0.7080000 6.8554487
0.7090000 -32.2105370
0.7100000 -10.8857927
0.7110000 -8.2529812
0.7120000 -13.1957073
0.7130000 4.0509987
0.7140000 -31.5563679
0.7150000 -29.4171658
0.7160000 8.6556530
0.7170000 -32.0175095
0.7180000 39.2445221
0.7190000 -48.9478722
0.7200000 -6.5094252
0.7210000 13.0560684
0.7220000 7.9143400
0.7230000 -36.9183044
0.7240000 33.1928711
0.7250000 -2.2253714
0.7260000 -6.3024459
0.7270000 -1.1932769
0.7280000 -10.9662714
0.7290000 52.6575089
0.7300000 -20.9449558
0.7310000 69.6110382
0.7320000 -49.4186287
0.7330000 -2.9159300
0.7340000 -18.6629982
0.7350000 4.0558486
0.7360000 51.1750603
0.7370000 32.8265228
0.7380000 5.9500942
0.7390000 4.7321463
0.7400000 -18.6300201
0.7410000 -22.3410110
0.7420000 -26.2532082
0.7430000 1.8982778
0.7440000 1.2037454
0.7450000 23.1466045
0.7460000 -82.2936859
0.7470000 -51.4256744
0.7480000 -3.3919494
0.7490000 25.0042286
0.7500000 53.6632881
0.7510000 -15.0314178
0.7520000 36.6908455
0.7530000 -44.4565544
0.7540000 -54.9554825
0.7550000 68.7083206
0.7560000 13.4809723
0.7570000 -11.8188477
0.7580000 -11.1836100
0.7590000 -5.5637589
0.7600000 18.7650070
0.7610000 29.6118355
0.7620000 -69.0183640
0.7630000 -57.6726799
0.7640000 49.5746460
0.7650000 78.6563110
0.7660000 13.3937168
0.7670000 50.0264969
0.7680000 -12.0034771
0.7690000 28.8894424
0.7700000 -39.5883522
0.7710000 -2.8490624
0.7720000 -92.6463776
0.7730000 -27.3590012
0.7740000 40.8423958
0.7750000 -64.7853394
0.7760000 -21.8079224
0.7770000 -21.7772827
0.7780000 54.5307274
0.7790000 21.1477108
0.7800000 23.7190304
0.7810000 76.3644028
0.7820000 55.5437469
0.7830000 17.6122818
0.7840000 -20.3149109
0.7850000 25.8081722
0.7860000 67.0419159
0.7870000 -69.1725464
0.7880000 -59.7421913
0.7890000 -55.7333298
0.7900000 12.1645393
0.7910000 16.7819271
0.7920000 21.3780193
0.7930000 -19.3328247
0.7940000 51.6801300
0.7950000 -34.8182564
0.7960000 36.7038956
0.7970000 -58.7853851
0.7980000 11.6165724
0.7990000 21.3010445
0.8000000 1.6942768
0.8010000 -1.4659337
0.8020000 64.5747757
0.8030000 3.4898508
0.8040000 29.0444241
0.8050000 33.2165375
0.8060000 -1.9683722
0.8070000 -40.6810989
0.8080000 21.6498451
0.8090000 -8.3860741
0.8100000 -28.0886097
0.8110000 1.5546814
0.8120000 -58.8061104
0.8130000 44.8934975
0.8140000 -17.7350922
0.8150000 19.6903973
0.8160000 -16.3332157
0.8170000 -10.3889189
0.8180000 54.4068184
0.8190000 -24.7056866
0.8200000 31.9893990
0.8210000 40.4940567
0.8220000 -12.6975040
0.8230000 17.2565403
0.8240000 -14.2659130
0.8250000 15.7945089
0.8260000 -13.8266630
0.8270000 -50.9620857
0.8280000 7.4695888
0.8290000 -41.7021332
0.8300000 -40.4329948
0.8310000 5.2208843
0.8320000 -67.0129700
0.8330000 -38.4425964
0.8340000 1.3649932
0.8350000 -29.2503910
0.8360000 37.9997940
0.8370000 11.7377901
0.8380000 3.9962337
0.8390000 -63.4043770
0.8400000 53.6681442
0.8410000 -29.7610207
0.8420000 -9.1679649
0.8430000 16.5892544
0.8440000 9.2700272
0.8450000 -1.0055674
0.8460000 9.8989296
0.8470000 7.0300975
0.8480000 11.0880213
0.8490000 9.9460878
0.8500000 29.7397366
0.8510000 -6.7715335
0.8520000 54.0404778
0.8530000 15.0552950
0.8540000 -25.8771610
0.8550000 34.7102318
0.8560000 -45.8430367
0.8570000 42.6485481
0.8580000 -3.6034775
0.8590000 11.4397964
0.8600000 -41.2330666
0.8610000 -19.6464367
0.8620000 31.6449184
0.8630000 58.8427010
0.8640000 -39.9243851
0.8650000 -29.7888432
0.8660000 -26.4286098
0.8670000 29.1898270
0.8680000 37.5727615
0.8690000 34.6023178
0.8700000 4.7635875
0.8710000 -7.8729177
0.8720000 -5.0265036
0.8730000 7.0749454
0.8740000 45.6847992
0.8750000 82.4149094
0.8760000 -34.0487556
0.8770000 38.1482010
0.8780000 -47.5598755
0.8790000 58.9770851
0.8800000 7.0264740
0.8810000 -33.6131325
0.8820000 -16.8363113
0.8830000 41.2471771
0.8840000 11.1097784
0.8850000 16.4609604
0.8860000 -29.9252415
0.8870000 11.8602581
0.8880000 -11.7570057
0.8890000 -50.5404472
0.8900000 -44.3930359
0.8910000 -9.0794458
0.8920000 -9.0140181
0.8930000 14.2796307
0.8940000 -58.3611565
0.8950000 24.3670063
0.8960000 -37.0497627
0.8970000 -25.8585033
0.8980000 18.2674370
0.8990000 -3.0347962
0.9000000 5.2928085
0.9010000 21.5681076
0.9020000 17.9181824
0.9030000 -42.8191872
0.9040000 17.3855648
0.9050000 -9.4640427
0.9060000 -2.9327738
0.9070000 -23.8813400
0.9080000 9.0683498
0.9090000 -17.8036766
0.9100000 -5.1417155
0.9110000 66.8589859
0.9120000 11.8548870
0.9130000 16.9504871
0.9140000 8.4118814
0.9150000 41.5125732
0.9160000 -49.6252594
0.9170000 -47.7664909
0.9180000 18.0431824
0.9190000 -10.7796173
0.9200000 1.7569145
0.9210000 -23.4269238
0.9220000 22.1170597
0.9230000 22.6757603
0.9240000 -22.4410820
0.9250000 -39.8549881
0.9260000 -80.4111023
0.9270000 17.7581539
0.9280000 8.8118296
0.9290000 -3.5275114
0.9300000 -10.4353008
0.9310000 -40.1589241
0.9320000 16.8615952
0.9330000 -25.0765343
0.9340000 22.5774956
0.9350000 -22.9576321
0.9360000 -11.2037525
0.9370000 -14.9740963
0.9380000 -24.6456242
0.9390000 -49.4660645
0.9400000 -17.1361980
0.9410000 -28.6700497
0.9420000 14.0466022
0.9430000 -6.0681796
0.9440000 3.5633075
0.9450000 1.5983765
0.9460000 -56.9301796
0.9470000 -10.6688623
0.9480000 -20.5548267
0.9490000 -6.7691660
0.9500000 60.5580597
0.9510000 -5.2106500
0.9520000 18.2700787
0.9530000 31.4668713
0.9540000 18.4116497
0.9550000 -12.8111229
0.9560000 19.7815628
0.9570000 48.7651939
0.9580000 -2.8850625
0.9590000 37.7949753
0.9600000 17.2888355
0.9610000 47.4140701
0.9620000 4.8101025
0.9630000 -22.9714451
0.9640000 -40.0785103
0.9650000 47.0968552
0.9660000 30.9246044
0.9670000 15.6953974
0.9680000 9.6174116
0.9690000 31.0573330
0.9700000 7.8988924
0.9710000 -19.8435421
0.9720000 13.3614349
0.9730000 16.7721004
0.9740000 -9.4752111
0.9750000 -2.7762787
0.9760000 16.3539467
0.9770000 15.3200312
0.9780000 19.8958149
0.9790000 -2.1092656
0.9800000 -9.1145782
0.9810000 -0.3933689
0.9820000 66.2865829
0.9830000 -26.8637905
0.9840000 0.9517357
0.9850000 21.3855896
0.9860000 -46.3943253
0.9870000 -35.3379288
0.9880000 -81.4011765
0.9890000 75.6837006
0.9900000 -3.2429144
0.9910000 -12.0142040
0.9920000 -44.4043083
0.9930000 -8.7509241
0.9940000 13.4156523
0.9950000 -0.5826558
0.9960000 22.1718006
0.9970000 -20.9642334
0.9980000 9.7242422
0.9990000 -30.1854992
