0.0000000 -16.5613861
0.0010000 -41.7627029
0.0020000 -4.2257299
0.0030000 20.9539356
0.0040000 -24.6641788
0.0050000 66.8462372
0.0060000 -0.4225781
0.0070000 1.1276211
0.0080000 -48.5222664
0.0090000 -92.6176758
0.0100000 -40.1708794
0.0110000 -34.7626152
0.0120000 12.4118004
0.0130000 -6.6602578
0.0140000 -28.0353966
0.0150000 20.5592079
0.0160000 -4.7945490
0.0170000 -3.2150357
0.0180000 -20.2010536
0.0190000 36.8252907
0.0200000 -16.4158096
0.0210000 -5.2485118
0.0220000 -44.2083778
0.0230000 -8.6907988
0.0240000 -10.0227842
0.0250000 -44.2583847
0.0260000 42.0082703
0.0270000 31.0129986
0.0280000 -43.3230667
0.0290000 65.9598846
0.0300000 -9.2199621
0.0310000 16.6134377
0.0320000 5.4455338
0.0330000 70.3257141
0.0340000 -14.8524027
0.0350000 54.2589188
0.0360000 -60.8079529
0.0370000 -3.1411645
0.0380000 -0.5552008
0.0390000 -1.1280580
0.0400000 -10.8501940
0.0410000 11.4751129
0.0420000 13.4828758
0.0430000 2.3544772
0.0440000 17.6861515
0.0450000 -51.7832832
0.0460000 21.8780575
0.0470000 23.3306179
0.0480000 63.5384979
0.0490000 11.7945423
0.0500000 14.7781162
0.0510000 39.3525391
0.0520000 4.7277098
0.0530000 -6.4099236
0.0540000 -3.9394808
0.0550000 0.1444596
0.0560000 -4.6364236
0.0570000 22.6985321
0.0580000 -15.4981356
0.0590000 18.0179214
0.0600000 -6.7399902
0.0610000 -10.5580530
0.0620000 43.6384964
0.0630000 31.5223236
0.0640000 55.4441376
0.0650000 -40.5293579
0.0660000 -27.4968643
0.0670000 10.0106888
0.0680000 -6.4160085
0.0690000 32.6838837
0.0700000 -79.4601898
0.0710000 31.6331024
0.0720000 -30.3927898
0.0730000 3.5871794
0.0740000 -19.6251411
0.0750000 63.2971191
0.0760000 -8.3585091
0.0770000 -36.5850487
0.0780000 -51.3892059
0.0790000 43.4459648
0.0800000 -12.5946655
0.0810000 55.7585487
0.0820000 -51.6965561
0.0830000 0.8412849
0.0840000 26.9275341
0.0850000 -38.5702248
0.0860000 -30.5845032
0.0870000 38.5064964
0.0880000 22.9572659
0.0890000 -18.6989021
0.0900000 -2.5086615
0.0910000 16.2556305
0.0920000 -30.9056950
0.0930000 43.4066620
0.0940000 -49.3601074
0.0950000 -43.0204735
0.0960000 -28.9148617
0.0970000 41.7894287
0.0980000 -35.0491600
0.0990000 44.3731804
0.1000000 11.1550932
0.1010000 47.7755432
0.1020000 21.6787949
0.1030000 55.0841408
0.1040000 -36.7107315
0.1050000 -3.6943996
0.1060000 -8.3324776
0.1070000 -18.9528580
0.1080000 -23.3949127
0.1090000 8.0054407
0.1100000 -8.5556622
0.1110000 -17.2134647
0.1120000 -42.0532570
0.1130000 -24.1939125
0.1140000 -0.4291952
0.1150000 18.0326366
0.1160000 99.0258560
0.1170000 26.1587944
0.1180000 84.5548477
0.1190000 -14.3707724
0.1200000 -50.4551430
0.1210000 -33.5181007
0.1220000 17.1792717
0.1230000 -41.3255272
0.1240000 18.6511078
0.1250000 -13.1007748
0.1260000 -15.5653038
0.1270000 -47.4117165
0.1280000 -10.7417183
0.1290000 -51.8079872
0.1300000 -22.2984352
0.1310000 -6.3050747
0.1320000 12.1840372
0.1330000 -8.4271240
0.1340000 50.7462234
0.1350000 54.2012482
0.1360000 -38.3840752
0.1370000 -14.2418718
0.1380000 33.4299469
0.1390000 85.0278549
0.1400000 17.1515446
0.1410000 -5.2552714
0.1420000 27.5077400
0.1430000 55.2059250
0.1440000 -15.8755083
0.1450000 49.7684669
0.1460000 -18.3695011
0.1470000 15.6637955
0.1480000 1.9478295
0.1490000 48.8652115
0.1500000 22.6400623
0.1510000 30.4796429
0.1520000 65.8056259
0.1530000 -39.1101646
0.1540000 -27.5895214
0.1550000 24.7977200
0.1560000 -24.3423519
0.1570000 -32.7016220
0.1580000 35.0628700
0.1590000 -8.8232164
0.1600000 -63.6357117
0.1610000 28.4352989
0.1620000 51.2973557
0.1630000 20.0039196
0.1640000 84.3933105
0.1650000 -54.7574196
0.1660000 -30.6813183
0.1670000 -67.7228317
0.1680000 -20.1685238
0.1690000 -1.2332603
0.1700000 -38.5736732
0.1710000 -45.1699219
0.1720000 -14.6985750
0.1730000 19.5944958
0.1740000 61.3699188
0.1750000 37.7068138
0.1760000 18.9384747
0.1770000 -1.5299428
0.1780000 5.6703839
0.1790000 -22.1775684
0.1800000 -24.2349834
0.1810000 39.5812416
0.1820000 -0.4773430
0.1830000 20.2272148
0.1840000 74.0374374
0.1850000 11.4706984
0.1860000 -33.5341568
0.1870000 -23.5489025
0.1880000 21.3039474
0.1890000 13.2174511
0.1900000 49.5522575
0.1910000 24.5673180
0.1920000 8.2951393
0.1930000 63.5248299
0.1940000 -18.6451454
0.1950000 -23.7097664
0.1960000 -0.4148020
0.1970000 69.6135101
0.1980000 -0.4819472
0.1990000 4.7901058
0.2000000 45.9166794
0.2010000 -5.9683576
0.2020000 -71.1248627
0.2030000 -13.6838446
0.2040000 12.7693605
0.2050000 17.2553329
0.2060000 12.3936253
0.2070000 18.8799381
0.2080000 17.7113571
0.2090000 10.0751362
0.2100000 -19.9699593
0.2110000 17.6657562
0.2120000 -62.4442215
0.2130000 45.3235588
0.2140000 -25.2834663
0.2150000 35.0331612
0.2160000 -8.8934221
0.2170000 42.8697395
0.2180000 20.2438488
0.2190000 -5.2579117
0.2200000 -24.3406734
0.2210000 -6.5235395
0.2220000 15.5743427
0.2230000 26.5021992
0.2240000 99.4184341
0.2250000 46.0756111
0.2260000 44.9228363
0.2270000 12.0248280
0.2280000 9.2350674
0.2290000 -19.8781319
0.2300000 -2.7830098
0.2310000 5.8373280
0.2320000 -29.3246155
0.2330000 17.1691074
0.2340000 -23.4680767
0.2350000 -10.1703701
0.2360000 15.9443445
0.2370000 22.2506618
0.2380000 44.0644875
0.2390000 -32.2595444
0.2400000 -16.2373447
0.2410000 6.0512438
0.2420000 52.6219711
0.2430000 61.3142319
0.2440000 -45.4489136
0.2450000 8.0277834
0.2460000 33.9610481
0.2470000 79.2260361
0.2480000 -0.4784706
0.2490000 18.1552773
0.2500000 -31.1138096
0.2510000 -19.8457775
0.2520000 2.6774464
0.2530000 -63.0775375
0.2540000 2.1554484
0.2550000 -67.5223236
0.2560000 -2.2617188
0.2570000 -44.3139343
0.2580000 -10.6088686
0.2590000 -13.0461044
0.2600000 -19.2453995
0.2610000 23.7707958
0.2620000 70.4880829
0.2630000 -27.3040466
0.2640000 4.3546462
0.2650000 -4.9156985
0.2660000 41.6704521
0.2670000 -14.5913115
0.2680000 -49.3423119
0.2690000 -8.7918119
0.2700000 -53.4707794
0.2710000 27.8357124
0.2720000 7.4589148
0.2730000 -30.5171089
0.2740000 -28.0916882
0.2750000 -35.7169228
0.2760000 -36.7076111
0.2770000 -21.2473373
0.2780000 -37.3318481
0.2790000 -6.7209315
0.2800000 -22.5238075
0.2810000 23.8074226
0.2820000 12.0691814
0.2830000 42.6430283
0.2840000 12.7637529
0.2850000 23.3293877
0.2860000 35.0179024
0.2870000 -7.6897068
0.2880000 -8.1378298
0.2890000 -35.8442764
0.2900000 -28.6347542
0.2910000 -15.0071983
0.2920000 24.3484001
0.2930000 -55.3581123
0.2940000 -34.8795013
0.2950000 -24.8790417
0.2960000 -52.3380623
0.2970000 22.2634659
0.2980000 -12.0859337
0.2990000 4.1605964
0.3000000 51.2902145
0.3010000 46.2854958
0.3020000 -74.3041077
0.3030000 39.8529549
0.3040000 20.2872276
0.3050000 44.8961182
0.3060000 -11.5438032
0.3070000 9.3704662
0.3080000 -47.5098381
0.3090000 -1.2651922
0.3100000 16.8750477
0.3110000 17.8845940
0.3120000 -35.8148804
0.3130000 -16.0505867
0.3140000 19.1900311
0.3150000 -16.9889450
0.3160000 43.1266670
0.3170000 -79.3218765
0.3180000 3.1103973
0.3190000 -36.4393539
0.3200000 -10.1384106
0.3210000 -17.0581264
0.3220000 11.9812746
0.3230000 0.0011231
0.3240000 -11.2863436
0.3250000 -18.1693840
0.3260000 43.7242699
0.3270000 82.1724091
0.3280000 -36.5641441
0.3290000 -14.2683945
0.3300000 57.9786682
0.3310000 -66.9555435
0.3320000 30.7136250
0.3330000 -0.6671506
0.3340000 -43.8364525
0.3350000 18.8299313
0.3360000 20.6279869
0.3370000 6.0758243
0.3380000 17.8020916
0.3390000 33.4805145
0.3400000 97.1086578
0.3410000 -9.4256182
0.3420000 -55.0175781
0.3430000 37.7793427
0.3440000 -2.7054880
0.3450000 45.2702026
0.3460000 -57.2964592
0.3470000 15.5256138
0.3480000 -63.7071037
0.3490000 31.3037643
0.3500000 25.5983429
0.3510000 -9.4030943
0.3520000 -3.6521747
0.3530000 -7.3695674
0.3540000 18.0709743
0.3550000 -2.0987163
0.3560000 -10.0271311
0.3570000 21.9011116
0.3580000 -42.9820480
0.3590000 -33.3761520
0.3600000 9.9770536
0.3610000 -15.7386494
0.3620000 -17.7842121
0.3630000 -54.4079323
0.3640000 -36.5041389
0.3650000 1.0359962
0.3660000 -20.8960381
0.3670000 -9.0843992
0.3680000 -8.5156813
0.3690000 -11.7358618
0.3700000 -30.2244205
0.3710000 39.0893745
0.3720000 -15.3583059
0.3730000 10.0811157
0.3740000 -16.5962982
0.3750000 -10.0797176
0.3760000 57.2349243
0.3770000 39.5738449
0.3780000 30.4896355
0.3790000 -26.9482822
0.3800000 43.1354179
0.3810000 -55.0301781
0.3820000 -19.4601822
0.3830000 -56.6456680
0.3840000 -28.7273254
0.3850000 11.9624758
0.3860000 40.8983116
0.3870000 7.9246321
0.3880000 -4.9259896
0.3890000 44.0359535
0.3900000 8.5849695
0.3910000 25.0368481
0.3920000 -56.1425438
0.3930000 51.4394341
0.3940000 41.7371941
0.3950000 17.8100243
0.3960000 -27.5077591
0.3970000 -5.0849209
0.3980000 9.4239407
0.3990000 20.9619694
0.4000000 -76.3128738
0.4010000 -11.4927235
0.4020000 -0.7542914
0.4030000 -15.6300344
0.4040000 76.3238525
0.4050000 -17.2111759
0.4060000 -14.6248331
0.4070000 -40.3337517
0.4080000 77.1418991
0.4090000 -42.7703743
0.4100000 53.3798180
0.4110000 3.2425945
0.4120000 4.5348182
0.4130000 -10.3545942
0.4140000 -39.1896286
0.4150000 -67.0886154
0.4160000 10.5786400
0.4170000 -36.2967644
0.4180000 6.9190702
0.4190000 3.3743243
0.4200000 -12.4515829
0.4210000 51.4007072
0.4220000 -26.5042439
0.4230000 65.4374542
0.4240000 53.5708847
0.4250000 -9.3076820
0.4260000 22.0840549
0.4270000 73.6016846
0.4280000 62.6131821
0.4290000 -38.9713707
0.4300000 -9.0369883
0.4310000 -10.3528452
0.4320000 18.0554104
0.4330000 -14.8301249
0.4340000 -10.4488134
0.4350000 33.0531883
0.4360000 23.9750061
0.4370000 14.6062899
0.4380000 57.9235649
0.4390000 -23.7666092
0.4400000 -41.7920570
0.4410000 -0.3669540
0.4420000 1.4812177
0.4430000 -38.9491158
0.4440000 24.5760727
0.4450000 -1.3527255
0.4460000 3.7065990
0.4470000 -1.4434934
0.4480000 4.3602166
0.4490000 -57.8935585
0.4500000 11.6168728
0.4510000 24.6085873
0.4520000 20.4164200
0.4530000 -58.7389603
0.4540000 -101.0367355
0.4550000 -19.5387783
0.4560000 -56.7217598
0.4570000 42.0130272
0.4580000 -5.7214856
0.4590000 -43.3141632
0.4600000 -11.8903255
0.4610000 28.4618835
0.4620000 -32.0371094
0.4630000 -2.2854662
0.4640000 0.8826787
0.4650000 -17.0519142
0.4660000 1.1062063
0.4670000 -36.7307854
0.4680000 -21.0337658
0.4690000 -35.2833099
0.4700000 -10.5429420
0.4710000 -74.7620621
0.4720000 -30.0566769
0.4730000 24.7052116
0.4740000 19.7298737
0.4750000 26.5780392
0.4760000 -24.4265594
0.4770000 -60.5036201
0.4780000 15.3461046
0.4790000 -4.4513335
0.4800000 28.1278725
0.4810000 -12.3299570
0.4820000 -1.1605405
0.4830000 16.3266087
0.4840000 1.8510035
0.4850000 -68.0405579
0.4860000 -30.1335049
0.4870000 -13.1151543
0.4880000 8.7856741
0.4890000 41.5509109
0.4900000 -9.3586988
0.4910000 21.2241917
0.4920000 67.2550049
0.4930000 -14.4831676
0.4940000 37.4475632
0.4950000 -61.7654686
0.4960000 -9.9811344
0.4970000 61.2691002
0.4980000 -68.0324936
0.4990000 -41.4007149
0.5000000 -30.7314644
0.5010000 20.5387611
0.5020000 12.8928251
0.5030000 59.3972931
0.5040000 -31.7023335
0.5050000 -64.5122299
0.5060000 19.4787025
0.5070000 38.2734032
0.5080000 -25.6577053
0.5090000 -6.5840049
0.5100000 4.3781538
0.5110000 -49.1905365
0.5120000 -29.3378811
0.5130000 -14.4455204
0.5140000 13.3079891
0.5150000 60.6534081
0.5160000 61.4553299
0.5170000 -51.5041504
0.5180000 37.2773552
0.5190000 -18.9929981
0.5200000 -44.9313087
0.5210000 -15.5439558
0.5220000 13.1331434
0.5230000 21.2202873
0.5240000 -14.0890474
0.5250000 -9.5933170
0.5260000 -13.7635651
0.5270000 26.7570896
0.5280000 -2.4191339
0.5290000 4.6151247
0.5300000 -43.2921143
0.5310000 -29.0354977
0.5320000 56.4480667
0.5330000 1.7805778
0.5340000 -13.3483829
0.5350000 37.9552307
0.5360000 -22.3530769
0.5370000 14.4216290
0.5380000 11.5913677
0.5390000 28.2741814
0.5400000 34.8454094
0.5410000 7.4164095
0.5420000 -15.4234753
0.5430000 -25.1020260
0.5440000 -54.9280357
0.5450000 -48.8779640
0.5460000 35.8952141
0.5470000 10.3443851
0.5480000 16.1906548
0.5490000 3.3293467
0.5500000 -36.4220772
0.5510000 -31.6889858
0.5520000 -9.3398485
0.5530000 -70.2941818
0.5540000 -39.1801109
0.5550000 -13.4166174
0.5560000 25.1800404
0.5570000 24.5387592
0.5580000 -59.6685638
0.5590000 -15.1070156
0.5600000 -53.0460930
0.5610000 -7.7167058
0.5620000 -21.3421783
0.5630000 32.6763115
0.5640000 -33.2303085
0.5650000 51.8969727
0.5660000 -6.2974329
0.5670000 42.7413483
0.5680000 -17.2934628
0.5690000 -28.8815613
0.5700000 -3.4852788
0.5710000 -15.5140362
0.5720000 -20.1724110
0.5730000 -18.2263241
0.5740000 -2.5513194
0.5750000 -0.5199221
0.5760000 -75.6984253
0.5770000 -6.8420448
0.5780000 50.3711472
0.5790000 9.6058121
0.5800000 5.3957381
0.5810000 13.7491035
0.5820000 -7.7273226
0.5830000 -6.1053061
0.5840000 13.4647837
0.5850000 -8.2339239
0.5860000 72.0156326
0.5870000 -61.4524918
0.5880000 29.0213451
0.5890000 2.5488653
0.5900000 -19.8126144
0.5910000 24.9836407
0.5920000 51.0896454
0.5930000 -45.2536888
0.5940000 70.2210693
0.5950000 -40.7823830
0.5960000 42.3731918
0.5970000 -75.9620819
0.5980000 34.0161285
0.5990000 -55.7905273
0.6000000 12.0356312
0.6010000 -39.1238136
0.6020000 -50.5148888
0.6030000 23.4195423
0.6040000 4.7835956
0.6050000 23.7633801
0.6060000 -9.5293970
0.6070000 22.5333042
0.6080000 23.5258808
0.6090000 -2.9468155
0.6100000 -29.2028160
0.6110000 -22.6477890
0.6120000 46.2682343
0.6130000 -25.9670849
0.6140000 -19.1606770
0.6150000 7.4575095
0.6160000 -30.7094326
0.6170000 9.5946703
0.6180000 -4.5819836
0.6190000 -18.1454067
0.6200000 15.0881186
0.6210000 -45.1953430
0.6220000 -73.3533783
0.6230000 -12.5561237
0.6240000 -52.2584763
0.6250000 18.2404957
0.6260000 53.0646057
0.6270000 -43.2536964
0.6280000 7.2104301
0.6290000 42.3706245
0.6300000 -37.5053673
0.6310000 -35.9563637
0.6320000 0.3374911
0.6330000 -21.7083912
0.6340000 1.5343897
0.6350000 9.3976946
0.6360000 0.5570902
0.6370000 -13.5856495
0.6380000 32.5055084
0.6390000 -56.8359985
0.6400000 -9.6202736
0.6410000 -9.0449915
0.6420000 21.2611122
0.6430000 14.0939579
0.6440000 -2.2466550
0.6450000 45.9339256
0.6460000 -17.2979088
0.6470000 29.4629555
0.6480000 27.3645325
0.6490000 -21.0627403
0.6500000 46.2669373
0.6510000 -29.4745464
0.6520000 -38.8393631
0.6530000 -47.4362984
0.6540000 -29.3876362
0.6550000 21.1097355
0.6560000 37.0708771
0.6570000 39.7160072
0.6580000 17.7640896
0.6590000 -8.3044558
0.6600000 79.3304672
0.6610000 0.6154520
0.6620000 3.3915772
0.6630000 -34.4088020
0.6640000 -62.1755562
0.6650000 -26.4686260
0.6660000 -7.9391222
0.6670000 -65.5617447
0.6680000 -32.1740837
0.6690000 2.8771763
0.6700000 -19.7503567
0.6710000 -27.5992699
0.6720000 0.6306340
0.6730000 -14.4731035
0.6740000 31.3665047
0.6750000 -24.4714737
0.6760000 1.4292023
0.6770000 10.8905859
0.6780000 -19.5649529
0.6790000 -41.8358040
0.6800000 -28.3679485
0.6810000 -41.7603340
0.6820000 0.2317638
0.6830000 28.2695122
0.6840000 22.1638947
0.6850000 3.3861661
0.6860000 34.7745438
0.6870000 2.3014076
0.6880000 31.6517868
0.6890000 14.9693432
0.6900000 -30.1587906
0.6910000 -10.1938562
0.6920000 40.6740990
0.6930000 12.7598705
0.6940000 23.4224014
0.6950000 1.6079673
0.6960000 18.8280983
0.6970000 -9.5698528
0.6980000 -29.0851650
0.6990000 67.8472061
0.7000000 12.0511608
0.7010000 -98.3571625
0.7020000 28.3877716
0.7030000 -20.2279167
0.7040000 -9.3525677
0.7050000 21.2741413
0.7060000 -29.5191441
0.7070000 15.4678154
0.7080000 -42.0903168
0.7090000 17.1652241
0.7100000 27.5347500
0.7110000 36.3259392
0.7120000 69.4438171
0.7130000 -27.4942226
0.7140000 -16.0999012
0.7150000 52.2350082
0.7160000 25.8072319
0.7170000 50.8903427
0.7180000 29.0688019
0.7190000 64.1275406
0.7200000 -20.9491081
0.7210000 0.7021431
0.7220000 11.8218145
0.7230000 33.9886627
0.7240000 33.4756508
0.7250000 7.4192085
0.7260000 -5.4676199
0.7270000 55.5236435
0.7280000 -27.6421471
0.7290000 39.0898094
0.7300000 39.5416412
0.7310000 -20.8591805
0.7320000 -23.1366978
0.7330000 3.0455687
0.7340000 33.8210258
0.7350000 -16.9318752
0.7360000 -92.6446228
0.7370000 6.4824524
0.7380000 1.7859937
0.7390000 -3.2997715
0.7400000 39.0435638
0.7410000 24.9498196
0.7420000 51.9914474
0.7430000 26.8083229
0.7440000 -4.9634442
0.7450000 11.5812988
0.7460000 -22.3175869
0.7470000 -39.0464249
0.7480000 -20.3843880
0.7490000 19.8619862
0.7500000 19.5948067
0.7510000 -9.7104836
0.7520000 -9.4197350
0.7530000 16.6240749
0.7540000 -25.6082840
0.7550000 36.4999924
0.7560000 22.6533718
0.7570000 -35.1528282
0.7580000 13.9451361
0.7590000 -12.6454420
0.7600000 -44.0904312
0.7610000 -32.8634109
0.7620000 81.6741486
0.7630000 -32.6615524
0.7640000 -2.8070014
0.7650000 14.8073912
0.7660000 3.1546714
0.7670000 28.0607624
0.7680000 -1.0297991
0.7690000 -58.3300972
0.7700000 -33.8572540
0.7710000 -35.4123688
0.7720000 0.0539646
0.7730000 -41.3794670
0.7740000 36.1457634
0.7750000 -30.1657906
0.7760000 44.7707977
0.7770000 -22.4256134
0.7780000 -43.2384949
0.7790000 21.3370094
0.7800000 -48.9255371
0.7810000 7.9425821
0.7820000 5.3925509
0.7830000 20.7676449
0.7840000 -9.7455368
0.7850000 13.1326790
0.7860000 -2.5430958
0.7870000 44.6575203
0.7880000 45.6604767
0.7890000 65.8674469
0.7900000 46.6505051
0.7910000 -22.3787403
0.7920000 -7.5499678
0.7930000 50.4778023
0.7940000 114.9953613
0.7950000 -1.5472912
0.7960000 -48.4891968
0.7970000 18.0119057
0.7980000 -5.8571386
0.7990000 -44.2470360
0.8000000 -81.2569351
0.8010000 -22.6374836
0.8020000 41.4168587
0.8030000 -5.1958113
0.8040000 4.6922307
0.8050000 -81.5167618
0.8060000 3.1142094
0.8070000 -16.8850040
0.8080000 9.8877554
0.8090000 5.2342606
0.8100000 19.6921539
0.8110000 32.2384644
0.8120000 20.1660557
0.8130000 -32.2761040
0.8140000 20.0698853
0.8150000 15.1102848
0.8160000 -28.0102615
0.8170000 -0.5301783
0.8180000 36.6699905
0.8190000 -20.3221493
0.8200000 -14.7861748
0.8210000 -31.3640919
0.8220000 36.3470726
0.8230000 58.0743294
0.8240000 27.3147583
0.8250000 -5.7561336
0.8260000 -41.9654884
0.8270000 23.5682621
0.8280000 24.2889118
0.8290000 0.4399511
0.8300000 -35.8199883
0.8310000 25.3928776
0.8320000 47.5186043
0.8330000 -86.1914062
0.8340000 -16.4414616
0.8350000 30.8185596
0.8360000 33.6798820
0.8370000 4.4661851
0.8380000 -8.4937630
0.8390000 12.8716240
0.8400000 48.2568169
0.8410000 -38.5665321
0.8420000 58.6706238
0.8430000 -27.9805527
0.8440000 -39.5334854
0.8450000 -34.4354744
0.8460000 17.1580982
0.8470000 36.7459068
0.8480000 -87.7522278
0.8490000 91.5626450
0.8500000 -28.8457642
0.8510000 -55.1928139
0.8520000 79.6096115
0.8530000 -67.3713226
0.8540000 -18.7904415
0.8550000 -38.6639404
0.8560000 58.6854591
0.8570000 -53.1756439
0.8580000 -27.7552891
0.8590000 21.4856052
0.8600000 -18.1552238
0.8610000 -34.3107300
0.8620000 -15.3849459
0.8630000 -43.6796608
0.8640000 20.0472298
0.8650000 19.8511086
0.8660000 -59.5099831
0.8670000 53.2981720
0.8680000 17.5686111
0.8690000 17.5587368
0.8700000 -38.3796959
0.8710000 -14.7743330
0.8720000 -7.8298264
0.8730000 64.7058716
0.8740000 6.6405168
0.8750000 36.6515388
0.8760000 58.5543785
0.8770000 -8.3062592
0.8780000 -33.8556137
0.8790000 -28.5926437
0.8800000 -22.4881802
0.8810000 -2.6101699
0.8820000 47.1676025
0.8830000 20.4236317
0.8840000 -18.5808544
0.8850000 24.3355637
0.8860000 -51.9576225
0.8870000 4.8135104
0.8880000 72.1068649
0.8890000 -10.1962337
0.8900000 56.5564804
0.8910000 -21.0970154
0.8920000 -9.5695486
0.8930000 -42.6897659
0.8940000 -18.8589668
0.8950000 22.2873402
0.8960000 -7.5890050
0.8970000 25.2331161
0.8980000 39.0249710
0.8990000 -29.9729271
0.9000000 -18.8838272
0.9010000 12.6259842
0.9020000 6.4213772
0.9030000 -4.4404902
0.9040000 -67.6561737
0.9050000 15.3876877
0.9060000 7.3818212
0.9070000 -33.8165207
0.9080000 -52.5724564
0.9090000 17.6310215
0.9100000 24.1493454
0.9110000 25.8215160
0.9120000 -25.8826294
0.9130000 4.8256636
0.9140000 -32.3730392
0.9150000 59.1121597
0.9160000 -90.0711060
0.9170000 75.6276627
0.9180000 14.5875816
0.9190000 12.5563564
0.9200000 -59.9331512
0.9210000 55.6961937
0.9220000 -27.9318047
0.9230000 -66.1927567
0.9240000 42.3887596
0.9250000 -25.8062038
0.9260000 -61.5515518
0.9270000 24.7471371
0.9280000 3.9485481
0.9290000 -39.5158081
0.9300000 45.3934555
0.9310000 -17.9891834
0.9320000 -39.7350616
0.9330000 -33.3698654
0.9340000 33.3339615
0.9350000 22.2583771
0.9360000 29.0447311
0.9370000 29.0790329
0.9380000 -12.3974514
0.9390000 46.9221001
0.9400000 8.8312445
0.9410000 33.8674545
0.9420000 -24.0523434
0.9430000 2.9900646
0.9440000 -13.1226006
0.9450000 -24.4971104
0.9460000 17.0193653
0.9470000 -27.5671730
0.9480000 -16.1184139
0.9490000 -71.0314941
0.9500000 12.7235012
0.9510000 33.2960205
0.9520000 -35.0012627
0.9530000 -56.3361931
0.9540000 13.6392231
0.9550000 2.4370663
0.9560000 37.4269676
0.9570000 -38.2881470
0.9580000 48.5754852
0.9590000 68.8664703
0.9600000 34.4079361
0.9610000 35.1598129
0.9620000 -45.3293762
0.9630000 -76.3765106
0.9640000 5.0275998
0.9650000 -17.1639938
0.9660000 -22.5506573
0.9670000 -42.1334419
0.9680000 -21.9163418
0.9690000 -6.7806211
0.9700000 -25.3820419
0.9710000 -25.1449108
0.9720000 -45.5020332
0.9730000 -7.5446196
0.9740000 20.2527657
0.9750000 -20.1029816
0.9760000 -5.7275062
0.9770000 -9.2674904
0.9780000 -16.9797993
0.9790000 18.2626495
0.9800000 15.0493946
0.9810000 -1.0865463
0.9820000 11.1694126
0.9830000 6.6203203
0.9840000 2.6346524
0.9850000 21.1793118
0.9860000 -18.9419632
0.9870000 -4.7664051
0.9880000 -15.3811722
0.9890000 64.8172607
0.9900000 -13.6418886
0.9910000 -15.4120865
0.9920000 13.8598757
0.9930000 35.2132378
0.9940000 33.7286301
0.9950000 -83.2057648
0.9960000 62.0717545
0.9970000 38.6649818
0.9980000 -1.1938188
0.9990000 -11.7941494
