0.0000000 -44.2403412
0.0010000 67.5107574
0.0020000 54.4846344
0.0030000 21.9567966
0.0040000 21.3423347
0.0050000 -12.8055468
0.0060000 -6.1619620
0.0070000 26.8009510
0.0080000 0.5119966
0.0090000 3.7857785
0.0100000 51.9029427
0.0110000 -6.9912953
0.0120000 -4.9102616
0.0130000 10.3995218
0.0140000 -35.1478348
0.0150000 -19.8843441
0.0160000 -32.6983376
0.0170000 48.0769310
0.0180000 -23.3531017
0.0190000 9.7040281
0.0200000 -5.4551587
0.0210000 27.0847683
0.0220000 23.2911968
0.0230000 10.1642828
0.0240000 -23.3123016
0.0250000 -12.5887022
0.0260000 -25.4092102
0.0270000 -1.2048125
0.0280000 24.5222759
0.0290000 2.9962749
0.0300000 -35.8733101
0.0310000 -22.2192440
0.0320000 -26.4413738
0.0330000 -27.6306705
0.0340000 36.5708923
0.0350000 46.0291100
0.0360000 13.1936331
0.0370000 10.7787409
0.0380000 -2.6751111
0.0390000 57.7191429
0.0400000 -12.5616417
0.0410000 -0.1122913
0.0420000 51.2582664
0.0430000 -2.4086823
0.0440000 -0.5354357
0.0450000 -47.6535988
0.0460000 -46.3457794
0.0470000 -26.1640148
0.0480000 -28.1201382
0.0490000 46.3745079
0.0500000 -11.2469158
0.0510000 34.3383942
0.0520000 48.3114777
0.0530000 -50.0495148
0.0540000 57.2002563
0.0550000 -75.6065369
0.0560000 -1.8861858
0.0570000 2.2664926
0.0580000 -1.7865967
0.0590000 27.8272266
0.0600000 56.9273720
0.0610000 24.5033226
0.0620000 -40.6434784
0.0630000 46.5034142
0.0640000 26.6410885
0.0650000 30.8535824
0.0660000 32.0380745
0.0670000 40.2022514
0.0680000 23.6029720
0.0690000 -42.5111656
0.0700000 14.4355431
0.0710000 17.8794498
0.0720000 -55.6655464
0.0730000 4.1299901
0.0740000 -17.6580925
0.0750000 -34.2961197
0.0760000 -11.3593397
0.0770000 -3.6145031
0.0780000 -27.3014584
0.0790000 -6.7079530
0.0800000 19.5317421
0.0810000 19.3687649
0.0820000 -76.8610687
0.0830000 23.7686214
0.0840000 41.3567772
0.0850000 -0.5810024
0.0860000 -34.5385132
0.0870000 -28.7196846
0.0880000 -29.7820873
0.0890000 19.2743092
0.0900000 66.3527908
0.0910000 -36.2539749
0.0920000 30.2131729
0.0930000 34.8557968
0.0940000 21.7551250
0.0950000 -21.8090706
0.0960000 -5.2622552
0.0970000 64.8280411
0.0980000 -53.9444809
0.0990000 38.3298912
0.1000000 -44.2861214
0.1010000 -21.9868507
0.1020000 24.9589672
0.1030000 21.4740200
0.1040000 -17.9885883
0.1050000 -7.2875757
0.1060000 -10.1372252
0.1070000 29.7035236
0.1080000 21.7395725
0.1090000 -35.3835335
0.1100000 16.6420002
0.1110000 7.9262624
0.1120000 22.4506874
0.1130000 -36.9825783
0.1140000 -1.7663580
0.1150000 -48.1732941
0.1160000 -8.8628979
0.1170000 23.9222317
0.1180000 -61.3509140
0.1190000 -30.3892422
0.1200000 -10.0343370
0.1210000 -14.2750950
0.1220000 47.8348694
0.1230000 -11.0028992
0.1240000 -0.8735510
0.1250000 -51.2839088
0.1260000 -20.9766674
0.1270000 -90.2534790
0.1280000 11.8506689
0.1290000 25.3034229
0.1300000 -7.4976811
0.1310000 22.5714798
0.1320000 -57.7479858
0.1330000 -38.5576134
0.1340000 5.0511012
0.1350000 30.0083809
0.1360000 24.3331318
0.1370000 88.0403442
0.1380000 26.4542828
0.1390000 2.4216726
0.1400000 -42.7326164
0.1410000 30.6998005
0.1420000 69.8943329
0.1430000 9.6511421
0.1440000 4.2665405
0.1450000 36.4453125
0.1460000 -66.0294724
0.1470000 -34.5393219
0.1480000 -2.2016876
0.1490000 25.6876602
0.1500000 -26.4996452
0.1510000 -47.2237091
0.1520000 38.5874405
0.1530000 -8.5799398
0.1540000 -1.6572024
0.1550000 18.8214111
0.1560000 0.1216842
0.1570000 -33.8269310
0.1580000 12.2020340
0.1590000 -2.5768609
0.1600000 -46.5101051
0.1610000 -12.9102907
0.1620000 65.5561066
0.1630000 -4.7942467
0.1640000 -54.9363174
0.1650000 6.2026663
0.1660000 25.4869576
0.1670000 30.0957470
0.1680000 12.6675520
0.1690000 -51.7008743
0.1700000 -2.1642680
0.1710000 -6.5131025
0.1720000 15.6665592
0.1730000 -12.4932976
0.1740000 45.1271706
0.1750000 -36.0089226
0.1760000 -24.1274014
0.1770000 -17.2398090
0.1780000 -16.4065266
0.1790000 -24.1468563
0.1800000 -19.3288403
0.1810000 -15.7896109
0.1820000 50.4475174
0.1830000 -39.1303101
0.1840000 -28.7658844
0.1850000 16.0186825
0.1860000 9.8655624
0.1870000 21.7360477
0.1880000 38.3449020
0.1890000 22.3400459
0.1900000 -5.6517844
0.1910000 12.5994120
0.1920000 22.2418118
0.1930000 49.1791649
0.1940000 -48.3181648
0.1950000 17.4812279
0.1960000 23.1656227
0.1970000 -40.8075027
0.1980000 -36.4705849
0.1990000 7.2127547
0.2000000 -14.6987791
0.2010000 36.2474785
0.2020000 -43.6117630
0.2030000 4.7708864
0.2040000 -33.0522423
0.2050000 36.4351158
0.2060000 -27.2250156
0.2070000 18.0128784
0.2080000 -57.5718269
0.2090000 -9.2151728
0.2100000 27.3894787
0.2110000 -72.8055191
0.2120000 16.5524654
0.2130000 77.0439072
0.2140000 1.0533808
0.2150000 -49.7260323
0.2160000 49.5320511
0.2170000 96.0131989
0.2180000 21.4962101
0.2190000 5.9493208
0.2200000 18.9819698
0.2210000 -1.8154001
0.2220000 -12.2212896
0.2230000 9.0637608
0.2240000 49.8878403
0.2250000 11.6710749
0.2260000 46.9742393
0.2270000 -20.2088947
0.2280000 -36.4256821
0.2290000 3.5138021
0.2300000 -31.9995003
0.2310000 -15.8713875
0.2320000 17.6619930
0.2330000 15.0199385
0.2340000 34.0292358
0.2350000 33.8515854
0.2360000 -19.4026451
0.2370000 18.8421383
0.2380000 -5.7813611
0.2390000 -11.7979908
0.2400000 30.7470970
0.2410000 -27.8719196
0.2420000 -18.1709499
0.2430000 -51.7490311
0.2440000 -1.9515598
0.2450000 -34.1908722
0.2460000 -29.5577946
0.2470000 -32.9720078
0.2480000 -31.5470409
0.2490000 11.0577106
0.2500000 29.7236958
0.2510000 6.4180450
0.2520000 -19.1686287
0.2530000 -78.7742310
0.2540000 -16.9094658
0.2550000 -28.5494137
0.2560000 72.5176086
0.2570000 44.8466034
0.2580000 27.4429073
0.2590000 -81.2120285
0.2600000 25.7235622
0.2610000 7.1106539
0.2620000 -13.8603373
0.2630000 -22.6571445
0.2640000 0.3397144
0.2650000 -14.0218859
0.2660000 77.4862900
0.2670000 -7.7655549
0.2680000 6.2855940
0.2690000 18.9704628
0.2700000 -17.2896328
0.2710000 -17.6062908
0.2720000 16.3400764
0.2730000 -23.5450001
0.2740000 5.3739753
0.2750000 -4.6911368
0.2760000 26.1325607
0.2770000 22.6496181
0.2780000 34.2429008
0.2790000 38.1314583
0.2800000 -9.5178022
0.2810000 25.3570709
0.2820000 63.9381065
0.2830000 -3.4762671
0.2840000 -87.7547379
0.2850000 -8.9120836
0.2860000 30.1602402
0.2870000 14.1998940
0.2880000 -32.5744591
0.2890000 -13.2978058
0.2900000 48.9551506
0.2910000 48.7961235
0.2920000 -32.8966522
0.2930000 6.2147813
0.2940000 -6.7513309
0.2950000 26.1796665
0.2960000 2.5690897
0.2970000 1.5360235
0.2980000 -21.3237495
0.2990000 -27.1678181
0.3000000 12.6059303
0.3010000 -33.9308167
0.3020000 52.7445755
0.3030000 -18.3560715
0.3040000 10.9494019
0.3050000 -2.4965174
0.3060000 -1.3802227
0.3070000 -7.8337216
0.3080000 2.3234110
0.3090000 -35.1785431
0.3100000 -66.3512268
0.3110000 -27.4669018
0.3120000 18.1412830
0.3130000 -39.7064400
0.3140000 51.4988823
0.3150000 -17.4366283
0.3160000 38.3989677
0.3170000 -33.5242500
0.3180000 -17.6988239
0.3190000 9.7566910
0.3200000 -34.5199280
0.3210000 16.8978291
0.3220000 -31.3619080
0.3230000 35.7948303
0.3240000 -35.6853256
0.3250000 -55.6796684
0.3260000 17.8773994
0.3270000 2.6059375
0.3280000 14.2312841
0.3290000 -4.7482424
0.3300000 6.5449667
0.3310000 53.7971306
0.3320000 45.5762787
0.3330000 -2.3632677
0.3340000 -42.6421242
0.3350000 -7.1447177
0.3360000 -14.9848356
0.3370000 -32.0372658
0.3380000 37.1139336
0.3390000 -3.4670506
0.3400000 60.3239822
0.3410000 -63.7899780
0.3420000 -51.0749359
0.3430000 -21.3814144
0.3440000 37.2573586
0.3450000 23.8296814
0.3460000 -13.9546871
0.3470000 35.8117943
0.3480000 -29.7539749
0.3490000 6.7813096
0.3500000 51.4042015
0.3510000 59.1465340
0.3520000 3.3232172
0.3530000 9.2352648
0.3540000 25.4546909
0.3550000 -51.0042038
0.3560000 8.9899654
0.3570000 -75.2115707
0.3580000 -11.5351696
0.3590000 -49.6288185
0.3600000 11.2461691
0.3610000 -29.4817257
0.3620000 16.3508778
0.3630000 19.1239986
0.3640000 23.6430111
0.3650000 0.2564164
0.3660000 8.0800934
0.3670000 43.1922836
0.3680000 -8.1186476
0.3690000 -63.0084000
0.3700000 -30.5282269
0.3710000 -11.8774862
0.3720000 38.5354538
0.3730000 -3.7365870
0.3740000 -24.8327942
0.3750000 -21.6094036
0.3760000 -2.3122325
0.3770000 -74.9783783
0.3780000 59.4779510
0.3790000 41.1764526
0.3800000 29.7789001
0.3810000 57.5709763
0.3820000 72.6928940
0.3830000 -6.2270260
0.3840000 -9.9066305
0.3850000 2.4327867
0.3860000 -25.8220882
0.3870000 -45.1172943
0.3880000 -3.8246286
0.3890000 45.9850807
0.3900000 43.4695320
0.3910000 8.1858397
0.3920000 -10.9553919
0.3930000 51.7653427
0.3940000 -0.1475868
0.3950000 -51.7507095
0.3960000 -53.8815994
0.3970000 -13.7277107
0.3980000 -29.0936661
0.3990000 0.1918968
0.4000000 -40.6060715
0.4010000 -60.5681343
0.4020000 7.2675509
0.4030000 -30.0850620
0.4040000 -40.1138344
0.4050000 12.0210056
0.4060000 -0.0537357
0.4070000 -19.0131969
0.4080000 28.8769608
0.4090000 88.3116455
0.4100000 -44.6465073
0.4110000 -1.0083643
0.4120000 38.3603363
0.4130000 -28.8333797
0.4140000 -76.1329880
0.4150000 -2.0859621
0.4160000 -59.7256317
0.4170000 -17.1966305
0.4180000 -13.7816257
0.4190000 -46.7803574
0.4200000 68.6419678
0.4210000 -17.2090874
0.4220000 -22.1096306
0.4230000 -34.6813927
0.4240000 -37.6839905
0.4250000 -4.2051749
0.4260000 -3.0382571
0.4270000 -20.7913837
0.4280000 -1.8347378
0.4290000 -4.6459146
0.4300000 29.0333195
0.4310000 75.7392502
0.4320000 -48.8484306
0.4330000 54.4041328
0.4340000 -20.1347752
0.4350000 -6.7087855
0.4360000 -42.8652000
0.4370000 14.7745953
0.4380000 -20.8974018
0.4390000 36.7669144
0.4400000 11.6441612
0.4410000 72.2094574
0.4420000 39.2936974
0.4430000 44.0955925
0.4440000 -18.3401604
0.4450000 50.6400604
0.4460000 52.8086319
0.4470000 -91.6819077
0.4480000 -47.3087616
0.4490000 21.0219669
0.4500000 -21.4849739
0.4510000 26.3669186
0.4520000 3.5598681
0.4530000 -53.0186195
0.4540000 49.0851669
0.4550000 27.6912766
0.4560000 32.4441376
0.4570000 -27.3211079
0.4580000 -15.4098063
0.4590000 17.7788887
0.4600000 16.1619606
0.4610000 4.8553977
0.4620000 -21.6172619
0.4630000 -17.8730564
0.4640000 -31.4958687
0.4650000 19.5564842
0.4660000 18.6362972
0.4670000 2.4002678
0.4680000 -53.9823265
0.4690000 20.4666615
0.4700000 79.0905762
0.4710000 83.3759689
0.4720000 -8.2423325
0.4730000 -26.2599144
0.4740000 -2.2986295
0.4750000 23.7630119
0.4760000 18.1486263
0.4770000 -44.5499649
0.4780000 -23.4936180
0.4790000 -12.2657547
0.4800000 5.5964336
0.4810000 27.0440941
0.4820000 -0.6034999
0.4830000 -102.7552032
0.4840000 -7.7021546
0.4850000 -13.1106911
0.4860000 -6.2111077
0.4870000 4.5929413
0.4880000 -60.7007256
0.4890000 49.3946419
0.4900000 25.6485214
0.4910000 -0.4023075
0.4920000 -58.5002480
0.4930000 -37.6765900
0.4940000 -33.8069954
0.4950000 10.8067665
0.4960000 -38.4642067
0.4970000 -40.2534637
0.4980000 24.7540359
0.4990000 37.0897751
0.5000000 -47.1536293
0.5010000 38.7217522
0.5020000 36.6758842
0.5030000 17.8991852
0.5040000 17.1011257
0.5050000 -16.2448654
0.5060000 10.3621521
0.5070000 -29.0154247
0.5080000 -13.2439184
0.5090000 -39.4008827
0.5100000 -38.4857025
0.5110000 35.2323456
0.5120000 -0.7971395
0.5130000 -52.8905067
0.5140000 -16.0424252
0.5150000 5.6331286
0.5160000 -32.1064415
0.5170000 -14.9607944
0.5180000 -36.6937866
0.5190000 26.5310993
0.5200000 -17.0704746
0.5210000 -6.4385028
0.5220000 -33.3881683
0.5230000 25.4038048
0.5240000 48.8663063
0.5250000 4.7077713
0.5260000 33.4420547
0.5270000 -18.3157768
0.5280000 10.9137869
0.5290000 16.1919613
0.5300000 -10.9265814
0.5310000 -5.9427595
0.5320000 25.9250317
0.5330000 32.8954468
0.5340000 -101.0478210
0.5350000 -55.1899452
0.5360000 -37.8470039
0.5370000 70.4847412
0.5380000 -15.0528250
0.5390000 78.8433304
0.5400000 8.8037271
0.5410000 -7.1859870
0.5420000 -10.8429651
0.5430000 2.6430774
0.5440000 53.3800430
0.5450000 51.7260399
0.5460000 24.7843380
0.5470000 32.4248848
0.5480000 21.7199860
0.5490000 11.8075581
0.5500000 26.1596241
0.5510000 -39.2984772
0.5520000 41.9372101
0.5530000 -29.9532890
0.5540000 2.3021400
0.5550000 21.0955677
0.5560000 62.5801277
0.5570000 11.7810392
0.5580000 -86.6178131
0.5590000 40.8752518
0.5600000 80.2151566
0.5610000 -78.5847397
0.5620000 42.6038246
0.5630000 22.1248188
0.5640000 23.9337826
0.5650000 -40.9424400
0.5660000 -6.1988835
0.5670000 37.3894844
0.5680000 -17.6185894
0.5690000 1.7218177
0.5700000 -26.5414696
0.5710000 10.9907856
0.5720000 -8.6575851
0.5730000 20.3150043
0.5740000 -71.8628235
0.5750000 37.6402702
0.5760000 -4.8721490
0.5770000 21.6951752
0.5780000 2.3093276
0.5790000 4.3098149
0.5800000 44.0005989
0.5810000 2.5794733
0.5820000 17.7079144
0.5830000 -6.5850229
0.5840000 23.2802143
0.5850000 -17.6366482
0.5860000 -40.1488647
0.5870000 24.4134521
0.5880000 53.0679398
0.5890000 8.7563267
0.5900000 -24.0592422
0.5910000 -25.0580788
0.5920000 -48.9179382
0.5930000 52.0672340
0.5940000 -14.8040504
0.5950000 -12.5324326
0.5960000 -31.9960022
0.5970000 -32.8566589
0.5980000 -24.8427925
0.5990000 16.4173431
0.6000000 -62.1755180
0.6010000 -3.3977492
0.6020000 -5.4995375
0.6030000 -21.7047367
0.6040000 15.9964247
0.6050000 -10.9564934
0.6060000 56.8986168
0.6070000 -28.1322441
0.6080000 -8.5943794
0.6090000 -32.9180565
0.6100000 42.9479713
0.6110000 23.2170238
0.6120000 -20.8512783
0.6130000 60.9174461
0.6140000 -27.7844315
0.6150000 -25.3063049
0.6160000 -16.9799786
0.6170000 44.4704933
0.6180000 -8.1912823
0.6190000 -4.5996208
0.6200000 -64.2111206
0.6210000 -85.9015198
0.6220000 5.4872179
0.6230000 -89.3736267
0.6240000 -9.0522327
0.6250000 55.6430664
0.6260000 -13.0837278
0.6270000 62.5378761
0.6280000 36.5195656
0.6290000 -55.2338104
0.6300000 62.0016632
0.6310000 75.8731537
0.6320000 2.1782975
0.6330000 -21.5484467
0.6340000 -37.3916893
0.6350000 53.8250542
0.6360000 -10.1942682
0.6370000 16.5422096
0.6380000 -4.6297655
0.6390000 -45.1241951
0.6400000 -49.8743973
0.6410000 -24.8524208
0.6420000 -3.4175036
0.6430000 -47.6697121
0.6440000 27.0025482
0.6450000 -19.9447422
0.6460000 13.3960876
0.6470000 -96.9078445
0.6480000 98.8746643
0.6490000 15.1764307
0.6500000 -21.1759510
0.6510000 -4.6392164
0.6520000 -9.6720943
0.6530000 4.5519595
0.6540000 -41.2458763
0.6550000 19.3066463
0.6560000 -17.9219112
0.6570000 3.9702189
0.6580000 47.6072273
0.6590000 -8.4286604
0.6600000 -26.9644184
0.6610000 33.2573128
0.6620000 40.0851212
0.6630000 9.8445835
0.6640000 -28.7276306
0.6650000 2.4856277
0.6660000 20.5621052
0.6670000 48.9733467
0.6680000 2.1951888
0.6690000 -0.0938657
0.6700000 -11.5378113
0.6710000 -0.4373470
0.6720000 27.5850067
0.6730000 11.0710125
0.6740000 -52.0159721
0.6750000 14.7851162
0.6760000 15.6858768
0.6770000 17.5826530
0.6780000 -21.5894623
0.6790000 7.0349026
0.6800000 15.9129400
0.6810000 -2.4097772
0.6820000 13.2380333
0.6830000 -0.8293749
0.6840000 -8.4773159
0.6850000 29.9871941
0.6860000 58.3307686
0.6870000 -8.1090651
0.6880000 0.2463079
0.6890000 -33.7096138
0.6900000 -13.6767015
0.6910000 -43.5743904
0.6920000 -22.1164589
0.6930000 -3.8047218
0.6940000 23.2478142
0.6950000 -20.6991043
0.6960000 -34.4142151
0.6970000 -44.2497520
0.6980000 -18.5691452
0.6990000 25.6783829
0.7000000 44.6441078
0.7010000 -0.5934094
0.7020000 25.8874245
0.7030000 -13.7200699
0.7040000 50.4805641
0.7050000 2.4399002
0.7060000 -41.8823853
0.7070000 -2.5390131
0.7080000 -21.4601574
0.7090000 -41.2411041
0.7100000 -52.3807220
0.7110000 15.8596687
0.7120000 -37.1641846
0.7130000 4.4709530
0.7140000 -49.1449432
0.7150000 43.0790062
0.7160000 22.1392155
0.7170000 -19.5260029
0.7180000 59.3057442
0.7190000 38.3361893
0.7200000 -50.1443253
0.7210000 73.8446960
0.7220000 16.2240047
0.7230000 4.7865582
0.7240000 -13.0983801
0.7250000 13.4892054
0.7260000 22.7413979
0.7270000 -38.6193275
0.7280000 -0.0228135
0.7290000 -50.7921600
0.7300000 11.8350677
0.7310000 16.2772789
0.7320000 -68.0974503
0.7330000 35.6273956
0.7340000 0.8690485
0.7350000 7.4022064
0.7360000 23.7978687
0.7370000 -10.3882790
0.7380000 -31.3513355
0.7390000 8.1666117
0.7400000 50.9181862
0.7410000 12.5638351
0.7420000 11.2013369
0.7430000 -68.1817856
0.7440000 -22.3127785
0.7450000 -16.2613926
0.7460000 -28.7665367
0.7470000 -18.0644722
0.7480000 0.0278758
0.7490000 -17.1202106
0.7500000 0.3025554
0.7510000 24.2388878
0.7520000 -37.0514221
0.7530000 49.2682686
0.7540000 -14.9141388
0.7550000 -15.2039118
0.7560000 42.1926270
0.7570000 2.9412637
0.7580000 49.7491264
0.7590000 -11.6729393
0.7600000 15.1671591
0.7610000 54.8624420
0.7620000 -29.4804745
0.7630000 -6.6867085
0.7640000 33.4021416
0.7650000 -67.9363785
0.7660000 -26.4946003
0.7670000 -14.6758575
0.7680000 -30.3071213
0.7690000 -9.6077909
0.7700000 -13.0351381
0.7710000 -32.3429489
0.7720000 -64.2062149
0.7730000 43.1742668
0.7740000 7.3120174
0.7750000 15.7065783
0.7760000 6.3237052
0.7770000 21.3146896
0.7780000 61.3342705
0.7790000 -12.4923134
0.7800000 -10.4590111
0.7810000 -11.7733583
0.7820000 55.8776245
0.7830000 11.4099455
0.7840000 -40.3478584
0.7850000 2.6645169
0.7860000 25.3129272
0.7870000 34.3010788
0.7880000 -5.3369021
0.7890000 16.7330322
0.7900000 -28.1328278
0.7910000 38.0946884
0.7920000 48.2373085
0.7930000 12.4297819
0.7940000 20.9047909
0.7950000 37.0504036
0.7960000 7.4021888
0.7970000 2.2518167
0.7980000 -69.3556595
0.7990000 18.7162724
0.8000000 13.5463343
0.8010000 -11.5158730
0.8020000 -21.4345512
0.8030000 -32.9554863
0.8040000 -26.7238007
0.8050000 -5.7636490
0.8060000 -8.0330801
0.8070000 -14.2905092
0.8080000 42.8966904
0.8090000 -2.5440009
0.8100000 27.4804764
0.8110000 14.7318220
0.8120000 14.3721189
0.8130000 2.5586720
0.8140000 -54.6230049
0.8150000 -35.5922012
0.8160000 71.4940033
0.8170000 88.6763763
0.8180000 -11.1087761
0.8190000 -78.5530777
0.8200000 -3.1778297
0.8210000 -50.7059517
0.8220000 52.2100029
0.8230000 23.1198368
0.8240000 -27.9537525
0.8250000 -8.0956297
0.8260000 10.2111130
0.8270000 36.7792625
0.8280000 -5.0991464
0.8290000 -31.3729782
0.8300000 42.9499168
0.8310000 -9.0779991
0.8320000 15.2470713
0.8330000 -15.3530331
0.8340000 -91.9156647
0.8350000 6.4504862
0.8360000 -79.1085205
0.8370000 17.8386612
0.8380000 4.5842724
0.8390000 -11.9339933
0.8400000 -6.7784691
0.8410000 -18.5376320
0.8420000 43.6096458
0.8430000 -28.1058121
0.8440000 -16.8998222
0.8450000 -48.2114296
0.8460000 -38.7099228
0.8470000 -19.6911221
0.8480000 0.7980853
0.8490000 24.0216007
0.8500000 -65.0853958
0.8510000 -46.1765404
0.8520000 -19.8438587
0.8530000 -19.0395966
0.8540000 29.4479733
0.8550000 -43.6030960
0.8560000 51.2682114
0.8570000 54.7099800
0.8580000 -32.6753082
0.8590000 36.5152702
0.8600000 1.6627678
0.8610000 12.7324610
0.8620000 -53.3169518
0.8630000 38.0074043
0.8640000 -52.3956146
0.8650000 14.8630981
0.8660000 0.2619087
0.8670000 -5.5267091
0.8680000 -94.0136185
0.8690000 28.5767746
0.8700000 -8.9664850
0.8710000 -30.0988598
0.8720000 -35.8041687
0.8730000 19.1377182
0.8740000 24.9846020
0.8750000 -17.2682648
0.8760000 -84.8523865
0.8770000 -37.0560684
0.8780000 55.0933838
0.8790000 -82.3922501
0.8800000 41.2820625
0.8810000 60.4553261
0.8820000 -19.2302647
0.8830000 -13.0930538
0.8840000 39.0469170
0.8850000 8.3325262
0.8860000 19.1106110
0.8870000 4.9514165
0.8880000 -54.8791046
0.8890000 -11.6513672
0.8900000 25.5075722
0.8910000 14.6157827
0.8920000 -28.6366196
0.8930000 22.9202061
0.8940000 44.6954231
0.8950000 -7.1209826
0.8960000 -9.9171782
0.8970000 -49.9670906
0.8980000 -39.0602837
0.8990000 -16.6059856
0.9000000 -35.7575645
0.9010000 62.4369621
0.9020000 11.1366549
0.9030000 12.0099392
0.9040000 -63.7215233
0.9050000 -15.3138609
0.9060000 -17.6748505
0.9070000 6.7932143
0.9080000 37.8081169
0.9090000 -32.0498161
0.9100000 16.8304787
0.9110000 21.1477776
0.9120000 -13.1095924
0.9130000 -18.6069183
0.9140000 -22.6586494
0.9150000 -61.4356003
0.9160000 10.5806217
0.9170000 7.1951518
0.9180000 12.8832989
0.9190000 -8.4637690
0.9200000 8.9791708
0.9210000 8.2353497
0.9220000 -72.0075989
0.9230000 -22.4467907
0.9240000 -62.8497620
0.9250000 13.0501032
0.9260000 -48.6775055
0.9270000 69.4149933
0.9280000 -20.4321461
0.9290000 -12.7538233
0.9300000 -54.5705109
0.9310000 15.2152901
0.9320000 -121.3209229
0.9330000 50.8037987
0.9340000 -41.2138062
0.9350000 65.8843842
0.9360000 -19.3174248
0.9370000 2.1423595
0.9380000 -14.8416004
0.9390000 2.2239773
0.9400000 -4.1379304
0.9410000 61.1804123
0.9420000 -44.7747154
0.9430000 16.5459480
0.9440000 -25.5082493
0.9450000 -26.6402969
0.9460000 -6.3860946
0.9470000 47.7739182
0.9480000 7.7535143
0.9490000 29.3309498
0.9500000 -11.8333626
0.9510000 -33.3021011
0.9520000 -20.6132011
0.9530000 58.6602707
0.9540000 -21.3691730
0.9550000 41.1313934
0.9560000 28.3285065
0.9570000 32.0877686
0.9580000 -10.9389858
0.9590000 6.4926610
0.9600000 15.4465466
0.9610000 -27.0714474
0.9620000 -34.9617310
0.9630000 -7.3965135
0.9640000 20.4405479
0.9650000 24.7846756
0.9660000 -24.2957630
0.9670000 -28.0753269
0.9680000 4.9163213
0.9690000 -8.9564514
0.9700000 -101.1393661
0.9710000 -1.6672634
0.9720000 -73.8946304
0.9730000 -36.5177612
0.9740000 -31.9480495
0.9750000 47.8338127
0.9760000 -53.5904846
0.9770000 36.7488441
0.9780000 4.8122401
0.9790000 -1.9862725
0.9800000 12.0433273
0.9810000 -34.8626595
0.9820000 40.8332443
0.9830000 -21.3759346
0.9840000 15.3161383
0.9850000 -13.3394613
0.9860000 -39.5544815
0.9870000 -3.3259602
0.9880000 72.8468170
0.9890000 9.5962210
0.9900000 -2.7702262
0.9910000 -14.5285130
0.9920000 -12.3323965
0.9930000 49.1014214
0.9940000 64.5614471
0.9950000 30.6147594
0.9960000 0.1482762
0.9970000 43.8885078
0.9980000 19.6886768
0.9990000 13.9255228
