0.0000000 -25.9872150
0.0010000 3.8380742
0.0020000 -6.4864111
0.0030000 38.3805923
0.0040000 36.1040573
0.0050000 -37.4830627
0.0060000 7.5537696
0.0070000 -5.4303708
0.0080000 -52.5282593
0.0090000 18.3996544
0.0100000 28.9580460
0.0110000 4.5472169
0.0120000 -7.8108115
0.0130000 17.6760426
0.0140000 -45.2301559
0.0150000 -31.2880707
0.0160000 -28.0721493
0.0170000 52.7294044
0.0180000 33.5833054
0.0190000 44.1354561
0.0200000 -27.1019459
0.0210000 31.7213440
0.0220000 141.2992706
0.0230000 17.9354954
0.0240000 6.3844204
0.0250000 16.0908413
0.0260000 0.1794550
0.0270000 14.4908514
0.0280000 -74.1928329
0.0290000 0.5017182
0.0300000 44.9826508
0.0310000 21.3550797
0.0320000 -57.9173164
0.0330000 15.4838505
0.0340000 -22.7003784
0.0350000 -23.5687561
0.0360000 -43.8468285
0.0370000 -87.5265656
0.0380000 37.5721512
0.0390000 -22.8811817
0.0400000 -29.8853207
0.0410000 -32.7461967
0.0420000 8.6389790
0.0430000 -25.3753624
0.0440000 24.9364605
0.0450000 -3.5052814
0.0460000 17.6660137
0.0470000 34.2934380
0.0480000 22.7547646
0.0490000 -13.0816545
0.0500000 44.6340027
0.0510000 13.6798649
0.0520000 31.3152924
0.0530000 -25.6686897
0.0540000 46.8686867
0.0550000 -33.4013481
0.0560000 33.2614021
0.0570000 21.7028694
0.0580000 -44.9173317
0.0590000 47.0842323
0.0600000 -3.6194625
0.0610000 48.5306854
0.0620000 6.8404875
0.0630000 -35.3651619
0.0640000 11.0386486
0.0650000 -26.6904945
0.0660000 35.2798615
0.0670000 -16.9247169
0.0680000 -12.3968649
0.0690000 -24.3301086
0.0700000 47.2398911
0.0710000 15.3783922
0.0720000 22.2733421
0.0730000 35.5165024
0.0740000 8.3833046
0.0750000 -3.5095675
0.0760000 51.4131203
0.0770000 17.3156815
0.0780000 11.3790951
0.0790000 -2.7805228
0.0800000 79.3960571
0.0810000 29.0593529
0.0820000 48.0739784
0.0830000 -22.0304985
0.0840000 -18.7359066
0.0850000 18.7545261
0.0860000 -49.0869789
0.0870000 -40.0834084
0.0880000 -6.1232867
0.0890000 5.2848191
0.0900000 -17.1855659
0.0910000 33.6464882
0.0920000 -0.1497672
0.0930000 5.7474012
0.0940000 9.6331806
0.0950000 43.6131859
0.0960000 -28.4069481
0.0970000 6.7130480
0.0980000 28.4810677
0.0990000 31.8727951
0.1000000 -9.2273598
0.1010000 -35.1193848
0.1020000 -27.8039951
0.1030000 38.6167030
0.1040000 -54.1139145
0.1050000 21.1880417
0.1060000 3.9021311
0.1070000 -50.9487762
0.1080000 2.5314491
0.1090000 -26.3935852
0.1100000 -31.2458839
0.1110000 -0.7446308
0.1120000 52.7439690
0.1130000 36.9188843
0.1140000 -7.2653360
0.1150000 36.9845543
0.1160000 1.2429149
0.1170000 50.5319214
0.1180000 9.4830647
0.1190000 -10.0698261
0.1200000 -46.5516853
0.1210000 10.6256466
0.1220000 -15.0132504
0.1230000 -26.1745625
0.1240000 -11.8526068
0.1250000 1.6979634
0.1260000 1.9338632
0.1270000 -21.0008106
0.1280000 -7.0403876
0.1290000 -11.5497189
0.1300000 -40.2388268
0.1310000 1.0811570
0.1320000 -65.6709824
0.1330000 23.0939693
0.1340000 14.1010685
0.1350000 -12.1197586
0.1360000 11.0162249
0.1370000 8.1925192
0.1380000 -10.4826622
0.1390000 -18.2015495
0.1400000 -11.5991697
0.1410000 33.1566391
0.1420000 53.7009010
0.1430000 -14.6023073
0.1440000 42.5554810
0.1450000 -23.2428761
0.1460000 18.5563030
0.1470000 -49.1614609
0.1480000 -30.1978989
0.1490000 8.3031034
0.1500000 -7.7457223
0.1510000 -19.1537876
0.1520000 -33.3939781
0.1530000 -36.7540665
0.1540000 -58.3385696
0.1550000 -1.2521873
0.1560000 5.2000990
0.1570000 -19.8393707
0.1580000 4.0515647
0.1590000 33.6067848
0.1600000 45.8052521
0.1610000 16.9111195
0.1620000 37.2261391
0.1630000 -70.0669022
0.1640000 -25.7882023
0.1650000 11.9772358
0.1660000 -6.3690567
0.1670000 -4.6753120
0.1680000 -17.9244919
0.1690000 9.9277182
0.1700000 15.6954117
0.1710000 -16.7029381
0.1720000 -0.3851559
0.1730000 -12.7275133
0.1740000 72.3557510
0.1750000 54.9222488
0.1760000 -20.9286060
0.1770000 -11.6124287
0.1780000 10.7646141
0.1790000 -23.5632038
0.1800000 -5.5487375
0.1810000 57.7357063
0.1820000 -42.8630714
0.1830000 20.6269512
0.1840000 -15.1098766
0.1850000 -25.3370247
0.1860000 5.1330156
0.1870000 -18.0396824
0.1880000 38.5981140
0.1890000 0.9502814
0.1900000 12.1906986
0.1910000 12.7868433
0.1920000 28.9226151
0.1930000 49.0078239
0.1940000 -85.5543365
0.1950000 -14.4219580
0.1960000 -19.0473900
0.1970000 -3.0143356
0.1980000 25.1218452
0.1990000 54.3218307
0.2000000 -8.1204453
0.2010000 -12.5153551
0.2020000 -36.8267365
0.2030000 -39.0824089
0.2040000 28.9018936
0.2050000 -7.2710686
0.2060000 56.7196083
0.2070000 -18.6645527
0.2080000 -0.0374250
0.2090000 -50.6127090
0.2100000 -27.2969818
0.2110000 -5.1243701
0.2120000 -3.5014296
0.2130000 -9.9225254
0.2140000 29.6326408
0.2150000 -47.6902122
0.2160000 -22.5515461
0.2170000 11.1376295
0.2180000 -13.1488380
0.2190000 19.8620205
0.2200000 10.5393753
0.2210000 -8.9374838
0.2220000 -10.1727209
0.2230000 -34.3803406
0.2240000 -29.6584129
0.2250000 -40.0165634
0.2260000 16.1446247
0.2270000 -1.8529733
0.2280000 26.1717911
0.2290000 13.3795824
0.2300000 10.1448069
0.2310000 -23.4267406
0.2320000 -48.2705879
0.2330000 -14.3339911
0.2340000 -40.6636772
0.2350000 23.5175686
0.2360000 4.6581082
0.2370000 -29.2871094
0.2380000 -1.0184790
0.2390000 -28.3582802
0.2400000 38.3639297
0.2410000 -10.2942848
0.2420000 26.4497223
0.2430000 10.0725412
0.2440000 54.3941803
0.2450000 41.7642136
0.2460000 39.2204437
0.2470000 41.2360916
0.2480000 -21.9260502
0.2490000 23.1236572
0.2500000 -23.0001945
0.2510000 25.1215076
0.2520000 -20.7713757
0.2530000 12.5277863
0.2540000 -4.9175496
0.2550000 41.6014519
0.2560000 -23.7271862
0.2570000 -9.8094435
0.2580000 -9.8993206
0.2590000 -7.5632401
0.2600000 -68.6768723
0.2610000 -39.7510719
0.2620000 13.8737068
0.2630000 21.6733627
0.2640000 -2.7330105
0.2650000 -20.6674404
0.2660000 -11.4884329
0.2670000 -74.6051025
0.2680000 43.9789162
0.2690000 -32.3282394
0.2700000 39.2462234
0.2710000 8.0743408
0.2720000 24.1338158
0.2730000 12.2616224
0.2740000 3.6840172
0.2750000 -34.4414749
0.2760000 61.8129616
0.2770000 1.9041929
0.2780000 7.3116107
0.2790000 -19.9955807
0.2800000 0.1457748
0.2810000 -12.2858019
0.2820000 -38.2098808
0.2830000 -2.3983161
0.2840000 -47.3736725
0.2850000 57.2958374
0.2860000 -44.0460281
0.2870000 22.4351406
0.2880000 17.3709564
0.2890000 -51.4356728
0.2900000 101.7305832
0.2910000 80.2187805
0.2920000 53.2721138
0.2930000 -60.2839432
0.2940000 8.1587915
0.2950000 -24.4738121
0.2960000 -41.6507301
0.2970000 -43.7732544
0.2980000 2.3748877
0.2990000 36.2931061
0.3000000 -29.9871788
0.3010000 -18.2290859
0.3020000 -0.6765799
0.3030000 -39.0293045
0.3040000 6.6656651
0.3050000 53.6801147
0.3060000 -20.3146343
0.3070000 28.7534008
0.3080000 -48.7055511
0.3090000 -4.8579512
0.3100000 -11.3925877
0.3110000 48.0296402
0.3120000 -21.7939644
0.3130000 -1.1846360
0.3140000 10.9000597
0.3150000 -28.0580502
0.3160000 -39.4586601
0.3170000 28.8745193
0.3180000 27.7370815
0.3190000 1.1894511
0.3200000 -5.7516661
0.3210000 -24.9748859
0.3220000 -37.1087608
0.3230000 -38.3545952
0.3240000 12.3815031
0.3250000 19.9944859
0.3260000 32.0113068
0.3270000 22.5881596
0.3280000 26.5253620
0.3290000 26.4188099
0.3300000 -23.7116203
0.3310000 20.5149879
0.3320000 8.2698135
0.3330000 17.4351921
0.3340000 6.4600501
0.3350000 15.4330244
0.3360000 69.7625656
0.3370000 -47.8209038
0.3380000 -13.2357216
0.3390000 -6.0785389
0.3400000 5.8259048
0.3410000 11.7879829
0.3420000 -54.7321472
0.3430000 52.6388741
0.3440000 32.3834610
0.3450000 -19.1485558
0.3460000 10.6565647
0.3470000 34.2435837
0.3480000 -18.4212818
0.3490000 -14.8638439
0.3500000 31.6217976
0.3510000 39.6409531
0.3520000 -1.9601655
0.3530000 -16.0650654
0.3540000 36.1563759
0.3550000 -43.9057693
0.3560000 44.6227875
0.3570000 -12.0283899
0.3580000 30.7731476
0.3590000 21.5821991
0.3600000 -29.6034851
0.3610000 28.3901577
0.3620000 -1.5098155
0.3630000 45.5863686
0.3640000 -17.6586189
0.3650000 -42.4520111
0.3660000 -51.6774216
0.3670000 -15.7998180
0.3680000 20.4182682
0.3690000 14.7729216
0.3700000 7.0035152
0.3710000 72.8704834
0.3720000 26.6608124
0.3730000 32.1488533
0.3740000 -25.0667419
0.3750000 -34.8706017
0.3760000 -30.6489277
0.3770000 -51.5386009
0.3780000 22.9918156
0.3790000 47.7933235
0.3800000 -81.3863831
0.3810000 -61.2241478
0.3820000 -43.4512329
0.3830000 27.4919281
0.3840000 -26.7771206
0.3850000 7.9266758
0.3860000 -16.1852322
0.3870000 10.5179090
0.3880000 -16.2895813
0.3890000 11.2339582
0.3900000 18.7824516
0.3910000 -32.3532448
0.3920000 -2.7915089
0.3930000 -16.3399086
0.3940000 4.8696003
0.3950000 50.7051086
0.3960000 76.0383682
0.3970000 23.4444084
0.3980000 97.7314224
0.3990000 18.9683552
0.4000000 17.7798786
0.4010000 -18.2979660
0.4020000 43.6669083
0.4030000 18.3476734
0.4040000 3.1688747
0.4050000 -11.1707468
0.4060000 -1.5581326
0.4070000 -56.6403084
0.4080000 11.6201563
0.4090000 49.5353127
0.4100000 -22.5635815
0.4110000 3.9829476
0.4120000 10.5085535
0.4130000 -18.4387455
0.4140000 -31.6690178
0.4150000 15.9446030
0.4160000 -1.3045031
0.4170000 -13.3563576
0.4180000 30.7298393
0.4190000 -53.7919350
0.4200000 -79.0497513
0.4210000 53.0418892
0.4220000 -46.9938431
0.4230000 35.9465141
0.4240000 0.4836520
0.4250000 47.2987099
0.4260000 11.6849689
0.4270000 58.2000237
0.4280000 37.1753540
0.4290000 -37.1708031
0.4300000 30.1646862
0.4310000 -60.0254402
0.4320000 -15.0333977
0.4330000 -25.3055382
0.4340000 48.7719460
0.4350000 31.4671307
0.4360000 -22.0859108
0.4370000 55.6422005
0.4380000 24.2334843
0.4390000 -14.5189142
0.4400000 -78.8652725
0.4410000 -11.8681345
0.4420000 68.6724625
0.4430000 -47.0722427
0.4440000 -12.6291819
0.4450000 -23.4729881
0.4460000 -39.2650261
0.4470000 21.6036758
0.4480000 13.0678091
0.4490000 65.6081314
0.4500000 -24.4879646
0.4510000 19.1866207
0.4520000 -5.8063850
0.4530000 -108.7490921
0.4540000 -35.0360718
0.4550000 10.1453457
0.4560000 -61.4133415
0.4570000 29.7041111
0.4580000 32.5663223
0.4590000 23.7980175
0.4600000 -62.1506767
0.4610000 -36.6940575
0.4620000 46.6293449
0.4630000 17.1902752
0.4640000 4.3729510
0.4650000 40.5504646
0.4660000 -56.6634064
0.4670000 -2.6727140
0.4680000 -13.1139612
0.4690000 25.9602852
0.4700000 23.8168201
0.4710000 -9.3656330
0.4720000 -8.9969673
0.4730000 31.3778229
0.4740000 44.5467415
0.4750000 22.6892147
0.4760000 58.5317383
0.4770000 -64.2732620
0.4780000 -22.3363762
0.4790000 10.8013000
0.4800000 12.4928255
0.4810000 -47.3305817
0.4820000 9.0488157
0.4830000 7.4076109
0.4840000 49.3619614
0.4850000 29.9568863
0.4860000 21.5717010
0.4870000 2.9079554
0.4880000 13.6621847
0.4890000 -14.1695080
0.4900000 25.5114918
0.4910000 -37.9812050
0.4920000 -12.8893452
0.4930000 28.9872131
0.4940000 2.3069174
0.4950000 -24.0907478
0.4960000 -1.3393352
0.4970000 -67.4643936
0.4980000 -9.7275009
0.4990000 14.3635864
0.5000000 25.0424080
0.5010000 -12.1363449
0.5020000 23.1897507
0.5030000 -60.8931160
0.5040000 -2.1214406
0.5050000 -43.6912956
0.5060000 -46.2876511
0.5070000 19.0615788
0.5080000 33.4514999
0.5090000 1.0700065
0.5100000 27.2844925
0.5110000 63.8234062
0.5120000 -11.6803036
0.5130000 51.4861183
0.5140000 -12.9087877
0.5150000 58.9118996
0.5160000 59.6578903
0.5170000 -69.5100708
0.5180000 -18.2052402
0.5190000 -15.3621254
0.5200000 -9.7486572
0.5210000 -29.2888432
0.5220000 9.6416922
0.5230000 -37.9591064
0.5240000 -23.9165993
0.5250000 56.2177505
0.5260000 -25.7402668
0.5270000 85.6758575
0.5280000 -21.7668324
0.5290000 54.3006363
0.5300000 -62.9246140
0.5310000 -13.0088453
0.5320000 26.5832520
0.5330000 -33.2647743
0.5340000 -15.6523790
0.5350000 -68.9364090
0.5360000 4.3177466
0.5370000 -42.8718643
0.5380000 38.3432655
0.5390000 -71.1411896
0.5400000 -15.6700077
0.5410000 -16.5996265
0.5420000 -0.8538184
0.5430000 -42.6130486
0.5440000 17.6583633
0.5450000 9.3849936
0.5460000 8.3144445
0.5470000 58.3167686
0.5480000 -11.2718363
0.5490000 9.7963877
0.5500000 -29.8367805
0.5510000 -6.4579525
0.5520000 -38.8801804
0.5530000 -43.7135811
0.5540000 -17.7378311
0.5550000 -58.1016273
0.5560000 -21.5210838
0.5570000 14.6105042
0.5580000 29.2120457
0.5590000 9.0712509
0.5600000 38.2163582
0.5610000 75.9902725
0.5620000 42.0792084
0.5630000 18.0057373
0.5640000 30.9444981
0.5650000 -16.5609741
0.5660000 60.5272179
0.5670000 8.4898710
0.5680000 9.0871916
0.5690000 4.8306403
0.5700000 24.7034016
0.5710000 -0.5055016
0.5720000 -14.0396843
0.5730000 -9.3992796
0.5740000 -47.5220146
0.5750000 45.2240524
0.5760000 -3.1749086
0.5770000 -58.1584091
0.5780000 -8.7375221
0.5790000 10.2616920
0.5800000 72.2519455
0.5810000 26.6138115
0.5820000 -7.3417106
0.5830000 24.2201958
0.5840000 -25.9844284
0.5850000 2.3826585
0.5860000 9.7010460
0.5870000 3.3630495
0.5880000 4.7265663
0.5890000 -51.4893684
0.5900000 -38.7279091
0.5910000 2.9130034
0.5920000 23.3334198
0.5930000 84.6442947
0.5940000 -9.4832354
0.5950000 -16.0463181
0.5960000 50.7741432
0.5970000 -0.3665332
0.5980000 -24.2037582
0.5990000 -1.3961990
0.6000000 42.4594040
0.6010000 67.5471878
0.6020000 23.1108856
0.6030000 42.9403839
0.6040000 42.1212044
0.6050000 -17.9290771
0.6060000 97.1815033
0.6070000 3.3359168
0.6080000 -12.8535681
0.6090000 14.9261713
0.6100000 10.5409698
0.6110000 4.2605262
0.6120000 -10.0649595
0.6130000 39.3566475
0.6140000 2.4095967
0.6150000 38.5653992
0.6160000 2.3415785
0.6170000 -12.0552549
0.6180000 -17.4938488
0.6190000 -3.1810071
0.6200000 -3.5310175
0.6210000 -38.9593658
0.6220000 -26.7411041
0.6230000 -34.0001106
0.6240000 27.0347252
0.6250000 65.1982956
0.6260000 25.8049450
0.6270000 -21.5363102
0.6280000 -35.7857971
0.6290000 -9.3507652
0.6300000 -47.7440186
0.6310000 12.1362343
0.6320000 2.9959426
0.6330000 53.4107208
0.6340000 28.5848560
0.6350000 26.2063999
0.6360000 -12.6368771
0.6370000 35.3804626
0.6380000 -62.1840134
0.6390000 -15.0472631
0.6400000 -24.1677265
0.6410000 21.3619270
0.6420000 -12.1631422
0.6430000 8.6627674
0.6440000 -20.7868481
0.6450000 25.3464603
0.6460000 12.1910467
0.6470000 -63.3012428
0.6480000 -29.4174919
0.6490000 -49.0856361
0.6500000 22.1414375
0.6510000 -24.5987797
0.6520000 -21.0118027
0.6530000 7.7705221
0.6540000 -0.9714865
0.6550000 -77.6959686
0.6560000 48.9803276
0.6570000 -47.0798073
0.6580000 -59.1670036
0.6590000 -24.4741287
0.6600000 -4.7949977
0.6610000 58.8799095
0.6620000 -36.7446442
0.6630000 40.9022369
0.6640000 -12.3545847
0.6650000 34.4033890
0.6660000 -19.2424431
0.6670000 9.8565760
0.6680000 -27.4742699
0.6690000 53.2494164
0.6700000 19.3603363
0.6710000 15.1509418
0.6720000 -32.0851784
0.6730000 -0.3910790
0.6740000 2.7682862
0.6750000 -22.8183289
0.6760000 26.8384380
0.6770000 -25.7299671
0.6780000 -44.2473602
0.6790000 -13.5539379
0.6800000 4.2318807
0.6810000 -38.0492172
0.6820000 50.8788681
0.6830000 -0.2555338
0.6840000 -34.4194221
0.6850000 -34.9175987
0.6860000 1.3760823
0.6870000 -5.3471503
0.6880000 -50.1100540
0.6890000 -5.8921990
0.6900000 -14.1745558
0.6910000 14.3491917
0.6920000 58.3889809
0.6930000 -3.5108478
0.6940000 -27.9580517
0.6950000 57.2979469
0.6960000 21.0510063
0.6970000 59.0829277
0.6980000 38.0238266
0.6990000 84.8564606
0.7000000 6.1052127
0.7010000 5.9348078
0.7020000 -7.8790565
0.7030000 20.6625156
0.7040000 7.6896672
0.7050000 -9.3190718
0.7060000 -10.8144293
0.7070000 20.3632526
0.7080000 -5.2984567
0.7090000 28.0039959
0.7100000 18.0774937
0.7110000 44.9006157
0.7120000 -41.9903221
0.7130000 8.8164787
0.7140000 49.3313484
0.7150000 54.7215614
0.7160000 -52.6984978
0.7170000 40.5903397
0.7180000 -39.1684532
0.7190000 -37.5398979
0.7200000 35.3347244
0.7210000 -26.9819279
0.7220000 52.0634613
0.7230000 -63.5356064
0.7240000 10.7922020
0.7250000 6.8463616
0.7260000 12.2396841
0.7270000 1.3548864
0.7280000 -22.0052032
0.7290000 -43.0786667
0.7300000 61.2059250
0.7310000 -13.6649075
0.7320000 -40.0728073
0.7330000 7.8446817
0.7340000 -49.5772247
0.7350000 63.2740860
0.7360000 -25.0689754
0.7370000 -48.9259682
0.7380000 12.8828907
0.7390000 9.0660257
0.7400000 -12.5625277
0.7410000 -26.1672935
0.7420000 6.4343214
0.7430000 -31.4863262
0.7440000 31.3064804
0.7450000 -42.8827324
0.7460000 31.9086380
0.7470000 -6.2104836
0.7480000 44.2221527
0.7490000 -11.6625671
0.7500000 -90.5169754
0.7510000 27.3985634
0.7520000 -29.6616745
0.7530000 -61.9139252
0.7540000 14.0353680
0.7550000 79.9951782
0.7560000 -1.0456401
0.7570000 49.0892410
0.7580000 -11.5782118
0.7590000 -2.7365642
0.7600000 58.2024651
0.7610000 -60.1014519
0.7620000 38.4784279
0.7630000 -73.3098602
0.7640000 -52.7416763
0.7650000 37.8116646
0.7660000 0.3436600
0.7670000 -11.3086529
0.7680000 38.0551949
0.7690000 21.4539547
0.7700000 47.8869743
0.7710000 -29.5294018
0.7720000 34.8147240
0.7730000 25.1299400
0.7740000 9.9543495
0.7750000 -14.0128288
0.7760000 10.2652206
0.7770000 20.4649506
0.7780000 -6.5808444
0.7790000 -48.9688950
0.7800000 -0.2670957
0.7810000 8.8162498
0.7820000 3.3000507
0.7830000 -40.3841515
0.7840000 -4.6311331
0.7850000 23.9835491
0.7860000 38.8004265
0.7870000 -56.1207771
0.7880000 -28.3280907
0.7890000 -17.6107979
0.7900000 18.2173252
0.7910000 23.9431458
0.7920000 -53.5751419
0.7930000 8.3134012
0.7940000 -24.4721851
0.7950000 -9.4257479
0.7960000 -35.9066238
0.7970000 -74.1071167
0.7980000 -20.7179470
0.7990000 -20.7971439
0.8000000 -4.7240486
0.8010000 -21.1240997
0.8020000 47.1947823
0.8030000 21.3799896
0.8040000 11.3767490
0.8050000 19.2721767
0.8060000 54.3200951
0.8070000 29.6650734
0.8080000 -13.6808062
0.8090000 2.3728426
0.8100000 20.8198586
0.8110000 -20.0025902
0.8120000 1.2702600
0.8130000 -45.5327110
0.8140000 29.9886227
0.8150000 -12.1250744
0.8160000 48.9499435
0.8170000 15.2455797
0.8180000 12.6369963
0.8190000 -5.9577985
0.8200000 -61.9133034
0.8210000 21.3025894
0.8220000 13.6188231
0.8230000 -55.5333290
0.8240000 11.5993624
0.8250000 -2.4648542
0.8260000 2.7704451
0.8270000 47.6238785
0.8280000 -32.9248352
0.8290000 20.3023777
0.8300000 -64.7605743
0.8310000 8.8482027
0.8320000 -40.6800117
0.8330000 -88.9123154
0.8340000 35.1856956
0.8350000 18.0149231
0.8360000 66.7882767
0.8370000 -12.0655775
0.8380000 20.7535019
0.8390000 -18.8622913
0.8400000 -6.1661325
0.8410000 12.2213516
0.8420000 9.6616592
0.8430000 8.2758207
0.8440000 -43.5515556
0.8450000 -99.6063766
0.8460000 -67.0288391
0.8470000 32.4736862
0.8480000 -38.1616859
0.8490000 -56.6862106
0.8500000 -15.9449797
0.8510000 -8.4484930
0.8520000 -12.9221363
0.8530000 -22.3569279
0.8540000 -55.2819519
0.8550000 -18.2451496
0.8560000 -11.1468248
0.8570000 47.7696075
0.8580000 -1.6280528
0.8590000 -62.5017853
0.8600000 1.5197073
0.8610000 -79.6579285
0.8620000 30.6858215
0.8630000 6.2418256
0.8640000 -16.9045811
0.8650000 -26.8504982
0.8660000 3.4655545
0.8670000 12.0260124
0.8680000 -14.9425516
0.8690000 0.5285968
0.8700000 -28.9090710
0.8710000 -16.1476555
0.8720000 -8.9772434
0.8730000 45.4517212
0.8740000 -68.6890717
0.8750000 11.4940071
0.8760000 -2.7012217
0.8770000 13.9939823
0.8780000 12.1613941
0.8790000 -14.0569353
0.8800000 1.4232502
0.8810000 71.1550751
0.8820000 24.1016026
0.8830000 38.0504913
0.8840000 -13.6584120
0.8850000 28.9586506
0.8860000 -42.6292076
0.8870000 27.2743721
0.8880000 0.9895778
0.8890000 60.9284935
0.8900000 59.9685440
0.8910000 -6.8489113
0.8920000 1.1557229
0.8930000 -71.3766174
0.8940000 -68.3051758
0.8950000 35.3756523
0.8960000 -2.7073102
0.8970000 -51.1205597
0.8980000 16.3884201
0.8990000 -13.5150518
0.9000000 3.0053346
0.9010000 48.2437134
0.9020000 -25.2896900
0.9030000 -30.7026596
0.9040000 -21.6632576
0.9050000 0.2209210
0.9060000 40.6487961
0.9070000 -46.0011330
0.9080000 6.4364920
0.9090000 -15.2359791
0.9100000 33.4808807
0.9110000 -22.7621422
0.9120000 9.6539164
0.9130000 -2.8835056
0.9140000 5.8997951
0.9150000 55.5309372
0.9160000 -28.6205006
0.9170000 63.8502274
0.9180000 77.6833267
0.9190000 -27.6862946
0.9200000 -15.1627274
0.9210000 -39.0103760
0.9220000 4.3809595
0.9230000 31.1495934
0.9240000 -5.1648183
0.9250000 50.7716255
0.9260000 -27.8263302
0.9270000 -35.9360085
0.9280000 10.7074184
0.9290000 -3.8013341
0.9300000 82.8033295
0.9310000 -19.5187054
0.9320000 -33.1582680
0.9330000 2.4888766
0.9340000 26.2743835
0.9350000 -33.4243889
0.9360000 -1.4143089
0.9370000 -38.1859703
0.9380000 5.8710823
0.9390000 23.1554756
0.9400000 36.1969337
0.9410000 -10.7357836
0.9420000 -55.9716492
0.9430000 -20.9555759
0.9440000 57.2336388
0.9450000 33.7372246
0.9460000 -11.1252956
0.9470000 72.9997253
0.9480000 58.2616959
0.9490000 36.7932091
0.9500000 -25.2088547
0.9510000 11.0318575
0.9520000 -45.6032753
0.9530000 -33.6402969
0.9540000 -21.0842533
0.9550000 -37.0052071
0.9560000 -17.4178047
0.9570000 39.3201904
0.9580000 30.6088638
0.9590000 28.7645473
0.9600000 -5.2974601
0.9610000 13.8313656
0.9620000 26.3137989
0.9630000 -41.3948898
0.9640000 7.2497764
0.9650000 14.7215385
0.9660000 39.1931610
0.9670000 -11.7143774
0.9680000 7.3890748
0.9690000 -39.9836884
0.9700000 -20.9015732
0.9710000 -45.5173302
0.9720000 32.1576271
0.9730000 17.3372173
0.9740000 -7.9651213
0.9750000 57.8853111
0.9760000 13.7764311
0.9770000 -44.4411278
0.9780000 -10.2990236
0.9790000 22.8972816
0.9800000 -42.5211067
0.9810000 26.8628960
0.9820000 45.1443596
0.9830000 8.0723534
0.9840000 38.6396675
0.9850000 64.0491257
0.9860000 -7.9764609
0.9870000 27.4343281
0.9880000 -0.5514480
0.9890000 -18.2990971
0.9900000 24.5869331
0.9910000 -2.4966187
0.9920000 65.4313736
0.9930000 -45.2551956
0.9940000 71.5514755
0.9950000 -20.9881458
0.9960000 46.4310760
0.9970000 -9.8913507
0.9980000 -60.3747177
0.9990000 -27.6712036
