0.0000000 -3.3841722
0.0010000 -40.8483696
0.0020000 21.6889744
0.0030000 -54.9121819
0.0040000 -7.6779146
0.0050000 -28.0406876
0.0060000 41.5742264
0.0070000 -6.6021585
0.0080000 4.5293603
0.0090000 -9.3374157
0.0100000 -5.8699837
0.0110000 0.9877782
0.0120000 2.7332461
0.0130000 1.8337102
0.0140000 36.0087547
0.0150000 -97.0801468
0.0160000 -19.8842945
0.0170000 -37.6353035
0.0180000 11.2563438
0.0190000 -59.8162231
0.0200000 19.9720497
0.0210000 -3.8139918
0.0220000 -31.5082550
0.0230000 43.8479919
0.0240000 -19.8804531
0.0250000 -4.6863437
0.0260000 12.5783796
0.0270000 -17.2253284
0.0280000 -28.7573681
0.0290000 49.0237160
0.0300000 -18.1189175
0.0310000 -29.9811859
0.0320000 3.7810464
0.0330000 -23.2248631
0.0340000 22.9623909
0.0350000 -24.6803074
0.0360000 13.1548729
0.0370000 0.7921434
0.0380000 -30.5097523
0.0390000 -46.3801270
0.0400000 -65.3023453
0.0410000 0.3370404
0.0420000 32.4739113
0.0430000 26.2054710
0.0440000 -27.4883690
0.0450000 53.8621483
0.0460000 6.0851502
0.0470000 21.3253174
0.0480000 14.7545643
0.0490000 -24.4994869
0.0500000 -31.8842964
0.0510000 35.0389633
0.0520000 -24.0113716
0.0530000 26.1424065
0.0540000 18.1960316
0.0550000 22.1139011
0.0560000 5.4188061
0.0570000 6.6510510
0.0580000 -9.1726837
0.0590000 38.8631477
0.0600000 -55.7924805
0.0610000 -18.7672596
0.0620000 -6.7486324
0.0630000 76.5375595
0.0640000 2.8015342
0.0650000 -60.3458519
0.0660000 -18.1439972
0.0670000 14.9530277
0.0680000 -16.6008110
0.0690000 29.6516933
0.0700000 -1.7174268
0.0710000 5.8722606
0.0720000 -3.6713631
0.0730000 10.5755873
0.0740000 -40.4056816
0.0750000 32.9858437
0.0760000 39.2303123
0.0770000 6.2598934
0.0780000 -25.7854691
0.0790000 31.9982624
0.0800000 3.8265595
0.0810000 27.5405521
0.0820000 25.8573685
0.0830000 0.4463609
0.0840000 -15.7487478
0.0850000 18.2151031
0.0860000 2.4249535
0.0870000 7.6989512
0.0880000 -66.7717133
0.0890000 21.8585930
0.0900000 5.6530023
0.0910000 -10.4738359
0.0920000 -36.3233604
0.0930000 -30.6532421
0.0940000 -3.5236700
0.0950000 -3.6422822
0.0960000 55.3531761
0.0970000 51.0507050
0.0980000 40.5571289
0.0990000 -45.5616646
0.1000000 10.9347458
0.1010000 -9.5146093
0.1020000 -8.6196861
0.1030000 -21.7569962
0.1040000 -23.0588264
0.1050000 -1.1567351
0.1060000 10.7472782
0.1070000 11.4118900
0.1080000 25.8127651
0.1090000 31.1478481
0.1100000 -5.6309595
0.1110000 -52.9979973
0.1120000 45.2729912
0.1130000 -26.8939571
0.1140000 38.6694984
0.1150000 -43.9706459
0.1160000 -9.8191881
0.1170000 -3.7922516
0.1180000 11.0717993
0.1190000 14.6230745
0.1200000 -41.4244080
0.1210000 37.6315804
0.1220000 15.0407820
0.1230000 26.6541271
0.1240000 6.7966795
0.1250000 31.8647556
0.1260000 -33.5720825
0.1270000 35.8045578
0.1280000 11.4832592
0.1290000 7.8123031
0.1300000 40.1873512
0.1310000 -35.7304230
0.1320000 -6.6975207
0.1330000 -29.1667976
0.1340000 64.5511322
0.1350000 -47.1694260
0.1360000 10.8435411
0.1370000 20.2837315
0.1380000 -7.3640256
0.1390000 -7.4251504
0.1400000 15.5323172
0.1410000 13.2695704
0.1420000 9.3979540
0.1430000 15.5159616
0.1440000 45.6162109
0.1450000 -9.0988569
0.1460000 -18.8455544
0.1470000 -0.2594617
0.1480000 -3.3249369
0.1490000 -44.8132858
0.1500000 -66.4364166
0.1510000 72.9972839
0.1520000 11.6185827
0.1530000 2.8938224
0.1540000 25.1018162
0.1550000 59.7417564
0.1560000 -0.2475038
0.1570000 7.6486330
0.1580000 -12.7727699
0.1590000 -29.5664959
0.1600000 -0.9227061
0.1610000 7.6945987
0.1620000 52.3383408
0.1630000 -3.4942455
0.1640000 26.3949165
0.1650000 7.6764898
0.1660000 -6.1254697
0.1670000 67.1034927
0.1680000 48.3726692
0.1690000 15.2893019
0.1700000 -47.1609154
0.1710000 -39.9023209
0.1720000 35.5515709
0.1730000 25.5134163
0.1740000 17.1194725
0.1750000 40.7872963
0.1760000 12.0060797
0.1770000 -19.0837708
0.1780000 -46.3943481
0.1790000 6.7541265
0.1800000 -1.4277948
0.1810000 66.1876373
0.1820000 -40.5935974
0.1830000 40.2798576
0.1840000 15.6801386
0.1850000 -50.7026634
0.1860000 28.3807316
0.1870000 -3.3173540
0.1880000 -47.2962265
0.1890000 9.8900785
0.1900000 5.7192745
0.1910000 -21.5227852
0.1920000 -35.1710205
0.1930000 -29.8968067
0.1940000 23.8507919
0.1950000 -31.3439465
0.1960000 8.8432903
0.1970000 -11.5513668
0.1980000 -24.6959782
0.1990000 -26.3595238
0.2000000 -5.1044989
0.2010000 -11.3682127
0.2020000 8.9262743
0.2030000 12.9431801
0.2040000 -31.2589703
0.2050000 14.8383684
0.2060000 98.8699341
0.2070000 7.0349684
0.2080000 -16.6740170
0.2090000 69.9519882
0.2100000 -13.9146338
0.2110000 8.8661413
0.2120000 9.7305098
0.2130000 15.7038670
0.2140000 65.3126068
0.2150000 -77.2964935
0.2160000 9.4797659
0.2170000 -22.5528660
0.2180000 -42.2362518
0.2190000 -25.9080830
0.2200000 -6.8318453
0.2210000 40.0946426
0.2220000 -48.9489174
0.2230000 -41.7733917
0.2240000 54.3517723
0.2250000 7.6658773
0.2260000 -7.8471861
0.2270000 -2.2883523
0.2280000 17.4923840
0.2290000 6.5494332
0.2300000 33.2154732
0.2310000 54.6806870
0.2320000 6.8023067
0.2330000 -6.5956378
0.2340000 -1.2129734
0.2350000 17.1458588
0.2360000 56.5123367
0.2370000 -9.9041443
0.2380000 -35.0807953
0.2390000 -39.0592842
0.2400000 31.6080799
0.2410000 42.6434479
0.2420000 -1.1204281
0.2430000 -41.1356010
0.2440000 27.3715019
0.2450000 20.9745235
0.2460000 0.9454551
0.2470000 -9.1238565
0.2480000 6.8430166
0.2490000 -35.2693977
0.2500000 9.4192524
0.2510000 17.9830418
0.2520000 -65.5767288
0.2530000 0.5506116
0.2540000 -68.1393127
0.2550000 24.5270309
0.2560000 -59.0003548
0.2570000 -16.3492374
0.2580000 17.3501072
0.2590000 -2.7471347
0.2600000 -14.3372507
0.2610000 -21.5189533
0.2620000 34.9680672
0.2630000 -5.5378904
0.2640000 -21.5489140
0.2650000 45.6341820
0.2660000 -55.4510498
0.2670000 -17.7300892
0.2680000 -7.4600763
0.2690000 -16.7670097
0.2700000 19.3007603
0.2710000 37.4106560
0.2720000 -66.9780426
0.2730000 -17.1522865
0.2740000 38.4212418
0.2750000 -15.6917315
0.2760000 -9.1302843
0.2770000 -47.8400841
0.2780000 -2.0027795
0.2790000 10.9616270
0.2800000 34.7506332
0.2810000 2.6681254
0.2820000 47.6103325
0.2830000 20.3080139
0.2840000 -27.2569256
0.2850000 -33.2050438
0.2860000 -43.5254555
0.2870000 -95.0706253
0.2880000 -8.4871178
0.2890000 -0.2601310
0.2900000 66.8186493
0.2910000 -21.7340088
0.2920000 72.1127853
0.2930000 -53.3349419
0.2940000 -43.8200340
0.2950000 38.4153786
0.2960000 23.5055904
0.2970000 -39.8047981
0.2980000 52.1447983
0.2990000 62.0994225
0.3000000 -15.5254345
0.3010000 -46.2693443
0.3020000 35.7276039
0.3030000 32.8160706
0.3040000 48.6620293
0.3050000 19.0145226
0.3060000 14.7334299
0.3070000 -15.7410088
0.3080000 7.4218245
0.3090000 -14.4405041
0.3100000 42.2606812
0.3110000 14.6240807
0.3120000 -10.0351486
0.3130000 70.2259903
0.3140000 20.0085011
0.3150000 -37.5124474
0.3160000 -21.3425159
0.3170000 52.1538925
0.3180000 11.3037672
0.3190000 -0.4865415
0.3200000 -4.8570762
0.3210000 8.9467869
0.3220000 4.0603843
0.3230000 35.4916496
0.3240000 -39.7213440
0.3250000 -13.7033625
0.3260000 -71.0722427
0.3270000 27.4574680
0.3280000 -32.6438904
0.3290000 -26.8438549
0.3300000 91.5499802
0.3310000 7.9650269
0.3320000 -13.9000397
0.3330000 -2.7339602
0.3340000 -33.9067421
0.3350000 22.2116547
0.3360000 7.8364415
0.3370000 52.2980614
0.3380000 59.1173897
0.3390000 -18.4604073
0.3400000 -61.2566109
0.3410000 12.8184929
0.3420000 -11.2078905
0.3430000 -8.6084423
0.3440000 45.1080551
0.3450000 50.9147911
0.3460000 -1.7130222
0.3470000 30.6752720
0.3480000 -34.7743225
0.3490000 -37.9258499
0.3500000 -27.2243404
0.3510000 -20.7648792
0.3520000 9.5265846
0.3530000 -6.2399936
0.3540000 45.5512428
0.3550000 54.5991440
0.3560000 -4.2189813
0.3570000 -6.1003742
0.3580000 -76.4625473
0.3590000 -25.0042515
0.3600000 -6.9860253
0.3610000 30.3702583
0.3620000 -19.8282604
0.3630000 15.0298004
0.3640000 25.1480560
0.3650000 34.0608826
0.3660000 18.7116108
0.3670000 43.4450760
0.3680000 -51.4641228
0.3690000 -15.5968056
0.3700000 11.5669613
0.3710000 -22.7628975
0.3720000 18.4199276
0.3730000 -45.9236107
0.3740000 -30.4157696
0.3750000 9.2987623
0.3760000 -59.3848648
0.3770000 45.2736931
0.3780000 -31.7136230
0.3790000 44.9131966
0.3800000 -13.2392569
0.3810000 6.3930788
0.3820000 -27.4862423
0.3830000 15.0980864
0.3840000 -19.5837517
0.3850000 61.4698334
0.3860000 -33.2663116
0.3870000 -2.7812932
0.3880000 77.9595795
0.3890000 -4.3179178
0.3900000 -30.0793324
0.3910000 -13.3678036
0.3920000 66.5006409
0.3930000 -30.4484978
0.3940000 -6.3567791
0.3950000 -17.4617691
0.3960000 -58.3374825
0.3970000 -47.7690697
0.3980000 72.8289185
0.3990000 6.0763779
0.4000000 4.0668588
0.4010000 -36.1258125
0.4020000 91.4481888
0.4030000 -18.2115612
0.4040000 -7.3618512
0.4050000 31.0769958
0.4060000 35.2395172
0.4070000 -10.7276802
0.4080000 30.5204411
0.4090000 30.2129688
0.4100000 -37.7171173
0.4110000 -20.9073467
0.4120000 3.8863516
0.4130000 24.7622280
0.4140000 -19.8496418
0.4150000 12.1623440
0.4160000 39.5624275
0.4170000 -4.8584132
0.4180000 -21.7624454
0.4190000 -10.2159901
0.4200000 -22.0346661
0.4210000 -1.0691477
0.4220000 13.9723587
0.4230000 -26.9019699
0.4240000 3.1514442
0.4250000 0.4720380
0.4260000 -37.1931610
0.4270000 85.3687363
0.4280000 17.4554768
0.4290000 -28.2414341
0.4300000 -56.9521599
0.4310000 45.2179222
0.4320000 -4.4539266
0.4330000 13.3970776
0.4340000 15.0840731
0.4350000 -58.9214821
0.4360000 2.7165101
0.4370000 -82.3181839
0.4380000 25.4023914
0.4390000 8.0083942
0.4400000 2.7071235
0.4410000 10.2008476
0.4420000 37.1204109
0.4430000 10.9074564
0.4440000 -56.4431076
0.4450000 -78.2569656
0.4460000 -20.2470913
0.4470000 26.9793854
0.4480000 -53.7103157
0.4490000 14.6179914
0.4500000 -46.9475670
0.4510000 -41.1130371
0.4520000 34.1519165
0.4530000 0.7758654
0.4540000 15.7545767
0.4550000 12.9289904
0.4560000 -38.5242081
0.4570000 -5.3663931
0.4580000 50.7794418
0.4590000 11.3501825
0.4600000 24.3211460
0.4610000 -30.8081169
0.4620000 12.4044666
0.4630000 -7.0864143
0.4640000 -38.1471786
0.4650000 -34.1139603
0.4660000 -50.4245033
0.4670000 -32.4147453
0.4680000 -24.2451038
0.4690000 -29.3658867
0.4700000 12.4792414
0.4710000 72.4455795
0.4720000 10.2767067
0.4730000 -23.5868912
0.4740000 77.4257202
0.4750000 6.4508624
0.4760000 15.6203270
0.4770000 -53.8442574
0.4780000 -11.4648552
0.4790000 10.1165991
0.4800000 -6.0415130
0.4810000 2.9759831
0.4820000 5.6737046
0.4830000 -16.1504421
0.4840000 87.8433838
0.4850000 -63.3086739
0.4860000 -40.4860115
0.4870000 67.2705460
0.4880000 33.5319366
0.4890000 -24.5604839
0.4900000 -76.0534668
0.4910000 2.3380585
0.4920000 10.6325312
0.4930000 27.4111805
0.4940000 -41.9893227
0.4950000 -58.5410309
0.4960000 9.9820671
0.4970000 76.2969742
0.4980000 55.2441216
0.4990000 -39.2368126
0.5000000 -31.8715897
0.5010000 3.9929159
0.5020000 -7.7845359
0.5030000 -8.3980913
0.5040000 -0.2877175
0.5050000 -0.5061765
0.5060000 -17.2543221
0.5070000 -7.4474297
0.5080000 6.6182384
0.5090000 -18.4601288
0.5100000 -49.9562454
0.5110000 -49.8905296
0.5120000 -19.3183880
0.5130000 -5.9802022
0.5140000 -2.1394286
0.5150000 -49.1515236
0.5160000 -17.5593891
0.5170000 -18.3654022
0.5180000 26.3812637
0.5190000 3.4121618
0.5200000 31.4550629
0.5210000 9.9031630
0.5220000 -9.8223972
0.5230000 14.2553406
0.5240000 -40.2643967
0.5250000 21.8311977
0.5260000 39.4139900
0.5270000 18.8861256
0.5280000 44.3051605
0.5290000 -11.2932053
0.5300000 -10.1681261
0.5310000 -114.3983536
0.5320000 52.7732315
0.5330000 -21.2096386
0.5340000 -13.4690962
0.5350000 -49.0307732
0.5360000 -10.4251938
0.5370000 -51.7323647
0.5380000 56.2505569
0.5390000 50.3015747
0.5400000 -45.0811958
0.5410000 23.0414276
0.5420000 -2.2559366
0.5430000 -30.8820477
0.5440000 -13.3715372
0.5450000 -46.0053482
0.5460000 15.3730745
0.5470000 -41.5802078
0.5480000 71.3034592
0.5490000 10.5754309
0.5500000 38.3267975
0.5510000 30.9186821
0.5520000 -14.9721947
0.5530000 -26.1173878
0.5540000 -38.7614746
0.5550000 -4.2913766
0.5560000 -11.7203236
0.5570000 -27.5920200
0.5580000 -43.1439323
0.5590000 -41.5609398
0.5600000 -42.4768791
0.5610000 57.8928146
0.5620000 -48.0207596
0.5630000 26.9132576
0.5640000 50.0626602
0.5650000 65.9731216
0.5660000 -6.8086171
0.5670000 8.5678225
0.5680000 47.3914070
0.5690000 -31.6244812
0.5700000 66.5397263
0.5710000 -37.6683998
0.5720000 -7.9097843
0.5730000 -13.5386391
0.5740000 26.4595394
0.5750000 41.0317268
0.5760000 -5.0774941
0.5770000 -5.5588841
0.5780000 -0.6485247
0.5790000 -31.8674393
0.5800000 14.0803175
0.5810000 61.5330009
0.5820000 18.5935631
0.5830000 -2.7607956
0.5840000 -47.6911774
0.5850000 -3.4451041
0.5860000 -24.7924690
0.5870000 44.7522354
0.5880000 4.3069344
0.5890000 -30.2866669
0.5900000 102.5310440
0.5910000 7.2115602
0.5920000 32.4707336
0.5930000 -56.1593552
0.5940000 -40.6242256
0.5950000 -1.9745539
0.5960000 -19.4910069
0.5970000 29.7478256
0.5980000 33.8711090
0.5990000 10.5749712
0.6000000 46.9230728
0.6010000 -6.8526859
0.6020000 -61.1465340
0.6030000 6.1654921
0.6040000 31.1915760
0.6050000 36.3809776
0.6060000 68.5182114
0.6070000 0.4841709
0.6080000 24.2347012
0.6090000 -14.4799032
0.6100000 -24.6643696
0.6110000 40.4977531
0.6120000 5.6250467
0.6130000 -37.3119392
0.6140000 -46.0018768
0.6150000 -24.6239262
0.6160000 25.4552155
0.6170000 7.6194201
0.6180000 10.9306631
0.6190000 12.6427784
0.6200000 -81.0368118
0.6210000 10.0355520
0.6220000 17.7573166
0.6230000 -63.8180275
0.6240000 -79.4322662
0.6250000 -14.5281420
0.6260000 32.2745972
0.6270000 10.2148266
0.6280000 -9.8074665
0.6290000 23.8786030
0.6300000 -6.2353072
0.6310000 -55.5305405
0.6320000 3.9551387
0.6330000 -13.2224274
0.6340000 1.8570518
0.6350000 -36.6304665
0.6360000 -26.6506138
0.6370000 -21.7910233
0.6380000 -14.4304743
0.6390000 -44.6533813
0.6400000 -59.8732796
0.6410000 42.1334991
0.6420000 18.9194260
0.6430000 -6.0857406
0.6440000 -31.9367046
0.6450000 -57.3405266
0.6460000 16.3136234
0.6470000 14.6014404
0.6480000 -4.9298306
0.6490000 17.8789673
0.6500000 62.7226105
0.6510000 -14.5698195
0.6520000 47.2486191
0.6530000 55.4927979
0.6540000 42.4534912
0.6550000 -35.7674942
0.6560000 -24.9638729
0.6570000 -20.4636326
0.6580000 47.5107307
0.6590000 -54.0588074
0.6600000 -3.2342706
0.6610000 38.8212128
0.6620000 64.7750626
0.6630000 -19.1432495
0.6640000 -31.1227512
0.6650000 -21.2484760
0.6660000 48.3189240
0.6670000 -77.6496964
0.6680000 12.5549040
0.6690000 -18.9701157
0.6700000 24.8413506
0.6710000 -16.0584984
0.6720000 -55.2033348
0.6730000 47.5130615
0.6740000 14.9331007
0.6750000 54.3150558
0.6760000 -3.5362096
0.6770000 -10.6692104
0.6780000 -48.8915520
0.6790000 -7.5554905
0.6800000 5.1548357
0.6810000 32.6179047
0.6820000 31.9472427
0.6830000 9.6447296
0.6840000 10.7642641
0.6850000 15.2997284
0.6860000 -13.8460712
0.6870000 -5.4427629
0.6880000 17.4565945
0.6890000 8.3633385
0.6900000 -87.0916901
0.6910000 12.8892555
0.6920000 -5.8148928
0.6930000 14.1230965
0.6940000 -55.8633652
0.6950000 -48.5356331
0.6960000 -35.0579948
0.6970000 -31.0049896
0.6980000 -4.9729409
0.6990000 -32.0781479
0.7000000 -40.1953354
0.7010000 -6.7565336
0.7020000 -17.8162670
0.7030000 -25.9356861
0.7040000 -73.9432297
0.7050000 10.2962008
0.7060000 25.2347164
0.7070000 43.9475441
0.7080000 52.5953941
0.7090000 21.7509403
0.7100000 7.1316509
0.7110000 -12.6924706
0.7120000 34.0487556
0.7130000 -64.5224075
0.7140000 -58.0998955
0.7150000 -9.6327896
0.7160000 -83.5712585
0.7170000 24.2864304
0.7180000 18.7187271
0.7190000 -3.6539156
0.7200000 -33.3061752
0.7210000 28.9153080
0.7220000 -29.5904694
0.7230000 -73.5323029
0.7240000 -73.8468246
0.7250000 24.7025452
0.7260000 3.5643151
0.7270000 -12.0036201
0.7280000 -13.7745190
0.7290000 43.8900261
0.7300000 23.4796505
0.7310000 3.2770679
0.7320000 89.2854996
0.7330000 -32.8341217
0.7340000 14.5051928
0.7350000 13.7841139
0.7360000 -41.4459534
0.7370000 24.4648342
0.7380000 -52.0739136
0.7390000 4.0912595
0.7400000 40.0657043
0.7410000 -21.7604961
0.7420000 -9.3526659
0.7430000 58.0445366
0.7440000 -8.9355831
0.7450000 44.7905006
0.7460000 67.5034256
0.7470000 -37.1419067
0.7480000 -51.6285591
0.7490000 -11.8256741
0.7500000 -17.8955441
0.7510000 20.6903915
0.7520000 9.2414379
0.7530000 -26.7447548
0.7540000 -46.9642067
0.7550000 32.7687302
0.7560000 -10.0619249
0.7570000 33.3278847
0.7580000 -16.7737942
0.7590000 39.9489632
0.7600000 46.9475822
0.7610000 22.8431339
0.7620000 0.7865158
0.7630000 9.6943398
0.7640000 13.2606831
0.7650000 -54.8476334
0.7660000 10.0035591
0.7670000 -2.4546866
0.7680000 20.6665268
0.7690000 6.3881197
0.7700000 10.8258085
0.7710000 47.0772095
0.7720000 109.9760590
0.7730000 -37.9507294
0.7740000 -45.9333000
0.7750000 63.9015579
0.7760000 -4.2262492
0.7770000 43.1621170
0.7780000 -58.3096504
0.7790000 -25.8560333
0.7800000 -20.4555168
0.7810000 -17.2765141
0.7820000 -15.5626965
0.7830000 -28.7351017
0.7840000 19.5698662
0.7850000 -68.6944962
0.7860000 -5.6154613
0.7870000 51.6922798
0.7880000 50.3292961
0.7890000 -36.7730408
0.7900000 26.7617493
0.7910000 32.1984291
0.7920000 20.7019806
0.7930000 -20.8829842
0.7940000 19.4734535
0.7950000 30.7112350
0.7960000 -2.1447732
0.7970000 2.8187883
0.7980000 71.9489670
0.7990000 -47.5292282
0.8000000 26.4967537
0.8010000 22.9605865
0.8020000 -7.3740320
0.8030000 5.4040918
0.8040000 11.4290123
0.8050000 -50.7997665
0.8060000 47.7714615
0.8070000 32.4832916
0.8080000 -31.7309036
0.8090000 43.5783806
0.8100000 30.2002335
0.8110000 30.7260456
0.8120000 -6.2954130
0.8130000 -16.4945221
0.8140000 -27.0720177
0.8150000 10.7395658
0.8160000 -13.3292761
0.8170000 -6.6666908
0.8180000 -1.8759792
0.8190000 -42.2530594
0.8200000 -20.1188393
0.8210000 20.0312939
0.8220000 4.7203751
0.8230000 29.5967770
0.8240000 -30.1153374
0.8250000 -52.3348579
0.8260000 38.2805710
0.8270000 20.4985886
0.8280000 -67.0408401
0.8290000 -51.0844841
0.8300000 -21.1576767
0.8310000 -8.8165302
0.8320000 -36.9867058
0.8330000 21.5410023
0.8340000 -22.0238209
0.8350000 14.2062969
0.8360000 -66.5806503
0.8370000 -2.8231792
0.8380000 3.5770600
0.8390000 -48.3675690
0.8400000 12.9503021
0.8410000 -48.8543167
0.8420000 -2.7625966
0.8430000 37.8335381
0.8440000 35.5508461
0.8450000 3.5810387
0.8460000 -24.5586319
0.8470000 0.9198962
0.8480000 -49.0976028
0.8490000 -63.7275314
0.8500000 -23.1897068
0.8510000 -17.6879482
0.8520000 25.6863823
0.8530000 14.1079302
0.8540000 41.5991936
0.8550000 -8.4995880
0.8560000 -30.0062637
0.8570000 -3.5107434
0.8580000 -30.2158661
0.8590000 22.7981758
0.8600000 -17.6081638
0.8610000 -5.9016476
0.8620000 -8.1329737
0.8630000 16.9430618
0.8640000 -5.4724383
0.8650000 90.3867416
0.8660000 -16.3076591
0.8670000 -68.9250565
0.8680000 43.3858795
0.8690000 -2.9311848
0.8700000 -37.3324928
0.8710000 -32.2493362
0.8720000 -1.0870488
0.8730000 -32.3064690
0.8740000 23.3841801
0.8750000 -47.6367798
0.8760000 -42.8994370
0.8770000 19.4755516
0.8780000 25.1354351
0.8790000 24.3322449
0.8800000 -7.6376410
0.8810000 -18.7825184
0.8820000 34.9236679
0.8830000 14.8530474
0.8840000 -19.0252953
0.8850000 25.5194530
0.8860000 7.2751269
0.8870000 -12.2384729
0.8880000 7.0752959
0.8890000 -51.8732567
0.8900000 -24.1402721
0.8910000 -3.8537138
0.8920000 37.7136116
0.8930000 -0.9368117
0.8940000 58.7738609
0.8950000 25.5367222
0.8960000 -44.1909485
0.8970000 25.7806988
0.8980000 -38.4117393
0.8990000 1.8765016
0.9000000 -42.9779510
0.9010000 7.3430858
0.9020000 10.6518021
0.9030000 17.2423801
0.9040000 30.5533733
0.9050000 -5.4920917
0.9060000 48.1504898
0.9070000 -28.3313351
0.9080000 22.6271877
0.9090000 52.0211830
0.9100000 13.6532612
0.9110000 57.6007004
0.9120000 -17.1023178
0.9130000 -30.3358479
0.9140000 27.3781013
0.9150000 59.5204620
0.9160000 16.9711514
0.9170000 6.8352289
0.9180000 -5.1221299
0.9190000 72.6404572
0.9200000 34.2345428
0.9210000 -8.2233095
0.9220000 -39.9815331
0.9230000 27.2283783
0.9240000 30.7890739
0.9250000 67.9646988
0.9260000 -42.9389877
0.9270000 7.6439729
0.9280000 59.4501114
0.9290000 3.0498233
0.9300000 45.2975388
0.9310000 17.4900379
0.9320000 -13.0256729
0.9330000 -5.6606894
0.9340000 21.7042465
0.9350000 2.9083412
0.9360000 3.6706343
0.9370000 16.0468884
0.9380000 -4.2581177
0.9390000 -32.3278427
0.9400000 -19.5925961
0.9410000 33.6921692
0.9420000 37.0736237
0.9430000 20.8219967
0.9440000 -68.6049347
0.9450000 11.1339264
0.9460000 2.2954338
0.9470000 64.0253448
0.9480000 -37.6387711
0.9490000 -46.5314827
0.9500000 7.4398427
0.9510000 28.0837002
0.9520000 22.7816944
0.9530000 -24.3034859
0.9540000 23.5761528
0.9550000 48.3338127
0.9560000 23.8716316
0.9570000 -10.9948330
0.9580000 27.4818363
0.9590000 -7.0247355
0.9600000 26.2198677
0.9610000 -27.1436176
0.9620000 30.1944885
0.9630000 105.4569016
0.9640000 1.1112744
0.9650000 -11.4567156
0.9660000 -6.7158709
0.9670000 -21.4702759
0.9680000 37.6148911
0.9690000 11.1743555
0.9700000 -51.2449303
0.9710000 -11.7566748
0.9720000 -12.9836550
0.9730000 58.0666389
0.9740000 27.2185287
0.9750000 -59.9982185
0.9760000 47.0502129
0.9770000 -14.6601372
0.9780000 -62.2729988
0.9790000 32.7245102
0.9800000 -54.3160477
0.9810000 -15.0721245
0.9820000 -30.4905128
0.9830000 1.0999937
0.9840000 93.7028198
0.9850000 -0.4125690
0.9860000 87.9059601
0.9870000 0.8506302
0.9880000 69.1895523
0.9890000 56.3249168
0.9900000 -68.3341904
0.9910000 -34.2371330
0.9920000 14.7099104
0.9930000 -28.9597206
0.9940000 -20.4883595
0.9950000 21.2008438
0.9960000 51.2503128
0.9970000 -15.2630301
0.9980000 -47.7031708
0.9990000 -3.7066178
