0.0000000 73.4977264
0.0010000 -35.3058052
0.0020000 -19.0828285
0.0030000 -18.6883278
0.0040000 -10.2304907
0.0050000 -19.9576988
0.0060000 -4.6290183
0.0070000 -31.8786011
0.0080000 -32.5154953
0.0090000 16.6855640
0.0100000 10.0675974
0.0110000 -73.4357224
0.0120000 -26.9025841
0.0130000 -24.4536247
0.0140000 22.4882736
0.0150000 -6.2753248
0.0160000 -25.0611553
0.0170000 8.6768150
0.0180000 -44.3864136
0.0190000 -10.4262171
0.0200000 1.7782142
0.0210000 70.4751740
0.0220000 -69.9471054
0.0230000 -16.5699615
0.0240000 -75.4098129
0.0250000 -8.9868088
0.0260000 12.1621008
0.0270000 -18.1674824
0.0280000 -45.8888283
0.0290000 4.6927094
0.0300000 39.5969925
0.0310000 -60.2873344
0.0320000 28.8266258
0.0330000 38.1933556
0.0340000 -12.9571934
0.0350000 34.0376778
0.0360000 -43.5434647
0.0370000 9.3430738
0.0380000 -14.8285360
0.0390000 -7.4576292
0.0400000 26.9551544
0.0410000 39.1590767
0.0420000 113.6803436
0.0430000 48.6287422
0.0440000 -79.6482239
0.0450000 0.2642293
0.0460000 12.8043442
0.0470000 86.5712738
0.0480000 16.1668968
0.0490000 -45.7399025
0.0500000 -16.9808636
0.0510000 34.6141396
0.0520000 22.9718761
0.0530000 11.2662535
0.0540000 -104.6699066
0.0550000 -53.3957596
0.0560000 -7.3271174
0.0570000 52.4931450
0.0580000 -33.7347641
0.0590000 -24.1345062
0.0600000 37.9979630
0.0610000 35.6120834
0.0620000 -27.3025074
0.0630000 -58.8720093
0.0640000 46.2232246
0.0650000 -3.8751848
0.0660000 12.3394527
0.0670000 -24.9534264
0.0680000 -56.6138535
0.0690000 51.0174904
0.0700000 -19.1013775
0.0710000 -53.2389832
0.0720000 -58.1271782
0.0730000 10.0668373
0.0740000 9.2561140
0.0750000 -2.5850022
0.0760000 29.1496944
0.0770000 5.7584243
0.0780000 -12.7826042
0.0790000 71.9498291
0.0800000 16.9917049
0.0810000 -24.7603645
0.0820000 47.1185074
0.0830000 32.7906494
0.0840000 -9.7532816
0.0850000 -29.0818119
0.0860000 42.9066658
0.0870000 31.6466522
0.0880000 -10.4891024
0.0890000 -52.1570969
0.0900000 -5.9664040
0.0910000 -51.7795258
0.0920000 -41.3431435
0.0930000 -30.1775284
0.0940000 -44.1401711
0.0950000 -18.0510349
0.0960000 -38.2957802
0.0970000 0.7593215
0.0980000 -9.9828196
0.0990000 63.4513321
0.1000000 6.3221903
0.1010000 -14.3940763
0.1020000 -88.1163712
0.1030000 -23.5972939
0.1040000 18.3084641
0.1050000 -6.9629078
0.1060000 -0.4194353
0.1070000 67.8598480
0.1080000 35.8387375
0.1090000 -70.0858765
0.1100000 -4.6140375
0.1110000 26.7369061
0.1120000 -12.6491709
0.1130000 43.4536552
0.1140000 -62.4734764
0.1150000 -17.3478527
0.1160000 -48.4308205
0.1170000 40.1897430
0.1180000 -15.4391823
0.1190000 -17.1735477
0.1200000 -7.8081937
0.1210000 -2.7641971
0.1220000 -38.5756874
0.1230000 -28.1185932
0.1240000 -29.3998184
0.1250000 2.7897329
0.1260000 67.1920013
0.1270000 8.8269615
0.1280000 30.7295036
0.1290000 -9.6223812
0.1300000 52.3727722
0.1310000 -18.1294880
0.1320000 15.4110327
0.1330000 -20.8931065
0.1340000 15.2530203
0.1350000 -25.5607681
0.1360000 -38.8726692
0.1370000 70.1202927
0.1380000 36.6341286
0.1390000 56.4218063
0.1400000 35.2954826
0.1410000 16.6738567
0.1420000 -35.6815681
0.1430000 -22.7900753
0.1440000 -28.2698803
0.1450000 30.6885624
0.1460000 4.2747359
0.1470000 39.0610657
0.1480000 5.0009418
0.1490000 17.4937000
0.1500000 64.2510223
0.1510000 1.0743164
0.1520000 -20.0287170
0.1530000 -69.1396942
0.1540000 9.1935358
0.1550000 28.2981510
0.1560000 16.3205147
0.1570000 -23.1809673
0.1580000 -28.9088345
0.1590000 -24.8166637
0.1600000 0.5270961
0.1610000 -19.9918232
0.1620000 9.7181149
0.1630000 27.5834389
0.1640000 -1.3837217
0.1650000 -22.1394520
0.1660000 19.3509121
0.1670000 -31.1174450
0.1680000 -59.3374405
0.1690000 8.3750544
0.1700000 14.8654394
0.1710000 7.0638433
0.1720000 -16.9554977
0.1730000 18.9704285
0.1740000 0.5129606
0.1750000 39.2830505
0.1760000 0.7666550
0.1770000 13.2346067
0.1780000 -10.5676680
0.1790000 57.6934967
0.1800000 -16.7136059
0.1810000 -5.9911098
0.1820000 -19.2904301
0.1830000 -16.7348537
0.1840000 18.3567905
0.1850000 -9.2237959
0.1860000 24.0493889
0.1870000 -69.6305161
0.1880000 -17.0387611
0.1890000 49.2857895
0.1900000 -55.5401649
0.1910000 28.8444576
0.1920000 55.8419800
0.1930000 35.9447784
0.1940000 29.3549347
0.1950000 -12.9024858
0.1960000 -26.9909134
0.1970000 -24.6171131
0.1980000 35.2159843
0.1990000 -17.0157471
0.2000000 -57.6812210
0.2010000 16.5305099
0.2020000 -15.9594183
0.2030000 -64.2344055
0.2040000 8.7901525
0.2050000 -2.1756465
0.2060000 39.2026138
0.2070000 -12.4884481
0.2080000 -21.7483044
0.2090000 36.0667496
0.2100000 -2.6563759
0.2110000 -1.1023169
0.2120000 -45.4959297
0.2130000 28.8297825
0.2140000 -2.1351690
0.2150000 -7.7376738
0.2160000 23.8347626
0.2170000 -0.4559622
0.2180000 8.0365658
0.2190000 -2.9055481
0.2200000 -13.1300220
0.2210000 -61.1508675
0.2220000 -46.2620468
0.2230000 11.5721054
0.2240000 49.8983917
0.2250000 -7.5143976
0.2260000 45.3646126
0.2270000 6.8005972
0.2280000 0.0640049
0.2290000 -3.7942264
0.2300000 -16.9567966
0.2310000 35.1989784
0.2320000 18.1674633
0.2330000 -14.6387939
0.2340000 -14.6249771
0.2350000 -33.8726234
0.2360000 -75.6836777
0.2370000 5.8156271
0.2380000 17.2605705
0.2390000 -2.9914162
0.2400000 7.0236578
0.2410000 -3.0430470
0.2420000 -35.0273247
0.2430000 -29.0072613
0.2440000 -14.0597868
0.2450000 -43.4370766
0.2460000 -18.6805096
0.2470000 23.8606071
0.2480000 -7.4330959
0.2490000 20.2657051
0.2500000 30.2276859
0.2510000 18.9723072
0.2520000 -0.8486190
0.2530000 -0.4327929
0.2540000 -12.4462481
0.2550000 29.6258583
0.2560000 53.4480286
0.2570000 10.5608864
0.2580000 -15.1111650
0.2590000 56.4073334
0.2600000 -1.0768181
0.2610000 -28.4418316
0.2620000 16.6279850
0.2630000 -22.5317612
0.2640000 61.0917206
0.2650000 -8.7384472
0.2660000 -22.6608982
0.2670000 -15.3479309
0.2680000 -1.4549612
0.2690000 24.1635952
0.2700000 -29.1846600
0.2710000 37.8981247
0.2720000 -19.5890617
0.2730000 53.9931259
0.2740000 -33.9171410
0.2750000 50.4153557
0.2760000 9.4701834
0.2770000 -36.0033035
0.2780000 -40.3357773
0.2790000 -4.9700551
0.2800000 26.8322048
0.2810000 -41.4542656
0.2820000 -3.6313558
0.2830000 -65.6780014
0.2840000 -63.2865486
0.2850000 -2.8429816
0.2860000 26.5655766
0.2870000 -19.0525818
0.2880000 -40.7429390
0.2890000 16.0933723
0.2900000 -11.8034554
0.2910000 42.4634819
0.2920000 -32.7923660
0.2930000 -27.5583534
0.2940000 -37.7694931
0.2950000 32.5973396
0.2960000 -26.2565727
0.2970000 -90.5770721
0.2980000 40.8136902
0.2990000 51.7169952
0.3000000 29.3661728
0.3010000 3.9479449
0.3020000 -104.2326508
0.3030000 -22.5739994
0.3040000 16.8351898
0.3050000 -14.4720583
0.3060000 -3.8581257
0.3070000 28.0112953
0.3080000 14.5399876
0.3090000 -20.4167557
0.3100000 -53.7208481
0.3110000 27.9867992
0.3120000 -44.9473190
0.3130000 -30.0668278
0.3140000 44.1393547
0.3150000 2.2677824
0.3160000 -13.0172615
0.3170000 5.1616054
0.3180000 12.4487772
0.3190000 28.0552025
0.3200000 -13.4572506
0.3210000 53.9411621
0.3220000 8.7514105
0.3230000 -17.5968037
0.3240000 0.6849716
0.3250000 62.8716583
0.3260000 9.6523466
0.3270000 75.4082870
0.3280000 18.9919777
0.3290000 50.7610397
0.3300000 -67.8196945
0.3310000 14.0366716
0.3320000 -4.5479679
0.3330000 -54.8966141
0.3340000 -52.5983047
0.3350000 -2.5774508
0.3360000 4.8265982
0.3370000 10.6335173
0.3380000 7.1438532
0.3390000 -35.3129616
0.3400000 8.9275064
0.3410000 -70.6181564
0.3420000 -11.3472967
0.3430000 6.6312943
0.3440000 49.1975861
0.3450000 34.1584473
0.3460000 1.9982424
0.3470000 47.2885475
0.3480000 -74.7438202
0.3490000 -46.0452690
0.3500000 -45.4705544
0.3510000 -21.9582424
0.3520000 -17.9606819
0.3530000 7.2686782
0.3540000 -8.6722155
0.3550000 35.0168381
0.3560000 6.1899438
0.3570000 59.0146751
0.3580000 -13.1520452
0.3590000 -13.8995218
0.3600000 20.0460033
0.3610000 20.7541237
0.3620000 -6.4036160
0.3630000 19.2401562
0.3640000 -9.5809898
0.3650000 56.7027512
0.3660000 -7.2786551
0.3670000 51.9325333
0.3680000 24.4289017
0.3690000 -37.1628914
0.3700000 51.1604462
0.3710000 12.1121941
0.3720000 45.1359711
0.3730000 -0.9210395
0.3740000 -19.2623024
0.3750000 -53.2242355
0.3760000 -2.9854126
0.3770000 12.7766552
0.3780000 -74.4000931
0.3790000 -9.3386526
0.3800000 29.1548481
0.3810000 27.4179897
0.3820000 -50.9668465
0.3830000 -39.8600769
0.3840000 14.4428120
0.3850000 -37.4864655
0.3860000 -0.2171905
0.3870000 45.6640091
0.3880000 -16.5388660
0.3890000 -28.1527271
0.3900000 -25.5481033
0.3910000 -29.6408348
0.3920000 -55.2482224
0.3930000 61.7455978
0.3940000 17.6640873
0.3950000 -35.6693993
0.3960000 -26.5539265
0.3970000 16.3729630
0.3980000 -56.8797607
0.3990000 40.8688889
0.4000000 1.4580013
0.4010000 -15.4039936
0.4020000 1.9440433
0.4030000 -56.9608421
0.4040000 37.8875542
0.4050000 24.8348846
0.4060000 9.3109798
0.4070000 -19.7733040
0.4080000 -2.0542679
0.4090000 28.0124836
0.4100000 6.3010821
0.4110000 -48.4954071
0.4120000 -35.5514908
0.4130000 28.5216331
0.4140000 -2.6564064
0.4150000 43.1784096
0.4160000 31.1116734
0.4170000 53.6610184
0.4180000 27.2953873
0.4190000 -27.7526093
0.4200000 -18.9262085
0.4210000 -33.4861641
0.4220000 5.9123816
0.4230000 -15.7992153
0.4240000 -29.2762871
0.4250000 -5.6767354
0.4260000 15.0798483
0.4270000 0.0531511
0.4280000 7.7785215
0.4290000 -4.4993339
0.4300000 -20.0429764
0.4310000 -39.0584641
0.4320000 11.2199812
0.4330000 43.4445992
0.4340000 15.9209614
0.4350000 -30.8082447
0.4360000 3.1499755
0.4370000 74.5906525
0.4380000 8.7399845
0.4390000 53.4307137
0.4400000 -87.4052811
0.4410000 -47.4723473
0.4420000 -2.8740995
0.4430000 -17.4726028
0.4440000 12.8547869
0.4450000 -41.7355232
0.4460000 33.2449646
0.4470000 47.4126968
0.4480000 -0.2027457
0.4490000 23.1560287
0.4500000 20.0343227
0.4510000 27.4681778
0.4520000 -0.7193204
0.4530000 -75.7775421
0.4540000 23.2397518
0.4550000 -30.8162231
0.4560000 37.0286560
0.4570000 -54.9420509
0.4580000 32.8736725
0.4590000 23.5438747
0.4600000 2.2966197
0.4610000 -3.1962798
0.4620000 51.1514893
0.4630000 26.3928413
0.4640000 11.5119181
0.4650000 0.1423429
0.4660000 25.1914959
0.4670000 60.1561203
0.4680000 -13.0663776
0.4690000 20.8639774
0.4700000 0.4579369
0.4710000 46.3300247
0.4720000 35.8495522
0.4730000 7.1359944
0.4740000 -17.2609005
0.4750000 -3.4282973
0.4760000 76.6472244
0.4770000 2.4882717
0.4780000 -90.4133911
0.4790000 -6.7335701
0.4800000 3.5111072
0.4810000 55.2581902
0.4820000 4.7411790
0.4830000 25.2119980
0.4840000 -26.9708290
0.4850000 15.4057665
0.4860000 12.9041910
0.4870000 3.3032358
0.4880000 49.4882851
0.4890000 17.7810879
0.4900000 -10.0188780
0.4910000 -38.0150223
0.4920000 25.7265263
0.4930000 43.3157616
0.4940000 11.3054581
0.4950000 -29.7073746
0.4960000 -4.4730306
0.4970000 42.7481766
0.4980000 -7.2362981
0.4990000 -58.7279358
0.5000000 63.9947128
0.5010000 33.9075470
0.5020000 -14.8802013
0.5030000 -56.9115448
0.5040000 30.2371788
0.5050000 4.1258039
0.5060000 42.4806709
0.5070000 31.2158890
0.5080000 -71.8648224
0.5090000 -36.5117035
0.5100000 -12.9169073
0.5110000 19.9752159
0.5120000 47.7133904
0.5130000 -68.6266632
0.5140000 -6.9931316
0.5150000 14.7519979
0.5160000 38.9186325
0.5170000 -7.0157785
0.5180000 53.9975662
0.5190000 -58.7606316
0.5200000 -49.3279266
0.5210000 9.5796652
0.5220000 4.0567522
0.5230000 41.9544678
0.5240000 52.6884079
0.5250000 1.0498779
0.5260000 -31.5648804
0.5270000 41.1069832
0.5280000 19.8468113
0.5290000 32.7183990
0.5300000 -47.0969620
0.5310000 40.9057045
0.5320000 -14.0363970
0.5330000 58.0753822
0.5340000 -11.2716551
0.5350000 22.8096485
0.5360000 -58.3051147
0.5370000 -11.7507505
0.5380000 -23.9435978
0.5390000 22.4247665
0.5400000 34.7121315
0.5410000 -40.6726646
0.5420000 11.3836708
0.5430000 3.2497661
0.5440000 45.4596977
0.5450000 56.5492783
0.5460000 -42.9526253
0.5470000 59.2034683
0.5480000 -45.1118279
0.5490000 54.7042961
0.5500000 -4.9139147
0.5510000 -12.3091831
0.5520000 -7.5071697
0.5530000 64.0353088
0.5540000 0.6430956
0.5550000 48.4785690
0.5560000 -16.1415520
0.5570000 -26.8928547
0.5580000 -4.1601458
0.5590000 -32.7126808
0.5600000 21.1669388
0.5610000 -5.0429435
0.5620000 2.0406117
0.5630000 17.6694241
0.5640000 29.0206470
0.5650000 -62.2869453
0.5660000 23.1969910
0.5670000 -23.9474373
0.5680000 21.8652802
0.5690000 8.2715492
0.5700000 -5.1481113
0.5710000 6.8702812
0.5720000 31.4335480
0.5730000 11.5002460
0.5740000 22.4863796
0.5750000 13.9475107
0.5760000 -16.8369370
0.5770000 -91.0483856
0.5780000 -42.9437599
0.5790000 -13.4734545
0.5800000 -49.3107452
0.5810000 71.1911621
0.5820000 -15.4318819
0.5830000 4.4371705
0.5840000 45.5900459
0.5850000 4.9334097
0.5860000 -6.3842444
0.5870000 -6.9499302
0.5880000 2.2411466
0.5890000 30.6695232
0.5900000 14.8833389
0.5910000 24.6281891
0.5920000 -10.3925161
0.5930000 9.4436655
0.5940000 -3.9191008
0.5950000 25.4814625
0.5960000 -9.9255800
0.5970000 -10.2491179
0.5980000 26.2258263
0.5990000 53.6975708
0.6000000 -30.7327652
0.6010000 -2.1058106
0.6020000 -41.8843994
0.6030000 10.1741400
0.6040000 -29.3956680
0.6050000 -3.4229968
0.6060000 6.5171490
0.6070000 17.1551018
0.6080000 -47.6536064
0.6090000 8.9883366
0.6100000 38.4149132
0.6110000 -21.1340218
0.6120000 7.1844096
0.6130000 21.3561649
0.6140000 28.7017384
0.6150000 -12.7957649
0.6160000 -44.2497292
0.6170000 -83.0409393
0.6180000 31.0707722
0.6190000 -33.1767616
0.6200000 17.8521519
0.6210000 8.5886955
0.6220000 -46.2700157
0.6230000 44.2095375
0.6240000 49.6084023
0.6250000 19.9872742
0.6260000 -84.5625687
0.6270000 -53.3184509
0.6280000 7.0731025
0.6290000 -32.6001015
0.6300000 -29.7166691
0.6310000 42.7091217
0.6320000 22.6045647
0.6330000 19.9327316
0.6340000 -23.1995640
0.6350000 82.5188751
0.6360000 -22.9485397
0.6370000 24.5285892
0.6380000 14.1286354
0.6390000 -14.2053585
0.6400000 -30.5691967
0.6410000 5.1059871
0.6420000 -1.9668159
0.6430000 36.1056786
0.6440000 -2.7321792
0.6450000 -3.9801233
0.6460000 17.3250237
0.6470000 -23.7942924
0.6480000 52.0019264
0.6490000 34.6417427
0.6500000 24.8884621
0.6510000 15.4121275
0.6520000 -46.9491158
0.6530000 -0.0013937
0.6540000 13.7111893
0.6550000 20.1895008
0.6560000 8.2926130
0.6570000 11.8980827
0.6580000 14.1415787
0.6590000 33.3200455
0.6600000 0.4695207
0.6610000 -27.1676025
0.6620000 -20.4060421
0.6630000 -5.5930271
0.6640000 -40.1971169
0.6650000 -34.8347282
0.6660000 -1.2609346
0.6670000 39.6267052
0.6680000 5.6999822
0.6690000 48.3883171
0.6700000 40.7794609
0.6710000 26.4702435
0.6720000 8.8232336
0.6730000 -10.1577024
0.6740000 35.5973854
0.6750000 -20.8969955
0.6760000 6.1586347
0.6770000 0.2102444
0.6780000 38.6902351
0.6790000 -24.3232479
0.6800000 6.7138128
0.6810000 -15.8222761
0.6820000 67.6837082
0.6830000 -29.3515739
0.6840000 44.5238419
0.6850000 -12.8242207
0.6860000 20.8428574
0.6870000 -15.5554390
0.6880000 -76.1781235
0.6890000 -23.7601776
0.6900000 -36.8129578
0.6910000 15.8093147
0.6920000 2.8952670
0.6930000 -20.1597137
0.6940000 17.0306797
0.6950000 3.4025848
0.6960000 -6.9860168
0.6970000 8.6140537
0.6980000 -16.6025753
0.6990000 10.0213470
0.7000000 60.4302673
0.7010000 -2.8461096
0.7020000 45.2768936
0.7030000 -7.6375542
0.7040000 -40.8498459
0.7050000 55.1488075
0.7060000 -23.0204449
0.7070000 -3.6025455
0.7080000 19.8896847
0.7090000 -39.0191689
0.7100000 7.1732898
0.7110000 -17.9950027
0.7120000 9.0495329
0.7130000 -52.8839951
0.7140000 2.3389096
0.7150000 -37.7009735
0.7160000 -21.9776955
0.7170000 -9.9478922
0.7180000 -25.0755081
0.7190000 13.1019592
0.7200000 -30.5655403
0.7210000 -5.5772572
0.7220000 1.7820908
0.7230000 -56.5127335
0.7240000 -50.8389473
0.7250000 -29.9637604
0.7260000 -23.3380890
0.7270000 31.1133823
0.7280000 -35.7374344
0.7290000 -59.5949898
0.7300000 -34.3967781
0.7310000 12.0843077
0.7320000 -68.4782181
0.7330000 -34.4791031
0.7340000 29.4349709
0.7350000 54.8260803
0.7360000 8.8792171
0.7370000 33.3497353
0.7380000 -18.2141991
0.7390000 38.1038857
0.7400000 -20.4327240
0.7410000 18.9415798
0.7420000 -38.0432205
0.7430000 -0.4494326
0.7440000 59.4274635
0.7450000 -28.5527458
0.7460000 -3.4017875
0.7470000 12.7391891
0.7480000 7.2695332
0.7490000 -53.2841911
0.7500000 0.4955426
0.7510000 54.6300507
0.7520000 37.5161972
0.7530000 -24.6312752
0.7540000 -24.9880142
0.7550000 -10.0254364
0.7560000 -7.7564740
0.7570000 57.0977821
0.7580000 14.5551271
0.7590000 12.4909735
0.7600000 -36.3451958
0.7610000 -50.4737091
0.7620000 -17.3760071
0.7630000 37.7678719
0.7640000 -35.4275703
0.7650000 62.6823235
0.7660000 18.2666550
0.7670000 30.0935402
0.7680000 -82.2963104
0.7690000 66.2255936
0.7700000 11.3929586
0.7710000 -59.2577629
0.7720000 -13.1299667
0.7730000 5.6373525
0.7740000 66.5690613
0.7750000 -44.6294250
0.7760000 17.1370316
0.7770000 29.2115784
0.7780000 29.6649590
0.7790000 20.9142532
0.7800000 -15.6701412
0.7810000 -9.8162966
0.7820000 25.8923397
0.7830000 16.2592258
0.7840000 -35.7120781
0.7850000 -25.3383312
0.7860000 -24.6029339
0.7870000 -5.7696199
0.7880000 3.9295106
0.7890000 9.4672832
0.7900000 27.1364880
0.7910000 30.2034855
0.7920000 24.6036663
0.7930000 -22.3931007
0.7940000 6.9317513
0.7950000 56.3582916
0.7960000 -47.0743294
0.7970000 -57.4719734
0.7980000 12.3614702
0.7990000 59.9842873
0.8000000 8.7312031
0.8010000 -2.4399459
0.8020000 13.4600372
0.8030000 -13.1624632
0.8040000 17.3569393
0.8050000 2.3030469
0.8060000 25.9929104
0.8070000 16.6968479
0.8080000 -19.7104130
0.8090000 3.6075170
0.8100000 -29.6699066
0.8110000 -56.4194946
0.8120000 -38.0065918
0.8130000 -27.7076931
0.8140000 -25.0868034
0.8150000 -7.1931715
0.8160000 -1.9006479
0.8170000 61.7741814
0.8180000 20.6917515
0.8190000 34.9069328
0.8200000 -5.1455526
0.8210000 -32.4826279
0.8220000 -5.2413778
0.8230000 -14.6983175
0.8240000 1.9224340
0.8250000 -11.3302832
0.8260000 -48.3225327
0.8270000 60.8387985
0.8280000 33.8180809
0.8290000 63.0362701
0.8300000 5.8562927
0.8310000 -30.1778355
0.8320000 -27.5373554
0.8330000 -5.0769601
0.8340000 24.5389080
0.8350000 -13.4835787
0.8360000 30.1745605
0.8370000 50.8510017
0.8380000 -48.3755341
0.8390000 23.8841019
0.8400000 0.8202826
0.8410000 67.8641815
0.8420000 24.2286854
0.8430000 28.5487938
0.8440000 19.9348946
0.8450000 -36.4368057
0.8460000 -71.4248581
0.8470000 -11.6388378
0.8480000 16.3383160
0.8490000 19.8587055
0.8500000 33.4212036
0.8510000 -55.3427162
0.8520000 5.9104228
0.8530000 1.4441406
0.8540000 -18.6313457
0.8550000 -89.3121719
0.8560000 11.7699490
0.8570000 20.4624424
0.8580000 35.9744759
0.8590000 -26.5928783
0.8600000 -11.9375381
0.8610000 -13.6018000
0.8620000 -22.8844471
0.8630000 -64.3539429
0.8640000 -10.6659737
0.8650000 -7.4447708
0.8660000 -29.7936306
0.8670000 96.9795227
0.8680000 71.0161209
0.8690000 -5.9059372
0.8700000 19.9603138
0.8710000 9.7180319
0.8720000 16.2881031
0.8730000 41.7338829
0.8740000 -88.1778259
0.8750000 62.6348763
0.8760000 7.2761660
0.8770000 0.1192953
0.8780000 28.4171734
0.8790000 -40.2920456
0.8800000 -57.0858383
0.8810000 -28.8211765
0.8820000 -15.1485615
0.8830000 -26.5963516
0.8840000 -9.9631224
0.8850000 -33.1959610
0.8860000 -18.7767487
0.8870000 24.5102615
0.8880000 26.3070927
0.8890000 -9.5113945
0.8900000 26.5145626
0.8910000 4.8518848
0.8920000 -5.6567740
0.8930000 23.6752529
0.8940000 22.4545174
0.8950000 -40.2011299
0.8960000 19.3942852
0.8970000 2.9919841
0.8980000 -29.8456097
0.8990000 -4.9659600
0.9000000 -26.4182491
0.9010000 17.3064423
0.9020000 13.0449953
0.9030000 -90.2392960
0.9040000 27.6709557
0.9050000 -20.5289955
0.9060000 8.3669624
0.9070000 -53.9887848
0.9080000 -0.9220649
0.9090000 0.4316165
0.9100000 28.2915478
0.9110000 56.0003548
0.9120000 20.0696735
0.9130000 4.3908682
0.9140000 41.2653008
0.9150000 23.4140491
0.9160000 27.8935261
0.9170000 22.5570946
0.9180000 46.4260063
0.9190000 52.9701233
0.9200000 -16.1126137
0.9210000 52.9392242
0.9220000 36.7891121
0.9230000 -20.5831852
0.9240000 59.5777893
0.9250000 6.6882963
0.9260000 28.0786095
0.9270000 11.7918053
0.9280000 32.0461197
0.9290000 15.4151106
0.9300000 -33.5992203
0.9310000 -36.2757912
0.9320000 43.3914833
0.9330000 55.3163300
0.9340000 -9.6815691
0.9350000 50.8572464
0.9360000 -37.4082069
0.9370000 39.0955353
0.9380000 -10.4102716
0.9390000 -57.5260582
0.9400000 8.2953711
0.9410000 43.8709564
0.9420000 -7.6715012
0.9430000 32.3662567
0.9440000 20.5842838
0.9450000 -35.5923157
0.9460000 42.8668175
0.9470000 60.3451424
0.9480000 -23.3354797
0.9490000 34.2394028
0.9500000 -16.3840141
0.9510000 5.7577944
0.9520000 -33.8802071
0.9530000 9.2430973
0.9540000 0.3482492
0.9550000 17.6663189
0.9560000 -30.4354191
0.9570000 10.3230009
0.9580000 30.7703400
0.9590000 35.7738228
0.9600000 -36.2322121
0.9610000 11.9853115
0.9620000 -48.6434059
0.9630000 9.2737741
0.9640000 5.8327932
0.9650000 -47.4777107
0.9660000 -62.8562775
0.9670000 44.2019730
0.9680000 51.8524590
0.9690000 -44.9519844
0.9700000 12.3017263
0.9710000 18.0018711
0.9720000 42.3639221
0.9730000 5.4585595
0.9740000 57.4115486
0.9750000 18.5413094
0.9760000 -60.4905167
0.9770000 35.9506454
0.9780000 27.7417946
0.9790000 -12.9919767
0.9800000 -11.6948338
0.9810000 -10.6738539
0.9820000 6.7388749
0.9830000 40.7266846
0.9840000 -66.6910324
0.9850000 -43.6821060
0.9860000 -84.8802490
0.9870000 -34.9740181
0.9880000 55.9769821
0.9890000 3.2221854
0.9900000 -39.5549850
0.9910000 -5.1181192
0.9920000 33.3910980
0.9930000 -66.4835663
0.9940000 66.4022980
0.9950000 71.3051529
0.9960000 -10.9218645
0.9970000 -11.3583937
0.9980000 34.2422409
0.9990000 -35.5000763
