0.0000000 -17.6291580
0.0010000 30.3155289
0.0020000 -13.1080284
0.0030000 35.8762054
0.0040000 74.2807846
0.0050000 3.4968190
0.0060000 -45.4101830
0.0070000 11.4149828
0.0080000 36.7681122
0.0090000 44.4434433
0.0100000 -104.9700699
0.0110000 14.4429884
0.0120000 -1.7650957
0.0130000 23.2138748
0.0140000 -30.8857441
0.0150000 29.8736115
0.0160000 -31.0982990
0.0170000 84.9585495
0.0180000 26.6750908
0.0190000 -25.8162422
0.0200000 -1.7890265
0.0210000 -34.1789742
0.0220000 -19.5673256
0.0230000 114.2796555
0.0240000 -21.9742756
0.0250000 -23.7103119
0.0260000 0.1036950
0.0270000 38.6878395
0.0280000 28.9646664
0.0290000 54.7378578
0.0300000 31.3351936
0.0310000 8.0904551
0.0320000 -21.3591270
0.0330000 7.9523063
0.0340000 34.8873749
0.0350000 66.3209076
0.0360000 -34.3511353
0.0370000 -43.6373787
0.0380000 -5.5051222
0.0390000 37.5872574
0.0400000 32.3260422
0.0410000 -48.7189636
0.0420000 35.2203903
0.0430000 1.4421579
0.0440000 -2.8430328
0.0450000 1.4385321
0.0460000 -50.3871117
0.0470000 -35.1628075
0.0480000 -26.8586845
0.0490000 -42.3190994
0.0500000 11.3088036
0.0510000 -20.9604874
0.0520000 -54.4622955
0.0530000 62.9255295
0.0540000 -43.7114677
0.0550000 -12.8833237
0.0560000 93.1346664
0.0570000 52.9381371
0.0580000 -25.7675247
0.0590000 23.5984097
0.0600000 -48.2407990
0.0610000 -4.2569242
0.0620000 9.8283777
0.0630000 13.3017149
0.0640000 26.4286575
0.0650000 108.2854919
0.0660000 1.1375538
0.0670000 21.8447666
0.0680000 -50.9584694
0.0690000 -4.9124026
0.0700000 -34.9512939
0.0710000 11.2636433
0.0720000 49.0140572
0.0730000 2.3048537
0.0740000 -3.0967691
0.0750000 11.4193392
0.0760000 -34.3375053
0.0770000 79.4046936
0.0780000 31.6315193
0.0790000 69.0464401
0.0800000 8.9097567
0.0810000 -45.6126900
0.0820000 -33.0968895
0.0830000 10.9906588
0.0840000 5.7400208
0.0850000 -6.3651690
0.0860000 3.3781831
0.0870000 13.8265924
0.0880000 38.6450806
0.0890000 -25.3297691
0.0900000 17.8020535
0.0910000 103.4081802
0.0920000 -97.9175644
0.0930000 -60.3673477
0.0940000 49.4469185
0.0950000 14.8458338
0.0960000 -0.4946701
0.0970000 -15.5779791
0.0980000 -29.0888958
0.0990000 39.1863365
0.1000000 -21.4392052
0.1010000 47.3663902
0.1020000 -30.8501778
0.1030000 -21.5325642
0.1040000 -7.8419137
0.1050000 29.4967289
0.1060000 2.8268478
0.1070000 -28.6804619
0.1080000 20.2187710
0.1090000 -1.4495785
0.1100000 -1.8400776
0.1110000 -55.2951622
0.1120000 -28.3442860
0.1130000 56.0134583
0.1140000 -49.8866920
0.1150000 -54.7472305
0.1160000 31.8688965
0.1170000 44.1941643
0.1180000 16.7742386
0.1190000 -39.4562263
0.1200000 27.7619057
0.1210000 25.5185452
0.1220000 33.4989433
0.1230000 39.4737167
0.1240000 17.3222485
0.1250000 -24.5792885
0.1260000 -50.7252426
0.1270000 79.0297775
0.1280000 12.6396141
0.1290000 0.7211554
0.1300000 -29.2874031
0.1310000 14.5387230
0.1320000 21.0594902
0.1330000 6.0488729
0.1340000 -49.1556854
0.1350000 48.0068474
0.1360000 18.8994846
0.1370000 -23.0514164
0.1380000 28.4441509
0.1390000 3.5202928
0.1400000 -20.3984127
0.1410000 28.3488560
0.1420000 -0.5737160
0.1430000 -31.9264011
0.1440000 53.7235985
0.1450000 57.1918373
0.1460000 -2.2133055
0.1470000 -31.2913265
0.1480000 29.0472584
0.1490000 5.3434038
0.1500000 -8.5337400
0.1510000 -27.2464447
0.1520000 82.2275925
0.1530000 18.4599953
0.1540000 18.8298683
0.1550000 3.5230179
0.1560000 -36.5049324
0.1570000 3.5107856
0.1580000 26.9258900
0.1590000 40.7644348
0.1600000 -7.4208012
0.1610000 -46.5340157
0.1620000 -21.7671700
0.1630000 -22.0945339
0.1640000 9.7131948
0.1650000 -7.2578115
0.1660000 -19.1678944
0.1670000 -34.4035110
0.1680000 9.2768774
0.1690000 -21.3058510
0.1700000 35.5897865
0.1710000 -39.8304329
0.1720000 70.3734131
0.1730000 -22.6939621
0.1740000 -31.0851974
0.1750000 0.6335759
0.1760000 -32.1707954
0.1770000 2.1248693
0.1780000 6.0835862
0.1790000 -25.8264046
0.1800000 -6.0598602
0.1810000 -1.7362016
0.1820000 45.2554092
0.1830000 81.4234085
0.1840000 67.0900421
0.1850000 -6.5299764
0.1860000 3.2252529
0.1870000 3.3875647
0.1880000 1.0545458
0.1890000 54.6474533
0.1900000 -42.5324364
0.1910000 -46.5115662
0.1920000 -26.2748947
0.1930000 44.6156807
0.1940000 -58.6409035
0.1950000 16.7091923
0.1960000 51.9658051
0.1970000 -45.6694717
0.1980000 -18.8554249
0.1990000 46.7820778
0.2000000 -3.0548997
0.2010000 23.9638500
0.2020000 13.3309269
0.2030000 36.8621712
0.2040000 -23.5503883
0.2050000 1.5764275
0.2060000 -20.1295033
0.2070000 -20.1475582
0.2080000 21.8105125
0.2090000 52.0202599
0.2100000 40.2307663
0.2110000 -47.9586105
0.2120000 49.7751617
0.2130000 -9.8629875
0.2140000 19.8975372
0.2150000 -20.0517769
0.2160000 54.4078522
0.2170000 -6.5378718
0.2180000 10.3913164
0.2190000 27.9984665
0.2200000 49.1546135
0.2210000 19.7489376
0.2220000 86.0668640
0.2230000 11.4036760
0.2240000 17.0055389
0.2250000 9.1477566
0.2260000 32.7209778
0.2270000 -53.9414062
0.2280000 -37.8111229
0.2290000 21.6200123
0.2300000 -69.8839951
0.2310000 -21.7938538
0.2320000 -16.2843380
0.2330000 -98.3253555
0.2340000 -12.3944502
0.2350000 -48.0914383
0.2360000 39.6696815
0.2370000 81.0877991
0.2380000 52.0976677
0.2390000 30.5318298
0.2400000 -20.7172260
0.2410000 -32.5554276
0.2420000 29.8864479
0.2430000 41.1289062
0.2440000 -12.2962618
0.2450000 55.9615707
0.2460000 58.9204254
0.2470000 0.4748478
0.2480000 -14.2790976
0.2490000 -32.7203064
0.2500000 56.0757179
0.2510000 16.5402317
0.2520000 -9.6200590
0.2530000 14.8379240
0.2540000 22.9391346
0.2550000 -3.7935760
0.2560000 14.8517895
0.2570000 -39.1959381
0.2580000 -39.1831894
0.2590000 21.9285450
0.2600000 -15.8488121
0.2610000 -11.3526716
0.2620000 -54.7241364
0.2630000 2.6606486
0.2640000 -39.4507942
0.2650000 14.5657139
0.2660000 -30.5684910
0.2670000 -3.6143527
0.2680000 -6.0823612
0.2690000 -33.7776947
0.2700000 -29.1535301
0.2710000 -41.7291641
0.2720000 -4.1683774
0.2730000 -29.2139168
0.2740000 8.4324570
0.2750000 -26.2956028
0.2760000 3.6752954
0.2770000 35.4162979
0.2780000 17.1429710
0.2790000 42.1500893
0.2800000 15.8155394
0.2810000 -83.2812500
0.2820000 -13.3228531
0.2830000 43.1949768
0.2840000 -12.9392738
0.2850000 -36.2980499
0.2860000 25.9275284
0.2870000 -17.5836258
0.2880000 -33.9284782
0.2890000 45.2862282
0.2900000 30.2998962
0.2910000 -14.4803371
0.2920000 8.4157963
0.2930000 -48.9604836
0.2940000 -15.0026932
0.2950000 -48.0914230
0.2960000 42.5609055
0.2970000 40.2887840
0.2980000 -9.3972301
0.2990000 -16.7399273
0.3000000 -29.5084248
0.3010000 22.6913948
0.3020000 18.0682011
0.3030000 -30.9430752
0.3040000 1.2994766
0.3050000 -13.2273788
0.3060000 -12.2644091
0.3070000 19.5850544
0.3080000 4.6549435
0.3090000 50.2248993
0.3100000 -14.0129786
0.3110000 20.7866669
0.3120000 13.4966059
0.3130000 19.7233028
0.3140000 -16.7817307
0.3150000 3.4847050
0.3160000 55.3216438
0.3170000 -11.5711174
0.3180000 -7.5466127
0.3190000 -38.2777901
0.3200000 20.2977600
0.3210000 -17.5390472
0.3220000 25.4817467
0.3230000 -53.3900299
0.3240000 13.4428186
0.3250000 -55.8045959
0.3260000 22.4731197
0.3270000 -32.6013718
0.3280000 7.5191922
0.3290000 21.6984196
0.3300000 -20.7053738
0.3310000 -6.7044244
0.3320000 44.8279839
0.3330000 43.7338562
0.3340000 -31.6697388
0.3350000 4.7964363
0.3360000 -15.4913702
0.3370000 -54.5293465
0.3380000 26.4900341
0.3390000 31.3044834
0.3400000 -23.1077366
0.3410000 -40.8138008
0.3420000 -3.3625522
0.3430000 -3.2850690
0.3440000 -51.0353241
0.3450000 -18.9979305
0.3460000 -44.8538017
0.3470000 16.9551907
0.3480000 19.5997906
0.3490000 43.3323212
0.3500000 -10.9399395
0.3510000 -17.7674961
0.3520000 -63.1401787
0.3530000 -64.1583481
0.3540000 -39.9739647
0.3550000 -17.9165688
0.3560000 7.6949949
0.3570000 17.8962574
0.3580000 41.8394356
0.3590000 -20.3762150
0.3600000 36.2938957
0.3610000 5.8308005
0.3620000 11.6576290
0.3630000 31.9604340
0.3640000 5.8479981
0.3650000 -24.5970097
0.3660000 5.4736915
0.3670000 22.5890388
0.3680000 14.8687983
0.3690000 -36.0389862
0.3700000 11.4937296
0.3710000 6.7740507
0.3720000 67.7101898
0.3730000 18.9806271
0.3740000 34.1385727
0.3750000 10.8716936
0.3760000 65.4423370
0.3770000 -12.3452005
0.3780000 40.0480728
0.3790000 36.8380394
0.3800000 27.0059509
0.3810000 -67.7945251
0.3820000 24.7786484
0.3830000 -28.4716358
0.3840000 53.9809494
0.3850000 43.5692520
0.3860000 11.4060860
0.3870000 -38.7142296
0.3880000 -30.7251186
0.3890000 17.2886810
0.3900000 9.5828524
0.3910000 -19.4948483
0.3920000 -34.6774216
0.3930000 21.8446598
0.3940000 12.0781126
0.3950000 23.3833523
0.3960000 39.6407318
0.3970000 -90.8681793
0.3980000 -18.6728497
0.3990000 -67.6948700
0.4000000 -33.0103188
0.4010000 56.8854294
0.4020000 18.8844891
0.4030000 -28.1596622
0.4040000 27.2936554
0.4050000 -7.9126372
0.4060000 -15.9312525
0.4070000 50.6766624
0.4080000 42.9240494
0.4090000 -2.2328234
0.4100000 52.8943787
0.4110000 -53.7635040
0.4120000 -53.5358734
0.4130000 -28.8232479
0.4140000 -29.4289818
0.4150000 -44.7395706
0.4160000 -49.6926384
0.4170000 -3.2506237
0.4180000 47.3834038
0.4190000 5.8205891
0.4200000 72.1101151
0.4210000 36.2806435
0.4220000 58.9785805
0.4230000 -8.2609129
0.4240000 39.0217018
0.4250000 60.7861252
0.4260000 -49.0457191
0.4270000 23.0536633
0.4280000 44.5217171
0.4290000 11.2075300
0.4300000 5.8303981
0.4310000 15.9161673
0.4320000 31.6318932
0.4330000 28.2876377
0.4340000 56.4543877
0.4350000 25.3887234
0.4360000 12.9813051
0.4370000 23.2951221
0.4380000 -2.3317890
0.4390000 -8.1821289
0.4400000 -54.6469498
0.4410000 47.7630348
0.4420000 18.7179680
0.4430000 -76.8369370
0.4440000 3.7263150
0.4450000 17.4865417
0.4460000 15.5531082
0.4470000 19.6587048
0.4480000 47.3616753
0.4490000 63.9300117
0.4500000 -13.5127239
0.4510000 4.0726194
0.4520000 14.6039019
0.4530000 -6.8657389
0.4540000 29.6286201
0.4550000 -34.1620522
0.4560000 -40.9621811
0.4570000 -17.1854496
0.4580000 -11.3915529
0.4590000 46.5855026
0.4600000 48.7539978
0.4610000 3.2262011
0.4620000 36.0056000
0.4630000 3.3012006
0.4640000 -30.9806442
0.4650000 11.5919466
0.4660000 61.2093811
0.4670000 64.6144104
0.4680000 69.6042023
0.4690000 101.5569687
0.4700000 -5.7816162
0.4710000 35.8103676
0.4720000 58.1649590
0.4730000 37.1661339
0.4740000 1.7560112
0.4750000 -1.3496478
0.4760000 -24.0353775
0.4770000 -3.2632275
0.4780000 -18.0308437
0.4790000 21.4004097
0.4800000 36.1373749
0.4810000 -45.9786797
0.4820000 -11.3610821
0.4830000 26.8010635
0.4840000 -16.3333359
0.4850000 43.1306496
0.4860000 -13.2022581
0.4870000 -44.9306412
0.4880000 2.8109925
0.4890000 18.6901646
0.4900000 -7.0168204
0.4910000 -16.8945274
0.4920000 -6.1282644
0.4930000 -22.4947395
0.4940000 37.5458069
0.4950000 -6.5748911
0.4960000 -35.6767197
0.4970000 -19.7631435
0.4980000 17.7271824
0.4990000 -10.3021488
0.5000000 -21.3900127
0.5010000 30.3900871
0.5020000 12.2047768
0.5030000 3.2062247
0.5040000 56.0778809
0.5050000 -25.9104271
0.5060000 34.4301605
0.5070000 8.8618393
0.5080000 28.4417725
0.5090000 12.4448185
0.5100000 -38.2339439
0.5110000 -45.5374451
0.5120000 -4.3176746
0.5130000 -77.1005783
0.5140000 30.5816059
0.5150000 47.8523407
0.5160000 21.9547749
0.5170000 -12.0756540
0.5180000 11.3942947
0.5190000 8.9881897
0.5200000 -1.4783984
0.5210000 14.6712246
0.5220000 -18.7954597
0.5230000 -21.6401749
0.5240000 -5.3681650
0.5250000 32.2956581
0.5260000 4.4755759
0.5270000 -51.3281975
0.5280000 6.0457096
0.5290000 74.4036102
0.5300000 -13.8558197
0.5310000 -10.7138557
0.5320000 -37.9266243
0.5330000 79.8273621
0.5340000 1.5282218
0.5350000 23.1947727
0.5360000 79.8595123
0.5370000 -32.4267273
0.5380000 21.0563278
0.5390000 33.4246330
0.5400000 28.3337212
0.5410000 7.1784697
0.5420000 -45.2614059
0.5430000 19.9905815
0.5440000 -73.1394653
0.5450000 24.7202473
0.5460000 -6.1921487
0.5470000 -1.3728609
0.5480000 46.9199448
0.5490000 -0.2727842
0.5500000 15.3685646
0.5510000 62.3112679
0.5520000 -23.1740456
0.5530000 9.4566031
0.5540000 -11.7255220
0.5550000 -25.5714951
0.5560000 -25.7442703
0.5570000 36.4450684
0.5580000 3.6542442
0.5590000 10.0352144
0.5600000 -19.5139027
0.5610000 32.8745422
0.5620000 -43.0538826
0.5630000 26.0988560
0.5640000 9.5840750
0.5650000 -9.7566919
0.5660000 -53.3101807
0.5670000 34.3839035
0.5680000 -21.0993271
0.5690000 92.7604523
0.5700000 35.9984169
0.5710000 -21.2466278
0.5720000 52.2351418
0.5730000 -8.5510921
0.5740000 34.7623978
0.5750000 24.7194099
0.5760000 -6.1925588
0.5770000 18.4687042
0.5780000 -3.8923321
0.5790000 2.8927572
0.5800000 14.0072775
0.5810000 8.1574173
0.5820000 16.9802113
0.5830000 -8.2403116
0.5840000 48.0738335
0.5850000 -10.6680841
0.5860000 20.4054356
0.5870000 6.3413033
0.5880000 -69.4835739
0.5890000 -49.4351616
0.5900000 30.3131809
0.5910000 47.0722084
0.5920000 28.2408390
0.5930000 -55.9174271
0.5940000 -14.4740982
0.5950000 -21.6500111
0.5960000 0.5367174
0.5970000 -26.1160088
0.5980000 17.4957695
0.5990000 10.9955225
0.6000000 63.3709373
0.6010000 -7.2310214
0.6020000 9.0754766
0.6030000 -16.0121593
0.6040000 -32.7920418
0.6050000 24.9581738
0.6060000 -24.7919121
0.6070000 21.4074516
0.6080000 -0.8808884
0.6090000 28.9645557
0.6100000 -44.9495392
0.6110000 -29.9567547
0.6120000 30.8446236
0.6130000 -13.9948616
0.6140000 42.5727654
0.6150000 23.0542850
0.6160000 61.7189178
0.6170000 23.5796032
0.6180000 -11.6097031
0.6190000 1.2215239
0.6200000 66.5140457
0.6210000 15.6295252
0.6220000 -18.7115173
0.6230000 26.7263775
0.6240000 -8.1887589
0.6250000 -38.6742783
0.6260000 -26.6065769
0.6270000 32.2529373
0.6280000 -28.2309341
0.6290000 -28.8021984
0.6300000 20.6808739
0.6310000 10.9001989
0.6320000 -38.1761284
0.6330000 -35.2048531
0.6340000 -1.4565789
0.6350000 -20.7736015
0.6360000 -6.5777035
0.6370000 -8.7509756
0.6380000 7.2160735
0.6390000 -9.8612432
0.6400000 -49.3498840
0.6410000 -63.9937172
0.6420000 -4.6922011
0.6430000 -24.2199211
0.6440000 -15.8778696
0.6450000 6.3105512
0.6460000 22.8340225
0.6470000 35.1389885
0.6480000 17.2876663
0.6490000 -26.6039658
0.6500000 3.7837183
0.6510000 -22.3972874
0.6520000 -75.7558517
0.6530000 10.2669182
0.6540000 -18.7738953
0.6550000 40.9247055
0.6560000 -17.3884964
0.6570000 -5.0256872
0.6580000 -23.2779179
0.6590000 -37.6939316
0.6600000 20.6132317
0.6610000 -54.0313148
0.6620000 -54.7944946
0.6630000 -9.6492729
0.6640000 32.8954697
0.6650000 -29.7565536
0.6660000 -43.7068558
0.6670000 0.1788469
0.6680000 33.6649590
0.6690000 -40.5690918
0.6700000 15.8855677
0.6710000 11.4123287
0.6720000 -7.9949074
0.6730000 57.6713333
0.6740000 30.0345898
0.6750000 39.7786751
0.6760000 -29.8446560
0.6770000 -0.0317148
0.6780000 -29.4732151
0.6790000 -11.7163458
0.6800000 11.9389277
0.6810000 -37.9231300
0.6820000 -54.9854393
0.6830000 58.1316299
0.6840000 -72.2810059
0.6850000 -45.3673477
0.6860000 -17.3724194
0.6870000 51.8503456
0.6880000 13.6816673
0.6890000 -3.5810828
0.6900000 -11.4523945
0.6910000 10.0414476
0.6920000 -42.2427559
0.6930000 42.6620255
0.6940000 -42.5608063
0.6950000 -30.7449226
0.6960000 -27.5728092
0.6970000 2.4763212
0.6980000 5.2039537
0.6990000 35.3559341
0.7000000 -29.3456688
0.7010000 29.5384865
0.7020000 27.9839249
0.7030000 -6.6258173
0.7040000 -16.7065086
0.7050000 -5.6785750
0.7060000 -62.3239250
0.7070000 21.2776127
0.7080000 26.6516895
0.7090000 -11.3772306
0.7100000 46.6377373
0.7110000 35.4932480
0.7120000 16.8432808
0.7130000 9.7551203
0.7140000 3.6728323
0.7150000 -0.7576432
0.7160000 -13.1454687
0.7170000 1.9899638
0.7180000 -16.0323563
0.7190000 15.9646063
0.7200000 35.3109474
0.7210000 -14.5588083
0.7220000 -31.2933407
0.7230000 1.3242084
0.7240000 15.9195375
0.7250000 -7.3458323
0.7260000 -5.5064650
0.7270000 21.4781551
0.7280000 10.3792658
0.7290000 19.1421757
0.7300000 34.1121979
0.7310000 17.8753967
0.7320000 -26.6929550
0.7330000 26.9890575
0.7340000 68.4389038
0.7350000 -10.1288834
0.7360000 4.6921840
0.7370000 -30.4883747
0.7380000 15.2250090
0.7390000 27.2084560
0.7400000 -3.8927286
0.7410000 -44.3926277
0.7420000 -32.3957710
0.7430000 47.7958488
0.7440000 20.5655403
0.7450000 -5.0270610
0.7460000 5.8673992
0.7470000 -33.6924973
0.7480000 0.8693973
0.7490000 -21.4191589
0.7500000 1.0113132
0.7510000 -46.6569710
0.7520000 4.0906034
0.7530000 21.0344734
0.7540000 12.1445303
0.7550000 20.5286083
0.7560000 56.3310127
0.7570000 -55.7672653
0.7580000 14.7585211
0.7590000 55.8935509
0.7600000 13.9106922
0.7610000 16.6107483
0.7620000 -43.9541473
0.7630000 9.6715527
0.7640000 33.0980606
0.7650000 61.7102318
0.7660000 -51.6249886
0.7670000 34.3811722
0.7680000 -30.2471313
0.7690000 35.7406044
0.7700000 28.2740059
0.7710000 -24.6876354
0.7720000 16.4708614
0.7730000 9.3960333
0.7740000 1.4064531
0.7750000 50.1402245
0.7760000 -32.3124886
0.7770000 -5.7733297
0.7780000 -19.4331532
0.7790000 39.9400406
0.7800000 -69.2323837
0.7810000 -29.8955746
0.7820000 -39.7003441
0.7830000 -41.6761856
0.7840000 21.2095032
0.7850000 -10.4683018
0.7860000 -17.8277817
0.7870000 -25.6831055
0.7880000 31.3155975
0.7890000 -25.5607624
0.7900000 28.6808834
0.7910000 -49.5562859
0.7920000 -28.7917233
0.7930000 70.1178513
0.7940000 20.7905102
0.7950000 -78.4915390
0.7960000 -14.3038015
0.7970000 11.8420458
0.7980000 29.6552830
0.7990000 -14.1579084
0.8000000 7.8314161
0.8010000 23.7025089
0.8020000 -71.4522247
0.8030000 -40.5350800
0.8040000 17.5105972
0.8050000 1.5051808
0.8060000 -7.9917598
0.8070000 -32.0881195
0.8080000 8.6159649
0.8090000 -37.8536224
0.8100000 64.7801208
0.8110000 13.2731543
0.8120000 48.9850273
0.8130000 8.3312216
0.8140000 34.0787125
0.8150000 3.8906012
0.8160000 -26.0653801
0.8170000 -0.6722714
0.8180000 -24.1977119
0.8190000 4.0074220
0.8200000 22.0706596
0.8210000 51.3174248
0.8220000 4.6091108
0.8230000 -19.7553272
0.8240000 -15.1137266
0.8250000 46.7801819
0.8260000 -20.2312889
0.8270000 -34.5532875
0.8280000 -8.4129887
0.8290000 37.7378120
0.8300000 38.8026237
0.8310000 -0.4910844
0.8320000 19.5908833
0.8330000 26.1954212
0.8340000 -33.4855614
0.8350000 -20.6153927
0.8360000 -28.0115032
0.8370000 -11.4637871
0.8380000 -39.0301285
0.8390000 -28.1326885
0.8400000 -9.7006226
0.8410000 25.6248264
0.8420000 27.4246788
0.8430000 7.5862460
0.8440000 -23.2889614
0.8450000 1.1200196
0.8460000 26.3628559
0.8470000 12.9076986
0.8480000 17.8804512
0.8490000 3.8228440
0.8500000 15.3479118
0.8510000 23.3697300
0.8520000 -47.8192253
0.8530000 22.4850292
0.8540000 -3.6622424
0.8550000 15.8383389
0.8560000 -27.3085499
0.8570000 46.3458557
0.8580000 23.9910755
0.8590000 -10.6799593
0.8600000 9.1478195
0.8610000 16.3373222
0.8620000 33.1578445
0.8630000 -3.4380369
0.8640000 33.1241150
0.8650000 25.7778606
0.8660000 -27.3122330
0.8670000 -1.7250034
0.8680000 -21.9092560
0.8690000 19.5145283
0.8700000 39.5856400
0.8710000 -65.1282196
0.8720000 -31.8900032
0.8730000 -27.5018215
0.8740000 1.0526793
0.8750000 29.2124996
0.8760000 -29.1167545
0.8770000 5.8658619
0.8780000 -60.9099922
0.8790000 0.2734676
0.8800000 15.6698046
0.8810000 -27.1432838
0.8820000 -37.3350868
0.8830000 24.5455112
0.8840000 -72.2156754
0.8850000 49.7521553
0.8860000 12.5798283
0.8870000 -45.7952309
0.8880000 -33.6429520
0.8890000 87.8151855
0.8900000 53.8240395
0.8910000 -2.1433256
0.8920000 -4.3784008
0.8930000 -18.5679626
0.8940000 41.2411461
0.8950000 14.6391926
0.8960000 -26.8221607
0.8970000 -20.8033352
0.8980000 48.0636292
0.8990000 -22.7253551
0.9000000 -9.3507214
0.9010000 8.6921625
0.9020000 -29.2097549
0.9030000 -50.4303780
0.9040000 0.5950885
0.9050000 -8.6209669
0.9060000 -16.8833981
0.9070000 10.6284494
0.9080000 -3.3878617
0.9090000 -39.0533295
0.9100000 -46.5386963
0.9110000 9.5083761
0.9120000 30.0873051
0.9130000 2.5242040
0.9140000 12.3078232
0.9150000 2.8849554
0.9160000 -11.8355398
0.9170000 -27.4755535
0.9180000 -7.8697128
0.9190000 38.1776810
0.9200000 -42.0761147
0.9210000 -14.9434891
0.9220000 -13.2076874
0.9230000 -51.5636749
0.9240000 -57.0044098
0.9250000 31.0213947
0.9260000 -1.8237598
0.9270000 -17.3380947
0.9280000 33.3975029
0.9290000 -13.4374704
0.9300000 -61.0369263
0.9310000 40.9257317
0.9320000 -5.7241302
0.9330000 -43.7334518
0.9340000 -37.9610786
0.9350000 2.1684811
0.9360000 27.8281918
0.9370000 1.3484396
0.9380000 15.5897951
0.9390000 -26.5790310
0.9400000 -17.2088737
0.9410000 -21.4680119
0.9420000 -17.1318798
0.9430000 -27.4174747
0.9440000 31.6364441
0.9450000 -50.0661507
0.9460000 2.7497458
0.9470000 -17.2378597
0.9480000 -12.5951614
0.9490000 25.7137871
0.9500000 41.3586464
0.9510000 43.6089554
0.9520000 32.5975723
0.9530000 -2.7565165
0.9540000 47.7870903
0.9550000 -48.6439476
0.9560000 -4.3599901
0.9570000 29.4610825
0.9580000 6.9655027
0.9590000 13.3844738
0.9600000 28.2786236
0.9610000 23.7705822
0.9620000 50.7914543
0.9630000 -22.6635609
0.9640000 -8.4795866
0.9650000 70.8525314
0.9660000 23.9685726
0.9670000 -54.1558723
0.9680000 1.1091028
0.9690000 18.8294353
0.9700000 7.4282513
0.9710000 -26.9067135
0.9720000 -47.8516731
0.9730000 71.3953323
0.9740000 -94.7956619
0.9750000 39.0945473
0.9760000 -39.0992508
0.9770000 52.7394257
0.9780000 -21.3303413
0.9790000 58.0020447
0.9800000 17.5046940
0.9810000 5.1330657
0.9820000 9.8979053
0.9830000 -23.6611958
0.9840000 22.8093090
0.9850000 11.1713724
0.9860000 3.8817890
0.9870000 2.2178698
0.9880000 11.8790522
0.9890000 28.5117359
0.9900000 -1.4752762
0.9910000 26.6702518
0.9920000 -18.0678139
0.9930000 53.1429558
0.9940000 30.4474983
0.9950000 21.0862923
0.9960000 8.3965406
0.9970000 15.3033342
0.9980000 -9.5900202
0.9990000 -9.4825144
