0.0000000 -100.7326508
0.0010000 -21.9499664
0.0020000 -50.4692688
0.0030000 -38.8382111
0.0040000 -30.6510811
0.0050000 16.6898308
0.0060000 21.8250065
0.0070000 26.7338753
0.0080000 64.3282700
0.0090000 -24.4230309
0.0100000 -3.5591257
0.0110000 37.6329041
0.0120000 113.0012207
0.0130000 32.8935242
0.0140000 -12.3672705
0.0150000 33.4194756
0.0160000 -10.5916338
0.0170000 -10.1382618
0.0180000 -42.8187370
0.0190000 -3.9637265
0.0200000 -22.4919796
0.0210000 -84.1074753
0.0220000 -40.4476089
0.0230000 -62.2276077
0.0240000 -4.6101971
0.0250000 -16.3134651
0.0260000 -26.2162762
0.0270000 26.9057846
0.0280000 -51.2485695
0.0290000 28.9113197
0.0300000 -46.0677872
0.0310000 18.0091553
0.0320000 -4.3560677
0.0330000 18.6570263
0.0340000 -27.3560085
0.0350000 -16.1820374
0.0360000 36.0255051
0.0370000 28.9051685
0.0380000 -29.5364418
0.0390000 -8.1004391
0.0400000 19.7552643
0.0410000 -18.6945438
0.0420000 -10.7410431
0.0430000 30.4725876
0.0440000 22.1318474
0.0450000 -24.9137096
0.0460000 -37.6583252
0.0470000 7.8277946
0.0480000 50.7345390
0.0490000 12.6884689
0.0500000 23.0389423
0.0510000 6.6657691
0.0520000 0.5689597
0.0530000 -24.8289719
0.0540000 72.6331787
0.0550000 45.6084023
0.0560000 85.2113113
0.0570000 -7.3162460
0.0580000 28.5041370
0.0590000 10.6059675
0.0600000 5.9540911
0.0610000 23.6005669
0.0620000 60.6501503
0.0630000 27.3875141
0.0640000 -18.8529778
0.0650000 -20.6683464
0.0660000 -60.1496010
0.0670000 22.9587822
0.0680000 0.7462976
0.0690000 6.1684566
0.0700000 -8.9546270
0.0710000 61.2792664
0.0720000 30.7705517
0.0730000 11.1497402
0.0740000 21.6723843
0.0750000 13.8329048
0.0760000 2.6776562
0.0770000 9.4637089
0.0780000 -34.1815262
0.0790000 -23.9879780
0.0800000 -29.1481037
0.0810000 -49.3807716
0.0820000 -24.0103703
0.0830000 18.5826645
0.0840000 19.3593903
0.0850000 9.8448658
0.0860000 53.4860764
0.0870000 -25.3412132
0.0880000 -15.1024456
0.0890000 -41.6243477
0.0900000 -47.8931236
0.0910000 -26.0752239
0.0920000 33.5526123
0.0930000 -32.0881920
0.0940000 43.4160156
0.0950000 -37.2796364
0.0960000 38.5549736
0.0970000 17.7649307
0.0980000 16.7063866
0.0990000 -45.2843895
0.1000000 4.5598397
0.1010000 10.9642410
0.1020000 14.5689554
0.1030000 -53.4028053
0.1040000 -49.2996407
0.1050000 8.9131794
0.1060000 2.7412839
0.1070000 -19.7552471
0.1080000 28.7104149
0.1090000 -25.6499519
0.1100000 -10.7317390
0.1110000 -7.2259650
0.1120000 26.5371742
0.1130000 29.3743439
0.1140000 9.7223673
0.1150000 -20.7551231
0.1160000 -39.8643112
0.1170000 0.1269004
0.1180000 15.4888878
0.1190000 20.3271828
0.1200000 -62.9932365
0.1210000 48.3513145
0.1220000 21.3012199
0.1230000 11.3867159
0.1240000 40.3104744
0.1250000 2.4369230
0.1260000 32.9273415
0.1270000 18.7547874
0.1280000 -60.5598564
0.1290000 -12.7960768
0.1300000 -10.1259384
0.1310000 -16.5260715
0.1320000 0.1700459
0.1330000 -42.0875969
0.1340000 42.5885429
0.1350000 -19.2545815
0.1360000 -24.0728226
0.1370000 -12.3756495
0.1380000 9.4974337
0.1390000 3.8864653
0.1400000 13.8493109
0.1410000 -19.2207241
0.1420000 -7.1160698
0.1430000 -5.5019965
0.1440000 -14.0287399
0.1450000 -3.6359708
0.1460000 -13.0812473
0.1470000 -29.5884151
0.1480000 16.7579136
0.1490000 19.8219166
0.1500000 9.5478039
0.1510000 11.7212162
0.1520000 48.6628456
0.1530000 9.3039808
0.1540000 -47.1040840
0.1550000 -55.9101334
0.1560000 22.4981613
0.1570000 36.3787079
0.1580000 24.4152184
0.1590000 27.3736629
0.1600000 -1.8294568
0.1610000 -11.9189777
0.1620000 -50.9507217
0.1630000 -28.5940018
0.1640000 -23.2031841
0.1650000 -20.8785839
0.1660000 -24.6847382
0.1670000 79.3098755
0.1680000 86.9905167
0.1690000 -1.9302746
0.1700000 17.6230526
0.1710000 -26.7235165
0.1720000 7.2769952
0.1730000 -21.4370995
0.1740000 51.4861298
0.1750000 -34.0814095
0.1760000 -64.5869141
0.1770000 -24.6878014
0.1780000 39.1648293
0.1790000 27.5061455
0.1800000 23.7221508
0.1810000 -17.9950409
0.1820000 -17.0599251
0.1830000 -6.1588430
0.1840000 11.1227531
0.1850000 45.2469025
0.1860000 13.6033602
0.1870000 -29.4087029
0.1880000 16.0531616
0.1890000 42.7464523
0.1900000 4.3255286
0.1910000 3.8669972
0.1920000 -29.7839394
0.1930000 18.3709145
0.1940000 4.7703056
0.1950000 -27.1743469
0.1960000 -73.6214218
0.1970000 35.9659233
0.1980000 -39.7243958
0.1990000 -12.2668533
0.2000000 8.6306696
0.2010000 -12.5215826
0.2020000 28.0614948
0.2030000 44.6086731
0.2040000 3.7651169
0.2050000 -21.5121136
0.2060000 -34.7577057
0.2070000 27.1961708
0.2080000 -3.6423593
0.2090000 1.8615396
0.2100000 3.8195472
0.2110000 13.1359377
0.2120000 -41.6673393
0.2130000 -27.4135685
0.2140000 -9.1402740
0.2150000 -51.8764305
0.2160000 -27.0524654
0.2170000 -55.9724770
0.2180000 40.6147079
0.2190000 -18.2608757
0.2200000 3.2978163
0.2210000 27.3426361
0.2220000 3.6604569
0.2230000 14.7144785
0.2240000 -20.1802559
0.2250000 1.0854717
0.2260000 66.0268021
0.2270000 10.1392117
0.2280000 41.6546478
0.2290000 -36.9734688
0.2300000 53.6976967
0.2310000 5.9578772
0.2320000 71.0795364
0.2330000 -39.8482056
0.2340000 -31.9218292
0.2350000 44.3771095
0.2360000 -38.9098854
0.2370000 -5.8426194
0.2380000 -4.7159472
0.2390000 -11.6692123
0.2400000 5.1599989
0.2410000 23.1744022
0.2420000 -32.4273720
0.2430000 34.9831810
0.2440000 56.0439224
0.2450000 20.0125675
0.2460000 27.4699860
0.2470000 -21.9651680
0.2480000 -17.7760715
0.2490000 -25.3283920
0.2500000 -3.8639228
0.2510000 -12.5038338
0.2520000 14.7843981
0.2530000 -17.3587856
0.2540000 8.9858685
0.2550000 -24.5131969
0.2560000 42.2362289
0.2570000 -14.8276396
0.2580000 60.7224808
0.2590000 27.0164070
0.2600000 30.9544907
0.2610000 22.0691776
0.2620000 -14.0716000
0.2630000 42.9329109
0.2640000 44.3381958
0.2650000 6.0331731
0.2660000 -28.2829247
0.2670000 -20.1220245
0.2680000 23.9974289
0.2690000 47.7706985
0.2700000 -48.8929214
0.2710000 26.6128407
0.2720000 22.8004494
0.2730000 -21.8318615
0.2740000 73.4629364
0.2750000 11.1731186
0.2760000 -64.3350372
0.2770000 -27.9450245
0.2780000 -32.2403488
0.2790000 -39.7592545
0.2800000 83.6763763
0.2810000 -12.4045410
0.2820000 43.0107536
0.2830000 6.2461023
0.2840000 -9.7750549
0.2850000 84.9096451
0.2860000 -38.9134674
0.2870000 -17.1983681
0.2880000 35.6609535
0.2890000 -25.8649139
0.2900000 -23.1187363
0.2910000 80.9936066
0.2920000 0.9097836
0.2930000 20.6873016
0.2940000 8.4198256
0.2950000 -38.3868408
0.2960000 2.3178463
0.2970000 33.9580803
0.2980000 17.7694721
0.2990000 18.1553860
0.3000000 -29.1617203
0.3010000 -7.5877967
0.3020000 47.6238365
0.3030000 -24.8257236
0.3040000 -30.3315659
0.3050000 -3.3763900
0.3060000 -2.5623474
0.3070000 -27.5583057
0.3080000 5.0679059
0.3090000 25.4275951
0.3100000 29.9212704
0.3110000 11.5616169
0.3120000 63.4571953
0.3130000 7.3124413
0.3140000 5.0951705
0.3150000 26.7351303
0.3160000 -94.8772202
0.3170000 7.1401205
0.3180000 -23.2445393
0.3190000 -18.7469769
0.3200000 9.4437628
0.3210000 38.8943138
0.3220000 -4.0761127
0.3230000 -4.3014317
0.3240000 22.8439064
0.3250000 -66.0088425
0.3260000 -30.0738239
0.3270000 18.5251560
0.3280000 -34.4773026
0.3290000 8.9993057
0.3300000 -33.9583817
0.3310000 -17.6056843
0.3320000 99.9841690
0.3330000 23.0384350
0.3340000 26.7807045
0.3350000 -37.8795319
0.3360000 2.6888111
0.3370000 92.7002411
0.3380000 10.0709658
0.3390000 24.4658356
0.3400000 62.9565125
0.3410000 40.1585808
0.3420000 74.1730270
0.3430000 -45.8624382
0.3440000 -30.5862713
0.3450000 65.1327057
0.3460000 -9.7993584
0.3470000 -88.1106415
0.3480000 28.6426773
0.3490000 28.3371353
0.3500000 40.6292229
0.3510000 6.2536874
0.3520000 -2.3510027
0.3530000 -4.4862323
0.3540000 0.3588605
0.3550000 -51.6604881
0.3560000 19.5986023
0.3570000 -4.4066210
0.3580000 -50.5448227
0.3590000 5.4791608
0.3600000 23.4428921
0.3610000 -38.4999123
0.3620000 -9.9891882
0.3630000 31.0747910
0.3640000 8.2187643
0.3650000 24.3063965
0.3660000 5.3660760
0.3670000 11.4593563
0.3680000 -21.1550846
0.3690000 -21.3091621
0.3700000 -48.0671616
0.3710000 11.3325996
0.3720000 -4.2556338
0.3730000 31.8962803
0.3740000 -64.5817184
0.3750000 50.2369041
0.3760000 25.6410046
0.3770000 -4.7925925
0.3780000 -10.2319593
0.3790000 -2.5580173
0.3800000 -42.4183617
0.3810000 16.1605129
0.3820000 63.1141777
0.3830000 24.4481544
0.3840000 77.0739670
0.3850000 7.2258458
0.3860000 21.7532864
0.3870000 17.7876205
0.3880000 -15.4560280
0.3890000 -35.3825760
0.3900000 -20.4053307
0.3910000 -52.0234261
0.3920000 -9.3397017
0.3930000 -42.8425713
0.3940000 -9.9157314
0.3950000 10.2477331
0.3960000 1.8667933
0.3970000 23.3655624
0.3980000 3.9274800
0.3990000 -35.0011024
0.4000000 -21.4206257
0.4010000 1.6678259
0.4020000 6.2294183
0.4030000 -45.1953163
0.4040000 -11.3224335
0.4050000 -28.6405792
0.4060000 31.4350834
0.4070000 77.4553604
0.4080000 -77.8033676
0.4090000 -18.0538292
0.4100000 -33.9492531
0.4110000 97.7701035
0.4120000 -25.7059345
0.4130000 55.8661156
0.4140000 -65.6882629
0.4150000 31.5323257
0.4160000 -56.9250603
0.4170000 21.7922783
0.4180000 -35.6440430
0.4190000 20.0880795
0.4200000 46.0863800
0.4210000 -9.9068298
0.4220000 -7.1525307
0.4230000 34.9873924
0.4240000 75.7368622
0.4250000 -11.1388941
0.4260000 11.8197374
0.4270000 -42.1291924
0.4280000 49.0932045
0.4290000 -14.4801016
0.4300000 -26.3204861
0.4310000 -37.6388054
0.4320000 -21.3004723
0.4330000 3.9089859
0.4340000 -75.8439026
0.4350000 -33.0650673
0.4360000 -17.8304977
0.4370000 56.0530739
0.4380000 -47.0444946
0.4390000 -6.5167770
0.4400000 -50.7951965
0.4410000 36.9204941
0.4420000 -19.1648712
0.4430000 -33.5379677
0.4440000 -46.0988350
0.4450000 13.3355312
0.4460000 -40.0679474
0.4470000 -53.2570534
0.4480000 25.4101105
0.4490000 -84.3237228
0.4500000 -21.6026306
0.4510000 -64.1036758
0.4520000 -73.6521072
0.4530000 -19.1533527
0.4540000 17.4519539
0.4550000 -5.8547721
0.4560000 25.2022133
0.4570000 -25.9824810
0.4580000 -58.1028252
0.4590000 16.2013168
0.4600000 -21.9746094
0.4610000 3.3153884
0.4620000 30.5757236
0.4630000 -54.1738930
0.4640000 46.1183052
0.4650000 -11.8591871
0.4660000 28.1695061
0.4670000 31.4705143
0.4680000 -24.5646400
0.4690000 7.4588833
0.4700000 28.6435642
0.4710000 5.3488560
0.4720000 -26.9700737
0.4730000 0.1941561
0.4740000 -85.2021408
0.4750000 3.2165451
0.4760000 -29.4433594
0.4770000 94.0642242
0.4780000 -26.8345318
0.4790000 -27.6155891
0.4800000 8.4593353
0.4810000 -50.5053749
0.4820000 -33.3994560
0.4830000 -30.4707413
0.4840000 51.1712341
0.4850000 4.9733782
0.4860000 55.5377083
0.4870000 2.9811106
0.4880000 3.2311809
0.4890000 3.5764370
0.4900000 -5.5268517
0.4910000 -6.1200905
0.4920000 21.7546177
0.4930000 -17.6819916
0.4940000 1.9999433
0.4950000 -2.5453157
0.4960000 32.9908485
0.4970000 -14.3313522
0.4980000 -3.1840627
0.4990000 20.8368683
0.5000000 30.4099426
0.5010000 11.2511797
0.5020000 -20.2722416
0.5030000 -12.8870478
0.5040000 34.6127281
0.5050000 18.0209694
0.5060000 9.5744247
0.5070000 -4.1837492
0.5080000 -0.8737332
0.5090000 17.0583668
0.5100000 -5.9863620
0.5110000 25.8137112
0.5120000 -15.4721880
0.5130000 55.1437492
0.5140000 -10.1864452
0.5150000 -24.8037167
0.5160000 -31.0238686
0.5170000 -7.4371500
0.5180000 8.4070311
0.5190000 51.6906662
0.5200000 -9.9659414
0.5210000 30.0070210
0.5220000 3.8703699
0.5230000 51.1756401
0.5240000 -23.5996799
0.5250000 -6.3562737
0.5260000 -66.7232056
0.5270000 45.6126747
0.5280000 -36.7671242
0.5290000 9.0676737
0.5300000 -7.2241192
0.5310000 15.8884821
0.5320000 -7.8496423
0.5330000 -12.3846207
0.5340000 -16.7261848
0.5350000 4.6262603
0.5360000 20.7597122
0.5370000 -36.5831223
0.5380000 -2.1434305
0.5390000 -15.5117359
0.5400000 36.7474709
0.5410000 50.0679245
0.5420000 -6.6210604
0.5430000 -41.4697571
0.5440000 29.1480427
0.5450000 -13.0652313
0.5460000 23.5465221
0.5470000 16.7651367
0.5480000 -66.7840118
0.5490000 -33.8758888
0.5500000 57.9091148
0.5510000 36.3364868
0.5520000 -3.9241431
0.5530000 20.0512466
0.5540000 0.9113086
0.5550000 44.7599869
0.5560000 9.6136799
0.5570000 -23.3577919
0.5580000 -45.8990364
0.5590000 -11.0915470
0.5600000 27.9235821
0.5610000 -11.9189425
0.5620000 -27.4913025
0.5630000 16.2656441
0.5640000 11.8596945
0.5650000 -8.7551870
0.5660000 -7.7128682
0.5670000 -28.5889225
0.5680000 -13.4130993
0.5690000 22.6277370
0.5700000 45.3162498
0.5710000 -0.6642218
0.5720000 -10.0524273
0.5730000 -32.2207336
0.5740000 -11.2721062
0.5750000 19.2582722
0.5760000 -14.6503086
0.5770000 -13.6607523
0.5780000 30.2332020
0.5790000 18.1602859
0.5800000 -23.9841957
0.5810000 -48.6002121
0.5820000 -10.3365364
0.5830000 -61.1996918
0.5840000 12.5169945
0.5850000 -13.9207897
0.5860000 41.0390015
0.5870000 35.2144966
0.5880000 16.9898567
0.5890000 63.8394051
0.5900000 -17.8413277
0.5910000 22.2027626
0.5920000 57.2923927
0.5930000 21.9788399
0.5940000 -18.5781498
0.5950000 26.2253132
0.5960000 20.7230473
0.5970000 67.0046387
0.5980000 -27.4182739
0.5990000 -18.7022018
0.6000000 -35.3302498
0.6010000 9.0512152
0.6020000 -12.0084581
0.6030000 -6.4409232
0.6040000 -8.0756969
0.6050000 60.1826820
0.6060000 -4.5223427
0.6070000 17.1957531
0.6080000 13.4163742
0.6090000 1.9555919
0.6100000 -11.3377457
0.6110000 -9.8903923
0.6120000 28.6150475
0.6130000 13.0308628
0.6140000 -31.9116917
0.6150000 -89.0116959
0.6160000 -11.0162497
0.6170000 21.6448612
0.6180000 -15.5882549
0.6190000 -7.2716255
0.6200000 32.9563370
0.6210000 27.7465343
0.6220000 -13.3634481
0.6230000 -18.5377960
0.6240000 53.7044525
0.6250000 14.1749563
0.6260000 -48.9323425
0.6270000 -55.1706047
0.6280000 36.0977020
0.6290000 7.6493969
0.6300000 5.9235892
0.6310000 -29.9679699
0.6320000 -3.6115866
0.6330000 51.0919991
0.6340000 -41.5782394
0.6350000 43.7393341
0.6360000 66.8317337
0.6370000 -13.9828968
0.6380000 6.1396289
0.6390000 28.1730938
0.6400000 -36.1062584
0.6410000 -52.2825470
0.6420000 3.3618834
0.6430000 11.9821997
0.6440000 -43.8839645
0.6450000 11.0154161
0.6460000 32.7935638
0.6470000 8.9542007
0.6480000 20.0903664
0.6490000 20.3475304
0.6500000 -33.3011589
0.6510000 -9.9394045
0.6520000 10.6325245
0.6530000 5.8952355
0.6540000 33.1193619
0.6550000 22.5798569
0.6560000 -14.8736849
0.6570000 -3.8279464
0.6580000 11.7681656
0.6590000 18.9578590
0.6600000 5.9906926
0.6610000 -55.4137115
0.6620000 -9.6060886
0.6630000 31.0032520
0.6640000 50.3593140
0.6650000 -37.4981270
0.6660000 -4.4395790
0.6670000 -22.2162495
0.6680000 -6.1075392
0.6690000 -36.4574890
0.6700000 4.7166371
0.6710000 44.1686897
0.6720000 28.1442566
0.6730000 17.2500439
0.6740000 2.3360057
0.6750000 -9.2564726
0.6760000 18.9913082
0.6770000 -99.4570084
0.6780000 -31.7913437
0.6790000 39.1998482
0.6800000 -7.7909136
0.6810000 23.7014942
0.6820000 24.0100765
0.6830000 7.8308754
0.6840000 75.3329697
0.6850000 36.2216263
0.6860000 -32.0504112
0.6870000 41.9783096
0.6880000 46.5724907
0.6890000 14.0670300
0.6900000 19.9947605
0.6910000 6.2850499
0.6920000 47.0406265
0.6930000 13.2723475
0.6940000 20.2249584
0.6950000 31.8253345
0.6960000 -37.7682419
0.6970000 -50.2189484
0.6980000 -3.8378961
0.6990000 -11.4986820
0.7000000 25.4740944
0.7010000 -35.5680504
0.7020000 -16.3739090
0.7030000 30.4745655
0.7040000 -2.6154799
0.7050000 5.5599728
0.7060000 -47.6875076
0.7070000 37.0477905
0.7080000 -3.5987959
0.7090000 -44.7198219
0.7100000 42.6286125
0.7110000 27.2093754
0.7120000 6.0187945
0.7130000 -14.7228270
0.7140000 -39.6453781
0.7150000 -45.5812263
0.7160000 8.4963093
0.7170000 -39.1739998
0.7180000 -7.6860108
0.7190000 -12.3517513
0.7200000 -27.8652534
0.7210000 -4.4290605
0.7220000 47.6136665
0.7230000 9.6593304
0.7240000 -30.6827412
0.7250000 20.6114902
0.7260000 -42.7155533
0.7270000 73.1802216
0.7280000 -12.0078526
0.7290000 -38.4871407
0.7300000 35.1253777
0.7310000 -9.8134756
0.7320000 69.2736740
0.7330000 6.9495411
0.7340000 13.9069767
0.7350000 27.4047184
0.7360000 -27.7092533
0.7370000 39.3465958
0.7380000 -13.1595497
0.7390000 82.4705276
0.7400000 -8.3008137
0.7410000 -22.4505177
0.7420000 16.0955696
0.7430000 -69.6541519
0.7440000 -18.3602715
0.7450000 14.7171278
0.7460000 17.4822845
0.7470000 -6.2717214
0.7480000 -22.4351063
0.7490000 35.0355721
0.7500000 26.8939896
0.7510000 -32.9697495
0.7520000 -5.4039946
0.7530000 -38.3080177
0.7540000 -7.1289215
0.7550000 -7.7501612
0.7560000 7.7748628
0.7570000 9.2222624
0.7580000 -7.7942200
0.7590000 4.0742431
0.7600000 -72.0727463
0.7610000 -6.8769565
0.7620000 -47.8798752
0.7630000 43.5770187
0.7640000 16.2930393
0.7650000 -26.1949615
0.7660000 14.1535921
0.7670000 72.0296326
0.7680000 7.6286249
0.7690000 -31.5223255
0.7700000 -32.7919044
0.7710000 12.0590973
0.7720000 57.7919388
0.7730000 -52.9711189
0.7740000 -5.0275073
0.7750000 20.3265476
0.7760000 10.9871063
0.7770000 10.9839525
0.7780000 -9.1463690
0.7790000 14.3462763
0.7800000 14.5760489
0.7810000 -13.4491348
0.7820000 -35.9335289
0.7830000 -2.4715879
0.7840000 25.3233337
0.7850000 36.1898270
0.7860000 -22.8911018
0.7870000 -39.6146584
0.7880000 22.3389301
0.7890000 -29.1227131
0.7900000 -55.9908485
0.7910000 -15.7936678
0.7920000 40.4543114
0.7930000 -8.5415745
0.7940000 -0.5824910
0.7950000 7.9282374
0.7960000 -4.1710286
0.7970000 4.9752116
0.7980000 -19.0597191
0.7990000 11.4419079
0.8000000 33.7915878
0.8010000 -24.2698994
0.8020000 71.5003586
0.8030000 -1.8157498
0.8040000 11.3633986
0.8050000 -1.0139832
0.8060000 -13.6624680
0.8070000 -6.0630794
0.8080000 27.4419365
0.8090000 6.1276221
0.8100000 9.0882540
0.8110000 -4.2738085
0.8120000 -21.3958664
0.8130000 -28.7078476
0.8140000 -33.0385704
0.8150000 31.1909561
0.8160000 -57.8137627
0.8170000 16.0630436
0.8180000 -10.3847466
0.8190000 74.5039978
0.8200000 -39.0033073
0.8210000 -31.2270775
0.8220000 19.2748604
0.8230000 -9.9731140
0.8240000 11.0126009
0.8250000 -7.7474737
0.8260000 -16.4979248
0.8270000 -0.8292383
0.8280000 3.0362649
0.8290000 -50.3215942
0.8300000 -32.3860741
0.8310000 -58.6442375
0.8320000 -3.7350612
0.8330000 39.6722031
0.8340000 -8.0321484
0.8350000 20.8482685
0.8360000 10.9632711
0.8370000 47.0073547
0.8380000 -12.2507696
0.8390000 3.1986227
0.8400000 -12.3065519
0.8410000 18.3733997
0.8420000 7.0420718
0.8430000 -61.3851738
0.8440000 36.4414368
0.8450000 23.9585514
0.8460000 -53.9227600
0.8470000 40.3545113
0.8480000 23.3987045
0.8490000 12.3366728
0.8500000 40.6876945
0.8510000 -31.6469803
0.8520000 -16.9747906
0.8530000 -5.1788802
0.8540000 -30.0805225
0.8550000 4.8992248
0.8560000 -37.4220619
0.8570000 -33.1120567
0.8580000 -17.7979145
0.8590000 43.1611252
0.8600000 -61.2856140
0.8610000 30.5592346
0.8620000 -31.7353611
0.8630000 30.4542561
0.8640000 -75.9681168
0.8650000 48.4637566
0.8660000 -22.3540897
0.8670000 34.1974411
0.8680000 -83.7105942
0.8690000 21.4711208
0.8700000 32.8397369
0.8710000 -32.9731178
0.8720000 4.4482656
0.8730000 -11.9795980
0.8740000 1.9048258
0.8750000 21.5192623
0.8760000 1.9298248
0.8770000 -54.0843773
0.8780000 18.5704117
0.8790000 -0.6765448
0.8800000 25.5467987
0.8810000 -51.6386833
0.8820000 4.7072744
0.8830000 -17.6066475
0.8840000 -11.5055799
0.8850000 -27.1944160
0.8860000 21.4469414
0.8870000 -27.4874325
0.8880000 -4.1455417
0.8890000 -11.9649391
0.8900000 87.6258163
0.8910000 16.3492947
0.8920000 90.2207108
0.8930000 -41.1991539
0.8940000 35.7137833
0.8950000 -22.4479923
0.8960000 -4.6629419
0.8970000 -23.6006489
0.8980000 32.7520027
0.8990000 13.5117073
0.9000000 32.2119255
0.9010000 -7.3028908
0.9020000 -35.7778091
0.9030000 66.6001205
0.9040000 -9.5493927
0.9050000 26.0784111
0.9060000 12.3960867
0.9070000 -9.9694510
0.9080000 47.7564430
0.9090000 -64.8245850
0.9100000 -38.8813934
0.9110000 -75.7589493
0.9120000 42.8725662
0.9130000 42.7386742
0.9140000 14.9036875
0.9150000 23.9928265
0.9160000 -31.5905552
0.9170000 -52.8565483
0.9180000 34.5480728
0.9190000 -13.0043840
0.9200000 15.4769592
0.9210000 -43.7170486
0.9220000 16.4263554
0.9230000 34.4329567
0.9240000 -8.0192223
0.9250000 -23.4340820
0.9260000 -53.5372009
0.9270000 -45.6257210
0.9280000 -7.1213999
0.9290000 -22.4914589
0.9300000 34.0227280
0.9310000 1.4048135
0.9320000 -3.6638191
0.9330000 17.2146149
0.9340000 -30.5323963
0.9350000 3.7486470
0.9360000 -57.7417641
0.9370000 4.9707785
0.9380000 41.6707077
0.9390000 51.8800545
0.9400000 -35.0093918
0.9410000 -17.3857021
0.9420000 40.9478989
0.9430000 63.9809761
0.9440000 -53.0311661
0.9450000 -18.5328579
0.9460000 32.2768936
0.9470000 35.2952690
0.9480000 -74.5473328
0.9490000 -2.5388479
0.9500000 -20.4150257
0.9510000 -6.3955741
0.9520000 12.6771564
0.9530000 -8.9970703
0.9540000 22.7692909
0.9550000 -15.8725758
0.9560000 55.4087524
0.9570000 36.4922180
0.9580000 -13.8471375
0.9590000 -31.3076172
0.9600000 -33.0100975
0.9610000 17.2939987
0.9620000 58.2689934
0.9630000 -20.2454185
0.9640000 22.2136650
0.9650000 -13.6237888
0.9660000 6.9477901
0.9670000 24.0347824
0.9680000 37.0830841
0.9690000 -36.2350349
0.9700000 -36.1464157
0.9710000 21.7351227
0.9720000 69.9455643
0.9730000 -27.1021080
0.9740000 18.7399426
0.9750000 87.2702713
0.9760000 65.3127975
0.9770000 -24.7348099
0.9780000 -23.0903378
0.9790000 14.3216619
0.9800000 -1.5366935
0.9810000 -30.4912338
0.9820000 -25.6643753
0.9830000 67.6200027
0.9840000 -30.5914440
0.9850000 21.1800175
0.9860000 23.6766357
0.9870000 -32.7993965
0.9880000 -43.4676056
0.9890000 -28.4385509
0.9900000 1.0723720
0.9910000 -8.7364216
0.9920000 44.1827507
0.9930000 -0.7409733
0.9940000 72.1618423
0.9950000 -7.4681888
0.9960000 6.4147253
0.9970000 -30.3352394
0.9980000 13.0692635
0.9990000 33.1697731
