0.0000000 10.4320517
0.0010000 22.9435043
0.0020000 -16.5977039
0.0030000 -37.5065575
0.0040000 -5.2677436
0.0050000 3.0520754
0.0060000 13.2271013
0.0070000 29.2876358
0.0080000 79.1671524
0.0090000 -58.1351891
0.0100000 7.8217831
0.0110000 -34.0012245
0.0120000 -9.2684450
0.0130000 12.8975267
0.0140000 47.9936676
0.0150000 -21.1646137
0.0160000 9.4033632
0.0170000 -7.0233278
0.0180000 8.7334051
0.0190000 -28.9762859
0.0200000 3.6310403
0.0210000 -22.5204144
0.0220000 -24.0642605
0.0230000 40.9181213
0.0240000 18.8074799
0.0250000 53.5889015
0.0260000 -13.3812799
0.0270000 -12.6035147
0.0280000 61.0363617
0.0290000 -46.9867020
0.0300000 62.6251068
0.0310000 -11.0638704
0.0320000 -49.3735542
0.0330000 13.6966810
0.0340000 -20.2753849
0.0350000 15.0672913
0.0360000 -11.5885134
0.0370000 10.9217043
0.0380000 -13.5714893
0.0390000 -7.0907164
0.0400000 -19.8840122
0.0410000 5.5901937
0.0420000 6.9361496
0.0430000 -16.9599152
0.0440000 16.7415180
0.0450000 3.9144697
0.0460000 -59.5212135
0.0470000 9.2493582
0.0480000 17.8986206
0.0490000 -1.9363906
0.0500000 38.6606979
0.0510000 16.4198799
0.0520000 -52.2420616
0.0530000 -35.0755959
0.0540000 -48.7938194
0.0550000 22.0904865
0.0560000 -56.5853806
0.0570000 16.5655365
0.0580000 32.5143204
0.0590000 -0.1536666
0.0600000 18.7753010
0.0610000 50.2995529
0.0620000 48.7679138
0.0630000 -0.9550738
0.0640000 19.2307987
0.0650000 -7.5618148
0.0660000 -76.0598679
0.0670000 -22.5473404
0.0680000 50.5713310
0.0690000 28.0829639
0.0700000 -52.9749107
0.0710000 29.4839153
0.0720000 14.9417706
0.0730000 -13.7295446
0.0740000 -27.0839462
0.0750000 35.3483887
0.0760000 -6.4095592
0.0770000 41.9438438
0.0780000 34.1653061
0.0790000 19.3358479
0.0800000 -46.8541603
0.0810000 -0.6831040
0.0820000 6.7269835
0.0830000 12.5090227
0.0840000 12.0034456
0.0850000 66.4682922
0.0860000 -0.4284123
0.0870000 -11.5534821
0.0880000 13.5130119
0.0890000 1.5933764
0.0900000 -26.2697048
0.0910000 28.7452049
0.0920000 24.8617706
0.0930000 4.1551399
0.0940000 -53.7584190
0.0950000 -10.7428570
0.0960000 -9.4711885
0.0970000 8.6398144
0.0980000 28.8119869
0.0990000 -14.9585867
0.1000000 15.2836208
0.1010000 25.9273243
0.1020000 -56.5778885
0.1030000 -6.4654417
0.1040000 -24.3551979
0.1050000 -0.2071739
0.1060000 12.6899738
0.1070000 39.0886803
0.1080000 18.0249119
0.1090000 -22.6454773
0.1100000 -3.0896621
0.1110000 -60.5400887
0.1120000 28.8449631
0.1130000 9.6351051
0.1140000 -54.8460846
0.1150000 7.4357901
0.1160000 -46.5347519
0.1170000 21.8949413
0.1180000 47.6308403
0.1190000 -26.2428589
0.1200000 38.3669777
0.1210000 87.0326080
0.1220000 62.0761909
0.1230000 -21.5730572
0.1240000 0.8975143
0.1250000 16.6593437
0.1260000 -56.9475708
0.1270000 -19.3458004
0.1280000 27.1647758
0.1290000 30.8693733
0.1300000 -2.1159754
0.1310000 -8.8374977
0.1320000 33.7138367
0.1330000 -31.3089523
0.1340000 12.4614811
0.1350000 25.2332649
0.1360000 2.6324310
0.1370000 4.0156999
0.1380000 1.4349152
0.1390000 30.3707409
0.1400000 17.3169060
0.1410000 43.1426735
0.1420000 -4.8428507
0.1430000 6.1337967
0.1440000 -24.0082417
0.1450000 65.6401520
0.1460000 -4.9677730
0.1470000 18.2724037
0.1480000 -14.2163744
0.1490000 18.4224968
0.1500000 -35.7961082
0.1510000 -28.2232342
0.1520000 36.2861061
0.1530000 -33.9623718
0.1540000 -4.4459429
0.1550000 0.2682228
0.1560000 -28.6476765
0.1570000 -89.1182556
0.1580000 -9.7324591
0.1590000 -3.7494385
0.1600000 11.3370342
0.1610000 12.6128225
0.1620000 -14.4825392
0.1630000 32.0979080
0.1640000 13.7344952
0.1650000 71.6179199
0.1660000 -12.7874432
0.1670000 58.4607735
0.1680000 -50.6568642
0.1690000 7.9684744
0.1700000 49.2346878
0.1710000 -26.0536022
0.1720000 40.6630363
0.1730000 -1.9054394
0.1740000 -26.5365620
0.1750000 25.6954880
0.1760000 19.9944515
0.1770000 1.3661828
0.1780000 -25.5620251
0.1790000 17.5776024
0.1800000 -69.8924179
0.1810000 61.8623276
0.1820000 -14.5428505
0.1830000 -19.8121815
0.1840000 11.1934242
0.1850000 -8.0355434
0.1860000 53.5179405
0.1870000 29.1548290
0.1880000 40.5311928
0.1890000 -16.4325581
0.1900000 -40.1439705
0.1910000 -49.4287720
0.1920000 9.7527800
0.1930000 21.9481010
0.1940000 11.6134453
0.1950000 -23.2290592
0.1960000 -9.6436491
0.1970000 -9.6937599
0.1980000 -15.6296101
0.1990000 -5.0808005
0.2000000 -51.9248657
0.2010000 46.3392258
0.2020000 23.8865871
0.2030000 6.5798631
0.2040000 22.2479553
0.2050000 -34.6077919
0.2060000 -37.0488586
0.2070000 -3.6148539
0.2080000 -37.0595436
0.2090000 -5.9326997
0.2100000 4.8892403
0.2110000 96.2603378
0.2120000 16.6769619
0.2130000 -7.5949163
0.2140000 75.0651474
0.2150000 -17.4089375
0.2160000 -14.0727491
0.2170000 -62.3153648
0.2180000 -8.9059229
0.2190000 32.6104355
0.2200000 38.0513458
0.2210000 27.6520596
0.2220000 -1.6915852
0.2230000 4.7259026
0.2240000 40.1474457
0.2250000 -68.4554901
0.2260000 -68.9972000
0.2270000 -29.7465801
0.2280000 -43.2802048
0.2290000 95.7855606
0.2300000 8.8718100
0.2310000 61.1017685
0.2320000 -3.1938584
0.2330000 22.7639599
0.2340000 21.0990868
0.2350000 13.7943010
0.2360000 -55.6151123
0.2370000 2.3515403
0.2380000 70.1393738
0.2390000 -36.6613998
0.2400000 -47.5696220
0.2410000 -17.1272831
0.2420000 -15.1070938
0.2430000 -3.9110963
0.2440000 -14.4518156
0.2450000 25.6134777
0.2460000 70.3893738
0.2470000 -2.1751304
0.2480000 -28.7303314
0.2490000 -37.2312393
0.2500000 2.3650379
0.2510000 -17.3513680
0.2520000 -7.4287491
0.2530000 67.3704453
0.2540000 17.0684071
0.2550000 -8.6864843
0.2560000 -29.6632442
0.2570000 -17.1613865
0.2580000 -23.6453342
0.2590000 -6.4850593
0.2600000 9.2299089
0.2610000 -7.1474471
0.2620000 43.3382797
0.2630000 -26.3989391
0.2640000 8.6146975
0.2650000 -50.0455017
0.2660000 -3.8718257
0.2670000 -27.1461678
0.2680000 1.1319897
0.2690000 19.8719349
0.2700000 12.3788662
0.2710000 -11.5418930
0.2720000 2.3242028
0.2730000 -20.0625820
0.2740000 7.2268229
0.2750000 -0.4934519
0.2760000 12.1960497
0.2770000 10.2531843
0.2780000 -0.7661172
0.2790000 24.4303780
0.2800000 8.2697105
0.2810000 27.9434643
0.2820000 13.3572979
0.2830000 32.3484344
0.2840000 -39.3265228
0.2850000 25.9333324
0.2860000 -76.5551147
0.2870000 24.2128086
0.2880000 1.9333930
0.2890000 54.9678650
0.2900000 -12.6552591
0.2910000 27.5306053
0.2920000 0.9706123
0.2930000 -44.8631935
0.2940000 -53.4269485
0.2950000 37.4616432
0.2960000 -37.7283821
0.2970000 55.8100166
0.2980000 -3.5212035
0.2990000 -39.8883362
0.3000000 -6.7263741
0.3010000 -23.8575478
0.3020000 54.5812645
0.3030000 42.6466675
0.3040000 48.9987068
0.3050000 -3.7707932
0.3060000 -25.5706406
0.3070000 -3.7093265
0.3080000 25.2405109
0.3090000 44.6035194
0.3100000 0.3355669
0.3110000 -33.1686630
0.3120000 42.1163902
0.3130000 -2.6803465
0.3140000 20.6907864
0.3150000 -37.1202660
0.3160000 -23.2482700
0.3170000 -43.7684517
0.3180000 36.6198616
0.3190000 18.6336288
0.3200000 0.9272419
0.3210000 20.2687702
0.3220000 -40.8506699
0.3230000 -46.3702087
0.3240000 -20.9838905
0.3250000 38.7485924
0.3260000 4.1295023
0.3270000 59.1703758
0.3280000 -28.7078419
0.3290000 74.9141235
0.3300000 45.4922447
0.3310000 -36.9571648
0.3320000 -32.7605896
0.3330000 33.8362427
0.3340000 -21.9444447
0.3350000 10.6070042
0.3360000 44.6938896
0.3370000 -21.5612736
0.3380000 -14.0163746
0.3390000 -2.3253732
0.3400000 -35.9651260
0.3410000 -45.0444336
0.3420000 14.7479162
0.3430000 51.7364540
0.3440000 58.6560173
0.3450000 35.8488197
0.3460000 25.6364670
0.3470000 -23.6044331
0.3480000 -30.3739910
0.3490000 20.3446617
0.3500000 -15.6460104
0.3510000 26.9374466
0.3520000 -35.8461418
0.3530000 -71.6501923
0.3540000 9.7611532
0.3550000 -31.4461803
0.3560000 28.2598209
0.3570000 21.8117790
0.3580000 7.4575329
0.3590000 19.2431393
0.3600000 1.0105079
0.3610000 -22.7382755
0.3620000 -5.0102501
0.3630000 -12.4179335
0.3640000 -53.1333885
0.3650000 9.9239960
0.3660000 7.9920559
0.3670000 22.9407253
0.3680000 -25.5060463
0.3690000 -44.8572083
0.3700000 10.4014053
0.3710000 -29.1859112
0.3720000 -23.7437935
0.3730000 -2.2907763
0.3740000 7.3522725
0.3750000 45.4946823
0.3760000 12.2182865
0.3770000 -25.7471409
0.3780000 13.7784414
0.3790000 18.0017834
0.3800000 -2.3195193
0.3810000 -4.5159779
0.3820000 24.7485924
0.3830000 -47.6647110
0.3840000 -7.1126957
0.3850000 -13.8745594
0.3860000 48.2120285
0.3870000 -29.6156883
0.3880000 44.0220680
0.3890000 19.2709198
0.3900000 23.5276508
0.3910000 -14.7531738
0.3920000 20.9414959
0.3930000 -77.7198715
0.3940000 19.7077866
0.3950000 13.6746626
0.3960000 -33.2712593
0.3970000 -2.7396350
0.3980000 51.9643478
0.3990000 -48.4514656
0.4000000 0.8904739
0.4010000 -23.2981052
0.4020000 -32.6187706
0.4030000 22.6529808
0.4040000 -1.0855850
0.4050000 -3.3263147
0.4060000 18.2775784
0.4070000 17.2574139
0.4080000 -15.2489557
0.4090000 -39.4046974
0.4100000 -3.5289686
0.4110000 -77.6591873
0.4120000 -22.5403633
0.4130000 26.0017834
0.4140000 -37.9202156
0.4150000 41.4915733
0.4160000 11.2640686
0.4170000 8.4545860
0.4180000 -47.5795212
0.4190000 26.6473675
0.4200000 -81.0836945
0.4210000 -19.4288559
0.4220000 26.8289738
0.4230000 -10.8982344
0.4240000 -76.9094925
0.4250000 10.8863115
0.4260000 -32.9942665
0.4270000 32.3987579
0.4280000 19.3929005
0.4290000 -27.7170448
0.4300000 24.8247719
0.4310000 13.9457273
0.4320000 -33.5878830
0.4330000 33.9217873
0.4340000 27.8704777
0.4350000 7.8849163
0.4360000 35.1917992
0.4370000 25.3315525
0.4380000 -37.0847816
0.4390000 61.1162186
0.4400000 -51.9384422
0.4410000 -49.3972626
0.4420000 23.8516865
0.4430000 -11.4045067
0.4440000 -27.8595181
0.4450000 -0.2993466
0.4460000 45.3766861
0.4470000 -3.0434217
0.4480000 -7.7849956
0.4490000 -64.3778305
0.4500000 78.8135681
0.4510000 17.0316105
0.4520000 17.9786282
0.4530000 4.2099781
0.4540000 36.2038574
0.4550000 33.6754074
0.4560000 8.8589172
0.4570000 -4.1969109
0.4580000 -4.9517212
0.4590000 22.1361828
0.4600000 -7.3137636
0.4610000 -12.4030247
0.4620000 -5.6685896
0.4630000 17.2898827
0.4640000 31.3718605
0.4650000 53.7122803
0.4660000 3.8998275
0.4670000 -30.2693481
0.4680000 -30.4619579
0.4690000 -36.0053825
0.4700000 -25.3632355
0.4710000 30.6352615
0.4720000 12.4409628
0.4730000 -4.2251911
0.4740000 -37.0877571
0.4750000 -29.5913353
0.4760000 -16.0752106
0.4770000 -21.3710670
0.4780000 -39.2921104
0.4790000 27.9479752
0.4800000 -4.7705121
0.4810000 -83.2476730
0.4820000 -51.1384773
0.4830000 -76.9713516
0.4840000 17.2892685
0.4850000 51.9380875
0.4860000 28.6350136
0.4870000 3.6297793
0.4880000 -20.5764141
0.4890000 38.7000313
0.4900000 23.9780617
0.4910000 -28.7056541
0.4920000 -14.1131506
0.4930000 -62.1270523
0.4940000 -47.4772568
0.4950000 27.7419319
0.4960000 34.2374458
0.4970000 -5.8030672
0.4980000 10.3844109
0.4990000 59.9987144
0.5000000 20.8696556
0.5010000 -24.8311501
0.5020000 -0.7246687
0.5030000 -21.7925892
0.5040000 -4.5122824
0.5050000 30.6807575
0.5060000 36.9997635
0.5070000 -1.1432809
0.5080000 -18.3041744
0.5090000 -23.3291092
0.5100000 -10.3119268
0.5110000 27.6094971
0.5120000 -50.8641548
0.5130000 -16.5648441
0.5140000 -21.9743252
0.5150000 29.5467148
0.5160000 77.7704926
0.5170000 -29.7040157
0.5180000 28.8045673
0.5190000 -29.0024319
0.5200000 66.5742264
0.5210000 30.3632870
0.5220000 16.8376389
0.5230000 -33.6314049
0.5240000 20.8491745
0.5250000 59.4643326
0.5260000 2.0255008
0.5270000 22.7381363
0.5280000 -23.7321663
0.5290000 -61.4091721
0.5300000 -18.3448715
0.5310000 -13.0436049
0.5320000 4.3406420
0.5330000 25.2409763
0.5340000 13.3072462
0.5350000 25.8371105
0.5360000 -38.5472107
0.5370000 31.0697155
0.5380000 27.4865875
0.5390000 -1.2427353
0.5400000 -17.8360348
0.5410000 -17.3154564
0.5420000 -22.7328510
0.5430000 20.1749344
0.5440000 91.2699738
0.5450000 34.1107216
0.5460000 56.4437332
0.5470000 7.5612712
0.5480000 -15.9386616
0.5490000 2.2704482
0.5500000 -6.1452646
0.5510000 27.9178658
0.5520000 35.9651222
0.5530000 -33.5920639
0.5540000 -4.4025984
0.5550000 12.7319298
0.5560000 15.3336306
0.5570000 0.4988745
0.5580000 -52.1434250
0.5590000 -69.0155640
0.5600000 -58.2011414
0.5610000 45.7727547
0.5620000 -46.8486481
0.5630000 47.6656799
0.5640000 30.2119865
0.5650000 -45.4848022
0.5660000 -80.2699432
0.5670000 -19.5328121
0.5680000 -33.5275764
0.5690000 -31.9006500
0.5700000 7.9885645
0.5710000 -36.6503334
0.5720000 1.0628548
0.5730000 -16.8175602
0.5740000 -14.1460104
0.5750000 -50.9713898
0.5760000 -26.9401817
0.5770000 -1.4919084
0.5780000 -69.5765839
0.5790000 25.1024857
0.5800000 93.5046310
0.5810000 1.7510365
0.5820000 -86.8206940
0.5830000 11.8185034
0.5840000 26.9947319
0.5850000 -29.7184200
0.5860000 -0.3285769
0.5870000 -0.4257229
0.5880000 -18.2187653
0.5890000 -35.0976982
0.5900000 -19.4280148
0.5910000 45.8990173
0.5920000 9.5908890
0.5930000 -9.0605793
0.5940000 -39.0341187
0.5950000 29.4786091
0.5960000 7.5003729
0.5970000 -18.6850033
0.5980000 -9.4848747
0.5990000 8.7209940
0.6000000 20.9434528
0.6010000 19.1661587
0.6020000 -18.2917023
0.6030000 -39.4619637
0.6040000 40.7997971
0.6050000 0.5513593
0.6060000 8.2925711
0.6070000 -26.1129055
0.6080000 -18.1507568
0.6090000 -33.9444466
0.6100000 -2.6177325
0.6110000 35.4845085
0.6120000 27.0153599
0.6130000 -46.1833000
0.6140000 -14.6152525
0.6150000 31.5002460
0.6160000 17.3546638
0.6170000 48.4541626
0.6180000 16.3297939
0.6190000 30.0043144
0.6200000 15.5209236
0.6210000 -22.8967972
0.6220000 49.6732292
0.6230000 -11.3951702
0.6240000 28.3398380
0.6250000 41.9822121
0.6260000 -25.7730179
0.6270000 14.6541252
0.6280000 -28.0899734
0.6290000 12.4314575
0.6300000 -43.7059631
0.6310000 6.3228774
0.6320000 -22.4039135
0.6330000 33.9393272
0.6340000 52.1371040
0.6350000 90.8800278
0.6360000 61.6980133
0.6370000 -8.8512974
0.6380000 -36.7609406
0.6390000 9.7385340
0.6400000 24.2154045
0.6410000 -0.2295671
0.6420000 -18.1656055
0.6430000 -89.2734375
0.6440000 36.0800018
0.6450000 0.5479103
0.6460000 -50.2369804
0.6470000 28.3087406
0.6480000 35.3871651
0.6490000 -9.6085024
0.6500000 58.3917656
0.6510000 -17.9015179
0.6520000 -25.0728664
0.6530000 38.4108047
0.6540000 -3.1484761
0.6550000 20.4352608
0.6560000 -0.0678469
0.6570000 78.6910095
0.6580000 -30.2134094
0.6590000 16.8688297
0.6600000 40.8277893
0.6610000 -88.7067719
0.6620000 -9.6525230
0.6630000 45.1489296
0.6640000 -2.6125352
0.6650000 43.3383064
0.6660000 39.0731850
0.6670000 66.9582748
0.6680000 5.1705360
0.6690000 -3.9988763
0.6700000 -40.3342209
0.6710000 33.7893753
0.6720000 -96.4891586
0.6730000 23.4486847
0.6740000 -12.1902609
0.6750000 25.1490726
0.6760000 -11.4929914
0.6770000 -2.4383659
0.6780000 7.4504929
0.6790000 27.9211292
0.6800000 24.1961861
0.6810000 -31.0169258
0.6820000 43.2100410
0.6830000 -3.0814972
0.6840000 40.3986473
0.6850000 7.3853955
0.6860000 6.9710064
0.6870000 59.4870720
0.6880000 10.1331797
0.6890000 -77.6446304
0.6900000 -5.1462350
0.6910000 -2.3380382
0.6920000 -18.1097336
0.6930000 44.7237587
0.6940000 -48.8272820
0.6950000 -3.1725891
0.6960000 10.3456469
0.6970000 -20.2011757
0.6980000 -32.3527374
0.6990000 -1.2954981
0.7000000 -16.6003017
0.7010000 -24.0843735
0.7020000 1.2785605
0.7030000 20.9353867
0.7040000 -43.5741005
0.7050000 -16.5323658
0.7060000 -50.3786583
0.7070000 -20.0726204
0.7080000 17.7268696
0.7090000 30.9835548
0.7100000 17.1860809
0.7110000 40.0133286
0.7120000 -79.2307892
0.7130000 -28.3742352
0.7140000 -86.7355881
0.7150000 -3.1626651
0.7160000 -79.3308182
0.7170000 -28.8570709
0.7180000 -56.8522682
0.7190000 1.6800660
0.7200000 -22.0765400
0.7210000 -55.1644402
0.7220000 61.7716675
0.7230000 -52.1831932
0.7240000 7.2461782
0.7250000 41.1887283
0.7260000 -8.5698643
0.7270000 23.4906025
0.7280000 -2.3361957
0.7290000 29.1774044
0.7300000 -46.4587326
0.7310000 30.2338238
0.7320000 -6.9971685
0.7330000 34.2273560
0.7340000 -3.2642736
0.7350000 24.8470554
0.7360000 -11.1585741
0.7370000 -26.2255611
0.7380000 9.9963684
0.7390000 33.0069237
0.7400000 2.8017926
0.7410000 -26.0438461
0.7420000 14.1113758
0.7430000 41.0274811
0.7440000 59.6988182
0.7450000 40.4230995
0.7460000 -26.2971344
0.7470000 50.2463684
0.7480000 -30.0678902
0.7490000 15.9019175
0.7500000 -2.2370801
0.7510000 -11.3848238
0.7520000 24.8798084
0.7530000 41.6102142
0.7540000 -81.0950241
0.7550000 -34.9555779
0.7560000 -0.4913353
0.7570000 -36.4259224
0.7580000 -2.0445995
0.7590000 13.0428343
0.7600000 -35.0473709
0.7610000 0.9401500
0.7620000 35.9120369
0.7630000 -52.0087891
0.7640000 -17.7668571
0.7650000 -16.4457684
0.7660000 -27.5907192
0.7670000 -14.8453817
0.7680000 37.5503082
0.7690000 -1.9289151
0.7700000 -103.6194839
0.7710000 30.3576546
0.7720000 -31.4451714
0.7730000 39.7588120
0.7740000 0.5571384
0.7750000 -9.6335001
0.7760000 -30.1803799
0.7770000 -20.6389084
0.7780000 17.9480247
0.7790000 -15.4549923
0.7800000 -57.1887856
0.7810000 42.3797226
0.7820000 -25.6548004
0.7830000 -11.5922775
0.7840000 55.8186417
0.7850000 -25.3748779
0.7860000 -22.5234222
0.7870000 -10.9962120
0.7880000 -12.5349369
0.7890000 34.6467247
0.7900000 -38.7031403
0.7910000 1.5356492
0.7920000 -5.3201690
0.7930000 66.3986740
0.7940000 21.1424103
0.7950000 20.8566570
0.7960000 6.3150091
0.7970000 -2.0022516
0.7980000 -25.8515129
0.7990000 18.8787746
0.8000000 68.7264481
0.8010000 -51.6821671
0.8020000 1.3838595
0.8030000 -14.9328136
0.8040000 -10.5120459
0.8050000 21.9283295
0.8060000 25.0463600
0.8070000 20.6444092
0.8080000 8.3143473
0.8090000 27.7413826
0.8100000 56.2896652
0.8110000 27.7289600
0.8120000 3.5722737
0.8130000 8.3438931
0.8140000 -29.4778442
0.8150000 31.7535152
0.8160000 -26.7947674
0.8170000 -42.7802391
0.8180000 1.5371224
0.8190000 -24.5416279
0.8200000 -2.2453799
0.8210000 -17.9351540
0.8220000 -60.7468262
0.8230000 -5.4245338
0.8240000 -0.1463249
0.8250000 14.0421515
0.8260000 -17.6957092
0.8270000 -26.4475822
0.8280000 -38.8756294
0.8290000 46.9979782
0.8300000 -23.1046429
0.8310000 -32.6887741
0.8320000 -44.5350418
0.8330000 26.9664497
0.8340000 29.4381809
0.8350000 13.5733471
0.8360000 12.7250919
0.8370000 33.9765167
0.8380000 12.2028828
0.8390000 -32.8048210
0.8400000 -30.3184471
0.8410000 -3.5938380
0.8420000 -9.4793758
0.8430000 -27.3468018
0.8440000 -75.6346054
0.8450000 -17.8173370
0.8460000 -44.7296791
0.8470000 -6.7039914
0.8480000 10.9494572
0.8490000 66.7696075
0.8500000 -5.5719161
0.8510000 24.3499107
0.8520000 -45.6901779
0.8530000 -6.6830149
0.8540000 5.3158813
0.8550000 -9.9562626
0.8560000 -47.7362213
0.8570000 -73.0606155
0.8580000 -13.7362099
0.8590000 11.6452208
0.8600000 -68.9351501
0.8610000 16.6818333
0.8620000 -5.2912841
0.8630000 7.1983972
0.8640000 -2.6312337
0.8650000 48.7072220
0.8660000 11.0162535
0.8670000 56.0308037
0.8680000 -54.9972572
0.8690000 46.5693321
0.8700000 26.2122326
0.8710000 26.1579056
0.8720000 -52.1791763
0.8730000 -24.6029701
0.8740000 23.9765949
0.8750000 -20.2951908
0.8760000 32.3850937
0.8770000 49.9406738
0.8780000 -122.0580978
0.8790000 34.7535477
0.8800000 36.1947937
0.8810000 0.5242260
0.8820000 -37.2528763
0.8830000 -61.5007820
0.8840000 -41.3699188
0.8850000 33.4296913
0.8860000 5.0320573
0.8870000 -3.4713614
0.8880000 12.2345762
0.8890000 39.8226852
0.8900000 -55.1638222
0.8910000 -95.7644119
0.8920000 -45.8250885
0.8930000 -11.9855490
0.8940000 4.8875575
0.8950000 65.6499100
0.8960000 -55.5195656
0.8970000 -46.4603157
0.8980000 36.9406700
0.8990000 -32.8224030
0.9000000 -58.4569473
0.9010000 -24.8365517
0.9020000 1.3894466
0.9030000 -0.7911823
0.9040000 3.7090547
0.9050000 10.6286936
0.9060000 -57.4310760
0.9070000 -54.3063507
0.9080000 -61.7504501
0.9090000 45.8623734
0.9100000 88.6258163
0.9110000 -7.5322523
0.9120000 50.2269783
0.9130000 -40.6892891
0.9140000 -52.4960670
0.9150000 38.5198135
0.9160000 -23.9159508
0.9170000 12.2029057
0.9180000 -26.4293499
0.9190000 11.1727085
0.9200000 -26.1627159
0.9210000 79.5276413
0.9220000 -45.3512154
0.9230000 -12.0590115
0.9240000 -22.5464134
0.9250000 13.6521225
0.9260000 -12.0012779
0.9270000 43.7006187
0.9280000 40.5944405
0.9290000 -68.6049042
0.9300000 -20.7128258
0.9310000 -67.7437210
0.9320000 -48.3899651
0.9330000 16.5480347
0.9340000 -20.1053658
0.9350000 4.1961069
0.9360000 -62.6593437
0.9370000 38.3041916
0.9380000 -44.1327171
0.9390000 -52.1729088
0.9400000 -3.7530019
0.9410000 13.9264936
0.9420000 22.0906391
0.9430000 -39.8748550
0.9440000 35.6197701
0.9450000 20.1938972
0.9460000 -48.3545380
0.9470000 -44.8454742
0.9480000 7.0567722
0.9490000 4.4403262
0.9500000 24.5866051
0.9510000 -4.0453367
0.9520000 -49.2605705
0.9530000 70.0455627
0.9540000 8.1098118
0.9550000 -35.7674675
0.9560000 -13.4663391
0.9570000 -14.5141802
0.9580000 7.3337388
0.9590000 4.0586143
0.9600000 39.1430855
0.9610000 -63.0155106
0.9620000 46.8295746
0.9630000 26.5944958
0.9640000 -3.9424436
0.9650000 23.6793518
0.9660000 13.9408875
0.9670000 -16.3985310
0.9680000 -57.1472397
0.9690000 -39.5908890
0.9700000 -3.2630932
0.9710000 11.8353853
0.9720000 -53.8332977
0.9730000 -3.3500092
0.9740000 32.8858490
0.9750000 -13.2778339
0.9760000 0.7627742
0.9770000 -63.0990715
0.9780000 -14.7582884
0.9790000 -9.2253752
0.9800000 -24.6982670
0.9810000 47.9859047
0.9820000 57.6091957
0.9830000 17.9494114
0.9840000 58.8603783
0.9850000 -39.1748085
0.9860000 -67.6281815
0.9870000 2.2181575
0.9880000 53.9536629
0.9890000 10.6510410
0.9900000 25.7194595
0.9910000 -0.1744957
0.9920000 -4.0273600
0.9930000 -6.0545793
0.9940000 85.2361221
0.9950000 23.3712597
0.9960000 6.7624574
0.9970000 22.1976089
0.9980000 -11.4224882
0.9990000 22.3969116
