0.0000000 17.4244576
0.0010000 30.1021767
0.0020000 2.3410296
0.0030000 30.1872520
0.0040000 -7.7517123
0.0050000 58.7795334
0.0060000 -104.7569275
0.0070000 48.6969757
0.0080000 -7.0930700
0.0090000 6.8749886
0.0100000 42.0058975
0.0110000 -49.2281876
0.0120000 -23.6546688
0.0130000 -19.2539482
0.0140000 -24.4911995
0.0150000 28.7181873
0.0160000 -26.9551601
0.0170000 -18.6298199
0.0180000 11.2820101
0.0190000 6.2335997
0.0200000 67.6353912
0.0210000 -21.2789040
0.0220000 -32.9210548
0.0230000 -35.9271584
0.0240000 41.0227432
0.0250000 -44.5681801
0.0260000 -31.5527611
0.0270000 13.0793896
0.0280000 87.9856567
0.0290000 5.7911992
0.0300000 -84.7822647
0.0310000 2.7864318
0.0320000 82.5652084
0.0330000 70.2501450
0.0340000 -27.2185097
0.0350000 -49.5097313
0.0360000 -0.3341244
0.0370000 -22.9535580
0.0380000 36.0472107
0.0390000 14.3729086
0.0400000 -16.9209785
0.0410000 13.0987768
0.0420000 -37.0346375
0.0430000 -34.7407455
0.0440000 -9.5860310
0.0450000 36.6709404
0.0460000 54.0340576
0.0470000 14.1428108
0.0480000 14.5639191
0.0490000 2.5766530
0.0500000 -24.8440342
0.0510000 -25.9253330
0.0520000 -41.8764877
0.0530000 57.4290504
0.0540000 -1.1567307
0.0550000 17.6986370
0.0560000 -22.9099483
0.0570000 5.6770234
0.0580000 -30.6476898
0.0590000 -0.5272161
0.0600000 -32.1473846
0.0610000 75.0431290
0.0620000 -29.6896152
0.0630000 -31.7684650
0.0640000 25.5414581
0.0650000 -77.6427994
0.0660000 7.7430263
0.0670000 -28.4643745
0.0680000 -32.9517441
0.0690000 -22.7726192
0.0700000 26.5327206
0.0710000 15.2136431
0.0720000 25.9550381
0.0730000 -21.8768158
0.0740000 36.5042152
0.0750000 -9.1475763
0.0760000 -1.3742466
0.0770000 38.5886841
0.0780000 -22.3482857
0.0790000 -47.2529526
0.0800000 -40.0056076
0.0810000 10.2515154
0.0820000 72.7407150
0.0830000 -4.4608593
0.0840000 -11.5625668
0.0850000 13.0185137
0.0860000 -48.5563316
0.0870000 14.3433733
0.0880000 45.3369751
0.0890000 -58.1394691
0.0900000 -70.3636856
0.0910000 -2.5695252
0.0920000 21.9491253
0.0930000 -9.2214756
0.0940000 10.0821657
0.0950000 25.8288441
0.0960000 67.6106491
0.0970000 10.6042500
0.0980000 -34.1991959
0.0990000 -68.3747406
0.1000000 -24.2826519
0.1010000 17.0803471
0.1020000 -6.7638345
0.1030000 -19.1651344
0.1040000 -44.5739899
0.1050000 37.8369789
0.1060000 3.5283725
0.1070000 10.1017923
0.1080000 20.5675831
0.1090000 -10.2809172
0.1100000 35.9759483
0.1110000 -12.7853384
0.1120000 -9.5519390
0.1130000 -87.1665268
0.1140000 -14.7229967
0.1150000 -39.6612244
0.1160000 29.1735439
0.1170000 -2.7347815
0.1180000 -49.0226326
0.1190000 4.0866818
0.1200000 -22.7248039
0.1210000 8.0637054
0.1220000 -36.5798988
0.1230000 -5.3106837
0.1240000 -10.7947063
0.1250000 -46.6458397
0.1260000 0.1718708
0.1270000 6.9183698
0.1280000 -14.5499420
0.1290000 -33.1082878
0.1300000 53.6371231
0.1310000 37.4647331
0.1320000 6.4175181
0.1330000 16.7525768
0.1340000 -41.2386818
0.1350000 -24.2485504
0.1360000 -79.8162003
0.1370000 18.9069118
0.1380000 15.3537712
0.1390000 20.0049839
0.1400000 23.8814526
0.1410000 -30.5169601
0.1420000 -23.5265522
0.1430000 -33.7206345
0.1440000 -64.0761108
0.1450000 3.0804927
0.1460000 -7.1324177
0.1470000 -43.2941780
0.1480000 -8.2151423
0.1490000 -19.4092560
0.1500000 81.5083923
0.1510000 -6.4470916
0.1520000 35.7248878
0.1530000 -9.4621916
0.1540000 -16.3242722
0.1550000 28.0474358
0.1560000 2.9587696
0.1570000 35.1193924
0.1580000 -26.4500599
0.1590000 44.6948700
0.1600000 7.3040471
0.1610000 22.2284012
0.1620000 8.7343731
0.1630000 8.2770138
0.1640000 -46.0768890
0.1650000 -31.6467209
0.1660000 17.3706264
0.1670000 13.5477209
0.1680000 -13.9485502
0.1690000 2.7064459
0.1700000 -9.7185221
0.1710000 35.7566986
0.1720000 -15.7602196
0.1730000 -8.2127104
0.1740000 15.6796799
0.1750000 5.4606128
0.1760000 -54.6792755
0.1770000 -3.4136450
0.1780000 -22.6612110
0.1790000 7.5497952
0.1800000 -45.6844521
0.1810000 15.1407127
0.1820000 13.4813194
0.1830000 -1.0402719
0.1840000 74.8254089
0.1850000 -42.7230530
0.1860000 21.9079018
0.1870000 -17.9281082
0.1880000 19.3179493
0.1890000 27.0057774
0.1900000 24.5668755
0.1910000 79.2871933
0.1920000 20.9949436
0.1930000 -14.9088669
0.1940000 69.5567398
0.1950000 -11.3954067
0.1960000 -50.3438797
0.1970000 41.1723061
0.1980000 12.7806110
0.1990000 28.7934971
0.2000000 57.6861382
0.2010000 1.4966428
0.2020000 15.4978485
0.2030000 17.0267506
0.2040000 -9.0841236
0.2050000 76.4073410
0.2060000 -23.6607914
0.2070000 -23.6212463
0.2080000 -84.6591492
0.2090000 -33.9492912
0.2100000 -18.7280331
0.2110000 -23.5174484
0.2120000 28.2362251
0.2130000 1.1386546
0.2140000 -31.3636112
0.2150000 -0.1173933
0.2160000 -4.3505836
0.2170000 11.7960119
0.2180000 30.3684731
0.2190000 -31.1879025
0.2200000 -35.5610085
0.2210000 -14.2871017
0.2220000 -47.3027267
0.2230000 -55.0530853
0.2240000 10.4613638
0.2250000 -27.7721176
0.2260000 -30.5226345
0.2270000 43.2703056
0.2280000 -13.0498838
0.2290000 11.3267698
0.2300000 1.1096071
0.2310000 -26.5979328
0.2320000 34.3620758
0.2330000 -3.4175246
0.2340000 -8.3483696
0.2350000 -5.0285535
0.2360000 65.8326263
0.2370000 36.2317696
0.2380000 -73.9475327
0.2390000 -18.3948669
0.2400000 8.4759254
0.2410000 11.9107542
0.2420000 28.3113098
0.2430000 -33.6465187
0.2440000 -40.2613297
0.2450000 28.7185974
0.2460000 -51.7865524
0.2470000 -51.0054092
0.2480000 -14.7559996
0.2490000 -40.6004639
0.2500000 41.0205078
0.2510000 3.2040815
0.2520000 -72.8478622
0.2530000 -70.0490875
0.2540000 -38.3155022
0.2550000 42.3255424
0.2560000 14.2656355
0.2570000 35.9694939
0.2580000 -13.1173525
0.2590000 0.0454887
0.2600000 -7.2902088
0.2610000 45.4752388
0.2620000 24.3683319
0.2630000 -22.0257683
0.2640000 -43.8138123
0.2650000 -81.5592880
0.2660000 40.5235023
0.2670000 -0.9638434
0.2680000 -24.0629082
0.2690000 58.1702766
0.2700000 48.8737793
0.2710000 -9.7675867
0.2720000 1.1372325
0.2730000 -66.9589691
0.2740000 -27.1868763
0.2750000 13.6137609
0.2760000 49.7665215
0.2770000 72.0454483
0.2780000 32.2632790
0.2790000 25.3619709
0.2800000 37.6113815
0.2810000 -33.1869202
0.2820000 -41.5224991
0.2830000 21.9462929
0.2840000 -53.0727463
0.2850000 12.4731789
0.2860000 12.0277653
0.2870000 -62.4813690
0.2880000 -4.2241650
0.2890000 -37.5220451
0.2900000 -54.0543671
0.2910000 -9.0264988
0.2920000 13.5668297
0.2930000 -23.0409851
0.2940000 2.5544536
0.2950000 37.2184258
0.2960000 12.9684248
0.2970000 0.4932006
0.2980000 -10.7752647
0.2990000 19.2349300
0.3000000 -23.4831104
0.3010000 -20.1164303
0.3020000 -64.7056122
0.3030000 -21.6852856
0.3040000 -30.5953693
0.3050000 5.7036319
0.3060000 -0.3480268
0.3070000 -28.0597038
0.3080000 -31.6632080
0.3090000 -89.8570709
0.3100000 18.9297104
0.3110000 -66.0118713
0.3120000 21.3968163
0.3130000 12.2520170
0.3140000 -16.5929604
0.3150000 32.7698135
0.3160000 42.1384964
0.3170000 -5.2403641
0.3180000 43.0794601
0.3190000 -39.6138649
0.3200000 30.7555370
0.3210000 23.8429470
0.3220000 -33.3130989
0.3230000 -15.2929716
0.3240000 -0.6663051
0.3250000 -29.5256577
0.3260000 -28.6836300
0.3270000 9.3405981
0.3280000 45.8960152
0.3290000 20.0382919
0.3300000 -1.3147531
0.3310000 8.1380091
0.3320000 -26.5632496
0.3330000 44.4624100
0.3340000 33.5660782
0.3350000 -32.9733009
0.3360000 -16.0605488
0.3370000 0.7722164
0.3380000 -23.6426029
0.3390000 77.1859436
0.3400000 4.3070836
0.3410000 -74.9205627
0.3420000 -73.9967194
0.3430000 -61.7882080
0.3440000 9.9656515
0.3450000 -66.3691635
0.3460000 11.0679884
0.3470000 10.7350521
0.3480000 -49.9606628
0.3490000 24.4894581
0.3500000 23.2295990
0.3510000 -54.1620369
0.3520000 34.7999878
0.3530000 70.8060455
0.3540000 10.6729145
0.3550000 -11.7281370
0.3560000 -23.7586155
0.3570000 16.3987274
0.3580000 -29.7447128
0.3590000 -9.6515779
0.3600000 54.2188301
0.3610000 -38.2674866
0.3620000 40.6587296
0.3630000 -32.3250389
0.3640000 9.1191502
0.3650000 -15.3610239
0.3660000 0.5850682
0.3670000 -29.3287525
0.3680000 26.9113140
0.3690000 -59.5767746
0.3700000 -22.9315681
0.3710000 25.5488930
0.3720000 -32.8655586
0.3730000 -15.7004890
0.3740000 -7.4406290
0.3750000 39.6609497
0.3760000 0.1716585
0.3770000 35.1590157
0.3780000 -8.8897429
0.3790000 41.7749367
0.3800000 -18.9938641
0.3810000 16.8667278
0.3820000 -24.3107700
0.3830000 6.6833701
0.3840000 52.7600021
0.3850000 9.1870270
0.3860000 -6.4134865
0.3870000 -3.6240771
0.3880000 -12.4058599
0.3890000 -39.0306664
0.3900000 32.3156815
0.3910000 -51.7925720
0.3920000 -4.2655315
0.3930000 -20.3176975
0.3940000 62.9034538
0.3950000 50.8320999
0.3960000 -38.1795425
0.3970000 -10.5840502
0.3980000 -6.2096467
0.3990000 -40.5122414
0.4000000 59.0995064
0.4010000 -34.9094620
0.4020000 -17.0234432
0.4030000 -68.6376419
0.4040000 26.0125065
0.4050000 -37.7373619
0.4060000 -33.4442520
0.4070000 42.8400726
0.4080000 -25.9065723
0.4090000 -10.4198465
0.4100000 -68.8169861
0.4110000 -62.1905289
0.4120000 -18.4803505
0.4130000 -24.9749527
0.4140000 -25.7419548
0.4150000 -28.5808754
0.4160000 18.0681458
0.4170000 44.8119164
0.4180000 0.3512227
0.4190000 -7.2985544
0.4200000 16.5988197
0.4210000 -10.0248938
0.4220000 -17.4705811
0.4230000 47.2295036
0.4240000 24.0417519
0.4250000 -1.6453372
0.4260000 -38.4310837
0.4270000 9.5120192
0.4280000 2.5334594
0.4290000 -39.4459190
0.4300000 -38.8118401
0.4310000 19.6426907
0.4320000 -80.2215729
0.4330000 22.9584446
0.4340000 -13.8361073
0.4350000 44.3699036
0.4360000 -36.2925453
0.4370000 -32.8479042
0.4380000 -2.8463438
0.4390000 49.1804161
0.4400000 -15.3830624
0.4410000 -52.5634918
0.4420000 26.4452515
0.4430000 -5.0540175
0.4440000 -48.1572952
0.4450000 9.7351456
0.4460000 -25.3841419
0.4470000 1.6933801
0.4480000 30.1450977
0.4490000 60.4516640
0.4500000 -5.7010717
0.4510000 -45.0308609
0.4520000 -51.4069710
0.4530000 -41.3336220
0.4540000 15.3118401
0.4550000 25.7870045
0.4560000 -86.0637054
0.4570000 10.9448404
0.4580000 -11.3713970
0.4590000 6.5124478
0.4600000 54.8125267
0.4610000 41.0693245
0.4620000 65.5975494
0.4630000 2.9797859
0.4640000 24.9188385
0.4650000 22.5440731
0.4660000 26.1060696
0.4670000 -51.5613747
0.4680000 -67.5161362
0.4690000 5.8747945
0.4700000 -37.4168243
0.4710000 9.8368959
0.4720000 47.3114357
0.4730000 -76.7418671
0.4740000 12.3002281
0.4750000 27.2785397
0.4760000 48.7080231
0.4770000 22.8894596
0.4780000 34.0766106
0.4790000 51.0588455
0.4800000 45.3503304
0.4810000 -20.6060524
0.4820000 -54.2134018
0.4830000 24.0613823
0.4840000 -30.2918167
0.4850000 62.7124901
0.4860000 68.0753479
0.4870000 45.3099937
0.4880000 4.2325282
0.4890000 -18.5597343
0.4900000 42.9780006
0.4910000 61.3824310
0.4920000 17.7030773
0.4930000 -4.2521482
0.4940000 63.2049294
0.4950000 -15.3408575
0.4960000 -8.0580959
0.4970000 7.2612882
0.4980000 8.5190382
0.4990000 7.9162698
0.5000000 -22.7366447
0.5010000 39.1129875
0.5020000 36.1347198
0.5030000 -23.7338924
0.5040000 -35.6700439
0.5050000 -7.1810279
0.5060000 -46.9810944
0.5070000 -6.7317247
0.5080000 22.5498028
0.5090000 -11.8803034
0.5100000 19.5971680
0.5110000 -23.8888454
0.5120000 87.1142731
0.5130000 -52.8628807
0.5140000 -5.5514221
0.5150000 1.3149453
0.5160000 -44.5070381
0.5170000 23.1924152
0.5180000 2.2555666
0.5190000 26.4630890
0.5200000 -25.9240856
0.5210000 -48.8403587
0.5220000 -40.7472763
0.5230000 -14.0857458
0.5240000 -2.0910509
0.5250000 4.2034717
0.5260000 21.6571598
0.5270000 -36.7164803
0.5280000 1.1932714
0.5290000 -8.7386990
0.5300000 0.0694499
0.5310000 0.4612297
0.5320000 46.7916603
0.5330000 41.4017067
0.5340000 -23.2869663
0.5350000 16.1645050
0.5360000 14.7796555
0.5370000 27.9233456
0.5380000 -96.5807877
0.5390000 -14.4487934
0.5400000 31.1891708
0.5410000 -6.9493885
0.5420000 -22.4842892
0.5430000 -31.7789974
0.5440000 -40.5331268
0.5450000 -28.7689838
0.5460000 -69.2393112
0.5470000 -0.5752028
0.5480000 17.6889362
0.5490000 -35.7336960
0.5500000 -45.2584000
0.5510000 24.7454491
0.5520000 39.0308151
0.5530000 23.8589458
0.5540000 35.5926933
0.5550000 33.6662407
0.5560000 38.4339714
0.5570000 21.0736427
0.5580000 41.0170631
0.5590000 15.7055368
0.5600000 -53.4342766
0.5610000 -11.3770504
0.5620000 -8.5871658
0.5630000 30.0061302
0.5640000 57.9226379
0.5650000 -22.1546459
0.5660000 47.2618713
0.5670000 12.8670387
0.5680000 -12.7118206
0.5690000 -22.2608166
0.5700000 35.8629379
0.5710000 52.7516251
0.5720000 -22.4426079
0.5730000 10.2363558
0.5740000 -39.7024307
0.5750000 13.1567116
0.5760000 4.1095901
0.5770000 -0.9552081
0.5780000 24.2280712
0.5790000 -8.1210241
0.5800000 -9.7747440
0.5810000 16.5480824
0.5820000 -24.1370888
0.5830000 17.3842888
0.5840000 -18.5622845
0.5850000 18.7385788
0.5860000 32.8100281
0.5870000 -45.6751404
0.5880000 52.3019218
0.5890000 4.5015640
0.5900000 68.3043823
0.5910000 -18.7042732
0.5920000 35.7692986
0.5930000 -6.7549949
0.5940000 -18.8873787
0.5950000 42.7890015
0.5960000 -2.1117480
0.5970000 -36.4641876
0.5980000 5.3825760
0.5990000 32.4618378
0.6000000 -8.4449787
0.6010000 -30.4954472
0.6020000 -2.7391145
0.6030000 20.1353683
0.6040000 30.5047894
0.6050000 48.3714027
0.6060000 -49.1275024
0.6070000 9.4494677
0.6080000 -1.0788913
0.6090000 -24.4555836
0.6100000 -11.0329199
0.6110000 -38.3736000
0.6120000 -4.3219953
0.6130000 -5.3031926
0.6140000 -10.9717941
0.6150000 41.9692307
0.6160000 13.1575956
0.6170000 55.1991463
0.6180000 -0.9814025
0.6190000 -23.1957207
0.6200000 24.3296413
0.6210000 18.3917351
0.6220000 -5.2872977
0.6230000 12.0389490
0.6240000 83.3126602
0.6250000 38.8269577
0.6260000 -25.3023014
0.6270000 -67.0750351
0.6280000 11.2044249
0.6290000 14.7180824
0.6300000 67.5180435
0.6310000 -15.6972685
0.6320000 -34.8798409
0.6330000 -40.4880829
0.6340000 53.5769234
0.6350000 29.1335182
0.6360000 -50.1503067
0.6370000 -3.7552049
0.6380000 59.2224159
0.6390000 0.4344950
0.6400000 -7.5827317
0.6410000 2.3075957
0.6420000 29.4421349
0.6430000 3.4883103
0.6440000 21.2583466
0.6450000 -52.9924698
0.6460000 -55.5686760
0.6470000 18.8723812
0.6480000 15.1328497
0.6490000 -24.6438122
0.6500000 -58.9094467
0.6510000 -18.6739826
0.6520000 -32.8608055
0.6530000 -2.1103396
0.6540000 -7.4514546
0.6550000 -22.6465244
0.6560000 -33.6863518
0.6570000 6.0080404
0.6580000 -5.4099684
0.6590000 27.2002506
0.6600000 -31.4163589
0.6610000 45.5447388
0.6620000 50.0603752
0.6630000 -67.0782852
0.6640000 -49.1554031
0.6650000 52.0674133
0.6660000 -26.8122482
0.6670000 -31.8255939
0.6680000 34.5091248
0.6690000 16.1356983
0.6700000 -27.8452702
0.6710000 37.0378723
0.6720000 16.5806274
0.6730000 25.0519657
0.6740000 26.7997494
0.6750000 8.4315958
0.6760000 -22.6458092
0.6770000 -73.2810593
0.6780000 -16.1684322
0.6790000 -47.8608093
0.6800000 41.8263741
0.6810000 -10.9440994
0.6820000 8.3799648
0.6830000 -33.1854210
0.6840000 -23.6690731
0.6850000 27.1070499
0.6860000 46.7715912
0.6870000 -14.6634674
0.6880000 56.7750969
0.6890000 32.7454605
0.6900000 16.0537434
0.6910000 -6.5166221
0.6920000 -8.9777861
0.6930000 1.8977544
0.6940000 123.0004349
0.6950000 -31.7189693
0.6960000 8.4363670
0.6970000 -16.1753426
0.6980000 -31.3399410
0.6990000 -22.0624332
0.7000000 9.4101009
0.7010000 63.8434258
0.7020000 -82.0424652
0.7030000 -32.2850800
0.7040000 38.7174568
0.7050000 38.9618759
0.7060000 -43.8036003
0.7070000 -9.1453972
0.7080000 76.3108902
0.7090000 -73.7670441
0.7100000 58.7363777
0.7110000 20.5599575
0.7120000 28.4015961
0.7130000 0.3592873
0.7140000 -26.5870132
0.7150000 11.1809664
0.7160000 -20.4202633
0.7170000 4.7446079
0.7180000 -84.1738968
0.7190000 -53.8946381
0.7200000 -25.4585609
0.7210000 -37.8177872
0.7220000 -15.9106665
0.7230000 -22.3191776
0.7240000 36.7128258
0.7250000 43.8740540
0.7260000 91.4024734
0.7270000 6.4771442
0.7280000 -67.0470276
0.7290000 -27.2024040
0.7300000 -12.7035780
0.7310000 -38.3729591
0.7320000 20.3415852
0.7330000 46.9113045
0.7340000 11.0891972
0.7350000 50.1701660
0.7360000 -25.4634647
0.7370000 -1.6826893
0.7380000 24.4167252
0.7390000 42.4497757
0.7400000 5.1583757
0.7410000 -16.4843216
0.7420000 6.3426061
0.7430000 12.7287378
0.7440000 -0.6528822
0.7450000 -0.8417400
0.7460000 54.8272629
0.7470000 -4.9055753
0.7480000 13.5693445
0.7490000 79.3478699
0.7500000 -50.5268211
0.7510000 -21.2647190
0.7520000 50.4400177
0.7530000 -5.6600819
0.7540000 -21.4855843
0.7550000 20.1419296
0.7560000 -1.3389103
0.7570000 66.5848999
0.7580000 -29.0028152
0.7590000 15.4428959
0.7600000 16.9020538
0.7610000 19.6021843
0.7620000 -7.9438138
0.7630000 -8.6551228
0.7640000 3.1224093
0.7650000 49.7911339
0.7660000 48.2460365
0.7670000 101.1745758
0.7680000 27.1860905
0.7690000 -1.3781695
0.7700000 44.6834641
0.7710000 -14.3645439
0.7720000 20.0720062
0.7730000 -16.4008026
0.7740000 20.8874950
0.7750000 54.0151138
0.7760000 32.6187286
0.7770000 -52.5375137
0.7780000 -44.6949539
0.7790000 20.7974300
0.7800000 -46.5625191
0.7810000 4.6637988
0.7820000 38.5135422
0.7830000 -22.5335503
0.7840000 21.5902538
0.7850000 -4.9940939
0.7860000 32.2330971
0.7870000 -44.7423973
0.7880000 51.3905220
0.7890000 -62.2952881
0.7900000 39.9848366
0.7910000 -22.2844124
0.7920000 -38.2163124
0.7930000 -9.2808857
0.7940000 20.8647423
0.7950000 -41.4928970
0.7960000 18.0422611
0.7970000 -23.9641190
0.7980000 -8.8773756
0.7990000 56.2214584
0.8000000 2.1715953
0.8010000 7.5971694
0.8020000 -21.0051041
0.8030000 -27.3481064
0.8040000 -20.7404060
0.8050000 -3.7967947
0.8060000 -58.1005707
0.8070000 52.2629814
0.8080000 -52.6132355
0.8090000 -46.4548264
0.8100000 21.2682304
0.8110000 -17.8856678
0.8120000 33.6609039
0.8130000 37.5623322
0.8140000 24.1477585
0.8150000 54.7950478
0.8160000 -71.9433136
0.8170000 -17.6138172
0.8180000 -0.0631005
0.8190000 -27.1397362
0.8200000 -19.5268764
0.8210000 17.3657112
0.8220000 8.2119265
0.8230000 -36.9440575
0.8240000 -8.6560154
0.8250000 11.2158632
0.8260000 22.4119797
0.8270000 37.7133293
0.8280000 -40.3793030
0.8290000 10.0339394
0.8300000 -11.5356903
0.8310000 48.3014832
0.8320000 -14.9801836
0.8330000 -19.0259285
0.8340000 -35.5941963
0.8350000 58.2140579
0.8360000 -28.4557457
0.8370000 -46.8628197
0.8380000 -39.4964714
0.8390000 11.9875603
0.8400000 36.4445534
0.8410000 12.8545666
0.8420000 17.1705303
0.8430000 2.7977624
0.8440000 -8.0380316
0.8450000 30.2637138
0.8460000 -10.2875519
0.8470000 -0.9216813
0.8480000 -38.9183998
0.8490000 22.8537254
0.8500000 9.3769512
0.8510000 9.1973028
0.8520000 2.1986899
0.8530000 -37.3703804
0.8540000 -72.5448151
0.8550000 -42.4189720
0.8560000 -7.4157481
0.8570000 59.4221916
0.8580000 33.6956367
0.8590000 37.4272385
0.8600000 -6.8481770
0.8610000 7.2294898
0.8620000 -10.8188210
0.8630000 -16.9130783
0.8640000 -22.9850922
0.8650000 -31.1406384
0.8660000 17.1200123
0.8670000 26.6901283
0.8680000 2.6501887
0.8690000 -20.2366867
0.8700000 23.9507446
0.8710000 32.3952751
0.8720000 0.2030154
0.8730000 -39.0187149
0.8740000 67.2002411
0.8750000 4.7712526
0.8760000 -32.4822273
0.8770000 -16.8458614
0.8780000 -66.5219650
0.8790000 -2.3654952
0.8800000 -88.7830048
0.8810000 20.0852871
0.8820000 -30.5596085
0.8830000 34.1218262
0.8840000 32.0323067
0.8850000 -119.1026917
0.8860000 3.0755539
0.8870000 -78.2806625
0.8880000 -2.7764833
0.8890000 -7.7808418
0.8900000 -22.7618160
0.8910000 2.3264875
0.8920000 43.2373466
0.8930000 -4.9753203
0.8940000 -41.9469604
0.8950000 -9.9558430
0.8960000 3.8854771
0.8970000 -30.9812469
0.8980000 -2.4156251
0.8990000 23.0668182
0.9000000 -15.9008741
0.9010000 -7.4044647
0.9020000 -5.9747696
0.9030000 -58.9424744
0.9040000 -1.6430473
0.9050000 -8.9488058
0.9060000 -5.7063236
0.9070000 15.6439905
0.9080000 32.8118172
0.9090000 -29.0007877
0.9100000 -6.3585324
0.9110000 34.0467567
0.9120000 13.7924385
0.9130000 43.5858383
0.9140000 -14.3905907
0.9150000 3.9376616
0.9160000 -31.2203960
0.9170000 -44.6020432
0.9180000 -23.6646652
0.9190000 84.6259613
0.9200000 29.5470448
0.9210000 -22.1635399
0.9220000 -10.4058046
0.9230000 -37.6581497
0.9240000 20.3432064
0.9250000 -24.0550499
0.9260000 8.2553549
0.9270000 24.1108093
0.9280000 -22.0277710
0.9290000 -2.4059875
0.9300000 56.7054253
0.9310000 -10.0051470
0.9320000 -33.1698227
0.9330000 18.8090763
0.9340000 62.8363838
0.9350000 23.0535107
0.9360000 -8.7387142
0.9370000 -8.0223322
0.9380000 20.6357441
0.9390000 -15.5687494
0.9400000 -6.1857224
0.9410000 -46.6163139
0.9420000 40.4327049
0.9430000 -4.1722312
0.9440000 -19.7534294
0.9450000 15.7514610
0.9460000 20.4234562
0.9470000 -50.8206291
0.9480000 -11.3123760
0.9490000 24.4567490
0.9500000 0.6480908
0.9510000 32.1406746
0.9520000 17.5607967
0.9530000 -68.1251373
0.9540000 28.6885090
0.9550000 -25.0666294
0.9560000 -14.0481415
0.9570000 29.4538174
0.9580000 1.2680554
0.9590000 -43.3368492
0.9600000 -66.1466370
0.9610000 72.0053329
0.9620000 29.5993481
0.9630000 -53.0228043
0.9640000 -32.7032852
0.9650000 50.9529877
0.9660000 114.5196838
0.9670000 -23.2243500
0.9680000 11.7789001
0.9690000 -63.3529282
0.9700000 18.1323891
0.9710000 -6.7765303
0.9720000 -26.2848148
0.9730000 3.7313607
0.9740000 12.9922113
0.9750000 -21.4755249
0.9760000 20.7285957
0.9770000 -3.5672145
0.9780000 11.7411289
0.9790000 -15.7121906
0.9800000 31.1238880
0.9810000 12.1598835
0.9820000 -24.3436489
0.9830000 12.9867277
0.9840000 7.5283737
0.9850000 44.3256912
0.9860000 10.6735802
0.9870000 -40.7717285
0.9880000 8.9480829
0.9890000 0.3957592
0.9900000 15.9610662
0.9910000 -2.6768813
0.9920000 -42.4524803
0.9930000 27.5663452
0.9940000 17.3563919
0.9950000 -79.0927277
0.9960000 19.6420383
0.9970000 14.8982801
0.9980000 43.6610718
0.9990000 34.8613091
