0.0000000 3.4164338
0.0010000 -17.5102425
0.0020000 5.4349108
0.0030000 -12.6421309
0.0040000 -55.3412399
0.0050000 17.2593536
0.0060000 50.6689148
0.0070000 -14.6088152
0.0080000 -37.1987953
0.0090000 -66.4077606
0.0100000 -18.8356400
0.0110000 -111.4808807
0.0120000 -53.3492355
0.0130000 -6.8859529
0.0140000 -25.5882378
0.0150000 33.1192589
0.0160000 15.1652412
0.0170000 8.7106686
0.0180000 -37.1391830
0.0190000 15.2394857
0.0200000 -59.5916595
0.0210000 29.7486076
0.0220000 26.0052128
0.0230000 -32.3375015
0.0240000 -22.3380146
0.0250000 -20.1268368
0.0260000 4.5125160
0.0270000 52.3530998
0.0280000 25.4879551
0.0290000 11.1724863
0.0300000 43.7113838
0.0310000 40.4439888
0.0320000 75.9851685
0.0330000 17.4425507
0.0340000 4.1707382
0.0350000 -19.9629135
0.0360000 49.2733231
0.0370000 5.6109161
0.0380000 28.0159569
0.0390000 -42.3562164
0.0400000 16.6381893
0.0410000 3.3863361
0.0420000 10.9279881
0.0430000 53.1121216
0.0440000 -62.4514656
0.0450000 61.6306038
0.0460000 4.8364925
0.0470000 46.6830750
0.0480000 -24.7855148
0.0490000 41.4621468
0.0500000 33.9031487
0.0510000 63.1330376
0.0520000 -64.3537903
0.0530000 -17.4687996
0.0540000 34.6701241
0.0550000 1.8883222
0.0560000 -4.1186628
0.0570000 -12.1666136
0.0580000 40.7957153
0.0590000 -9.8667402
0.0600000 -57.8487015
0.0610000 -61.3284035
0.0620000 29.1790810
0.0630000 48.2671814
0.0640000 5.6349430
0.0650000 -1.0216688
0.0660000 -29.3008137
0.0670000 -4.9294853
0.0680000 24.8486061
0.0690000 4.8499970
0.0700000 -88.9491577
0.0710000 19.1246357
0.0720000 26.4384270
0.0730000 1.3420383
0.0740000 13.8835154
0.0750000 17.4905167
0.0760000 34.6846085
0.0770000 -8.8201056
0.0780000 41.3395004
0.0790000 -66.4279861
0.0800000 -44.0169830
0.0810000 26.8260593
0.0820000 18.9801006
0.0830000 -15.8507061
0.0840000 5.8037705
0.0850000 9.1968565
0.0860000 -35.5285568
0.0870000 -2.9763465
0.0880000 -13.2250414
0.0890000 -26.2524624
0.0900000 23.0356140
0.0910000 7.2527766
0.0920000 41.7769508
0.0930000 81.4180450
0.0940000 6.9608822
0.0950000 -28.4645653
0.0960000 2.3245089
0.0970000 15.4113188
0.0980000 26.7375393
0.0990000 17.8994236
0.1000000 22.3695526
0.1010000 9.8264208
0.1020000 123.7827759
0.1030000 37.3435402
0.1040000 -39.1489525
0.1050000 -3.6951661
0.1060000 -30.6955719
0.1070000 -36.7679825
0.1080000 26.4275322
0.1090000 -37.0457153
0.1100000 40.0150032
0.1110000 -3.3723609
0.1120000 -37.5516853
0.1130000 8.7842522
0.1140000 43.3444023
0.1150000 55.7517929
0.1160000 -2.0319200
0.1170000 -49.3417969
0.1180000 -42.3595047
0.1190000 -56.2542458
0.1200000 -31.3308582
0.1210000 70.0652313
0.1220000 20.8850594
0.1230000 8.5815029
0.1240000 67.6676025
0.1250000 11.5107813
0.1260000 -27.9649086
0.1270000 -81.6660538
0.1280000 -1.6448601
0.1290000 -90.7836151
0.1300000 34.4699097
0.1310000 47.0886078
0.1320000 40.5174637
0.1330000 -0.0585395
0.1340000 -2.1685355
0.1350000 26.9044151
0.1360000 57.1738625
0.1370000 38.9738960
0.1380000 58.2551537
0.1390000 64.2261353
0.1400000 -51.9277344
0.1410000 -24.3813438
0.1420000 -17.0467567
0.1430000 27.0638008
0.1440000 -16.8943653
0.1450000 5.7591872
0.1460000 -44.9820061
0.1470000 -62.9835739
0.1480000 -39.2222557
0.1490000 2.0623817
0.1500000 -2.1936557
0.1510000 -28.8769073
0.1520000 63.7716484
0.1530000 -24.8860416
0.1540000 40.4151268
0.1550000 79.9008179
0.1560000 11.9381924
0.1570000 32.5848961
0.1580000 52.5580711
0.1590000 54.8757591
0.1600000 -4.4475389
0.1610000 33.3732986
0.1620000 -6.6583419
0.1630000 -70.5531082
0.1640000 -37.7871017
0.1650000 31.9378777
0.1660000 10.2320976
0.1670000 8.8147936
0.1680000 16.1192207
0.1690000 -40.2869339
0.1700000 -6.6281772
0.1710000 16.5332432
0.1720000 -48.5606079
0.1730000 -32.3817329
0.1740000 -47.9698029
0.1750000 2.6937358
0.1760000 53.8189240
0.1770000 -19.5135975
0.1780000 -6.1036425
0.1790000 -9.0267715
0.1800000 -36.8555717
0.1810000 -4.0918550
0.1820000 38.9339561
0.1830000 -18.7665825
0.1840000 83.0979691
0.1850000 4.4933724
0.1860000 29.1637897
0.1870000 51.1550674
0.1880000 9.2835846
0.1890000 -15.7747450
0.1900000 -49.5635757
0.1910000 -53.0515633
0.1920000 53.4196396
0.1930000 58.4830780
0.1940000 -38.7777061
0.1950000 -12.8861780
0.1960000 -18.5779629
0.1970000 -6.0036340
0.1980000 17.7407627
0.1990000 13.1319361
0.2000000 -15.3185883
0.2010000 -14.9998608
0.2020000 -58.3960953
0.2030000 -1.7717395
0.2040000 10.6107388
0.2050000 49.7630692
0.2060000 -26.7389317
0.2070000 52.5748367
0.2080000 -33.2416229
0.2090000 -32.8783607
0.2100000 13.7917633
0.2110000 -13.3930635
0.2120000 18.8658237
0.2130000 19.1578121
0.2140000 -0.0224362
0.2150000 -24.6071453
0.2160000 -3.7974312
0.2170000 -5.2417736
0.2180000 -47.2182961
0.2190000 -46.5622063
0.2200000 38.8799057
0.2210000 44.0872307
0.2220000 97.4608002
0.2230000 -16.7305889
0.2240000 10.0160246
0.2250000 4.8273435
0.2260000 -21.8794575
0.2270000 11.7093439
0.2280000 -28.4968891
0.2290000 -17.5183849
0.2300000 -36.9777184
0.2310000 -27.9340382
0.2320000 25.4846210
0.2330000 -54.7312164
0.2340000 7.1671143
0.2350000 -11.7504835
0.2360000 -2.4811244
0.2370000 -52.2409668
0.2380000 2.2485673
0.2390000 -24.3898354
0.2400000 -56.1135635
0.2410000 -71.7817230
0.2420000 -11.4650831
0.2430000 16.7799759
0.2440000 36.4685745
0.2450000 40.1959152
0.2460000 10.6289988
0.2470000 -22.4181786
0.2480000 8.3652353
0.2490000 -80.3646011
0.2500000 4.4948850
0.2510000 -36.5277596
0.2520000 48.7008438
0.2530000 -31.8469524
0.2540000 -38.0889969
0.2550000 3.3145070
0.2560000 -16.0607624
0.2570000 13.7659006
0.2580000 -12.1527290
0.2590000 20.5248432
0.2600000 -10.0005713
0.2610000 2.3007226
0.2620000 -72.1740875
0.2630000 -22.9714470
0.2640000 -10.7360945
0.2650000 -10.1469154
0.2660000 35.1738739
0.2670000 34.0251350
0.2680000 -52.3469086
0.2690000 -50.1334915
0.2700000 -31.2451725
0.2710000 58.8089752
0.2720000 33.6217728
0.2730000 -77.3250351
0.2740000 20.4397202
0.2750000 11.7009068
0.2760000 -17.8636627
0.2770000 15.0138407
0.2780000 3.5045760
0.2790000 -42.4912567
0.2800000 2.6550436
0.2810000 25.4495850
0.2820000 -27.4696884
0.2830000 10.3497467
0.2840000 -8.4795475
0.2850000 35.7569313
0.2860000 -10.4591169
0.2870000 22.1898727
0.2880000 43.5517349
0.2890000 18.1056404
0.2900000 -59.9921722
0.2910000 16.2717876
0.2920000 -7.1960721
0.2930000 -7.3985748
0.2940000 28.9981709
0.2950000 -41.2392769
0.2960000 -21.8879299
0.2970000 -5.7496271
0.2980000 -41.7264366
0.2990000 40.5177536
0.3000000 52.8945847
0.3010000 -14.6827288
0.3020000 -3.6203938
0.3030000 -76.7983170
0.3040000 21.4422703
0.3050000 -72.7745132
0.3060000 28.4439583
0.3070000 4.1575751
0.3080000 -39.5872612
0.3090000 55.3123283
0.3100000 -80.4758377
0.3110000 -41.6552162
0.3120000 -0.8857191
0.3130000 3.9904022
0.3140000 -7.9171805
0.3150000 26.6132660
0.3160000 -15.6045818
0.3170000 15.9708433
0.3180000 -12.3032694
0.3190000 10.0367985
0.3200000 -52.1997604
0.3210000 2.5529618
0.3220000 11.8176556
0.3230000 -47.7617416
0.3240000 47.1540604
0.3250000 14.9525433
0.3260000 -10.7827291
0.3270000 11.0959225
0.3280000 25.9499607
0.3290000 35.7123795
0.3300000 31.9723568
0.3310000 -7.9148273
0.3320000 -5.6630464
0.3330000 4.9439969
0.3340000 -41.0120659
0.3350000 -10.8367987
0.3360000 12.5165110
0.3370000 -25.1113338
0.3380000 3.4181521
0.3390000 43.9954185
0.3400000 -41.1401100
0.3410000 -24.1290531
0.3420000 10.6412191
0.3430000 -17.2055759
0.3440000 -1.5983464
0.3450000 -12.5143270
0.3460000 1.7449628
0.3470000 13.8470669
0.3480000 -10.9289293
0.3490000 21.5217743
0.3500000 48.1787605
0.3510000 58.2988472
0.3520000 14.7005968
0.3530000 -20.2758942
0.3540000 -28.1222515
0.3550000 -29.4201031
0.3560000 -10.1392374
0.3570000 22.2534237
0.3580000 20.5976391
0.3590000 22.7012901
0.3600000 20.1374226
0.3610000 35.0196381
0.3620000 -55.4520493
0.3630000 11.6561546
0.3640000 38.0093918
0.3650000 53.0311432
0.3660000 37.1251297
0.3670000 55.2625389
0.3680000 -22.7405987
0.3690000 -4.7692475
0.3700000 25.1688156
0.3710000 -17.4242840
0.3720000 6.4676318
0.3730000 44.4200172
0.3740000 -49.2805061
0.3750000 25.0632935
0.3760000 2.1794879
0.3770000 91.5605850
0.3780000 56.3866463
0.3790000 15.7967758
0.3800000 31.9518795
0.3810000 -11.0482159
0.3820000 43.5431976
0.3830000 9.2858810
0.3840000 -42.5781288
0.3850000 101.1145859
0.3860000 2.4323473
0.3870000 -31.3621769
0.3880000 -65.6351547
0.3890000 -24.2024536
0.3900000 1.9215317
0.3910000 26.5717106
0.3920000 -62.2338028
0.3930000 -12.1311569
0.3940000 21.6162987
0.3950000 -55.5083084
0.3960000 45.8242073
0.3970000 -31.8446026
0.3980000 -24.6494102
0.3990000 20.1951885
0.4000000 50.7053986
0.4010000 34.5287857
0.4020000 -11.8586445
0.4030000 28.2459278
0.4040000 -0.2544620
0.4050000 -20.0139370
0.4060000 33.7409439
0.4070000 97.7025528
0.4080000 21.2173309
0.4090000 -20.8233910
0.4100000 -15.7998743
0.4110000 46.5574722
0.4120000 -19.2954826
0.4130000 -40.6807747
0.4140000 -53.9980125
0.4150000 58.2151985
0.4160000 -47.3603554
0.4170000 -33.8778877
0.4180000 -80.4335175
0.4190000 -6.4367366
0.4200000 -21.5988274
0.4210000 13.0379019
0.4220000 100.4859238
0.4230000 -32.5360718
0.4240000 60.5524406
0.4250000 38.8567734
0.4260000 -24.5829601
0.4270000 -39.3699036
0.4280000 -23.6749535
0.4290000 -31.8381844
0.4300000 31.9749546
0.4310000 19.9922771
0.4320000 -7.5904155
0.4330000 -11.1640358
0.4340000 -42.2606544
0.4350000 -18.0774345
0.4360000 -9.9814777
0.4370000 1.7577000
0.4380000 -33.3134575
0.4390000 -13.0691566
0.4400000 95.8258820
0.4410000 13.6895056
0.4420000 -13.8167810
0.4430000 37.7234268
0.4440000 -37.7680473
0.4450000 -3.3038032
0.4460000 -24.9670277
0.4470000 24.5477276
0.4480000 6.1198578
0.4490000 73.5585632
0.4500000 -25.8857403
0.4510000 57.4182510
0.4520000 -24.4997139
0.4530000 77.9912415
0.4540000 -16.4278297
0.4550000 35.6543007
0.4560000 -90.1635056
0.4570000 6.6373477
0.4580000 -4.2804656
0.4590000 63.3019371
0.4600000 13.1005011
0.4610000 14.3398542
0.4620000 -13.6049881
0.4630000 6.1660061
0.4640000 2.7453339
0.4650000 14.0493393
0.4660000 3.5800242
0.4670000 1.3191689
0.4680000 35.8502007
0.4690000 10.1146717
0.4700000 3.1543434
0.4710000 -13.2416239
0.4720000 -7.2057052
0.4730000 -19.9905815
0.4740000 -2.3989284
0.4750000 57.1021538
0.4760000 17.1172428
0.4770000 -17.6649323
0.4780000 -42.5767326
0.4790000 10.3092995
0.4800000 0.4551025
0.4810000 -5.3176441
0.4820000 34.3551559
0.4830000 10.6951056
0.4840000 -6.1977668
0.4850000 -21.3691063
0.4860000 -29.0727692
0.4870000 -41.8507614
0.4880000 -7.8450890
0.4890000 23.5230637
0.4900000 -26.1401405
0.4910000 19.0807610
0.4920000 -22.7178421
0.4930000 2.8674455
0.4940000 1.7826490
0.4950000 -7.1612000
0.4960000 34.9698029
0.4970000 -84.4885101
0.4980000 -35.3218460
0.4990000 -34.1876259
0.5000000 -60.0579453
0.5010000 29.5815735
0.5020000 51.0674019
0.5030000 3.0584934
0.5040000 12.0504045
0.5050000 -63.8885117
0.5060000 11.1767559
0.5070000 -29.7368355
0.5080000 -58.6184769
0.5090000 52.3790054
0.5100000 -34.9249649
0.5110000 6.7679696
0.5120000 -49.1708298
0.5130000 9.8848858
0.5140000 -18.0378532
0.5150000 -10.9248953
0.5160000 -52.3742523
0.5170000 -15.7032137
0.5180000 -26.0708828
0.5190000 -24.6050987
0.5200000 -44.4392662
0.5210000 24.8469982
0.5220000 -21.2665691
0.5230000 11.5706406
0.5240000 -14.4963188
0.5250000 -72.3528137
0.5260000 23.3886986
0.5270000 62.5986710
0.5280000 -26.0195637
0.5290000 10.6670818
0.5300000 3.9958217
0.5310000 37.8265305
0.5320000 24.9318218
0.5330000 24.2639236
0.5340000 5.8147645
0.5350000 38.2895279
0.5360000 27.9813366
0.5370000 -4.6335015
0.5380000 -28.2735405
0.5390000 -49.4712753
0.5400000 30.8201370
0.5410000 -38.4378128
0.5420000 5.4851274
0.5430000 -28.6971436
0.5440000 37.5667191
0.5450000 27.6816063
0.5460000 -51.2090225
0.5470000 -13.2615499
0.5480000 -11.0615406
0.5490000 -10.7990179
0.5500000 23.0099735
0.5510000 -30.7226582
0.5520000 38.1487083
0.5530000 -43.1968918
0.5540000 -24.6929398
0.5550000 -15.8862286
0.5560000 13.0811682
0.5570000 -36.3833580
0.5580000 46.3665924
0.5590000 -51.3001556
0.5600000 -41.2362671
0.5610000 11.2529421
0.5620000 38.3100929
0.5630000 24.3364906
0.5640000 25.1044865
0.5650000 19.7005959
0.5660000 34.4305496
0.5670000 4.2759051
0.5680000 -40.5396156
0.5690000 -13.3182640
0.5700000 -16.1173248
0.5710000 -22.5184498
0.5720000 8.3551235
0.5730000 30.8533440
0.5740000 -39.7578278
0.5750000 21.6101074
0.5760000 6.7977171
0.5770000 9.9972486
0.5780000 59.9630432
0.5790000 31.4509945
0.5800000 31.5168781
0.5810000 15.1545076
0.5820000 -36.4984779
0.5830000 -38.4331093
0.5840000 -48.6245079
0.5850000 7.1777329
0.5860000 24.0155277
0.5870000 108.3545074
0.5880000 56.2015533
0.5890000 11.5366955
0.5900000 -56.8076210
0.5910000 -26.9067516
0.5920000 -82.8011398
0.5930000 -11.0788040
0.5940000 20.2039795
0.5950000 -36.7242699
0.5960000 -13.5406694
0.5970000 -50.3077850
0.5980000 16.4950771
0.5990000 4.8311224
0.6000000 71.5256882
0.6010000 -21.3835983
0.6020000 -25.4546185
0.6030000 41.9700356
0.6040000 18.1972141
0.6050000 -13.4582386
0.6060000 -7.0080667
0.6070000 -34.0922775
0.6080000 72.3644867
0.6090000 10.5638771
0.6100000 -6.8207297
0.6110000 56.6823959
0.6120000 23.0075130
0.6130000 66.6849670
0.6140000 -10.7316990
0.6150000 -2.8223302
0.6160000 -36.8163071
0.6170000 33.0025902
0.6180000 -21.2405586
0.6190000 64.2435455
0.6200000 -19.1895485
0.6210000 -16.7343540
0.6220000 -0.9340925
0.6230000 43.3473701
0.6240000 -17.5978241
0.6250000 31.9411526
0.6260000 -52.8525963
0.6270000 -27.6103745
0.6280000 30.2396278
0.6290000 -19.3612118
0.6300000 -14.6365061
0.6310000 -86.9945145
0.6320000 31.4002552
0.6330000 -14.0796547
0.6340000 -21.6659374
0.6350000 -2.2767515
0.6360000 -11.9554853
0.6370000 -61.9472389
0.6380000 14.8879137
0.6390000 -19.4144669
0.6400000 -1.4520962
0.6410000 -38.8343315
0.6420000 10.7084141
0.6430000 -39.1680222
0.6440000 65.8986664
0.6450000 -60.5965157
0.6460000 -10.2306986
0.6470000 -46.3017769
0.6480000 3.1926143
0.6490000 -43.4331017
0.6500000 -8.3445206
0.6510000 45.2300529
0.6520000 50.1899261
0.6530000 17.4723206
0.6540000 -50.3794594
0.6550000 16.6966515
0.6560000 15.9728451
0.6570000 3.1852860
0.6580000 7.0879230
0.6590000 -30.0375843
0.6600000 13.5162497
0.6610000 -23.9779263
0.6620000 18.7797642
0.6630000 -17.7713623
0.6640000 -9.1939917
0.6650000 4.1074133
0.6660000 -2.7143567
0.6670000 -13.3255701
0.6680000 -38.2602615
0.6690000 12.5339193
0.6700000 -12.1360750
0.6710000 -39.7554741
0.6720000 -6.3983674
0.6730000 -14.9554567
0.6740000 -5.6044698
0.6750000 -10.7557678
0.6760000 -56.6769905
0.6770000 8.9742060
0.6780000 38.9864845
0.6790000 -2.3355112
0.6800000 -4.8876486
0.6810000 62.6417236
0.6820000 -33.7902374
0.6830000 33.9306450
0.6840000 -20.8813400
0.6850000 -59.9967232
0.6860000 -26.0188541
0.6870000 1.6198987
0.6880000 -53.8965416
0.6890000 61.3442726
0.6900000 13.8585253
0.6910000 33.0645142
0.6920000 8.0277605
0.6930000 -8.9276705
0.6940000 31.5219116
0.6950000 6.8274841
0.6960000 25.6600513
0.6970000 10.8468428
0.6980000 -35.3278618
0.6990000 14.1034346
0.7000000 -36.0523071
0.7010000 -21.2533646
0.7020000 -33.9020424
0.7030000 17.4633904
0.7040000 -33.6712303
0.7050000 -45.5158386
0.7060000 -13.5950804
0.7070000 42.3585014
0.7080000 -14.7639818
0.7090000 18.1131763
0.7100000 7.4534311
0.7110000 3.0406528
0.7120000 9.3709927
0.7130000 45.7674789
0.7140000 24.9191952
0.7150000 77.3178558
0.7160000 3.9717379
0.7170000 57.0134697
0.7180000 -6.7058315
0.7190000 -2.7759225
0.7200000 8.4027004
0.7210000 10.2878504
0.7220000 16.1915779
0.7230000 -24.0098381
0.7240000 7.9456520
0.7250000 -4.5177436
0.7260000 -8.2346439
0.7270000 28.3345661
0.7280000 -46.6983833
0.7290000 31.9052639
0.7300000 -8.6582804
0.7310000 -25.8026028
0.7320000 45.2024269
0.7330000 -7.1212578
0.7340000 -0.5493482
0.7350000 19.2105980
0.7360000 -16.1403179
0.7370000 21.3428917
0.7380000 -24.5136166
0.7390000 -21.7656555
0.7400000 -34.9250946
0.7410000 -8.3747578
0.7420000 42.9371376
0.7430000 -42.4046249
0.7440000 -2.7762423
0.7450000 -2.4692345
0.7460000 24.5867023
0.7470000 -3.1923091
0.7480000 48.8490334
0.7490000 -16.2020454
0.7500000 -10.3797913
0.7510000 0.5512651
0.7520000 33.7425461
0.7530000 10.7337284
0.7540000 -25.5763950
0.7550000 -12.8787718
0.7560000 -24.7609138
0.7570000 -49.6298828
0.7580000 37.4069214
0.7590000 14.9522390
0.7600000 12.8651714
0.7610000 -13.5041218
0.7620000 11.5338736
0.7630000 -63.5644455
0.7640000 12.0480099
0.7650000 6.1808281
0.7660000 -23.5357132
0.7670000 24.2288857
0.7680000 -23.8017254
0.7690000 42.5171165
0.7700000 -52.0458603
0.7710000 5.6434488
0.7720000 37.1251221
0.7730000 -8.2085409
0.7740000 -7.6537561
0.7750000 9.8334656
0.7760000 -5.5203052
0.7770000 -13.9019127
0.7780000 17.5469856
0.7790000 59.4292755
0.7800000 27.9435234
0.7810000 -78.2056274
0.7820000 -66.8093872
0.7830000 12.9022036
0.7840000 -23.8187866
0.7850000 -49.5244446
0.7860000 -21.9623013
0.7870000 -7.0413857
0.7880000 -12.9074841
0.7890000 -57.0415688
0.7900000 36.0285263
0.7910000 26.5346088
0.7920000 -48.2710686
0.7930000 -3.3813224
0.7940000 -21.8157482
0.7950000 25.9379768
0.7960000 9.6547117
0.7970000 34.6833076
0.7980000 -44.2963104
0.7990000 4.8813701
0.8000000 -29.1808453
0.8010000 18.0382080
0.8020000 18.9847965
0.8030000 37.0520363
0.8040000 -18.3178349
0.8050000 -7.7672477
0.8060000 41.7167854
0.8070000 42.6458473
0.8080000 1.9477828
0.8090000 11.5117540
0.8100000 38.2357864
0.8110000 40.1456413
0.8120000 49.5644035
0.8130000 -33.3898506
0.8140000 20.1570969
0.8150000 -0.5980021
0.8160000 -39.4892464
0.8170000 41.7813416
0.8180000 18.1958866
0.8190000 2.8297503
0.8200000 -30.9328194
0.8210000 -1.5151615
0.8220000 44.8932076
0.8230000 -21.2177639
0.8240000 30.5802994
0.8250000 16.2464333
0.8260000 11.2604542
0.8270000 18.3333168
0.8280000 8.5452089
0.8290000 -50.5562668
0.8300000 50.3793831
0.8310000 37.6441574
0.8320000 11.4245081
0.8330000 56.9547348
0.8340000 -6.0632510
0.8350000 23.5086212
0.8360000 1.9912672
0.8370000 -31.3344231
0.8380000 17.4512672
0.8390000 5.0892916
0.8400000 -79.1959305
0.8410000 9.6138945
0.8420000 47.8099136
0.8430000 -9.4475288
0.8440000 24.3577938
0.8450000 35.1593056
0.8460000 -30.3299923
0.8470000 25.2281570
0.8480000 -17.0906734
0.8490000 16.2596779
0.8500000 23.9006786
0.8510000 -22.5176830
0.8520000 -5.5723848
0.8530000 -38.6977921
0.8540000 -8.0760012
0.8550000 -20.2981186
0.8560000 35.2589798
0.8570000 -13.5278492
0.8580000 -19.5572453
0.8590000 -35.3436661
0.8600000 -2.6085508
0.8610000 -39.0746498
0.8620000 11.6579409
0.8630000 -22.6183777
0.8640000 -34.5094376
0.8650000 -49.6243820
0.8660000 -13.0709486
0.8670000 7.8018770
0.8680000 16.5019207
0.8690000 -10.3122234
0.8700000 -86.3032608
0.8710000 -3.6318517
0.8720000 13.4506292
0.8730000 40.3025093
0.8740000 -6.9100409
0.8750000 -88.7807770
0.8760000 -34.7432137
0.8770000 -32.2109108
0.8780000 18.0211544
0.8790000 24.6062222
0.8800000 -12.3068285
0.8810000 33.8476105
0.8820000 10.9214783
0.8830000 30.8609982
0.8840000 -4.3102107
0.8850000 14.8767500
0.8860000 -0.5388125
0.8870000 59.4387741
0.8880000 -13.9230499
0.8890000 -26.1515369
0.8900000 17.6040039
0.8910000 21.7283707
0.8920000 9.0902719
0.8930000 59.7488899
0.8940000 11.8427296
0.8950000 9.2894020
0.8960000 12.7870150
0.8970000 18.3886509
0.8980000 -20.7546082
0.8990000 26.6018467
0.9000000 7.2881765
0.9010000 -7.9139872
0.9020000 47.3582077
0.9030000 40.6159477
0.9040000 -4.2759466
0.9050000 -8.6226692
0.9060000 -7.6658826
0.9070000 -22.9179821
0.9080000 31.9576778
0.9090000 -21.6594925
0.9100000 -63.3849182
0.9110000 -14.0320139
0.9120000 6.2687211
0.9130000 8.0365496
0.9140000 -22.2192078
0.9150000 18.6041107
0.9160000 -44.7012978
0.9170000 1.0449355
0.9180000 43.1559219
0.9190000 54.3778038
0.9200000 -5.8155022
0.9210000 -53.4493294
0.9220000 -29.5410023
0.9230000 -12.4521685
0.9240000 62.6794891
0.9250000 4.3487754
0.9260000 -13.1476126
0.9270000 24.5309410
0.9280000 -1.6310202
0.9290000 23.5653019
0.9300000 -24.8000393
0.9310000 -44.3949852
0.9320000 -48.6855812
0.9330000 58.7303848
0.9340000 -21.6330185
0.9350000 27.2647705
0.9360000 -46.6163864
0.9370000 49.3449364
0.9380000 -34.0345116
0.9390000 -22.8867226
0.9400000 -68.1176605
0.9410000 40.8932190
0.9420000 -13.1781712
0.9430000 40.7318382
0.9440000 -54.6064835
0.9450000 -32.9708481
0.9460000 -18.3082542
0.9470000 41.5760155
0.9480000 33.8680801
0.9490000 -40.1152725
0.9500000 -3.4576685
0.9510000 -13.5999546
0.9520000 -8.3174314
0.9530000 -35.2009697
0.9540000 14.2659683
0.9550000 -48.0311012
0.9560000 -33.1837578
0.9570000 38.2899780
0.9580000 72.7402802
0.9590000 22.0762329
0.9600000 54.1016884
0.9610000 -65.7916260
0.9620000 -28.4408607
0.9630000 -26.0847874
0.9640000 -45.7556419
0.9650000 -32.8977890
0.9660000 -0.9205824
0.9670000 7.6469922
0.9680000 -26.0786152
0.9690000 -79.7028351
0.9700000 58.8769035
0.9710000 -24.6358910
0.9720000 39.7614365
0.9730000 11.0331497
0.9740000 30.2237377
0.9750000 58.0157547
0.9760000 17.7287464
0.9770000 -36.2371635
0.9780000 18.4687061
0.9790000 -18.4205723
0.9800000 13.0379448
0.9810000 61.8109093
0.9820000 -17.8481617
0.9830000 4.0168924
0.9840000 -1.1485050
0.9850000 5.1314955
0.9860000 7.3054352
0.9870000 87.9956436
0.9880000 10.6888828
0.9890000 -24.4589844
0.9900000 2.7660537
0.9910000 -38.4026718
0.9920000 10.5492992
0.9930000 -85.5281067
0.9940000 -12.8348093
0.9950000 66.6534348
0.9960000 -0.1748342
0.9970000 -23.0013771
0.9980000 29.8045406
0.9990000 -35.8139763
