0.0000000 25.2388039
0.0010000 -55.2503319
0.0020000 27.3490372
0.0030000 -8.7376528
0.0040000 -4.5266676
0.0050000 -24.5048561
0.0060000 49.3681183
0.0070000 -4.2225809
0.0080000 4.9081969
0.0090000 11.5800104
0.0100000 -35.2069321
0.0110000 74.6756744
0.0120000 -28.1011105
0.0130000 61.6432991
0.0140000 2.3619874
0.0150000 55.8610344
0.0160000 18.3310356
0.0170000 -31.3148422
0.0180000 32.1785316
0.0190000 -0.1200067
0.0200000 -4.0782337
0.0210000 -3.0926292
0.0220000 -1.6850196
0.0230000 -42.3338432
0.0240000 50.9455528
0.0250000 25.9461727
0.0260000 -13.2875595
0.0270000 19.1655941
0.0280000 -40.6745758
0.0290000 -19.6116390
0.0300000 -17.2853661
0.0310000 -85.8024063
0.0320000 81.7532730
0.0330000 45.8763809
0.0340000 -19.7172718
0.0350000 -58.5325165
0.0360000 -4.7019906
0.0370000 15.4337502
0.0380000 -20.5311394
0.0390000 26.6801929
0.0400000 7.5010681
0.0410000 -48.8584480
0.0420000 20.8158436
0.0430000 30.0284958
0.0440000 -10.0605602
0.0450000 -11.8299952
0.0460000 10.8784428
0.0470000 -19.1987648
0.0480000 32.5627289
0.0490000 -6.9194512
0.0500000 -9.5804148
0.0510000 -11.3174925
0.0520000 21.7412853
0.0530000 -20.0763683
0.0540000 -15.6612759
0.0550000 8.7688818
0.0560000 24.8316994
0.0570000 23.8830624
0.0580000 -11.3804140
0.0590000 -6.8362007
0.0600000 -13.1728573
0.0610000 -4.8050256
0.0620000 42.5382042
0.0630000 -2.0599818
0.0640000 -8.9973660
0.0650000 -14.7060022
0.0660000 34.8371239
0.0670000 -6.0825181
0.0680000 -21.7969475
0.0690000 -32.0628777
0.0700000 -38.4847260
0.0710000 13.4210205
0.0720000 49.2463341
0.0730000 44.4619102
0.0740000 -48.0947075
0.0750000 -9.0112257
0.0760000 -63.4574394
0.0770000 23.8844967
0.0780000 65.9586716
0.0790000 -18.4869022
0.0800000 -6.2169919
0.0810000 -29.8495922
0.0820000 -9.1066494
0.0830000 5.4654417
0.0840000 1.3086950
0.0850000 -17.2540874
0.0860000 -2.0064828
0.0870000 6.6019197
0.0880000 78.6913376
0.0890000 51.8792152
0.0900000 40.8917809
0.0910000 3.0636976
0.0920000 -31.0126152
0.0930000 49.9736290
0.0940000 19.1545029
0.0950000 10.3552895
0.0960000 -64.5980911
0.0970000 -0.2035833
0.0980000 -55.5694466
0.0990000 -7.6564503
0.1000000 -57.0019493
0.1010000 12.6569643
0.1020000 61.4635201
0.1030000 11.6557293
0.1040000 -49.3551140
0.1050000 13.5360126
0.1060000 -23.6046810
0.1070000 -58.6615105
0.1080000 -65.4162827
0.1090000 29.8788223
0.1100000 22.8515587
0.1110000 86.6905060
0.1120000 14.3176575
0.1130000 2.6082237
0.1140000 -52.4611893
0.1150000 95.0388031
0.1160000 -18.2622242
0.1170000 11.4277105
0.1180000 -16.3142128
0.1190000 104.0350876
0.1200000 -7.7244563
0.1210000 -12.0165501
0.1220000 14.4049788
0.1230000 -30.5309219
0.1240000 -50.8868523
0.1250000 -6.1738677
0.1260000 -0.5265903
0.1270000 12.0242424
0.1280000 -0.8445501
0.1290000 25.2628727
0.1300000 -53.4314613
0.1310000 -1.3129181
0.1320000 11.2170019
0.1330000 15.2011185
0.1340000 3.9802105
0.1350000 26.5781288
0.1360000 -84.6701736
0.1370000 -70.9699860
0.1380000 -37.6483269
0.1390000 -37.6869621
0.1400000 -2.7896020
0.1410000 -10.1121254
0.1420000 -13.1575041
0.1430000 55.0516319
0.1440000 -55.0670509
0.1450000 6.5261612
0.1460000 47.1215324
0.1470000 39.3191185
0.1480000 -5.3262477
0.1490000 54.0528259
0.1500000 83.9851990
0.1510000 15.5807610
0.1520000 30.7471809
0.1530000 -55.5967827
0.1540000 1.1006238
0.1550000 -5.7007170
0.1560000 10.5102911
0.1570000 24.5431824
0.1580000 -22.3585358
0.1590000 6.8235602
0.1600000 -24.7382889
0.1610000 -12.5856314
0.1620000 58.1611977
0.1630000 -20.0576057
0.1640000 83.3106461
0.1650000 -14.3319950
0.1660000 39.4116287
0.1670000 -17.8562298
0.1680000 2.3288043
0.1690000 24.4467697
0.1700000 -2.5766709
0.1710000 4.7830620
0.1720000 -54.1808510
0.1730000 33.6621170
0.1740000 -0.5877134
0.1750000 -19.4200306
0.1760000 -13.5741720
0.1770000 38.9940987
0.1780000 -0.6250600
0.1790000 31.7872009
0.1800000 -50.1621628
0.1810000 -14.8078556
0.1820000 -61.7594452
0.1830000 73.0420532
0.1840000 -29.3515663
0.1850000 11.4349384
0.1860000 -1.4441333
0.1870000 50.7068024
0.1880000 20.4659042
0.1890000 -46.3134499
0.1900000 4.8883958
0.1910000 -39.2644310
0.1920000 21.2414494
0.1930000 5.5086474
0.1940000 -44.7653122
0.1950000 47.7913170
0.1960000 -6.9788184
0.1970000 10.3260536
0.1980000 12.0520315
0.1990000 2.8946512
0.2000000 -39.0688362
0.2010000 -13.3590536
0.2020000 9.8598595
0.2030000 -40.3970985
0.2040000 33.9970894
0.2050000 -32.4108429
0.2060000 22.1930256
0.2070000 13.0568542
0.2080000 16.7360668
0.2090000 -26.7323570
0.2100000 -10.6299438
0.2110000 9.5563192
0.2120000 -5.1865883
0.2130000 3.5402169
0.2140000 -44.4244385
0.2150000 21.3207569
0.2160000 28.3476429
0.2170000 13.2728949
0.2180000 -47.3905182
0.2190000 -9.2699699
0.2200000 39.3028107
0.2210000 -89.4979095
0.2220000 79.5012512
0.2230000 14.7882433
0.2240000 -15.2334118
0.2250000 -25.9286098
0.2260000 -17.8924427
0.2270000 -21.6877499
0.2280000 58.1545715
0.2290000 -32.8996010
0.2300000 14.4963961
0.2310000 -23.8648720
0.2320000 -82.1999741
0.2330000 11.2058783
0.2340000 -23.3472881
0.2350000 -13.5887356
0.2360000 -39.0215416
0.2370000 -27.6828175
0.2380000 -27.3753414
0.2390000 0.0725068
0.2400000 -2.4187469
0.2410000 66.0053406
0.2420000 18.1018467
0.2430000 1.7017133
0.2440000 16.2962132
0.2450000 -19.7356358
0.2460000 5.6617351
0.2470000 70.9007111
0.2480000 88.3222580
0.2490000 30.3793907
0.2500000 25.8835373
0.2510000 -19.6689472
0.2520000 -45.7108459
0.2530000 -74.9172516
0.2540000 -21.2301102
0.2550000 22.0575848
0.2560000 -27.2568321
0.2570000 7.4359484
0.2580000 36.7227325
0.2590000 -33.9436913
0.2600000 20.2250042
0.2610000 39.7839088
0.2620000 -42.9696922
0.2630000 93.9029846
0.2640000 -29.9231339
0.2650000 22.2240505
0.2660000 -75.4179611
0.2670000 28.3391476
0.2680000 -14.8425407
0.2690000 12.0418291
0.2700000 22.7249031
0.2710000 -22.4995632
0.2720000 -17.9158649
0.2730000 31.7130737
0.2740000 -67.6491699
0.2750000 26.5536747
0.2760000 57.7236862
0.2770000 -14.5312214
0.2780000 24.7660179
0.2790000 -24.3632488
0.2800000 6.5347009
0.2810000 30.6992874
0.2820000 46.2538071
0.2830000 -71.9879608
0.2840000 81.5881805
0.2850000 60.1308327
0.2860000 24.8952789
0.2870000 18.2636051
0.2880000 -65.2794800
0.2890000 -43.8196983
0.2900000 35.8536835
0.2910000 -76.3997955
0.2920000 19.3869553
0.2930000 -11.7390242
0.2940000 29.2880116
0.2950000 11.6770086
0.2960000 20.9506302
0.2970000 0.7233838
0.2980000 -6.4569583
0.2990000 49.7130280
0.3000000 -50.9445877
0.3010000 34.7217865
0.3020000 19.9130974
0.3030000 22.9526558
0.3040000 3.9844782
0.3050000 10.3030128
0.3060000 -12.9529352
0.3070000 -0.8915326
0.3080000 -3.9703476
0.3090000 41.5627632
0.3100000 -53.0718231
0.3110000 -12.7312517
0.3120000 64.5066528
0.3130000 11.1441689
0.3140000 -42.2808075
0.3150000 -39.8675919
0.3160000 35.2208214
0.3170000 6.1818442
0.3180000 -59.3521004
0.3190000 5.8037758
0.3200000 80.2090454
0.3210000 -42.3987579
0.3220000 -16.7661133
0.3230000 -69.3590851
0.3240000 -4.1142836
0.3250000 -27.1284885
0.3260000 25.0064335
0.3270000 -8.0146370
0.3280000 46.2891846
0.3290000 -13.8387842
0.3300000 39.3304634
0.3310000 -0.3176746
0.3320000 11.7824430
0.3330000 1.4094839
0.3340000 8.8200178
0.3350000 11.5035448
0.3360000 28.8254585
0.3370000 -52.3509140
0.3380000 -8.2863026
0.3390000 75.7032394
0.3400000 10.5228615
0.3410000 11.1444807
0.3420000 14.6153126
0.3430000 35.6518440
0.3440000 29.3469410
0.3450000 74.5381851
0.3460000 37.0701561
0.3470000 15.2340679
0.3480000 16.1797333
0.3490000 5.9489598
0.3500000 -44.5520439
0.3510000 -16.2577991
0.3520000 -5.3912878
0.3530000 -65.8362656
0.3540000 -9.7738743
0.3550000 -35.5766563
0.3560000 -29.7021828
0.3570000 12.3904858
0.3580000 -20.3623886
0.3590000 -0.7035433
0.3600000 -25.7280941
0.3610000 68.9274521
0.3620000 29.0176983
0.3630000 14.2085142
0.3640000 -30.8949413
0.3650000 6.0145440
0.3660000 -74.0962067
0.3670000 -13.4317741
0.3680000 -0.7231886
0.3690000 -39.1564140
0.3700000 3.0678380
0.3710000 18.9353123
0.3720000 -9.0734949
0.3730000 2.6359239
0.3740000 -3.1302941
0.3750000 -42.0171127
0.3760000 -31.4205704
0.3770000 17.9318085
0.3780000 45.5437737
0.3790000 10.8107748
0.3800000 12.1286831
0.3810000 19.7324295
0.3820000 45.8815880
0.3830000 -13.5714645
0.3840000 12.3235102
0.3850000 6.7382889
0.3860000 -11.1157732
0.3870000 10.4478817
0.3880000 22.6226158
0.3890000 -3.1597183
0.3900000 86.3060150
0.3910000 -33.2253761
0.3920000 23.2251339
0.3930000 -5.6744065
0.3940000 61.2371788
0.3950000 48.0429535
0.3960000 -2.1980011
0.3970000 -58.4485283
0.3980000 11.8785906
0.3990000 -28.3200741
0.4000000 -17.5633125
0.4010000 70.7958527
0.4020000 -21.2253532
0.4030000 46.6771088
0.4040000 28.5870399
0.4050000 -57.5459290
0.4060000 35.0710716
0.4070000 -6.1430287
0.4080000 -62.2310257
0.4090000 -41.7075157
0.4100000 58.4384346
0.4110000 129.3315277
0.4120000 14.6937351
0.4130000 24.1544075
0.4140000 6.5669060
0.4150000 29.1870003
0.4160000 -20.3590031
0.4170000 28.0946140
0.4180000 38.4395561
0.4190000 -4.1840100
0.4200000 19.6998882
0.4210000 26.8677998
0.4220000 10.5509624
0.4230000 10.5594053
0.4240000 15.0572996
0.4250000 -31.8929901
0.4260000 -26.9289875
0.4270000 -19.6512585
0.4280000 -22.6554985
0.4290000 -67.8083878
0.4300000 7.7933931
0.4310000 22.8662262
0.4320000 49.3043175
0.4330000 -53.5880547
0.4340000 2.4663107
0.4350000 -60.5235100
0.4360000 18.1642170
0.4370000 -11.2011995
0.4380000 -41.0734367
0.4390000 16.2261848
0.4400000 -35.1566620
0.4410000 22.0851574
0.4420000 -8.1129084
0.4430000 14.0868692
0.4440000 -41.6790237
0.4450000 1.2444229
0.4460000 -46.7483788
0.4470000 -18.2824230
0.4480000 1.9179237
0.4490000 20.3270130
0.4500000 53.8937836
0.4510000 -18.0733452
0.4520000 -74.7217407
0.4530000 -5.9658093
0.4540000 6.5355129
0.4550000 35.9377823
0.4560000 -0.2460780
0.4570000 -5.3497000
0.4580000 -11.4743519
0.4590000 -0.4111666
0.4600000 2.0639188
0.4610000 -3.1107743
0.4620000 -2.3820143
0.4630000 -2.0690343
0.4640000 -15.0991259
0.4650000 30.5603905
0.4660000 -17.4991741
0.4670000 -30.1254730
0.4680000 48.0548134
0.4690000 -14.9750061
0.4700000 9.1737585
0.4710000 11.9225588
0.4720000 -8.1294336
0.4730000 -6.2840691
0.4740000 55.1314354
0.4750000 5.6416321
0.4760000 56.4491844
0.4770000 28.2865486
0.4780000 1.2704216
0.4790000 15.8740129
0.4800000 -47.3613586
0.4810000 -17.1178780
0.4820000 14.7484074
0.4830000 -57.4133530
0.4840000 15.2877111
0.4850000 15.3914900
0.4860000 44.3754387
0.4870000 83.2127457
0.4880000 -64.6436310
0.4890000 -41.3134041
0.4900000 5.2982721
0.4910000 -31.0068226
0.4920000 -56.3707581
0.4930000 -12.7954187
0.4940000 4.9726663
0.4950000 -41.5351906
0.4960000 -45.6741753
0.4970000 -9.7499971
0.4980000 -25.8368530
0.4990000 -61.0445061
0.5000000 3.3133886
0.5010000 40.0884895
0.5020000 10.1443911
0.5030000 34.6318588
0.5040000 -18.7723465
0.5050000 86.9861603
0.5060000 30.6849098
0.5070000 -20.0234032
0.5080000 49.1677322
0.5090000 -0.7779754
0.5100000 -69.1864853
0.5110000 -1.2397552
0.5120000 81.3677139
0.5130000 -2.6229219
0.5140000 47.6755295
0.5150000 -20.0931625
0.5160000 -42.0846748
0.5170000 -2.9122651
0.5180000 -21.2869148
0.5190000 23.3599339
0.5200000 -19.6563263
0.5210000 -15.9533348
0.5220000 43.5949440
0.5230000 -3.5357170
0.5240000 -4.7393851
0.5250000 -38.2468491
0.5260000 12.8866282
0.5270000 24.7461586
0.5280000 -52.5489922
0.5290000 9.5212669
0.5300000 -24.3499260
0.5310000 -4.1965218
0.5320000 -43.0798721
0.5330000 57.8036537
0.5340000 -17.1701794
0.5350000 -40.6678658
0.5360000 -74.8718338
0.5370000 47.8408470
0.5380000 -5.3477564
0.5390000 33.8514023
0.5400000 43.4661560
0.5410000 -5.0125213
0.5420000 -3.8232262
0.5430000 -9.4128571
0.5440000 -28.5082073
0.5450000 -9.7359467
0.5460000 -43.6058540
0.5470000 -52.5265808
0.5480000 28.3100357
0.5490000 0.7081615
0.5500000 -20.2170849
0.5510000 29.8706474
0.5520000 0.2534376
0.5530000 -7.9668164
0.5540000 19.8967819
0.5550000 0.2854894
0.5560000 -20.5649471
0.5570000 -9.9006815
0.5580000 38.5405159
0.5590000 -6.8537688
0.5600000 4.7947626
0.5610000 -4.3567028
0.5620000 40.8290329
0.5630000 3.0575533
0.5640000 16.4223938
0.5650000 -72.9040298
0.5660000 -37.2397537
0.5670000 -2.0367246
0.5680000 -34.2797165
0.5690000 -26.3668365
0.5700000 -48.1526680
0.5710000 -53.2457657
0.5720000 -23.7172203
0.5730000 3.8853002
0.5740000 41.0143013
0.5750000 38.9048882
0.5760000 27.0779438
0.5770000 -84.1918182
0.5780000 51.6739044
0.5790000 -16.9566479
0.5800000 -0.9817305
0.5810000 29.1860847
0.5820000 31.6507626
0.5830000 16.2615719
0.5840000 3.5252235
0.5850000 -26.5125637
0.5860000 36.1754570
0.5870000 46.7367096
0.5880000 22.6843472
0.5890000 9.7937002
0.5900000 40.5539436
0.5910000 60.9553490
0.5920000 -44.2524986
0.5930000 -69.1164703
0.5940000 78.3349838
0.5950000 24.5330257
0.5960000 -23.5448856
0.5970000 63.4707375
0.5980000 72.6973267
0.5990000 -11.2633886
0.6000000 3.6961992
0.6010000 -2.8462977
0.6020000 -11.1125631
0.6030000 27.7622833
0.6040000 -9.6445408
0.6050000 -45.2913589
0.6060000 -0.4556368
0.6070000 -11.4270811
0.6080000 -3.5942969
0.6090000 11.9033852
0.6100000 -41.3169403
0.6110000 44.3516197
0.6120000 -1.3373723
0.6130000 64.7541351
0.6140000 11.2002859
0.6150000 -33.3298302
0.6160000 -51.6500435
0.6170000 14.8040619
0.6180000 -5.4850702
0.6190000 14.8079128
0.6200000 15.7260866
0.6210000 -30.1195164
0.6220000 10.2702961
0.6230000 1.2427497
0.6240000 -25.7037716
0.6250000 26.4923286
0.6260000 28.9193115
0.6270000 -14.4260149
0.6280000 -6.2181387
0.6290000 -54.1375465
0.6300000 21.6608181
0.6310000 28.3304920
0.6320000 13.3359165
0.6330000 -13.8524504
0.6340000 18.3993702
0.6350000 10.2733202
0.6360000 -0.8959863
0.6370000 -49.2460976
0.6380000 62.5684128
0.6390000 18.2558346
0.6400000 -0.9184372
0.6410000 -33.5229988
0.6420000 -32.1252670
0.6430000 -8.4260416
0.6440000 10.2770977
0.6450000 59.1283035
0.6460000 29.0802708
0.6470000 -14.8644781
0.6480000 -26.7002029
0.6490000 23.9903316
0.6500000 -20.4447765
0.6510000 7.6144338
0.6520000 17.1972141
0.6530000 -54.9049568
0.6540000 34.2488785
0.6550000 17.4564857
0.6560000 -49.5281830
0.6570000 -14.8255243
0.6580000 38.0107994
0.6590000 25.8560867
0.6600000 24.2998066
0.6610000 46.6408043
0.6620000 14.5203571
0.6630000 71.0379639
0.6640000 -22.4781494
0.6650000 29.1413441
0.6660000 -3.5859985
0.6670000 45.2704735
0.6680000 38.9870110
0.6690000 -48.2620354
0.6700000 -21.4876022
0.6710000 78.5905609
0.6720000 45.6344566
0.6730000 51.4469833
0.6740000 10.8542109
0.6750000 -5.7090845
0.6760000 -85.2618866
0.6770000 -65.9697723
0.6780000 -47.8111992
0.6790000 57.4412384
0.6800000 13.6054134
0.6810000 -71.2113266
0.6820000 -50.7786331
0.6830000 1.9382554
0.6840000 49.6923256
0.6850000 5.8148165
0.6860000 33.0598259
0.6870000 59.5498390
0.6880000 -10.9160433
0.6890000 -13.7458620
0.6900000 -9.0801649
0.6910000 -20.8143177
0.6920000 18.7734280
0.6930000 -6.1771636
0.6940000 40.1662025
0.6950000 24.3002319
0.6960000 73.9321289
0.6970000 56.2161407
0.6980000 -26.6653938
0.6990000 -67.6889191
0.7000000 41.0333405
0.7010000 -5.9439473
0.7020000 -14.3610048
0.7030000 29.2542820
0.7040000 52.4665909
0.7050000 -10.2270784
0.7060000 -17.6416245
0.7070000 -17.2419758
0.7080000 16.0540676
0.7090000 46.6593056
0.7100000 22.7873478
0.7110000 24.1602459
0.7120000 46.4532700
0.7130000 -11.8888006
0.7140000 -31.9883633
0.7150000 -16.6197662
0.7160000 15.9867868
0.7170000 -16.9891891
0.7180000 28.1721478
0.7190000 3.5739594
0.7200000 7.3838749
0.7210000 45.5180511
0.7220000 5.7838306
0.7230000 -31.8163948
0.7240000 14.7726278
0.7250000 -3.4748311
0.7260000 -5.6646910
0.7270000 93.3984146
0.7280000 51.1664124
0.7290000 24.3690681
0.7300000 29.2037907
0.7310000 -29.0734997
0.7320000 4.0685863
0.7330000 -31.6836491
0.7340000 12.7685661
0.7350000 6.8196940
0.7360000 -14.4085064
0.7370000 -60.8544426
0.7380000 0.1403513
0.7390000 17.9559917
0.7400000 -2.6078970
0.7410000 25.1327209
0.7420000 31.4692364
0.7430000 8.5932903
0.7440000 25.3854771
0.7450000 -10.4740677
0.7460000 4.3941317
0.7470000 15.8262768
0.7480000 -9.0117846
0.7490000 14.6876345
0.7500000 -13.0706902
0.7510000 8.1166458
0.7520000 -13.1107578
0.7530000 -4.4633145
0.7540000 -26.5620155
0.7550000 101.1417084
0.7560000 -12.5126209
0.7570000 -58.2760124
0.7580000 -19.7982731
0.7590000 -1.1246538
0.7600000 -18.8834801
0.7610000 -89.8279114
0.7620000 -2.1446915
0.7630000 34.2189064
0.7640000 -7.2292361
0.7650000 -3.5899236
0.7660000 54.4939232
0.7670000 -14.3573046
0.7680000 -43.8605423
0.7690000 -12.3072901
0.7700000 -2.7351828
0.7710000 -39.8398018
0.7720000 -125.3156586
0.7730000 -7.5703211
0.7740000 -0.1545181
0.7750000 10.8608923
0.7760000 13.8009281
0.7770000 -23.4062214
0.7780000 3.7257235
0.7790000 12.9939880
0.7800000 -3.0297732
0.7810000 1.7732809
0.7820000 40.9948235
0.7830000 24.9451504
0.7840000 -20.6916142
0.7850000 50.4508858
0.7860000 -23.5539017
0.7870000 -8.1705456
0.7880000 -33.9987755
0.7890000 46.6741295
0.7900000 2.1868639
0.7910000 -10.2188864
0.7920000 39.2097778
0.7930000 -24.9099693
0.7940000 25.2299881
0.7950000 3.7982500
0.7960000 59.9935837
0.7970000 49.3811111
0.7980000 -19.0388527
0.7990000 -53.3951340
0.8000000 -29.7578449
0.8010000 40.5489349
0.8020000 35.2681236
0.8030000 -17.0197144
0.8040000 -63.5282516
0.8050000 57.7316780
0.8060000 -30.6427574
0.8070000 23.7800007
0.8080000 8.7524338
0.8090000 3.7774479
0.8100000 4.2804976
0.8110000 -70.0572052
0.8120000 -17.4763718
0.8130000 -48.5900612
0.8140000 -29.3743343
0.8150000 28.3185577
0.8160000 21.4786167
0.8170000 62.0557365
0.8180000 28.3724117
0.8190000 -47.0069313
0.8200000 16.1714745
0.8210000 7.8661137
0.8220000 53.0910110
0.8230000 45.4962196
0.8240000 -55.8531075
0.8250000 -47.4883652
0.8260000 -3.7830772
0.8270000 46.0834084
0.8280000 26.7817707
0.8290000 16.4670639
0.8300000 -46.5591507
0.8310000 -2.0834563
0.8320000 26.6030006
0.8330000 53.5862846
0.8340000 -26.8804913
0.8350000 61.9139099
0.8360000 7.8494587
0.8370000 32.4453011
0.8380000 23.1496353
0.8390000 -23.9938526
0.8400000 -36.6101189
0.8410000 24.0503769
0.8420000 -11.8988619
0.8430000 29.4931793
0.8440000 6.4524808
0.8450000 -7.6090608
0.8460000 -35.5053253
0.8470000 -14.7139244
0.8480000 -51.9217072
0.8490000 -14.3003435
0.8500000 45.3807411
0.8510000 -27.2518635
0.8520000 -54.7147369
0.8530000 -6.6584787
0.8540000 2.2569282
0.8550000 -37.8578453
0.8560000 -24.0619869
0.8570000 -19.7672691
0.8580000 13.2659979
0.8590000 17.9960976
0.8600000 -24.9453239
0.8610000 21.7005806
0.8620000 -31.6048985
0.8630000 -3.9703736
0.8640000 -51.0057678
0.8650000 -76.6147995
0.8660000 89.6441269
0.8670000 2.9127622
0.8680000 56.2515564
0.8690000 44.6890755
0.8700000 4.3065434
0.8710000 37.8297157
0.8720000 -23.0114899
0.8730000 20.1706181
0.8740000 12.1664982
0.8750000 27.0241680
0.8760000 -10.6955271
0.8770000 44.8594551
0.8780000 26.2764912
0.8790000 -48.7642708
0.8800000 15.6064138
0.8810000 9.5272913
0.8820000 -47.2031631
0.8830000 37.3566742
0.8840000 57.8145790
0.8850000 -21.0165482
0.8860000 10.7751274
0.8870000 67.6438446
0.8880000 -30.5645561
0.8890000 30.2501774
0.8900000 -67.3255615
0.8910000 -8.6886377
0.8920000 75.0358963
0.8930000 23.0212364
0.8940000 15.4804602
0.8950000 36.1758156
0.8960000 34.9496422
0.8970000 39.5644951
0.8980000 -9.0045156
0.8990000 15.4361448
0.9000000 13.2394772
0.9010000 13.9839830
0.9020000 -37.0606956
0.9030000 -17.4798374
0.9040000 -72.1495743
0.9050000 62.6507492
0.9060000 7.1741924
0.9070000 22.3794422
0.9080000 -57.2104912
0.9090000 34.4742928
0.9100000 -8.4163618
0.9110000 -11.0044670
0.9120000 4.5712104
0.9130000 -18.6149483
0.9140000 -45.1140518
0.9150000 87.2271271
0.9160000 -40.1843109
0.9170000 -6.4599032
0.9180000 -72.2676315
0.9190000 25.2160530
0.9200000 49.4687309
0.9210000 15.8388300
0.9220000 -55.8593254
0.9230000 46.3390541
0.9240000 -13.9373264
0.9250000 23.0423126
0.9260000 -46.1350517
0.9270000 35.8982430
0.9280000 -12.6248245
0.9290000 -8.4763451
0.9300000 25.3113251
0.9310000 0.2351563
0.9320000 42.4842453
0.9330000 24.8805180
0.9340000 18.5408669
0.9350000 -22.4715271
0.9360000 12.7215958
0.9370000 -35.9993668
0.9380000 14.1308632
0.9390000 3.3162563
0.9400000 3.8205073
0.9410000 24.6383495
0.9420000 -78.8176346
0.9430000 -19.3514786
0.9440000 -38.7178268
0.9450000 -65.5225296
0.9460000 14.8198299
0.9470000 -29.6560936
0.9480000 -21.6557541
0.9490000 66.2248154
0.9500000 -13.1498013
0.9510000 -13.2220840
0.9520000 -15.2218561
0.9530000 -50.3911476
0.9540000 5.8113236
0.9550000 -39.2863388
0.9560000 77.2007904
0.9570000 -42.4126167
0.9580000 -8.9844360
0.9590000 35.4882088
0.9600000 3.3503866
0.9610000 -8.3495979
0.9620000 26.3971119
0.9630000 38.6833916
0.9640000 -31.8884678
0.9650000 -25.6470776
0.9660000 -4.1276960
0.9670000 54.2519150
0.9680000 -31.7723255
0.9690000 56.3922844
0.9700000 -64.3513412
0.9710000 -2.0007474
0.9720000 9.2850924
0.9730000 23.0037708
0.9740000 10.7413836
0.9750000 9.1199579
0.9760000 -9.3938246
0.9770000 38.1989403
0.9780000 3.6344469
0.9790000 49.2410660
0.9800000 28.9275436
0.9810000 -12.8731289
0.9820000 101.4713593
0.9830000 -14.3720207
0.9840000 -10.9323654
0.9850000 47.1960182
0.9860000 -10.7589931
0.9870000 21.6005898
0.9880000 20.0127468
0.9890000 -31.8081799
0.9900000 -5.0078773
0.9910000 23.2876186
0.9920000 -0.9108271
0.9930000 -50.6163216
0.9940000 25.9169083
0.9950000 10.9621696
0.9960000 2.3115790
0.9970000 20.8408623
0.9980000 -48.8624382
0.9990000 -5.5052991
