0.0000000 -14.4430923
0.0010000 31.7321320
0.0020000 17.6063614
0.0030000 -7.8686223
0.0040000 -1.4293121
0.0050000 -1.5306035
0.0060000 30.0749435
0.0070000 19.4872646
0.0080000 -21.9303207
0.0090000 25.7248363
0.0100000 -15.0530157
0.0110000 -94.1292801
0.0120000 -43.2878265
0.0130000 -77.1633835
0.0140000 44.4941635
0.0150000 44.0146179
0.0160000 26.3291759
0.0170000 -1.6308346
0.0180000 13.6839285
0.0190000 59.0300293
0.0200000 -114.7178802
0.0210000 52.7548141
0.0220000 27.0214252
0.0230000 63.4322395
0.0240000 19.1122227
0.0250000 -32.0280647
0.0260000 32.0836639
0.0270000 -38.5369797
0.0280000 40.9460754
0.0290000 31.4253597
0.0300000 5.0894670
0.0310000 -13.2122765
0.0320000 -76.6988144
0.0330000 -17.6166248
0.0340000 -52.6320763
0.0350000 -33.9967384
0.0360000 -22.5481987
0.0370000 14.4308863
0.0380000 -47.9314995
0.0390000 -11.1562157
0.0400000 54.7531853
0.0410000 -38.9612465
0.0420000 -28.0890942
0.0430000 6.8659210
0.0440000 74.6114655
0.0450000 -31.1049614
0.0460000 -46.3090744
0.0470000 9.9874477
0.0480000 16.2519169
0.0490000 -77.8352432
0.0500000 -54.9781303
0.0510000 -65.2189026
0.0520000 40.5231628
0.0530000 3.2470725
0.0540000 49.4996109
0.0550000 -8.6973372
0.0560000 -36.7111664
0.0570000 -15.5960207
0.0580000 -33.2875481
0.0590000 23.0344582
0.0600000 -3.3265014
0.0610000 1.0313094
0.0620000 70.6424789
0.0630000 64.0881500
0.0640000 -37.2678947
0.0650000 40.2322159
0.0660000 19.4830151
0.0670000 -78.6147308
0.0680000 33.8106270
0.0690000 48.6284866
0.0700000 11.8108540
0.0710000 -43.8740654
0.0720000 42.5729828
0.0730000 53.5375290
0.0740000 10.1590319
0.0750000 62.1965370
0.0760000 -27.6236210
0.0770000 15.1201057
0.0780000 -21.3322392
0.0790000 -35.7658768
0.0800000 -23.2458248
0.0810000 -10.9497118
0.0820000 56.9912682
0.0830000 53.2604408
0.0840000 -32.3273392
0.0850000 24.4450550
0.0860000 -7.4031706
0.0870000 -11.7712574
0.0880000 19.8909016
0.0890000 -35.7238655
0.0900000 -11.0729256
0.0910000 -11.1556549
0.0920000 13.4276609
0.0930000 -16.3975792
0.0940000 13.6254225
0.0950000 20.7454205
0.0960000 -48.8090439
0.0970000 0.6623532
0.0980000 -10.1344633
0.0990000 -31.9333725
0.1000000 -31.3144493
0.1010000 34.6282387
0.1020000 32.9249535
0.1030000 -35.3337746
0.1040000 -37.8347931
0.1050000 -14.2361717
0.1060000 -11.8800316
0.1070000 -15.9948921
0.1080000 61.3414268
0.1090000 -17.0780334
0.1100000 -6.3911743
0.1110000 -21.1181240
0.1120000 80.9904861
0.1130000 11.6352901
0.1140000 74.5590668
0.1150000 29.5451279
0.1160000 -16.8345852
0.1170000 -55.7716217
0.1180000 50.0335274
0.1190000 -37.0650902
0.1200000 -8.1148167
0.1210000 -5.9816179
0.1220000 12.2918301
0.1230000 52.4268494
0.1240000 -65.9441910
0.1250000 -4.8496108
0.1260000 13.4597225
0.1270000 16.4052830
0.1280000 78.2953110
0.1290000 -31.7210236
0.1300000 22.7326031
0.1310000 56.1458282
0.1320000 -29.3595257
0.1330000 81.0893936
0.1340000 -17.4389248
0.1350000 -1.8205144
0.1360000 22.9269714
0.1370000 52.4748116
0.1380000 20.2210197
0.1390000 37.1890793
0.1400000 -18.8519688
0.1410000 12.0846815
0.1420000 -24.9675426
0.1430000 5.0674133
0.1440000 -52.5471382
0.1450000 4.9330087
0.1460000 6.0648365
0.1470000 33.0296364
0.1480000 -46.8477478
0.1490000 -38.5882339
0.1500000 -55.2419205
0.1510000 -13.2563820
0.1520000 -48.2584991
0.1530000 -46.8922081
0.1540000 -35.6633797
0.1550000 45.5570526
0.1560000 72.9509583
0.1570000 -35.6787109
0.1580000 18.9351540
0.1590000 8.5046940
0.1600000 45.4184265
0.1610000 -39.3338699
0.1620000 -13.6977673
0.1630000 -60.3712769
0.1640000 -30.5927029
0.1650000 15.6309395
0.1660000 -12.0894375
0.1670000 31.8561668
0.1680000 23.0036983
0.1690000 20.0971031
0.1700000 26.7500515
0.1710000 -23.9766560
0.1720000 -42.5652046
0.1730000 56.8338966
0.1740000 58.5960732
0.1750000 -47.6585541
0.1760000 -44.4001923
0.1770000 -9.1306076
0.1780000 48.2619514
0.1790000 -12.2762880
0.1800000 26.3845100
0.1810000 -2.0329187
0.1820000 -22.1914940
0.1830000 -2.4874339
0.1840000 69.8983307
0.1850000 36.9989281
0.1860000 53.6218262
0.1870000 -10.5511971
0.1880000 -30.5073109
0.1890000 69.8922272
0.1900000 35.7098808
0.1910000 -63.0374908
0.1920000 -10.5532217
0.1930000 -28.4390526
0.1940000 14.1220770
0.1950000 -36.5969315
0.1960000 19.4798336
0.1970000 -53.1460190
0.1980000 -3.0490775
0.1990000 -55.5274696
0.2000000 16.8843479
0.2010000 -65.3696442
0.2020000 -39.9902992
0.2030000 -20.4450626
0.2040000 -68.6532516
0.2050000 -2.9996083
0.2060000 -0.2016457
0.2070000 -96.6938477
0.2080000 23.2297859
0.2090000 -10.7147341
0.2100000 23.0102596
0.2110000 -23.1423645
0.2120000 -26.5031948
0.2130000 -50.5682411
0.2140000 24.9049129
0.2150000 -41.3596878
0.2160000 -36.5237160
0.2170000 -2.2456961
0.2180000 -63.4819527
0.2190000 31.5024624
0.2200000 7.6146374
0.2210000 -12.0221367
0.2220000 47.8563423
0.2230000 -24.2254219
0.2240000 48.8847351
0.2250000 32.7164536
0.2260000 -21.9334831
0.2270000 -9.0756903
0.2280000 57.2173309
0.2290000 77.4168625
0.2300000 -35.8595200
0.2310000 -21.1288643
0.2320000 11.4660387
0.2330000 15.6675787
0.2340000 8.9990330
0.2350000 -80.1172028
0.2360000 -18.2385120
0.2370000 10.2699013
0.2380000 -39.7826881
0.2390000 -36.4057770
0.2400000 -3.2260869
0.2410000 -72.7230225
0.2420000 38.4770966
0.2430000 -38.0158806
0.2440000 16.3907642
0.2450000 12.0043297
0.2460000 49.1713600
0.2470000 26.0217037
0.2480000 4.9716473
0.2490000 71.6102905
0.2500000 3.4715562
0.2510000 -5.3363218
0.2520000 0.0210539
0.2530000 -55.6319885
0.2540000 -15.6471138
0.2550000 -9.5742540
0.2560000 21.4599171
0.2570000 -9.2020750
0.2580000 69.3156815
0.2590000 -41.2223282
0.2600000 67.9920654
0.2610000 -56.7610054
0.2620000 60.8399811
0.2630000 27.8649902
0.2640000 67.4876556
0.2650000 34.4620399
0.2660000 15.3919888
0.2670000 -9.2072363
0.2680000 8.2710428
0.2690000 -9.6240292
0.2700000 33.2561035
0.2710000 -27.8816795
0.2720000 13.4335537
0.2730000 -64.5143967
0.2740000 -6.5853863
0.2750000 68.1348038
0.2760000 -48.1205254
0.2770000 -19.3967209
0.2780000 18.3365726
0.2790000 -30.6809311
0.2800000 -17.8426399
0.2810000 -4.5763836
0.2820000 35.8467636
0.2830000 35.7953606
0.2840000 24.2260284
0.2850000 -25.3675175
0.2860000 19.6143665
0.2870000 32.2364998
0.2880000 -15.0340891
0.2890000 3.3832655
0.2900000 -31.4778805
0.2910000 -54.8178062
0.2920000 11.5503473
0.2930000 41.9170685
0.2940000 -24.3052921
0.2950000 5.4069858
0.2960000 12.4900656
0.2970000 -31.0813599
0.2980000 -8.7961407
0.2990000 -29.4436264
0.3000000 20.7715244
0.3010000 49.9807053
0.3020000 33.3460159
0.3030000 -32.0973587
0.3040000 22.7066708
0.3050000 6.5190663
0.3060000 16.0345726
0.3070000 24.6998272
0.3080000 -11.7667379
0.3090000 33.1638298
0.3100000 16.6046600
0.3110000 31.7228756
0.3120000 21.6334019
0.3130000 -55.8362999
0.3140000 -27.6048641
0.3150000 -14.4441662
0.3160000 -13.7890110
0.3170000 -31.4867783
0.3180000 72.9950562
0.3190000 -43.3064117
0.3200000 40.3752136
0.3210000 27.2849751
0.3220000 -29.7662258
0.3230000 -0.0758841
0.3240000 -6.8709760
0.3250000 20.6841545
0.3260000 0.1580439
0.3270000 -22.4342003
0.3280000 -9.5194597
0.3290000 29.7906799
0.3300000 2.3497388
0.3310000 12.8083992
0.3320000 19.0935097
0.3330000 -46.0743446
0.3340000 32.6731071
0.3350000 -40.1198997
0.3360000 38.4305267
0.3370000 -0.7902402
0.3380000 -25.6541042
0.3390000 -40.9072418
0.3400000 6.3311696
0.3410000 -2.8952222
0.3420000 -34.1793709
0.3430000 -71.4469528
0.3440000 36.9324799
0.3450000 -23.3966351
0.3460000 -55.4056816
0.3470000 -13.6405401
0.3480000 39.3932457
0.3490000 -19.9261475
0.3500000 -36.4895782
0.3510000 -12.3370113
0.3520000 -7.5192385
0.3530000 6.8103714
0.3540000 12.2608538
0.3550000 -14.5488853
0.3560000 4.6256523
0.3570000 -5.2447906
0.3580000 -51.0592155
0.3590000 95.4976273
0.3600000 -12.2624817
0.3610000 -77.6100540
0.3620000 9.9811172
0.3630000 49.1698990
0.3640000 -33.2784843
0.3650000 -56.5703316
0.3660000 -4.2743640
0.3670000 -35.5824242
0.3680000 31.9834805
0.3690000 30.8163223
0.3700000 -18.6394215
0.3710000 5.2192335
0.3720000 -16.0310440
0.3730000 -17.5415707
0.3740000 -47.6877632
0.3750000 -80.7819443
0.3760000 -2.7323339
0.3770000 -27.5970802
0.3780000 -13.5654383
0.3790000 70.6659851
0.3800000 23.9134502
0.3810000 25.3713799
0.3820000 21.1594124
0.3830000 -5.6286254
0.3840000 -36.5931664
0.3850000 -39.3214531
0.3860000 29.9613285
0.3870000 12.3453131
0.3880000 -29.2633858
0.3890000 49.2305641
0.3900000 25.6471977
0.3910000 32.1693954
0.3920000 -13.5574017
0.3930000 -19.1237621
0.3940000 -3.7226350
0.3950000 0.9056740
0.3960000 -39.4106483
0.3970000 -11.6893911
0.3980000 17.4648342
0.3990000 39.7110138
0.4000000 -32.2916603
0.4010000 -34.3111992
0.4020000 10.6310968
0.4030000 19.7937908
0.4040000 5.6792998
0.4050000 -51.7781372
0.4060000 -42.4376984
0.4070000 52.2105980
0.4080000 -2.4440324
0.4090000 -25.9212437
0.4100000 1.7991903
0.4110000 -2.9292829
0.4120000 54.2679901
0.4130000 16.9787617
0.4140000 18.7006550
0.4150000 20.7641983
0.4160000 -30.0940666
0.4170000 34.4347420
0.4180000 -48.6756210
0.4190000 -7.4411187
0.4200000 -57.4003410
0.4210000 8.2208681
0.4220000 43.3213539
0.4230000 13.9093075
0.4240000 -38.2730064
0.4250000 -54.0674057
0.4260000 20.0373726
0.4270000 -25.5155716
0.4280000 27.4535465
0.4290000 -0.7177017
0.4300000 -12.5937414
0.4310000 19.9549007
0.4320000 -17.5273972
0.4330000 -12.0421314
0.4340000 -0.5210216
0.4350000 -14.3506289
0.4360000 21.9603939
0.4370000 10.2290392
0.4380000 -10.8384676
0.4390000 -13.3172007
0.4400000 57.6581917
0.4410000 36.4543686
0.4420000 -22.4811573
0.4430000 21.7865829
0.4440000 33.2352905
0.4450000 58.8884392
0.4460000 -41.7794800
0.4470000 -11.0427275
0.4480000 -14.0204105
0.4490000 -33.6933517
0.4500000 2.6791215
0.4510000 -37.1499138
0.4520000 52.5223846
0.4530000 0.0655692
0.4540000 -75.6767960
0.4550000 -10.8005428
0.4560000 11.1700792
0.4570000 50.5098610
0.4580000 57.5427437
0.4590000 -19.1494217
0.4600000 -43.3188629
0.4610000 -9.1986046
0.4620000 27.3376751
0.4630000 -15.5897303
0.4640000 -32.8773499
0.4650000 7.7291608
0.4660000 -31.4937496
0.4670000 -18.6614742
0.4680000 28.2340450
0.4690000 -4.8586178
0.4700000 -3.0970120
0.4710000 -8.1687908
0.4720000 -4.2534018
0.4730000 -1.5752017
0.4740000 -14.5720739
0.4750000 63.1897316
0.4760000 17.1558037
0.4770000 -43.6977119
0.4780000 -76.1861191
0.4790000 31.0878067
0.4800000 -21.0534019
0.4810000 11.2461548
0.4820000 25.8038921
0.4830000 -55.4848404
0.4840000 -78.4392319
0.4850000 11.1495876
0.4860000 -67.3596191
0.4870000 42.2363091
0.4880000 33.9309921
0.4890000 -36.8549156
0.4900000 2.0934498
0.4910000 47.7404442
0.4920000 47.9778671
0.4930000 3.5936227
0.4940000 -22.8153400
0.4950000 8.0047674
0.4960000 -32.9961090
0.4970000 -52.7513123
0.4980000 -30.7646370
0.4990000 43.3122292
0.5000000 26.3461933
0.5010000 21.9198074
0.5020000 -37.2493782
0.5030000 28.5982418
0.5040000 -43.8886147
0.5050000 -51.9911499
0.5060000 -34.5283966
0.5070000 35.0605965
0.5080000 6.1881995
0.5090000 6.1454630
0.5100000 -62.8435707
0.5110000 66.6005096
0.5120000 -17.2381458
0.5130000 -18.9845982
0.5140000 70.5380096
0.5150000 39.9860497
0.5160000 29.7635021
0.5170000 4.3224812
0.5180000 13.1498013
0.5190000 11.8510284
0.5200000 -70.9329910
0.5210000 32.3994217
0.5220000 23.2903614
0.5230000 47.6597748
0.5240000 48.5337601
0.5250000 -65.4958344
0.5260000 -42.1456566
0.5270000 -58.9130058
0.5280000 29.5553951
0.5290000 24.9594765
0.5300000 -15.6928205
0.5310000 -32.1263161
0.5320000 0.8863157
0.5330000 24.2620010
0.5340000 20.5179234
0.5350000 -4.1469302
0.5360000 5.6315079
0.5370000 31.6243668
0.5380000 -15.2605705
0.5390000 -8.3592720
0.5400000 20.0038872
0.5410000 13.2916346
0.5420000 39.1025887
0.5430000 14.7178345
0.5440000 -6.9175472
0.5450000 26.7671757
0.5460000 -22.4327660
0.5470000 14.7332678
0.5480000 31.2314682
0.5490000 67.0986099
0.5500000 -31.1727982
0.5510000 -23.2340508
0.5520000 -25.1742363
0.5530000 21.4079437
0.5540000 -17.8142433
0.5550000 -43.9574814
0.5560000 -38.0089722
0.5570000 -13.3003044
0.5580000 22.2395363
0.5590000 22.0898933
0.5600000 -11.4661093
0.5610000 -17.9582767
0.5620000 22.7416363
0.5630000 -64.2989502
0.5640000 29.8940868
0.5650000 15.9979801
0.5660000 8.3405714
0.5670000 11.6832180
0.5680000 33.8517799
0.5690000 -67.9899521
0.5700000 -37.9489098
0.5710000 -15.7128162
0.5720000 35.2339630
0.5730000 -11.7672834
0.5740000 23.4704437
0.5750000 -11.2032499
0.5760000 -20.5277615
0.5770000 -38.1970825
0.5780000 -40.9765778
0.5790000 -66.2430496
0.5800000 -63.1672440
0.5810000 21.7131405
0.5820000 -27.6174202
0.5830000 -29.6458855
0.5840000 48.0725060
0.5850000 -27.1738873
0.5860000 40.4523392
0.5870000 1.4148605
0.5880000 -18.8127747
0.5890000 35.9159546
0.5900000 26.8570442
0.5910000 6.7345104
0.5920000 9.1192074
0.5930000 -18.7225895
0.5940000 -8.8515291
0.5950000 63.6721344
0.5960000 31.6805496
0.5970000 4.0921125
0.5980000 14.2479935
0.5990000 -5.1910629
0.6000000 54.8115807
0.6010000 41.3357468
0.6020000 -8.0710821
0.6030000 1.4026365
0.6040000 -52.4243011
0.6050000 -27.8498154
0.6060000 -4.3625369
0.6070000 -40.6782837
0.6080000 -1.4850651
0.6090000 -99.3440399
0.6100000 -45.1630898
0.6110000 60.3376389
0.6120000 -80.6968842
0.6130000 32.6169014
0.6140000 -10.3699389
0.6150000 -2.1817622
0.6160000 0.1195071
0.6170000 -49.4403801
0.6180000 -15.9085102
0.6190000 43.8707809
0.6200000 12.4693279
0.6210000 32.5330467
0.6220000 0.8876747
0.6230000 -75.4009628
0.6240000 -71.9908218
0.6250000 7.4984136
0.6260000 6.1640935
0.6270000 -14.2510939
0.6280000 -53.7358780
0.6290000 -40.1985741
0.6300000 -6.7284298
0.6310000 28.1552563
0.6320000 4.6956596
0.6330000 2.9920263
0.6340000 7.4845462
0.6350000 -9.1179590
0.6360000 -7.2099395
0.6370000 14.9873133
0.6380000 41.7668686
0.6390000 -64.5119247
0.6400000 -9.3229523
0.6410000 6.1769996
0.6420000 -19.9049187
0.6430000 -53.3350296
0.6440000 -24.0850430
0.6450000 -14.4015446
0.6460000 42.8407478
0.6470000 33.1916008
0.6480000 -75.7148590
0.6490000 27.1708221
0.6500000 7.6753364
0.6510000 14.7074871
0.6520000 8.6011467
0.6530000 29.5447216
0.6540000 25.9171906
0.6550000 -84.0941620
0.6560000 66.8570633
0.6570000 -3.8459864
0.6580000 9.6015205
0.6590000 -9.1577587
0.6600000 5.4227958
0.6610000 -1.8759166
0.6620000 -22.7700253
0.6630000 -7.3132653
0.6640000 -44.7627716
0.6650000 35.4564095
0.6660000 -64.3701706
0.6670000 19.9252605
0.6680000 -53.6672363
0.6690000 8.2502823
0.6700000 -14.6728401
0.6710000 -55.9874191
0.6720000 66.4059677
0.6730000 -27.4311981
0.6740000 22.3716507
0.6750000 5.7623377
0.6760000 47.4363976
0.6770000 -0.2923342
0.6780000 -2.9724891
0.6790000 3.1868417
0.6800000 -42.6975975
0.6810000 63.6302528
0.6820000 44.9767075
0.6830000 48.5915375
0.6840000 19.7211304
0.6850000 2.7756009
0.6860000 10.0530252
0.6870000 -41.1624069
0.6880000 18.8995380
0.6890000 -5.2683706
0.6900000 41.7013702
0.6910000 41.3372612
0.6920000 -7.7836523
0.6930000 23.7116451
0.6940000 32.7999496
0.6950000 -41.7684479
0.6960000 55.8606415
0.6970000 -6.8916664
0.6980000 39.2501221
0.6990000 51.9590569
0.7000000 -39.3657265
0.7010000 -33.8701515
0.7020000 -12.7509012
0.7030000 -20.5216713
0.7040000 17.3278103
0.7050000 -62.5918274
0.7060000 5.4413261
0.7070000 0.3388062
0.7080000 -14.1163511
0.7090000 -11.4270296
0.7100000 37.9123116
0.7110000 -9.6118717
0.7120000 40.9555740
0.7130000 48.4168015
0.7140000 42.1364174
0.7150000 56.1014862
0.7160000 -63.5489044
0.7170000 35.0556679
0.7180000 -38.1016960
0.7190000 12.3391943
0.7200000 -30.5553417
0.7210000 15.4254465
0.7220000 6.7159290
0.7230000 -109.9523544
0.7240000 -20.0569515
0.7250000 16.7525063
0.7260000 -15.6689520
0.7270000 -39.5457611
0.7280000 40.7868195
0.7290000 16.4591179
0.7300000 -16.5952110
0.7310000 -20.9086628
0.7320000 28.5324078
0.7330000 15.5571585
0.7340000 15.8121986
0.7350000 -10.2946348
0.7360000 56.2025948
0.7370000 -13.2698126
0.7380000 46.1277199
0.7390000 -59.2455177
0.7400000 6.9366708
0.7410000 59.3912430
0.7420000 -19.1920719
0.7430000 -7.8894897
0.7440000 32.2985077
0.7450000 18.5097275
0.7460000 63.7833481
0.7470000 3.6306531
0.7480000 -31.4461422
0.7490000 40.7794342
0.7500000 14.9830160
0.7510000 -0.4749039
0.7520000 4.8426495
0.7530000 -32.4577637
0.7540000 -14.2839060
0.7550000 20.1842899
0.7560000 42.2120857
0.7570000 -14.4297209
0.7580000 -7.8122802
0.7590000 13.7300138
0.7600000 6.6576896
0.7610000 -5.7150393
0.7620000 -36.4648094
0.7630000 63.2772217
0.7640000 -35.7706566
0.7650000 14.1683578
0.7660000 -9.8600168
0.7670000 18.6342468
0.7680000 -26.7867870
0.7690000 -9.4898109
0.7700000 55.3676491
0.7710000 -45.3192177
0.7720000 -28.9125500
0.7730000 24.0084362
0.7740000 -23.2219067
0.7750000 21.3227291
0.7760000 -12.6387510
0.7770000 -4.1527672
0.7780000 26.9143333
0.7790000 12.5980654
0.7800000 -8.9411917
0.7810000 11.0780487
0.7820000 -37.8978157
0.7830000 -35.9256897
0.7840000 -4.6829233
0.7850000 40.4175034
0.7860000 21.1361752
0.7870000 33.3398819
0.7880000 2.4761512
0.7890000 -7.7614846
0.7900000 6.1268153
0.7910000 -30.5101299
0.7920000 -53.9916458
0.7930000 -31.6101513
0.7940000 27.5897980
0.7950000 30.7772255
0.7960000 41.9315605
0.7970000 23.5910645
0.7980000 13.9908428
0.7990000 -1.7585168
0.8000000 35.1782761
0.8010000 3.3597217
0.8020000 -0.3952651
0.8030000 -7.9850383
0.8040000 48.5836411
0.8050000 43.6629105
0.8060000 -1.4348195
0.8070000 -15.8835440
0.8080000 88.5337906
0.8090000 20.1739254
0.8100000 3.9297864
0.8110000 50.7790413
0.8120000 -11.1955843
0.8130000 19.4812164
0.8140000 -4.3093896
0.8150000 -40.1259232
0.8160000 -0.4029107
0.8170000 22.6024399
0.8180000 4.4912758
0.8190000 -2.8412132
0.8200000 -22.9447460
0.8210000 -8.9033899
0.8220000 10.4637833
0.8230000 -10.9114103
0.8240000 -28.3239479
0.8250000 -75.9405441
0.8260000 -19.7175808
0.8270000 -52.2393990
0.8280000 -25.8727570
0.8290000 -2.6939185
0.8300000 25.1004200
0.8310000 10.0277672
0.8320000 -22.1255302
0.8330000 24.2288456
0.8340000 11.2173662
0.8350000 -2.4434016
0.8360000 -44.8406601
0.8370000 -17.7612572
0.8380000 -57.6271820
0.8390000 23.0097218
0.8400000 2.9250748
0.8410000 40.0684700
0.8420000 -67.3150482
0.8430000 0.7672071
0.8440000 75.4521942
0.8450000 8.5565701
0.8460000 -36.8684425
0.8470000 -64.0026855
0.8480000 61.5480042
0.8490000 16.1351719
0.8500000 22.1051788
0.8510000 -36.1129265
0.8520000 38.6380539
0.8530000 -6.0548673
0.8540000 7.8181586
0.8550000 8.4780893
0.8560000 -24.8981590
0.8570000 -30.0228157
0.8580000 -12.0492201
0.8590000 6.6673551
0.8600000 11.3156481
0.8610000 25.8101406
0.8620000 -45.7353249
0.8630000 -42.9801941
0.8640000 -0.7375560
0.8650000 7.2716784
0.8660000 -2.0622449
0.8670000 -13.6034689
0.8680000 -6.6243687
0.8690000 1.9163430
0.8700000 -66.8426208
0.8710000 51.1767693
0.8720000 5.7421379
0.8730000 -16.1427097
0.8740000 0.9028464
0.8750000 17.9829617
0.8760000 25.2538872
0.8770000 -61.2663498
0.8780000 -25.3438549
0.8790000 -4.9388447
0.8800000 10.8721657
0.8810000 -8.0411701
0.8820000 32.9978905
0.8830000 -1.4719574
0.8840000 -16.0332146
0.8850000 0.7356184
0.8860000 -40.0130196
0.8870000 4.5166931
0.8880000 -13.0770912
0.8890000 -18.3439941
0.8900000 -19.9699841
0.8910000 -45.2997627
0.8920000 -29.8466702
0.8930000 7.4422922
0.8940000 43.6724701
0.8950000 78.1196976
0.8960000 7.6519785
0.8970000 -1.6314046
0.8980000 35.5391159
0.8990000 -98.3906937
0.9000000 -8.1176634
0.9010000 -35.8307266
0.9020000 14.6433802
0.9030000 -5.2215848
0.9040000 52.4713440
0.9050000 -21.8792877
0.9060000 21.7436409
0.9070000 14.0419064
0.9080000 19.0849304
0.9090000 -21.0384731
0.9100000 4.6805744
0.9110000 -10.2572832
0.9120000 -41.1336632
0.9130000 -47.6490631
0.9140000 36.5460548
0.9150000 -5.2796516
0.9160000 -97.9339371
0.9170000 15.0651951
0.9180000 -9.6841841
0.9190000 -12.1126852
0.9200000 39.7091751
0.9210000 -4.9262490
0.9220000 42.1847992
0.9230000 47.2408638
0.9240000 -15.6807480
0.9250000 -11.0173635
0.9260000 49.5854759
0.9270000 21.0732689
0.9280000 15.1898975
0.9290000 -62.5229683
0.9300000 49.4141121
0.9310000 64.6653214
0.9320000 -47.6959457
0.9330000 -17.3413773
0.9340000 20.8196812
0.9350000 -20.0531712
0.9360000 56.3108253
0.9370000 -11.4795542
0.9380000 -5.0344825
0.9390000 12.0889940
0.9400000 40.2377815
0.9410000 1.5214846
0.9420000 -34.0274010
0.9430000 7.9940419
0.9440000 2.8144190
0.9450000 -20.1861706
0.9460000 -18.6422691
0.9470000 -27.4665699
0.9480000 11.7479658
0.9490000 -17.2678623
0.9500000 38.8984108
0.9510000 36.2876778
0.9520000 62.5693474
0.9530000 -19.8821583
0.9540000 8.7713966
0.9550000 -36.4383430
0.9560000 -52.0276604
0.9570000 21.6519051
0.9580000 33.8630867
0.9590000 8.9389973
0.9600000 44.8618736
0.9610000 31.3300247
0.9620000 -74.0255890
0.9630000 1.4434981
0.9640000 -12.3304090
0.9650000 -20.5617390
0.9660000 -17.8804245
0.9670000 38.6253090
0.9680000 -62.1752777
0.9690000 -36.5424004
0.9700000 14.5509138
0.9710000 17.6122131
0.9720000 -7.7133818
0.9730000 36.3461456
0.9740000 20.3292084
0.9750000 -1.1559582
0.9760000 38.8391800
0.9770000 8.8612881
0.9780000 13.7808113
0.9790000 -33.6506615
0.9800000 -9.8957748
0.9810000 58.8432693
0.9820000 -76.5260620
0.9830000 15.8665323
0.9840000 26.8420963
0.9850000 13.6572800
0.9860000 0.4808577
0.9870000 100.5430222
0.9880000 -16.3571453
0.9890000 -35.2820892
0.9900000 -4.6794477
0.9910000 -5.0222654
0.9920000 7.7197714
0.9930000 31.0413609
0.9940000 25.6738205
0.9950000 8.9875717
0.9960000 -23.6861305
0.9970000 -33.7137985
0.9980000 32.5066376
0.9990000 10.3191833
