0.0000000 16.1271400
0.0010000 -6.9197888
0.0020000 10.8286572
0.0030000 -36.6380157
0.0040000 42.8921814
0.0050000 -30.6143742
0.0060000 0.0612098
0.0070000 38.4928284
0.0080000 23.8170547
0.0090000 14.8926849
0.0100000 11.7121887
0.0110000 20.3099842
0.0120000 4.3769908
0.0130000 5.5406818
0.0140000 -23.4291878
0.0150000 17.8252983
0.0160000 22.6430988
0.0170000 47.7407684
0.0180000 -6.9509635
0.0190000 67.5936813
0.0200000 -25.5540028
0.0210000 -2.1237805
0.0220000 -14.7548361
0.0230000 -12.6310501
0.0240000 -1.7151436
0.0250000 17.9506893
0.0260000 -27.5871983
0.0270000 -41.4615746
0.0280000 6.6669655
0.0290000 -29.3014812
0.0300000 -7.9805093
0.0310000 18.1950798
0.0320000 -14.1408329
0.0330000 14.8462801
0.0340000 46.3067741
0.0350000 -21.4740658
0.0360000 3.0189157
0.0370000 -22.9526196
0.0380000 45.4497108
0.0390000 -21.8626118
0.0400000 -14.7203960
0.0410000 7.7370987
0.0420000 28.3488255
0.0430000 13.7584257
0.0440000 -31.2679863
0.0450000 9.4071560
0.0460000 -44.5260506
0.0470000 18.2639866
0.0480000 -16.4691029
0.0490000 -64.8712463
0.0500000 1.2881273
0.0510000 26.6930714
0.0520000 -61.2579002
0.0530000 -16.4618530
0.0540000 -12.8255215
0.0550000 27.1284161
0.0560000 -84.6917801
0.0570000 8.5027637
0.0580000 10.1829948
0.0590000 30.4741745
0.0600000 -5.7412510
0.0610000 -38.5669212
0.0620000 34.3178749
0.0630000 45.6644211
0.0640000 -11.9826002
0.0650000 20.0506458
0.0660000 4.7943773
0.0670000 0.0895951
0.0680000 7.1475434
0.0690000 37.7009964
0.0700000 40.9243126
0.0710000 -12.8608418
0.0720000 16.6953621
0.0730000 -20.0858364
0.0740000 26.6173077
0.0750000 27.4406471
0.0760000 -11.7235470
0.0770000 -69.5404510
0.0780000 23.3128548
0.0790000 72.2941589
0.0800000 0.5978808
0.0810000 -6.7355003
0.0820000 13.5917835
0.0830000 9.4538965
0.0840000 -13.0789156
0.0850000 47.2153397
0.0860000 5.9450216
0.0870000 -30.3213158
0.0880000 -14.7329807
0.0890000 50.1214867
0.0900000 -39.6881256
0.0910000 -47.7219391
0.0920000 -30.0840378
0.0930000 -15.6918221
0.0940000 49.8135033
0.0950000 -0.1873482
0.0960000 -36.6993370
0.0970000 -51.0665817
0.0980000 -38.3027725
0.0990000 -4.2237692
0.1000000 7.9986897
0.1010000 -24.3650913
0.1020000 46.8312798
0.1030000 -10.6106758
0.1040000 -4.0901842
0.1050000 25.8186207
0.1060000 -1.8199164
0.1070000 14.0432386
0.1080000 41.8495026
0.1090000 -14.1476021
0.1100000 -13.1554842
0.1110000 -6.7652879
0.1120000 -67.2077484
0.1130000 -11.4451361
0.1140000 59.7692528
0.1150000 55.1901398
0.1160000 -25.3790989
0.1170000 8.9646101
0.1180000 67.7900467
0.1190000 2.8646646
0.1200000 3.8833156
0.1210000 28.1103039
0.1220000 25.2248516
0.1230000 0.3686816
0.1240000 50.1313438
0.1250000 -29.9062824
0.1260000 34.3236771
0.1270000 -68.8944321
0.1280000 66.5689240
0.1290000 3.2386775
0.1300000 17.9399109
0.1310000 15.8542461
0.1320000 33.5135193
0.1330000 63.5567780
0.1340000 -7.1247401
0.1350000 -29.1614571
0.1360000 -2.3412485
0.1370000 32.3008308
0.1380000 -21.1578484
0.1390000 10.1890278
0.1400000 -41.3005562
0.1410000 47.4356804
0.1420000 -12.9920588
0.1430000 -15.1999207
0.1440000 26.3155594
0.1450000 -22.0613270
0.1460000 -17.6975098
0.1470000 43.7905273
0.1480000 43.1490288
0.1490000 6.1098146
0.1500000 -42.7527122
0.1510000 -64.9305649
0.1520000 -11.6556110
0.1530000 -33.7793846
0.1540000 23.4913864
0.1550000 -19.4043446
0.1560000 -14.4662237
0.1570000 -23.5904713
0.1580000 7.7090116
0.1590000 17.3024902
0.1600000 -18.1766453
0.1610000 -7.8808470
0.1620000 14.7691031
0.1630000 -30.5892735
0.1640000 32.6098595
0.1650000 61.0513382
0.1660000 -15.5364742
0.1670000 28.3945179
0.1680000 65.0491104
0.1690000 -37.7529068
0.1700000 23.7147083
0.1710000 49.3551407
0.1720000 -11.7460756
0.1730000 13.7696390
0.1740000 3.1016188
0.1750000 -38.2501488
0.1760000 -25.8267117
0.1770000 -50.4357185
0.1780000 7.6918812
0.1790000 -7.6834388
0.1800000 -5.8926783
0.1810000 -26.4825020
0.1820000 -21.4740582
0.1830000 72.4003601
0.1840000 42.9143829
0.1850000 -25.2056465
0.1860000 -13.3321457
0.1870000 -50.8865013
0.1880000 -36.7006645
0.1890000 -15.7039328
0.1900000 -6.9261384
0.1910000 -24.0706520
0.1920000 18.9148235
0.1930000 24.2492599
0.1940000 10.7481365
0.1950000 1.4705819
0.1960000 -13.0295830
0.1970000 26.0362949
0.1980000 42.2841911
0.1990000 86.4611206
0.2000000 -49.5470581
0.2010000 40.6915779
0.2020000 -78.8077850
0.2030000 0.3323974
0.2040000 -16.3756981
0.2050000 -41.9708328
0.2060000 25.4643097
0.2070000 -12.6885767
0.2080000 -54.5865364
0.2090000 -26.3180408
0.2100000 -30.4523239
0.2110000 -23.7752647
0.2120000 2.4903071
0.2130000 -52.8028755
0.2140000 18.9638901
0.2150000 -27.5173569
0.2160000 -57.7985306
0.2170000 88.4355392
0.2180000 61.4434052
0.2190000 55.5877762
0.2200000 24.9852352
0.2210000 -35.3224106
0.2220000 -13.0712328
0.2230000 -3.9099002
0.2240000 2.5896940
0.2250000 -5.7965775
0.2260000 45.0079422
0.2270000 12.9511700
0.2280000 6.7987514
0.2290000 68.4936142
0.2300000 -4.1246510
0.2310000 -45.2862663
0.2320000 25.4432831
0.2330000 -7.7086263
0.2340000 -30.2173042
0.2350000 -7.5622945
0.2360000 19.7282276
0.2370000 -2.9857895
0.2380000 -28.8820915
0.2390000 63.4287834
0.2400000 -19.7386608
0.2410000 -49.9222717
0.2420000 7.3657107
0.2430000 21.1228485
0.2440000 21.1670437
0.2450000 37.3088760
0.2460000 -15.9235249
0.2470000 -7.1072149
0.2480000 36.4672966
0.2490000 -20.6609097
0.2500000 74.0482025
0.2510000 5.4060903
0.2520000 -37.0881882
0.2530000 -23.6748486
0.2540000 30.9931793
0.2550000 89.7696304
0.2560000 -28.9224186
0.2570000 39.6534195
0.2580000 -22.0797672
0.2590000 -15.9228153
0.2600000 -46.2976379
0.2610000 8.3062572
0.2620000 0.4000857
0.2630000 -10.7446356
0.2640000 14.8338404
0.2650000 49.9756660
0.2660000 -0.1683354
0.2670000 3.9019983
0.2680000 -47.5784111
0.2690000 -18.6885910
0.2700000 101.1745224
0.2710000 -55.7628098
0.2720000 11.1242189
0.2730000 3.2020791
0.2740000 59.3424530
0.2750000 36.7001305
0.2760000 22.4679832
0.2770000 -7.1361389
0.2780000 -19.9433155
0.2790000 58.2672005
0.2800000 13.2100191
0.2810000 3.7453260
0.2820000 -41.4991989
0.2830000 34.2921295
0.2840000 -13.7044449
0.2850000 43.5373764
0.2860000 58.7760201
0.2870000 -41.6026573
0.2880000 -29.8472900
0.2890000 58.8237610
0.2900000 37.6447296
0.2910000 41.4700699
0.2920000 31.9414196
0.2930000 68.6338959
0.2940000 10.8136997
0.2950000 -26.3754978
0.2960000 -29.5602970
0.2970000 28.9440804
0.2980000 7.0977564
0.2990000 -20.8534851
0.3000000 16.6763134
0.3010000 -24.8325043
0.3020000 -19.8311062
0.3030000 14.2702446
0.3040000 -37.2310410
0.3050000 -32.5421486
0.3060000 -13.9877558
0.3070000 -34.0018692
0.3080000 44.3359261
0.3090000 39.9116287
0.3100000 25.7696552
0.3110000 45.7808762
0.3120000 45.0351334
0.3130000 1.0808972
0.3140000 -46.9558792
0.3150000 11.5680523
0.3160000 5.4497643
0.3170000 -17.1943378
0.3180000 58.0174294
0.3190000 7.2791696
0.3200000 -61.6203499
0.3210000 -38.1887627
0.3220000 -6.8582835
0.3230000 -21.9549026
0.3240000 -18.7709217
0.3250000 -6.8363185
0.3260000 27.4270210
0.3270000 -12.6619806
0.3280000 -26.9078865
0.3290000 44.8868179
0.3300000 19.4969921
0.3310000 -12.0641851
0.3320000 39.3115196
0.3330000 -39.7345123
0.3340000 -16.3638401
0.3350000 -19.8661900
0.3360000 18.6426983
0.3370000 14.8694715
0.3380000 -62.3902626
0.3390000 0.3265180
0.3400000 -10.4045591
0.3410000 -44.2106171
0.3420000 37.0205231
0.3430000 -7.6869979
0.3440000 0.8544976
0.3450000 52.0250664
0.3460000 26.7869873
0.3470000 57.0969315
0.3480000 6.4363899
0.3490000 -14.8637543
0.3500000 9.1640997
0.3510000 22.2212906
0.3520000 48.3197784
0.3530000 -14.9566202
0.3540000 -18.5586929
0.3550000 -50.0302086
0.3560000 -53.2617188
0.3570000 22.5914764
0.3580000 28.0865822
0.3590000 -40.1900749
0.3600000 -4.0612073
0.3610000 5.4575877
0.3620000 -52.2669144
0.3630000 1.5632889
0.3640000 6.6932287
0.3650000 -15.3264647
0.3660000 -5.6124706
0.3670000 -7.7136650
0.3680000 -9.7389812
0.3690000 33.9453773
0.3700000 47.7254257
0.3710000 -12.1476622
0.3720000 39.9380836
0.3730000 -13.4279432
0.3740000 2.5008390
0.3750000 5.3945408
0.3760000 43.0961494
0.3770000 63.6572914
0.3780000 -21.8060493
0.3790000 -31.8097801
0.3800000 28.4085159
0.3810000 -15.6385002
0.3820000 20.4352570
0.3830000 -89.7133865
0.3840000 9.2163258
0.3850000 -32.8219185
0.3860000 44.5834961
0.3870000 37.4529610
0.3880000 -39.5492592
0.3890000 24.5747318
0.3900000 8.0938339
0.3910000 -1.0532949
0.3920000 -21.6003704
0.3930000 -46.1193390
0.3940000 -15.4955282
0.3950000 -89.6883850
0.3960000 36.2714844
0.3970000 -18.4277058
0.3980000 -44.0847702
0.3990000 34.7601242
0.4000000 -37.8212395
0.4010000 66.5091476
0.4020000 11.8455334
0.4030000 11.8105326
0.4040000 -28.0777817
0.4050000 16.8393421
0.4060000 -15.7687016
0.4070000 -38.6897011
0.4080000 65.1557159
0.4090000 -28.9893379
0.4100000 39.9628296
0.4110000 -14.1068754
0.4120000 -0.8423038
0.4130000 -15.6376858
0.4140000 35.2657280
0.4150000 -40.4823914
0.4160000 -45.7192497
0.4170000 58.3680801
0.4180000 42.5108070
0.4190000 20.6161804
0.4200000 50.6915054
0.4210000 -12.8701487
0.4220000 -3.1701667
0.4230000 -46.2983322
0.4240000 -3.4602549
0.4250000 30.0259876
0.4260000 -25.7652931
0.4270000 -31.4868145
0.4280000 -45.7236748
0.4290000 -2.8848846
0.4300000 -18.5081749
0.4310000 -37.9177818
0.4320000 14.0384836
0.4330000 20.4261856
0.4340000 -99.1074753
0.4350000 -10.0232143
0.4360000 -14.8946266
0.4370000 25.5894222
0.4380000 9.3258553
0.4390000 126.5382919
0.4400000 32.4670410
0.4410000 33.4481926
0.4420000 -21.6964035
0.4430000 -24.5342903
0.4440000 -49.6311874
0.4450000 -9.9253445
0.4460000 21.5485878
0.4470000 -13.0206747
0.4480000 -42.4794617
0.4490000 13.1078272
0.4500000 3.9956672
0.4510000 30.6794415
0.4520000 -26.3876781
0.4530000 1.8537596
0.4540000 -9.0231400
0.4550000 -57.9678307
0.4560000 8.2326670
0.4570000 -51.3671837
0.4580000 -5.2478976
0.4590000 -5.9041553
0.4600000 -34.7821121
0.4610000 12.4598770
0.4620000 5.6257081
0.4630000 36.7933502
0.4640000 -13.4490595
0.4650000 21.0758095
0.4660000 -34.8263359
0.4670000 67.9518738
0.4680000 -9.5507622
0.4690000 2.8818812
0.4700000 -26.2426319
0.4710000 -19.9905739
0.4720000 -35.4846764
0.4730000 -10.0948868
0.4740000 22.8147697
0.4750000 47.8636398
0.4760000 -6.9606099
0.4770000 43.5887032
0.4780000 31.0165005
0.4790000 60.9614754
0.4800000 19.2109108
0.4810000 3.7768567
0.4820000 21.5454025
0.4830000 -62.6983681
0.4840000 25.7341995
0.4850000 -36.3602486
0.4860000 44.7073975
0.4870000 12.4756680
0.4880000 -38.2448463
0.4890000 4.3167243
0.4900000 -47.1114540
0.4910000 24.2116280
0.4920000 -39.5311775
0.4930000 39.7259064
0.4940000 -65.6889572
0.4950000 -2.9980557
0.4960000 42.5172920
0.4970000 59.9009171
0.4980000 -51.7008705
0.4990000 23.8664818
0.5000000 53.7069702
0.5010000 -19.6383324
0.5020000 -22.9966526
0.5030000 13.2623148
0.5040000 64.0066833
0.5050000 -23.0545177
0.5060000 71.5957184
0.5070000 -25.7643337
0.5080000 -26.4834023
0.5090000 35.5035019
0.5100000 18.8614445
0.5110000 99.7186279
0.5120000 -17.0270786
0.5130000 34.4645119
0.5140000 -36.4180222
0.5150000 -19.5204163
0.5160000 -61.1784706
0.5170000 -14.3587437
0.5180000 -16.6301842
0.5190000 -10.8207054
0.5200000 17.4003696
0.5210000 -9.0650129
0.5220000 12.9056520
0.5230000 -23.7725391
0.5240000 1.9631970
0.5250000 -16.7587852
0.5260000 64.0378265
0.5270000 -18.8203888
0.5280000 -13.4354839
0.5290000 -0.3627882
0.5300000 8.4267807
0.5310000 8.3630943
0.5320000 -43.1736641
0.5330000 -28.6239586
0.5340000 10.5290289
0.5350000 6.4375052
0.5360000 22.7487698
0.5370000 31.3378830
0.5380000 -10.2088814
0.5390000 46.7838326
0.5400000 -34.8825302
0.5410000 -42.8545723
0.5420000 20.5384216
0.5430000 -7.7103200
0.5440000 17.5788879
0.5450000 -83.1133804
0.5460000 26.4540367
0.5470000 -1.8515599
0.5480000 18.3483009
0.5490000 -10.1394892
0.5500000 3.2296877
0.5510000 4.9329224
0.5520000 -10.8704519
0.5530000 -11.4970579
0.5540000 35.7529297
0.5550000 18.4346371
0.5560000 -2.4480219
0.5570000 36.0556870
0.5580000 -39.1204758
0.5590000 -25.9498081
0.5600000 -35.6848030
0.5610000 22.8994522
0.5620000 20.8050613
0.5630000 -8.7612238
0.5640000 2.6561880
0.5650000 12.7776060
0.5660000 -3.9696403
0.5670000 17.7355595
0.5680000 -33.2048759
0.5690000 9.2139349
0.5700000 58.7075691
0.5710000 8.4965582
0.5720000 9.4510803
0.5730000 10.1736526
0.5740000 -28.5441875
0.5750000 48.6134338
0.5760000 -26.3424759
0.5770000 -16.2465916
0.5780000 -34.2432632
0.5790000 5.4722838
0.5800000 23.9183655
0.5810000 61.6580505
0.5820000 -11.2441120
0.5830000 28.6237011
0.5840000 -32.4631882
0.5850000 -45.9612122
0.5860000 8.2550001
0.5870000 31.1498260
0.5880000 62.0544586
0.5890000 33.1141243
0.5900000 19.6141109
0.5910000 -26.4206524
0.5920000 -28.7427845
0.5930000 -20.4147377
0.5940000 -21.0423698
0.5950000 -2.4245067
0.5960000 -65.2892456
0.5970000 39.5619240
0.5980000 13.6808329
0.5990000 -24.0894222
0.6000000 -63.9869728
0.6010000 51.6038399
0.6020000 3.7406287
0.6030000 11.1960907
0.6040000 -11.8718090
0.6050000 15.5145226
0.6060000 40.8081055
0.6070000 89.4909058
0.6080000 36.5106926
0.6090000 -19.5756798
0.6100000 -64.4718246
0.6110000 -26.6304588
0.6120000 -42.8398857
0.6130000 18.3749084
0.6140000 15.7263021
0.6150000 11.8810825
0.6160000 16.0608997
0.6170000 -1.8490100
0.6180000 -8.5361214
0.6190000 22.3342934
0.6200000 -9.5305958
0.6210000 52.4041824
0.6220000 -45.4620399
0.6230000 -37.9303474
0.6240000 -70.3963318
0.6250000 61.9498825
0.6260000 -2.1536226
0.6270000 -1.3770173
0.6280000 44.5081787
0.6290000 33.9111862
0.6300000 -16.7742233
0.6310000 25.6035042
0.6320000 7.8437386
0.6330000 -27.1203480
0.6340000 -6.5476971
0.6350000 -54.4213829
0.6360000 20.1917419
0.6370000 9.6016178
0.6380000 24.4927540
0.6390000 41.6140671
0.6400000 -52.7048721
0.6410000 -20.5626736
0.6420000 1.9021248
0.6430000 59.0614853
0.6440000 -16.8017368
0.6450000 -8.3892422
0.6460000 32.7213516
0.6470000 1.1609820
0.6480000 5.6841264
0.6490000 -11.5413380
0.6500000 29.8754158
0.6510000 -4.4843893
0.6520000 43.0622520
0.6530000 -31.0790768
0.6540000 3.0603929
0.6550000 -21.0596104
0.6560000 -27.3943348
0.6570000 -37.7333908
0.6580000 -4.2331300
0.6590000 -1.8567948
0.6600000 52.3923302
0.6610000 -30.8639202
0.6620000 2.4578431
0.6630000 -41.9369850
0.6640000 -39.5629196
0.6650000 -42.8288536
0.6660000 6.6018758
0.6670000 21.0528622
0.6680000 12.3183393
0.6690000 12.8710070
0.6700000 -4.3917165
0.6710000 0.3182231
0.6720000 3.1621006
0.6730000 57.3872604
0.6740000 -20.3603172
0.6750000 -4.5157318
0.6760000 -2.5488470
0.6770000 24.5276451
0.6780000 1.8602279
0.6790000 -4.3467855
0.6800000 11.2779522
0.6810000 -56.1787491
0.6820000 23.4734612
0.6830000 66.6867294
0.6840000 -38.2993736
0.6850000 43.9970627
0.6860000 -42.5713234
0.6870000 9.1325331
0.6880000 -23.1332722
0.6890000 25.0614758
0.6900000 -4.3277130
0.6910000 38.2937393
0.6920000 -5.4795289
0.6930000 -48.3929520
0.6940000 33.7264061
0.6950000 37.4363213
0.6960000 25.3007565
0.6970000 41.4570999
0.6980000 46.7401390
0.6990000 0.5667735
0.7000000 7.8266897
0.7010000 -28.1903095
0.7020000 15.7553120
0.7030000 53.0937462
0.7040000 14.2949715
0.7050000 -11.8161860
0.7060000 -26.3140869
0.7070000 -42.1281929
0.7080000 12.9168425
0.7090000 28.6209106
0.7100000 11.8864317
0.7110000 20.8385677
0.7120000 3.3382230
0.7130000 5.0167036
0.7140000 14.7314587
0.7150000 -32.9764252
0.7160000 -19.6012859
0.7170000 -15.7249765
0.7180000 -55.0906143
0.7190000 89.5553970
0.7200000 25.9731541
0.7210000 -37.8090668
0.7220000 -25.2525692
0.7230000 32.9487038
0.7240000 -13.9772472
0.7250000 -47.2100029
0.7260000 2.5516193
0.7270000 -11.8180933
0.7280000 40.6749954
0.7290000 -37.8044701
0.7300000 39.5862350
0.7310000 -20.3983192
0.7320000 -45.2026787
0.7330000 24.7889748
0.7340000 -6.8270469
0.7350000 -34.8555832
0.7360000 16.1361084
0.7370000 -121.9880066
0.7380000 -50.4067650
0.7390000 -30.1938267
0.7400000 11.7853718
0.7410000 -8.9268732
0.7420000 15.5549316
0.7430000 -65.6319580
0.7440000 -19.9500999
0.7450000 -10.1126022
0.7460000 -53.5170784
0.7470000 -82.0269318
0.7480000 37.1361961
0.7490000 60.2067413
0.7500000 -4.8884611
0.7510000 7.1884794
0.7520000 -11.9798059
0.7530000 31.1228333
0.7540000 18.8021870
0.7550000 -30.4892139
0.7560000 -42.6957893
0.7570000 -58.0918007
0.7580000 67.6704788
0.7590000 -47.8159409
0.7600000 30.4414330
0.7610000 -13.6474619
0.7620000 -47.9962654
0.7630000 5.6587749
0.7640000 -26.2379780
0.7650000 38.5653534
0.7660000 -21.9673462
0.7670000 -8.1769123
0.7680000 13.3704414
0.7690000 9.6719570
0.7700000 -38.5233994
0.7710000 -24.3195744
0.7720000 64.3377762
0.7730000 -42.9942741
0.7740000 54.6279869
0.7750000 -4.4153852
0.7760000 42.0257301
0.7770000 -6.7486892
0.7780000 2.6259606
0.7790000 34.8348312
0.7800000 -38.5287552
0.7810000 -19.7325249
0.7820000 -32.0861855
0.7830000 -14.6779165
0.7840000 42.6602440
0.7850000 24.7127266
0.7860000 64.7817230
0.7870000 -31.1436138
0.7880000 -29.5567226
0.7890000 -44.3565407
0.7900000 9.3692722
0.7910000 -41.5626144
0.7920000 -0.9017212
0.7930000 -0.5402600
0.7940000 -18.3314743
0.7950000 -31.4998207
0.7960000 -40.4986305
0.7970000 15.9015903
0.7980000 -12.5498238
0.7990000 27.6908112
0.8000000 -62.3602028
0.8010000 18.2620525
0.8020000 41.7177124
0.8030000 -63.7616806
0.8040000 -10.8461847
0.8050000 43.2033691
0.8060000 -43.6028519
0.8070000 18.6156979
0.8080000 -23.6965466
0.8090000 -13.6512918
0.8100000 -11.2921228
0.8110000 -1.1690708
0.8120000 42.5548019
0.8130000 -12.0399008
0.8140000 -45.5005760
0.8150000 -5.9716425
0.8160000 -9.3117447
0.8170000 -8.7385941
0.8180000 33.1786232
0.8190000 2.5166161
0.8200000 -80.6787567
0.8210000 15.9544201
0.8220000 -4.2869902
0.8230000 -4.9513073
0.8240000 46.2279434
0.8250000 47.5537987
0.8260000 -4.9875946
0.8270000 -47.6823273
0.8280000 31.1581345
0.8290000 -31.9484577
0.8300000 -75.2715073
0.8310000 -7.5570254
0.8320000 -61.0937119
0.8330000 -26.6232376
0.8340000 -33.2888947
0.8350000 -36.5280418
0.8360000 11.1214151
0.8370000 -2.9230812
0.8380000 60.2271767
0.8390000 26.9260311
0.8400000 57.6109924
0.8410000 43.4041977
0.8420000 38.1771736
0.8430000 -49.0097656
0.8440000 41.5027885
0.8450000 -31.3805027
0.8460000 -55.8594398
0.8470000 37.7514763
0.8480000 -8.7149057
0.8490000 4.4394846
0.8500000 22.1513596
0.8510000 0.8346924
0.8520000 50.4299316
0.8530000 -90.5974655
0.8540000 3.6368265
0.8550000 -54.8542519
0.8560000 2.8308697
0.8570000 -10.1787071
0.8580000 7.9672017
0.8590000 -63.9856071
0.8600000 -1.3737148
0.8610000 -52.5367203
0.8620000 23.0167160
0.8630000 32.9675789
0.8640000 -43.1526833
0.8650000 67.3232498
0.8660000 11.7716265
0.8670000 -47.1661530
0.8680000 11.7757549
0.8690000 31.1643124
0.8700000 -45.4754219
0.8710000 -66.1621399
0.8720000 -6.3226867
0.8730000 12.1603222
0.8740000 -25.0652065
0.8750000 -0.4222252
0.8760000 20.0602398
0.8770000 -61.8832779
0.8780000 -32.4135971
0.8790000 18.6741943
0.8800000 -55.5288010
0.8810000 -27.4131680
0.8820000 -9.7725630
0.8830000 -10.2300358
0.8840000 43.1851654
0.8850000 -25.5889740
0.8860000 48.4731712
0.8870000 21.8502522
0.8880000 -53.6420174
0.8890000 -78.2815399
0.8900000 -34.3493233
0.8910000 -46.7354393
0.8920000 54.9263573
0.8930000 31.7701778
0.8940000 37.6502686
0.8950000 -8.1131353
0.8960000 -19.0794582
0.8970000 22.2764568
0.8980000 8.8096237
0.8990000 26.9797459
0.9000000 16.3043633
0.9010000 -47.2118797
0.9020000 -9.9584970
0.9030000 9.5735722
0.9040000 -14.9945736
0.9050000 -6.1996584
0.9060000 8.8273325
0.9070000 -103.8804703
0.9080000 4.7063789
0.9090000 -37.1291809
0.9100000 -18.3116016
0.9110000 -9.0977364
0.9120000 33.6513023
0.9130000 -34.3280029
0.9140000 -34.8222160
0.9150000 -16.9252586
0.9160000 35.1252022
0.9170000 -14.3194427
0.9180000 19.4293270
0.9190000 10.6029606
0.9200000 29.4316330
0.9210000 47.5505295
0.9220000 -16.0814934
0.9230000 -1.3819370
0.9240000 8.9664831
0.9250000 31.1689587
0.9260000 -32.2293243
0.9270000 4.6519418
0.9280000 -69.0619507
0.9290000 -30.2387581
0.9300000 52.5068970
0.9310000 -46.3027916
0.9320000 -21.3070946
0.9330000 -12.2598934
0.9340000 14.0692387
0.9350000 -28.8800716
0.9360000 -35.2907410
0.9370000 -11.6695328
0.9380000 -16.5884132
0.9390000 65.8924866
0.9400000 68.8675842
0.9410000 -19.9013538
0.9420000 33.2276115
0.9430000 6.0000019
0.9440000 -42.5093040
0.9450000 39.1016998
0.9460000 -27.9872570
0.9470000 42.4333954
0.9480000 53.5571861
0.9490000 81.4249191
0.9500000 -24.1211147
0.9510000 60.6552467
0.9520000 88.1891861
0.9530000 11.4642305
0.9540000 -55.3798027
0.9550000 8.5668936
0.9560000 26.3805923
0.9570000 -29.9000549
0.9580000 -58.6275978
0.9590000 -0.7192295
0.9600000 -9.0239210
0.9610000 -56.8766060
0.9620000 24.2989941
0.9630000 -22.7436829
0.9640000 30.3206425
0.9650000 -17.9684410
0.9660000 -12.0256901
0.9670000 -37.0699997
0.9680000 -13.6554356
0.9690000 -2.8344946
0.9700000 -32.3645134
0.9710000 19.9188328
0.9720000 13.4178419
0.9730000 60.2265358
0.9740000 -15.6288996
0.9750000 -1.9063281
0.9760000 27.7529640
0.9770000 -18.8546963
0.9780000 22.9345360
0.9790000 21.3803864
0.9800000 -3.4214127
0.9810000 -9.7875204
0.9820000 -2.0612638
0.9830000 4.7698240
0.9840000 -11.4256830
0.9850000 36.5892601
0.9860000 -17.3799133
0.9870000 -0.3024856
0.9880000 12.6540155
0.9890000 -20.7333565
0.9900000 -12.7313480
0.9910000 -84.7434998
0.9920000 3.9569876
0.9930000 -53.3132248
0.9940000 -69.9145813
0.9950000 26.3202171
0.9960000 40.0325012
0.9970000 -30.6861858
0.9980000 15.9681969
0.9990000 -17.2773991
