0.0000000 49.7657623
0.0010000 4.9353652
0.0020000 23.6485558
0.0030000 8.6424408
0.0040000 -3.0101769
0.0050000 1.5680293
0.0060000 15.3074150
0.0070000 1.0184875
0.0080000 37.0038605
0.0090000 -58.7618484
0.0100000 -36.7968254
0.0110000 40.0596428
0.0120000 -26.3065739
0.0130000 42.2351875
0.0140000 9.8956003
0.0150000 -11.4954967
0.0160000 29.3115826
0.0170000 -42.3870926
0.0180000 -4.8892474
0.0190000 -43.3965225
0.0200000 -18.3289356
0.0210000 64.8061218
0.0220000 -14.3164606
0.0230000 41.0329018
0.0240000 32.6453362
0.0250000 -5.0668578
0.0260000 -52.9778824
0.0270000 -18.5069046
0.0280000 15.6509562
0.0290000 -7.6796517
0.0300000 15.6843586
0.0310000 31.5239925
0.0320000 22.1555138
0.0330000 -56.9177628
0.0340000 5.0893636
0.0350000 17.6324425
0.0360000 -33.2547035
0.0370000 28.4867249
0.0380000 23.1861248
0.0390000 22.3484383
0.0400000 -2.5906279
0.0410000 0.8811823
0.0420000 -0.0483577
0.0430000 48.6116600
0.0440000 25.4442616
0.0450000 -40.1554756
0.0460000 -57.4044228
0.0470000 -30.6650620
0.0480000 -1.8527933
0.0490000 65.9288406
0.0500000 -86.2686691
0.0510000 -43.8867226
0.0520000 -8.4471416
0.0530000 25.6962471
0.0540000 29.1636047
0.0550000 -37.0204735
0.0560000 41.3527908
0.0570000 91.1670151
0.0580000 53.9510727
0.0590000 1.6329710
0.0600000 5.3542643
0.0610000 -76.0651398
0.0620000 -1.7820271
0.0630000 -15.5612030
0.0640000 3.1170025
0.0650000 -3.9123738
0.0660000 37.3855324
0.0670000 68.0110855
0.0680000 -38.4182205
0.0690000 -42.8590622
0.0700000 31.6371193
0.0710000 8.6761255
0.0720000 3.7371893
0.0730000 34.2692795
0.0740000 15.0588331
0.0750000 19.8435860
0.0760000 34.3690567
0.0770000 -12.3459215
0.0780000 76.7263870
0.0790000 11.2904568
0.0800000 -1.0475940
0.0810000 -14.0374975
0.0820000 84.8452682
0.0830000 -1.4121957
0.0840000 23.7054234
0.0850000 -7.2181969
0.0860000 8.3288746
0.0870000 -88.6735764
0.0880000 26.5521870
0.0890000 9.8095226
0.0900000 -37.7592468
0.0910000 53.2706909
0.0920000 -9.9139843
0.0930000 -46.3936996
0.0940000 -50.1197777
0.0950000 -29.3001251
0.0960000 22.8155193
0.0970000 16.8203697
0.0980000 -22.5029049
0.0990000 10.8327255
0.1000000 -9.2274008
0.1010000 3.3291025
0.1020000 -9.0785599
0.1030000 21.4849968
0.1040000 74.3438263
0.1050000 -36.3197823
0.1060000 -11.2620859
0.1070000 84.8551941
0.1080000 14.0732517
0.1090000 1.6778016
0.1100000 -51.8316040
0.1110000 16.6292477
0.1120000 38.0983238
0.1130000 1.4755013
0.1140000 -20.5972290
0.1150000 10.0948992
0.1160000 -17.3763046
0.1170000 -22.1481724
0.1180000 -18.6371288
0.1190000 -11.9809151
0.1200000 16.3706284
0.1210000 -25.4180183
0.1220000 -2.2279837
0.1230000 26.0278606
0.1240000 -5.3681169
0.1250000 34.7947617
0.1260000 41.9426765
0.1270000 -65.6324539
0.1280000 -24.6264935
0.1290000 5.1568756
0.1300000 18.4694977
0.1310000 13.4817009
0.1320000 -0.9959655
0.1330000 17.7980003
0.1340000 -16.1215076
0.1350000 13.9842730
0.1360000 0.4546418
0.1370000 4.6307535
0.1380000 52.5454178
0.1390000 24.9625969
0.1400000 -1.5062815
0.1410000 23.8154202
0.1420000 -4.2755556
0.1430000 -21.1988926
0.1440000 34.8268280
0.1450000 21.0051003
0.1460000 -40.0756187
0.1470000 -6.0789485
0.1480000 -36.8979683
0.1490000 -3.3222930
0.1500000 -16.2347908
0.1510000 -50.6109085
0.1520000 8.2787457
0.1530000 24.0014515
0.1540000 -13.2779989
0.1550000 -25.8743057
0.1560000 0.2481896
0.1570000 16.4966068
0.1580000 -57.2086334
0.1590000 -4.4109125
0.1600000 -32.3111153
0.1610000 41.4700737
0.1620000 20.2951851
0.1630000 -9.1717129
0.1640000 13.4817400
0.1650000 -32.7537727
0.1660000 -11.0481071
0.1670000 44.7467422
0.1680000 16.7124100
0.1690000 20.0970078
0.1700000 15.3571224
0.1710000 -1.9484482
0.1720000 -48.0335350
0.1730000 25.2363529
0.1740000 -44.9713097
0.1750000 -11.2392139
0.1760000 -41.4723206
0.1770000 -52.8654213
0.1780000 -12.7100134
0.1790000 129.8830719
0.1800000 3.2944601
0.1810000 40.2950668
0.1820000 -50.2339859
0.1830000 32.4808502
0.1840000 -6.7759571
0.1850000 10.6300621
0.1860000 -39.2649536
0.1870000 -13.9068184
0.1880000 -17.0326176
0.1890000 -16.7288074
0.1900000 9.8915482
0.1910000 -40.7856026
0.1920000 37.4558144
0.1930000 56.5644646
0.1940000 -22.5227127
0.1950000 64.6047821
0.1960000 81.8778839
0.1970000 -26.0953636
0.1980000 17.9894867
0.1990000 11.3827829
0.2000000 39.8740921
0.2010000 44.9377670
0.2020000 -50.2142868
0.2030000 -56.8324738
0.2040000 -15.9255066
0.2050000 -18.9994068
0.2060000 1.5055835
0.2070000 -5.8233771
0.2080000 3.5081036
0.2090000 -14.1881695
0.2100000 -14.6722040
0.2110000 35.1676102
0.2120000 23.4965248
0.2130000 -0.3258669
0.2140000 -12.6685905
0.2150000 19.5804634
0.2160000 2.4871857
0.2170000 13.9228544
0.2180000 -41.8881340
0.2190000 -13.6462383
0.2200000 -33.5226898
0.2210000 -28.7249603
0.2220000 -21.3772602
0.2230000 -40.2188301
0.2240000 43.8250275
0.2250000 -10.9675598
0.2260000 -7.6897712
0.2270000 27.7981987
0.2280000 -24.8078117
0.2290000 7.7687993
0.2300000 23.6574612
0.2310000 -6.1116748
0.2320000 15.3999662
0.2330000 -81.1371460
0.2340000 47.0637512
0.2350000 5.4812374
0.2360000 -17.2722015
0.2370000 -9.1065340
0.2380000 6.3904562
0.2390000 40.2640800
0.2400000 3.1210353
0.2410000 9.1509848
0.2420000 -38.8439255
0.2430000 -77.9537735
0.2440000 -9.7701693
0.2450000 28.9613018
0.2460000 5.2815599
0.2470000 36.6886826
0.2480000 78.5475616
0.2490000 -0.5720358
0.2500000 -30.4160786
0.2510000 13.5142002
0.2520000 -34.2162170
0.2530000 -49.4911194
0.2540000 -11.5968733
0.2550000 -11.1854944
0.2560000 23.0316830
0.2570000 10.5581350
0.2580000 -14.7622766
0.2590000 6.0787396
0.2600000 42.3025246
0.2610000 2.4353318
0.2620000 -46.0857468
0.2630000 -8.7619696
0.2640000 82.1098785
0.2650000 10.8385315
0.2660000 4.5352778
0.2670000 15.9450045
0.2680000 -18.4830360
0.2690000 -16.0218830
0.2700000 -22.7295647
0.2710000 -65.5881348
0.2720000 -7.6032286
0.2730000 24.2472363
0.2740000 -7.1450214
0.2750000 55.6054878
0.2760000 -26.8153267
0.2770000 -25.7331944
0.2780000 38.1709709
0.2790000 -1.4599941
0.2800000 -81.7820816
0.2810000 -2.2270255
0.2820000 -69.3356400
0.2830000 -100.0590057
0.2840000 0.0722568
0.2850000 -63.8850861
0.2860000 -25.4321938
0.2870000 -9.7194777
0.2880000 -25.7065105
0.2890000 44.9105568
0.2900000 45.4612694
0.2910000 -25.5582848
0.2920000 14.5805635
0.2930000 29.2834492
0.2940000 9.4963112
0.2950000 14.9559345
0.2960000 15.3793383
0.2970000 -7.3166814
0.2980000 0.0661314
0.2990000 15.0017853
0.3000000 23.2458744
0.3010000 42.3962746
0.3020000 22.1325169
0.3030000 -26.1661720
0.3040000 -55.7155876
0.3050000 -17.0165730
0.3060000 51.2788773
0.3070000 2.7401650
0.3080000 -66.1173172
0.3090000 -37.4790573
0.3100000 -22.3565826
0.3110000 -22.3969154
0.3120000 -7.7710180
0.3130000 -17.5581036
0.3140000 11.3219252
0.3150000 -23.9011841
0.3160000 37.1503639
0.3170000 -17.5587082
0.3180000 -50.1886711
0.3190000 -4.4092979
0.3200000 -16.8105793
0.3210000 40.6043930
0.3220000 38.2415466
0.3230000 -29.2223034
0.3240000 24.2125225
0.3250000 -21.2738247
0.3260000 1.5891684
0.3270000 -43.5721169
0.3280000 6.7314701
0.3290000 54.0745163
0.3300000 29.4295254
0.3310000 15.8396692
0.3320000 5.2251272
0.3330000 -0.7257460
0.3340000 6.5704594
0.3350000 -61.2906342
0.3360000 10.6039867
0.3370000 68.6335068
0.3380000 -26.5386086
0.3390000 -4.4639649
0.3400000 -65.8202362
0.3410000 -31.0411720
0.3420000 0.7703407
0.3430000 19.2068081
0.3440000 -32.5020676
0.3450000 -54.8788452
0.3460000 4.9788709
0.3470000 -8.0216694
0.3480000 4.0840168
0.3490000 -12.4928799
0.3500000 -30.5775337
0.3510000 -5.3700504
0.3520000 7.3721290
0.3530000 20.7641277
0.3540000 -5.0090299
0.3550000 7.9671168
0.3560000 25.5031223
0.3570000 -19.5692291
0.3580000 -52.4434242
0.3590000 22.4958286
0.3600000 -54.1959381
0.3610000 12.3773584
0.3620000 20.4791946
0.3630000 7.0223160
0.3640000 -2.3008807
0.3650000 9.4671459
0.3660000 -56.0255890
0.3670000 -36.1452103
0.3680000 -31.4243469
0.3690000 22.6906185
0.3700000 20.4768600
0.3710000 -22.7732048
0.3720000 53.9302902
0.3730000 43.0760727
0.3740000 27.5464020
0.3750000 0.9744787
0.3760000 -19.0696468
0.3770000 28.3673649
0.3780000 -26.8908844
0.3790000 -35.6695709
0.3800000 53.7979965
0.3810000 -7.1597862
0.3820000 13.6505260
0.3830000 9.4153547
0.3840000 11.4009790
0.3850000 -14.0162630
0.3860000 11.7881355
0.3870000 28.1600647
0.3880000 -31.1666069
0.3890000 -26.0163574
0.3900000 32.3265686
0.3910000 3.5144715
0.3920000 41.5974541
0.3930000 15.5517359
0.3940000 0.2942982
0.3950000 -65.4976959
0.3960000 -37.4410667
0.3970000 10.8118315
0.3980000 -14.6502838
0.3990000 3.8072493
0.4000000 -29.8255634
0.4010000 62.7722511
0.4020000 -12.7097073
0.4030000 -22.9343376
0.4040000 80.6453476
0.4050000 0.9640625
0.4060000 6.6265683
0.4070000 -42.9302063
0.4080000 -18.1741734
0.4090000 13.2419901
0.4100000 -28.6372986
0.4110000 -46.6715393
0.4120000 69.5013275
0.4130000 69.2933502
0.4140000 -24.7291298
0.4150000 5.3109083
0.4160000 -34.0458946
0.4170000 35.4270973
0.4180000 -10.3750248
0.4190000 22.6961365
0.4200000 0.1732558
0.4210000 -17.4400368
0.4220000 22.5133915
0.4230000 -51.3145218
0.4240000 18.3358955
0.4250000 -15.7007246
0.4260000 -20.6292686
0.4270000 27.4808922
0.4280000 -23.6350918
0.4290000 -17.0902634
0.4300000 -1.1067890
0.4310000 -25.6630402
0.4320000 3.7239907
0.4330000 -47.9237633
0.4340000 -8.9064798
0.4350000 23.0981140
0.4360000 49.8918610
0.4370000 -27.6950798
0.4380000 -39.3579369
0.4390000 -10.8472471
0.4400000 -3.6306567
0.4410000 -28.5058823
0.4420000 41.4813576
0.4430000 29.5527916
0.4440000 17.6784821
0.4450000 38.7946854
0.4460000 42.6736526
0.4470000 5.6984982
0.4480000 5.9004507
0.4490000 23.8353786
0.4500000 9.4623423
0.4510000 -14.4974241
0.4520000 -15.5539331
0.4530000 38.5737572
0.4540000 -30.4712696
0.4550000 64.1935196
0.4560000 47.5474701
0.4570000 -77.6118927
0.4580000 -45.5738792
0.4590000 29.9630184
0.4600000 -11.1453533
0.4610000 -15.7194796
0.4620000 -10.3704472
0.4630000 31.6220455
0.4640000 -42.1605148
0.4650000 -29.5993900
0.4660000 -60.0521545
0.4670000 43.2814789
0.4680000 15.0162697
0.4690000 -34.2148628
0.4700000 -29.0040359
0.4710000 -12.2410641
0.4720000 -12.8879442
0.4730000 -2.5189841
0.4740000 -9.3742714
0.4750000 -3.6288600
0.4760000 -27.6937065
0.4770000 -15.9781303
0.4780000 -38.3528519
0.4790000 3.8783443
0.4800000 -8.5914812
0.4810000 24.2017193
0.4820000 30.9304371
0.4830000 -9.2688208
0.4840000 26.3918552
0.4850000 16.7988472
0.4860000 40.8964348
0.4870000 3.0071614
0.4880000 15.0640602
0.4890000 -39.7204247
0.4900000 47.2992973
0.4910000 -63.0934753
0.4920000 10.8150454
0.4930000 -23.4250889
0.4940000 5.2281384
0.4950000 46.3650932
0.4960000 -55.2546463
0.4970000 -5.4394579
0.4980000 33.6080894
0.4990000 -12.1765156
0.5000000 28.0094833
0.5010000 -2.2254515
0.5020000 -46.4902039
0.5030000 -13.5113497
0.5040000 -5.9016447
0.5050000 -21.6368923
0.5060000 -3.4408512
0.5070000 -1.0763324
0.5080000 -28.1373768
0.5090000 11.3284121
0.5100000 52.6647568
0.5110000 35.0264091
0.5120000 -5.6294408
0.5130000 -29.5020409
0.5140000 35.3176346
0.5150000 -25.8305836
0.5160000 -31.6823463
0.5170000 -73.0490494
0.5180000 -30.7268715
0.5190000 -55.0097237
0.5200000 -56.4262657
0.5210000 17.0697079
0.5220000 14.5973444
0.5230000 43.7262573
0.5240000 3.3544915
0.5250000 28.5596924
0.5260000 -43.6727982
0.5270000 44.7896194
0.5280000 -33.9659462
0.5290000 29.8768845
0.5300000 -58.2397614
0.5310000 32.8631096
0.5320000 -59.3962784
0.5330000 17.3146915
0.5340000 -53.3675156
0.5350000 2.4106607
0.5360000 -17.2608490
0.5370000 -8.6998358
0.5380000 -72.6620407
0.5390000 69.6706696
0.5400000 34.5921059
0.5410000 41.0255165
0.5420000 -3.6370583
0.5430000 0.5811664
0.5440000 59.1256866
0.5450000 -4.5495958
0.5460000 10.6019764
0.5470000 -34.6101227
0.5480000 -13.9829092
0.5490000 -2.2325332
0.5500000 17.0638218
0.5510000 64.8353958
0.5520000 33.7219429
0.5530000 -21.3093910
0.5540000 5.6235313
0.5550000 -6.7992506
0.5560000 25.7919559
0.5570000 66.6527557
0.5580000 9.4491739
0.5590000 -1.7499658
0.5600000 -49.2712898
0.5610000 -94.1957016
0.5620000 -18.8831558
0.5630000 -10.7600260
0.5640000 -16.7057819
0.5650000 16.3490562
0.5660000 55.4555779
0.5670000 69.5287094
0.5680000 -6.1121192
0.5690000 -23.2452297
0.5700000 -17.3812485
0.5710000 -0.8053055
0.5720000 24.8512840
0.5730000 -4.1951337
0.5740000 17.8373146
0.5750000 3.6996286
0.5760000 3.9157920
0.5770000 40.8743973
0.5780000 -54.6252480
0.5790000 -40.5742569
0.5800000 -34.6775818
0.5810000 -31.6835575
0.5820000 -39.2609367
0.5830000 -22.6472454
0.5840000 -25.6485462
0.5850000 -36.2873802
0.5860000 -2.7109168
0.5870000 -15.5955973
0.5880000 -42.3111115
0.5890000 2.1148617
0.5900000 -24.8859940
0.5910000 -14.0165138
0.5920000 -8.6342297
0.5930000 45.4294167
0.5940000 3.4425628
0.5950000 30.0352879
0.5960000 50.9133492
0.5970000 13.1250219
0.5980000 35.0319061
0.5990000 -27.8023930
0.6000000 -8.3524752
0.6010000 -3.3503981
0.6020000 4.8769841
0.6030000 -2.5717812
0.6040000 -6.1499715
0.6050000 -14.4588375
0.6060000 15.7039928
0.6070000 -23.9783096
0.6080000 59.7764015
0.6090000 -61.0872345
0.6100000 -29.6946850
0.6110000 -55.4946251
0.6120000 23.7103806
0.6130000 -47.2971954
0.6140000 35.2354546
0.6150000 -5.0039287
0.6160000 -2.8538432
0.6170000 31.1818562
0.6180000 -76.5028763
0.6190000 69.7270203
0.6200000 -6.8369665
0.6210000 -143.4745941
0.6220000 -60.3846817
0.6230000 11.2780552
0.6240000 13.9887638
0.6250000 -10.8225288
0.6260000 59.8835068
0.6270000 11.2650967
0.6280000 -68.5010300
0.6290000 10.8329315
0.6300000 -73.4419937
0.6310000 -35.0615425
0.6320000 -20.3630352
0.6330000 14.1148672
0.6340000 21.8749561
0.6350000 -28.7381287
0.6360000 34.0642090
0.6370000 23.9185314
0.6380000 19.6285343
0.6390000 30.9375782
0.6400000 5.2248735
0.6410000 16.0273132
0.6420000 12.0394287
0.6430000 -0.8646998
0.6440000 5.3232255
0.6450000 6.5669241
0.6460000 -58.4281845
0.6470000 -66.9360962
0.6480000 44.6525650
0.6490000 -0.2049459
0.6500000 -14.4793987
0.6510000 6.7549553
0.6520000 -9.6204729
0.6530000 -1.4884486
0.6540000 -6.2694883
0.6550000 32.3336830
0.6560000 0.2326489
0.6570000 44.2640419
0.6580000 -74.6573868
0.6590000 -5.2497067
0.6600000 45.2520370
0.6610000 -24.3822098
0.6620000 84.6386032
0.6630000 -42.3448257
0.6640000 -6.0952363
0.6650000 -23.3212376
0.6660000 90.2692566
0.6670000 29.8105698
0.6680000 20.3079071
0.6690000 -21.2873478
0.6700000 -35.2937088
0.6710000 74.7521286
0.6720000 16.0189934
0.6730000 -47.4257507
0.6740000 26.7443218
0.6750000 4.6197624
0.6760000 11.7619371
0.6770000 8.5421124
0.6780000 17.9656296
0.6790000 26.0526752
0.6800000 34.0835304
0.6810000 -20.4718990
0.6820000 11.7472382
0.6830000 47.9208908
0.6840000 0.1472846
0.6850000 -32.6423759
0.6860000 5.5657873
0.6870000 45.2365646
0.6880000 13.8028059
0.6890000 -6.1491899
0.6900000 34.9658203
0.6910000 -7.1683726
0.6920000 20.5443840
0.6930000 45.8018188
0.6940000 -1.6972024
0.6950000 -28.3436680
0.6960000 7.0312176
0.6970000 -72.6518631
0.6980000 -57.7838326
0.6990000 2.5939023
0.7000000 -33.6723709
0.7010000 13.2419367
0.7020000 7.5419827
0.7030000 -17.7706470
0.7040000 -7.1234388
0.7050000 71.0434799
0.7060000 20.8563328
0.7070000 15.3486300
0.7080000 -4.7424259
0.7090000 -69.5698395
0.7100000 -48.4686775
0.7110000 -38.9592133
0.7120000 32.7334328
0.7130000 21.4067707
0.7140000 -12.8814621
0.7150000 34.7319641
0.7160000 -70.5089264
0.7170000 -29.4153080
0.7180000 -11.0714197
0.7190000 -10.6504297
0.7200000 48.2383766
0.7210000 -14.9037724
0.7220000 9.9466534
0.7230000 -42.6262589
0.7240000 16.0556870
0.7250000 34.8867226
0.7260000 -51.1743927
0.7270000 40.5526466
0.7280000 51.8660889
0.7290000 -39.8279228
0.7300000 30.3072166
0.7310000 -3.6937861
0.7320000 -16.3524723
0.7330000 -2.3672850
0.7340000 -20.3991375
0.7350000 37.8852959
0.7360000 62.6313477
0.7370000 -8.1676331
0.7380000 2.3425000
0.7390000 23.6941853
0.7400000 -0.5639818
0.7410000 70.2879791
0.7420000 32.1290627
0.7430000 30.8211479
0.7440000 -25.8493881
0.7450000 -8.5014324
0.7460000 42.6773567
0.7470000 -14.0312243
0.7480000 -8.5080652
0.7490000 18.5812817
0.7500000 -111.6138153
0.7510000 37.7664680
0.7520000 -36.3170815
0.7530000 -2.8556726
0.7540000 33.4167023
0.7550000 -40.1995583
0.7560000 -48.6897774
0.7570000 -51.2665787
0.7580000 -37.4754066
0.7590000 61.6979103
0.7600000 -20.6627846
0.7610000 -36.1876984
0.7620000 -33.6403313
0.7630000 -17.6691494
0.7640000 -12.4476185
0.7650000 51.2619820
0.7660000 -1.8985851
0.7670000 25.1954556
0.7680000 21.7722778
0.7690000 -30.7084064
0.7700000 20.5689011
0.7710000 26.4763355
0.7720000 -11.0879736
0.7730000 26.9194031
0.7740000 -21.2233810
0.7750000 65.3933258
0.7760000 -39.3826942
0.7770000 -12.7826195
0.7780000 -49.9638939
0.7790000 -56.0032654
0.7800000 75.3454742
0.7810000 51.5830727
0.7820000 29.9655724
0.7830000 14.6976166
0.7840000 -1.3649895
0.7850000 -52.0960503
0.7860000 -24.6806278
0.7870000 -8.2980022
0.7880000 3.7715003
0.7890000 43.7194672
0.7900000 20.6807175
0.7910000 -54.6711235
0.7920000 -28.4579144
0.7930000 -0.6815053
0.7940000 23.5456657
0.7950000 -10.8291502
0.7960000 -70.8940048
0.7970000 -80.6833954
0.7980000 -1.7881655
0.7990000 15.9513693
0.8000000 -18.9302025
0.8010000 -5.1139646
0.8020000 55.9422684
0.8030000 34.2898979
0.8040000 -4.8748751
0.8050000 8.4150124
0.8060000 -6.5057492
0.8070000 -8.7100048
0.8080000 62.7878418
0.8090000 -27.9290676
0.8100000 57.8660927
0.8110000 30.5072842
0.8120000 -15.7139692
0.8130000 -14.1144371
0.8140000 26.0062580
0.8150000 0.3815945
0.8160000 2.5154965
0.8170000 -10.7813101
0.8180000 -24.3947067
0.8190000 11.5454168
0.8200000 30.0976391
0.8210000 70.1677475
0.8220000 89.2364426
0.8230000 -20.7744083
0.8240000 11.3874798
0.8250000 -41.3784637
0.8260000 1.7421160
0.8270000 44.3369904
0.8280000 -30.7182827
0.8290000 55.5495872
0.8300000 36.9923058
0.8310000 4.1676435
0.8320000 84.7965164
0.8330000 -15.7146254
0.8340000 55.8702507
0.8350000 -11.8139486
0.8360000 -75.5725327
0.8370000 22.9492970
0.8380000 -34.5430870
0.8390000 -2.3449984
0.8400000 22.3763638
0.8410000 11.9054174
0.8420000 -15.5004396
0.8430000 29.5403557
0.8440000 -129.1121674
0.8450000 -8.6053495
0.8460000 25.8166256
0.8470000 7.5175405
0.8480000 35.4784546
0.8490000 -33.5456467
0.8500000 -46.6626892
0.8510000 -8.3013592
0.8520000 -10.7894754
0.8530000 -20.5392151
0.8540000 25.2761879
0.8550000 38.2374535
0.8560000 57.3455391
0.8570000 -7.9804187
0.8580000 -26.7172089
0.8590000 -28.4386959
0.8600000 -0.3956638
0.8610000 -4.9648905
0.8620000 2.9407632
0.8630000 -15.6295538
0.8640000 3.8398862
0.8650000 59.8995895
0.8660000 -34.1091423
0.8670000 77.0145264
0.8680000 22.3523521
0.8690000 16.6134052
0.8700000 24.0771885
0.8710000 1.0657886
0.8720000 -13.9809618
0.8730000 -13.9129772
0.8740000 65.9064636
0.8750000 46.8001518
0.8760000 20.0983047
0.8770000 25.6785069
0.8780000 59.3792763
0.8790000 -39.4247589
0.8800000 4.3835325
0.8810000 -21.1132812
0.8820000 29.3097382
0.8830000 48.9362297
0.8840000 28.6757221
0.8850000 33.9799042
0.8860000 52.2740326
0.8870000 -39.6425285
0.8880000 9.7190895
0.8890000 17.2933216
0.8900000 22.1097813
0.8910000 -24.0258179
0.8920000 51.3935814
0.8930000 -9.8832426
0.8940000 -12.7507563
0.8950000 8.3862867
0.8960000 33.6093292
0.8970000 -17.8832531
0.8980000 67.9432907
0.8990000 75.6967316
0.9000000 41.4892960
0.9010000 40.2234688
0.9020000 -36.3718071
0.9030000 36.4618759
0.9040000 -12.5687675
0.9050000 12.0156565
0.9060000 -3.1784472
0.9070000 -19.1535625
0.9080000 -2.0453260
0.9090000 -48.0916290
0.9100000 4.3730512
0.9110000 44.7427254
0.9120000 -22.2547951
0.9130000 44.6596832
0.9140000 -36.4880638
0.9150000 39.5977936
0.9160000 8.3713770
0.9170000 9.2287788
0.9180000 20.3581295
0.9190000 5.4742012
0.9200000 -28.4707985
0.9210000 -16.6115532
0.9220000 -5.0572138
0.9230000 -12.6750040
0.9240000 53.8565483
0.9250000 -29.5054588
0.9260000 41.5848122
0.9270000 6.8918166
0.9280000 11.0560083
0.9290000 50.4517288
0.9300000 -3.8371110
0.9310000 -11.3568716
0.9320000 -32.6824112
0.9330000 -75.0551910
0.9340000 -30.7512474
0.9350000 -65.5883942
0.9360000 27.2127476
0.9370000 10.9289865
0.9380000 1.9856440
0.9390000 11.0242329
0.9400000 53.0213051
0.9410000 7.8771167
0.9420000 0.3445570
0.9430000 -8.6377707
0.9440000 -21.1130333
0.9450000 45.9995880
0.9460000 19.2455158
0.9470000 -42.9924965
0.9480000 -13.1522360
0.9490000 -89.8310013
0.9500000 -39.9852982
0.9510000 -46.2008286
0.9520000 -1.7057092
0.9530000 18.6426029
0.9540000 1.6996280
0.9550000 -87.1398392
0.9560000 -44.7449532
0.9570000 18.0726643
0.9580000 0.8126925
0.9590000 -22.1284809
0.9600000 12.4602365
0.9610000 14.1627769
0.9620000 -47.5083733
0.9630000 49.2006073
0.9640000 -27.4924870
0.9650000 -72.5498123
0.9660000 26.0036106
0.9670000 -26.9848709
0.9680000 51.3665123
0.9690000 -75.1696548
0.9700000 68.4716644
0.9710000 10.1465254
0.9720000 -1.4292591
0.9730000 -58.8200188
0.9740000 -56.8227196
0.9750000 32.5808067
0.9760000 47.3468933
0.9770000 12.3052101
0.9780000 -81.7970428
0.9790000 -8.3329134
0.9800000 -24.6059589
0.9810000 -40.9262810
0.9820000 31.3131542
0.9830000 40.7965851
0.9840000 -16.5015602
0.9850000 1.3742012
0.9860000 42.1398697
0.9870000 -15.2407494
0.9880000 43.2870865
0.9890000 28.0940151
0.9900000 -17.1420841
0.9910000 -11.3186502
0.9920000 23.8335552
0.9930000 12.9500837
0.9940000 59.6124763
0.9950000 10.4392328
0.9960000 2.4204912
0.9970000 30.5424843
0.9980000 8.8040075
0.9990000 -10.9037437
