0.0000000 35.2533112
0.0010000 47.7292213
0.0020000 7.3744683
0.0030000 76.7817917
0.0040000 -16.3721142
0.0050000 20.8524265
0.0060000 -19.9471645
0.0070000 9.8075361
0.0080000 12.1171370
0.0090000 29.5489845
0.0100000 -11.6157322
0.0110000 -5.0589852
0.0120000 47.7516327
0.0130000 -32.2017593
0.0140000 26.3205662
0.0150000 38.8432503
0.0160000 -54.0750084
0.0170000 44.0078354
0.0180000 32.3785400
0.0190000 28.3448257
0.0200000 -1.3351499
0.0210000 43.3088951
0.0220000 -21.0294094
0.0230000 -36.9568939
0.0240000 -2.3636618
0.0250000 43.4803162
0.0260000 -34.8284721
0.0270000 -0.4349801
0.0280000 -46.6187210
0.0290000 14.3761930
0.0300000 -40.5284615
0.0310000 -15.9318867
0.0320000 -33.4724007
0.0330000 37.7983894
0.0340000 -53.0490532
0.0350000 -4.5209165
0.0360000 68.7968369
0.0370000 -2.9651601
0.0380000 -67.8933563
0.0390000 4.3324847
0.0400000 -54.7181587
0.0410000 23.4611931
0.0420000 -34.2469635
0.0430000 -39.6968002
0.0440000 -5.2235169
0.0450000 -11.9664211
0.0460000 26.4499359
0.0470000 -3.0290148
0.0480000 23.9905510
0.0490000 -36.8472710
0.0500000 -0.5935924
0.0510000 18.9720764
0.0520000 -0.5927177
0.0530000 -12.3178415
0.0540000 63.6161308
0.0550000 11.1597309
0.0560000 -8.4939423
0.0570000 16.4208431
0.0580000 -58.4901772
0.0590000 13.4417009
0.0600000 -40.9263916
0.0610000 10.9197226
0.0620000 -69.0153732
0.0630000 -11.6634512
0.0640000 54.5480003
0.0650000 -11.5279980
0.0660000 -3.7070343
0.0670000 46.1646805
0.0680000 -41.7157555
0.0690000 55.7950439
0.0700000 -59.4490929
0.0710000 -17.7762890
0.0720000 -21.9076710
0.0730000 12.6735506
0.0740000 48.0025291
0.0750000 -24.9459019
0.0760000 46.7718048
0.0770000 1.0882721
0.0780000 25.3663292
0.0790000 0.4505508
0.0800000 -19.7268925
0.0810000 43.5249557
0.0820000 14.1827917
0.0830000 1.8407592
0.0840000 -5.7627435
0.0850000 -14.9305000
0.0860000 12.1850176
0.0870000 19.9004307
0.0880000 24.8428326
0.0890000 -24.4544601
0.0900000 -53.8136673
0.0910000 -24.9341984
0.0920000 8.1827927
0.0930000 -26.3661461
0.0940000 39.9224281
0.0950000 -51.8745651
0.0960000 -4.0579257
0.0970000 39.0743561
0.0980000 55.5323868
0.0990000 17.4490719
0.1000000 -25.5926857
0.1010000 -10.4270735
0.1020000 2.8409426
0.1030000 12.8258038
0.1040000 15.8889618
0.1050000 -42.2354584
0.1060000 15.2710743
0.1070000 18.6704521
0.1080000 -23.7170963
0.1090000 -68.8902740
0.1100000 60.2296600
0.1110000 -26.2307663
0.1120000 30.2589111
0.1130000 -23.7160053
0.1140000 53.2683678
0.1150000 -39.2155609
0.1160000 6.9013610
0.1170000 0.4283592
0.1180000 33.8358383
0.1190000 -33.3955460
0.1200000 -32.4702950
0.1210000 -2.6981411
0.1220000 14.1912298
0.1230000 11.8212614
0.1240000 -10.9715099
0.1250000 -29.0339985
0.1260000 36.9605980
0.1270000 -0.0476874
0.1280000 26.1710930
0.1290000 -5.0857673
0.1300000 20.8693695
0.1310000 -44.2960014
0.1320000 -26.8295288
0.1330000 -26.5444202
0.1340000 -5.7656760
0.1350000 -41.8880844
0.1360000 20.0618896
0.1370000 8.1716251
0.1380000 -23.8982582
0.1390000 -24.0254269
0.1400000 73.2631149
0.1410000 -43.6406517
0.1420000 -11.0496607
0.1430000 56.1554108
0.1440000 8.4128914
0.1450000 12.0451927
0.1460000 3.9504259
0.1470000 28.9304028
0.1480000 35.8353806
0.1490000 -26.9597206
0.1500000 -30.2098217
0.1510000 38.5043488
0.1520000 -24.1703987
0.1530000 -10.1806736
0.1540000 21.7889214
0.1550000 10.4292135
0.1560000 32.2025681
0.1570000 52.9473190
0.1580000 -29.1774254
0.1590000 -6.6424413
0.1600000 17.8445110
0.1610000 14.7538738
0.1620000 -67.1960449
0.1630000 -19.5265789
0.1640000 2.2725382
0.1650000 -20.2484589
0.1660000 -13.7905645
0.1670000 9.4859753
0.1680000 -19.8016033
0.1690000 10.0348301
0.1700000 2.7248054
0.1710000 -21.8661842
0.1720000 17.4162025
0.1730000 38.6478004
0.1740000 -8.4365969
0.1750000 19.9314690
0.1760000 -45.4329147
0.1770000 50.7286530
0.1780000 -18.5484829
0.1790000 29.8909168
0.1800000 1.4336728
0.1810000 13.1518354
0.1820000 -17.4226055
0.1830000 -1.7385674
0.1840000 33.3765831
0.1850000 14.0649948
0.1860000 -15.6049070
0.1870000 -17.9874115
0.1880000 -5.7858396
0.1890000 -85.6805649
0.1900000 13.7102327
0.1910000 -70.3592834
0.1920000 44.3943748
0.1930000 -24.3491859
0.1940000 -57.3040161
0.1950000 -11.5861502
0.1960000 53.9576874
0.1970000 17.1287727
0.1980000 50.8920135
0.1990000 21.4477425
0.2000000 -49.2003365
0.2010000 48.8078308
0.2020000 40.3924637
0.2030000 -11.9285955
0.2040000 -6.2306576
0.2050000 11.4317894
0.2060000 3.5486369
0.2070000 42.8364182
0.2080000 -34.9639130
0.2090000 27.2081432
0.2100000 65.1086044
0.2110000 18.7157192
0.2120000 -28.5635681
0.2130000 -29.1902847
0.2140000 -39.9441948
0.2150000 8.4515467
0.2160000 -10.9730330
0.2170000 -25.2189846
0.2180000 -0.1732168
0.2190000 57.0450020
0.2200000 -17.2592258
0.2210000 -18.0102348
0.2220000 16.2045593
0.2230000 44.8345985
0.2240000 8.5131378
0.2250000 -25.4960213
0.2260000 13.7336931
0.2270000 -0.7324170
0.2280000 25.8683815
0.2290000 15.8115883
0.2300000 0.0304702
0.2310000 -17.2624569
0.2320000 -21.1903667
0.2330000 35.4494858
0.2340000 -13.3931284
0.2350000 -28.6395264
0.2360000 -11.8036757
0.2370000 53.4981422
0.2380000 9.0158281
0.2390000 43.5157013
0.2400000 61.4775124
0.2410000 9.5128832
0.2420000 12.4354315
0.2430000 31.2837124
0.2440000 18.8926601
0.2450000 30.2489109
0.2460000 -26.4991722
0.2470000 -3.3217440
0.2480000 -35.4108887
0.2490000 -3.8802457
0.2500000 20.8945541
0.2510000 7.6265650
0.2520000 -54.5357513
0.2530000 -20.6696529
0.2540000 -50.0102577
0.2550000 15.2855959
0.2560000 31.0310249
0.2570000 6.5731721
0.2580000 -15.6921444
0.2590000 17.8080540
0.2600000 -6.4618049
0.2610000 22.0913639
0.2620000 24.4720707
0.2630000 23.1952763
0.2640000 -8.1371002
0.2650000 19.7543144
0.2660000 52.2191429
0.2670000 -4.9924006
0.2680000 -13.2353754
0.2690000 -2.1689548
0.2700000 -17.4015427
0.2710000 6.3289680
0.2720000 85.5006714
0.2730000 43.7066078
0.2740000 28.5519218
0.2750000 16.4513569
0.2760000 6.7378125
0.2770000 20.4619179
0.2780000 -20.0713520
0.2790000 13.2319136
0.2800000 -35.1873398
0.2810000 68.7451630
0.2820000 -31.4909058
0.2830000 29.1342545
0.2840000 -24.8189449
0.2850000 2.1066308
0.2860000 25.4988747
0.2870000 -29.4272900
0.2880000 3.8277612
0.2890000 10.8776436
0.2900000 -53.9679413
0.2910000 -59.7406464
0.2920000 69.2000809
0.2930000 -14.4942274
0.2940000 -9.3838348
0.2950000 -35.1301537
0.2960000 -25.2449303
0.2970000 22.0648384
0.2980000 5.2635560
0.2990000 3.5484684
0.3000000 -47.9499512
0.3010000 -15.0137930
0.3020000 2.5145569
0.3030000 -28.0958500
0.3040000 16.8233490
0.3050000 -11.2226400
0.3060000 32.7592888
0.3070000 33.4388885
0.3080000 38.1348305
0.3090000 -28.6807003
0.3100000 30.8800793
0.3110000 -1.5218568
0.3120000 7.2844343
0.3130000 -3.9444597
0.3140000 -47.2495613
0.3150000 -37.9359398
0.3160000 -0.8363112
0.3170000 34.4568100
0.3180000 57.4982986
0.3190000 -7.4212437
0.3200000 -39.7400246
0.3210000 23.1071625
0.3220000 -0.6459783
0.3230000 30.2443504
0.3240000 -5.3121042
0.3250000 21.6375065
0.3260000 39.7077217
0.3270000 59.4495773
0.3280000 -12.0765953
0.3290000 86.7543945
0.3300000 27.9339828
0.3310000 -31.9699745
0.3320000 45.3414192
0.3330000 1.3627011
0.3340000 -9.6501694
0.3350000 -7.4016953
0.3360000 58.9157562
0.3370000 -12.7190657
0.3380000 -14.5293798
0.3390000 -43.6529160
0.3400000 30.8868332
0.3410000 41.7524338
0.3420000 12.9797182
0.3430000 9.2617569
0.3440000 12.4775772
0.3450000 15.9985476
0.3460000 2.7201285
0.3470000 -61.0208282
0.3480000 44.3116684
0.3490000 53.2849312
0.3500000 16.7074585
0.3510000 -18.3506203
0.3520000 11.5612631
0.3530000 4.7728419
0.3540000 14.4746113
0.3550000 -50.4571457
0.3560000 14.6777372
0.3570000 41.5273285
0.3580000 -25.3929291
0.3590000 25.9666462
0.3600000 -54.9245911
0.3610000 47.3728523
0.3620000 45.1697731
0.3630000 -31.7368984
0.3640000 34.9000549
0.3650000 -47.1527100
0.3660000 -12.9511414
0.3670000 10.8473005
0.3680000 5.4523659
0.3690000 7.1661334
0.3700000 -38.3278046
0.3710000 -76.6520309
0.3720000 -0.3227717
0.3730000 -0.0373207
0.3740000 4.1012249
0.3750000 -2.8600657
0.3760000 28.0910721
0.3770000 11.2034216
0.3780000 -21.5079117
0.3790000 15.4103909
0.3800000 -21.6698456
0.3810000 32.8860779
0.3820000 -25.1242924
0.3830000 -19.4957123
0.3840000 45.7773476
0.3850000 26.3520927
0.3860000 -0.7454873
0.3870000 -24.7479820
0.3880000 -25.0566292
0.3890000 -18.8583775
0.3900000 -59.6605835
0.3910000 1.9321885
0.3920000 6.2759333
0.3930000 -75.7470703
0.3940000 -35.9464073
0.3950000 -51.0056992
0.3960000 -55.3161850
0.3970000 35.7184029
0.3980000 -30.0947647
0.3990000 43.6929626
0.4000000 -76.0384979
0.4010000 -0.4207151
0.4020000 50.7656021
0.4030000 43.1893616
0.4040000 40.3091049
0.4050000 -14.8250952
0.4060000 6.4213238
0.4070000 -42.2517052
0.4080000 -24.6408577
0.4090000 -11.7133684
0.4100000 -1.8141911
0.4110000 33.4988823
0.4120000 24.8228149
0.4130000 27.1590099
0.4140000 9.7891493
0.4150000 -43.9334183
0.4160000 -36.0248032
0.4170000 -69.0144501
0.4180000 25.1727695
0.4190000 2.2473962
0.4200000 -42.6027260
0.4210000 -29.1762981
0.4220000 20.8498344
0.4230000 -22.9304523
0.4240000 50.3564720
0.4250000 32.5560188
0.4260000 -9.7765045
0.4270000 21.8988190
0.4280000 -54.2962685
0.4290000 -20.1048412
0.4300000 13.2630434
0.4310000 25.2030220
0.4320000 25.5127773
0.4330000 -25.7098732
0.4340000 -20.0981083
0.4350000 53.7921028
0.4360000 -70.0955887
0.4370000 -103.1199265
0.4380000 18.6213932
0.4390000 -3.3672731
0.4400000 -13.2993469
0.4410000 95.1877213
0.4420000 45.3610153
0.4430000 -27.9598446
0.4440000 5.4216247
0.4450000 -13.5095081
0.4460000 -23.7304401
0.4470000 -9.2408381
0.4480000 82.9931412
0.4490000 -83.0140381
0.4500000 -6.0101762
0.4510000 47.0333557
0.4520000 24.0840435
0.4530000 0.3778059
0.4540000 -23.0153160
0.4550000 9.4738913
0.4560000 -17.4261093
0.4570000 -32.1947060
0.4580000 -21.3072243
0.4590000 -47.6579590
0.4600000 33.4615211
0.4610000 -24.4540462
0.4620000 0.8472093
0.4630000 -14.5102577
0.4640000 -23.0831337
0.4650000 -15.7049150
0.4660000 -6.6015220
0.4670000 -25.3070259
0.4680000 5.5716405
0.4690000 9.4245529
0.4700000 -0.9104782
0.4710000 -27.5239372
0.4720000 -30.3019581
0.4730000 27.0500317
0.4740000 -25.7552299
0.4750000 26.8115940
0.4760000 26.9115334
0.4770000 40.0624924
0.4780000 85.8749466
0.4790000 19.6907063
0.4800000 9.3317204
0.4810000 -14.9066544
0.4820000 -1.1725678
0.4830000 -3.1139019
0.4840000 21.2860832
0.4850000 2.4417107
0.4860000 -14.7496738
0.4870000 47.9994087
0.4880000 -9.6006327
0.4890000 -20.2345676
0.4900000 26.4158688
0.4910000 46.8133202
0.4920000 16.1887684
0.4930000 55.6562691
0.4940000 70.3907852
0.4950000 -33.0450134
0.4960000 10.0253296
0.4970000 -19.4943752
0.4980000 -75.4809570
0.4990000 18.5392761
0.5000000 47.4301605
0.5010000 54.3429489
0.5020000 32.0436821
0.5030000 -1.6114060
0.5040000 -20.5816879
0.5050000 41.1361732
0.5060000 0.3340350
0.5070000 -15.8507633
0.5080000 17.7044544
0.5090000 -28.3219147
0.5100000 -34.4400787
0.5110000 -40.3246002
0.5120000 -2.5907085
0.5130000 42.4606361
0.5140000 35.5095100
0.5150000 -89.4683228
0.5160000 6.5066810
0.5170000 14.7691231
0.5180000 5.1152964
0.5190000 58.4818001
0.5200000 2.8366961
0.5210000 -54.7630844
0.5220000 -0.1553931
0.5230000 12.6860580
0.5240000 3.1069620
0.5250000 27.2488003
0.5260000 -32.8810349
0.5270000 4.4143701
0.5280000 -22.9900589
0.5290000 -9.3584843
0.5300000 2.3920708
0.5310000 54.2473564
0.5320000 8.2390881
0.5330000 16.6200027
0.5340000 8.4978714
0.5350000 -23.8244038
0.5360000 -1.9174256
0.5370000 8.2073936
0.5380000 24.4269562
0.5390000 -28.3430996
0.5400000 -17.5023689
0.5410000 -30.1678486
0.5420000 91.0544357
0.5430000 32.0871239
0.5440000 -68.7158203
0.5450000 43.7020950
0.5460000 21.9870224
0.5470000 -23.3972092
0.5480000 -15.4905977
0.5490000 62.6433792
0.5500000 -27.7321167
0.5510000 -37.1268692
0.5520000 -0.7634413
0.5530000 -36.3902321
0.5540000 6.0417056
0.5550000 18.2552319
0.5560000 14.5602016
0.5570000 24.3731022
0.5580000 0.5154759
0.5590000 24.6753693
0.5600000 12.5100737
0.5610000 21.9792461
0.5620000 -5.9873066
0.5630000 2.8312397
0.5640000 -27.0474777
0.5650000 21.0157051
0.5660000 14.6544561
0.5670000 -19.6742935
0.5680000 -1.6564544
0.5690000 87.9934616
0.5700000 7.2884498
0.5710000 32.6089401
0.5720000 32.5427322
0.5730000 -55.9992409
0.5740000 -29.6375542
0.5750000 -11.0487614
0.5760000 12.9714508
0.5770000 33.9721565
0.5780000 -13.9665480
0.5790000 2.3347650
0.5800000 50.9246559
0.5810000 -40.8357506
0.5820000 9.8300095
0.5830000 -9.8859196
0.5840000 -16.9799461
0.5850000 -16.9752617
0.5860000 -17.7393398
0.5870000 -36.5637703
0.5880000 14.7377644
0.5890000 47.5259857
0.5900000 -40.3479424
0.5910000 -39.4126320
0.5920000 14.8345900
0.5930000 -5.0830364
0.5940000 29.8672066
0.5950000 -3.4181986
0.5960000 -11.1713247
0.5970000 -25.8304062
0.5980000 10.1529369
0.5990000 47.4252815
0.6000000 -1.7394973
0.6010000 -30.0747395
0.6020000 12.2981901
0.6030000 17.9039345
0.6040000 47.0543900
0.6050000 -61.7083168
0.6060000 8.9404249
0.6070000 25.8978653
0.6080000 10.4985905
0.6090000 -15.6951952
0.6100000 4.2599492
0.6110000 -43.5727882
0.6120000 84.6497803
0.6130000 -25.0658760
0.6140000 5.2907581
0.6150000 22.9033737
0.6160000 8.6632690
0.6170000 1.7307534
0.6180000 -2.5453162
0.6190000 10.4386778
0.6200000 74.3172989
0.6210000 53.7710724
0.6220000 9.2365961
0.6230000 9.0871630
0.6240000 26.6254559
0.6250000 31.7212410
0.6260000 -36.5975800
0.6270000 22.8156548
0.6280000 25.3447971
0.6290000 45.3814201
0.6300000 -15.4264030
0.6310000 -2.0568266
0.6320000 -21.5319118
0.6330000 4.0274262
0.6340000 13.8354216
0.6350000 -17.4622459
0.6360000 1.4614450
0.6370000 39.1699066
0.6380000 -29.0505104
0.6390000 4.2903295
0.6400000 3.2785892
0.6410000 53.7732544
0.6420000 -40.1485481
0.6430000 36.9902420
0.6440000 -57.5553856
0.6450000 -28.8330956
0.6460000 6.6479816
0.6470000 40.0548859
0.6480000 6.5527310
0.6490000 26.4676914
0.6500000 -45.7289200
0.6510000 55.0039635
0.6520000 -16.7658463
0.6530000 64.4640579
0.6540000 81.5475540
0.6550000 2.3726296
0.6560000 0.0369957
0.6570000 8.6002417
0.6580000 -11.3752604
0.6590000 26.4601727
0.6600000 -68.6264114
0.6610000 6.7619200
0.6620000 7.9444695
0.6630000 -10.6419621
0.6640000 -35.8771515
0.6650000 74.0210876
0.6660000 -15.9768362
0.6670000 -7.2619338
0.6680000 -11.3868971
0.6690000 -50.2748260
0.6700000 -11.7155781
0.6710000 -8.5775232
0.6720000 31.3953667
0.6730000 17.2774944
0.6740000 -35.4937057
0.6750000 -17.0594959
0.6760000 -15.4535103
0.6770000 -31.4909496
0.6780000 -30.6321983
0.6790000 33.1052361
0.6800000 -10.8508730
0.6810000 13.8126926
0.6820000 -12.4228458
0.6830000 -18.0261402
0.6840000 37.3104172
0.6850000 25.0007248
0.6860000 -51.0490494
0.6870000 -24.2340240
0.6880000 -8.8851013
0.6890000 -0.6834981
0.6900000 -9.1562014
0.6910000 53.6672325
0.6920000 36.3863258
0.6930000 -13.5882454
0.6940000 -4.6717277
0.6950000 -41.5949173
0.6960000 -57.5668449
0.6970000 51.7047081
0.6980000 25.5440292
0.6990000 13.2778063
0.7000000 -11.4163761
0.7010000 44.3214035
0.7020000 -23.2418480
0.7030000 17.2662621
0.7040000 -23.4742069
0.7050000 -13.7853909
0.7060000 -17.7983704
0.7070000 38.6174393
0.7080000 15.8791409
0.7090000 33.1724167
0.7100000 -13.0398817
0.7110000 -19.0692348
0.7120000 40.2499733
0.7130000 -11.1264687
0.7140000 24.7633896
0.7150000 21.4212227
0.7160000 54.9263382
0.7170000 -70.6256790
0.7180000 55.7256660
0.7190000 46.5440521
0.7200000 -20.8365192
0.7210000 26.2125092
0.7220000 -15.1051941
0.7230000 15.6083040
0.7240000 48.5749245
0.7250000 16.6114311
0.7260000 -14.1878166
0.7270000 -31.4729481
0.7280000 -65.9976425
0.7290000 16.8532143
0.7300000 38.4118233
0.7310000 -105.4552383
0.7320000 -45.8890648
0.7330000 29.5613499
0.7340000 -14.7929382
0.7350000 -45.8927078
0.7360000 -1.4724828
0.7370000 -43.2155762
0.7380000 9.3273411
0.7390000 22.6973038
0.7400000 26.7274590
0.7410000 24.5691700
0.7420000 14.1948986
0.7430000 22.8139706
0.7440000 44.8801994
0.7450000 -15.8542356
0.7460000 -69.2500916
0.7470000 -20.7194252
0.7480000 20.6281033
0.7490000 11.8109283
0.7500000 -52.3138313
0.7510000 9.8255138
0.7520000 -2.4751456
0.7530000 -13.8136864
0.7540000 17.7385616
0.7550000 -46.7406273
0.7560000 0.3895893
0.7570000 37.0907745
0.7580000 30.7563820
0.7590000 -16.5850582
0.7600000 -34.0071869
0.7610000 4.5606341
0.7620000 -6.4732676
0.7630000 -11.8045855
0.7640000 13.5488911
0.7650000 18.2114105
0.7660000 5.3919687
0.7670000 -45.5526772
0.7680000 -34.1641045
0.7690000 -8.4704876
0.7700000 -26.4679546
0.7710000 -49.1499825
0.7720000 18.6878700
0.7730000 30.7013950
0.7740000 -21.7581425
0.7750000 -7.9078326
0.7760000 33.5753136
0.7770000 8.8257236
0.7780000 -62.2137642
0.7790000 -27.4004192
0.7800000 -26.7597466
0.7810000 -44.2348442
0.7820000 14.6138792
0.7830000 22.0889359
0.7840000 35.6954231
0.7850000 60.8480530
0.7860000 29.2928505
0.7870000 -68.5603409
0.7880000 -54.4965515
0.7890000 -2.8636918
0.7900000 74.0378571
0.7910000 16.5914383
0.7920000 -17.4962940
0.7930000 -29.9330349
0.7940000 0.7224728
0.7950000 -46.7254944
0.7960000 9.5688820
0.7970000 43.2053032
0.7980000 20.8478317
0.7990000 5.4005804
0.8000000 45.9171181
0.8010000 8.2771339
0.8020000 -6.0041466
0.8030000 -47.0762062
0.8040000 39.8861465
0.8050000 -4.6412106
0.8060000 -4.6056318
0.8070000 0.4564066
0.8080000 47.7713165
0.8090000 -8.3762598
0.8100000 17.6956558
0.8110000 62.3551140
0.8120000 -16.2576656
0.8130000 12.3093090
0.8140000 17.4289799
0.8150000 -20.5145817
0.8160000 -23.4665108
0.8170000 -2.0010417
0.8180000 21.9245453
0.8190000 -27.3018246
0.8200000 -29.4397602
0.8210000 -34.7549858
0.8220000 -26.2055550
0.8230000 -6.1183290
0.8240000 58.0736923
0.8250000 5.7691383
0.8260000 -36.1295128
0.8270000 -20.5245495
0.8280000 4.8357439
0.8290000 -60.6741486
0.8300000 -36.3617210
0.8310000 88.0229187
0.8320000 51.5416145
0.8330000 -27.7171097
0.8340000 15.8672771
0.8350000 -37.0106316
0.8360000 -22.4826984
0.8370000 -46.5857735
0.8380000 15.7150936
0.8390000 -62.0067863
0.8400000 -21.2155132
0.8410000 48.2285156
0.8420000 21.1433563
0.8430000 3.2058508
0.8440000 -37.5695915
0.8450000 -67.9735718
0.8460000 -45.0614548
0.8470000 0.8054325
0.8480000 -49.5202103
0.8490000 -17.1277771
0.8500000 7.7065969
0.8510000 -27.9144115
0.8520000 -32.0009041
0.8530000 -30.3609447
0.8540000 -18.0271549
0.8550000 31.5782528
0.8560000 4.6294799
0.8570000 -63.2116508
0.8580000 -19.0022659
0.8590000 38.1199875
0.8600000 12.3320999
0.8610000 39.9040642
0.8620000 -33.3136635
0.8630000 -23.7261009
0.8640000 4.6537461
0.8650000 -16.6408863
0.8660000 -11.3779688
0.8670000 -42.6557045
0.8680000 30.8199482
0.8690000 39.7748566
0.8700000 9.3884058
0.8710000 -49.3161392
0.8720000 16.0929623
0.8730000 -19.3773136
0.8740000 13.7461624
0.8750000 -0.7332174
0.8760000 -23.5578079
0.8770000 -53.1589813
0.8780000 -67.1024170
0.8790000 -25.3565559
0.8800000 20.5046043
0.8810000 6.9185338
0.8820000 -2.9108460
0.8830000 -2.1227767
0.8840000 -8.0154953
0.8850000 98.6199417
0.8860000 -21.4349995
0.8870000 4.8675041
0.8880000 0.8543079
0.8890000 -53.3149033
0.8900000 6.4184175
0.8910000 53.4871483
0.8920000 -28.4534607
0.8930000 14.0590000
0.8940000 45.6952095
0.8950000 -44.1720963
0.8960000 -42.9540329
0.8970000 38.5131721
0.8980000 49.1979179
0.8990000 23.6603165
0.9000000 0.8100244
0.9010000 -35.1698227
0.9020000 57.6893272
0.9030000 24.0327206
0.9040000 -40.5820694
0.9050000 -49.7034302
0.9060000 -45.5010681
0.9070000 18.7560787
0.9080000 14.1527119
0.9090000 -38.6823769
0.9100000 -24.2282696
0.9110000 40.9660683
0.9120000 31.3768940
0.9130000 49.5955162
0.9140000 15.0696783
0.9150000 36.5688744
0.9160000 77.7395630
0.9170000 -25.7324829
0.9180000 74.5148010
0.9190000 -5.2383800
0.9200000 28.8075218
0.9210000 4.1682978
0.9220000 39.2188263
0.9230000 12.3663568
0.9240000 16.6140480
0.9250000 -79.9439011
0.9260000 4.2446370
0.9270000 26.6543846
0.9280000 40.8233566
0.9290000 0.9675276
0.9300000 -38.0106201
0.9310000 21.3127003
0.9320000 -28.6317463
0.9330000 26.0703869
0.9340000 -28.3871536
0.9350000 10.5224829
0.9360000 -2.9868600
0.9370000 60.1300087
0.9380000 -0.5362912
0.9390000 -36.2316551
0.9400000 -46.1593437
0.9410000 35.3706398
0.9420000 1.0777373
0.9430000 9.0219488
0.9440000 25.7825947
0.9450000 -9.4403667
0.9460000 -8.0305490
0.9470000 -7.0391626
0.9480000 31.3991566
0.9490000 34.2764740
0.9500000 -10.0508471
0.9510000 -23.0073986
0.9520000 13.1189098
0.9530000 23.7171841
0.9540000 24.8210430
0.9550000 -17.8675060
0.9560000 42.6254234
0.9570000 -11.4095802
0.9580000 -43.9367905
0.9590000 -38.1372375
0.9600000 32.1723251
0.9610000 -10.7729645
0.9620000 -47.0139160
0.9630000 -32.8965912
0.9640000 14.4571629
0.9650000 24.0750465
0.9660000 -28.9221153
0.9670000 12.5470085
0.9680000 72.5733109
0.9690000 -13.4879341
0.9700000 31.4887066
0.9710000 -2.2583103
0.9720000 -50.3432808
0.9730000 37.1559639
0.9740000 52.6475601
0.9750000 -26.8460274
0.9760000 -51.1275063
0.9770000 -31.1170216
0.9780000 35.7805099
0.9790000 -35.9974785
0.9800000 18.0092964
0.9810000 -1.1528749
0.9820000 1.4235027
0.9830000 15.5848026
0.9840000 -1.8842255
0.9850000 -21.8222771
0.9860000 21.7128124
0.9870000 32.3599434
0.9880000 8.7811575
0.9890000 35.3866920
0.9900000 9.1704187
0.9910000 -28.9532909
0.9920000 80.6798325
0.9930000 -11.4473190
0.9940000 -57.2199135
0.9950000 35.7947388
0.9960000 61.0797424
0.9970000 32.4734802
0.9980000 20.8984222
0.9990000 6.8109074
