0.0000000 0.4315518
0.0010000 64.7834167
0.0020000 58.6015549
0.0030000 17.3830490
0.0040000 13.8252916
0.0050000 13.0041666
0.0060000 55.7670097
0.0070000 -1.5476333
0.0080000 36.8419533
0.0090000 41.6049995
0.0100000 -7.2841954
0.0110000 -34.5313835
0.0120000 -31.3094292
0.0130000 -7.4248090
0.0140000 -13.3888645
0.0150000 2.6596224
0.0160000 -14.2740259
0.0170000 -92.6802521
0.0180000 81.2268295
0.0190000 -38.2626762
0.0200000 20.9693871
0.0210000 49.6890717
0.0220000 -2.4087040
0.0230000 20.5810127
0.0240000 23.8762131
0.0250000 23.6061287
0.0260000 11.4516001
0.0270000 33.3706589
0.0280000 23.2162952
0.0290000 -1.5021305
0.0300000 -33.8256721
0.0310000 -33.8613548
0.0320000 -2.6702752
0.0330000 18.1889019
0.0340000 -58.8013077
0.0350000 -28.2108440
0.0360000 -27.0320663
0.0370000 -49.9714012
0.0380000 27.4054050
0.0390000 21.5521202
0.0400000 9.6927710
0.0410000 -24.1919403
0.0420000 -30.3399391
0.0430000 -4.1297407
0.0440000 -17.3805428
0.0450000 -12.1094933
0.0460000 53.8696899
0.0470000 -6.1716480
0.0480000 31.8462906
0.0490000 -53.9423409
0.0500000 -0.3838784
0.0510000 49.5748367
0.0520000 -25.3533115
0.0530000 27.7221470
0.0540000 -54.6964836
0.0550000 -47.8451958
0.0560000 13.5204391
0.0570000 -14.2741051
0.0580000 -40.5756874
0.0590000 11.5809126
0.0600000 -0.3858032
0.0610000 -55.2135239
0.0620000 17.6312962
0.0630000 -46.6433907
0.0640000 16.8218613
0.0650000 22.3520241
0.0660000 -11.4706173
0.0670000 -12.7123184
0.0680000 26.5492668
0.0690000 12.4158506
0.0700000 -8.4881001
0.0710000 -10.7408495
0.0720000 -5.6147785
0.0730000 -17.4935341
0.0740000 -81.9749146
0.0750000 -0.3042203
0.0760000 31.8834476
0.0770000 -16.4639244
0.0780000 -35.0199623
0.0790000 35.9658585
0.0800000 31.7708759
0.0810000 2.8170321
0.0820000 -56.5843315
0.0830000 14.8419180
0.0840000 -3.1750662
0.0850000 0.7461076
0.0860000 15.6206427
0.0870000 22.6055431
0.0880000 -10.8430777
0.0890000 -5.6442623
0.0900000 43.2787476
0.0910000 -5.4161916
0.0920000 54.7949486
0.0930000 11.0849924
0.0940000 -9.7245340
0.0950000 37.0348320
0.0960000 25.1378269
0.0970000 -34.0452385
0.0980000 32.1856308
0.0990000 61.9075470
0.1000000 -37.5470505
0.1010000 23.7936668
0.1020000 92.7626266
0.1030000 -34.4762993
0.1040000 -46.2612114
0.1050000 -21.1853027
0.1060000 21.2082443
0.1070000 -33.3115082
0.1080000 15.8451405
0.1090000 17.5497684
0.1100000 38.0029869
0.1110000 46.4296188
0.1120000 -8.6628389
0.1130000 -56.9334221
0.1140000 4.3573508
0.1150000 34.6570816
0.1160000 -8.6100292
0.1170000 -27.0314255
0.1180000 -42.6509552
0.1190000 -50.6066818
0.1200000 47.8394012
0.1210000 -45.4623299
0.1220000 -1.1115719
0.1230000 12.0616550
0.1240000 -16.1088810
0.1250000 52.3835335
0.1260000 -11.3178587
0.1270000 3.5266833
0.1280000 -43.7537575
0.1290000 -4.5349722
0.1300000 -17.1723251
0.1310000 -34.4270973
0.1320000 32.1436081
0.1330000 36.6919823
0.1340000 -41.3032761
0.1350000 5.1974216
0.1360000 -32.9787903
0.1370000 43.9569817
0.1380000 -46.8342590
0.1390000 -12.5799341
0.1400000 18.0570450
0.1410000 -39.5978508
0.1420000 51.2213821
0.1430000 -42.2027359
0.1440000 13.0187664
0.1450000 24.9181252
0.1460000 1.8900458
0.1470000 -47.6889381
0.1480000 43.8152542
0.1490000 10.6097422
0.1500000 -37.0782356
0.1510000 -66.3444519
0.1520000 -51.5056343
0.1530000 17.2366600
0.1540000 4.2800293
0.1550000 34.5420380
0.1560000 -28.5362835
0.1570000 -25.9100037
0.1580000 17.7267590
0.1590000 -16.7389889
0.1600000 43.7210808
0.1610000 -41.5167923
0.1620000 36.7805328
0.1630000 -77.5782166
0.1640000 -0.2363392
0.1650000 -24.4805908
0.1660000 18.8298130
0.1670000 -40.5950584
0.1680000 3.3394217
0.1690000 -11.0081110
0.1700000 -11.1732216
0.1710000 21.9403076
0.1720000 -30.2194195
0.1730000 -37.5587234
0.1740000 -42.8914452
0.1750000 -37.2133865
0.1760000 -25.9249687
0.1770000 -7.9623394
0.1780000 6.5582151
0.1790000 -3.5573990
0.1800000 -12.5429802
0.1810000 2.6794610
0.1820000 -3.0055981
0.1830000 6.8325748
0.1840000 -6.5732861
0.1850000 5.1678963
0.1860000 -3.9251502
0.1870000 -16.3376904
0.1880000 -15.3166513
0.1890000 40.9167976
0.1900000 -24.7618771
0.1910000 -42.9557648
0.1920000 -75.3659897
0.1930000 43.9690819
0.1940000 8.2828054
0.1950000 77.8284760
0.1960000 8.6522369
0.1970000 54.3164711
0.1980000 105.9034958
0.1990000 -25.7163849
0.2000000 -5.4236808
0.2010000 -63.1223793
0.2020000 -41.2664566
0.2030000 -31.4771614
0.2040000 -1.2660220
0.2050000 -36.1220169
0.2060000 47.5149765
0.2070000 -14.9182224
0.2080000 45.7251015
0.2090000 21.0488663
0.2100000 21.7006550
0.2110000 -34.5137978
0.2120000 -57.3207016
0.2130000 -100.8818741
0.2140000 6.9879680
0.2150000 20.2128468
0.2160000 -5.3528161
0.2170000 -35.4570808
0.2180000 43.7921066
0.2190000 34.8104820
0.2200000 28.1463337
0.2210000 6.2360344
0.2220000 -5.5909934
0.2230000 -38.0788383
0.2240000 1.9432364
0.2250000 17.6226406
0.2260000 53.9715157
0.2270000 66.9264297
0.2280000 35.5588760
0.2290000 17.8683681
0.2300000 20.9936409
0.2310000 38.5549545
0.2320000 -47.8632278
0.2330000 -34.7935066
0.2340000 26.3757668
0.2350000 -15.9769058
0.2360000 -25.4137287
0.2370000 6.5589519
0.2380000 41.8477211
0.2390000 -38.3444405
0.2400000 -46.6262856
0.2410000 -77.0364761
0.2420000 -35.8631554
0.2430000 -42.4697418
0.2440000 36.7100716
0.2450000 -18.2524147
0.2460000 -34.1971931
0.2470000 30.1240177
0.2480000 -46.6712227
0.2490000 4.5786920
0.2500000 -0.6963862
0.2510000 57.0464096
0.2520000 -9.6016264
0.2530000 -16.9806328
0.2540000 2.2495375
0.2550000 -32.8318901
0.2560000 -30.6703033
0.2570000 -7.9124641
0.2580000 -63.0441589
0.2590000 24.6648273
0.2600000 7.9218240
0.2610000 17.1779938
0.2620000 16.8642902
0.2630000 -24.1321621
0.2640000 58.5348167
0.2650000 28.1005077
0.2660000 16.8949757
0.2670000 -32.2358894
0.2680000 19.9540272
0.2690000 -4.7982321
0.2700000 20.7727127
0.2710000 -34.1639175
0.2720000 -47.2306099
0.2730000 -84.9852905
0.2740000 34.5944328
0.2750000 -11.1482725
0.2760000 24.2108612
0.2770000 -24.6749420
0.2780000 -0.6249205
0.2790000 -34.2214966
0.2800000 16.8571606
0.2810000 -52.5623016
0.2820000 6.6603837
0.2830000 6.4097424
0.2840000 8.9494934
0.2850000 -8.9386539
0.2860000 3.7061012
0.2870000 35.9931068
0.2880000 -50.0688591
0.2890000 -57.7182579
0.2900000 -24.2834759
0.2910000 -8.3249178
0.2920000 40.0042267
0.2930000 -24.3678265
0.2940000 42.4758720
0.2950000 33.0294533
0.2960000 -30.0432396
0.2970000 -30.2252979
0.2980000 -11.0515995
0.2990000 -12.0739355
0.3000000 40.6426926
0.3010000 -23.3301430
0.3020000 26.7913551
0.3030000 -6.7425346
0.3040000 23.6087456
0.3050000 -6.8001208
0.3060000 -20.1638451
0.3070000 7.7848659
0.3080000 -15.3868456
0.3090000 44.1312141
0.3100000 51.4285889
0.3110000 10.5650291
0.3120000 -24.3302555
0.3130000 65.1389465
0.3140000 40.0871887
0.3150000 -51.5152931
0.3160000 34.0195999
0.3170000 12.8948307
0.3180000 31.0753460
0.3190000 -16.3481655
0.3200000 -11.6688881
0.3210000 -5.1386704
0.3220000 -30.6615009
0.3230000 45.8806915
0.3240000 45.1149635
0.3250000 17.7465382
0.3260000 -14.8698072
0.3270000 -28.0693111
0.3280000 13.9087105
0.3290000 -13.7308464
0.3300000 23.7937508
0.3310000 -5.1014590
0.3320000 -10.2252779
0.3330000 44.9421959
0.3340000 4.0178871
0.3350000 -45.6845093
0.3360000 24.3000660
0.3370000 25.8450508
0.3380000 -31.1646214
0.3390000 -20.0709782
0.3400000 27.0064831
0.3410000 25.3065376
0.3420000 -7.0577455
0.3430000 -35.3652725
0.3440000 13.6474781
0.3450000 67.9442291
0.3460000 0.4428165
0.3470000 38.2661934
0.3480000 -10.7304344
0.3490000 24.4019413
0.3500000 -50.1171837
0.3510000 -22.5782700
0.3520000 -69.3719788
0.3530000 30.1901436
0.3540000 39.4097366
0.3550000 25.7005844
0.3560000 -54.3315468
0.3570000 45.3131104
0.3580000 -26.2210045
0.3590000 -42.7881584
0.3600000 1.9100469
0.3610000 31.4329166
0.3620000 -27.1876507
0.3630000 -11.0863485
0.3640000 34.4041023
0.3650000 -82.8668747
0.3660000 56.4615860
0.3670000 -3.0330467
0.3680000 -15.1703186
0.3690000 -5.9797091
0.3700000 -17.0754757
0.3710000 -28.6860867
0.3720000 7.4728494
0.3730000 -4.5028086
0.3740000 -31.3944263
0.3750000 56.8507996
0.3760000 -2.1717680
0.3770000 10.5169067
0.3780000 -6.1010861
0.3790000 -48.6347122
0.3800000 -39.9612503
0.3810000 41.4189682
0.3820000 -28.8175163
0.3830000 -9.4041147
0.3840000 -10.1407356
0.3850000 14.1818151
0.3860000 -33.3105125
0.3870000 -34.7343140
0.3880000 20.3110390
0.3890000 24.0624485
0.3900000 54.4638939
0.3910000 -5.3095198
0.3920000 -8.4491901
0.3930000 3.8638637
0.3940000 -0.6568018
0.3950000 -52.6959419
0.3960000 62.4703102
0.3970000 -10.4798403
0.3980000 -35.4127274
0.3990000 28.1088257
0.4000000 67.5519714
0.4010000 6.9726853
0.4020000 -0.7711822
0.4030000 9.4213591
0.4040000 -17.6362801
0.4050000 -1.9871228
0.4060000 71.4147034
0.4070000 -30.1763306
0.4080000 -11.7000475
0.4090000 32.0472412
0.4100000 -21.3027782
0.4110000 22.2439251
0.4120000 8.6949425
0.4130000 21.3802547
0.4140000 -3.1392040
0.4150000 -16.4007969
0.4160000 -15.5135107
0.4170000 -40.4700317
0.4180000 58.2746429
0.4190000 45.4652328
0.4200000 65.0569839
0.4210000 -22.8826675
0.4220000 -11.5932484
0.4230000 -3.7279177
0.4240000 -30.9661217
0.4250000 74.2573318
0.4260000 1.4425756
0.4270000 -44.7906876
0.4280000 -34.2846527
0.4290000 6.0664225
0.4300000 14.6571074
0.4310000 -6.7066655
0.4320000 31.4135876
0.4330000 -37.4896774
0.4340000 55.3213425
0.4350000 6.5251060
0.4360000 21.0565243
0.4370000 -68.4854584
0.4380000 -24.9898796
0.4390000 -16.2126675
0.4400000 -46.3643341
0.4410000 46.0581284
0.4420000 72.7030487
0.4430000 22.1126957
0.4440000 38.7022820
0.4450000 36.9176445
0.4460000 31.2001095
0.4470000 10.4416161
0.4480000 86.8576050
0.4490000 -10.8549480
0.4500000 9.6638508
0.4510000 -7.5452113
0.4520000 43.2505836
0.4530000 68.5277252
0.4540000 13.8526421
0.4550000 7.3744879
0.4560000 4.0434537
0.4570000 56.4158669
0.4580000 55.9256897
0.4590000 -4.2939010
0.4600000 32.5518875
0.4610000 -33.3396225
0.4620000 33.8956795
0.4630000 8.5115709
0.4640000 26.3910923
0.4650000 -19.9533310
0.4660000 43.2684326
0.4670000 -59.0607910
0.4680000 20.2094994
0.4690000 -2.9929783
0.4700000 52.9128075
0.4710000 84.1023254
0.4720000 47.3233604
0.4730000 14.7481365
0.4740000 -25.9897976
0.4750000 -30.9375248
0.4760000 12.0065041
0.4770000 -0.1968154
0.4780000 -33.8675270
0.4790000 -31.5837002
0.4800000 -48.4889450
0.4810000 5.4171820
0.4820000 1.3729256
0.4830000 24.9401875
0.4840000 -6.2345462
0.4850000 10.6504068
0.4860000 41.4807396
0.4870000 -33.6059837
0.4880000 23.4096909
0.4890000 56.4770012
0.4900000 20.3803425
0.4910000 -11.2983379
0.4920000 17.9160042
0.4930000 20.6806526
0.4940000 7.9072270
0.4950000 16.0970631
0.4960000 -22.0074253
0.4970000 -2.7753284
0.4980000 8.3901663
0.4990000 -46.7979240
0.5000000 -2.8194697
0.5010000 -0.5810225
0.5020000 -26.5444775
0.5030000 -0.4109393
0.5040000 -30.8233986
0.5050000 -73.8149796
0.5060000 16.9175930
0.5070000 7.3190765
0.5080000 -3.7281301
0.5090000 -12.2929697
0.5100000 14.9210720
0.5110000 -91.1748047
0.5120000 105.3465271
0.5130000 -11.0151167
0.5140000 -10.7471991
0.5150000 -17.6721630
0.5160000 30.1509247
0.5170000 26.3333530
0.5180000 -50.2399139
0.5190000 77.6580734
0.5200000 22.6082706
0.5210000 -21.7120781
0.5220000 -17.4819622
0.5230000 28.1089115
0.5240000 7.7745390
0.5250000 -20.4343967
0.5260000 15.2002335
0.5270000 8.7709923
0.5280000 82.5942383
0.5290000 -19.0381126
0.5300000 -3.3120725
0.5310000 -74.4685211
0.5320000 19.7212925
0.5330000 18.9713535
0.5340000 -30.4585495
0.5350000 8.1190128
0.5360000 0.6953666
0.5370000 -7.0988793
0.5380000 -26.1170597
0.5390000 -55.9124489
0.5400000 -50.5278015
0.5410000 -23.6887836
0.5420000 -16.0844707
0.5430000 -8.9873447
0.5440000 14.0337887
0.5450000 -77.6633530
0.5460000 -19.8329315
0.5470000 -8.5290442
0.5480000 22.9517422
0.5490000 24.2522125
0.5500000 -72.8149414
0.5510000 -32.1163292
0.5520000 126.5590057
0.5530000 -30.5531292
0.5540000 -43.7470131
0.5550000 22.7158298
0.5560000 -15.5406151
0.5570000 -56.4237022
0.5580000 38.4415016
0.5590000 69.8072433
0.5600000 1.6852839
0.5610000 -22.7570553
0.5620000 -31.9355316
0.5630000 30.0575562
0.5640000 -7.2406507
0.5650000 -17.0565472
0.5660000 47.0810776
0.5670000 -15.7999945
0.5680000 15.9488049
0.5690000 3.5414901
0.5700000 -36.5195885
0.5710000 68.7143097
0.5720000 -52.3014030
0.5730000 -10.3046055
0.5740000 -41.4562416
0.5750000 35.4417305
0.5760000 -20.1313419
0.5770000 -10.2069263
0.5780000 -15.1772175
0.5790000 -14.6824684
0.5800000 2.1206365
0.5810000 -11.4145937
0.5820000 56.9396744
0.5830000 -9.2056284
0.5840000 53.1373177
0.5850000 -59.1777153
0.5860000 -13.7029638
0.5870000 7.7638164
0.5880000 -12.2588854
0.5890000 7.6100168
0.5900000 28.2813549
0.5910000 45.3981285
0.5920000 67.3965912
0.5930000 -3.5335512
0.5940000 51.7475815
0.5950000 -24.0648155
0.5960000 -53.6753464
0.5970000 -16.2424622
0.5980000 -10.2645340
0.5990000 51.2781410
0.6000000 -21.0438519
0.6010000 38.8037567
0.6020000 26.9523144
0.6030000 -32.5002213
0.6040000 -22.8815670
0.6050000 -26.4132652
0.6060000 19.9345150
0.6070000 -53.3103104
0.6080000 49.9306145
0.6090000 -6.2712617
0.6100000 13.5530653
0.6110000 15.3708458
0.6120000 -15.4024706
0.6130000 24.8001614
0.6140000 -5.3151302
0.6150000 -79.3385773
0.6160000 21.4066525
0.6170000 -10.8856773
0.6180000 -1.9711800
0.6190000 16.2608833
0.6200000 7.3943152
0.6210000 69.2700653
0.6220000 60.1660728
0.6230000 -64.6634445
0.6240000 -31.6216240
0.6250000 10.0156012
0.6260000 -38.2199059
0.6270000 39.8026428
0.6280000 5.7036943
0.6290000 36.0196266
0.6300000 -11.7806959
0.6310000 23.7958698
0.6320000 22.1777439
0.6330000 -26.6574707
0.6340000 13.7240858
0.6350000 86.5159607
0.6360000 80.1819839
0.6370000 -3.7567694
0.6380000 -14.2841797
0.6390000 33.9046021
0.6400000 44.7343712
0.6410000 -4.1482782
0.6420000 -27.7134075
0.6430000 36.9399796
0.6440000 49.5890083
0.6450000 -61.7181816
0.6460000 9.4156733
0.6470000 55.7738647
0.6480000 51.1532211
0.6490000 1.2204989
0.6500000 6.0856619
0.6510000 56.7917023
0.6520000 -34.6613731
0.6530000 35.2616501
0.6540000 -9.9560471
0.6550000 0.1119768
0.6560000 -59.1095505
0.6570000 19.3836613
0.6580000 -58.7682915
0.6590000 -3.9051526
0.6600000 -87.9356461
0.6610000 57.8624802
0.6620000 -19.8546181
0.6630000 -39.7214241
0.6640000 16.3668766
0.6650000 -85.9340820
0.6660000 -46.8887405
0.6670000 12.2449579
0.6680000 51.7497711
0.6690000 4.2286587
0.6700000 6.7461619
0.6710000 -31.2498226
0.6720000 -23.8017654
0.6730000 42.0692291
0.6740000 -34.2950401
0.6750000 -10.1177092
0.6760000 88.1139069
0.6770000 25.8084126
0.6780000 6.7380638
0.6790000 -31.4654102
0.6800000 30.9482288
0.6810000 -14.1000099
0.6820000 62.2140541
0.6830000 -48.3711777
0.6840000 -61.5893784
0.6850000 47.9131622
0.6860000 -15.7116480
0.6870000 26.8445358
0.6880000 44.8297386
0.6890000 8.5406494
0.6900000 40.5392494
0.6910000 -19.9226761
0.6920000 55.0355301
0.6930000 10.0380363
0.6940000 51.5443153
0.6950000 -28.5587044
0.6960000 29.6903229
0.6970000 -37.4666405
0.6980000 -30.6717758
0.6990000 3.9020777
0.7000000 9.5648718
0.7010000 -0.4830406
0.7020000 -43.2468262
0.7030000 18.1212330
0.7040000 -56.1503830
0.7050000 -56.1120186
0.7060000 -73.5262833
0.7070000 -19.6045856
0.7080000 -17.6627731
0.7090000 78.2315292
0.7100000 -20.8652515
0.7110000 -34.1980324
0.7120000 -46.7267075
0.7130000 39.9939079
0.7140000 4.3286471
0.7150000 16.0188522
0.7160000 10.0403032
0.7170000 45.7061996
0.7180000 -7.7672124
0.7190000 -23.0461655
0.7200000 7.3598275
0.7210000 -0.3514920
0.7220000 56.4951897
0.7230000 5.7611566
0.7240000 -38.3987961
0.7250000 -36.8444481
0.7260000 -49.9171028
0.7270000 22.3168564
0.7280000 -27.8757286
0.7290000 -16.6706295
0.7300000 19.8116074
0.7310000 -4.4383092
0.7320000 -9.3389721
0.7330000 -27.0279598
0.7340000 -53.6675911
0.7350000 26.1098595
0.7360000 22.6172504
0.7370000 -34.7044792
0.7380000 17.8549862
0.7390000 -18.8829346
0.7400000 3.7939386
0.7410000 -76.1730576
0.7420000 -54.1880341
0.7430000 -53.8143921
0.7440000 7.9669843
0.7450000 -33.2042770
0.7460000 -0.3834155
0.7470000 -45.8003922
0.7480000 -0.7663712
0.7490000 47.6121941
0.7500000 17.4703674
0.7510000 -24.9838276
0.7520000 9.7006140
0.7530000 -34.1189575
0.7540000 -4.3032875
0.7550000 31.8351994
0.7560000 55.0686150
0.7570000 19.6007633
0.7580000 -30.0805187
0.7590000 26.6347752
0.7600000 -28.8236694
0.7610000 -54.4502068
0.7620000 36.4646721
0.7630000 34.1615601
0.7640000 26.5976658
0.7650000 -11.5857086
0.7660000 3.5712605
0.7670000 -9.6856003
0.7680000 41.8732452
0.7690000 -43.3594131
0.7700000 -36.0348778
0.7710000 -2.2151451
0.7720000 59.3551064
0.7730000 -10.2734823
0.7740000 -31.7061291
0.7750000 -7.7420940
0.7760000 -6.2079239
0.7770000 14.8910980
0.7780000 -43.5227432
0.7790000 77.9529419
0.7800000 -30.5724049
0.7810000 35.0926895
0.7820000 -7.6865625
0.7830000 36.7290688
0.7840000 -7.2890320
0.7850000 -55.3317375
0.7860000 -9.9468727
0.7870000 -26.1657391
0.7880000 -11.8527308
0.7890000 39.7724991
0.7900000 40.9941406
0.7910000 50.2029762
0.7920000 38.1160736
0.7930000 -22.0963326
0.7940000 -6.3843117
0.7950000 5.7293262
0.7960000 22.1405296
0.7970000 0.7738481
0.7980000 -30.8953495
0.7990000 62.4359398
0.8000000 -16.7445412
0.8010000 -14.4113693
0.8020000 -44.7701645
0.8030000 -30.8733997
0.8040000 -10.2126789
0.8050000 -3.9809320
0.8060000 -72.3908081
0.8070000 -12.4440174
0.8080000 3.8235483
0.8090000 -8.1619415
0.8100000 30.7579918
0.8110000 11.8846245
0.8120000 -81.3486176
0.8130000 -9.9560480
0.8140000 66.0794525
0.8150000 54.7488480
0.8160000 -27.2987633
0.8170000 5.4145002
0.8180000 21.4259148
0.8190000 6.3628421
0.8200000 -61.7504768
0.8210000 11.4166861
0.8220000 55.6560287
0.8230000 28.8112659
0.8240000 33.1952934
0.8250000 -5.4638648
0.8260000 2.1562672
0.8270000 34.5448761
0.8280000 -15.9214602
0.8290000 -4.8106031
0.8300000 1.2528285
0.8310000 15.2900200
0.8320000 17.6969147
0.8330000 29.2317505
0.8340000 -15.0196533
0.8350000 -25.1133232
0.8360000 -23.7343998
0.8370000 -48.1290092
0.8380000 -53.0077515
0.8390000 -53.2223549
0.8400000 -12.7937956
0.8410000 22.5325108
0.8420000 -23.0855980
0.8430000 -38.2667656
0.8440000 19.1404800
0.8450000 36.9483185
0.8460000 -37.7839890
0.8470000 -17.1984959
0.8480000 41.5683899
0.8490000 -27.4621449
0.8500000 -8.8927011
0.8510000 -40.8500023
0.8520000 -67.2542877
0.8530000 6.3611121
0.8540000 -3.3684084
0.8550000 -61.0391464
0.8560000 15.2068529
0.8570000 59.8936729
0.8580000 14.7364674
0.8590000 -16.1733799
0.8600000 13.9709587
0.8610000 -5.4113522
0.8620000 10.5303240
0.8630000 22.2970181
0.8640000 7.2818193
0.8650000 95.0501022
0.8660000 -25.4575024
0.8670000 38.6408730
0.8680000 66.1857986
0.8690000 -41.3460197
0.8700000 55.9958687
0.8710000 41.2434959
0.8720000 44.2990494
0.8730000 3.2761664
0.8740000 40.6081848
0.8750000 -41.6030350
0.8760000 -39.1943893
0.8770000 -8.9608068
0.8780000 112.1841354
0.8790000 -39.1536522
0.8800000 -34.3968391
0.8810000 -15.4499598
0.8820000 -14.5544882
0.8830000 -20.0346737
0.8840000 37.3771629
0.8850000 -9.1949301
0.8860000 -30.7671871
0.8870000 17.6841526
0.8880000 -40.9952469
0.8890000 3.4566410
0.8900000 5.7634349
0.8910000 -29.0611763
0.8920000 23.3181648
0.8930000 6.2121024
0.8940000 -0.1380074
0.8950000 66.3905334
0.8960000 24.5651722
0.8970000 29.2870274
0.8980000 16.0779419
0.8990000 -20.1982441
0.9000000 15.8899155
0.9010000 4.3705778
0.9020000 7.5992188
0.9030000 15.4701529
0.9040000 -48.3571815
0.9050000 21.7206364
0.9060000 2.2805378
0.9070000 44.5924377
0.9080000 47.1239128
0.9090000 6.2223883
0.9100000 -6.9041777
0.9110000 49.2507019
0.9120000 -20.3017063
0.9130000 68.6562424
0.9140000 1.6091312
0.9150000 45.7585640
0.9160000 74.2200775
0.9170000 4.7405958
0.9180000 85.4721527
0.9190000 -24.5197544
0.9200000 68.3811188
0.9210000 -71.8515701
0.9220000 -23.9798164
0.9230000 -6.2932167
0.9240000 -8.9081898
0.9250000 -82.3837357
0.9260000 47.7427826
0.9270000 8.4616442
0.9280000 48.9344063
0.9290000 29.5492191
0.9300000 14.9175158
0.9310000 -21.4832573
0.9320000 -5.2708697
0.9330000 38.6606293
0.9340000 2.9970279
0.9350000 -11.5055695
0.9360000 17.2715874
0.9370000 -29.9056358
0.9380000 -45.6364098
0.9390000 8.2705097
0.9400000 68.7329559
0.9410000 0.7392088
0.9420000 -28.5963707
0.9430000 -35.6702957
0.9440000 -40.7501793
0.9450000 18.0736618
0.9460000 -38.9215279
0.9470000 -26.9336700
0.9480000 -33.5484009
0.9490000 -5.3451123
0.9500000 -4.1404219
0.9510000 -26.8232136
0.9520000 45.9288902
0.9530000 48.5418739
0.9540000 5.6278749
0.9550000 -2.4610233
0.9560000 -18.5607662
0.9570000 -0.5186667
0.9580000 16.6473312
0.9590000 13.0033846
0.9600000 76.9093628
0.9610000 -42.6240692
0.9620000 -12.9700174
0.9630000 19.0613575
0.9640000 -40.9846420
0.9650000 -19.6559620
0.9660000 15.9565201
0.9670000 30.1359062
0.9680000 22.0731010
0.9690000 3.6606059
0.9700000 -54.4803123
0.9710000 25.5736923
0.9720000 12.4249296
0.9730000 -52.3959961
0.9740000 14.5627470
0.9750000 -36.7042046
0.9760000 -45.7404327
0.9770000 15.8598089
0.9780000 11.6588078
0.9790000 44.2958298
0.9800000 6.7640233
0.9810000 11.9755630
0.9820000 -7.7827220
0.9830000 -52.7079926
0.9840000 -43.0471344
0.9850000 -84.7321548
0.9860000 -6.7877951
0.9870000 -28.6504517
0.9880000 37.1666679
0.9890000 -49.2038498
0.9900000 28.6091328
0.9910000 45.8127174
0.9920000 -18.0047264
0.9930000 48.9501877
0.9940000 25.8143711
0.9950000 -29.0950031
0.9960000 69.9170837
0.9970000 -30.6665287
0.9980000 31.3559704
0.9990000 49.0717392
