0.0000000 -36.4868507
0.0010000 28.1312294
0.0020000 9.8379068
0.0030000 -23.6261253
0.0040000 35.3405151
0.0050000 -61.8307533
0.0060000 -3.1972733
0.0070000 39.6828232
0.0080000 -31.9902992
0.0090000 -2.0976634
0.0100000 93.2255630
0.0110000 -27.1602268
0.0120000 -32.0538635
0.0130000 -20.9966545
0.0140000 -37.9845924
0.0150000 -12.7601252
0.0160000 -52.6797943
0.0170000 -9.9441910
0.0180000 -9.7172966
0.0190000 -37.2001305
0.0200000 15.7283897
0.0210000 1.7952789
0.0220000 -11.1014147
0.0230000 0.7975062
0.0240000 -75.8405457
0.0250000 4.2827306
0.0260000 -27.5452576
0.0270000 35.2267189
0.0280000 -11.3617725
0.0290000 -7.2744923
0.0300000 37.6211357
0.0310000 20.4075527
0.0320000 -39.1564560
0.0330000 -47.2075386
0.0340000 13.1228838
0.0350000 36.3121529
0.0360000 39.4320068
0.0370000 3.5629373
0.0380000 38.4071121
0.0390000 32.0931053
0.0400000 -45.0454407
0.0410000 57.8359337
0.0420000 -55.1565742
0.0430000 -5.9694757
0.0440000 -2.3554225
0.0450000 -14.2059355
0.0460000 35.8288383
0.0470000 -1.3149269
0.0480000 -63.4824333
0.0490000 -37.1292152
0.0500000 -71.5687790
0.0510000 49.0560074
0.0520000 19.7766399
0.0530000 -4.8838296
0.0540000 -32.2389565
0.0550000 -11.8600054
0.0560000 77.4863586
0.0570000 12.8792830
0.0580000 34.3714371
0.0590000 34.7725945
0.0600000 25.1264534
0.0610000 -31.7516365
0.0620000 36.4925156
0.0630000 23.8213997
0.0640000 12.0194702
0.0650000 -22.8364677
0.0660000 41.0554504
0.0670000 -69.7926865
0.0680000 27.8771362
0.0690000 -16.7780666
0.0700000 -30.4606285
0.0710000 15.2006044
0.0720000 20.7623138
0.0730000 34.2975960
0.0740000 0.9168187
0.0750000 22.5197010
0.0760000 3.7727768
0.0770000 -38.5069084
0.0780000 0.5225115
0.0790000 -30.2871532
0.0800000 -9.1422100
0.0810000 1.3487263
0.0820000 -0.4361210
0.0830000 -2.2296638
0.0840000 -56.6558418
0.0850000 2.3569913
0.0860000 61.7540283
0.0870000 -33.8145027
0.0880000 -67.5219269
0.0890000 17.8049297
0.0900000 25.6796513
0.0910000 24.2903996
0.0920000 -80.2221985
0.0930000 24.9543762
0.0940000 -34.5593376
0.0950000 13.3846579
0.0960000 11.2236776
0.0970000 31.1649513
0.0980000 5.7181740
0.0990000 -41.1624222
0.1000000 -11.0073776
0.1010000 7.1029286
0.1020000 -51.7935524
0.1030000 15.0734005
0.1040000 -23.2550850
0.1050000 42.2894249
0.1060000 10.0109282
0.1070000 -56.5029182
0.1080000 19.5050564
0.1090000 -78.0464935
0.1100000 -6.0064292
0.1110000 -37.2522812
0.1120000 -24.3216057
0.1130000 17.6863003
0.1140000 -42.9351921
0.1150000 -11.0024204
0.1160000 -42.4021645
0.1170000 -16.0512543
0.1180000 21.2893486
0.1190000 32.7272034
0.1200000 -41.5582809
0.1210000 31.6702595
0.1220000 -60.0588379
0.1230000 -50.6922073
0.1240000 -53.4050636
0.1250000 -15.9299917
0.1260000 13.6449289
0.1270000 -6.1105785
0.1280000 22.5191441
0.1290000 77.2607269
0.1300000 -13.5487156
0.1310000 25.1422653
0.1320000 12.9635410
0.1330000 -35.1812134
0.1340000 48.0929031
0.1350000 22.6604729
0.1360000 0.5980221
0.1370000 -30.8333549
0.1380000 -8.2463150
0.1390000 33.6278763
0.1400000 7.5892582
0.1410000 -5.3055015
0.1420000 26.8806686
0.1430000 18.1021633
0.1440000 49.2714424
0.1450000 -29.1795101
0.1460000 3.0117626
0.1470000 -23.0239887
0.1480000 46.7973404
0.1490000 48.3573494
0.1500000 14.0268850
0.1510000 -5.9847331
0.1520000 -37.5786743
0.1530000 -27.8487129
0.1540000 -67.7540970
0.1550000 -0.4424208
0.1560000 -43.0585022
0.1570000 9.9729662
0.1580000 -42.1149178
0.1590000 -12.0734291
0.1600000 29.3277016
0.1610000 -49.4069862
0.1620000 52.1705704
0.1630000 9.2267914
0.1640000 51.7133789
0.1650000 -38.7253113
0.1660000 21.0256138
0.1670000 -0.7036442
0.1680000 -22.3156662
0.1690000 -18.2434902
0.1700000 -19.5625439
0.1710000 46.2653885
0.1720000 10.5224037
0.1730000 -0.4078273
0.1740000 -2.5397360
0.1750000 -57.1167603
0.1760000 16.7539482
0.1770000 -11.3532572
0.1780000 44.8457603
0.1790000 -73.6574707
0.1800000 14.3355274
0.1810000 49.2571793
0.1820000 -31.6742878
0.1830000 -32.0928154
0.1840000 -6.0643835
0.1850000 -19.8193741
0.1860000 -38.9816742
0.1870000 -15.2415075
0.1880000 61.5126534
0.1890000 5.8448129
0.1900000 11.1495581
0.1910000 34.9852943
0.1920000 -12.0030117
0.1930000 71.2799988
0.1940000 -36.5333595
0.1950000 15.4915714
0.1960000 -14.2479248
0.1970000 55.6926918
0.1980000 -23.6261482
0.1990000 44.5925446
0.2000000 11.3193455
0.2010000 -41.0916710
0.2020000 26.4971085
0.2030000 2.6606941
0.2040000 -44.6358910
0.2050000 -16.8347282
0.2060000 -17.7625904
0.2070000 63.6695099
0.2080000 -24.5754223
0.2090000 3.9509959
0.2100000 -58.9997978
0.2110000 -98.1841125
0.2120000 -17.3204479
0.2130000 6.6048555
0.2140000 -7.5557885
0.2150000 -11.1502285
0.2160000 -2.7302284
0.2170000 -38.6740952
0.2180000 8.1538734
0.2190000 12.7607336
0.2200000 -5.5294785
0.2210000 -31.8058472
0.2220000 76.0055923
0.2230000 25.1866608
0.2240000 -6.5718760
0.2250000 23.6934662
0.2260000 11.1385298
0.2270000 23.9653473
0.2280000 11.6803179
0.2290000 -24.1424522
0.2300000 -21.0827141
0.2310000 -15.0606422
0.2320000 -77.4552002
0.2330000 -42.6949387
0.2340000 -37.6966553
0.2350000 18.8682232
0.2360000 -16.9459381
0.2370000 -9.3929968
0.2380000 -47.8573341
0.2390000 87.0436630
0.2400000 -25.3244247
0.2410000 17.6883926
0.2420000 1.3645732
0.2430000 -17.5274372
0.2440000 -15.5968513
0.2450000 -53.3641205
0.2460000 14.6636763
0.2470000 46.3075104
0.2480000 46.4805145
0.2490000 -33.5952415
0.2500000 6.6326451
0.2510000 -26.3979015
0.2520000 32.4958076
0.2530000 -26.4555874
0.2540000 27.7499104
0.2550000 37.9859161
0.2560000 -8.0245686
0.2570000 69.2132874
0.2580000 6.7937856
0.2590000 4.5822706
0.2600000 6.0203524
0.2610000 24.1518497
0.2620000 4.2657828
0.2630000 -41.3642426
0.2640000 13.9256258
0.2650000 -25.0295811
0.2660000 44.5767517
0.2670000 22.2690220
0.2680000 -6.1436439
0.2690000 38.2768707
0.2700000 -41.6136894
0.2710000 -9.5151329
0.2720000 -21.9717712
0.2730000 9.4569635
0.2740000 -45.7134171
0.2750000 -6.2910509
0.2760000 -22.2253857
0.2770000 -22.2609348
0.2780000 -24.2147636
0.2790000 -0.1943777
0.2800000 -18.3209629
0.2810000 -80.0361099
0.2820000 3.3275793
0.2830000 1.1344740
0.2840000 -65.5155716
0.2850000 56.1659851
0.2860000 -12.8090744
0.2870000 -17.1076641
0.2880000 -29.4514637
0.2890000 -0.1398056
0.2900000 45.1029243
0.2910000 6.0202875
0.2920000 62.3480759
0.2930000 -42.1001053
0.2940000 77.3775253
0.2950000 -39.3942490
0.2960000 4.3386345
0.2970000 5.5782065
0.2980000 52.5131798
0.2990000 -25.5110130
0.3000000 29.9712582
0.3010000 7.6916418
0.3020000 5.1865463
0.3030000 58.4617844
0.3040000 13.9276390
0.3050000 13.4340420
0.3060000 -3.5598733
0.3070000 -29.0609894
0.3080000 -62.7806892
0.3090000 11.0156364
0.3100000 4.8854566
0.3110000 21.2158661
0.3120000 -41.5542870
0.3130000 -45.4648132
0.3140000 22.0448799
0.3150000 7.5291138
0.3160000 20.0696735
0.3170000 2.6802113
0.3180000 31.5288658
0.3190000 37.1577339
0.3200000 -16.5677662
0.3210000 65.6866608
0.3220000 -30.8941822
0.3230000 66.0306168
0.3240000 -66.3240662
0.3250000 -36.6837120
0.3260000 20.9356670
0.3270000 -21.1409321
0.3280000 3.8483574
0.3290000 56.1073837
0.3300000 74.1739426
0.3310000 18.3328590
0.3320000 -60.7271538
0.3330000 1.9179921
0.3340000 32.8977737
0.3350000 30.0725079
0.3360000 -33.4463654
0.3370000 -3.8642597
0.3380000 -37.8265686
0.3390000 -2.2058871
0.3400000 -8.7821331
0.3410000 -10.1541233
0.3420000 2.1714404
0.3430000 40.8921127
0.3440000 54.6886024
0.3450000 -14.8226528
0.3460000 46.6136551
0.3470000 -48.8071175
0.3480000 -17.7523918
0.3490000 81.0932465
0.3500000 5.1346970
0.3510000 -51.4203529
0.3520000 -8.9623890
0.3530000 14.2983170
0.3540000 54.9766769
0.3550000 -74.9258270
0.3560000 8.1293106
0.3570000 30.0018005
0.3580000 15.6061192
0.3590000 48.3482056
0.3600000 -33.3421440
0.3610000 -41.5859528
0.3620000 -63.7582817
0.3630000 31.9163589
0.3640000 -4.9612427
0.3650000 57.6559639
0.3660000 -47.7256584
0.3670000 -39.3338089
0.3680000 -68.2511597
0.3690000 7.5315094
0.3700000 -30.6421986
0.3710000 3.7458889
0.3720000 20.5326405
0.3730000 18.8134499
0.3740000 -11.6901665
0.3750000 -31.9505367
0.3760000 -25.0501976
0.3770000 -18.0751419
0.3780000 -76.0545959
0.3790000 -22.8250980
0.3800000 -2.8377721
0.3810000 49.1214523
0.3820000 -11.1029253
0.3830000 -24.8656578
0.3840000 18.0624275
0.3850000 -43.6387367
0.3860000 -25.7609119
0.3870000 -64.5683594
0.3880000 13.7539015
0.3890000 -19.1772251
0.3900000 4.4197106
0.3910000 30.8870125
0.3920000 11.3640375
0.3930000 2.7405927
0.3940000 -26.0988064
0.3950000 72.7480164
0.3960000 -24.4079342
0.3970000 26.6409874
0.3980000 -25.4027939
0.3990000 5.4838614
0.4000000 0.2729214
0.4010000 -21.8845005
0.4020000 -38.3116379
0.4030000 49.0736351
0.4040000 -46.2884254
0.4050000 -22.6964283
0.4060000 -53.8540154
0.4070000 3.5081644
0.4080000 0.2488972
0.4090000 -55.1790962
0.4100000 3.0843520
0.4110000 -18.3889256
0.4120000 -2.6705210
0.4130000 36.9905205
0.4140000 -70.9421768
0.4150000 -72.3480530
0.4160000 -3.7689993
0.4170000 -3.7589815
0.4180000 -27.0614700
0.4190000 17.4645939
0.4200000 16.8938618
0.4210000 -7.6162467
0.4220000 -34.8474159
0.4230000 22.8405666
0.4240000 -14.1473494
0.4250000 71.8787613
0.4260000 22.3025913
0.4270000 -8.6224480
0.4280000 50.3496895
0.4290000 8.6751156
0.4300000 34.9002228
0.4310000 -14.5426617
0.4320000 3.1855624
0.4330000 -24.3795795
0.4340000 -4.0815291
0.4350000 -3.3184371
0.4360000 12.2743082
0.4370000 -24.4879189
0.4380000 33.1726532
0.4390000 2.1398644
0.4400000 37.8086205
0.4410000 18.5360069
0.4420000 -44.1792946
0.4430000 9.2895279
0.4440000 -28.5343056
0.4450000 -77.7899399
0.4460000 -24.2274818
0.4470000 -43.9033775
0.4480000 -41.0132942
0.4490000 -17.3010254
0.4500000 12.9623775
0.4510000 -8.7204857
0.4520000 19.0287018
0.4530000 3.0279839
0.4540000 -23.2495613
0.4550000 23.9372883
0.4560000 -0.7921332
0.4570000 5.0159860
0.4580000 -57.8582191
0.4590000 -7.2310543
0.4600000 2.4418876
0.4610000 -53.0651970
0.4620000 -23.5821991
0.4630000 -3.8709676
0.4640000 -3.3276289
0.4650000 -27.4763775
0.4660000 6.8052430
0.4670000 -12.8664017
0.4680000 10.9108210
0.4690000 -35.9897919
0.4700000 -10.8246126
0.4710000 40.6197395
0.4720000 25.2114048
0.4730000 36.6457214
0.4740000 11.9860878
0.4750000 -30.6156139
0.4760000 0.7206408
0.4770000 33.9479561
0.4780000 -31.9716454
0.4790000 -3.0218704
0.4800000 7.5890331
0.4810000 38.1427345
0.4820000 23.6399021
0.4830000 33.6584778
0.4840000 -11.9705105
0.4850000 -25.2704601
0.4860000 -36.2277489
0.4870000 -52.8885841
0.4880000 -16.3000526
0.4890000 32.9750481
0.4900000 97.6484146
0.4910000 34.4333611
0.4920000 45.6712341
0.4930000 25.2669449
0.4940000 -5.8857412
0.4950000 32.7874107
0.4960000 9.6541672
0.4970000 33.7669220
0.4980000 -5.4864664
0.4990000 10.3569698
0.5000000 -26.4873486
0.5010000 -18.9240837
0.5020000 41.9826431
0.5030000 12.1532135
0.5040000 53.0226402
0.5050000 -23.6076088
0.5060000 5.1797209
0.5070000 7.7819018
0.5080000 -26.7331448
0.5090000 18.3549747
0.5100000 -66.6244965
0.5110000 -23.1677189
0.5120000 20.2968063
0.5130000 -34.5012283
0.5140000 -14.9188757
0.5150000 -17.7468796
0.5160000 27.9085236
0.5170000 -43.2801781
0.5180000 -20.5369377
0.5190000 -31.5184765
0.5200000 -21.7231083
0.5210000 -3.7139771
0.5220000 -40.3084869
0.5230000 16.5840607
0.5240000 28.7773151
0.5250000 22.9646187
0.5260000 -3.2207763
0.5270000 36.8861618
0.5280000 -60.6754036
0.5290000 -21.6324387
0.5300000 74.9798660
0.5310000 -7.6484356
0.5320000 -11.5364475
0.5330000 23.3176727
0.5340000 53.2809219
0.5350000 11.5884867
0.5360000 -29.9901199
0.5370000 -49.1202011
0.5380000 -27.9774837
0.5390000 1.3399892
0.5400000 -35.8402405
0.5410000 -2.9652882
0.5420000 -8.0526609
0.5430000 -14.0159273
0.5440000 -31.0325375
0.5450000 -41.7170830
0.5460000 -57.2788200
0.5470000 9.9041739
0.5480000 -33.9253922
0.5490000 -14.0378952
0.5500000 14.6293402
0.5510000 -5.5758772
0.5520000 14.6788960
0.5530000 13.4304991
0.5540000 52.0826797
0.5550000 60.0294609
0.5560000 -15.8372183
0.5570000 -26.8638306
0.5580000 -19.7742462
0.5590000 11.7838078
0.5600000 10.4127045
0.5610000 20.4366589
0.5620000 20.9186440
0.5630000 6.5220628
0.5640000 -1.3737000
0.5650000 -36.1598892
0.5660000 -16.7057991
0.5670000 0.3630221
0.5680000 -18.6797600
0.5690000 24.1681843
0.5700000 31.3987560
0.5710000 20.9882812
0.5720000 5.9988704
0.5730000 -39.2903023
0.5740000 -34.5708046
0.5750000 6.5113730
0.5760000 16.0106754
0.5770000 -67.9227524
0.5780000 44.6413956
0.5790000 56.1341705
0.5800000 31.4034977
0.5810000 1.4808974
0.5820000 -8.2987852
0.5830000 13.8509169
0.5840000 -4.5950074
0.5850000 51.3617325
0.5860000 -14.8418484
0.5870000 30.7169285
0.5880000 -1.3115894
0.5890000 14.2003899
0.5900000 -42.3969727
0.5910000 -28.9841309
0.5920000 24.2977562
0.5930000 -35.1464386
0.5940000 27.9503479
0.5950000 -21.0503311
0.5960000 34.3943443
0.5970000 -5.7781210
0.5980000 -61.2028389
0.5990000 3.5780683
0.6000000 -66.7829666
0.6010000 -26.1106853
0.6020000 10.9125462
0.6030000 18.8772354
0.6040000 2.3677151
0.6050000 -11.1605835
0.6060000 22.7341862
0.6070000 26.3456001
0.6080000 -56.2105446
0.6090000 18.3660698
0.6100000 -11.9932375
0.6110000 -39.5769501
0.6120000 -36.8820534
0.6130000 -28.3693485
0.6140000 -0.0858648
0.6150000 -12.1969595
0.6160000 -38.6184158
0.6170000 9.7590818
0.6180000 -17.1002235
0.6190000 32.6652718
0.6200000 -47.0304565
0.6210000 43.2681389
0.6220000 19.3887596
0.6230000 24.3099842
0.6240000 -37.7333527
0.6250000 34.4655800
0.6260000 8.9598408
0.6270000 -29.7159843
0.6280000 -37.4045296
0.6290000 -58.7037201
0.6300000 67.8503723
0.6310000 35.7349129
0.6320000 6.6493464
0.6330000 -25.7549381
0.6340000 -8.8142710
0.6350000 59.9224434
0.6360000 -83.2670746
0.6370000 21.8792992
0.6380000 -9.9159994
0.6390000 -4.9299765
0.6400000 -38.6504631
0.6410000 38.1712151
0.6420000 19.5591507
0.6430000 -14.1715546
0.6440000 -13.6822958
0.6450000 36.4611855
0.6460000 1.4044636
0.6470000 -30.6625366
0.6480000 -41.2561913
0.6490000 10.5796404
0.6500000 -68.2988358
0.6510000 14.2428684
0.6520000 27.6021061
0.6530000 -58.9031029
0.6540000 2.9999154
0.6550000 53.0578880
0.6560000 68.5663147
0.6570000 -24.2444057
0.6580000 -5.7875886
0.6590000 18.3229275
0.6600000 -28.2229710
0.6610000 -3.6613991
0.6620000 -35.6415787
0.6630000 14.8387756
0.6640000 -51.7741699
0.6650000 -19.2402515
0.6660000 8.6481781
0.6670000 -16.3965836
0.6680000 0.7887912
0.6690000 -3.6811738
0.6700000 -4.0606771
0.6710000 14.2473412
0.6720000 2.2941391
0.6730000 -2.1288085
0.6740000 -54.7999268
0.6750000 -19.4454212
0.6760000 -5.6665263
0.6770000 -56.5382195
0.6780000 -20.6426373
0.6790000 -13.0860662
0.6800000 -39.6606522
0.6810000 62.2189522
0.6820000 59.9716911
0.6830000 10.8957033
0.6840000 35.6809692
0.6850000 -86.8498001
0.6860000 36.3570290
0.6870000 -45.6227760
0.6880000 -38.0373077
0.6890000 -27.6955032
0.6900000 -3.1052880
0.6910000 21.2238369
0.6920000 -48.1221809
0.6930000 3.3763084
0.6940000 -10.2265387
0.6950000 -63.2184639
0.6960000 -18.5527134
0.6970000 -17.9609623
0.6980000 -38.6746864
0.6990000 10.1210966
0.7000000 -16.4074192
0.7010000 -40.5799179
0.7020000 -20.6651878
0.7030000 -20.1588440
0.7040000 36.6839142
0.7050000 -7.6799459
0.7060000 9.7927856
0.7070000 -0.9908406
0.7080000 40.8891449
0.7090000 0.8465680
0.7100000 2.2796128
0.7110000 60.8893318
0.7120000 -6.6034956
0.7130000 8.8354282
0.7140000 -3.2757828
0.7150000 22.1603756
0.7160000 9.0247269
0.7170000 42.8381081
0.7180000 -54.9847336
0.7190000 -7.3274689
0.7200000 0.2405845
0.7210000 -8.6288452
0.7220000 4.8350134
0.7230000 46.4923477
0.7240000 -10.1574373
0.7250000 42.7448540
0.7260000 35.5492287
0.7270000 54.4785423
0.7280000 79.2557144
0.7290000 -22.6150227
0.7300000 31.8544331
0.7310000 32.1677246
0.7320000 -16.7397194
0.7330000 -9.1385994
0.7340000 -26.8797417
0.7350000 -17.6007633
0.7360000 -6.6449862
0.7370000 5.1997132
0.7380000 -7.1845055
0.7390000 -6.2338252
0.7400000 -18.2915154
0.7410000 -21.3553104
0.7420000 -14.4277725
0.7430000 -18.8835983
0.7440000 38.0250778
0.7450000 4.0734243
0.7460000 12.9834585
0.7470000 -32.5479240
0.7480000 -57.5550270
0.7490000 23.1951065
0.7500000 9.5018778
0.7510000 -24.7209988
0.7520000 -4.4568348
0.7530000 -24.5157185
0.7540000 -45.7304382
0.7550000 -33.2076492
0.7560000 -46.2726288
0.7570000 -37.2879791
0.7580000 14.1474409
0.7590000 7.0991507
0.7600000 32.1716690
0.7610000 -27.4345169
0.7620000 0.2689864
0.7630000 9.9215841
0.7640000 71.2287140
0.7650000 -11.7954111
0.7660000 -6.8440938
0.7670000 -48.6168213
0.7680000 -40.5993614
0.7690000 45.3806000
0.7700000 -19.6381302
0.7710000 -20.9314651
0.7720000 1.0843670
0.7730000 -56.9967079
0.7740000 1.2249149
0.7750000 -43.5395279
0.7760000 28.7781086
0.7770000 56.4106293
0.7780000 66.2738037
0.7790000 -37.6844139
0.7800000 1.0113579
0.7810000 -43.8331032
0.7820000 30.3128319
0.7830000 -36.8178787
0.7840000 27.4575596
0.7850000 13.4635878
0.7860000 14.8642893
0.7870000 60.7226334
0.7880000 29.8777199
0.7890000 10.1994638
0.7900000 -5.5731091
0.7910000 -55.9840584
0.7920000 64.3321457
0.7930000 30.5491714
0.7940000 5.6494384
0.7950000 38.3272972
0.7960000 -16.6162109
0.7970000 -4.9151897
0.7980000 13.7954388
0.7990000 25.9067726
0.8000000 5.6902323
0.8010000 8.3853016
0.8020000 84.4197998
0.8030000 -9.6190224
0.8040000 40.7427330
0.8050000 9.8619318
0.8060000 -63.2570763
0.8070000 18.5606499
0.8080000 33.5141983
0.8090000 18.7294731
0.8100000 0.4289700
0.8110000 -40.3021698
0.8120000 18.4154167
0.8130000 -60.9444771
0.8140000 -24.9743004
0.8150000 13.0660744
0.8160000 -67.0795975
0.8170000 -0.2255387
0.8180000 -15.5021305
0.8190000 33.0080795
0.8200000 -9.1505919
0.8210000 -18.1106129
0.8220000 -53.6958923
0.8230000 43.0123672
0.8240000 -40.1133804
0.8250000 21.8873119
0.8260000 -14.8549585
0.8270000 2.6417918
0.8280000 -47.7943497
0.8290000 5.0134540
0.8300000 1.9917061
0.8310000 -53.8606339
0.8320000 -18.3047009
0.8330000 31.3202858
0.8340000 -22.3329811
0.8350000 18.5187130
0.8360000 -29.0370235
0.8370000 13.3940773
0.8380000 77.1916351
0.8390000 11.6944017
0.8400000 -11.0815830
0.8410000 14.2039509
0.8420000 0.5551288
0.8430000 6.3221955
0.8440000 86.4241104
0.8450000 20.7768326
0.8460000 32.9081612
0.8470000 -5.5049071
0.8480000 -6.6292253
0.8490000 4.2946734
0.8500000 -23.2496243
0.8510000 47.4872437
0.8520000 23.7938423
0.8530000 30.1707573
0.8540000 -25.1891632
0.8550000 12.8218079
0.8560000 1.8917059
0.8570000 55.1138382
0.8580000 13.4036150
0.8590000 -6.8947616
0.8600000 2.4400041
0.8610000 -7.0607800
0.8620000 -26.2434216
0.8630000 62.5129280
0.8640000 -37.4543343
0.8650000 -9.2834139
0.8660000 -22.4200668
0.8670000 0.8532255
0.8680000 -33.4739685
0.8690000 -68.6690979
0.8700000 29.3206367
0.8710000 3.0262723
0.8720000 -49.7090607
0.8730000 -24.7528172
0.8740000 -11.4237671
0.8750000 35.4410248
0.8760000 21.1129761
0.8770000 -8.5511007
0.8780000 -42.2568398
0.8790000 50.0501595
0.8800000 -17.7396336
0.8810000 20.5288410
0.8820000 -53.3524895
0.8830000 -7.5464735
0.8840000 -21.4880199
0.8850000 58.1012840
0.8860000 26.2447720
0.8870000 20.9213142
0.8880000 22.5723114
0.8890000 42.0204506
0.8900000 -36.6281395
0.8910000 0.2590243
0.8920000 -4.1302528
0.8930000 43.4787216
0.8940000 -68.4728241
0.8950000 61.4868279
0.8960000 -0.0638801
0.8970000 4.1619415
0.8980000 28.8173199
0.8990000 -86.4067459
0.9000000 -56.0309410
0.9010000 8.9836998
0.9020000 -5.5021739
0.9030000 -43.5454025
0.9040000 -22.1007309
0.9050000 28.1610718
0.9060000 29.8085842
0.9070000 29.7072010
0.9080000 7.9171362
0.9090000 -7.2080345
0.9100000 8.0860090
0.9110000 7.3303280
0.9120000 -13.7041645
0.9130000 12.6167431
0.9140000 44.8822708
0.9150000 -16.0746174
0.9160000 5.3904519
0.9170000 -44.9321556
0.9180000 -20.9369926
0.9190000 46.2435303
0.9200000 -7.3648124
0.9210000 -65.4777603
0.9220000 54.2406616
0.9230000 54.4859886
0.9240000 24.5558834
0.9250000 26.8883419
0.9260000 30.3039284
0.9270000 -25.3877106
0.9280000 -44.5864716
0.9290000 -19.2742424
0.9300000 -3.9387760
0.9310000 23.7920094
0.9320000 23.9751759
0.9330000 -13.9070635
0.9340000 17.5999374
0.9350000 26.1485596
0.9360000 8.6802416
0.9370000 64.9867249
0.9380000 3.9569345
0.9390000 85.0564346
0.9400000 21.5851898
0.9410000 -44.7095680
0.9420000 -57.6405563
0.9430000 -21.8948689
0.9440000 29.5738888
0.9450000 9.8067513
0.9460000 -3.7623477
0.9470000 42.5841370
0.9480000 7.3664474
0.9490000 -0.6347206
0.9500000 26.6245174
0.9510000 58.4586716
0.9520000 -5.4732914
0.9530000 0.0680105
0.9540000 47.5273895
0.9550000 84.8369522
0.9560000 52.2430420
0.9570000 -57.6367226
0.9580000 71.4148407
0.9590000 -80.5021057
0.9600000 60.3261490
0.9610000 51.9404335
0.9620000 -15.0921259
0.9630000 -12.4183836
0.9640000 11.5228291
0.9650000 -52.3704758
0.9660000 15.8719025
0.9670000 -5.3438559
0.9680000 35.9345703
0.9690000 -61.9664993
0.9700000 -42.0407143
0.9710000 9.6130152
0.9720000 7.1955457
0.9730000 -16.4749203
0.9740000 26.2954540
0.9750000 47.8775826
0.9760000 -38.4661865
0.9770000 3.5344052
0.9780000 6.9128480
0.9790000 -64.6578522
0.9800000 19.4773617
0.9810000 36.3329086
0.9820000 -13.0338202
0.9830000 55.4570427
0.9840000 20.4260635
0.9850000 25.9361839
0.9860000 -11.9738750
0.9870000 21.7932529
0.9880000 33.0608521
0.9890000 -30.3261871
0.9900000 -29.0110455
0.9910000 -26.5198269
0.9920000 5.5261025
0.9930000 39.1443634
0.9940000 38.0502052
0.9950000 -30.1263485
0.9960000 -49.3034515
0.9970000 33.1747971
0.9980000 -21.0976601
0.9990000 -30.2419968
