0.0000000 -21.8019562
0.0010000 -18.2000523
0.0020000 26.9189796
0.0030000 -21.7821751
0.0040000 -27.8781834
0.0050000 14.0898027
0.0060000 29.8492718
0.0070000 27.6016674
0.0080000 -59.5790863
0.0090000 30.3335190
0.0100000 -75.6314087
0.0110000 -61.2641716
0.0120000 -10.8271885
0.0130000 -18.7966099
0.0140000 0.3649270
0.0150000 26.9588108
0.0160000 20.5695248
0.0170000 12.6842976
0.0180000 8.9405060
0.0190000 -14.9417696
0.0200000 48.9395103
0.0210000 -72.7668533
0.0220000 9.6015873
0.0230000 -28.4295845
0.0240000 -23.9140358
0.0250000 -44.0990257
0.0260000 25.1613083
0.0270000 -11.2498169
0.0280000 -21.8712864
0.0290000 4.2491026
0.0300000 -30.9833107
0.0310000 -7.5178533
0.0320000 11.3988380
0.0330000 -28.7321053
0.0340000 -22.3045654
0.0350000 27.4239140
0.0360000 34.7723618
0.0370000 35.2238503
0.0380000 -4.3732023
0.0390000 71.8083725
0.0400000 0.5258287
0.0410000 -50.0595818
0.0420000 -40.3232689
0.0430000 -62.6567459
0.0440000 -41.5453911
0.0450000 29.3568192
0.0460000 -22.0854626
0.0470000 22.7919159
0.0480000 -17.8601742
0.0490000 -32.3632469
0.0500000 60.1050720
0.0510000 21.3179684
0.0520000 -14.0470285
0.0530000 61.4491158
0.0540000 14.3511591
0.0550000 19.6331635
0.0560000 -27.6736164
0.0570000 5.6603117
0.0580000 14.2439432
0.0590000 -62.5248566
0.0600000 45.1496048
0.0610000 -16.4205570
0.0620000 -49.7185173
0.0630000 -10.6630125
0.0640000 -84.4602890
0.0650000 -24.4145470
0.0660000 -0.4476362
0.0670000 61.0825081
0.0680000 59.1012764
0.0690000 -47.5093765
0.0700000 27.7272434
0.0710000 26.1550846
0.0720000 37.2829285
0.0730000 26.2218037
0.0740000 -62.0894012
0.0750000 23.1546059
0.0760000 9.5166979
0.0770000 -4.2728767
0.0780000 -101.5042419
0.0790000 20.2107563
0.0800000 -55.8702126
0.0810000 -56.6402969
0.0820000 -22.4023857
0.0830000 -23.6856136
0.0840000 28.9760151
0.0850000 -7.9132161
0.0860000 45.2885895
0.0870000 -46.7753372
0.0880000 -18.3283901
0.0890000 6.4729037
0.0900000 -10.1413555
0.0910000 -21.0204201
0.0920000 20.6681461
0.0930000 9.6580544
0.0940000 -50.9310455
0.0950000 -56.3468781
0.0960000 42.6660500
0.0970000 5.6140757
0.0980000 24.2690468
0.0990000 6.7356663
0.1000000 -17.7643051
0.1010000 -39.7884216
0.1020000 50.1761665
0.1030000 34.3577919
0.1040000 -15.3196955
0.1050000 -1.2907389
0.1060000 -0.6791395
0.1070000 37.4956436
0.1080000 16.2540588
0.1090000 -26.7868214
0.1100000 39.8602142
0.1110000 19.2387524
0.1120000 -25.0967026
0.1130000 -15.9809990
0.1140000 -45.0440750
0.1150000 -13.1939535
0.1160000 -11.5618181
0.1170000 12.4931383
0.1180000 8.7683363
0.1190000 -15.1880894
0.1200000 11.1391497
0.1210000 2.0781202
0.1220000 21.1010189
0.1230000 -14.6080818
0.1240000 -13.5348225
0.1250000 19.5974407
0.1260000 4.6255960
0.1270000 18.6525021
0.1280000 7.8262563
0.1290000 43.8077698
0.1300000 55.1573219
0.1310000 1.1260389
0.1320000 -62.8229713
0.1330000 10.6261044
0.1340000 -2.9009140
0.1350000 -29.0840149
0.1360000 -16.4108772
0.1370000 -23.5856972
0.1380000 6.2445745
0.1390000 -19.6506863
0.1400000 14.9828100
0.1410000 29.0617943
0.1420000 -40.8925285
0.1430000 -7.5339451
0.1440000 -15.3912344
0.1450000 19.3011990
0.1460000 -11.4177017
0.1470000 0.6905434
0.1480000 -18.0268250
0.1490000 -35.3642273
0.1500000 17.9150887
0.1510000 7.2883964
0.1520000 26.9855289
0.1530000 -14.7824297
0.1540000 -8.0385380
0.1550000 -25.9342804
0.1560000 -71.4463348
0.1570000 8.5320015
0.1580000 5.5545268
0.1590000 -48.7232780
0.1600000 12.6449318
0.1610000 -13.7073202
0.1620000 -20.2866211
0.1630000 -38.4084167
0.1640000 46.5484886
0.1650000 -3.1788104
0.1660000 -45.2787590
0.1670000 -61.6102448
0.1680000 12.3034172
0.1690000 14.8429222
0.1700000 -16.4058151
0.1710000 67.4549103
0.1720000 7.3333473
0.1730000 42.2302780
0.1740000 -46.9023628
0.1750000 -16.4788666
0.1760000 5.6810317
0.1770000 39.3647308
0.1780000 1.6579911
0.1790000 -18.1531582
0.1800000 58.3593483
0.1810000 -8.5488787
0.1820000 33.6500549
0.1830000 37.8570061
0.1840000 -4.9710498
0.1850000 6.9664640
0.1860000 -38.8068466
0.1870000 -39.9253273
0.1880000 0.3249684
0.1890000 73.2893677
0.1900000 53.1852951
0.1910000 -26.9976997
0.1920000 -23.9446316
0.1930000 43.4533081
0.1940000 15.3613110
0.1950000 -38.5688515
0.1960000 37.4328613
0.1970000 -0.3367906
0.1980000 -27.3519917
0.1990000 -49.1951180
0.2000000 50.2349777
0.2010000 -36.6671524
0.2020000 -23.9310360
0.2030000 46.7754173
0.2040000 -2.6361668
0.2050000 29.5566998
0.2060000 79.9402466
0.2070000 -16.5282269
0.2080000 34.1550484
0.2090000 47.9653091
0.2100000 46.9232750
0.2110000 -7.0642061
0.2120000 -17.7407799
0.2130000 60.7369576
0.2140000 -5.3761168
0.2150000 -17.4491863
0.2160000 23.3094006
0.2170000 70.0765457
0.2180000 3.1694610
0.2190000 -39.7991142
0.2200000 -22.2414398
0.2210000 32.8680344
0.2220000 -110.6353531
0.2230000 12.7887163
0.2240000 43.8142433
0.2250000 9.9796591
0.2260000 -16.7741127
0.2270000 24.2802410
0.2280000 58.4449081
0.2290000 -0.6325052
0.2300000 -1.3705955
0.2310000 19.7305508
0.2320000 49.4896393
0.2330000 -15.0194931
0.2340000 31.2555332
0.2350000 45.5375290
0.2360000 -56.7434654
0.2370000 -3.1226480
0.2380000 -28.3786697
0.2390000 -54.5644836
0.2400000 14.5466433
0.2410000 -34.5963745
0.2420000 -4.7205477
0.2430000 -12.7297668
0.2440000 4.3460159
0.2450000 54.7574234
0.2460000 11.8564787
0.2470000 81.4458542
0.2480000 -35.5418892
0.2490000 -12.1349335
0.2500000 36.5237045
0.2510000 -11.4171400
0.2520000 9.1514816
0.2530000 -23.7216759
0.2540000 -6.2622414
0.2550000 -17.0842133
0.2560000 -0.1024196
0.2570000 -31.0535927
0.2580000 32.6749115
0.2590000 -28.9855957
0.2600000 44.4940147
0.2610000 -0.9323492
0.2620000 3.9994445
0.2630000 65.6276779
0.2640000 16.4038334
0.2650000 87.4183807
0.2660000 -7.3429675
0.2670000 44.5761948
0.2680000 -17.8726120
0.2690000 6.1385455
0.2700000 -13.6928825
0.2710000 36.4738007
0.2720000 -16.9247379
0.2730000 10.5161810
0.2740000 -91.4140701
0.2750000 -31.0468311
0.2760000 -11.4100533
0.2770000 -45.2787132
0.2780000 -58.5045319
0.2790000 -50.0516510
0.2800000 -6.4126539
0.2810000 -4.8019986
0.2820000 -0.1957243
0.2830000 -5.6752248
0.2840000 -36.6611671
0.2850000 30.4489517
0.2860000 11.3146858
0.2870000 22.6501198
0.2880000 9.5984840
0.2890000 75.3227768
0.2900000 -31.8656635
0.2910000 9.6816053
0.2920000 -51.9418869
0.2930000 14.5502758
0.2940000 -37.3641891
0.2950000 42.5008469
0.2960000 18.0042057
0.2970000 28.9417839
0.2980000 64.0943604
0.2990000 -48.1649666
0.3000000 -45.3859253
0.3010000 17.8351650
0.3020000 58.2147903
0.3030000 -2.9291461
0.3040000 8.8419380
0.3050000 5.4592371
0.3060000 -18.6798649
0.3070000 53.6733856
0.3080000 18.6125584
0.3090000 -14.5907373
0.3100000 25.5480614
0.3110000 -50.7355919
0.3120000 -22.4454975
0.3130000 40.9631233
0.3140000 19.9933662
0.3150000 15.1527863
0.3160000 14.3634424
0.3170000 49.6365471
0.3180000 15.6053753
0.3190000 33.4762497
0.3200000 0.4251335
0.3210000 -55.5433884
0.3220000 -25.2779236
0.3230000 -15.0966482
0.3240000 28.7991905
0.3250000 6.0486469
0.3260000 -19.3334694
0.3270000 20.1814537
0.3280000 -33.1153374
0.3290000 7.0872226
0.3300000 37.5473251
0.3310000 22.6985855
0.3320000 -22.1904316
0.3330000 25.7292538
0.3340000 -76.7850189
0.3350000 49.9955940
0.3360000 16.4878101
0.3370000 -8.9044123
0.3380000 -26.7433701
0.3390000 41.8099785
0.3400000 12.6719704
0.3410000 55.9382973
0.3420000 1.0213320
0.3430000 -68.3958893
0.3440000 58.0345764
0.3450000 12.2858610
0.3460000 -70.4512100
0.3470000 -70.3338242
0.3480000 -24.3782749
0.3490000 -27.6704693
0.3500000 3.0616977
0.3510000 37.2233200
0.3520000 -6.0358071
0.3530000 40.5865707
0.3540000 -15.3561182
0.3550000 52.8862305
0.3560000 -21.8999481
0.3570000 -7.4347653
0.3580000 -43.1321106
0.3590000 -27.3406754
0.3600000 -20.4042244
0.3610000 -59.6212921
0.3620000 26.0026207
0.3630000 59.1411934
0.3640000 5.7022748
0.3650000 50.9657822
0.3660000 0.4177660
0.3670000 20.5131416
0.3680000 5.6752291
0.3690000 20.2170353
0.3700000 6.3346615
0.3710000 -77.8006516
0.3720000 -7.7890425
0.3730000 -4.0228348
0.3740000 19.4510994
0.3750000 -38.6336632
0.3760000 16.3256760
0.3770000 25.0237942
0.3780000 -37.7974358
0.3790000 -16.0932598
0.3800000 -4.1581049
0.3810000 33.7395210
0.3820000 -22.5295773
0.3830000 29.8097706
0.3840000 -9.5081091
0.3850000 -73.3336029
0.3860000 -8.9060078
0.3870000 -15.2761698
0.3880000 -15.2564278
0.3890000 -8.3791552
0.3900000 -53.6697083
0.3910000 5.3352833
0.3920000 58.6785393
0.3930000 -83.1934280
0.3940000 -74.0363312
0.3950000 -30.2386475
0.3960000 -32.2630348
0.3970000 -51.6684074
0.3980000 35.4386749
0.3990000 -11.2558031
0.4000000 15.5309877
0.4010000 1.7643846
0.4020000 -31.6739750
0.4030000 38.4457855
0.4040000 12.8003359
0.4050000 10.0792227
0.4060000 14.3349390
0.4070000 36.5358162
0.4080000 -63.9694443
0.4090000 10.8870764
0.4100000 20.5119305
0.4110000 25.7103062
0.4120000 7.3429918
0.4130000 13.6146460
0.4140000 -45.8556633
0.4150000 -12.6717253
0.4160000 11.6129980
0.4170000 23.6444130
0.4180000 0.7777297
0.4190000 13.1931410
0.4200000 -4.6507373
0.4210000 -25.2461948
0.4220000 -37.6067924
0.4230000 19.5855141
0.4240000 -11.2292738
0.4250000 -3.3108740
0.4260000 61.4301529
0.4270000 25.7982044
0.4280000 -45.8771057
0.4290000 -2.8170252
0.4300000 12.3498325
0.4310000 42.2006378
0.4320000 -16.4489841
0.4330000 -55.3216743
0.4340000 -33.4327507
0.4350000 -47.0405579
0.4360000 15.9817381
0.4370000 41.3024559
0.4380000 49.5774460
0.4390000 37.7677116
0.4400000 17.4341640
0.4410000 41.3185539
0.4420000 -21.1318378
0.4430000 -17.2995872
0.4440000 -18.3675823
0.4450000 32.0636902
0.4460000 -31.4228592
0.4470000 -4.6847939
0.4480000 16.6009350
0.4490000 4.7144589
0.4500000 -20.7997570
0.4510000 11.1122446
0.4520000 -27.5286808
0.4530000 25.3000126
0.4540000 12.6852694
0.4550000 121.9145889
0.4560000 -11.9761562
0.4570000 -67.7919998
0.4580000 6.7856536
0.4590000 -21.8111591
0.4600000 28.1241951
0.4610000 -8.6983976
0.4620000 -69.1346741
0.4630000 -40.9158516
0.4640000 46.8550529
0.4650000 38.9244118
0.4660000 43.4002342
0.4670000 44.6549873
0.4680000 33.0663185
0.4690000 8.9842100
0.4700000 0.8794746
0.4710000 -28.9256935
0.4720000 44.3385773
0.4730000 -37.3602982
0.4740000 -4.9964190
0.4750000 53.0677185
0.4760000 -80.8378143
0.4770000 23.4351444
0.4780000 -6.1816101
0.4790000 -7.8950229
0.4800000 75.5390701
0.4810000 -1.7813960
0.4820000 18.9394379
0.4830000 28.8482628
0.4840000 8.1119499
0.4850000 1.8015625
0.4860000 10.9465723
0.4870000 -21.3030319
0.4880000 -80.2370148
0.4890000 18.4833488
0.4900000 -41.7638092
0.4910000 -12.1218128
0.4920000 -2.3186579
0.4930000 64.7369232
0.4940000 43.4788055
0.4950000 84.1477280
0.4960000 32.2067299
0.4970000 26.6429482
0.4980000 9.1799259
0.4990000 7.5949798
0.5000000 33.3776627
0.5010000 30.4692917
0.5020000 8.7142725
0.5030000 12.0333633
0.5040000 14.7644215
0.5050000 -31.9179821
0.5060000 -38.8062439
0.5070000 -16.3296280
0.5080000 13.7609243
0.5090000 -9.5818939
0.5100000 -23.6374702
0.5110000 37.4603310
0.5120000 37.0774040
0.5130000 -60.5570297
0.5140000 0.2648442
0.5150000 5.7000527
0.5160000 6.1244345
0.5170000 11.6029110
0.5180000 -20.1889076
0.5190000 -6.2513471
0.5200000 27.8258343
0.5210000 25.5083389
0.5220000 -40.6468048
0.5230000 -9.1047859
0.5240000 4.6696873
0.5250000 -14.9168568
0.5260000 -52.1066093
0.5270000 -5.5483918
0.5280000 -38.7088585
0.5290000 -4.3040986
0.5300000 5.7202625
0.5310000 -40.2197990
0.5320000 -69.3299866
0.5330000 -36.5846977
0.5340000 19.9978848
0.5350000 12.4947052
0.5360000 -34.0816269
0.5370000 10.8912144
0.5380000 -14.5207977
0.5390000 -50.4416924
0.5400000 44.8093987
0.5410000 21.4381599
0.5420000 -27.7089672
0.5430000 29.6587696
0.5440000 17.5948257
0.5450000 -19.2909660
0.5460000 -20.0289974
0.5470000 -41.8706512
0.5480000 -17.1193810
0.5490000 -37.5937042
0.5500000 -25.3534050
0.5510000 0.5621896
0.5520000 13.4201412
0.5530000 -65.2197800
0.5540000 -15.0473042
0.5550000 33.8696213
0.5560000 32.0020676
0.5570000 34.0360146
0.5580000 -38.7616539
0.5590000 8.5781183
0.5600000 -53.3082047
0.5610000 -11.7489920
0.5620000 44.6268349
0.5630000 -17.7229462
0.5640000 -10.6878014
0.5650000 20.5519543
0.5660000 -50.4262505
0.5670000 47.3710175
0.5680000 7.8870549
0.5690000 -17.5687256
0.5700000 5.1159577
0.5710000 -8.6558447
0.5720000 -21.7495861
0.5730000 48.2209816
0.5740000 -29.6166477
0.5750000 -83.6666718
0.5760000 -52.9385872
0.5770000 16.6603069
0.5780000 21.3543587
0.5790000 21.2436905
0.5800000 -41.3079071
0.5810000 -8.5887880
0.5820000 -1.1535993
0.5830000 52.3112144
0.5840000 6.7747626
0.5850000 -2.6328094
0.5860000 26.0647869
0.5870000 -12.5192213
0.5880000 36.0976639
0.5890000 -4.6792564
0.5900000 -40.0322609
0.5910000 -2.2957761
0.5920000 -39.2276421
0.5930000 19.4546757
0.5940000 -7.9947281
0.5950000 10.8992529
0.5960000 25.9822464
0.5970000 -15.2248898
0.5980000 -23.7012997
0.5990000 -34.3664284
0.6000000 -16.1413918
0.6010000 -23.2475605
0.6020000 29.2759743
0.6030000 -8.3726053
0.6040000 5.8648920
0.6050000 -10.1171780
0.6060000 -18.8391418
0.6070000 35.1240234
0.6080000 36.8079910
0.6090000 -86.1048431
0.6100000 11.4454002
0.6110000 -30.2238293
0.6120000 19.8779316
0.6130000 -21.8656464
0.6140000 7.4087720
0.6150000 -51.0685997
0.6160000 38.4587097
0.6170000 -80.3022308
0.6180000 -13.1434813
0.6190000 -38.5276947
0.6200000 1.1443555
0.6210000 3.8036892
0.6220000 -37.4515610
0.6230000 -34.2597008
0.6240000 -39.4957542
0.6250000 39.3485184
0.6260000 36.2414818
0.6270000 36.5269051
0.6280000 -3.1586874
0.6290000 7.3731370
0.6300000 -21.4948750
0.6310000 -61.1125145
0.6320000 6.4905357
0.6330000 6.4083390
0.6340000 52.3311768
0.6350000 32.9502449
0.6360000 46.7133408
0.6370000 52.7769203
0.6380000 5.9507246
0.6390000 49.5685501
0.6400000 -53.2812004
0.6410000 -23.6509609
0.6420000 -2.5844367
0.6430000 29.5170841
0.6440000 -47.3906212
0.6450000 -8.7080421
0.6460000 29.7126923
0.6470000 30.2470989
0.6480000 -48.9469414
0.6490000 -16.7468033
0.6500000 9.4075222
0.6510000 11.5688324
0.6520000 32.3913383
0.6530000 -4.1467628
0.6540000 -35.9163208
0.6550000 11.9618254
0.6560000 -8.6960983
0.6570000 -40.1114044
0.6580000 -21.5845699
0.6590000 -46.2421341
0.6600000 -20.9620800
0.6610000 21.5531406
0.6620000 0.2830030
0.6630000 93.4911804
0.6640000 -17.8250523
0.6650000 -24.4853325
0.6660000 25.5510712
0.6670000 50.8786125
0.6680000 27.1564064
0.6690000 -28.1645908
0.6700000 8.4250250
0.6710000 3.8519650
0.6720000 40.6938019
0.6730000 -37.2962799
0.6740000 -82.2537994
0.6750000 -11.0503607
0.6760000 10.9969397
0.6770000 8.3412733
0.6780000 -2.6489546
0.6790000 36.6637993
0.6800000 -27.5143147
0.6810000 11.3968468
0.6820000 91.8167191
0.6830000 -30.6356792
0.6840000 -5.7068448
0.6850000 -35.8415070
0.6860000 -8.4476881
0.6870000 32.0748596
0.6880000 18.2162361
0.6890000 19.5622406
0.6900000 30.0379925
0.6910000 -40.0258522
0.6920000 10.7598219
0.6930000 -21.5101147
0.6940000 -27.0380516
0.6950000 33.4065056
0.6960000 -50.6791000
0.6970000 -1.5864033
0.6980000 3.7255230
0.6990000 -4.2351465
0.7000000 -4.8191905
0.7010000 5.4738054
0.7020000 -46.3281822
0.7030000 -26.9236965
0.7040000 -3.7678356
0.7050000 5.2444754
0.7060000 -22.0088959
0.7070000 -0.8809500
0.7080000 -142.3548737
0.7090000 2.2245982
0.7100000 33.4898262
0.7110000 -29.7588425
0.7120000 27.9689293
0.7130000 36.1621666
0.7140000 31.9527683
0.7150000 -18.5368824
0.7160000 -5.9553561
0.7170000 -56.3005524
0.7180000 9.3567266
0.7190000 70.8022156
0.7200000 -40.4860306
0.7210000 47.2370224
0.7220000 -56.4960556
0.7230000 30.5694065
0.7240000 6.8037610
0.7250000 71.0977173
0.7260000 -50.8542442
0.7270000 -6.6035638
0.7280000 32.4899368
0.7290000 5.4260454
0.7300000 -2.5358195
0.7310000 36.3985519
0.7320000 -81.8463364
0.7330000 12.0342550
0.7340000 29.6489429
0.7350000 -51.5964890
0.7360000 37.5040627
0.7370000 -33.3365669
0.7380000 -38.9869194
0.7390000 1.9310952
0.7400000 58.9517555
0.7410000 -6.2480149
0.7420000 32.7158928
0.7430000 -18.1174202
0.7440000 73.4526138
0.7450000 -8.9576187
0.7460000 24.1520882
0.7470000 -71.8166962
0.7480000 -4.3563452
0.7490000 3.5117946
0.7500000 9.5319481
0.7510000 32.1985016
0.7520000 20.2246723
0.7530000 28.8327866
0.7540000 59.1043320
0.7550000 65.7871628
0.7560000 -0.1088741
0.7570000 21.9205761
0.7580000 36.5089226
0.7590000 -8.3970928
0.7600000 -35.3910179
0.7610000 -28.1780987
0.7620000 -31.6734142
0.7630000 -15.0806246
0.7640000 42.4695473
0.7650000 -3.5635216
0.7660000 7.6488810
0.7670000 13.5716019
0.7680000 -44.6584969
0.7690000 -25.5628395
0.7700000 -10.1065693
0.7710000 18.1701164
0.7720000 58.3943214
0.7730000 -13.9327908
0.7740000 18.6888905
0.7750000 -25.1192017
0.7760000 29.4067497
0.7770000 116.9092255
0.7780000 9.4016008
0.7790000 10.3255653
0.7800000 35.8430977
0.7810000 -25.9336948
0.7820000 24.3262882
0.7830000 -4.3938003
0.7840000 -16.5441647
0.7850000 30.3953114
0.7860000 -19.0930939
0.7870000 -46.9702263
0.7880000 -83.7816467
0.7890000 28.6892586
0.7900000 51.9940567
0.7910000 -4.5797658
0.7920000 -19.5774479
0.7930000 -19.8353806
0.7940000 -33.4098816
0.7950000 6.4854584
0.7960000 48.7412415
0.7970000 -46.3918457
0.7980000 -13.8170595
0.7990000 -56.6243858
0.8000000 27.3374920
0.8010000 57.7242813
0.8020000 43.3494911
0.8030000 19.2897568
0.8040000 7.6952553
0.8050000 22.4299679
0.8060000 -54.4667473
0.8070000 8.9245300
0.8080000 97.2814331
0.8090000 47.3950539
0.8100000 -22.4330254
0.8110000 -32.0599251
0.8120000 -12.2147007
0.8130000 5.6190882
0.8140000 -5.9585695
0.8150000 44.2576218
0.8160000 -66.8993149
0.8170000 19.6961708
0.8180000 22.5997086
0.8190000 -18.4664383
0.8200000 -32.1183472
0.8210000 30.7577477
0.8220000 -0.2061146
0.8230000 12.1369209
0.8240000 79.6807098
0.8250000 -1.8872743
0.8260000 24.2467232
0.8270000 39.6708031
0.8280000 42.4054947
0.8290000 -10.4484987
0.8300000 28.5964851
0.8310000 10.5066223
0.8320000 6.6862330
0.8330000 -45.1471024
0.8340000 -60.6600037
0.8350000 -5.7971163
0.8360000 -46.1551857
0.8370000 -6.2430906
0.8380000 20.5105171
0.8390000 -21.2351799
0.8400000 87.5706635
0.8410000 -8.5644579
0.8420000 -20.1023998
0.8430000 15.1929607
0.8440000 37.8356514
0.8450000 -23.8494740
0.8460000 37.8982849
0.8470000 -10.0892105
0.8480000 14.5323229
0.8490000 -16.5431404
0.8500000 35.7403755
0.8510000 15.7012777
0.8520000 -67.5156479
0.8530000 27.1426029
0.8540000 32.9545708
0.8550000 15.0098419
0.8560000 33.6008301
0.8570000 21.9034081
0.8580000 12.2747726
0.8590000 -47.7813492
0.8600000 12.2139664
0.8610000 -53.0044289
0.8620000 29.4228706
0.8630000 25.7602615
0.8640000 -36.8064461
0.8650000 4.7259631
0.8660000 -12.7266712
0.8670000 -40.4348755
0.8680000 77.2311859
0.8690000 -45.3375130
0.8700000 -44.2487869
0.8710000 -9.3683949
0.8720000 23.0552120
0.8730000 -4.9270935
0.8740000 22.9105988
0.8750000 19.3050976
0.8760000 3.1828983
0.8770000 -13.1725502
0.8780000 30.2478790
0.8790000 -63.6348572
0.8800000 -44.4856987
0.8810000 -8.1303892
0.8820000 -4.6155224
0.8830000 18.5235233
0.8840000 7.7094340
0.8850000 -21.1017857
0.8860000 13.9571962
0.8870000 -2.5713546
0.8880000 -87.5766907
0.8890000 -0.7868721
0.8900000 -33.2192078
0.8910000 -17.0163326
0.8920000 -9.1241980
0.8930000 36.4439659
0.8940000 26.9318638
0.8950000 -27.9604740
0.8960000 -33.7051506
0.8970000 -19.5550060
0.8980000 10.6566381
0.8990000 15.3011208
0.9000000 -24.3128262
0.9010000 -70.6598129
0.9020000 32.3142357
0.9030000 4.3582473
0.9040000 -66.3529816
0.9050000 13.7851391
0.9060000 -36.0887718
0.9070000 -17.7071533
0.9080000 -79.6839066
0.9090000 18.0226974
0.9100000 19.5959988
0.9110000 -19.3587990
0.9120000 -79.1200638
0.9130000 21.4247761
0.9140000 3.4559796
0.9150000 -71.3839493
0.9160000 56.4677086
0.9170000 58.3595390
0.9180000 34.4864044
0.9190000 -20.9140778
0.9200000 -31.6414833
0.9210000 -16.7751064
0.9220000 -6.3590803
0.9230000 50.4430809
0.9240000 68.4163437
0.9250000 -24.8524418
0.9260000 -27.2665501
0.9270000 61.6997147
0.9280000 10.2363081
0.9290000 25.8754063
0.9300000 29.3304081
0.9310000 11.8731451
0.9320000 80.9493942
0.9330000 43.5409813
0.9340000 39.9578552
0.9350000 -27.9548378
0.9360000 -19.4301548
0.9370000 -53.7331696
0.9380000 15.1960211
0.9390000 -51.8684578
0.9400000 22.1152496
0.9410000 -27.2714825
0.9420000 55.9248505
0.9430000 -43.7884560
0.9440000 10.8908052
0.9450000 -38.5605507
0.9460000 17.4041901
0.9470000 23.3307133
0.9480000 4.7054896
0.9490000 31.7592545
0.9500000 2.3647270
0.9510000 13.8736286
0.9520000 -10.6680803
0.9530000 0.1673290
0.9540000 47.6082230
0.9550000 35.0929718
0.9560000 -11.8589783
0.9570000 72.3892822
0.9580000 -30.1019382
0.9590000 34.3524475
0.9600000 -44.4269981
0.9610000 -22.8941460
0.9620000 14.1592999
0.9630000 61.1063538
0.9640000 -19.3901482
0.9650000 17.2723751
0.9660000 32.5156212
0.9670000 -15.3668718
0.9680000 -1.5520681
0.9690000 -31.6060448
0.9700000 -3.4117498
0.9710000 4.3946595
0.9720000 -28.3395348
0.9730000 -8.5469103
0.9740000 -13.2580805
0.9750000 13.9256039
0.9760000 32.6966858
0.9770000 -25.9983501
0.9780000 9.7648993
0.9790000 -32.5507507
0.9800000 -0.6460790
0.9810000 34.1430664
0.9820000 -10.3297949
0.9830000 -53.8524170
0.9840000 30.3689537
0.9850000 -43.2752342
0.9860000 -5.3253117
0.9870000 17.6155033
0.9880000 27.3643665
0.9890000 -10.7679129
0.9900000 -87.4323120
0.9910000 -52.0921211
0.9920000 5.2708211
0.9930000 -49.0182304
0.9940000 32.1398468
0.9950000 -9.9623432
0.9960000 33.6591148
0.9970000 60.9790115
0.9980000 43.3983650
0.9990000 31.2876225
