0.0000000 40.9857216
0.0010000 -55.3283043
0.0020000 4.6276612
0.0030000 66.3882294
0.0040000 7.5668254
0.0050000 -0.9373640
0.0060000 -1.2903477
0.0070000 8.2334709
0.0080000 -3.1523342
0.0090000 18.1357174
0.0100000 -7.4317136
0.0110000 -18.5626583
0.0120000 -10.7162209
0.0130000 -17.1932087
0.0140000 -6.4844189
0.0150000 -10.4354324
0.0160000 -17.3428383
0.0170000 74.4089508
0.0180000 -17.5493565
0.0190000 20.8361397
0.0200000 -53.1153412
0.0210000 29.1929379
0.0220000 30.7978935
0.0230000 32.4181786
0.0240000 8.6962309
0.0250000 -36.1877823
0.0260000 41.1828079
0.0270000 12.9184771
0.0280000 -70.0266266
0.0290000 1.8145106
0.0300000 16.2105465
0.0310000 -73.5811996
0.0320000 8.1012678
0.0330000 37.0905876
0.0340000 -16.6828899
0.0350000 53.4145393
0.0360000 -47.7778969
0.0370000 1.0662353
0.0380000 1.9800923
0.0390000 11.6668158
0.0400000 -42.4728889
0.0410000 -0.4793431
0.0420000 16.2362747
0.0430000 -12.4897108
0.0440000 -49.3675804
0.0450000 11.6643162
0.0460000 -49.5195427
0.0470000 -19.9513302
0.0480000 -10.1309996
0.0490000 -41.1172409
0.0500000 54.2387238
0.0510000 5.6679735
0.0520000 27.3170376
0.0530000 -2.4412339
0.0540000 -2.3507617
0.0550000 -30.2866764
0.0560000 -54.2852020
0.0570000 -25.1090622
0.0580000 -19.9004574
0.0590000 -37.4457550
0.0600000 48.3503571
0.0610000 28.9654751
0.0620000 33.4721069
0.0630000 -63.5125275
0.0640000 33.4361420
0.0650000 -13.2186022
0.0660000 -20.3327408
0.0670000 -16.8823872
0.0680000 12.7525654
0.0690000 52.4755516
0.0700000 42.8873787
0.0710000 -40.0451164
0.0720000 11.3532991
0.0730000 -54.9222832
0.0740000 -10.1614265
0.0750000 6.0794058
0.0760000 -13.7588673
0.0770000 -28.3513985
0.0780000 57.2841187
0.0790000 11.2336941
0.0800000 -56.6164055
0.0810000 47.7056122
0.0820000 22.8219929
0.0830000 18.7119751
0.0840000 10.9710131
0.0850000 -27.3011093
0.0860000 -18.0666504
0.0870000 6.3117127
0.0880000 -59.3424759
0.0890000 31.0570850
0.0900000 51.9151649
0.0910000 -26.6471424
0.0920000 -70.5013504
0.0930000 50.8027840
0.0940000 22.0179729
0.0950000 -22.1473579
0.0960000 9.8551254
0.0970000 -5.8235631
0.0980000 -43.4292984
0.0990000 46.7378731
0.1000000 -36.8405457
0.1010000 13.3357544
0.1020000 8.0581942
0.1030000 49.7330818
0.1040000 0.3631916
0.1050000 -3.4165144
0.1060000 18.3527203
0.1070000 -68.9146042
0.1080000 -61.0923195
0.1090000 -14.6420879
0.1100000 -67.1022339
0.1110000 -49.1265831
0.1120000 50.3611221
0.1130000 -9.3026676
0.1140000 9.7595634
0.1150000 -52.3732796
0.1160000 24.2416382
0.1170000 -52.8014221
0.1180000 45.0268555
0.1190000 6.3029904
0.1200000 60.2902679
0.1210000 3.7724996
0.1220000 4.4016676
0.1230000 -7.1941967
0.1240000 48.1028519
0.1250000 -18.7449684
0.1260000 47.8507042
0.1270000 -21.6247292
0.1280000 -18.1339149
0.1290000 -22.1704006
0.1300000 58.9705276
0.1310000 45.6565132
0.1320000 1.2094259
0.1330000 -14.9478960
0.1340000 -35.9073029
0.1350000 -45.2590828
0.1360000 -41.9894485
0.1370000 45.9613190
0.1380000 -48.2254791
0.1390000 -2.1411746
0.1400000 41.2486839
0.1410000 12.2954063
0.1420000 -13.0500193
0.1430000 -14.3325062
0.1440000 -19.1842937
0.1450000 66.9036026
0.1460000 9.8913631
0.1470000 26.3675346
0.1480000 -8.3607368
0.1490000 -38.9452324
0.1500000 3.6991060
0.1510000 67.8516235
0.1520000 8.2871609
0.1530000 12.5923338
0.1540000 -11.3470278
0.1550000 -1.2543381
0.1560000 65.0828705
0.1570000 4.7201252
0.1580000 -22.5561466
0.1590000 69.9446335
0.1600000 -22.8298779
0.1610000 102.2362213
0.1620000 -18.8945198
0.1630000 32.4631996
0.1640000 39.6340981
0.1650000 69.6176147
0.1660000 -2.2303257
0.1670000 3.6461241
0.1680000 77.2702713
0.1690000 -61.2722816
0.1700000 -10.2868710
0.1710000 -18.7762470
0.1720000 -35.6559944
0.1730000 -3.9392557
0.1740000 16.5730896
0.1750000 -31.9212723
0.1760000 -101.1954269
0.1770000 3.3049726
0.1780000 78.0081863
0.1790000 -12.5612888
0.1800000 0.5635511
0.1810000 -23.0175056
0.1820000 1.9020422
0.1830000 16.0827847
0.1840000 -75.1242905
0.1850000 55.0351982
0.1860000 -21.2912865
0.1870000 16.4705257
0.1880000 23.8940544
0.1890000 -33.3732300
0.1900000 22.9341373
0.1910000 -32.7299004
0.1920000 -11.0891247
0.1930000 -38.0871277
0.1940000 27.8646526
0.1950000 -0.6514698
0.1960000 8.6774893
0.1970000 10.7561636
0.1980000 -38.4851799
0.1990000 22.3881016
0.2000000 27.5062008
0.2010000 -41.8456955
0.2020000 -24.3103981
0.2030000 40.7080116
0.2040000 -43.5612335
0.2050000 -36.3333435
0.2060000 1.7321479
0.2070000 11.2583132
0.2080000 51.9475060
0.2090000 -15.0352507
0.2100000 -40.7188377
0.2110000 19.0320091
0.2120000 -10.2951078
0.2130000 22.8602066
0.2140000 16.8231163
0.2150000 6.9165864
0.2160000 24.8072796
0.2170000 28.6084423
0.2180000 22.2886372
0.2190000 -17.9374752
0.2200000 58.6515961
0.2210000 -38.8563385
0.2220000 44.8736115
0.2230000 -35.0773888
0.2240000 -8.6449175
0.2250000 -0.5512849
0.2260000 -33.5568466
0.2270000 -43.6794548
0.2280000 -42.5267830
0.2290000 -3.5201645
0.2300000 8.0838022
0.2310000 34.2029152
0.2320000 14.6850357
0.2330000 -8.3093014
0.2340000 3.8426671
0.2350000 27.2474937
0.2360000 29.1252766
0.2370000 14.9447784
0.2380000 25.6803226
0.2390000 -22.5166302
0.2400000 -38.5607109
0.2410000 -29.6694183
0.2420000 38.6763916
0.2430000 39.3567543
0.2440000 -20.6025276
0.2450000 7.7693911
0.2460000 18.6824646
0.2470000 -3.8585813
0.2480000 -16.8996639
0.2490000 75.2368469
0.2500000 78.4649811
0.2510000 19.7797432
0.2520000 -6.0414629
0.2530000 -34.7850952
0.2540000 0.1873126
0.2550000 39.1979942
0.2560000 6.2801347
0.2570000 30.2835560
0.2580000 7.2127628
0.2590000 2.6125820
0.2600000 -37.3436241
0.2610000 2.5590708
0.2620000 -54.3554611
0.2630000 76.7544174
0.2640000 -45.3824463
0.2650000 -50.8473969
0.2660000 5.0559082
0.2670000 -24.1244717
0.2680000 79.1659241
0.2690000 -30.2234230
0.2700000 67.0927811
0.2710000 0.5265470
0.2720000 18.0834484
0.2730000 21.0011997
0.2740000 -8.8758945
0.2750000 13.3480539
0.2760000 -35.0519104
0.2770000 5.2853208
0.2780000 12.5792866
0.2790000 4.0900669
0.2800000 8.6525173
0.2810000 -26.3720360
0.2820000 4.0868821
0.2830000 -5.2784367
0.2840000 48.5891495
0.2850000 1.0927857
0.2860000 -35.6724129
0.2870000 -0.2889437
0.2880000 66.0963211
0.2890000 12.4216003
0.2900000 53.2281265
0.2910000 10.0349016
0.2920000 32.1048393
0.2930000 -24.9419899
0.2940000 1.5038604
0.2950000 55.5691528
0.2960000 38.3740463
0.2970000 -5.0039129
0.2980000 -49.1495514
0.2990000 -42.0958862
0.3000000 36.0825768
0.3010000 16.2195396
0.3020000 -43.7249260
0.3030000 12.6597900
0.3040000 5.3489656
0.3050000 -26.5306740
0.3060000 1.9661293
0.3070000 -9.8504114
0.3080000 10.0901632
0.3090000 -32.1711845
0.3100000 -5.3124905
0.3110000 -5.7723975
0.3120000 -6.7534862
0.3130000 24.4120789
0.3140000 7.3638558
0.3150000 -9.9900074
0.3160000 22.7738285
0.3170000 1.1257887
0.3180000 5.1738586
0.3190000 -29.7371216
0.3200000 43.4381485
0.3210000 10.8060532
0.3220000 -26.6014118
0.3230000 27.7645264
0.3240000 -7.9231381
0.3250000 4.0207095
0.3260000 -47.5584946
0.3270000 92.4406891
0.3280000 33.2666435
0.3290000 76.7295837
0.3300000 -8.4826479
0.3310000 45.9232101
0.3320000 -39.9482765
0.3330000 -23.9640369
0.3340000 -49.3170891
0.3350000 15.3425188
0.3360000 -31.3784885
0.3370000 -21.6432590
0.3380000 -2.6486046
0.3390000 -31.5044937
0.3400000 12.7943144
0.3410000 -3.1731794
0.3420000 -15.0013733
0.3430000 5.7673593
0.3440000 46.4369392
0.3450000 13.4565134
0.3460000 67.2655640
0.3470000 -4.4303460
0.3480000 -17.9165840
0.3490000 -13.6804581
0.3500000 3.8487005
0.3510000 -8.6669865
0.3520000 37.9747772
0.3530000 22.2663479
0.3540000 -6.2226810
0.3550000 -16.5744858
0.3560000 -58.7990456
0.3570000 37.2398567
0.3580000 55.5577507
0.3590000 -3.5025723
0.3600000 5.7827158
0.3610000 19.8348866
0.3620000 0.9188349
0.3630000 4.5853438
0.3640000 8.1810474
0.3650000 -19.2915134
0.3660000 -13.1516047
0.3670000 34.1823158
0.3680000 -8.6209984
0.3690000 -36.9584770
0.3700000 -1.1118940
0.3710000 0.9531083
0.3720000 -0.0554041
0.3730000 22.4104881
0.3740000 26.3698997
0.3750000 -8.2894640
0.3760000 -32.0462265
0.3770000 31.0965862
0.3780000 -25.5474377
0.3790000 -38.4166794
0.3800000 -30.5576344
0.3810000 18.8894119
0.3820000 -3.0432169
0.3830000 -25.4948101
0.3840000 30.5773525
0.3850000 -26.6687584
0.3860000 -35.3602371
0.3870000 4.1500902
0.3880000 4.8333740
0.3890000 10.1793165
0.3900000 30.2978230
0.3910000 -5.4003906
0.3920000 31.1626453
0.3930000 1.8488322
0.3940000 7.4379106
0.3950000 -14.7899923
0.3960000 -15.1624117
0.3970000 17.5567245
0.3980000 -53.3628387
0.3990000 -25.7360821
0.4000000 -18.8158932
0.4010000 -104.6870728
0.4020000 -23.7949047
0.4030000 9.4060373
0.4040000 18.3482704
0.4050000 -26.6696358
0.4060000 -11.1775684
0.4070000 -12.3640680
0.4080000 -38.4777908
0.4090000 -46.3771553
0.4100000 7.4197769
0.4110000 72.6817856
0.4120000 23.8857231
0.4130000 -14.7673893
0.4140000 8.4030914
0.4150000 -1.2496911
0.4160000 23.9557610
0.4170000 70.3635559
0.4180000 2.6859357
0.4190000 -62.6971855
0.4200000 -18.1948032
0.4210000 -116.6833496
0.4220000 -7.1761565
0.4230000 -22.8481789
0.4240000 45.5453873
0.4250000 -15.9993677
0.4260000 -33.4224815
0.4270000 -13.7186985
0.4280000 -20.7487659
0.4290000 43.3302879
0.4300000 28.3834419
0.4310000 -40.4861984
0.4320000 59.8978615
0.4330000 -6.0215578
0.4340000 -13.2343998
0.4350000 60.8759422
0.4360000 38.6471634
0.4370000 17.5063629
0.4380000 4.6063418
0.4390000 34.6861153
0.4400000 -23.9290180
0.4410000 11.7155733
0.4420000 35.6367416
0.4430000 -8.6086769
0.4440000 5.2550859
0.4450000 17.8106689
0.4460000 -71.5360184
0.4470000 32.3410110
0.4480000 2.6932693
0.4490000 -24.1243858
0.4500000 14.3242483
0.4510000 -90.5778198
0.4520000 -7.2142725
0.4530000 -10.4223280
0.4540000 0.4907184
0.4550000 28.3645420
0.4560000 -45.5113220
0.4570000 -20.8730679
0.4580000 -16.8136978
0.4590000 5.0239820
0.4600000 -28.4261818
0.4610000 62.9600525
0.4620000 -3.7312796
0.4630000 62.2979279
0.4640000 13.4048023
0.4650000 21.6067829
0.4660000 -39.9698219
0.4670000 -1.0348701
0.4680000 -20.0584869
0.4690000 31.2270737
0.4700000 7.0102487
0.4710000 45.7058334
0.4720000 -17.1614437
0.4730000 42.7794762
0.4740000 29.0660133
0.4750000 -12.2832851
0.4760000 17.1447468
0.4770000 -12.4589968
0.4780000 50.3511162
0.4790000 2.4141021
0.4800000 -12.1967793
0.4810000 40.2025566
0.4820000 -14.6717548
0.4830000 -19.0628357
0.4840000 64.2205048
0.4850000 32.6837540
0.4860000 20.7235031
0.4870000 -4.8021598
0.4880000 0.9809111
0.4890000 8.7681484
0.4900000 64.2858353
0.4910000 -40.9670753
0.4920000 -33.6610794
0.4930000 7.1449494
0.4940000 51.3932190
0.4950000 35.4729309
0.4960000 -1.1550517
0.4970000 -53.0854187
0.4980000 1.3153490
0.4990000 -69.3239899
0.5000000 6.9777560
0.5010000 -58.0404663
0.5020000 -38.7281723
0.5030000 62.7704353
0.5040000 -50.3328171
0.5050000 -33.5588150
0.5060000 -67.3766327
0.5070000 4.3056850
0.5080000 4.8035631
0.5090000 5.8032908
0.5100000 -34.3371162
0.5110000 -43.9146538
0.5120000 -15.7977734
0.5130000 -36.2861595
0.5140000 18.6641331
0.5150000 1.0373435
0.5160000 -12.2724171
0.5170000 -15.0749493
0.5180000 4.5693083
0.5190000 -39.2596970
0.5200000 -10.5773897
0.5210000 17.4916096
0.5220000 -14.7433052
0.5230000 -22.5500793
0.5240000 -19.2021828
0.5250000 20.2330723
0.5260000 -41.4014778
0.5270000 24.5269184
0.5280000 54.3908501
0.5290000 -3.8089354
0.5300000 24.6899014
0.5310000 -1.3727636
0.5320000 -15.6312704
0.5330000 36.5366096
0.5340000 -16.2740021
0.5350000 -46.3091278
0.5360000 32.0888290
0.5370000 -16.0615578
0.5380000 -38.8954239
0.5390000 30.7026844
0.5400000 3.7413793
0.5410000 35.7346535
0.5420000 -10.5365095
0.5430000 -3.9024103
0.5440000 -41.4937744
0.5450000 -7.6615925
0.5460000 -52.9405098
0.5470000 -87.0315247
0.5480000 -20.2890472
0.5490000 -12.3441811
0.5500000 4.0535522
0.5510000 6.4219651
0.5520000 -10.8154135
0.5530000 26.9458561
0.5540000 37.3336868
0.5550000 22.0584984
0.5560000 -21.2231960
0.5570000 5.2820249
0.5580000 -47.1817398
0.5590000 93.8595886
0.5600000 40.8746185
0.5610000 25.0433064
0.5620000 -25.6483917
0.5630000 -68.8135300
0.5640000 -45.3779144
0.5650000 17.3261204
0.5660000 -12.4491158
0.5670000 -39.0677071
0.5680000 54.8977432
0.5690000 -20.4715919
0.5700000 -35.4724007
0.5710000 -28.7965851
0.5720000 -16.7557259
0.5730000 2.6035242
0.5740000 52.8433838
0.5750000 31.2075081
0.5760000 27.5637608
0.5770000 29.6058788
0.5780000 9.3749342
0.5790000 61.9613037
0.5800000 -36.2884750
0.5810000 46.8454933
0.5820000 -32.3336372
0.5830000 -38.6876297
0.5840000 12.7990875
0.5850000 22.7498207
0.5860000 -15.1741772
0.5870000 39.2774086
0.5880000 27.4668427
0.5890000 -37.3674812
0.5900000 0.8465205
0.5910000 -13.9674749
0.5920000 38.5525131
0.5930000 32.1032181
0.5940000 20.8365078
0.5950000 54.4876595
0.5960000 -28.0746536
0.5970000 -34.9756317
0.5980000 -51.3302765
0.5990000 -33.9928856
0.6000000 -25.7431564
0.6010000 -53.5820236
0.6020000 30.2733192
0.6030000 -44.0663414
0.6040000 -59.1650848
0.6050000 30.2632427
0.6060000 34.7341995
0.6070000 8.9928303
0.6080000 -110.0142975
0.6090000 -1.1593193
0.6100000 11.2574263
0.6110000 -5.5255942
0.6120000 0.8888499
0.6130000 -41.8289642
0.6140000 2.0623691
0.6150000 14.0537386
0.6160000 -39.1356239
0.6170000 -10.3542356
0.6180000 34.4250832
0.6190000 -14.4585552
0.6200000 -31.7315006
0.6210000 18.9038086
0.6220000 -32.2865677
0.6230000 16.0534554
0.6240000 -62.2831879
0.6250000 62.1971130
0.6260000 0.2631072
0.6270000 13.4243946
0.6280000 5.6391783
0.6290000 14.4352417
0.6300000 1.5090519
0.6310000 -1.7561150
0.6320000 -23.1526127
0.6330000 -8.9521332
0.6340000 33.0225716
0.6350000 -2.3275847
0.6360000 36.5088806
0.6370000 -15.1986275
0.6380000 19.8257141
0.6390000 21.1054592
0.6400000 11.2783070
0.6410000 23.2765408
0.6420000 -24.5681000
0.6430000 68.1641464
0.6440000 16.3463249
0.6450000 -8.1567640
0.6460000 1.7989516
0.6470000 -9.7887487
0.6480000 56.9840279
0.6490000 33.2942505
0.6500000 -26.7329464
0.6510000 9.5401106
0.6520000 1.8783619
0.6530000 -49.9018478
0.6540000 5.2308927
0.6550000 11.8327370
0.6560000 13.9344559
0.6570000 54.8231201
0.6580000 66.8694305
0.6590000 11.5677080
0.6600000 -51.4937439
0.6610000 12.5741453
0.6620000 -11.0364475
0.6630000 -28.8042622
0.6640000 23.5287838
0.6650000 -42.4950981
0.6660000 65.8825607
0.6670000 -27.0627403
0.6680000 42.1120796
0.6690000 -35.4410553
0.6700000 29.4154778
0.6710000 21.5937710
0.6720000 -27.2128983
0.6730000 -70.3197861
0.6740000 16.9088650
0.6750000 43.8057137
0.6760000 10.1055155
0.6770000 -7.9531622
0.6780000 -7.0969710
0.6790000 28.6025791
0.6800000 -19.7241096
0.6810000 -28.6831570
0.6820000 -0.5649824
0.6830000 18.5562077
0.6840000 -14.8876648
0.6850000 51.8134117
0.6860000 4.8375702
0.6870000 6.5473428
0.6880000 -30.1596775
0.6890000 -31.1346264
0.6900000 -89.7889786
0.6910000 19.6651058
0.6920000 -3.0445485
0.6930000 15.4284964
0.6940000 29.4775162
0.6950000 6.2939534
0.6960000 -2.9113219
0.6970000 12.6296911
0.6980000 22.2401218
0.6990000 28.5454330
0.7000000 6.8968830
0.7010000 -34.2882690
0.7020000 -22.1948471
0.7030000 -3.9259450
0.7040000 -13.3060818
0.7050000 -13.2226791
0.7060000 15.6800575
0.7070000 30.6136818
0.7080000 -39.8730774
0.7090000 4.1079230
0.7100000 25.1344395
0.7110000 -2.4342780
0.7120000 -2.2254443
0.7130000 17.7748070
0.7140000 15.2039108
0.7150000 18.9692020
0.7160000 -19.0196800
0.7170000 -35.2634125
0.7180000 18.8989964
0.7190000 -19.9421978
0.7200000 -33.9994431
0.7210000 -23.0181389
0.7220000 19.4965172
0.7230000 -17.9463253
0.7240000 -15.1343575
0.7250000 6.4804130
0.7260000 -35.4685440
0.7270000 -10.6000786
0.7280000 4.5766163
0.7290000 3.5455768
0.7300000 18.5064793
0.7310000 -6.7075086
0.7320000 -0.5043401
0.7330000 -3.6680608
0.7340000 67.2590332
0.7350000 46.7422905
0.7360000 -63.5489388
0.7370000 -22.8860435
0.7380000 -14.2798824
0.7390000 -14.7428141
0.7400000 -27.0883579
0.7410000 -36.2416115
0.7420000 4.8856463
0.7430000 19.5230198
0.7440000 17.4999485
0.7450000 9.5858755
0.7460000 26.8065758
0.7470000 -9.9282064
0.7480000 92.6060181
0.7490000 4.7085109
0.7500000 -36.6202850
0.7510000 -52.2281799
0.7520000 16.6891079
0.7530000 -47.8498573
0.7540000 -5.2002778
0.7550000 11.7461882
0.7560000 17.1480465
0.7570000 40.1106720
0.7580000 -1.0567033
0.7590000 1.1239406
0.7600000 57.8450317
0.7610000 40.3448715
0.7620000 55.1473312
0.7630000 78.8479691
0.7640000 24.3182278
0.7650000 44.8343315
0.7660000 25.2560101
0.7670000 -47.8209839
0.7680000 -41.3718300
0.7690000 -19.0725327
0.7700000 31.3606491
0.7710000 -27.2378159
0.7720000 13.7725735
0.7730000 2.5108278
0.7740000 -11.8513861
0.7750000 40.2953606
0.7760000 10.4714737
0.7770000 30.3609104
0.7780000 -14.5499220
0.7790000 36.1154175
0.7800000 34.3798943
0.7810000 -47.0716209
0.7820000 -49.5214577
0.7830000 -21.2504063
0.7840000 -3.0622494
0.7850000 4.5017800
0.7860000 -27.7174454
0.7870000 13.2456799
0.7880000 10.0991793
0.7890000 -10.3264084
0.7900000 -23.9376888
0.7910000 -77.8843079
0.7920000 4.3449974
0.7930000 3.2139010
0.7940000 34.1529427
0.7950000 -4.5691214
0.7960000 46.7514076
0.7970000 37.3053055
0.7980000 -8.8442259
0.7990000 74.6643982
0.8000000 3.9896359
0.8010000 44.6213150
0.8020000 4.9861374
0.8030000 9.5718946
0.8040000 -30.8318348
0.8050000 34.2404099
0.8060000 -90.7416840
0.8070000 15.4110966
0.8080000 -25.1627636
0.8090000 -7.2670774
0.8100000 -66.7356186
0.8110000 29.3766899
0.8120000 -28.4901562
0.8130000 23.8044968
0.8140000 -2.0682321
0.8150000 -1.8511989
0.8160000 -71.0636368
0.8170000 -72.6980362
0.8180000 3.3234429
0.8190000 25.9753342
0.8200000 -54.8779259
0.8210000 -54.4974289
0.8220000 3.5502326
0.8230000 -9.3728018
0.8240000 -4.1712747
0.8250000 64.2683334
0.8260000 -63.1995316
0.8270000 -56.2817917
0.8280000 -37.6203194
0.8290000 13.2497396
0.8300000 7.2481337
0.8310000 -17.4921532
0.8320000 30.3850517
0.8330000 26.6655636
0.8340000 37.5580826
0.8350000 0.3660264
0.8360000 -21.7172127
0.8370000 -52.2990646
0.8380000 -6.8636985
0.8390000 4.4324527
0.8400000 -20.5830173
0.8410000 -11.4317389
0.8420000 15.6920958
0.8430000 48.4710655
0.8440000 16.1543255
0.8450000 3.5990098
0.8460000 -12.4028902
0.8470000 0.7851869
0.8480000 52.1029472
0.8490000 -2.0243392
0.8500000 0.2332967
0.8510000 -15.4596910
0.8520000 35.7509079
0.8530000 -67.3657303
0.8540000 -21.5480347
0.8550000 77.6204681
0.8560000 26.4791145
0.8570000 17.4819965
0.8580000 -12.3279133
0.8590000 -1.1855441
0.8600000 -1.6368477
0.8610000 12.2686205
0.8620000 37.4887695
0.8630000 29.9549828
0.8640000 -7.4235659
0.8650000 -24.7939663
0.8660000 -0.3644767
0.8670000 -12.9301777
0.8680000 -15.6079655
0.8690000 -23.9040051
0.8700000 18.7606239
0.8710000 -16.0283070
0.8720000 -20.9440880
0.8730000 -15.6194563
0.8740000 4.6505589
0.8750000 17.3495541
0.8760000 -34.1086235
0.8770000 -27.7950706
0.8780000 -17.8692970
0.8790000 -16.6173382
0.8800000 -59.4594345
0.8810000 -20.3471260
0.8820000 60.8773613
0.8830000 -20.2245922
0.8840000 19.6699715
0.8850000 -16.4887962
0.8860000 18.5136929
0.8870000 -5.6799278
0.8880000 -12.1902380
0.8890000 46.5167274
0.8900000 -30.7987995
0.8910000 59.4436417
0.8920000 -41.3111496
0.8930000 -19.2653332
0.8940000 22.6663036
0.8950000 -8.2461042
0.8960000 17.5687733
0.8970000 41.4887314
0.8980000 -10.2509069
0.8990000 32.8678093
0.9000000 -16.2453728
0.9010000 7.7450743
0.9020000 27.0048008
0.9030000 9.5858288
0.9040000 -0.3164137
0.9050000 61.3989716
0.9060000 27.8327980
0.9070000 -46.2008095
0.9080000 8.6704912
0.9090000 64.1791687
0.9100000 -36.8833809
0.9110000 -26.9453850
0.9120000 25.6408348
0.9130000 -40.8399315
0.9140000 -40.7636909
0.9150000 1.0494493
0.9160000 19.7853527
0.9170000 16.9275341
0.9180000 -21.3207321
0.9190000 96.2504425
0.9200000 31.2849369
0.9210000 -45.3299065
0.9220000 -71.0050507
0.9230000 -60.7904778
0.9240000 58.0233955
0.9250000 23.9458809
0.9260000 -26.4034233
0.9270000 -18.5433178
0.9280000 33.6826591
0.9290000 3.2405982
0.9300000 25.4577236
0.9310000 -8.6350212
0.9320000 -0.3581056
0.9330000 -13.9900856
0.9340000 52.6381874
0.9350000 47.5679970
0.9360000 5.6675472
0.9370000 -45.3928185
0.9380000 -27.9968414
0.9390000 -4.1130795
0.9400000 -15.1506872
0.9410000 -24.3237362
0.9420000 -11.2341671
0.9430000 -17.9788322
0.9440000 -17.7447281
0.9450000 -51.5858955
0.9460000 -8.5824089
0.9470000 25.2165489
0.9480000 21.1180820
0.9490000 -20.7794590
0.9500000 -63.7386093
0.9510000 78.1098404
0.9520000 -4.6566629
0.9530000 4.2934642
0.9540000 -4.4849858
0.9550000 93.0285416
0.9560000 8.8519220
0.9570000 11.4295187
0.9580000 -0.6403144
0.9590000 37.9482574
0.9600000 -15.9754057
0.9610000 1.0453078
0.9620000 -35.3825111
0.9630000 -5.4439931
0.9640000 12.3043880
0.9650000 0.0000078
0.9660000 51.4030075
0.9670000 -38.0544434
0.9680000 42.1181831
0.9690000 -13.6660147
0.9700000 -1.9336514
0.9710000 19.3425312
0.9720000 55.8648720
0.9730000 -34.7045250
0.9740000 -10.8464985
0.9750000 56.7652092
0.9760000 -9.2716446
0.9770000 3.9692256
0.9780000 27.4068985
0.9790000 -43.7098312
0.9800000 -36.5591888
0.9810000 -50.7700233
0.9820000 72.7609253
0.9830000 -65.9761734
0.9840000 14.6667852
0.9850000 -20.1598454
0.9860000 61.3903809
0.9870000 -35.4728165
0.9880000 8.8581085
0.9890000 -65.0455322
0.9900000 -28.0627766
0.9910000 -2.9439232
0.9920000 -17.7762775
0.9930000 12.0844603
0.9940000 -33.1745148
0.9950000 56.2289963
0.9960000 -7.3855586
0.9970000 31.5904675
0.9980000 65.4243698
0.9990000 -9.4483585
