0.0000000 43.7135811
0.0010000 24.9190197
0.0020000 34.5800896
0.0030000 18.9378567
0.0040000 18.9693604
0.0050000 1.2241033
0.0060000 1.3710860
0.0070000 10.0518589
0.0080000 -63.6023560
0.0090000 17.4948120
0.0100000 -11.1897526
0.0110000 -32.5288467
0.0120000 -100.6456528
0.0130000 -25.7347126
0.0140000 52.4920425
0.0150000 -18.1147385
0.0160000 -47.5278244
0.0170000 -17.7103329
0.0180000 16.1360130
0.0190000 -27.8216305
0.0200000 49.9202957
0.0210000 -2.2658932
0.0220000 37.8672676
0.0230000 -55.1261177
0.0240000 -3.9736047
0.0250000 22.7336788
0.0260000 100.0594330
0.0270000 38.3056679
0.0280000 29.4592552
0.0290000 -23.2673187
0.0300000 -24.1663322
0.0310000 44.2015495
0.0320000 -32.4821777
0.0330000 19.4315777
0.0340000 23.0012016
0.0350000 92.0372391
0.0360000 15.1440048
0.0370000 75.5320358
0.0380000 -37.9865990
0.0390000 -60.2910347
0.0400000 48.1175652
0.0410000 5.6315346
0.0420000 -37.6085625
0.0430000 -42.6904182
0.0440000 -53.9292755
0.0450000 23.2465458
0.0460000 25.8756828
0.0470000 -79.9900589
0.0480000 -8.4505262
0.0490000 5.1927085
0.0500000 -2.6336253
0.0510000 -36.1684227
0.0520000 -68.8487625
0.0530000 24.7124481
0.0540000 -51.8922157
0.0550000 7.9891348
0.0560000 -5.6617818
0.0570000 54.5064316
0.0580000 2.8064609
0.0590000 -41.6842499
0.0600000 42.8873024
0.0610000 19.8348083
0.0620000 35.4021225
0.0630000 -25.9331226
0.0640000 -1.9837815
0.0650000 -30.9784050
0.0660000 -10.7314568
0.0670000 20.5415154
0.0680000 -22.4968700
0.0690000 -5.3707294
0.0700000 12.2875776
0.0710000 13.5590534
0.0720000 -4.8107285
0.0730000 23.6287861
0.0740000 -30.7210522
0.0750000 33.6529732
0.0760000 13.1228800
0.0770000 17.1135349
0.0780000 -39.4007263
0.0790000 27.3365250
0.0800000 46.5657539
0.0810000 -36.6276855
0.0820000 -10.8534575
0.0830000 -49.0327301
0.0840000 -1.6266346
0.0850000 21.0105228
0.0860000 -19.6301270
0.0870000 92.6302490
0.0880000 -11.9147205
0.0890000 36.8350677
0.0900000 47.1654701
0.0910000 -5.2198000
0.0920000 -37.3418121
0.0930000 -5.2031226
0.0940000 36.9440422
0.0950000 -3.8689010
0.0960000 2.6308899
0.0970000 39.2362671
0.0980000 -18.3437595
0.0990000 10.9555264
0.1000000 10.6000395
0.1010000 -35.5888290
0.1020000 1.3278272
0.1030000 45.0196533
0.1040000 -4.7738824
0.1050000 42.4811134
0.1060000 23.3783112
0.1070000 38.2500725
0.1080000 75.4532013
0.1090000 -7.7446647
0.1100000 123.9007568
0.1110000 -2.5009415
0.1120000 40.7219048
0.1130000 5.0260735
0.1140000 -29.3208294
0.1150000 -0.3675935
0.1160000 15.9343224
0.1170000 -5.1500101
0.1180000 -9.0661268
0.1190000 -39.5256195
0.1200000 -9.1591377
0.1210000 33.6730461
0.1220000 73.0555344
0.1230000 22.0428925
0.1240000 -19.7999630
0.1250000 -67.7181625
0.1260000 -36.8745193
0.1270000 6.4177938
0.1280000 -7.8563480
0.1290000 -3.6193962
0.1300000 -21.9979057
0.1310000 1.5772176
0.1320000 8.5755110
0.1330000 -30.0657139
0.1340000 -30.6303711
0.1350000 -43.6195717
0.1360000 -32.9755402
0.1370000 -45.1006355
0.1380000 -16.2257576
0.1390000 104.4413910
0.1400000 30.0348492
0.1410000 16.8309879
0.1420000 -43.3226280
0.1430000 -95.0966187
0.1440000 11.4084139
0.1450000 -32.9152412
0.1460000 -13.9856291
0.1470000 -8.7157955
0.1480000 3.9791911
0.1490000 -42.3398819
0.1500000 38.5798912
0.1510000 13.0937586
0.1520000 40.6306343
0.1530000 -41.4741592
0.1540000 -28.5908699
0.1550000 29.5038586
0.1560000 46.6506920
0.1570000 36.0335274
0.1580000 -59.2346344
0.1590000 10.2974167
0.1600000 -8.1323290
0.1610000 64.8827667
0.1620000 -18.0790501
0.1630000 5.5997066
0.1640000 8.9974537
0.1650000 -63.9750595
0.1660000 -43.8565903
0.1670000 -77.3659134
0.1680000 -31.5751324
0.1690000 -13.9382381
0.1700000 -36.9750633
0.1710000 19.7469597
0.1720000 -0.1607296
0.1730000 -10.7065382
0.1740000 -11.4608335
0.1750000 15.5958786
0.1760000 53.1004639
0.1770000 -0.5059675
0.1780000 -32.6623383
0.1790000 14.1561556
0.1800000 7.8235998
0.1810000 49.3938217
0.1820000 -3.3486514
0.1830000 13.8909416
0.1840000 -17.2958355
0.1850000 -1.6431774
0.1860000 16.8155003
0.1870000 -45.4912720
0.1880000 -20.4332027
0.1890000 32.3922768
0.1900000 -42.0821304
0.1910000 -5.2729692
0.1920000 64.1744385
0.1930000 -1.7487205
0.1940000 -27.2431946
0.1950000 35.6493530
0.1960000 78.5378189
0.1970000 -33.9244652
0.1980000 -34.6442680
0.1990000 49.9009399
0.2000000 -2.3927140
0.2010000 -23.4184494
0.2020000 14.8703690
0.2030000 10.0241957
0.2040000 45.6679001
0.2050000 21.8255882
0.2060000 -0.5890979
0.2070000 50.6347809
0.2080000 -26.7472782
0.2090000 20.1612778
0.2100000 -3.5890064
0.2110000 17.5653496
0.2120000 -22.8436871
0.2130000 36.7022247
0.2140000 8.7399683
0.2150000 0.9721181
0.2160000 67.2671738
0.2170000 -26.5312004
0.2180000 -43.7359657
0.2190000 -5.9545918
0.2200000 13.4732904
0.2210000 47.3794518
0.2220000 -9.3097515
0.2230000 22.3125725
0.2240000 12.6636543
0.2250000 21.1793747
0.2260000 7.6426682
0.2270000 23.8167572
0.2280000 -66.5159225
0.2290000 4.9612570
0.2300000 30.6029911
0.2310000 -35.9857368
0.2320000 41.7159271
0.2330000 21.9958000
0.2340000 31.0856609
0.2350000 40.0499039
0.2360000 2.8277929
0.2370000 -36.4390488
0.2380000 54.1304245
0.2390000 -23.6846485
0.2400000 48.2007332
0.2410000 -26.5828705
0.2420000 -20.1715145
0.2430000 -68.6323547
0.2440000 -16.9983273
0.2450000 -34.2020035
0.2460000 20.7651329
0.2470000 60.6027069
0.2480000 15.2257595
0.2490000 44.3558311
0.2500000 26.7306347
0.2510000 -1.5600121
0.2520000 -12.7993507
0.2530000 -5.6750231
0.2540000 -70.6491089
0.2550000 5.1466932
0.2560000 24.4504433
0.2570000 28.5735664
0.2580000 21.1741047
0.2590000 29.5756969
0.2600000 -17.9357491
0.2610000 7.4370484
0.2620000 14.7951260
0.2630000 42.3821220
0.2640000 37.4931946
0.2650000 -25.0743523
0.2660000 6.1387272
0.2670000 -8.4725990
0.2680000 -21.3563156
0.2690000 -15.4507122
0.2700000 -17.5559521
0.2710000 -2.0748000
0.2720000 -6.2013502
0.2730000 53.1208229
0.2740000 -5.8803625
0.2750000 43.3737411
0.2760000 55.1811218
0.2770000 -45.2743034
0.2780000 24.0055084
0.2790000 -2.2822456
0.2800000 74.2632370
0.2810000 41.2360458
0.2820000 -37.4970207
0.2830000 52.5537376
0.2840000 30.6736889
0.2850000 72.2225189
0.2860000 19.3781528
0.2870000 -30.3869381
0.2880000 23.0660572
0.2890000 6.8973899
0.2900000 -30.3315029
0.2910000 9.9298620
0.2920000 4.3873034
0.2930000 -29.2142658
0.2940000 -57.9352379
0.2950000 47.1897049
0.2960000 23.4421177
0.2970000 33.3184509
0.2980000 -5.1217895
0.2990000 0.7161317
0.3000000 -21.4066544
0.3010000 44.9069443
0.3020000 -24.3879242
0.3030000 -38.3536224
0.3040000 28.8216743
0.3050000 -25.8862495
0.3060000 7.6142178
0.3070000 -10.4482613
0.3080000 14.5598803
0.3090000 -36.7026711
0.3100000 -13.4515915
0.3110000 17.1075268
0.3120000 38.4503174
0.3130000 62.7721977
0.3140000 52.9835739
0.3150000 -46.5331612
0.3160000 -11.2164965
0.3170000 -32.4527283
0.3180000 36.0919952
0.3190000 49.9101372
0.3200000 2.0372968
0.3210000 50.8534203
0.3220000 -54.7868805
0.3230000 41.6321373
0.3240000 -11.5592337
0.3250000 -7.1970315
0.3260000 -89.6879654
0.3270000 -56.8418007
0.3280000 -2.1359951
0.3290000 12.8720655
0.3300000 18.1567631
0.3310000 43.8929176
0.3320000 -0.4939846
0.3330000 -1.0305805
0.3340000 -18.2309628
0.3350000 20.8135834
0.3360000 1.1926605
0.3370000 -38.1052055
0.3380000 20.7017136
0.3390000 -20.5263119
0.3400000 60.2924461
0.3410000 21.2569504
0.3420000 43.4567413
0.3430000 -15.4619884
0.3440000 -7.6547294
0.3450000 20.0530796
0.3460000 9.2269440
0.3470000 44.0403290
0.3480000 -3.9779847
0.3490000 -22.0745373
0.3500000 19.7905426
0.3510000 31.9088097
0.3520000 51.2732010
0.3530000 14.9138527
0.3540000 17.9765930
0.3550000 8.2915621
0.3560000 37.7238350
0.3570000 -24.2580185
0.3580000 -16.1686401
0.3590000 41.6747742
0.3600000 -32.1384087
0.3610000 -51.0118294
0.3620000 -13.4805298
0.3630000 24.0753365
0.3640000 -24.7539082
0.3650000 38.7826920
0.3660000 -20.9594345
0.3670000 6.1650205
0.3680000 24.0916843
0.3690000 36.2929993
0.3700000 66.0183868
0.3710000 6.0007544
0.3720000 -52.7409172
0.3730000 69.7919464
0.3740000 -70.4139709
0.3750000 -19.9894047
0.3760000 -2.4809551
0.3770000 2.8900268
0.3780000 -25.5005093
0.3790000 63.5703316
0.3800000 -13.9813957
0.3810000 -15.1386137
0.3820000 22.4001560
0.3830000 4.7984128
0.3840000 -20.4044666
0.3850000 40.9015388
0.3860000 -16.0141335
0.3870000 -0.6712622
0.3880000 29.4184570
0.3890000 -49.8295898
0.3900000 33.8558807
0.3910000 9.2230034
0.3920000 4.5950232
0.3930000 80.4047089
0.3940000 -7.0265269
0.3950000 -14.7854061
0.3960000 55.0502357
0.3970000 29.8681622
0.3980000 -9.1975498
0.3990000 8.1097403
0.4000000 -10.4837160
0.4010000 -0.6811058
0.4020000 -35.9339447
0.4030000 7.3934669
0.4040000 36.7370071
0.4050000 56.7205162
0.4060000 42.7263336
0.4070000 2.6860838
0.4080000 1.1807504
0.4090000 -36.1368294
0.4100000 -27.4719830
0.4110000 -15.2953377
0.4120000 -16.8497543
0.4130000 -52.0106316
0.4140000 12.1919765
0.4150000 -11.5486221
0.4160000 36.7262268
0.4170000 -7.8421898
0.4180000 56.2951164
0.4190000 -77.6415176
0.4200000 28.9275646
0.4210000 4.4097071
0.4220000 49.7906456
0.4230000 -33.6966705
0.4240000 8.8285971
0.4250000 -23.4020557
0.4260000 -2.3262134
0.4270000 -18.7302399
0.4280000 49.0417480
0.4290000 6.5988798
0.4300000 24.4302177
0.4310000 29.8144932
0.4320000 0.7652695
0.4330000 -35.7101707
0.4340000 10.8947029
0.4350000 28.5107536
0.4360000 -20.9976425
0.4370000 5.5884490
0.4380000 -37.1323471
0.4390000 40.8520775
0.4400000 1.1377394
0.4410000 6.0780253
0.4420000 -1.2045616
0.4430000 -30.8604164
0.4440000 -34.9886475
0.4450000 -60.6750374
0.4460000 -4.0641108
0.4470000 13.6788931
0.4480000 64.9590988
0.4490000 51.6348572
0.4500000 -8.0599384
0.4510000 9.9368076
0.4520000 -3.1354225
0.4530000 23.2452602
0.4540000 -35.9194717
0.4550000 -8.3395176
0.4560000 -2.1795995
0.4570000 -19.6834412
0.4580000 44.4494553
0.4590000 17.7414703
0.4600000 40.3431740
0.4610000 14.5028820
0.4620000 -24.8583984
0.4630000 -38.2783737
0.4640000 -56.9410667
0.4650000 50.2217941
0.4660000 -34.4733620
0.4670000 46.3590622
0.4680000 28.3344288
0.4690000 -26.3947105
0.4700000 29.3710232
0.4710000 27.8999691
0.4720000 -35.1934509
0.4730000 -9.5611706
0.4740000 -38.0817947
0.4750000 24.8706398
0.4760000 -5.2552657
0.4770000 -19.7618217
0.4780000 0.4537162
0.4790000 29.9938660
0.4800000 -62.0681686
0.4810000 -11.3218212
0.4820000 27.1813946
0.4830000 61.6019325
0.4840000 7.2586927
0.4850000 11.1955004
0.4860000 -7.1450658
0.4870000 -60.1398354
0.4880000 -33.7205162
0.4890000 -3.3003762
0.4900000 12.3785534
0.4910000 -33.2612991
0.4920000 -19.5463448
0.4930000 46.4171219
0.4940000 -14.5306854
0.4950000 -6.5017657
0.4960000 -17.4781456
0.4970000 53.0982857
0.4980000 -41.5530205
0.4990000 -49.8714523
0.5000000 36.8055763
0.5010000 -34.7444000
0.5020000 45.1544571
0.5030000 16.6851273
0.5040000 1.5274975
0.5050000 -8.4623222
0.5060000 10.5408850
0.5070000 1.9921696
0.5080000 31.6774445
0.5090000 -7.5740247
0.5100000 3.6436110
0.5110000 48.3572121
0.5120000 66.6255722
0.5130000 -27.5219707
0.5140000 -21.7250271
0.5150000 80.9349213
0.5160000 6.2160320
0.5170000 -26.6021404
0.5180000 19.6922989
0.5190000 51.8920631
0.5200000 -18.3802509
0.5210000 -14.4773130
0.5220000 -58.7460709
0.5230000 -4.1050668
0.5240000 -14.5920258
0.5250000 11.8588324
0.5260000 -28.6066017
0.5270000 41.2982941
0.5280000 26.6439896
0.5290000 -5.5931587
0.5300000 -13.6901226
0.5310000 -24.9156532
0.5320000 -18.6800308
0.5330000 34.5374947
0.5340000 55.5055847
0.5350000 -36.1863060
0.5360000 -30.2136707
0.5370000 -30.1369781
0.5380000 82.1892242
0.5390000 65.8063049
0.5400000 51.5697556
0.5410000 5.0953140
0.5420000 -0.6801828
0.5430000 -25.2838612
0.5440000 -40.0277901
0.5450000 -45.2060814
0.5460000 11.0310516
0.5470000 29.9566975
0.5480000 -17.9169083
0.5490000 4.9710431
0.5500000 18.0175896
0.5510000 24.4052105
0.5520000 -68.4559021
0.5530000 64.0313721
0.5540000 -65.6919403
0.5550000 -32.4311066
0.5560000 6.9633117
0.5570000 61.2991333
0.5580000 16.3132305
0.5590000 -15.4114609
0.5600000 -26.7462215
0.5610000 -13.2459707
0.5620000 4.7804303
0.5630000 -6.5211191
0.5640000 42.1153069
0.5650000 6.9086447
0.5660000 -36.6399574
0.5670000 -22.8540649
0.5680000 2.2857261
0.5690000 19.6388187
0.5700000 -30.7388992
0.5710000 -24.9686699
0.5720000 -48.7748146
0.5730000 53.3054085
0.5740000 117.4687881
0.5750000 56.7352142
0.5760000 22.1013680
0.5770000 47.6376648
0.5780000 -10.7407732
0.5790000 4.7460012
0.5800000 -31.4701328
0.5810000 40.8226204
0.5820000 10.9298401
0.5830000 -14.1420603
0.5840000 34.5533905
0.5850000 38.6621132
0.5860000 70.4548111
0.5870000 11.8186827
0.5880000 -49.7683411
0.5890000 14.7189236
0.5900000 30.0507412
0.5910000 27.9048176
0.5920000 62.3050690
0.5930000 16.5784168
0.5940000 10.0637207
0.5950000 33.4694405
0.5960000 -41.5084038
0.5970000 -35.6830215
0.5980000 30.8864021
0.5990000 -16.3105087
0.6000000 39.1654968
0.6010000 13.0226936
0.6020000 -15.7375240
0.6030000 -35.3399353
0.6040000 -10.9533548
0.6050000 50.8876114
0.6060000 -12.9867134
0.6070000 -12.0903006
0.6080000 0.9470131
0.6090000 6.9398527
0.6100000 -11.9222431
0.6110000 29.1084194
0.6120000 -47.7061272
0.6130000 2.2693293
0.6140000 29.2249165
0.6150000 3.9968302
0.6160000 -11.2741680
0.6170000 35.1785851
0.6180000 -8.0081148
0.6190000 35.2602043
0.6200000 28.2842655
0.6210000 39.2066002
0.6220000 -4.5353899
0.6230000 2.1207397
0.6240000 16.9765453
0.6250000 -36.5091057
0.6260000 -36.3063126
0.6270000 -22.3150272
0.6280000 15.5321922
0.6290000 -9.9670134
0.6300000 -52.3444862
0.6310000 -13.0241508
0.6320000 30.4194069
0.6330000 63.6002884
0.6340000 57.2449951
0.6350000 15.7289171
0.6360000 -4.6907706
0.6370000 82.4031525
0.6380000 6.9373074
0.6390000 14.8415022
0.6400000 -16.5171070
0.6410000 24.1011486
0.6420000 60.6528816
0.6430000 17.8836651
0.6440000 -29.0846004
0.6450000 42.3968430
0.6460000 14.0370255
0.6470000 12.9220448
0.6480000 6.5592113
0.6490000 5.2283769
0.6500000 67.3571167
0.6510000 1.2961243
0.6520000 44.0690460
0.6530000 46.1141586
0.6540000 -47.7469101
0.6550000 56.8982697
0.6560000 17.2207127
0.6570000 -31.1216488
0.6580000 -13.8918314
0.6590000 -37.3721085
0.6600000 4.3606849
0.6610000 21.5044842
0.6620000 15.8564634
0.6630000 49.4379425
0.6640000 16.5512943
0.6650000 34.4179688
0.6660000 -62.8711624
0.6670000 -45.2650337
0.6680000 -30.0961761
0.6690000 5.4083366
0.6700000 12.1539736
0.6710000 -15.0022554
0.6720000 -26.4638100
0.6730000 -29.8403912
0.6740000 52.7564850
0.6750000 -14.3195238
0.6760000 21.5292759
0.6770000 -23.7667656
0.6780000 0.9728922
0.6790000 3.6071181
0.6800000 15.8176661
0.6810000 12.4513121
0.6820000 -54.3189087
0.6830000 -7.8606954
0.6840000 4.3523178
0.6850000 -64.5277328
0.6860000 9.0255785
0.6870000 6.6618810
0.6880000 -46.3981285
0.6890000 -30.3578186
0.6900000 -0.0647838
0.6910000 13.7026176
0.6920000 15.9387226
0.6930000 -34.8353500
0.6940000 -25.2064991
0.6950000 -26.3864841
0.6960000 -16.0527763
0.6970000 -79.2755661
0.6980000 -25.7136230
0.6990000 48.5132523
0.7000000 7.8629947
0.7010000 51.6775780
0.7020000 27.5879898
0.7030000 18.3764763
0.7040000 10.8104658
0.7050000 -48.5683212
0.7060000 30.6420918
0.7070000 -25.5496788
0.7080000 25.9583549
0.7090000 -40.9997940
0.7100000 -55.6178970
0.7110000 -50.1701164
0.7120000 43.7548218
0.7130000 13.1612854
0.7140000 -32.8973732
0.7150000 36.9244804
0.7160000 37.0141258
0.7170000 -7.9195967
0.7180000 -37.5851402
0.7190000 -21.0312595
0.7200000 -23.2544327
0.7210000 36.8849831
0.7220000 -39.4775848
0.7230000 -3.5117278
0.7240000 42.3204880
0.7250000 1.6608869
0.7260000 -1.7144192
0.7270000 0.6843722
0.7280000 12.3488197
0.7290000 -13.6095715
0.7300000 30.6032372
0.7310000 25.1923199
0.7320000 11.6767292
0.7330000 -20.6340275
0.7340000 3.9914331
0.7350000 5.1827607
0.7360000 -11.3411026
0.7370000 -1.3962402
0.7380000 -2.7338941
0.7390000 -29.0326252
0.7400000 29.8100853
0.7410000 -0.5495319
0.7420000 44.9223900
0.7430000 54.0298119
0.7440000 -38.4683990
0.7450000 -5.5452361
0.7460000 -41.6461754
0.7470000 -33.8219833
0.7480000 -6.9111729
0.7490000 -41.9196358
0.7500000 -12.5610085
0.7510000 2.1261921
0.7520000 -31.3108311
0.7530000 24.5892086
0.7540000 46.0906410
0.7550000 12.2646208
0.7560000 30.5057201
0.7570000 36.3972054
0.7580000 69.6954880
0.7590000 27.4860840
0.7600000 17.9878445
0.7610000 38.5898819
0.7620000 -81.2261429
0.7630000 -12.7110786
0.7640000 -33.4669418
0.7650000 -21.5270805
0.7660000 28.0622311
0.7670000 -37.6226425
0.7680000 105.4904938
0.7690000 52.6525307
0.7700000 15.0516396
0.7710000 -24.6335583
0.7720000 5.6124964
0.7730000 -65.3142853
0.7740000 -14.8209743
0.7750000 55.1897964
0.7760000 50.8405838
0.7770000 -7.3798213
0.7780000 44.3464775
0.7790000 23.7442322
0.7800000 -42.1384392
0.7810000 31.0553570
0.7820000 26.3463364
0.7830000 -12.4612818
0.7840000 -23.6156063
0.7850000 2.1808553
0.7860000 -40.4067612
0.7870000 3.3708434
0.7880000 -9.7037258
0.7890000 -45.2252388
0.7900000 -0.1117431
0.7910000 -4.8000894
0.7920000 -13.4566870
0.7930000 -31.2752495
0.7940000 -78.6886139
0.7950000 30.0799427
0.7960000 -38.4141121
0.7970000 -4.5439296
0.7980000 23.5104046
0.7990000 62.2256775
0.8000000 18.1552925
0.8010000 58.2551422
0.8020000 -19.5318947
0.8030000 7.2761593
0.8040000 11.1435671
0.8050000 25.4540176
0.8060000 -22.9973106
0.8070000 -18.9535370
0.8080000 36.6933250
0.8090000 -72.9415894
0.8100000 -29.5975819
0.8110000 -17.4994068
0.8120000 -6.6614313
0.8130000 -1.1845735
0.8140000 -2.6518488
0.8150000 -13.7665758
0.8160000 46.5267029
0.8170000 61.6409836
0.8180000 28.3017960
0.8190000 -27.8102665
0.8200000 5.1169801
0.8210000 11.4932880
0.8220000 -10.1628065
0.8230000 11.3711386
0.8240000 -33.4043655
0.8250000 -2.2105439
0.8260000 33.4010735
0.8270000 -4.9973259
0.8280000 15.6578712
0.8290000 -4.5739751
0.8300000 32.1796379
0.8310000 -7.2246251
0.8320000 -7.6829123
0.8330000 32.2578354
0.8340000 -29.6740551
0.8350000 17.5894127
0.8360000 85.5930099
0.8370000 23.5548172
0.8380000 -2.2032170
0.8390000 -77.4477310
0.8400000 -45.8032799
0.8410000 1.7997832
0.8420000 -12.9025068
0.8430000 20.2181072
0.8440000 20.9167347
0.8450000 5.0293970
0.8460000 -65.9131622
0.8470000 -22.2258377
0.8480000 17.8426723
0.8490000 -51.8712616
0.8500000 -23.0791149
0.8510000 34.3822021
0.8520000 -7.9932122
0.8530000 53.2544060
0.8540000 32.9770393
0.8550000 22.4443550
0.8560000 -15.9451351
0.8570000 14.0445614
0.8580000 38.8819885
0.8590000 51.9827271
0.8600000 22.6836395
0.8610000 33.2495193
0.8620000 -0.6996789
0.8630000 4.2652221
0.8640000 -45.9719849
0.8650000 -47.3903198
0.8660000 -12.8108692
0.8670000 42.9527397
0.8680000 21.2600937
0.8690000 31.8498573
0.8700000 -12.9796038
0.8710000 10.0898533
0.8720000 -13.5297146
0.8730000 -34.2540169
0.8740000 96.1668320
0.8750000 -34.0366821
0.8760000 6.9113760
0.8770000 56.2384987
0.8780000 17.8917084
0.8790000 15.0968695
0.8800000 -11.7170563
0.8810000 -10.1746941
0.8820000 37.4084587
0.8830000 27.9604015
0.8840000 11.2433453
0.8850000 -13.7034807
0.8860000 -11.7282352
0.8870000 -34.0929070
0.8880000 -9.3479357
0.8890000 7.5938187
0.8900000 51.3791733
0.8910000 -59.1495132
0.8920000 -4.0988922
0.8930000 5.0911574
0.8940000 22.1211243
0.8950000 59.3199844
0.8960000 19.5191288
0.8970000 -28.0750923
0.8980000 -16.0805016
0.8990000 21.8700008
0.9000000 40.5635643
0.9010000 24.4730663
0.9020000 13.7791948
0.9030000 23.0918884
0.9040000 132.0693665
0.9050000 -51.0552330
0.9060000 -7.0447221
0.9070000 -3.8681839
0.9080000 -21.5893078
0.9090000 -21.3625259
0.9100000 39.6807251
0.9110000 -39.6116905
0.9120000 46.0636635
0.9130000 -55.1409340
0.9140000 -18.3423996
0.9150000 -22.5297813
0.9160000 21.0243149
0.9170000 -70.2658463
0.9180000 -30.2763710
0.9190000 34.6005249
0.9200000 9.3620663
0.9210000 9.1496143
0.9220000 25.3117638
0.9230000 35.3989677
0.9240000 47.0033417
0.9250000 -36.0192947
0.9260000 67.2863083
0.9270000 -45.3015327
0.9280000 -23.3904305
0.9290000 28.0804234
0.9300000 -16.6111050
0.9310000 -77.5826950
0.9320000 -4.4245372
0.9330000 26.4166546
0.9340000 -5.5179658
0.9350000 4.6461577
0.9360000 -17.3680592
0.9370000 -62.5841560
0.9380000 39.2929802
0.9390000 51.4903831
0.9400000 32.2276039
0.9410000 21.9955215
0.9420000 -2.1338613
0.9430000 57.0443954
0.9440000 -46.8095589
0.9450000 -33.9312744
0.9460000 21.9103336
0.9470000 -9.8132124
0.9480000 -14.7697630
0.9490000 25.3675747
0.9500000 15.9981527
0.9510000 -26.3989868
0.9520000 -19.1576824
0.9530000 -38.7199707
0.9540000 56.5482979
0.9550000 -3.4153645
0.9560000 51.6276779
0.9570000 -70.8917084
0.9580000 31.5053768
0.9590000 -0.1907520
0.9600000 -49.4666595
0.9610000 19.9551468
0.9620000 -8.7891302
0.9630000 -8.3263531
0.9640000 48.0013008
0.9650000 -28.6803074
0.9660000 -37.8136635
0.9670000 -23.2423134
0.9680000 15.6576462
0.9690000 28.6056442
0.9700000 73.0552750
0.9710000 -26.0693951
0.9720000 -22.7173100
0.9730000 -29.0077667
0.9740000 -6.3348446
0.9750000 20.4516392
0.9760000 -41.2492943
0.9770000 51.3945122
0.9780000 44.3066330
0.9790000 20.8398647
0.9800000 3.0361443
0.9810000 -26.6813011
0.9820000 4.3904762
0.9830000 -40.1543159
0.9840000 -48.2873764
0.9850000 -13.6142092
0.9860000 -18.0544548
0.9870000 2.5738358
0.9880000 32.5866356
0.9890000 90.1155167
0.9900000 -47.0391693
0.9910000 60.4547958
0.9920000 27.9494667
0.9930000 -26.7990189
0.9940000 -23.6271992
0.9950000 -25.0452385
0.9960000 -14.1309872
0.9970000 19.2028389
0.9980000 68.6931305
0.9990000 15.1440411
