0.0000000 -2.4227459
0.0010000 -31.3493633
0.0020000 -20.8003635
0.0030000 -2.8421359
0.0040000 -18.9821682
0.0050000 11.4089737
0.0060000 68.5431366
0.0070000 -35.8580818
0.0080000 -6.6720257
0.0090000 -50.4645309
0.0100000 -12.9190788
0.0110000 86.8222198
0.0120000 -68.3109436
0.0130000 50.4421349
0.0140000 -8.1500797
0.0150000 -83.6096954
0.0160000 -23.2491245
0.0170000 30.9205837
0.0180000 31.1442070
0.0190000 90.8638458
0.0200000 61.9470253
0.0210000 2.3867788
0.0220000 8.8429728
0.0230000 1.4609990
0.0240000 40.8657036
0.0250000 -14.1287212
0.0260000 -10.7166843
0.0270000 17.2447815
0.0280000 25.7977314
0.0290000 -4.0264931
0.0300000 23.4616203
0.0310000 26.9686356
0.0320000 12.8820381
0.0330000 -23.0526028
0.0340000 -18.0341187
0.0350000 24.6409740
0.0360000 25.6245556
0.0370000 71.4102097
0.0380000 6.2032757
0.0390000 12.8186321
0.0400000 -12.3298731
0.0410000 19.2614861
0.0420000 14.0371065
0.0430000 -31.9627457
0.0440000 -13.7749853
0.0450000 -16.8042259
0.0460000 11.5631895
0.0470000 -64.9394836
0.0480000 8.1010933
0.0490000 2.3990004
0.0500000 63.7020798
0.0510000 -66.6826553
0.0520000 -30.4318562
0.0530000 -64.0108109
0.0540000 -27.5857220
0.0550000 -13.8384237
0.0560000 -41.5716438
0.0570000 -5.3283353
0.0580000 -15.1184855
0.0590000 6.5207667
0.0600000 5.8541207
0.0610000 -29.2328110
0.0620000 -90.8094711
0.0630000 -16.2437458
0.0640000 3.6182342
0.0650000 11.0689135
0.0660000 -10.3979998
0.0670000 -12.4805079
0.0680000 28.8483944
0.0690000 8.6033773
0.0700000 54.3148689
0.0710000 68.7313004
0.0720000 12.7835617
0.0730000 -6.3996496
0.0740000 46.1963043
0.0750000 -4.6596613
0.0760000 -28.5652256
0.0770000 -24.2468662
0.0780000 41.5984802
0.0790000 -22.9163742
0.0800000 41.3189240
0.0810000 16.0448265
0.0820000 3.0147724
0.0830000 20.9419708
0.0840000 50.7498436
0.0850000 -45.4586639
0.0860000 -35.9772758
0.0870000 50.0384293
0.0880000 -6.6994834
0.0890000 2.0226769
0.0900000 56.4163780
0.0910000 -13.0295162
0.0920000 -8.0927639
0.0930000 -66.3423615
0.0940000 5.2138987
0.0950000 32.5778389
0.0960000 -28.4860649
0.0970000 -26.0514641
0.0980000 -4.8216476
0.0990000 25.6472340
0.1000000 12.8387451
0.1010000 6.6497908
0.1020000 -37.8102875
0.1030000 8.9238415
0.1040000 -47.6518021
0.1050000 56.9705467
0.1060000 -1.6921748
0.1070000 -6.5820098
0.1080000 -7.6525774
0.1090000 -17.6790390
0.1100000 22.9950638
0.1110000 0.3851683
0.1120000 -34.1048889
0.1130000 11.5129213
0.1140000 -20.2584839
0.1150000 -34.8928452
0.1160000 24.6344910
0.1170000 25.2582951
0.1180000 0.6256267
0.1190000 -16.9364185
0.1200000 -19.1205368
0.1210000 3.0792897
0.1220000 15.4998264
0.1230000 -4.6719770
0.1240000 45.0039558
0.1250000 23.2851620
0.1260000 -6.6118870
0.1270000 38.1718712
0.1280000 -40.7926941
0.1290000 -1.1820027
0.1300000 34.9173126
0.1310000 24.5343132
0.1320000 -16.9650154
0.1330000 -7.9030027
0.1340000 -34.9566994
0.1350000 3.1194687
0.1360000 8.8637066
0.1370000 -3.2233760
0.1380000 -21.8255386
0.1390000 10.5941601
0.1400000 -13.1894712
0.1410000 0.5660745
0.1420000 88.8616562
0.1430000 -12.7316866
0.1440000 11.0813112
0.1450000 8.2815647
0.1460000 -2.8788030
0.1470000 -9.6706724
0.1480000 -35.9727936
0.1490000 7.2053704
0.1500000 43.3023834
0.1510000 -76.4256744
0.1520000 -34.1802139
0.1530000 39.4073563
0.1540000 -48.5444298
0.1550000 6.0533791
0.1560000 29.5421066
0.1570000 44.4508667
0.1580000 26.8695183
0.1590000 -36.0864410
0.1600000 19.2905197
0.1610000 27.0314198
0.1620000 28.6072674
0.1630000 -23.4201431
0.1640000 -1.3188292
0.1650000 59.5801773
0.1660000 -18.8024025
0.1670000 26.6962872
0.1680000 -15.3612213
0.1690000 21.8266754
0.1700000 16.4721661
0.1710000 -30.9876175
0.1720000 65.9351578
0.1730000 -37.3415489
0.1740000 -24.5691719
0.1750000 52.3367729
0.1760000 -17.1383705
0.1770000 23.7164516
0.1780000 -15.4251871
0.1790000 -35.3707161
0.1800000 86.7671356
0.1810000 -13.2834167
0.1820000 15.2629738
0.1830000 -40.5441208
0.1840000 38.4674339
0.1850000 9.9226160
0.1860000 61.3365173
0.1870000 -46.2178116
0.1880000 -11.5246964
0.1890000 38.2694511
0.1900000 -51.7889977
0.1910000 18.6865578
0.1920000 -37.2238083
0.1930000 36.0631561
0.1940000 -46.0863533
0.1950000 -17.8490696
0.1960000 -33.4268608
0.1970000 33.9340782
0.1980000 24.7593346
0.1990000 -28.6511040
0.2000000 18.4914246
0.2010000 13.4218454
0.2020000 -44.4053192
0.2030000 20.2074528
0.2040000 77.9061737
0.2050000 -18.2539577
0.2060000 -40.3053093
0.2070000 -48.9406166
0.2080000 -39.8319435
0.2090000 17.4191189
0.2100000 64.2340698
0.2110000 -24.4796829
0.2120000 -65.0026550
0.2130000 -22.6487446
0.2140000 4.4636102
0.2150000 -10.8983479
0.2160000 14.8554497
0.2170000 30.8202267
0.2180000 2.3265517
0.2190000 -24.0796413
0.2200000 -31.6542549
0.2210000 6.9017148
0.2220000 -5.3238821
0.2230000 9.1004534
0.2240000 24.9816437
0.2250000 24.5358334
0.2260000 -24.2172184
0.2270000 33.4854126
0.2280000 -47.5058327
0.2290000 -21.6697941
0.2300000 2.8239336
0.2310000 -39.2602654
0.2320000 -1.9711829
0.2330000 3.7655687
0.2340000 6.8034115
0.2350000 -24.1979847
0.2360000 14.1670494
0.2370000 49.4704170
0.2380000 -40.7822800
0.2390000 -30.1458149
0.2400000 21.7501450
0.2410000 32.8884010
0.2420000 9.6520920
0.2430000 -24.7360954
0.2440000 6.0963302
0.2450000 0.5781794
0.2460000 19.2480545
0.2470000 15.2487173
0.2480000 26.6845093
0.2490000 -32.4879074
0.2500000 -2.4187148
0.2510000 -18.4525127
0.2520000 -14.1488876
0.2530000 -22.0110474
0.2540000 12.4131069
0.2550000 -1.3400925
0.2560000 -35.0340919
0.2570000 31.0458584
0.2580000 8.5478344
0.2590000 -1.8221773
0.2600000 27.6488972
0.2610000 -16.7181225
0.2620000 -2.1070383
0.2630000 -62.3588791
0.2640000 -53.8265991
0.2650000 -39.7069397
0.2660000 58.5370026
0.2670000 9.7693882
0.2680000 -20.3225384
0.2690000 11.3616400
0.2700000 38.1023674
0.2710000 32.0024185
0.2720000 33.3101196
0.2730000 -0.3282377
0.2740000 -62.2221031
0.2750000 6.8415561
0.2760000 34.5208244
0.2770000 16.2854195
0.2780000 -67.2007446
0.2790000 29.6861134
0.2800000 13.2418051
0.2810000 6.4854693
0.2820000 14.1579809
0.2830000 -10.8135996
0.2840000 -10.7392988
0.2850000 13.2708807
0.2860000 42.9976196
0.2870000 1.7163186
0.2880000 52.6507416
0.2890000 20.7092953
0.2900000 -21.6769943
0.2910000 -60.3523560
0.2920000 -46.1930656
0.2930000 22.8925934
0.2940000 -37.9062767
0.2950000 -8.9065218
0.2960000 -15.6269331
0.2970000 60.1624451
0.2980000 0.9923866
0.2990000 2.1982098
0.3000000 -83.3942566
0.3010000 -50.1867714
0.3020000 24.9674435
0.3030000 -57.9285049
0.3040000 16.7836952
0.3050000 -12.8604889
0.3060000 -12.7980051
0.3070000 -66.1323853
0.3080000 -14.9346600
0.3090000 59.3600159
0.3100000 -3.6570456
0.3110000 -11.7298632
0.3120000 58.7876892
0.3130000 14.8874445
0.3140000 43.7066116
0.3150000 -8.8379936
0.3160000 -90.7213364
0.3170000 -5.1762786
0.3180000 55.7712898
0.3190000 -26.5461941
0.3200000 -20.6326027
0.3210000 -26.6604843
0.3220000 -18.9465141
0.3230000 -35.2193222
0.3240000 2.2134519
0.3250000 47.9078293
0.3260000 -53.3976173
0.3270000 -50.1418419
0.3280000 15.4489813
0.3290000 23.9163761
0.3300000 59.6761322
0.3310000 55.8365326
0.3320000 -37.6064072
0.3330000 30.8220692
0.3340000 0.3940628
0.3350000 1.8557214
0.3360000 24.0659103
0.3370000 82.7746124
0.3380000 24.7796040
0.3390000 -41.5556717
0.3400000 9.6643810
0.3410000 -53.7658615
0.3420000 18.4190502
0.3430000 -13.2153444
0.3440000 41.5521393
0.3450000 -17.1724186
0.3460000 -35.1031036
0.3470000 -47.2763786
0.3480000 -2.1549184
0.3490000 -45.5290833
0.3500000 -29.6368637
0.3510000 -4.6930318
0.3520000 72.2246628
0.3530000 65.8534775
0.3540000 7.0060329
0.3550000 6.6118422
0.3560000 -26.9209499
0.3570000 -12.4142504
0.3580000 2.5726483
0.3590000 -7.0366116
0.3600000 25.2353344
0.3610000 -8.5462360
0.3620000 28.8270454
0.3630000 42.5419846
0.3640000 -13.9404221
0.3650000 5.8943062
0.3660000 30.9065723
0.3670000 -5.7944264
0.3680000 30.4112339
0.3690000 -9.9143085
0.3700000 -54.4245453
0.3710000 -27.3906288
0.3720000 -18.2193222
0.3730000 -21.6916599
0.3740000 21.3700695
0.3750000 -18.5716381
0.3760000 -29.2759323
0.3770000 -12.7309465
0.3780000 -5.1898456
0.3790000 -14.2520971
0.3800000 43.0292435
0.3810000 31.3214531
0.3820000 12.2495270
0.3830000 -26.6205807
0.3840000 -20.7557163
0.3850000 3.0151439
0.3860000 -25.6585274
0.3870000 24.2130680
0.3880000 -51.9406433
0.3890000 1.8941709
0.3900000 7.0493593
0.3910000 -37.3196640
0.3920000 11.1329308
0.3930000 3.3589702
0.3940000 -3.0812762
0.3950000 23.0592690
0.3960000 0.5477576
0.3970000 41.0005760
0.3980000 -18.3876953
0.3990000 41.4067192
0.4000000 -10.5265121
0.4010000 -47.7282524
0.4020000 -20.1096020
0.4030000 35.9641609
0.4040000 -14.3592339
0.4050000 33.8425789
0.4060000 12.6553793
0.4070000 -61.2668571
0.4080000 -22.5994339
0.4090000 1.5166266
0.4100000 1.5868871
0.4110000 -25.5860462
0.4120000 -17.5961876
0.4130000 -3.2363026
0.4140000 -1.4467744
0.4150000 -70.1232834
0.4160000 75.5958633
0.4170000 4.4034152
0.4180000 -45.7544327
0.4190000 -11.6371775
0.4200000 -22.0836697
0.4210000 28.9681396
0.4220000 22.9501228
0.4230000 -22.5945587
0.4240000 24.0227890
0.4250000 -5.6284127
0.4260000 -15.7660780
0.4270000 61.0942230
0.4280000 -10.9920616
0.4290000 6.9777889
0.4300000 -60.6233635
0.4310000 9.6158791
0.4320000 31.2054558
0.4330000 -8.4110432
0.4340000 43.2767525
0.4350000 19.2161198
0.4360000 10.7301865
0.4370000 -5.7705340
0.4380000 -66.0640335
0.4390000 -4.2513185
0.4400000 -22.3189831
0.4410000 -74.8156204
0.4420000 -3.5475724
0.4430000 -17.4186859
0.4440000 -83.9531860
0.4450000 25.0327263
0.4460000 51.0841370
0.4470000 50.0889664
0.4480000 16.3221931
0.4490000 -59.2027931
0.4500000 -14.3084249
0.4510000 -13.6121855
0.4520000 -5.8024011
0.4530000 -37.2831039
0.4540000 -1.7685032
0.4550000 -37.9648056
0.4560000 32.1166115
0.4570000 25.8116951
0.4580000 26.4397697
0.4590000 70.6470871
0.4600000 -37.5258102
0.4610000 -18.5343742
0.4620000 -12.6645136
0.4630000 -7.3441215
0.4640000 -7.2854881
0.4650000 -11.3178244
0.4660000 -39.7842789
0.4670000 -15.2241564
0.4680000 4.2277522
0.4690000 92.3035355
0.4700000 45.8593445
0.4710000 46.7352257
0.4720000 -17.3997746
0.4730000 45.8300629
0.4740000 68.4309082
0.4750000 -15.4207382
0.4760000 -22.8999062
0.4770000 -15.6362505
0.4780000 -97.4443359
0.4790000 11.6647377
0.4800000 50.3196030
0.4810000 7.7169566
0.4820000 -60.5681419
0.4830000 106.2079773
0.4840000 36.9716797
0.4850000 0.4412061
0.4860000 86.4306412
0.4870000 44.1810837
0.4880000 -48.9223900
0.4890000 26.4401970
0.4900000 9.8252211
0.4910000 34.9119568
0.4920000 -51.5799141
0.4930000 -36.6520844
0.4940000 7.4746857
0.4950000 -11.2585640
0.4960000 13.5486765
0.4970000 63.3351860
0.4980000 41.0397301
0.4990000 -17.4975166
0.5000000 5.1355715
0.5010000 0.0952715
0.5020000 -9.1877346
0.5030000 -26.5615616
0.5040000 49.6214447
0.5050000 -20.9750690
0.5060000 -38.4982224
0.5070000 -39.8617477
0.5080000 6.9579535
0.5090000 -3.6860745
0.5100000 -0.8172215
0.5110000 -5.5214410
0.5120000 -29.3549480
0.5130000 36.8649940
0.5140000 -13.9402437
0.5150000 -3.3335984
0.5160000 -12.5516062
0.5170000 56.3082428
0.5180000 25.0324383
0.5190000 56.2301064
0.5200000 -54.3215866
0.5210000 15.9701929
0.5220000 3.5691094
0.5230000 -24.5777035
0.5240000 9.0886660
0.5250000 72.0792236
0.5260000 4.9342375
0.5270000 90.9070435
0.5280000 36.2983818
0.5290000 29.2864304
0.5300000 12.2483406
0.5310000 -70.4460449
0.5320000 28.4090748
0.5330000 -44.6934891
0.5340000 -4.9597449
0.5350000 41.1891937
0.5360000 9.7408791
0.5370000 1.3892798
0.5380000 -34.1837044
0.5390000 14.6095762
0.5400000 9.1995449
0.5410000 -7.0219603
0.5420000 -42.7568436
0.5430000 -10.2076492
0.5440000 -38.1647949
0.5450000 25.6402206
0.5460000 28.1348495
0.5470000 45.5431900
0.5480000 16.5508137
0.5490000 -77.8750458
0.5500000 36.4649734
0.5510000 15.5189495
0.5520000 -33.8289909
0.5530000 -13.1093102
0.5540000 -0.1478326
0.5550000 22.0592690
0.5560000 -14.4349346
0.5570000 -25.1930389
0.5580000 -31.4973545
0.5590000 10.0059805
0.5600000 0.1520888
0.5610000 0.3510089
0.5620000 -11.5243673
0.5630000 34.6867027
0.5640000 -14.7346735
0.5650000 -57.0345192
0.5660000 -9.8676748
0.5670000 -87.2187195
0.5680000 3.8637807
0.5690000 3.7964430
0.5700000 -61.3250618
0.5710000 -1.0121706
0.5720000 -18.2118282
0.5730000 75.5767822
0.5740000 -69.6464462
0.5750000 25.3773575
0.5760000 24.7592640
0.5770000 33.4256248
0.5780000 -71.8080673
0.5790000 62.8562698
0.5800000 -38.9045982
0.5810000 -39.2026176
0.5820000 0.2274478
0.5830000 -19.5520153
0.5840000 4.0124478
0.5850000 40.5541687
0.5860000 83.5165329
0.5870000 -15.7811480
0.5880000 -44.2986870
0.5890000 12.0193520
0.5900000 18.5121212
0.5910000 4.3299165
0.5920000 14.3168297
0.5930000 -63.9665108
0.5940000 -13.8778543
0.5950000 -3.0250115
0.5960000 12.8288231
0.5970000 48.2001648
0.5980000 2.4256725
0.5990000 -38.2629509
0.6000000 10.9101019
0.6010000 -25.8503532
0.6020000 17.8119469
0.6030000 -42.0802841
0.6040000 53.1144829
0.6050000 -36.1412964
0.6060000 -84.8064194
0.6070000 -11.9274254
0.6080000 61.7014427
0.6090000 1.4648669
0.6100000 -4.5550637
0.6110000 6.6069274
0.6120000 -13.0408478
0.6130000 11.2664566
0.6140000 10.3615398
0.6150000 -26.5817356
0.6160000 4.4874539
0.6170000 -17.4110394
0.6180000 42.8960800
0.6190000 33.7783699
0.6200000 -0.9768429
0.6210000 51.6730766
0.6220000 2.4065015
0.6230000 17.0935402
0.6240000 -23.0675468
0.6250000 25.3484440
0.6260000 7.1413746
0.6270000 13.3169727
0.6280000 5.6288300
0.6290000 -40.1000977
0.6300000 21.2560596
0.6310000 44.0681381
0.6320000 -19.0462990
0.6330000 49.3502274
0.6340000 10.2182150
0.6350000 33.9531174
0.6360000 49.6812668
0.6370000 1.3179443
0.6380000 52.9090347
0.6390000 -4.1824393
0.6400000 -26.9141426
0.6410000 4.1010466
0.6420000 57.8435402
0.6430000 4.0973101
0.6440000 -25.0012169
0.6450000 -66.0589676
0.6460000 -6.8330498
0.6470000 20.7842045
0.6480000 -34.0743904
0.6490000 -2.8906085
0.6500000 30.3742504
0.6510000 -34.4408073
0.6520000 10.4443769
0.6530000 17.2725811
0.6540000 72.1356201
0.6550000 19.6012955
0.6560000 23.2048168
0.6570000 -15.0855608
0.6580000 43.8319740
0.6590000 21.7319202
0.6600000 24.9564018
0.6610000 19.1773815
0.6620000 -61.8417358
0.6630000 -18.4233150
0.6640000 -73.3248520
0.6650000 5.5568914
0.6660000 18.1552124
0.6670000 51.8475647
0.6680000 1.2246963
0.6690000 -17.9115105
0.6700000 46.2263641
0.6710000 32.8950539
0.6720000 28.2879353
0.6730000 -20.3383007
0.6740000 5.1894231
0.6750000 32.2992630
0.6760000 -6.7046189
0.6770000 -34.9068184
0.6780000 -1.8380878
0.6790000 10.9038353
0.6800000 8.3574162
0.6810000 20.3549194
0.6820000 37.0577812
0.6830000 43.5891533
0.6840000 -7.7243471
0.6850000 1.5565449
0.6860000 38.9471817
0.6870000 -20.6105938
0.6880000 5.6265426
0.6890000 -7.0551653
0.6900000 -54.4360542
0.6910000 -37.8910561
0.6920000 7.1180124
0.6930000 -44.0770340
0.6940000 5.7814474
0.6950000 -24.5874195
0.6960000 33.6961060
0.6970000 14.3108969
0.6980000 -15.0424061
0.6990000 32.5996857
0.7000000 68.4816818
0.7010000 48.3304825
0.7020000 -51.1061554
0.7030000 16.4412479
0.7040000 -2.9871392
0.7050000 -2.6818280
0.7060000 -30.6694355
0.7070000 -33.4612846
0.7080000 -6.3098559
0.7090000 2.2681160
0.7100000 8.6658440
0.7110000 -44.1751709
0.7120000 -20.4666901
0.7130000 5.5222130
0.7140000 -1.5557313
0.7150000 34.7456284
0.7160000 -9.8529882
0.7170000 43.7092705
0.7180000 4.1079936
0.7190000 -4.7455478
0.7200000 -4.6539378
0.7210000 28.9525108
0.7220000 38.4357262
0.7230000 -62.5143242
0.7240000 -11.5193348
0.7250000 -80.3130112
0.7260000 55.4840775
0.7270000 -105.3448792
0.7280000 14.8710546
0.7290000 -16.5255089
0.7300000 32.1408043
0.7310000 64.0942078
0.7320000 -11.2325811
0.7330000 -6.7722707
0.7340000 -8.1841049
0.7350000 -4.2301917
0.7360000 -16.3744965
0.7370000 -6.4540267
0.7380000 62.5081825
0.7390000 40.2497406
0.7400000 32.1002541
0.7410000 -33.0506744
0.7420000 43.9018135
0.7430000 -4.4236178
0.7440000 10.9128265
0.7450000 -40.1297989
0.7460000 -2.6466577
0.7470000 34.0932350
0.7480000 10.7436581
0.7490000 -22.2223663
0.7500000 15.9509916
0.7510000 24.3019352
0.7520000 -36.9804001
0.7530000 4.1698022
0.7540000 18.4239120
0.7550000 10.6510334
0.7560000 -32.7885017
0.7570000 44.2146950
0.7580000 -41.7433472
0.7590000 22.2139149
0.7600000 22.9592838
0.7610000 23.2547913
0.7620000 15.8290386
0.7630000 14.2173872
0.7640000 -21.3720455
0.7650000 -21.5232887
0.7660000 9.1496220
0.7670000 13.4969425
0.7680000 -30.5795002
0.7690000 28.3340664
0.7700000 -14.0435877
0.7710000 3.4658720
0.7720000 52.1695328
0.7730000 -0.4731999
0.7740000 -27.4646683
0.7750000 15.7807884
0.7760000 -5.4049616
0.7770000 -17.5884705
0.7780000 -22.3407269
0.7790000 19.2980328
0.7800000 -14.5143776
0.7810000 -5.3385081
0.7820000 -16.9914036
0.7830000 26.7812824
0.7840000 -26.8456573
0.7850000 15.7909412
0.7860000 -6.2246547
0.7870000 2.9610834
0.7880000 8.4175835
0.7890000 -32.8533325
0.7900000 -18.3261127
0.7910000 -14.3432245
0.7920000 -12.1571674
0.7930000 -1.9233134
0.7940000 -41.6426544
0.7950000 0.8482241
0.7960000 -41.7518883
0.7970000 11.5765553
0.7980000 -11.5952759
0.7990000 1.2568927
0.8000000 8.7929287
0.8010000 73.9343491
0.8020000 -0.8053465
0.8030000 -2.5897322
0.8040000 -14.7834358
0.8050000 23.6717491
0.8060000 -18.7999229
0.8070000 -3.0303416
0.8080000 -17.0176392
0.8090000 -9.0491905
0.8100000 63.7130547
0.8110000 12.4769554
0.8120000 -4.5918651
0.8130000 47.8376198
0.8140000 -11.4080601
0.8150000 -7.6766324
0.8160000 48.4865952
0.8170000 43.8924828
0.8180000 17.8260498
0.8190000 42.0608635
0.8200000 -71.0168076
0.8210000 55.9264679
0.8220000 25.4058132
0.8230000 46.8015518
0.8240000 5.7859297
0.8250000 40.7853584
0.8260000 -37.7528954
0.8270000 -17.7065315
0.8280000 10.4274282
0.8290000 36.7654457
0.8300000 -73.5665131
0.8310000 7.9646339
0.8320000 4.1985035
0.8330000 -36.4472466
0.8340000 1.1860135
0.8350000 -38.2021332
0.8360000 39.8966827
0.8370000 52.3399391
0.8380000 8.5131083
0.8390000 1.8868784
0.8400000 26.0284653
0.8410000 8.0341854
0.8420000 -11.4949923
0.8430000 -43.6812782
0.8440000 -40.4085541
0.8450000 -54.1357002
0.8460000 -61.6885452
0.8470000 48.2440681
0.8480000 6.9522285
0.8490000 25.8149490
0.8500000 28.7326126
0.8510000 -4.9882612
0.8520000 102.9285049
0.8530000 35.9174423
0.8540000 34.7002487
0.8550000 39.2621231
0.8560000 -74.0101089
0.8570000 9.1397457
0.8580000 -15.7903299
0.8590000 -11.0282831
0.8600000 18.3641701
0.8610000 44.7720070
0.8620000 7.5822873
0.8630000 -48.8033752
0.8640000 14.8753586
0.8650000 26.0377426
0.8660000 -10.9659128
0.8670000 59.6239204
0.8680000 6.1472287
0.8690000 -11.3051510
0.8700000 4.8359761
0.8710000 -28.1877079
0.8720000 13.5302382
0.8730000 30.3387146
0.8740000 4.5391507
0.8750000 -27.6492901
0.8760000 -57.5288887
0.8770000 32.9136734
0.8780000 33.5695915
0.8790000 99.5534058
0.8800000 18.1653061
0.8810000 58.7199974
0.8820000 3.9564602
0.8830000 -0.2746286
0.8840000 94.9581604
0.8850000 -12.2386484
0.8860000 -0.2038619
0.8870000 -72.5024719
0.8880000 -11.0249453
0.8890000 85.3403625
0.8900000 -98.7914810
0.8910000 114.4060364
0.8920000 13.1655827
0.8930000 40.0057335
0.8940000 -23.5627060
0.8950000 -42.3560066
0.8960000 50.6742287
0.8970000 14.1414652
0.8980000 -32.7276039
0.8990000 31.5077038
0.9000000 47.9381523
0.9010000 2.7201858
0.9020000 -26.5845013
0.9030000 43.9379349
0.9040000 -92.6861954
0.9050000 -1.1418254
0.9060000 4.8892555
0.9070000 17.8969574
0.9080000 -86.1466217
0.9090000 -38.6371384
0.9100000 44.1000137
0.9110000 -45.0943069
0.9120000 -32.7436485
0.9130000 -19.8959274
0.9140000 11.5519171
0.9150000 5.4320378
0.9160000 19.0030956
0.9170000 -46.1633148
0.9180000 0.6803622
0.9190000 48.8847084
0.9200000 7.6899748
0.9210000 62.1528473
0.9220000 -5.4816127
0.9230000 13.3231859
0.9240000 28.3507748
0.9250000 14.1254854
0.9260000 25.4652653
0.9270000 23.5230465
0.9280000 -56.8632469
0.9290000 15.5309668
0.9300000 -4.3563480
0.9310000 -8.4593353
0.9320000 -29.8615952
0.9330000 38.9280701
0.9340000 60.5761719
0.9350000 13.0251560
0.9360000 25.0698833
0.9370000 -1.2533942
0.9380000 -18.7516613
0.9390000 -33.7257843
0.9400000 -15.7239628
0.9410000 5.6689854
0.9420000 30.8823700
0.9430000 -37.5434151
0.9440000 -11.8694706
0.9450000 -14.1047802
0.9460000 -26.0380554
0.9470000 31.2194691
0.9480000 16.9749050
0.9490000 72.1993179
0.9500000 11.2410927
0.9510000 5.1798778
0.9520000 44.7639999
0.9530000 -23.0343056
0.9540000 62.7101288
0.9550000 28.9234619
0.9560000 -97.6171570
0.9570000 -10.6180058
0.9580000 44.0518990
0.9590000 23.2332306
0.9600000 6.7969027
0.9610000 18.0056591
0.9620000 -8.2736092
0.9630000 -11.6666708
0.9640000 -28.9000473
0.9650000 62.9930992
0.9660000 20.4553719
0.9670000 87.1370697
0.9680000 -4.9368920
0.9690000 23.0891991
0.9700000 32.3661919
0.9710000 13.2726593
0.9720000 -26.9952774
0.9730000 50.8191757
0.9740000 -28.7736034
0.9750000 -40.8645859
0.9760000 35.8674889
0.9770000 -46.8348007
0.9780000 30.0051956
0.9790000 -30.3303299
0.9800000 26.6383400
0.9810000 -40.9768944
0.9820000 31.0974026
0.9830000 -56.4931870
0.9840000 19.7256641
0.9850000 -35.0774040
0.9860000 -46.9450760
0.9870000 -47.5088005
0.9880000 -17.7249622
0.9890000 35.4429474
0.9900000 -48.3493881
0.9910000 -70.3515320
0.9920000 -37.1977959
0.9930000 15.4795113
0.9940000 -17.2867794
0.9950000 -23.1444244
0.9960000 -70.8791962
0.9970000 21.0842037
0.9980000 -42.6568451
0.9990000 -37.1149979
