0.0000000 6.3989530
0.0010000 -24.2334499
0.0020000 -9.6944933
0.0030000 41.4748001
0.0040000 -5.9690480
0.0050000 -30.2734699
0.0060000 7.9972949
0.0070000 4.9827456
0.0080000 -4.9755502
0.0090000 36.5433960
0.0100000 -33.9801407
0.0110000 74.6508026
0.0120000 2.2884645
0.0130000 46.7378540
0.0140000 22.0794506
0.0150000 41.4423904
0.0160000 -13.5474472
0.0170000 26.6869946
0.0180000 -40.6834221
0.0190000 -53.7715759
0.0200000 42.5554276
0.0210000 63.2911911
0.0220000 -101.4463730
0.0230000 -14.6910439
0.0240000 18.0135345
0.0250000 72.6757965
0.0260000 -8.8945560
0.0270000 -24.0355358
0.0280000 10.4731855
0.0290000 -4.2943082
0.0300000 5.5630221
0.0310000 6.5326285
0.0320000 -85.9661102
0.0330000 16.5651913
0.0340000 -34.5277405
0.0350000 -24.1173553
0.0360000 43.8192787
0.0370000 36.8555565
0.0380000 -45.1394272
0.0390000 -54.0566025
0.0400000 -45.2372551
0.0410000 -32.4062767
0.0420000 -30.3964024
0.0430000 30.2524223
0.0440000 -3.6380200
0.0450000 -5.8341880
0.0460000 -34.6861725
0.0470000 14.7506676
0.0480000 4.8603053
0.0490000 17.1799259
0.0500000 -9.2281389
0.0510000 -1.6279181
0.0520000 15.5257254
0.0530000 67.3880463
0.0540000 12.1817408
0.0550000 75.6938095
0.0560000 -6.9131479
0.0570000 -41.9466820
0.0580000 -43.2754898
0.0590000 50.2073898
0.0600000 -21.4702950
0.0610000 -30.9909477
0.0620000 2.8546791
0.0630000 -11.2047520
0.0640000 -22.3482113
0.0650000 -64.6910706
0.0660000 -36.0648346
0.0670000 -31.6033363
0.0680000 -15.0402098
0.0690000 25.8733044
0.0700000 -29.3967152
0.0710000 -13.0168190
0.0720000 45.4000969
0.0730000 2.5566247
0.0740000 -24.6658764
0.0750000 24.5747509
0.0760000 7.4920273
0.0770000 -6.3606129
0.0780000 -13.0877657
0.0790000 -2.8617656
0.0800000 -6.1443110
0.0810000 -20.9273682
0.0820000 1.0493228
0.0830000 -38.1841049
0.0840000 50.6853142
0.0850000 24.6377201
0.0860000 -18.4159412
0.0870000 46.4540749
0.0880000 -52.1008415
0.0890000 64.4979019
0.0900000 -22.0118504
0.0910000 43.9316788
0.0920000 53.3549156
0.0930000 -14.2348728
0.0940000 56.7672806
0.0950000 33.0268860
0.0960000 -24.2857533
0.0970000 -0.1427550
0.0980000 -33.5713844
0.0990000 29.0434818
0.1000000 -32.5912094
0.1010000 7.5079565
0.1020000 -2.4937294
0.1030000 6.5847058
0.1040000 31.4682465
0.1050000 -26.4384155
0.1060000 -4.2121634
0.1070000 9.2667608
0.1080000 -7.5788455
0.1090000 -6.6735330
0.1100000 -11.6217480
0.1110000 67.2933273
0.1120000 0.4296695
0.1130000 -38.2078171
0.1140000 16.9822655
0.1150000 22.7686939
0.1160000 8.8985920
0.1170000 -32.7737923
0.1180000 -6.1102962
0.1190000 12.3541937
0.1200000 17.4618893
0.1210000 80.7742920
0.1220000 -13.4903135
0.1230000 72.7523499
0.1240000 55.5055542
0.1250000 -10.7122011
0.1260000 32.0235252
0.1270000 -24.6868553
0.1280000 -30.9696503
0.1290000 -4.3671355
0.1300000 -20.4221554
0.1310000 65.0155792
0.1320000 -12.5184746
0.1330000 20.9220467
0.1340000 -17.9421539
0.1350000 19.6950779
0.1360000 -3.0219293
0.1370000 -19.2111740
0.1380000 -53.5780640
0.1390000 0.7520784
0.1400000 34.2465477
0.1410000 -50.8414764
0.1420000 -22.4435787
0.1430000 -20.7925129
0.1440000 8.6086464
0.1450000 16.4377708
0.1460000 25.2270432
0.1470000 13.1703339
0.1480000 -17.8389397
0.1490000 -11.4499350
0.1500000 -40.7178230
0.1510000 -1.1237288
0.1520000 -27.7465954
0.1530000 -51.5249557
0.1540000 -7.4750476
0.1550000 -12.0895824
0.1560000 35.3324928
0.1570000 49.3922844
0.1580000 -49.3627281
0.1590000 -14.0163994
0.1600000 1.3226639
0.1610000 32.0491943
0.1620000 34.1751137
0.1630000 -12.6870728
0.1640000 -44.2328415
0.1650000 -9.8624039
0.1660000 8.6932535
0.1670000 -26.1666203
0.1680000 21.8794308
0.1690000 33.9019547
0.1700000 12.7638521
0.1710000 58.0309181
0.1720000 5.3681798
0.1730000 -19.8218384
0.1740000 -28.4539871
0.1750000 -19.7173977
0.1760000 -22.5677357
0.1770000 -9.1491318
0.1780000 -47.6502266
0.1790000 -27.3559818
0.1800000 -14.8868847
0.1810000 -14.7896566
0.1820000 4.5367565
0.1830000 14.6753483
0.1840000 23.0164795
0.1850000 10.2999048
0.1860000 10.6638784
0.1870000 -68.6909256
0.1880000 0.0841633
0.1890000 -58.6296196
0.1900000 67.5100327
0.1910000 5.7263546
0.1920000 -79.1827240
0.1930000 -0.4771993
0.1940000 25.6982727
0.1950000 34.1280594
0.1960000 -22.0792122
0.1970000 -31.2668915
0.1980000 13.8889513
0.1990000 -39.4403877
0.2000000 -2.6626568
0.2010000 37.9594307
0.2020000 -4.1257629
0.2030000 42.9775658
0.2040000 34.3141441
0.2050000 -31.4862156
0.2060000 14.7947102
0.2070000 -6.2396722
0.2080000 -44.4453926
0.2090000 -10.7162285
0.2100000 25.5823994
0.2110000 5.7712302
0.2120000 1.1888866
0.2130000 29.3250141
0.2140000 35.9540176
0.2150000 48.4175797
0.2160000 66.4906158
0.2170000 -27.7530212
0.2180000 -2.7565961
0.2190000 -32.5972672
0.2200000 27.3494606
0.2210000 -62.5335922
0.2220000 -6.4532642
0.2230000 31.4877281
0.2240000 -1.1843990
0.2250000 22.9897327
0.2260000 -13.2103529
0.2270000 87.3388367
0.2280000 55.8192711
0.2290000 -15.5958233
0.2300000 -4.7551913
0.2310000 -33.2936211
0.2320000 19.8403549
0.2330000 67.5568695
0.2340000 -36.6798172
0.2350000 -25.2850475
0.2360000 -26.6785774
0.2370000 -7.7995329
0.2380000 6.6267581
0.2390000 6.0570836
0.2400000 6.4631824
0.2410000 4.0738540
0.2420000 28.3598099
0.2430000 -16.2612419
0.2440000 22.9247456
0.2450000 19.8087177
0.2460000 -40.6195488
0.2470000 33.3047752
0.2480000 61.2673035
0.2490000 15.5003805
0.2500000 -17.5180473
0.2510000 18.0823956
0.2520000 13.0325270
0.2530000 56.4074516
0.2540000 -0.0922345
0.2550000 -74.2673798
0.2560000 44.5046272
0.2570000 -14.2851725
0.2580000 -20.8996582
0.2590000 -50.1101608
0.2600000 -1.3784330
0.2610000 -52.4622459
0.2620000 -6.5214128
0.2630000 -53.0212555
0.2640000 -27.4044914
0.2650000 -11.7594271
0.2660000 -10.3391066
0.2670000 -6.6124902
0.2680000 -29.3352146
0.2690000 39.5259552
0.2700000 -1.7031277
0.2710000 -6.5431480
0.2720000 -28.1666126
0.2730000 -18.2556057
0.2740000 25.2305946
0.2750000 -57.9948273
0.2760000 1.5303274
0.2770000 34.1772194
0.2780000 -6.8891606
0.2790000 13.4196615
0.2800000 -31.2866879
0.2810000 72.4065933
0.2820000 -18.9572353
0.2830000 -50.1433334
0.2840000 10.0853882
0.2850000 45.1521263
0.2860000 -29.5484753
0.2870000 2.8242571
0.2880000 32.9295845
0.2890000 29.3960800
0.2900000 -26.5974865
0.2910000 -44.9712219
0.2920000 5.3122377
0.2930000 0.9534026
0.2940000 -23.8935833
0.2950000 57.0287437
0.2960000 7.0306826
0.2970000 -24.0493622
0.2980000 30.7307777
0.2990000 52.5921783
0.3000000 6.1845412
0.3010000 35.3455658
0.3020000 -38.1163597
0.3030000 33.9139633
0.3040000 5.6303191
0.3050000 -26.6371765
0.3060000 -45.4070892
0.3070000 51.3391495
0.3080000 42.1303177
0.3090000 -20.6334896
0.3100000 -14.7138500
0.3110000 -1.9653754
0.3120000 3.6960053
0.3130000 -76.6926346
0.3140000 -0.9200619
0.3150000 -19.0944901
0.3160000 -27.5269184
0.3170000 -7.1143289
0.3180000 27.6854343
0.3190000 -58.7513695
0.3200000 -7.9090648
0.3210000 -55.4886971
0.3220000 39.1273193
0.3230000 -25.2520695
0.3240000 24.0325012
0.3250000 -2.9063880
0.3260000 39.2747650
0.3270000 -54.7024689
0.3280000 -37.7526855
0.3290000 70.6835251
0.3300000 7.9989495
0.3310000 -9.4647799
0.3320000 -26.1418438
0.3330000 -24.2749329
0.3340000 19.3480244
0.3350000 -7.8262501
0.3360000 32.8457260
0.3370000 -32.6203842
0.3380000 47.2057648
0.3390000 26.6710014
0.3400000 47.4613380
0.3410000 -93.0741730
0.3420000 45.4892654
0.3430000 -35.5863304
0.3440000 -42.1683273
0.3450000 -14.9762440
0.3460000 21.5750237
0.3470000 -4.1251478
0.3480000 57.3048210
0.3490000 -36.2711411
0.3500000 25.8237896
0.3510000 14.8634405
0.3520000 -65.6473236
0.3530000 -28.7220364
0.3540000 30.9181442
0.3550000 12.9497623
0.3560000 16.6302795
0.3570000 -22.2366638
0.3580000 -42.7922859
0.3590000 60.7292709
0.3600000 -46.0098915
0.3610000 42.8840446
0.3620000 -54.3684044
0.3630000 20.1594410
0.3640000 -64.7750168
0.3650000 24.6261330
0.3660000 -30.4689522
0.3670000 77.2250900
0.3680000 10.6715670
0.3690000 -21.8516026
0.3700000 -25.8728905
0.3710000 23.8104744
0.3720000 -31.7149811
0.3730000 -23.9761963
0.3740000 5.4850950
0.3750000 18.0549049
0.3760000 -6.4685817
0.3770000 -38.7920647
0.3780000 -82.5223694
0.3790000 -14.5151615
0.3800000 -32.5974274
0.3810000 32.2003708
0.3820000 5.4649296
0.3830000 44.1834679
0.3840000 -3.8789203
0.3850000 11.0731325
0.3860000 21.7650757
0.3870000 -44.4243774
0.3880000 4.8799915
0.3890000 -46.8752823
0.3900000 -0.6371788
0.3910000 50.8111916
0.3920000 -42.8907623
0.3930000 16.5552197
0.3940000 -49.7593994
0.3950000 32.0810204
0.3960000 -21.0903397
0.3970000 -6.1453638
0.3980000 65.1471634
0.3990000 -26.7499294
0.4000000 51.4156647
0.4010000 6.8770852
0.4020000 -40.7926941
0.4030000 -81.3495636
0.4040000 -6.9769793
0.4050000 37.7386932
0.4060000 10.7447605
0.4070000 -31.5446625
0.4080000 -19.9051552
0.4090000 15.9083652
0.4100000 -33.0741653
0.4110000 -36.4273224
0.4120000 42.9637375
0.4130000 -0.9942883
0.4140000 35.6228523
0.4150000 18.4014225
0.4160000 66.4957352
0.4170000 -20.7690144
0.4180000 46.3236198
0.4190000 -39.8749466
0.4200000 -1.9642214
0.4210000 27.3726559
0.4220000 -64.3749466
0.4230000 -55.4127655
0.4240000 74.8469543
0.4250000 -57.6788330
0.4260000 -43.1672592
0.4270000 -1.6033458
0.4280000 -76.5202332
0.4290000 42.8387756
0.4300000 -21.1476593
0.4310000 -19.8089428
0.4320000 -18.3722897
0.4330000 12.8160305
0.4340000 10.2127857
0.4350000 -4.5481296
0.4360000 20.4563694
0.4370000 19.9422283
0.4380000 -9.1294603
0.4390000 42.1910934
0.4400000 4.5264778
0.4410000 21.4929485
0.4420000 9.4163170
0.4430000 13.0891466
0.4440000 -20.8752155
0.4450000 51.1212234
0.4460000 -5.2289915
0.4470000 -41.3122978
0.4480000 13.0994015
0.4490000 2.4138641
0.4500000 36.1350822
0.4510000 2.0694115
0.4520000 12.4733372
0.4530000 -13.1980505
0.4540000 -4.9290400
0.4550000 29.2869244
0.4560000 -4.8072944
0.4570000 -41.7624016
0.4580000 -4.7518854
0.4590000 87.3201065
0.4600000 50.2076492
0.4610000 3.8522992
0.4620000 33.6116905
0.4630000 -0.2048241
0.4640000 -5.0820265
0.4650000 57.5088501
0.4660000 16.8047905
0.4670000 6.3729410
0.4680000 -21.8199387
0.4690000 -0.8058896
0.4700000 35.3283195
0.4710000 44.0713272
0.4720000 -1.8363909
0.4730000 64.9516068
0.4740000 -8.2338724
0.4750000 4.5722170
0.4760000 -33.1954002
0.4770000 -1.1874753
0.4780000 -1.4500906
0.4790000 38.3257713
0.4800000 -59.4812317
0.4810000 -30.8676834
0.4820000 28.3952332
0.4830000 -10.7192268
0.4840000 42.0309715
0.4850000 -46.3954010
0.4860000 -44.1133194
0.4870000 -35.1439133
0.4880000 -14.2640972
0.4890000 -17.2104836
0.4900000 27.2583542
0.4910000 28.1071911
0.4920000 -5.1169629
0.4930000 -6.8228602
0.4940000 35.3420753
0.4950000 15.4877853
0.4960000 18.0738392
0.4970000 31.5106792
0.4980000 20.9987164
0.4990000 -64.7283859
0.5000000 -20.4349346
0.5010000 -16.2389221
0.5020000 32.5697975
0.5030000 -47.5065346
0.5040000 53.3920860
0.5050000 -41.0014000
0.5060000 45.0853958
0.5070000 30.1985912
0.5080000 104.0616531
0.5090000 -72.9140701
0.5100000 57.2627754
0.5110000 19.4416599
0.5120000 -14.7413797
0.5130000 6.3335767
0.5140000 -31.6840382
0.5150000 -26.4183826
0.5160000 -23.3431396
0.5170000 36.5058136
0.5180000 25.9527855
0.5190000 2.2314227
0.5200000 -2.0280631
0.5210000 -45.1425934
0.5220000 -8.7644253
0.5230000 21.9816036
0.5240000 1.5610446
0.5250000 28.8543491
0.5260000 -29.3083649
0.5270000 104.4955444
0.5280000 2.4108832
0.5290000 -43.2511063
0.5300000 -4.4255161
0.5310000 43.9777870
0.5320000 32.3108597
0.5330000 -25.3510723
0.5340000 -5.2432561
0.5350000 -35.9255180
0.5360000 -8.4569530
0.5370000 -28.7288322
0.5380000 5.4747729
0.5390000 46.5111732
0.5400000 -5.2531037
0.5410000 -49.3977394
0.5420000 32.1645164
0.5430000 4.3012314
0.5440000 25.8585167
0.5450000 -41.8346901
0.5460000 -14.3312397
0.5470000 4.8312478
0.5480000 27.0124149
0.5490000 -49.0876579
0.5500000 38.5753059
0.5510000 16.7871933
0.5520000 -50.3585281
0.5530000 59.8396072
0.5540000 9.7382326
0.5550000 -54.4686661
0.5560000 -27.9890766
0.5570000 12.0280628
0.5580000 34.6930618
0.5590000 30.1297398
0.5600000 5.5045605
0.5610000 -11.5314903
0.5620000 -14.7296667
0.5630000 -15.3950157
0.5640000 -37.9153366
0.5650000 3.8908315
0.5660000 7.9470911
0.5670000 -24.6393871
0.5680000 10.8179808
0.5690000 -1.7536083
0.5700000 35.9317398
0.5710000 -31.4493999
0.5720000 29.0489883
0.5730000 -58.9195900
0.5740000 -10.1993399
0.5750000 6.1865830
0.5760000 -18.7614384
0.5770000 -8.1681461
0.5780000 -8.9103775
0.5790000 55.3925476
0.5800000 59.1584702
0.5810000 36.9990120
0.5820000 20.5106678
0.5830000 -26.1385918
0.5840000 -35.1684380
0.5850000 8.2215366
0.5860000 34.2137527
0.5870000 -57.1835327
0.5880000 11.3096161
0.5890000 0.2338560
0.5900000 -24.1506023
0.5910000 15.6530848
0.5920000 59.6149254
0.5930000 35.2025948
0.5940000 -2.1499348
0.5950000 22.1850376
0.5960000 -30.8919449
0.5970000 -14.3801050
0.5980000 3.6114511
0.5990000 -43.9209671
0.6000000 -0.8554851
0.6010000 16.5087261
0.6020000 -20.7193356
0.6030000 -12.2499294
0.6040000 -3.8072357
0.6050000 88.8568344
0.6060000 -54.0220413
0.6070000 -14.7537069
0.6080000 22.5238705
0.6090000 -56.8927803
0.6100000 -65.1780243
0.6110000 30.6634026
0.6120000 2.0053976
0.6130000 5.0222001
0.6140000 9.9553785
0.6150000 49.1869431
0.6160000 -51.2199707
0.6170000 -34.1901550
0.6180000 -46.1995735
0.6190000 7.7038207
0.6200000 26.5167675
0.6210000 11.2101660
0.6220000 30.1259460
0.6230000 -9.4786739
0.6240000 -29.3057289
0.6250000 18.5412521
0.6260000 -0.3676975
0.6270000 -38.6799431
0.6280000 -39.0434608
0.6290000 -25.1994591
0.6300000 36.3505096
0.6310000 19.9750519
0.6320000 -20.1488991
0.6330000 11.3642921
0.6340000 -33.0239220
0.6350000 -24.6829300
0.6360000 34.0800552
0.6370000 -22.7057858
0.6380000 -16.6835232
0.6390000 -0.8358119
0.6400000 70.9968414
0.6410000 -13.9637699
0.6420000 24.0424824
0.6430000 38.8180809
0.6440000 -11.7303085
0.6450000 59.8145599
0.6460000 -27.3295860
0.6470000 43.3360023
0.6480000 -18.7311745
0.6490000 -50.0040932
0.6500000 27.4818134
0.6510000 -25.1446972
0.6520000 -35.4772110
0.6530000 23.0900898
0.6540000 31.5033703
0.6550000 46.7757187
0.6560000 32.2816238
0.6570000 33.5865631
0.6580000 12.1119251
0.6590000 -41.8251343
0.6600000 11.9596920
0.6610000 -9.8210144
0.6620000 59.9862366
0.6630000 39.9469948
0.6640000 49.3367805
0.6650000 -15.4742107
0.6660000 -41.2731819
0.6670000 18.0486946
0.6680000 -3.4439464
0.6690000 -58.0281372
0.6700000 10.1307936
0.6710000 -45.7914162
0.6720000 2.9738350
0.6730000 -29.4244118
0.6740000 -11.7211590
0.6750000 -38.9743042
0.6760000 -4.2670746
0.6770000 -42.6392021
0.6780000 -63.7871246
0.6790000 -13.8502188
0.6800000 26.2300568
0.6810000 -29.1324520
0.6820000 7.7484288
0.6830000 -55.3586197
0.6840000 -30.5597305
0.6850000 -45.5479355
0.6860000 23.9161129
0.6870000 28.9783611
0.6880000 -20.4003048
0.6890000 15.5119572
0.6900000 13.9420414
0.6910000 -31.5608101
0.6920000 65.5252380
0.6930000 48.5917397
0.6940000 10.2034245
0.6950000 37.7613068
0.6960000 37.2520714
0.6970000 8.0718260
0.6980000 39.0558167
0.6990000 4.7528596
0.7000000 68.4695740
0.7010000 21.5845089
0.7020000 48.1124496
0.7030000 0.4549268
0.7040000 19.8161526
0.7050000 -35.0543365
0.7060000 8.8547707
0.7070000 4.3089252
0.7080000 -19.2667561
0.7090000 10.3404999
0.7100000 16.2184029
0.7110000 23.5368958
0.7120000 48.8303108
0.7130000 53.0128937
0.7140000 -4.8182683
0.7150000 -74.6218262
0.7160000 -60.1783676
0.7170000 6.9416957
0.7180000 -19.0834522
0.7190000 -68.3513489
0.7200000 2.8318193
0.7210000 82.3484192
0.7220000 13.4999418
0.7230000 18.0671463
0.7240000 -28.9672966
0.7250000 -0.0943973
0.7260000 -3.0141926
0.7270000 -15.2807388
0.7280000 -27.4335155
0.7290000 5.8150954
0.7300000 -29.1824894
0.7310000 -38.5976181
0.7320000 28.0236549
0.7330000 0.7555791
0.7340000 -2.9891052
0.7350000 51.1093407
0.7360000 -33.8527756
0.7370000 -17.9102459
0.7380000 31.0544071
0.7390000 -4.0986495
0.7400000 11.9579535
0.7410000 -14.4793530
0.7420000 10.6429377
0.7430000 58.4776878
0.7440000 47.9161301
0.7450000 -70.2923355
0.7460000 -4.2144113
0.7470000 29.1159058
0.7480000 -11.6967058
0.7490000 40.3654442
0.7500000 -23.1221218
0.7510000 -32.2645378
0.7520000 -34.2222977
0.7530000 -49.6273041
0.7540000 -17.0477810
0.7550000 25.1380634
0.7560000 19.5485764
0.7570000 -13.5139570
0.7580000 27.3440018
0.7590000 43.9976120
0.7600000 50.4992180
0.7610000 28.2974358
0.7620000 53.3264160
0.7630000 32.5046577
0.7640000 0.9880976
0.7650000 61.3627892
0.7660000 -9.5721931
0.7670000 9.9863329
0.7680000 21.7261639
0.7690000 29.4365520
0.7700000 4.2392831
0.7710000 3.7376411
0.7720000 21.5563450
0.7730000 -42.3319702
0.7740000 11.2694798
0.7750000 -44.2698364
0.7760000 20.6417007
0.7770000 39.2777596
0.7780000 15.5650988
0.7790000 17.4326019
0.7800000 21.5488224
0.7810000 45.9960213
0.7820000 -41.4298325
0.7830000 21.9101696
0.7840000 -42.2099648
0.7850000 -10.6481342
0.7860000 60.5285149
0.7870000 15.8041296
0.7880000 62.5668259
0.7890000 -48.7835770
0.7900000 -14.9328356
0.7910000 -1.3526610
0.7920000 -30.8791523
0.7930000 -24.4847565
0.7940000 23.5670853
0.7950000 19.2835312
0.7960000 12.2981453
0.7970000 -14.5960960
0.7980000 -30.7778358
0.7990000 16.9326744
0.8000000 -18.6920280
0.8010000 11.8469152
0.8020000 26.9774761
0.8030000 22.6375580
0.8040000 55.8612938
0.8050000 11.7937536
0.8060000 55.9068642
0.8070000 10.5198011
0.8080000 -12.5981970
0.8090000 5.1219249
0.8100000 -34.2092705
0.8110000 2.0034523
0.8120000 50.9422379
0.8130000 -20.7024174
0.8140000 26.9504204
0.8150000 71.9488525
0.8160000 45.1590996
0.8170000 55.4570541
0.8180000 -12.7947683
0.8190000 -24.2552319
0.8200000 -27.7898064
0.8210000 -32.8673592
0.8220000 29.2733078
0.8230000 -2.5883410
0.8240000 12.0151882
0.8250000 -43.1750412
0.8260000 -36.2209396
0.8270000 -22.4943256
0.8280000 4.6184435
0.8290000 -42.3334885
0.8300000 14.8763037
0.8310000 26.8857479
0.8320000 -0.9086453
0.8330000 -22.6948414
0.8340000 36.0905342
0.8350000 -19.7177181
0.8360000 -18.6823025
0.8370000 1.3438078
0.8380000 -23.5422688
0.8390000 -0.4295990
0.8400000 -13.3748446
0.8410000 -33.9616547
0.8420000 51.3397789
0.8430000 18.9892006
0.8440000 -27.2613373
0.8450000 28.4525261
0.8460000 -4.8603077
0.8470000 -48.2408752
0.8480000 -53.1546631
0.8490000 13.4362726
0.8500000 -63.9427834
0.8510000 9.8589706
0.8520000 10.3229427
0.8530000 16.0385380
0.8540000 54.0099525
0.8550000 -33.5093117
0.8560000 55.0734367
0.8570000 -24.3384686
0.8580000 -33.9220734
0.8590000 3.2363873
0.8600000 -47.7743835
0.8610000 18.3089790
0.8620000 23.2809372
0.8630000 55.6468048
0.8640000 23.1257095
0.8650000 -0.9311769
0.8660000 -15.9049339
0.8670000 13.5130386
0.8680000 75.8994980
0.8690000 -7.3322902
0.8700000 -33.6842766
0.8710000 1.8980314
0.8720000 -5.6848273
0.8730000 -72.1493988
0.8740000 14.7752419
0.8750000 -45.0256577
0.8760000 -50.5162430
0.8770000 4.0009961
0.8780000 -7.4776177
0.8790000 -15.9160299
0.8800000 -26.4694118
0.8810000 73.7336044
0.8820000 16.6793842
0.8830000 48.5643845
0.8840000 -36.3857002
0.8850000 83.8076096
0.8860000 -45.5451622
0.8870000 -58.7196274
0.8880000 48.9486885
0.8890000 15.5305576
0.8900000 -46.8398666
0.8910000 25.7531109
0.8920000 -1.4330530
0.8930000 10.3401403
0.8940000 -41.0278206
0.8950000 61.4295578
0.8960000 7.3163762
0.8970000 -52.5741959
0.8980000 -24.7814026
0.8990000 6.9496412
0.9000000 15.4201584
0.9010000 -55.1354370
0.9020000 11.1083364
0.9030000 -16.3696442
0.9040000 -2.3220227
0.9050000 -37.9521599
0.9060000 95.7638855
0.9070000 65.9577408
0.9080000 -15.3401957
0.9090000 15.8579283
0.9100000 -11.9021444
0.9110000 44.7531624
0.9120000 -6.1835103
0.9130000 41.9022598
0.9140000 -5.7527022
0.9150000 40.1260071
0.9160000 -76.1736145
0.9170000 -8.9289160
0.9180000 20.9668331
0.9190000 -34.6130295
0.9200000 23.4984875
0.9210000 -11.7507362
0.9220000 19.1341820
0.9230000 -18.8410606
0.9240000 48.8271904
0.9250000 -17.5154133
0.9260000 -35.5021935
0.9270000 26.9469986
0.9280000 -44.6628723
0.9290000 -20.2344646
0.9300000 44.4403725
0.9310000 0.4838620
0.9320000 77.0190125
0.9330000 -3.7043889
0.9340000 -6.5950174
0.9350000 -32.4155655
0.9360000 51.1551361
0.9370000 -13.8293543
0.9380000 31.2779236
0.9390000 51.5993309
0.9400000 17.8887196
0.9410000 -67.7873306
0.9420000 79.0165710
0.9430000 -28.4911556
0.9440000 22.6442184
0.9450000 -37.8451424
0.9460000 19.5943222
0.9470000 18.2293282
0.9480000 3.1211565
0.9490000 14.2946558
0.9500000 -7.9611506
0.9510000 -29.0306873
0.9520000 -30.8075485
0.9530000 -14.7173147
0.9540000 38.0273514
0.9550000 -10.4952078
0.9560000 27.3652744
0.9570000 -16.2117901
0.9580000 -5.7417035
0.9590000 -28.3938980
0.9600000 -51.3817444
0.9610000 -40.2024384
0.9620000 -5.8183270
0.9630000 0.8494120
0.9640000 -84.3938904
0.9650000 35.5940628
0.9660000 -30.1746273
0.9670000 -20.6408081
0.9680000 34.6875381
0.9690000 30.8498802
0.9700000 4.9419689
0.9710000 46.7251396
0.9720000 -38.6355820
0.9730000 -11.5776482
0.9740000 48.4538651
0.9750000 47.5846443
0.9760000 40.0316582
0.9770000 1.1905720
0.9780000 -4.5433402
0.9790000 -2.7190838
0.9800000 -9.4026814
0.9810000 31.6299706
0.9820000 1.1043814
0.9830000 -12.2316828
0.9840000 -6.3703771
0.9850000 -83.4602814
0.9860000 35.3537407
0.9870000 -17.0875854
0.9880000 8.7695122
0.9890000 -0.0066021
0.9900000 68.5123749
0.9910000 -51.6832809
0.9920000 6.6434793
0.9930000 7.0312924
0.9940000 11.4393921
0.9950000 5.0678411
0.9960000 -32.2991219
0.9970000 13.3456821
0.9980000 -66.2200089
0.9990000 -68.9727249
