0.0000000 -46.9110985
0.0010000 9.4827051
0.0020000 7.2437611
0.0030000 0.6761236
0.0040000 24.1931114
0.0050000 23.4621258
0.0060000 51.6885567
0.0070000 -36.3339958
0.0080000 60.1366463
0.0090000 -2.0357590
0.0100000 -5.9465523
0.0110000 -12.6197996
0.0120000 40.1766434
0.0130000 -23.2336235
0.0140000 -15.1623983
0.0150000 -6.8633943
0.0160000 -29.0126266
0.0170000 52.7027397
0.0180000 12.2064762
0.0190000 60.5903664
0.0200000 -24.3653908
0.0210000 -23.5493050
0.0220000 -27.5590343
0.0230000 -20.1534328
0.0240000 -45.0773582
0.0250000 -32.1924744
0.0260000 -9.4483442
0.0270000 -41.1260681
0.0280000 -9.7167721
0.0290000 -35.1818237
0.0300000 -11.5632706
0.0310000 36.1270866
0.0320000 52.2020988
0.0330000 -20.9183273
0.0340000 20.4482670
0.0350000 12.2084551
0.0360000 17.7972336
0.0370000 58.8361549
0.0380000 7.9800196
0.0390000 -19.1104221
0.0400000 25.9819469
0.0410000 1.3365945
0.0420000 35.2113724
0.0430000 -2.8370922
0.0440000 3.6120615
0.0450000 -38.9186821
0.0460000 -40.6299362
0.0470000 78.7213898
0.0480000 -38.5287704
0.0490000 -42.3360291
0.0500000 -20.4733372
0.0510000 45.2297592
0.0520000 5.7607217
0.0530000 -31.2124348
0.0540000 -48.0077934
0.0550000 41.9648781
0.0560000 -68.7587509
0.0570000 12.6277456
0.0580000 -45.9197197
0.0590000 13.2708330
0.0600000 -41.4176216
0.0610000 27.7269554
0.0620000 4.9008470
0.0630000 -30.1205959
0.0640000 18.8603172
0.0650000 19.6709881
0.0660000 -21.0202541
0.0670000 -35.9664841
0.0680000 -9.4941597
0.0690000 81.1193390
0.0700000 -3.6680152
0.0710000 5.9796329
0.0720000 -8.4650555
0.0730000 0.3288244
0.0740000 28.4883842
0.0750000 26.0840836
0.0760000 -6.8689842
0.0770000 -53.8976860
0.0780000 -98.1804428
0.0790000 -42.4943123
0.0800000 0.3163800
0.0810000 -51.7684746
0.0820000 27.0187969
0.0830000 -87.2817001
0.0840000 -63.9902496
0.0850000 29.3014812
0.0860000 7.5730042
0.0870000 19.0966358
0.0880000 10.5872402
0.0890000 2.7309089
0.0900000 3.1963677
0.0910000 -48.9446869
0.0920000 -50.9541245
0.0930000 19.3725948
0.0940000 12.7508183
0.0950000 53.8736420
0.0960000 -23.4748650
0.0970000 -48.4319763
0.0980000 -31.2366810
0.0990000 -2.2715869
0.1000000 -39.0331497
0.1010000 -41.5197067
0.1020000 -41.0328445
0.1030000 -47.4578743
0.1040000 7.9799900
0.1050000 32.4732437
0.1060000 26.8736725
0.1070000 27.5194473
0.1080000 50.3353119
0.1090000 -24.9778862
0.1100000 -27.9851379
0.1110000 -14.1390591
0.1120000 40.2279320
0.1130000 26.1288700
0.1140000 -7.6062713
0.1150000 37.8192711
0.1160000 -8.2863293
0.1170000 63.4975777
0.1180000 57.3266373
0.1190000 -35.7672005
0.1200000 1.8770555
0.1210000 45.3666916
0.1220000 -19.6630249
0.1230000 -26.6609707
0.1240000 14.0164719
0.1250000 -50.4224854
0.1260000 -52.8402824
0.1270000 -33.1654816
0.1280000 -8.3838215
0.1290000 -21.2178402
0.1300000 16.2052708
0.1310000 37.3285599
0.1320000 -41.7773743
0.1330000 -29.9823112
0.1340000 -61.8499451
0.1350000 19.0450230
0.1360000 -0.7676259
0.1370000 -28.6369972
0.1380000 14.4726877
0.1390000 -1.0024787
0.1400000 25.1429386
0.1410000 -25.8229313
0.1420000 -29.3817158
0.1430000 37.3215294
0.1440000 -15.9768505
0.1450000 -45.4749947
0.1460000 19.2032013
0.1470000 24.6123447
0.1480000 15.2941189
0.1490000 6.1472807
0.1500000 49.3525124
0.1510000 12.4997959
0.1520000 -61.3769264
0.1530000 18.4722977
0.1540000 20.0787888
0.1550000 -27.5479107
0.1560000 -43.6752205
0.1570000 62.2904129
0.1580000 7.1270494
0.1590000 41.2572327
0.1600000 -27.5377674
0.1610000 -4.6708727
0.1620000 36.9747772
0.1630000 2.4524393
0.1640000 32.5035477
0.1650000 22.7512093
0.1660000 53.2595215
0.1670000 17.6993141
0.1680000 47.6353722
0.1690000 -57.8139381
0.1700000 24.3922634
0.1710000 -4.2737699
0.1720000 -0.1705710
0.1730000 47.2880936
0.1740000 8.4718952
0.1750000 40.9456635
0.1760000 49.2590942
0.1770000 15.1677542
0.1780000 -20.3188972
0.1790000 -5.2704043
0.1800000 13.0955057
0.1810000 50.3569221
0.1820000 56.4766579
0.1830000 37.9413605
0.1840000 8.8610992
0.1850000 -12.7339716
0.1860000 -15.3592539
0.1870000 6.8130336
0.1880000 15.3140297
0.1890000 -2.8777516
0.1900000 -23.4446545
0.1910000 36.6494293
0.1920000 18.8414040
0.1930000 17.1874065
0.1940000 2.5835090
0.1950000 25.8620052
0.1960000 -27.2719498
0.1970000 -1.7364331
0.1980000 -20.6184731
0.1990000 13.0362759
0.2000000 26.0738354
0.2010000 -11.7027731
0.2020000 -91.9579010
0.2030000 -38.2809219
0.2040000 -37.5898781
0.2050000 -49.4293327
0.2060000 75.2680588
0.2070000 45.7168045
0.2080000 16.4396286
0.2090000 -29.5961342
0.2100000 -55.2285233
0.2110000 -5.4812732
0.2120000 -70.8350449
0.2130000 -71.6252823
0.2140000 -71.0076599
0.2150000 3.3449695
0.2160000 -36.3656921
0.2170000 -59.9324341
0.2180000 50.5391960
0.2190000 -4.7158799
0.2200000 -11.4032564
0.2210000 -52.9999352
0.2220000 -26.7266998
0.2230000 24.8533955
0.2240000 30.0758324
0.2250000 1.8520274
0.2260000 -27.5635529
0.2270000 -0.9872296
0.2280000 -44.3835526
0.2290000 -62.0844498
0.2300000 -33.4942169
0.2310000 44.9652252
0.2320000 10.6110802
0.2330000 8.3759623
0.2340000 32.8633766
0.2350000 56.0988503
0.2360000 -0.5004608
0.2370000 87.9779739
0.2380000 -24.3757839
0.2390000 -50.2152634
0.2400000 -35.3841248
0.2410000 11.9173698
0.2420000 -14.5015392
0.2430000 -48.6816940
0.2440000 -24.3019295
0.2450000 46.5578537
0.2460000 11.0220985
0.2470000 56.0815201
0.2480000 67.8501129
0.2490000 -19.4408894
0.2500000 24.5714207
0.2510000 -8.5804796
0.2520000 49.3237801
0.2530000 -50.2040024
0.2540000 20.9618893
0.2550000 8.4951258
0.2560000 -4.6606622
0.2570000 -12.6185369
0.2580000 24.7647572
0.2590000 42.2018814
0.2600000 -26.2542000
0.2610000 35.9302177
0.2620000 -45.2222328
0.2630000 15.8245440
0.2640000 43.9564247
0.2650000 -47.4418068
0.2660000 33.4717178
0.2670000 19.0466290
0.2680000 -19.1719608
0.2690000 -6.4516320
0.2700000 36.4830971
0.2710000 -38.8863716
0.2720000 62.0652351
0.2730000 30.6106205
0.2740000 -26.4706879
0.2750000 7.1752028
0.2760000 -29.9790249
0.2770000 -39.8405342
0.2780000 -44.4379616
0.2790000 -47.5034142
0.2800000 16.0348644
0.2810000 23.1321793
0.2820000 -16.2276440
0.2830000 16.9985447
0.2840000 -17.2369747
0.2850000 68.8320160
0.2860000 54.2172203
0.2870000 -65.2739410
0.2880000 -2.2847817
0.2890000 -5.2020702
0.2900000 -11.1138344
0.2910000 61.1839447
0.2920000 -27.9809551
0.2930000 47.1117096
0.2940000 11.8068323
0.2950000 -20.7976971
0.2960000 -70.4230957
0.2970000 3.9715431
0.2980000 -49.5209312
0.2990000 0.0465884
0.3000000 -2.7493885
0.3010000 -1.3075269
0.3020000 -40.7662621
0.3030000 4.7483115
0.3040000 -74.1478958
0.3050000 -26.5099583
0.3060000 45.5934029
0.3070000 -35.0570412
0.3080000 0.1088677
0.3090000 47.1162987
0.3100000 33.5217781
0.3110000 -8.8976240
0.3120000 85.1085739
0.3130000 -22.4821911
0.3140000 -61.4571533
0.3150000 20.5517197
0.3160000 1.8455703
0.3170000 27.3135204
0.3180000 48.7538795
0.3190000 81.4591217
0.3200000 32.2481079
0.3210000 16.4594860
0.3220000 -49.5740280
0.3230000 28.7642250
0.3240000 -108.7226334
0.3250000 31.2218266
0.3260000 -29.2229233
0.3270000 -39.8341141
0.3280000 -34.4912415
0.3290000 16.2170200
0.3300000 1.2227240
0.3310000 24.7359657
0.3320000 -51.6413994
0.3330000 -22.1138535
0.3340000 18.4206734
0.3350000 31.9603825
0.3360000 -9.5260963
0.3370000 2.9845037
0.3380000 3.4488633
0.3390000 -45.0263710
0.3400000 64.7429733
0.3410000 48.5218048
0.3420000 -19.8294125
0.3430000 10.4323740
0.3440000 34.4556236
0.3450000 7.8589420
0.3460000 7.7739997
0.3470000 -26.3452415
0.3480000 -23.2984676
0.3490000 14.5817404
0.3500000 97.7872696
0.3510000 -6.9870572
0.3520000 65.4896317
0.3530000 4.7166395
0.3540000 -23.2972183
0.3550000 2.0903301
0.3560000 87.3634491
0.3570000 38.0044937
0.3580000 26.9664593
0.3590000 -21.3393612
0.3600000 32.4718819
0.3610000 11.8511868
0.3620000 1.5052482
0.3630000 -34.5210037
0.3640000 -6.9836054
0.3650000 18.0740719
0.3660000 -3.4775863
0.3670000 -24.3204918
0.3680000 35.4009247
0.3690000 7.8629856
0.3700000 -52.9277344
0.3710000 5.2001204
0.3720000 -10.0149231
0.3730000 18.1413479
0.3740000 23.5813370
0.3750000 -69.9020996
0.3760000 44.2798157
0.3770000 77.0677872
0.3780000 -21.4866219
0.3790000 9.5204210
0.3800000 8.3757706
0.3810000 -35.2831497
0.3820000 -13.7654696
0.3830000 -59.0388832
0.3840000 8.9326849
0.3850000 -19.7557983
0.3860000 -1.6226614
0.3870000 -3.6538880
0.3880000 -32.3169746
0.3890000 65.9396667
0.3900000 -51.6742401
0.3910000 3.1973612
0.3920000 22.7363949
0.3930000 -76.1024933
0.3940000 21.4815483
0.3950000 56.7051659
0.3960000 -52.6958351
0.3970000 -3.7338417
0.3980000 -31.8463135
0.3990000 -2.8360267
0.4000000 40.6932106
0.4010000 2.4042916
0.4020000 -31.7029247
0.4030000 15.5701828
0.4040000 26.9218674
0.4050000 4.7850084
0.4060000 13.0775690
0.4070000 -17.8501167
0.4080000 15.4583387
0.4090000 46.7796249
0.4100000 -27.6143532
0.4110000 -16.8138351
0.4120000 32.4072838
0.4130000 -40.2631493
0.4140000 -13.0468321
0.4150000 -23.5415955
0.4160000 -36.3384361
0.4170000 5.1226420
0.4180000 8.1755056
0.4190000 -3.8463354
0.4200000 -45.5314636
0.4210000 93.5957184
0.4220000 39.2372437
0.4230000 -44.4180527
0.4240000 -2.4479713
0.4250000 29.1337948
0.4260000 2.5365939
0.4270000 -0.6288426
0.4280000 -12.4981813
0.4290000 -9.8919897
0.4300000 -11.4069748
0.4310000 23.1495571
0.4320000 26.7239113
0.4330000 -1.8157769
0.4340000 51.8262291
0.4350000 69.9875259
0.4360000 -56.1540489
0.4370000 -8.5307407
0.4380000 -33.3670006
0.4390000 62.2483826
0.4400000 -55.9410973
0.4410000 -3.0239995
0.4420000 -1.5025806
0.4430000 17.2528267
0.4440000 -29.9471436
0.4450000 33.4187241
0.4460000 18.8054943
0.4470000 7.8175139
0.4480000 -44.8064079
0.4490000 -23.7573242
0.4500000 0.9589334
0.4510000 -65.5274429
0.4520000 -10.6669712
0.4530000 30.8666553
0.4540000 -47.0109901
0.4550000 -3.3725555
0.4560000 -38.8857079
0.4570000 -34.7171860
0.4580000 23.9005852
0.4590000 -32.4322739
0.4600000 50.3655014
0.4610000 21.1318550
0.4620000 -4.5298681
0.4630000 -21.5978088
0.4640000 -18.3233414
0.4650000 -0.4924664
0.4660000 -16.9051247
0.4670000 -46.7301788
0.4680000 -12.1990805
0.4690000 -46.7906914
0.4700000 42.7952766
0.4710000 -36.0672493
0.4720000 20.9872169
0.4730000 -69.9723129
0.4740000 39.7796707
0.4750000 24.9709358
0.4760000 9.9363241
0.4770000 -32.0154495
0.4780000 -11.6115742
0.4790000 -45.8531189
0.4800000 -35.2576561
0.4810000 -13.4956427
0.4820000 -63.2881165
0.4830000 -52.4139938
0.4840000 -64.0713959
0.4850000 -10.3692570
0.4860000 -1.0065523
0.4870000 19.2491436
0.4880000 34.3806114
0.4890000 9.0538950
0.4900000 64.1472626
0.4910000 54.6806450
0.4920000 34.5471001
0.4930000 -56.6896133
0.4940000 -30.8039551
0.4950000 38.8857918
0.4960000 -6.1658278
0.4970000 28.9269028
0.4980000 0.6948630
0.4990000 12.8901339
0.5000000 10.5013885
0.5010000 80.4670334
0.5020000 -9.3092022
0.5030000 12.6817989
0.5040000 23.6504917
0.5050000 12.1262798
0.5060000 56.0291023
0.5070000 -12.9011812
0.5080000 0.3042522
0.5090000 46.5871811
0.5100000 -41.1292229
0.5110000 -12.8759785
0.5120000 -14.1277714
0.5130000 25.4839497
0.5140000 -19.1135025
0.5150000 -50.1939430
0.5160000 7.6214070
0.5170000 44.7330208
0.5180000 -41.0842628
0.5190000 -38.5184326
0.5200000 29.1452332
0.5210000 13.1439981
0.5220000 1.3785226
0.5230000 61.2039261
0.5240000 2.0971751
0.5250000 56.8582001
0.5260000 -6.0868282
0.5270000 7.0640531
0.5280000 -8.4608154
0.5290000 1.5082103
0.5300000 -0.5752428
0.5310000 63.4703636
0.5320000 1.8177694
0.5330000 22.4682331
0.5340000 11.4517622
0.5350000 11.0983553
0.5360000 30.5415363
0.5370000 -44.8188438
0.5380000 33.5479126
0.5390000 -29.5369911
0.5400000 -103.7389069
0.5410000 14.1675005
0.5420000 3.3874092
0.5430000 1.7602363
0.5440000 16.7722416
0.5450000 -31.6710911
0.5460000 15.8407717
0.5470000 15.5555592
0.5480000 -4.7027473
0.5490000 22.7733784
0.5500000 -30.7247677
0.5510000 83.6500092
0.5520000 -82.1381531
0.5530000 -2.2893293
0.5540000 65.7067032
0.5550000 12.1135349
0.5560000 17.9405155
0.5570000 2.7935312
0.5580000 15.8697500
0.5590000 -26.1688766
0.5600000 10.3393078
0.5610000 -8.4019890
0.5620000 41.4058533
0.5630000 13.4368048
0.5640000 -26.0790157
0.5650000 -19.1488056
0.5660000 -28.9364090
0.5670000 34.7533531
0.5680000 10.9151640
0.5690000 -60.2957916
0.5700000 -16.7346611
0.5710000 -52.1692238
0.5720000 34.9361267
0.5730000 -31.2242947
0.5740000 -14.3306808
0.5750000 2.4032202
0.5760000 47.5021667
0.5770000 -31.5900593
0.5780000 -17.6255836
0.5790000 11.0840445
0.5800000 28.5874367
0.5810000 -18.2288933
0.5820000 4.6867404
0.5830000 13.6056948
0.5840000 -22.8578224
0.5850000 -15.9041176
0.5860000 -5.0407715
0.5870000 -18.1784878
0.5880000 -17.9107819
0.5890000 23.4924736
0.5900000 -5.7653103
0.5910000 42.8084602
0.5920000 -33.2468262
0.5930000 -22.5326176
0.5940000 -89.9176178
0.5950000 4.9915929
0.5960000 16.3684006
0.5970000 6.4487853
0.5980000 11.1749372
0.5990000 37.3020592
0.6000000 5.8425426
0.6010000 -45.9021912
0.6020000 13.8425121
0.6030000 -33.6215591
0.6040000 18.3752918
0.6050000 23.1070518
0.6060000 -61.6821480
0.6070000 -4.4879365
0.6080000 52.3747444
0.6090000 10.7642803
0.6100000 36.0215073
0.6110000 9.5160227
0.6120000 -25.0063496
0.6130000 -24.8971958
0.6140000 -40.0454178
0.6150000 0.9100341
0.6160000 -15.0334597
0.6170000 -37.4408684
0.6180000 -2.2706182
0.6190000 -10.6292658
0.6200000 -6.1822524
0.6210000 -62.6198463
0.6220000 -1.5955796
0.6230000 -65.4449997
0.6240000 66.5512543
0.6250000 -2.9207380
0.6260000 -30.5273170
0.6270000 -40.5917168
0.6280000 27.2473965
0.6290000 48.2845192
0.6300000 -8.2940331
0.6310000 8.6248989
0.6320000 41.9028740
0.6330000 -40.0640945
0.6340000 28.1710529
0.6350000 11.7943935
0.6360000 11.7589254
0.6370000 -7.9040689
0.6380000 35.9271545
0.6390000 -0.3190281
0.6400000 21.9643669
0.6410000 58.7256927
0.6420000 35.4984283
0.6430000 -25.4897995
0.6440000 67.0271378
0.6450000 71.7857285
0.6460000 31.7320518
0.6470000 10.0575047
0.6480000 -29.5982418
0.6490000 2.7949288
0.6500000 -5.1802664
0.6510000 -19.2742519
0.6520000 -46.7243118
0.6530000 3.5250087
0.6540000 -9.3693399
0.6550000 -32.6086655
0.6560000 29.0508995
0.6570000 -35.2373734
0.6580000 -68.5370941
0.6590000 37.2730637
0.6600000 12.4731817
0.6610000 29.2479324
0.6620000 -39.4535255
0.6630000 -21.8923359
0.6640000 6.1024489
0.6650000 -66.3713989
0.6660000 -44.5385895
0.6670000 -2.1539755
0.6680000 -62.1314163
0.6690000 25.7216682
0.6700000 55.0759430
0.6710000 -17.1329250
0.6720000 27.3831215
0.6730000 -8.9285355
0.6740000 43.8205452
0.6750000 -7.0772028
0.6760000 32.2102318
0.6770000 -18.9145679
0.6780000 -35.8089828
0.6790000 -2.3730741
0.6800000 7.9789171
0.6810000 17.4804268
0.6820000 30.8131523
0.6830000 -32.8617287
0.6840000 54.6152267
0.6850000 -17.2165833
0.6860000 -21.7233639
0.6870000 -3.5140731
0.6880000 55.5715332
0.6890000 23.5491943
0.6900000 -28.5132236
0.6910000 -0.1326348
0.6920000 9.2332697
0.6930000 -64.8164444
0.6940000 -75.1632233
0.6950000 -8.7777767
0.6960000 67.0575333
0.6970000 61.9095459
0.6980000 -72.1230850
0.6990000 -65.5835190
0.7000000 1.7456031
0.7010000 29.4918938
0.7020000 -29.6114445
0.7030000 27.9432278
0.7040000 -37.6670647
0.7050000 48.6258240
0.7060000 16.3380642
0.7070000 -40.2628365
0.7080000 14.9069881
0.7090000 -10.7371426
0.7100000 -30.2082405
0.7110000 42.8185921
0.7120000 31.8670502
0.7130000 -35.7338943
0.7140000 -5.4821424
0.7150000 -66.0778198
0.7160000 10.2076883
0.7170000 -32.7266464
0.7180000 16.7286110
0.7190000 -25.6231346
0.7200000 -13.7934465
0.7210000 -16.0140343
0.7220000 11.8090029
0.7230000 9.2596731
0.7240000 -19.1626358
0.7250000 -22.0377865
0.7260000 44.1614456
0.7270000 35.9574242
0.7280000 17.7882347
0.7290000 -2.5126173
0.7300000 -50.6638947
0.7310000 39.3663139
0.7320000 11.2472849
0.7330000 3.7000923
0.7340000 -36.5745735
0.7350000 0.8150941
0.7360000 -0.2680687
0.7370000 -26.0896740
0.7380000 9.5463676
0.7390000 22.4316368
0.7400000 -0.2413481
0.7410000 24.8722878
0.7420000 -8.4423370
0.7430000 -26.7692642
0.7440000 -2.8428497
0.7450000 10.9742861
0.7460000 -11.4972229
0.7470000 15.7681198
0.7480000 -13.5577450
0.7490000 21.6486721
0.7500000 30.3207264
0.7510000 -31.1899090
0.7520000 -24.9186707
0.7530000 28.3258190
0.7540000 10.7514591
0.7550000 -11.6632290
0.7560000 14.1620045
0.7570000 21.0259476
0.7580000 76.7172318
0.7590000 11.5189152
0.7600000 -16.6716099
0.7610000 9.5305262
0.7620000 31.3435040
0.7630000 -59.8294945
0.7640000 19.1879482
0.7650000 -44.7852745
0.7660000 -43.8494987
0.7670000 89.3474503
0.7680000 3.8908689
0.7690000 -59.8683510
0.7700000 -59.7592049
0.7710000 -18.9106998
0.7720000 -2.0793369
0.7730000 10.2759151
0.7740000 -38.8830032
0.7750000 -38.5287552
0.7760000 -54.5600319
0.7770000 -51.0324097
0.7780000 -8.0161772
0.7790000 27.2781181
0.7800000 34.4467850
0.7810000 43.5794907
0.7820000 -38.7138519
0.7830000 4.6639009
0.7840000 -16.9588718
0.7850000 -73.0617905
0.7860000 43.3410568
0.7870000 -4.8115578
0.7880000 -17.8568840
0.7890000 -10.9135704
0.7900000 -12.9160080
0.7910000 -33.6003532
0.7920000 -12.8180971
0.7930000 -22.5770645
0.7940000 2.1550376
0.7950000 -37.7040024
0.7960000 -35.4582367
0.7970000 17.8492107
0.7980000 -34.7436409
0.7990000 18.4808750
0.8000000 1.5390271
0.8010000 22.8955059
0.8020000 19.1612225
0.8030000 -66.4796295
0.8040000 -13.7204971
0.8050000 26.2061729
0.8060000 1.8992083
0.8070000 11.8446779
0.8080000 -9.8715811
0.8090000 58.0019608
0.8100000 30.8956089
0.8110000 26.2370644
0.8120000 23.9256649
0.8130000 46.8710518
0.8140000 -28.3862286
0.8150000 -2.4530268
0.8160000 39.1672668
0.8170000 11.4798288
0.8180000 31.9003773
0.8190000 -53.5420418
0.8200000 29.2511082
0.8210000 18.6562729
0.8220000 -23.8856678
0.8230000 60.5207787
0.8240000 31.5811214
0.8250000 27.7000542
0.8260000 19.7829800
0.8270000 20.4119625
0.8280000 -8.1935253
0.8290000 -4.3411398
0.8300000 31.1131668
0.8310000 2.7930231
0.8320000 -3.3990364
0.8330000 42.6374931
0.8340000 -24.0352421
0.8350000 -80.1033936
0.8360000 33.2024918
0.8370000 12.7573624
0.8380000 -16.3764610
0.8390000 27.1477871
0.8400000 37.1557922
0.8410000 5.2961211
0.8420000 34.3920097
0.8430000 69.6245193
0.8440000 -26.5385399
0.8450000 -18.7829285
0.8460000 51.2519150
0.8470000 -35.3647537
0.8480000 48.7934341
0.8490000 -33.1138840
0.8500000 -43.4918404
0.8510000 4.6432791
0.8520000 7.0783081
0.8530000 46.0662346
0.8540000 50.1035652
0.8550000 32.8247337
0.8560000 55.8278427
0.8570000 28.5667610
0.8580000 -22.2804317
0.8590000 -8.2822208
0.8600000 34.8921776
0.8610000 -33.4488869
0.8620000 36.5130463
0.8630000 -27.4016418
0.8640000 -9.5277748
0.8650000 -1.9075488
0.8660000 -16.2677803
0.8670000 -8.0823193
0.8680000 -41.6898117
0.8690000 46.4445686
0.8700000 27.8128834
0.8710000 -51.4098015
0.8720000 -11.5591431
0.8730000 -25.0691261
0.8740000 -30.5024509
0.8750000 2.5140193
0.8760000 -9.5925980
0.8770000 33.1293488
0.8780000 8.8554640
0.8790000 5.3855634
0.8800000 97.5948868
0.8810000 -43.6725883
0.8820000 -14.4832764
0.8830000 -51.6932716
0.8840000 -20.0350361
0.8850000 -1.2606812
0.8860000 -54.2129745
0.8870000 22.7269173
0.8880000 -48.2004204
0.8890000 61.9186516
0.8900000 15.8479700
0.8910000 29.7499828
0.8920000 14.0622520
0.8930000 -3.1459229
0.8940000 -0.2722881
0.8950000 16.1501904
0.8960000 -28.5272751
0.8970000 28.8099861
0.8980000 -42.3629189
0.8990000 54.8214798
0.9000000 11.6002073
0.9010000 -43.2652130
0.9020000 11.8308678
0.9030000 3.1106608
0.9040000 21.4059143
0.9050000 16.2279606
0.9060000 -28.7893963
0.9070000 -17.2973785
0.9080000 0.0665055
0.9090000 -24.6693516
0.9100000 1.7190894
0.9110000 -7.8604751
0.9120000 8.2954845
0.9130000 65.5814667
0.9140000 26.1602097
0.9150000 -39.3672829
0.9160000 67.4426727
0.9170000 -4.9601827
0.9180000 47.9610863
0.9190000 -56.1263313
0.9200000 -55.1222229
0.9210000 -9.0518055
0.9220000 -11.6394749
0.9230000 -17.6096039
0.9240000 -16.3303967
0.9250000 5.1781850
0.9260000 8.9879980
0.9270000 37.2004929
0.9280000 -65.8098679
0.9290000 -8.6376123
0.9300000 -4.6934385
0.9310000 -18.6503544
0.9320000 39.7265930
0.9330000 63.8292542
0.9340000 -62.3914070
0.9350000 -13.8352222
0.9360000 -39.6506157
0.9370000 16.8241997
0.9380000 5.0258083
0.9390000 57.9579163
0.9400000 10.0702887
0.9410000 -36.0654297
0.9420000 10.5028572
0.9430000 7.8205004
0.9440000 -55.6856842
0.9450000 30.1743336
0.9460000 13.7038116
0.9470000 16.7976227
0.9480000 -0.8001426
0.9490000 -9.4148693
0.9500000 29.9163055
0.9510000 -23.4818058
0.9520000 0.4694454
0.9530000 16.0112953
0.9540000 -17.9478893
0.9550000 28.8293266
0.9560000 -6.6141438
0.9570000 33.1091995
0.9580000 -4.3294063
0.9590000 -7.9745665
0.9600000 43.0033188
0.9610000 8.2701664
0.9620000 19.8480129
0.9630000 25.7753563
0.9640000 -24.3032570
0.9650000 18.8710060
0.9660000 -2.0976870
0.9670000 1.1415290
0.9680000 17.2266979
0.9690000 -45.5632248
0.9700000 -6.9724917
0.9710000 -26.2817822
0.9720000 -12.4629669
0.9730000 2.2566988
0.9740000 -44.1900635
0.9750000 -39.3655510
0.9760000 -44.1832237
0.9770000 62.3013039
0.9780000 6.7914438
0.9790000 -12.2510271
0.9800000 -7.1157169
0.9810000 -33.3050385
0.9820000 -92.9449005
0.9830000 0.7123008
0.9840000 -9.8510485
0.9850000 26.4942169
0.9860000 42.7340431
0.9870000 -15.5025826
0.9880000 66.0473022
0.9890000 -0.4438010
0.9900000 -34.7164993
0.9910000 -8.9264460
0.9920000 49.8108368
0.9930000 -18.5258026
0.9940000 58.1462364
0.9950000 -11.1869831
0.9960000 -9.4821711
0.9970000 61.0801430
0.9980000 80.2440720
0.9990000 -56.9221191
