0.0000000 26.7642422
0.0010000 46.7338104
0.0020000 29.3473625
0.0030000 -22.2162323
0.0040000 24.9596729
0.0050000 -39.1318932
0.0060000 -23.2974052
0.0070000 40.1384087
0.0080000 15.6667261
0.0090000 -38.4985390
0.0100000 0.4074755
0.0110000 6.3938203
0.0120000 -51.8822670
0.0130000 -39.3593636
0.0140000 -12.4028311
0.0150000 -30.9985123
0.0160000 6.0598745
0.0170000 -14.1614475
0.0180000 45.6963654
0.0190000 -9.9131012
0.0200000 11.6764994
0.0210000 -36.4291801
0.0220000 18.1995659
0.0230000 11.8934765
0.0240000 61.0054398
0.0250000 -56.7110481
0.0260000 -27.1491280
0.0270000 13.0625200
0.0280000 -6.2288947
0.0290000 6.3655539
0.0300000 -6.6279535
0.0310000 18.4166241
0.0320000 -23.6765690
0.0330000 50.9403267
0.0340000 1.4672559
0.0350000 -17.2173977
0.0360000 -56.3699341
0.0370000 25.5989151
0.0380000 -23.1459484
0.0390000 -70.4738083
0.0400000 5.6863227
0.0410000 -46.8151054
0.0420000 19.4824638
0.0430000 6.6533461
0.0440000 -2.3960018
0.0450000 -2.0850787
0.0460000 -8.7779379
0.0470000 -35.6887932
0.0480000 36.4325790
0.0490000 -44.8309402
0.0500000 -12.2589474
0.0510000 51.3509178
0.0520000 55.3240891
0.0530000 -22.4593964
0.0540000 2.5011871
0.0550000 29.6850815
0.0560000 13.5823565
0.0570000 -14.6115828
0.0580000 26.7144661
0.0590000 -15.7037344
0.0600000 39.6568146
0.0610000 -44.7891693
0.0620000 -6.6505938
0.0630000 -32.8600769
0.0640000 -28.5383701
0.0650000 12.4361467
0.0660000 -32.8187904
0.0670000 -2.5366468
0.0680000 46.5722809
0.0690000 47.9437790
0.0700000 -26.7125111
0.0710000 18.0958881
0.0720000 40.5417709
0.0730000 -8.2598553
0.0740000 -20.1446877
0.0750000 -18.4726772
0.0760000 4.9924421
0.0770000 -40.4514503
0.0780000 25.9457779
0.0790000 28.2753754
0.0800000 -37.0073624
0.0810000 -38.6915436
0.0820000 18.0927925
0.0830000 8.9955683
0.0840000 16.0961647
0.0850000 -31.5957127
0.0860000 -15.3539152
0.0870000 26.4984226
0.0880000 -17.8229122
0.0890000 -14.7800283
0.0900000 -30.1366024
0.0910000 -62.3559799
0.0920000 21.9625645
0.0930000 -26.4878197
0.0940000 -19.3930111
0.0950000 43.0296593
0.0960000 -74.9724731
0.0970000 24.8489037
0.0980000 45.7210159
0.0990000 16.1325970
0.1000000 20.1240616
0.1010000 22.4910431
0.1020000 -14.3689671
0.1030000 -14.9227667
0.1040000 -21.3702831
0.1050000 -19.2558651
0.1060000 2.4655056
0.1070000 -45.5142365
0.1080000 8.7913742
0.1090000 -22.0897636
0.1100000 37.6963120
0.1110000 23.2203674
0.1120000 2.0858414
0.1130000 6.6025977
0.1140000 10.4976501
0.1150000 -51.7357788
0.1160000 1.1239239
0.1170000 -48.4061508
0.1180000 -24.5942745
0.1190000 14.6166153
0.1200000 0.0092569
0.1210000 39.7426758
0.1220000 -3.4508808
0.1230000 24.6057491
0.1240000 19.9014187
0.1250000 -29.2594261
0.1260000 16.2859287
0.1270000 -22.2264881
0.1280000 -13.6659660
0.1290000 41.6988525
0.1300000 -20.4263191
0.1310000 -86.5098801
0.1320000 -30.8829136
0.1330000 -71.2351761
0.1340000 3.6531429
0.1350000 16.7675858
0.1360000 -27.5241222
0.1370000 -6.2579575
0.1380000 27.1588764
0.1390000 -0.6868474
0.1400000 46.5648117
0.1410000 -44.1032143
0.1420000 -44.8326607
0.1430000 -11.7498827
0.1440000 -9.0590601
0.1450000 -37.5605087
0.1460000 22.1369381
0.1470000 11.6305838
0.1480000 40.1898460
0.1490000 -57.7794991
0.1500000 3.2129490
0.1510000 41.3153152
0.1520000 -30.2834091
0.1530000 20.3917351
0.1540000 11.6644135
0.1550000 -0.8177025
0.1560000 -61.5324059
0.1570000 26.0938015
0.1580000 -28.1412582
0.1590000 -27.2253780
0.1600000 9.2547398
0.1610000 -37.6672440
0.1620000 -3.1163692
0.1630000 17.4061890
0.1640000 -43.5906601
0.1650000 5.7029710
0.1660000 -20.9679070
0.1670000 9.7467270
0.1680000 3.9880373
0.1690000 35.3607368
0.1700000 -13.8467407
0.1710000 -65.4221497
0.1720000 31.1402493
0.1730000 20.4765453
0.1740000 14.2356205
0.1750000 30.0163746
0.1760000 32.3644714
0.1770000 23.0885391
0.1780000 -12.0948133
0.1790000 -55.1833572
0.1800000 0.6533511
0.1810000 -18.0191345
0.1820000 -7.4849448
0.1830000 -55.2702599
0.1840000 38.4680328
0.1850000 28.9812679
0.1860000 36.6019249
0.1870000 4.0974431
0.1880000 56.6850586
0.1890000 -59.8769073
0.1900000 32.2906647
0.1910000 11.1733112
0.1920000 -56.9689407
0.1930000 32.2994423
0.1940000 48.9646492
0.1950000 -6.1266365
0.1960000 9.9177818
0.1970000 -67.8923874
0.1980000 -46.6073074
0.1990000 43.1661377
0.2000000 17.8856087
0.2010000 52.7382050
0.2020000 -7.4859118
0.2030000 53.9952850
0.2040000 70.4260025
0.2050000 -37.9887199
0.2060000 -50.7379684
0.2070000 -16.4987335
0.2080000 34.5881844
0.2090000 4.6670914
0.2100000 32.6016197
0.2110000 13.9865952
0.2120000 -13.6651039
0.2130000 7.3826208
0.2140000 52.6362305
0.2150000 -25.6140919
0.2160000 -42.5801735
0.2170000 49.8139229
0.2180000 10.1639862
0.2190000 -19.4423122
0.2200000 -26.4852543
0.2210000 -0.7444788
0.2220000 6.3892007
0.2230000 0.1372757
0.2240000 -19.5282841
0.2250000 -45.4834442
0.2260000 -55.4415207
0.2270000 -15.5842113
0.2280000 -47.3547363
0.2290000 -50.9991875
0.2300000 50.7120628
0.2310000 -6.5376372
0.2320000 78.7009811
0.2330000 -73.8630142
0.2340000 70.7621918
0.2350000 45.4689484
0.2360000 -12.2452507
0.2370000 -5.9654021
0.2380000 2.8062863
0.2390000 -60.6175842
0.2400000 -14.7155504
0.2410000 -18.5726337
0.2420000 7.8137550
0.2430000 -37.4793015
0.2440000 -18.1307220
0.2450000 10.3262453
0.2460000 20.0764122
0.2470000 -23.8104019
0.2480000 16.6212654
0.2490000 -11.8651075
0.2500000 10.5031576
0.2510000 1.5011337
0.2520000 13.3726778
0.2530000 44.3742104
0.2540000 -11.2017498
0.2550000 9.5264225
0.2560000 -22.6849232
0.2570000 -1.4236335
0.2580000 -34.7270622
0.2590000 -47.8393173
0.2600000 -11.9152985
0.2610000 -13.3048077
0.2620000 -50.0862045
0.2630000 62.1987228
0.2640000 -7.6818786
0.2650000 -9.3167524
0.2660000 10.3153868
0.2670000 -58.7900391
0.2680000 -10.2733870
0.2690000 -27.0196838
0.2700000 -34.6165581
0.2710000 -17.0120792
0.2720000 9.5055637
0.2730000 11.6852446
0.2740000 97.8299713
0.2750000 18.3054142
0.2760000 10.7001295
0.2770000 15.2586184
0.2780000 36.8750267
0.2790000 27.4230347
0.2800000 -13.4543982
0.2810000 -25.4364624
0.2820000 -18.3962193
0.2830000 -51.0769005
0.2840000 -33.1432800
0.2850000 66.0592346
0.2860000 5.3839064
0.2870000 -25.7342281
0.2880000 -7.0001855
0.2890000 64.9123993
0.2900000 -5.5561457
0.2910000 -30.6590233
0.2920000 -10.7473040
0.2930000 -9.3441553
0.2940000 1.6614777
0.2950000 9.3487968
0.2960000 -27.8586979
0.2970000 -44.6467819
0.2980000 -59.5959930
0.2990000 -42.9322815
0.3000000 -4.5820122
0.3010000 9.4519548
0.3020000 21.0401878
0.3030000 -17.7447205
0.3040000 -24.9595470
0.3050000 -28.2464504
0.3060000 18.6720161
0.3070000 39.2670441
0.3080000 40.9460297
0.3090000 -29.4070740
0.3100000 61.0204315
0.3110000 -4.3118515
0.3120000 -32.3643532
0.3130000 35.7227135
0.3140000 19.4784832
0.3150000 -15.6332312
0.3160000 -13.9939146
0.3170000 54.5036392
0.3180000 5.4109292
0.3190000 -12.9998589
0.3200000 16.0726604
0.3210000 27.3773041
0.3220000 42.7805176
0.3230000 32.2811165
0.3240000 -71.4157944
0.3250000 -13.6781454
0.3260000 10.0203724
0.3270000 67.3639221
0.3280000 -13.3576527
0.3290000 -0.6714821
0.3300000 -90.0367355
0.3310000 -59.6549606
0.3320000 -35.1485558
0.3330000 -22.1201553
0.3340000 23.3184967
0.3350000 -81.4109421
0.3360000 -3.3665588
0.3370000 -33.8335114
0.3380000 50.6901970
0.3390000 31.6010380
0.3400000 -68.0832977
0.3410000 5.8792458
0.3420000 38.7825279
0.3430000 -22.3890381
0.3440000 12.6288548
0.3450000 -14.3356962
0.3460000 -50.7308922
0.3470000 36.3992348
0.3480000 -11.8770094
0.3490000 -63.8546944
0.3500000 -16.6027336
0.3510000 27.6434422
0.3520000 -106.5178070
0.3530000 24.9158478
0.3540000 -15.2545643
0.3550000 67.7616348
0.3560000 -1.7964803
0.3570000 -17.7567158
0.3580000 40.6916924
0.3590000 -81.3211899
0.3600000 -1.1329241
0.3610000 77.0904388
0.3620000 32.0908852
0.3630000 -85.8137589
0.3640000 -87.8390503
0.3650000 -40.2188873
0.3660000 69.3777161
0.3670000 -4.5003324
0.3680000 -24.7162609
0.3690000 20.5769215
0.3700000 24.8818111
0.3710000 21.3259201
0.3720000 -7.8923116
0.3730000 3.5299382
0.3740000 -3.6163106
0.3750000 74.6075745
0.3760000 41.1015015
0.3770000 38.3078499
0.3780000 -71.8979416
0.3790000 -49.9617310
0.3800000 -3.7100170
0.3810000 3.7740571
0.3820000 7.4385695
0.3830000 -14.5157118
0.3840000 -10.9124060
0.3850000 9.8842583
0.3860000 16.2820683
0.3870000 27.0109062
0.3880000 -9.3206081
0.3890000 7.0653033
0.3900000 36.9453506
0.3910000 67.0738144
0.3920000 -38.1993408
0.3930000 22.0166512
0.3940000 22.7666397
0.3950000 -54.6601028
0.3960000 -41.2725410
0.3970000 -7.4079881
0.3980000 1.4199820
0.3990000 46.9604378
0.4000000 -46.0701218
0.4010000 16.8472939
0.4020000 -5.2012777
0.4030000 -14.0207262
0.4040000 25.5960732
0.4050000 28.3616962
0.4060000 2.5558188
0.4070000 -13.8641968
0.4080000 -0.4698688
0.4090000 19.5181942
0.4100000 3.0776954
0.4110000 16.9609241
0.4120000 -45.7781181
0.4130000 30.8878727
0.4140000 6.9303675
0.4150000 -24.7007637
0.4160000 -10.0450916
0.4170000 -26.7344437
0.4180000 9.9055538
0.4190000 60.7495384
0.4200000 40.0383339
0.4210000 -21.2947998
0.4220000 9.7772837
0.4230000 41.7770348
0.4240000 30.0429497
0.4250000 26.4989719
0.4260000 27.5129623
0.4270000 14.3941107
0.4280000 -59.9614944
0.4290000 23.5029469
0.4300000 -51.6432343
0.4310000 -38.6821098
0.4320000 -33.0511971
0.4330000 -22.3363400
0.4340000 6.3225245
0.4350000 -35.0077095
0.4360000 16.6589108
0.4370000 -41.5210609
0.4380000 -5.7495890
0.4390000 -9.3376999
0.4400000 6.0973268
0.4410000 -13.1228132
0.4420000 -17.0049553
0.4430000 -13.3622322
0.4440000 -15.1343164
0.4450000 43.7202225
0.4460000 7.5457382
0.4470000 1.7118000
0.4480000 28.6665649
0.4490000 -31.4311161
0.4500000 -31.8744621
0.4510000 -36.7789688
0.4520000 96.2003784
0.4530000 -10.5228624
0.4540000 -6.8442650
0.4550000 -65.9658051
0.4560000 47.1157990
0.4570000 -1.5712668
0.4580000 -27.6496944
0.4590000 -24.2877865
0.4600000 -37.1078987
0.4610000 -47.3220634
0.4620000 36.7649879
0.4630000 -44.9973221
0.4640000 65.8003006
0.4650000 33.2412910
0.4660000 -5.8127465
0.4670000 -13.0130758
0.4680000 7.7491612
0.4690000 -24.6904221
0.4700000 11.2937489
0.4710000 -2.9810359
0.4720000 -13.1635771
0.4730000 -5.2565284
0.4740000 -20.4162312
0.4750000 17.5088882
0.4760000 -6.0670152
0.4770000 -7.3240428
0.4780000 -18.5068760
0.4790000 -12.7238789
0.4800000 32.3292389
0.4810000 61.3930130
0.4820000 -3.0780275
0.4830000 -17.5083580
0.4840000 51.2614708
0.4850000 26.7130070
0.4860000 26.3400059
0.4870000 -26.1349068
0.4880000 -46.0660019
0.4890000 39.9155807
0.4900000 -29.4730816
0.4910000 29.9600525
0.4920000 19.3514118
0.4930000 -1.2219224
0.4940000 -15.6607180
0.4950000 39.7188110
0.4960000 -16.4012299
0.4970000 0.1735031
0.4980000 -16.6521473
0.4990000 -17.7196484
0.5000000 23.3277531
0.5010000 -27.5502625
0.5020000 -23.1227169
0.5030000 -33.1693993
0.5040000 48.3544807
0.5050000 60.4632721
0.5060000 83.8082199
0.5070000 -2.9883780
0.5080000 26.3970833
0.5090000 25.7774372
0.5100000 -1.9191140
0.5110000 -11.2913237
0.5120000 0.9518549
0.5130000 -3.5047276
0.5140000 10.0080690
0.5150000 -19.6891556
0.5160000 30.3274918
0.5170000 72.8871765
0.5180000 -15.6986809
0.5190000 -39.6334953
0.5200000 -53.6830101
0.5210000 26.0215149
0.5220000 -48.4538651
0.5230000 13.1241369
0.5240000 17.6401005
0.5250000 50.6321144
0.5260000 -20.6247826
0.5270000 -28.9988441
0.5280000 -33.1770973
0.5290000 22.1567612
0.5300000 25.1424274
0.5310000 9.0918894
0.5320000 -58.4807396
0.5330000 51.3337784
0.5340000 -1.7859622
0.5350000 4.7737288
0.5360000 34.1933594
0.5370000 -18.9891682
0.5380000 61.4563065
0.5390000 -0.7356741
0.5400000 -3.3704770
0.5410000 -3.5048931
0.5420000 -36.1056290
0.5430000 26.5996857
0.5440000 35.2285500
0.5450000 109.0027008
0.5460000 -30.6045113
0.5470000 -38.4812508
0.5480000 0.8450540
0.5490000 -14.1129036
0.5500000 50.7364769
0.5510000 -9.4856167
0.5520000 31.6519470
0.5530000 22.5843182
0.5540000 -15.6131573
0.5550000 -40.7778893
0.5560000 -48.2246246
0.5570000 -73.7289047
0.5580000 53.5701447
0.5590000 -50.6208458
0.5600000 -10.5843811
0.5610000 -5.3875136
0.5620000 11.8688850
0.5630000 -24.6274757
0.5640000 3.9294126
0.5650000 -4.6329498
0.5660000 14.2452202
0.5670000 8.3560238
0.5680000 -16.3191795
0.5690000 -33.2679482
0.5700000 -17.3772354
0.5710000 6.7301393
0.5720000 24.1212940
0.5730000 -8.1645470
0.5740000 -4.0562334
0.5750000 33.0522842
0.5760000 27.2893944
0.5770000 41.6670113
0.5780000 7.8707690
0.5790000 -29.2569199
0.5800000 4.7957363
0.5810000 36.1743355
0.5820000 8.1304684
0.5830000 30.2583370
0.5840000 -58.8535957
0.5850000 -7.1784801
0.5860000 -16.7073364
0.5870000 -9.2136698
0.5880000 3.9004974
0.5890000 25.9333973
0.5900000 75.5885468
0.5910000 -1.8395982
0.5920000 -5.4862986
0.5930000 -15.4378147
0.5940000 17.0284405
0.5950000 -14.1659260
0.5960000 -39.1711960
0.5970000 23.2887688
0.5980000 -46.0634956
0.5990000 -22.6734200
0.6000000 31.0978374
0.6010000 48.3116150
0.6020000 7.5756373
0.6030000 -5.7600613
0.6040000 25.0302887
0.6050000 24.2539482
0.6060000 35.5802803
0.6070000 63.6569443
0.6080000 -2.6737206
0.6090000 -15.5877848
0.6100000 76.6977692
0.6110000 -94.6837769
0.6120000 -16.2712784
0.6130000 0.9281415
0.6140000 -47.4966812
0.6150000 43.0930977
0.6160000 21.1913700
0.6170000 12.5563097
0.6180000 -6.7058525
0.6190000 -5.2512755
0.6200000 -19.5742302
0.6210000 17.0476341
0.6220000 24.5452137
0.6230000 -42.0164871
0.6240000 -16.4519615
0.6250000 11.8658800
0.6260000 -44.1042786
0.6270000 8.3229179
0.6280000 27.2371120
0.6290000 -17.9983845
0.6300000 -52.6111298
0.6310000 -23.8755398
0.6320000 21.8351440
0.6330000 0.6681231
0.6340000 -25.0336304
0.6350000 -6.9712329
0.6360000 -54.4137459
0.6370000 51.9086761
0.6380000 -64.8511429
0.6390000 28.5646935
0.6400000 -8.1717196
0.6410000 11.7111654
0.6420000 -67.1250687
0.6430000 -4.5826454
0.6440000 28.1051750
0.6450000 15.2878952
0.6460000 20.6368790
0.6470000 6.5773830
0.6480000 -52.3085556
0.6490000 14.1231756
0.6500000 33.9187622
0.6510000 -4.9333038
0.6520000 -31.5379295
0.6530000 14.9329376
0.6540000 -59.4418640
0.6550000 -3.1612287
0.6560000 -3.4251807
0.6570000 -9.1486282
0.6580000 -15.2841759
0.6590000 -25.5710773
0.6600000 -74.2291565
0.6610000 -34.2526817
0.6620000 2.6125007
0.6630000 14.3255224
0.6640000 -13.0231018
0.6650000 -17.2662163
0.6660000 -78.0866470
0.6670000 -0.7559219
0.6680000 16.8854504
0.6690000 46.0021095
0.6700000 76.3204498
0.6710000 -8.8769903
0.6720000 2.1393576
0.6730000 47.9043617
0.6740000 -32.9432411
0.6750000 4.5521297
0.6760000 4.0037193
0.6770000 -26.6523170
0.6780000 55.6477394
0.6790000 60.5089302
0.6800000 2.5722549
0.6810000 65.5561142
0.6820000 68.2854233
0.6830000 9.4644184
0.6840000 1.9644271
0.6850000 -12.1299877
0.6860000 8.2966700
0.6870000 60.0254059
0.6880000 -49.9737778
0.6890000 53.3795624
0.6900000 23.9237251
0.6910000 59.8228455
0.6920000 -2.6039264
0.6930000 -45.9251366
0.6940000 44.0550461
0.6950000 10.8904657
0.6960000 -9.1868916
0.6970000 -16.3190098
0.6980000 5.5443916
0.6990000 31.1613445
0.7000000 -22.6837959
0.7010000 53.9797325
0.7020000 -8.8099260
0.7030000 -10.1334019
0.7040000 -15.2387953
0.7050000 9.7609310
0.7060000 -22.5580750
0.7070000 4.8195410
0.7080000 -13.9991961
0.7090000 -52.6386147
0.7100000 -21.5078583
0.7110000 -50.8885994
0.7120000 -24.9202747
0.7130000 -28.4140854
0.7140000 -25.0386314
0.7150000 34.3975372
0.7160000 -51.5928802
0.7170000 10.0964642
0.7180000 23.7177792
0.7190000 2.5434470
0.7200000 65.8895569
0.7210000 -30.3050537
0.7220000 -17.5053997
0.7230000 43.9256973
0.7240000 32.1538811
0.7250000 3.8337705
0.7260000 18.7971439
0.7270000 -64.9136276
0.7280000 23.6571445
0.7290000 -12.2353802
0.7300000 31.0200367
0.7310000 -23.8238182
0.7320000 29.1090145
0.7330000 2.2962039
0.7340000 -11.7659760
0.7350000 52.3886185
0.7360000 34.7625046
0.7370000 -14.6728315
0.7380000 33.7509193
0.7390000 38.3740425
0.7400000 8.0604630
0.7410000 42.1767578
0.7420000 -29.5051689
0.7430000 -42.3455963
0.7440000 3.3885980
0.7450000 3.8973525
0.7460000 -54.4434357
0.7470000 -22.9382801
0.7480000 -21.4535160
0.7490000 9.2861986
0.7500000 60.8337898
0.7510000 -15.7282324
0.7520000 61.8839302
0.7530000 16.3070984
0.7540000 -35.0216064
0.7550000 52.3575935
0.7560000 103.5513458
0.7570000 12.0689497
0.7580000 -42.5936203
0.7590000 17.7392426
0.7600000 49.1851654
0.7610000 3.1315928
0.7620000 11.2930241
0.7630000 -59.6963196
0.7640000 14.4332094
0.7650000 31.5086040
0.7660000 54.4161453
0.7670000 -11.4651213
0.7680000 -36.3919029
0.7690000 -26.5967178
0.7700000 -10.8094854
0.7710000 69.5477066
0.7720000 14.9191055
0.7730000 -61.2842293
0.7740000 33.8274918
0.7750000 60.5459213
0.7760000 54.8470001
0.7770000 -44.6967239
0.7780000 -8.4973106
0.7790000 17.5192204
0.7800000 -8.3944063
0.7810000 -31.1339703
0.7820000 8.1804771
0.7830000 6.6325221
0.7840000 4.9842486
0.7850000 36.5821648
0.7860000 -31.7254601
0.7870000 21.5225258
0.7880000 41.5049133
0.7890000 -94.0956039
0.7900000 -29.8061733
0.7910000 9.3700600
0.7920000 -29.1929340
0.7930000 36.8517494
0.7940000 33.3168221
0.7950000 -4.7163253
0.7960000 14.5011101
0.7970000 44.3690147
0.7980000 13.7148972
0.7990000 -21.3118172
0.8000000 -30.1101112
0.8010000 -11.8006945
0.8020000 -14.0944967
0.8030000 27.6170502
0.8040000 -10.6625834
0.8050000 21.7899017
0.8060000 16.9544907
0.8070000 -33.6487885
0.8080000 -0.2100367
0.8090000 14.3659525
0.8100000 24.9808846
0.8110000 11.5421610
0.8120000 -42.9266434
0.8130000 2.8002009
0.8140000 -15.2925625
0.8150000 7.7656908
0.8160000 77.0787354
0.8170000 -54.9083405
0.8180000 -15.6841583
0.8190000 24.6509190
0.8200000 32.4754066
0.8210000 -68.1371078
0.8220000 -55.3082619
0.8230000 -2.8519034
0.8240000 15.0101843
0.8250000 -0.2559025
0.8260000 -33.4324875
0.8270000 -8.8836823
0.8280000 6.8972783
0.8290000 28.1217461
0.8300000 1.6481456
0.8310000 -8.7738228
0.8320000 -25.2051048
0.8330000 -44.7030602
0.8340000 31.4674416
0.8350000 -7.3095989
0.8360000 -36.1004677
0.8370000 -9.1495113
0.8380000 22.9999313
0.8390000 53.4878807
0.8400000 -64.0855560
0.8410000 60.3941803
0.8420000 50.9165726
0.8430000 -60.3746529
0.8440000 10.8778486
0.8450000 -88.3847885
0.8460000 -0.3462620
0.8470000 -22.7786999
0.8480000 -18.2533016
0.8490000 -23.1418972
0.8500000 5.3158169
0.8510000 55.1074600
0.8520000 16.6321716
0.8530000 -7.5597234
0.8540000 -6.3728685
0.8550000 71.5362930
0.8560000 13.2548027
0.8570000 68.3189774
0.8580000 -28.7363873
0.8590000 101.1673737
0.8600000 -3.1959481
0.8610000 -30.6977215
0.8620000 7.8860154
0.8630000 -32.1283150
0.8640000 -15.4786081
0.8650000 2.0169888
0.8660000 -35.9011574
0.8670000 -30.9383907
0.8680000 29.6692905
0.8690000 -9.2535086
0.8700000 -34.6282578
0.8710000 -16.7177467
0.8720000 1.8372761
0.8730000 -38.0834007
0.8740000 32.1865120
0.8750000 7.4712405
0.8760000 0.1371866
0.8770000 -23.3713970
0.8780000 40.4015923
0.8790000 -52.4930382
0.8800000 12.3837013
0.8810000 -41.9048538
0.8820000 -61.4585991
0.8830000 35.8770752
0.8840000 -43.9446411
0.8850000 -19.5559998
0.8860000 28.6301670
0.8870000 -86.6738739
0.8880000 25.1908455
0.8890000 24.3009758
0.8900000 16.5342369
0.8910000 -13.7676611
0.8920000 16.7550545
0.8930000 -46.4912682
0.8940000 4.9275250
0.8950000 -63.3306923
0.8960000 -26.1459007
0.8970000 2.0608497
0.8980000 -0.9111986
0.8990000 23.0153179
0.9000000 -12.5857782
0.9010000 23.0590210
0.9020000 18.0703411
0.9030000 -19.2754173
0.9040000 19.5024929
0.9050000 43.0715981
0.9060000 33.2147789
0.9070000 20.1902981
0.9080000 50.9157486
0.9090000 56.0212059
0.9100000 5.5940585
0.9110000 31.2387257
0.9120000 23.8875732
0.9130000 -18.6733036
0.9140000 25.7578506
0.9150000 13.8752966
0.9160000 60.9173775
0.9170000 -23.3276520
0.9180000 42.0522728
0.9190000 -24.3277225
0.9200000 -19.6023159
0.9210000 22.8669319
0.9220000 -25.2740765
0.9230000 -18.0028858
0.9240000 -10.1267385
0.9250000 57.1437492
0.9260000 -16.8665543
0.9270000 -18.3662071
0.9280000 -5.0545039
0.9290000 -8.7750683
0.9300000 29.4260254
0.9310000 -11.0908518
0.9320000 -37.3187370
0.9330000 -4.8802180
0.9340000 9.8018837
0.9350000 -17.8859444
0.9360000 15.4438381
0.9370000 -17.6024151
0.9380000 7.4311604
0.9390000 -5.4781585
0.9400000 -10.5292873
0.9410000 -18.8384075
0.9420000 -10.0345249
0.9430000 17.1877689
0.9440000 21.2465782
0.9450000 -49.2350349
0.9460000 -11.2316780
0.9470000 79.6112137
0.9480000 -8.7792358
0.9490000 44.1594429
0.9500000 37.7523918
0.9510000 -0.0770360
0.9520000 -80.2985840
0.9530000 21.9560757
0.9540000 70.3963623
0.9550000 7.7387514
0.9560000 34.0064468
0.9570000 35.4015198
0.9580000 39.8431740
0.9590000 11.0413084
0.9600000 35.8107300
0.9610000 -40.3554153
0.9620000 29.2949581
0.9630000 -64.9433823
0.9640000 -13.0062647
0.9650000 59.3744698
0.9660000 -78.9184418
0.9670000 -67.7004013
0.9680000 10.0194368
0.9690000 52.0298843
0.9700000 18.1431561
0.9710000 9.6196146
0.9720000 -31.6383801
0.9730000 35.0880051
0.9740000 10.6681824
0.9750000 -12.6953506
0.9760000 -6.6718259
0.9770000 5.6112995
0.9780000 -15.2313366
0.9790000 -0.6120561
0.9800000 -18.4011269
0.9810000 19.1726322
0.9820000 11.8121672
0.9830000 -36.1732826
0.9840000 5.3629637
0.9850000 -36.7274475
0.9860000 13.4550734
0.9870000 -17.9558659
0.9880000 -32.8782616
0.9890000 -17.7581024
0.9900000 42.2279663
0.9910000 -0.1709895
0.9920000 24.2752571
0.9930000 -13.2106237
0.9940000 39.1250763
0.9950000 -71.7845001
0.9960000 9.2513790
0.9970000 34.9373093
0.9980000 12.6013861
0.9990000 15.5142250
