0.0000000 35.0614128
0.0010000 12.4436560
0.0020000 -83.0573196
0.0030000 -16.6940498
0.0040000 39.2511864
0.0050000 30.7462502
0.0060000 -4.3268714
0.0070000 36.5834274
0.0080000 12.3877468
0.0090000 -7.7738376
0.0100000 -11.2747021
0.0110000 -13.5320835
0.0120000 -19.3903790
0.0130000 -45.6092148
0.0140000 -45.4621658
0.0150000 -50.5294838
0.0160000 17.0075207
0.0170000 5.4796653
0.0180000 21.4923534
0.0190000 55.1578026
0.0200000 89.9703903
0.0210000 41.3963509
0.0220000 47.3708725
0.0230000 36.6938171
0.0240000 -19.3649998
0.0250000 -7.0278096
0.0260000 -2.3614197
0.0270000 22.6403770
0.0280000 -33.8357162
0.0290000 -12.0560417
0.0300000 -52.7888527
0.0310000 10.8729095
0.0320000 28.8754749
0.0330000 16.4669456
0.0340000 -17.5731640
0.0350000 -2.4064960
0.0360000 -35.2261162
0.0370000 -21.4506340
0.0380000 -19.7074986
0.0390000 -27.9607582
0.0400000 4.3814125
0.0410000 -11.2853508
0.0420000 19.5727634
0.0430000 11.4051600
0.0440000 12.2102642
0.0450000 -16.7383366
0.0460000 12.3572416
0.0470000 19.1549759
0.0480000 8.7172384
0.0490000 -36.3269119
0.0500000 -38.6959572
0.0510000 22.4112988
0.0520000 -17.1722660
0.0530000 -38.3579521
0.0540000 -9.7500982
0.0550000 7.2466683
0.0560000 27.7677498
0.0570000 -34.8575211
0.0580000 2.2931890
0.0590000 -6.4950352
0.0600000 28.4772568
0.0610000 7.8829312
0.0620000 36.5406837
0.0630000 0.2692149
0.0640000 -36.8102760
0.0650000 3.5726089
0.0660000 -80.1020966
0.0670000 3.4133406
0.0680000 -47.5159798
0.0690000 26.0098591
0.0700000 48.5578346
0.0710000 25.6687469
0.0720000 50.8065720
0.0730000 34.0602493
0.0740000 2.5896513
0.0750000 -25.0270901
0.0760000 -8.3838844
0.0770000 62.4877319
0.0780000 -61.1097260
0.0790000 8.0282211
0.0800000 25.4892216
0.0810000 44.6277390
0.0820000 -53.6551018
0.0830000 49.1370354
0.0840000 -15.7769423
0.0850000 32.8535690
0.0860000 -64.7089615
0.0870000 33.7895279
0.0880000 20.9588852
0.0890000 13.9545631
0.0900000 -50.4452438
0.0910000 -50.0228348
0.0920000 29.9299259
0.0930000 -33.8069954
0.0940000 14.8962498
0.0950000 -43.1464119
0.0960000 43.1695023
0.0970000 87.5181808
0.0980000 -6.6867061
0.0990000 -19.9248161
0.1000000 13.8602571
0.1010000 -21.1017704
0.1020000 -26.7949600
0.1030000 -13.4589863
0.1040000 33.4042091
0.1050000 -9.0696230
0.1060000 33.2180290
0.1070000 -13.3601465
0.1080000 69.0013809
0.1090000 72.1212006
0.1100000 -8.4175310
0.1110000 42.5712128
0.1120000 5.1579628
0.1130000 -38.8662987
0.1140000 -54.4912071
0.1150000 -8.6716347
0.1160000 17.2362747
0.1170000 22.1980190
0.1180000 3.0296962
0.1190000 31.1326561
0.1200000 -10.3396196
0.1210000 39.8706512
0.1220000 -7.7149901
0.1230000 -39.5385628
0.1240000 -27.5744839
0.1250000 -16.8025589
0.1260000 -44.1546173
0.1270000 3.5299633
0.1280000 -22.0853081
0.1290000 -7.1285858
0.1300000 -41.4738159
0.1310000 18.6167393
0.1320000 -4.6011724
0.1330000 34.0122414
0.1340000 -59.4656448
0.1350000 41.9238777
0.1360000 -53.4365044
0.1370000 -12.9026842
0.1380000 22.6212883
0.1390000 20.3242493
0.1400000 32.8481865
0.1410000 -4.9565744
0.1420000 2.3687737
0.1430000 -28.6132259
0.1440000 -36.1091843
0.1450000 -9.0533180
0.1460000 -8.7578144
0.1470000 40.8689117
0.1480000 15.8953600
0.1490000 -18.2188435
0.1500000 -15.4663229
0.1510000 11.0381479
0.1520000 28.8181934
0.1530000 -12.5036936
0.1540000 -35.0072632
0.1550000 20.2864132
0.1560000 -60.2723579
0.1570000 28.2684212
0.1580000 -27.0770607
0.1590000 21.3373222
0.1600000 26.6536102
0.1610000 -36.0992737
0.1620000 6.1351757
0.1630000 12.5363979
0.1640000 6.6308393
0.1650000 45.2290077
0.1660000 17.3836403
0.1670000 -24.3332577
0.1680000 -55.8375626
0.1690000 28.0626659
0.1700000 -1.7904519
0.1710000 -53.1901665
0.1720000 -13.2547226
0.1730000 -46.9356689
0.1740000 -44.3371239
0.1750000 33.9697227
0.1760000 -23.2308807
0.1770000 24.8778744
0.1780000 -28.8504314
0.1790000 -18.2932262
0.1800000 -14.8478012
0.1810000 -0.5580972
0.1820000 41.5318413
0.1830000 28.8569221
0.1840000 -46.1744499
0.1850000 56.9799576
0.1860000 28.2805576
0.1870000 9.0436258
0.1880000 13.1909142
0.1890000 -59.8503227
0.1900000 57.4009933
0.1910000 17.0190029
0.1920000 -8.3018427
0.1930000 24.2414303
0.1940000 -49.2796898
0.1950000 13.6141520
0.1960000 10.2024240
0.1970000 -22.3148918
0.1980000 -17.5062504
0.1990000 -2.4462035
0.2000000 3.6237974
0.2010000 -22.8193150
0.2020000 -43.9732857
0.2030000 -0.2551482
0.2040000 -4.6493416
0.2050000 42.1681976
0.2060000 2.2254505
0.2070000 -5.2982635
0.2080000 -29.3706341
0.2090000 -9.9745951
0.2100000 13.4259071
0.2110000 -20.0995941
0.2120000 14.1580000
0.2130000 49.3143539
0.2140000 18.4310074
0.2150000 20.3603611
0.2160000 -35.2778320
0.2170000 -44.2140312
0.2180000 -7.1967826
0.2190000 -51.3996696
0.2200000 -21.0273781
0.2210000 43.3056679
0.2220000 48.3002625
0.2230000 20.9391251
0.2240000 31.1615639
0.2250000 62.1861572
0.2260000 55.0897789
0.2270000 -5.1430564
0.2280000 -12.1381531
0.2290000 48.3099937
0.2300000 -25.1970596
0.2310000 16.7566128
0.2320000 -4.8036938
0.2330000 6.5177937
0.2340000 -14.1374559
0.2350000 -6.4918203
0.2360000 24.0881386
0.2370000 16.1646309
0.2380000 -17.2465172
0.2390000 -23.7638168
0.2400000 -9.1131821
0.2410000 33.4772339
0.2420000 4.2762470
0.2430000 8.2969103
0.2440000 20.8732147
0.2450000 -30.7355328
0.2460000 -0.6350578
0.2470000 -3.6329808
0.2480000 27.7478199
0.2490000 -37.0966721
0.2500000 34.5966339
0.2510000 12.8329763
0.2520000 30.2321453
0.2530000 -19.6458702
0.2540000 -3.0876799
0.2550000 16.4641094
0.2560000 19.4462357
0.2570000 7.9701662
0.2580000 -31.8641129
0.2590000 -32.9397354
0.2600000 30.7728481
0.2610000 -35.8235168
0.2620000 -4.8844414
0.2630000 -25.4897327
0.2640000 -11.6125736
0.2650000 6.0483637
0.2660000 20.9912548
0.2670000 29.2441959
0.2680000 11.2358894
0.2690000 -15.2234192
0.2700000 42.1181908
0.2710000 43.7605858
0.2720000 -15.3385925
0.2730000 -41.7304955
0.2740000 -16.3161373
0.2750000 -45.4150429
0.2760000 -40.2615852
0.2770000 2.6663206
0.2780000 -16.7280121
0.2790000 19.3114147
0.2800000 -50.3625870
0.2810000 0.0374876
0.2820000 19.6610298
0.2830000 12.6678143
0.2840000 -53.2388878
0.2850000 23.4691601
0.2860000 14.1074038
0.2870000 -0.3485794
0.2880000 -9.1384029
0.2890000 45.5235558
0.2900000 -40.4735680
0.2910000 28.5049019
0.2920000 3.0961008
0.2930000 33.2643929
0.2940000 4.1835656
0.2950000 34.9071236
0.2960000 47.3319550
0.2970000 41.8407516
0.2980000 -78.6940994
0.2990000 28.9032974
0.3000000 -3.2392211
0.3010000 17.3646355
0.3020000 33.8153992
0.3030000 46.4468842
0.3040000 3.5652933
0.3050000 -31.6290112
0.3060000 74.0399399
0.3070000 -24.5813828
0.3080000 30.0015259
0.3090000 -12.1722555
0.3100000 -27.1887817
0.3110000 -31.4314137
0.3120000 28.4925995
0.3130000 22.7335911
0.3140000 71.8245010
0.3150000 -16.0052376
0.3160000 -43.3305130
0.3170000 47.5631676
0.3180000 -11.0386372
0.3190000 -5.4655337
0.3200000 -6.6821094
0.3210000 -38.5969162
0.3220000 8.9416246
0.3230000 66.8802338
0.3240000 -32.7966995
0.3250000 4.1640611
0.3260000 24.0676003
0.3270000 1.2128297
0.3280000 22.8388996
0.3290000 -56.1334877
0.3300000 -65.4972076
0.3310000 -0.1329059
0.3320000 33.4749107
0.3330000 -37.3214417
0.3340000 68.5481491
0.3350000 14.7867308
0.3360000 -50.0440865
0.3370000 -59.8039436
0.3380000 4.7317233
0.3390000 60.8124352
0.3400000 23.6447525
0.3410000 -5.1286669
0.3420000 49.4974594
0.3430000 46.8633537
0.3440000 -46.9346771
0.3450000 -67.1701813
0.3460000 2.8978634
0.3470000 13.0175228
0.3480000 -27.0096912
0.3490000 39.9573898
0.3500000 24.8630333
0.3510000 38.6943054
0.3520000 24.4140720
0.3530000 -3.3312304
0.3540000 2.8916883
0.3550000 35.8789330
0.3560000 -21.3908100
0.3570000 3.5877714
0.3580000 32.2151566
0.3590000 99.8025894
0.3600000 32.5731125
0.3610000 -68.8755417
0.3620000 32.2337761
0.3630000 32.8863907
0.3640000 -55.9958725
0.3650000 71.7186584
0.3660000 48.7825050
0.3670000 73.6348343
0.3680000 -51.2477341
0.3690000 27.7232990
0.3700000 -5.9122458
0.3710000 32.0922432
0.3720000 -31.0019417
0.3730000 -2.4840162
0.3740000 -16.4135838
0.3750000 36.9756050
0.3760000 40.7574959
0.3770000 32.7261391
0.3780000 8.9392128
0.3790000 -3.2742870
0.3800000 31.9318867
0.3810000 34.5832481
0.3820000 -13.3042707
0.3830000 -28.7917118
0.3840000 -44.1278687
0.3850000 -22.0117836
0.3860000 46.8595848
0.3870000 -0.0741398
0.3880000 -26.0127735
0.3890000 4.2573581
0.3900000 -17.9933815
0.3910000 -41.2558060
0.3920000 29.7732830
0.3930000 11.9367332
0.3940000 5.1348395
0.3950000 36.4806442
0.3960000 8.4954853
0.3970000 -45.5341110
0.3980000 11.9517708
0.3990000 -53.4582100
0.4000000 -3.9666910
0.4010000 -5.6029248
0.4020000 22.1996727
0.4030000 11.8237429
0.4040000 -14.1046391
0.4050000 84.0229645
0.4060000 -6.4221525
0.4070000 -46.6643372
0.4080000 -66.4346390
0.4090000 8.0850048
0.4100000 -37.4542770
0.4110000 9.4594755
0.4120000 -47.9707222
0.4130000 -14.3970604
0.4140000 27.9218292
0.4150000 13.6704350
0.4160000 56.2537498
0.4170000 -8.2980909
0.4180000 30.5537224
0.4190000 -59.3933449
0.4200000 30.7793922
0.4210000 -0.8465389
0.4220000 15.0716610
0.4230000 24.6280365
0.4240000 19.8966732
0.4250000 -5.7815695
0.4260000 14.2972183
0.4270000 38.6568565
0.4280000 30.4132004
0.4290000 6.0014544
0.4300000 -15.6254396
0.4310000 37.0122643
0.4320000 10.7064333
0.4330000 -9.0893850
0.4340000 4.3823290
0.4350000 11.8002138
0.4360000 -12.1701212
0.4370000 -45.3859177
0.4380000 -27.2493000
0.4390000 -38.6091957
0.4400000 -13.9501276
0.4410000 -23.2868938
0.4420000 52.7727127
0.4430000 -5.3943877
0.4440000 -25.6695194
0.4450000 -54.6881943
0.4460000 61.9590988
0.4470000 -10.1703949
0.4480000 -101.6795273
0.4490000 -14.3877659
0.4500000 -1.2197595
0.4510000 26.3216171
0.4520000 24.1428165
0.4530000 -12.2131548
0.4540000 -34.2837143
0.4550000 -48.8294220
0.4560000 27.2760487
0.4570000 42.1942215
0.4580000 32.4997063
0.4590000 3.1689057
0.4600000 13.9644623
0.4610000 13.3023462
0.4620000 -17.7958241
0.4630000 -32.2573547
0.4640000 6.8594418
0.4650000 0.3832562
0.4660000 28.1627560
0.4670000 -36.5283012
0.4680000 0.5406936
0.4690000 5.7023478
0.4700000 -13.2830648
0.4710000 -48.1601524
0.4720000 47.2197151
0.4730000 -39.9599113
0.4740000 -6.6698508
0.4750000 -12.8203201
0.4760000 21.9385357
0.4770000 36.8334999
0.4780000 -23.2663136
0.4790000 -19.1784325
0.4800000 -42.3803787
0.4810000 61.9862709
0.4820000 -53.8262444
0.4830000 4.4448972
0.4840000 -38.4458923
0.4850000 67.3421478
0.4860000 -47.5686722
0.4870000 40.9843140
0.4880000 22.2708683
0.4890000 -4.8964992
0.4900000 75.7337494
0.4910000 -8.4194851
0.4920000 21.7001743
0.4930000 -2.6889377
0.4940000 27.8576374
0.4950000 7.7042990
0.4960000 9.2753181
0.4970000 90.4533844
0.4980000 -68.1221924
0.4990000 23.0207024
0.5000000 46.4262657
0.5010000 -23.1561260
0.5020000 -15.8650904
0.5030000 31.2535343
0.5040000 -78.4923706
0.5050000 14.5148048
0.5060000 -17.1550522
0.5070000 -13.5349808
0.5080000 11.1006193
0.5090000 -7.8210115
0.5100000 -38.9823608
0.5110000 -27.7447853
0.5120000 41.3434944
0.5130000 -5.2419043
0.5140000 -14.9365215
0.5150000 -9.9469891
0.5160000 -4.1965423
0.5170000 -9.4229116
0.5180000 -2.1301875
0.5190000 -21.9279385
0.5200000 -33.9995995
0.5210000 -51.0665321
0.5220000 -23.6943378
0.5230000 -25.0994205
0.5240000 -18.2591248
0.5250000 -5.2400227
0.5260000 19.9214802
0.5270000 -16.1524944
0.5280000 -68.1409454
0.5290000 -1.0653895
0.5300000 -15.8777676
0.5310000 11.0273027
0.5320000 -24.3161221
0.5330000 12.8006144
0.5340000 -7.8948364
0.5350000 -22.1803360
0.5360000 -33.3119431
0.5370000 6.1821947
0.5380000 -46.5562172
0.5390000 -29.1446781
0.5400000 7.2667694
0.5410000 14.2685423
0.5420000 -27.8908978
0.5430000 -34.8249741
0.5440000 18.9877701
0.5450000 24.2063408
0.5460000 10.5096045
0.5470000 -41.9008293
0.5480000 3.5626888
0.5490000 7.7934766
0.5500000 46.3125954
0.5510000 -20.5508232
0.5520000 25.5532703
0.5530000 31.2709656
0.5540000 -51.3889809
0.5550000 9.5515795
0.5560000 88.8924408
0.5570000 32.8490257
0.5580000 43.3947182
0.5590000 -1.8225708
0.5600000 35.3120193
0.5610000 -0.5540310
0.5620000 -34.4620323
0.5630000 18.8828011
0.5640000 63.5536461
0.5650000 50.9630203
0.5660000 7.7979741
0.5670000 9.7506666
0.5680000 -0.3012783
0.5690000 -5.4865017
0.5700000 6.9262795
0.5710000 29.3352985
0.5720000 17.5631828
0.5730000 2.3689458
0.5740000 31.4899521
0.5750000 3.0671499
0.5760000 8.0926361
0.5770000 -13.0103121
0.5780000 47.2532997
0.5790000 -66.7768631
0.5800000 -27.8977737
0.5810000 -31.2460022
0.5820000 -2.0838342
0.5830000 23.3092194
0.5840000 -6.8768082
0.5850000 -31.8255711
0.5860000 12.1546993
0.5870000 -10.6968689
0.5880000 -16.5326824
0.5890000 28.6530457
0.5900000 40.0662994
0.5910000 65.9224777
0.5920000 -3.1755919
0.5930000 7.9978638
0.5940000 -18.6011543
0.5950000 61.2253342
0.5960000 36.5881004
0.5970000 -5.0468144
0.5980000 43.9783592
0.5990000 -23.6514893
0.6000000 -7.8578200
0.6010000 22.4843998
0.6020000 -7.3243113
0.6030000 10.5175085
0.6040000 -3.6964614
0.6050000 38.1290436
0.6060000 -36.3345413
0.6070000 -55.9789505
0.6080000 -64.2160797
0.6090000 -21.8031979
0.6100000 -19.8317280
0.6110000 26.8367863
0.6120000 -7.2130923
0.6130000 -11.0785580
0.6140000 4.6364980
0.6150000 -82.4798355
0.6160000 -36.9817543
0.6170000 99.0275345
0.6180000 -8.3303223
0.6190000 40.8689232
0.6200000 -76.1531982
0.6210000 7.4674020
0.6220000 41.8424034
0.6230000 43.1604919
0.6240000 -20.1786251
0.6250000 15.3444176
0.6260000 -23.5112839
0.6270000 -1.3113188
0.6280000 43.0231552
0.6290000 -9.4488211
0.6300000 0.3216429
0.6310000 15.0411406
0.6320000 -41.0050964
0.6330000 14.6770439
0.6340000 -10.4515123
0.6350000 29.2902298
0.6360000 10.3886623
0.6370000 -34.0357819
0.6380000 -44.6349716
0.6390000 -13.6375751
0.6400000 23.7247581
0.6410000 27.4415493
0.6420000 -20.4958572
0.6430000 38.0084724
0.6440000 -60.4974823
0.6450000 38.6390610
0.6460000 28.0288219
0.6470000 -73.9016876
0.6480000 33.2340393
0.6490000 34.5129623
0.6500000 -11.4340515
0.6510000 30.3482800
0.6520000 -2.1234038
0.6530000 7.3940883
0.6540000 -20.0305405
0.6550000 -19.8178329
0.6560000 -21.4802246
0.6570000 -0.0440267
0.6580000 -39.0064735
0.6590000 35.0568199
0.6600000 15.0786724
0.6610000 5.2720900
0.6620000 28.4809246
0.6630000 35.8346939
0.6640000 -0.7939902
0.6650000 11.0061569
0.6660000 -77.2608261
0.6670000 -9.1754179
0.6680000 32.3417587
0.6690000 -38.8652725
0.6700000 29.2578468
0.6710000 31.0955296
0.6720000 19.1913147
0.6730000 -33.9730949
0.6740000 22.9795303
0.6750000 28.9897919
0.6760000 109.8650208
0.6770000 -42.7157936
0.6780000 39.1427994
0.6790000 0.1110218
0.6800000 18.0663395
0.6810000 20.5668335
0.6820000 50.0294304
0.6830000 3.1209235
0.6840000 -19.7791100
0.6850000 -30.4110279
0.6860000 5.0117941
0.6870000 23.2937870
0.6880000 24.3937950
0.6890000 34.0283318
0.6900000 -37.4913597
0.6910000 -38.5946236
0.6920000 40.7037964
0.6930000 2.5989196
0.6940000 -27.2795105
0.6950000 -58.2437057
0.6960000 28.7476501
0.6970000 51.7420654
0.6980000 -57.3401337
0.6990000 26.0371227
0.7000000 -64.2453461
0.7010000 -19.6648712
0.7020000 -27.2206669
0.7030000 41.4147720
0.7040000 10.8007488
0.7050000 20.5732079
0.7060000 10.7860289
0.7070000 -64.1252594
0.7080000 -1.9107969
0.7090000 10.8814697
0.7100000 45.5281067
0.7110000 57.4978561
0.7120000 -23.7212601
0.7130000 -6.1072226
0.7140000 45.1750298
0.7150000 23.9563732
0.7160000 53.3708878
0.7170000 -46.0227852
0.7180000 14.5333567
0.7190000 7.2144213
0.7200000 32.0224571
0.7210000 23.3578587
0.7220000 43.2747879
0.7230000 71.1836319
0.7240000 7.9087439
0.7250000 22.7874031
0.7260000 -46.8942146
0.7270000 16.4952374
0.7280000 9.7688065
0.7290000 -44.6148720
0.7300000 -12.7404280
0.7310000 19.8954754
0.7320000 30.4136467
0.7330000 -40.0841255
0.7340000 21.4725418
0.7350000 1.3463352
0.7360000 41.4725418
0.7370000 20.7813435
0.7380000 -35.6115303
0.7390000 -55.2087746
0.7400000 -8.8585243
0.7410000 -4.8839664
0.7420000 0.0615212
0.7430000 43.6688347
0.7440000 40.6766472
0.7450000 2.3161478
0.7460000 66.9766159
0.7470000 -15.9694395
0.7480000 -24.5815907
0.7490000 19.3987980
0.7500000 24.5906010
0.7510000 -25.5386715
0.7520000 60.1529541
0.7530000 -21.5428715
0.7540000 -16.6367512
0.7550000 50.6212273
0.7560000 44.0838852
0.7570000 10.6878366
0.7580000 -40.0349121
0.7590000 -15.9327641
0.7600000 -45.5947113
0.7610000 14.5891886
0.7620000 19.3536606
0.7630000 -13.5852604
0.7640000 -3.2784214
0.7650000 -7.5995464
0.7660000 6.3198547
0.7670000 -7.7879558
0.7680000 -20.8901005
0.7690000 -8.6456728
0.7700000 83.8497009
0.7710000 -22.4666805
0.7720000 -2.7232742
0.7730000 -31.6876602
0.7740000 -51.0049477
0.7750000 -19.7918587
0.7760000 37.6526222
0.7770000 -20.4982681
0.7780000 59.2948608
0.7790000 -22.8432579
0.7800000 -10.7842283
0.7810000 33.8457680
0.7820000 26.9982224
0.7830000 5.2519526
0.7840000 -30.9242001
0.7850000 -11.2191401
0.7860000 -18.2083511
0.7870000 -1.4545473
0.7880000 58.4199219
0.7890000 -61.6148758
0.7900000 16.6120358
0.7910000 5.5368261
0.7920000 21.1735096
0.7930000 -10.5051336
0.7940000 67.3420715
0.7950000 45.4638443
0.7960000 32.1135712
0.7970000 63.2856026
0.7980000 -32.9153709
0.7990000 8.0240774
0.8000000 -11.3872147
0.8010000 -27.1652069
0.8020000 -16.5049343
0.8030000 -18.6465034
0.8040000 12.7394905
0.8050000 64.6559219
0.8060000 -34.9396553
0.8070000 -29.4487438
0.8080000 59.1571732
0.8090000 1.2580689
0.8100000 -35.0129433
0.8110000 -22.4968395
0.8120000 -1.3283861
0.8130000 -2.7406871
0.8140000 -4.7131391
0.8150000 13.1913567
0.8160000 -28.7528133
0.8170000 28.3191299
0.8180000 -1.8738866
0.8190000 4.4886541
0.8200000 -35.8558350
0.8210000 -52.9883347
0.8220000 -3.6724281
0.8230000 -29.6040192
0.8240000 -31.7260094
0.8250000 -6.0919652
0.8260000 86.1677704
0.8270000 -7.2932649
0.8280000 -0.4893533
0.8290000 -53.0153313
0.8300000 77.6520081
0.8310000 -7.2747984
0.8320000 -15.8311825
0.8330000 -17.5513821
0.8340000 10.9543829
0.8350000 3.2880809
0.8360000 65.5625076
0.8370000 3.3825724
0.8380000 100.9724350
0.8390000 38.9935951
0.8400000 -23.0819244
0.8410000 -24.9108334
0.8420000 -20.6845646
0.8430000 25.6879692
0.8440000 62.5688210
0.8450000 0.3137030
0.8460000 15.2137127
0.8470000 54.9200668
0.8480000 -21.8467693
0.8490000 -38.4999008
0.8500000 -21.9674168
0.8510000 -16.7693119
0.8520000 -22.0672836
0.8530000 -6.9965892
0.8540000 44.4623375
0.8550000 9.3340721
0.8560000 -9.5168161
0.8570000 -10.6382189
0.8580000 -68.7904282
0.8590000 -26.4210148
0.8600000 3.6974318
0.8610000 -55.8805923
0.8620000 0.8519320
0.8630000 10.1629887
0.8640000 11.4053841
0.8650000 67.6867828
0.8660000 13.0362806
0.8670000 1.5724074
0.8680000 -14.9726591
0.8690000 -29.1159019
0.8700000 -10.6584597
0.8710000 13.3463945
0.8720000 60.3608208
0.8730000 6.6630187
0.8740000 -21.5615559
0.8750000 14.9061413
0.8760000 -23.5825253
0.8770000 -31.7025738
0.8780000 -30.4108238
0.8790000 57.1319542
0.8800000 38.8716888
0.8810000 11.1630306
0.8820000 -8.1069536
0.8830000 -2.0412822
0.8840000 14.5973396
0.8850000 -37.1753006
0.8860000 65.7819443
0.8870000 1.7188566
0.8880000 -22.0308113
0.8890000 -66.5213394
0.8900000 13.8835115
0.8910000 41.2182045
0.8920000 64.4219208
0.8930000 19.0211945
0.8940000 -16.8617477
0.8950000 -34.5950394
0.8960000 -46.4067116
0.8970000 -14.4084129
0.8980000 18.8414822
0.8990000 -72.6454010
0.9000000 11.7957859
0.9010000 17.0879402
0.9020000 53.9328537
0.9030000 -42.9103966
0.9040000 28.8471146
0.9050000 2.6213038
0.9060000 -12.0441513
0.9070000 -14.6749563
0.9080000 -58.5166969
0.9090000 -17.9052448
0.9100000 38.8266182
0.9110000 24.4713306
0.9120000 -9.3477221
0.9130000 5.8371825
0.9140000 -36.2920799
0.9150000 11.0259733
0.9160000 -45.5870132
0.9170000 21.3261623
0.9180000 4.6822209
0.9190000 -13.1946611
0.9200000 34.1489220
0.9210000 -17.1329021
0.9220000 -21.5471096
0.9230000 7.4324646
0.9240000 -16.1925564
0.9250000 18.0620975
0.9260000 -60.8734169
0.9270000 -18.4592247
0.9280000 28.2654781
0.9290000 35.2538109
0.9300000 -3.9142272
0.9310000 -23.2514591
0.9320000 5.8179808
0.9330000 -34.3090553
0.9340000 -46.2386093
0.9350000 28.8511200
0.9360000 71.2712402
0.9370000 -32.6207275
0.9380000 -7.8412485
0.9390000 44.5194778
0.9400000 21.8690071
0.9410000 -10.7772007
0.9420000 39.4400711
0.9430000 45.9108658
0.9440000 -2.1498330
0.9450000 5.4742889
0.9460000 -40.1572418
0.9470000 25.6051044
0.9480000 56.4402580
0.9490000 -2.0090129
0.9500000 -26.6692333
0.9510000 -10.3298388
0.9520000 48.9580688
0.9530000 -2.7926710
0.9540000 57.7888260
0.9550000 20.8060932
0.9560000 19.4539776
0.9570000 -10.7340021
0.9580000 44.8070183
0.9590000 -62.7908630
0.9600000 -9.8547678
0.9610000 44.3749809
0.9620000 -22.1149921
0.9630000 23.5434361
0.9640000 -7.9435797
0.9650000 -8.7174292
0.9660000 -40.1459427
0.9670000 41.5483246
0.9680000 -56.3710136
0.9690000 -62.0151749
0.9700000 48.6673775
0.9710000 19.8342838
0.9720000 -30.8693485
0.9730000 56.8726196
0.9740000 23.1867714
0.9750000 -22.1533546
0.9760000 36.3714218
0.9770000 -12.1661091
0.9780000 -36.0585480
0.9790000 20.2570896
0.9800000 -5.7948942
0.9810000 -5.8672519
0.9820000 10.2155628
0.9830000 40.2420235
0.9840000 55.3496475
0.9850000 32.7004356
0.9860000 -17.0045643
0.9870000 30.0202465
0.9880000 0.0711033
0.9890000 9.1316137
0.9900000 -60.4088516
0.9910000 15.3934250
0.9920000 5.1817617
0.9930000 -6.6236181
0.9940000 -20.5731945
0.9950000 -52.0887527
0.9960000 7.9457521
0.9970000 -95.1053391
0.9980000 -9.3960400
0.9990000 -17.5349407
