0.0000000 -24.5190639
0.0010000 26.8783054
0.0020000 -3.9268119
0.0030000 -7.6267619
0.0040000 -4.9748945
0.0050000 -4.6970143
0.0060000 58.7739143
0.0070000 -14.6214790
0.0080000 35.5067787
0.0090000 4.7549486
0.0100000 70.2685776
0.0110000 -50.8359299
0.0120000 16.1600418
0.0130000 -47.9887543
0.0140000 -13.9747171
0.0150000 -21.5915775
0.0160000 2.2594087
0.0170000 -18.0686092
0.0180000 0.5635040
0.0190000 46.1656265
0.0200000 -71.6804504
0.0210000 12.0012169
0.0220000 -8.5936413
0.0230000 -36.0363541
0.0240000 -0.2473989
0.0250000 -13.2154894
0.0260000 -34.3956337
0.0270000 131.7483521
0.0280000 -24.4170208
0.0290000 -36.9562187
0.0300000 25.7671452
0.0310000 -44.8135948
0.0320000 -23.1134624
0.0330000 -11.1575031
0.0340000 28.6976528
0.0350000 -5.9247561
0.0360000 -25.1212749
0.0370000 29.4630756
0.0380000 17.8246479
0.0390000 73.2950058
0.0400000 -79.1921692
0.0410000 17.4737453
0.0420000 53.2666817
0.0430000 -1.3361951
0.0440000 24.1896744
0.0450000 -37.4949379
0.0460000 -6.8977804
0.0470000 5.9478731
0.0480000 31.0188217
0.0490000 -0.8345602
0.0500000 62.2963905
0.0510000 10.8641014
0.0520000 -1.5026631
0.0530000 46.5428772
0.0540000 -64.2291107
0.0550000 -80.1409073
0.0560000 17.3703537
0.0570000 25.2044964
0.0580000 -46.2823143
0.0590000 -9.5742817
0.0600000 2.0504596
0.0610000 34.1043892
0.0620000 57.4493408
0.0630000 67.2276154
0.0640000 -74.0698624
0.0650000 29.8592396
0.0660000 7.6745872
0.0670000 -25.7068958
0.0680000 31.0500278
0.0690000 -15.1335716
0.0700000 7.1425767
0.0710000 -17.3507767
0.0720000 30.3853321
0.0730000 -54.4360428
0.0740000 22.2330341
0.0750000 -6.2580895
0.0760000 46.7290802
0.0770000 -66.7789917
0.0780000 10.9528961
0.0790000 37.6253357
0.0800000 8.8931370
0.0810000 -25.9659653
0.0820000 23.7483349
0.0830000 43.0051727
0.0840000 9.3270760
0.0850000 -32.3470993
0.0860000 -7.4426618
0.0870000 -98.3297501
0.0880000 -20.1888447
0.0890000 -23.7057190
0.0900000 4.8958440
0.0910000 18.4485569
0.0920000 17.3481159
0.0930000 20.5735950
0.0940000 14.9403543
0.0950000 -64.7701035
0.0960000 107.7549973
0.0970000 6.3553696
0.0980000 65.9490738
0.0990000 -50.3719559
0.1000000 -65.2568741
0.1010000 -16.8288937
0.1020000 -16.8069477
0.1030000 -24.7171783
0.1040000 15.8306322
0.1050000 -5.1158667
0.1060000 11.3827972
0.1070000 0.6058195
0.1080000 -6.6228466
0.1090000 15.3466587
0.1100000 4.1573610
0.1110000 30.0194759
0.1120000 45.5877800
0.1130000 56.8974075
0.1140000 -28.7600861
0.1150000 -4.3994188
0.1160000 -46.6235085
0.1170000 -0.3077230
0.1180000 -2.4555471
0.1190000 -60.3074646
0.1200000 52.0882721
0.1210000 -60.4765129
0.1220000 10.7051764
0.1230000 -26.3215923
0.1240000 -9.6379614
0.1250000 -17.3526573
0.1260000 23.2150192
0.1270000 16.7262859
0.1280000 4.8284793
0.1290000 -23.6751270
0.1300000 39.8926353
0.1310000 13.3224792
0.1320000 49.7558746
0.1330000 -24.7941132
0.1340000 7.9114985
0.1350000 16.6077824
0.1360000 18.0586491
0.1370000 -3.6741772
0.1380000 -29.3730392
0.1390000 32.9309006
0.1400000 14.8088093
0.1410000 22.7825527
0.1420000 67.8395920
0.1430000 -2.2318239
0.1440000 -39.9634094
0.1450000 49.9579926
0.1460000 -4.9046707
0.1470000 26.6700306
0.1480000 10.7710848
0.1490000 41.1396370
0.1500000 -48.5682220
0.1510000 -10.1384220
0.1520000 -26.3417244
0.1530000 100.5359268
0.1540000 -17.1295490
0.1550000 74.4611359
0.1560000 -23.2297916
0.1570000 51.9613266
0.1580000 34.1355476
0.1590000 -0.0151450
0.1600000 -46.5356903
0.1610000 -15.4559393
0.1620000 38.8495216
0.1630000 21.2905540
0.1640000 5.9923468
0.1650000 10.5029745
0.1660000 100.3093185
0.1670000 35.2668991
0.1680000 -1.0623134
0.1690000 1.6194078
0.1700000 -63.2342796
0.1710000 10.0611773
0.1720000 -0.4248118
0.1730000 3.4492218
0.1740000 15.1604195
0.1750000 -11.8162374
0.1760000 -16.6221714
0.1770000 -27.0971947
0.1780000 31.3777695
0.1790000 -14.0417871
0.1800000 -6.7131066
0.1810000 11.8306494
0.1820000 -27.2474880
0.1830000 83.4518280
0.1840000 -23.9840870
0.1850000 -17.0138206
0.1860000 -10.4881496
0.1870000 -6.0155659
0.1880000 -51.5501747
0.1890000 -15.8258162
0.1900000 0.9185696
0.1910000 51.1659813
0.1920000 3.9764454
0.1930000 -45.1094666
0.1940000 -24.5638256
0.1950000 -26.8167076
0.1960000 1.8072449
0.1970000 -2.2772191
0.1980000 -42.3051796
0.1990000 88.3570709
0.2000000 -42.4905396
0.2010000 -7.2604713
0.2020000 -58.3127403
0.2030000 2.2605910
0.2040000 22.0315113
0.2050000 16.1850815
0.2060000 -43.0935364
0.2070000 -13.8339472
0.2080000 -47.0793800
0.2090000 -14.9693537
0.2100000 35.1500092
0.2110000 -44.5799789
0.2120000 -39.4572563
0.2130000 -23.8073483
0.2140000 -8.5676174
0.2150000 30.5755196
0.2160000 4.9950066
0.2170000 44.6122665
0.2180000 55.2913933
0.2190000 -26.0025845
0.2200000 4.1045141
0.2210000 27.7455063
0.2220000 7.6647773
0.2230000 -35.2611809
0.2240000 -58.1794052
0.2250000 -51.0533485
0.2260000 -32.8236046
0.2270000 -36.2860031
0.2280000 -22.8370991
0.2290000 4.8964510
0.2300000 -35.0841904
0.2310000 80.3071747
0.2320000 -32.6018333
0.2330000 -6.9161177
0.2340000 -13.9752417
0.2350000 64.4872742
0.2360000 -56.7726746
0.2370000 38.2171326
0.2380000 47.6908073
0.2390000 -86.7642136
0.2400000 7.9426246
0.2410000 -17.0729485
0.2420000 43.7283745
0.2430000 34.5321083
0.2440000 21.4556675
0.2450000 -78.2028961
0.2460000 -28.2190781
0.2470000 6.1859355
0.2480000 27.7940826
0.2490000 -7.6068435
0.2500000 12.1426353
0.2510000 81.6543808
0.2520000 -0.9242229
0.2530000 -29.7238808
0.2540000 -26.9383297
0.2550000 14.1250992
0.2560000 31.4264641
0.2570000 -1.5964619
0.2580000 79.8685837
0.2590000 41.2341537
0.2600000 48.4828835
0.2610000 -46.9121132
0.2620000 -34.2691879
0.2630000 -15.8938560
0.2640000 -55.3525505
0.2650000 26.0942554
0.2660000 -16.2432079
0.2670000 -12.6599760
0.2680000 -1.3545048
0.2690000 -2.8956642
0.2700000 -18.8834591
0.2710000 67.4022827
0.2720000 -22.4006443
0.2730000 -10.8308916
0.2740000 52.2402496
0.2750000 2.6319480
0.2760000 15.2771578
0.2770000 -4.8698568
0.2780000 1.0446019
0.2790000 45.4038925
0.2800000 12.8695889
0.2810000 -42.0548897
0.2820000 27.9181557
0.2830000 45.1898308
0.2840000 8.9994650
0.2850000 4.3332934
0.2860000 -35.4718895
0.2870000 -2.5856957
0.2880000 -8.2741528
0.2890000 8.9877234
0.2900000 -56.5489426
0.2910000 50.6031876
0.2920000 -11.1689520
0.2930000 49.3644562
0.2940000 37.5976677
0.2950000 -49.2816544
0.2960000 8.6453743
0.2970000 72.4570465
0.2980000 -12.5625544
0.2990000 -37.2707329
0.3000000 -31.7444248
0.3010000 52.1910515
0.3020000 26.0503407
0.3030000 -12.8527470
0.3040000 -33.9228706
0.3050000 -25.6687737
0.3060000 2.1726971
0.3070000 -11.6450949
0.3080000 39.3031273
0.3090000 29.9040661
0.3100000 -6.1981421
0.3110000 12.6720943
0.3120000 -40.4952278
0.3130000 -3.8281977
0.3140000 34.6063232
0.3150000 -28.5636044
0.3160000 -6.8313332
0.3170000 -6.1629663
0.3180000 -23.9525032
0.3190000 -4.4272280
0.3200000 56.7123108
0.3210000 30.3309212
0.3220000 14.0724230
0.3230000 -76.4330750
0.3240000 38.2389069
0.3250000 8.5389328
0.3260000 60.1740532
0.3270000 -34.4784393
0.3280000 -12.9781590
0.3290000 39.8697052
0.3300000 12.0575581
0.3310000 -27.3664341
0.3320000 25.4885502
0.3330000 -50.2841148
0.3340000 56.3468552
0.3350000 -53.5698891
0.3360000 -6.9352975
0.3370000 34.8490219
0.3380000 -11.3672953
0.3390000 -8.4421711
0.3400000 -27.6568642
0.3410000 -35.1082382
0.3420000 -17.7098179
0.3430000 1.8831978
0.3440000 8.0232410
0.3450000 58.4233665
0.3460000 72.9067688
0.3470000 -3.4656382
0.3480000 -77.3399734
0.3490000 -61.3040047
0.3500000 16.9691734
0.3510000 42.9519005
0.3520000 39.0336609
0.3530000 -23.4446373
0.3540000 -14.0255899
0.3550000 53.7383003
0.3560000 -25.4182129
0.3570000 -7.4063134
0.3580000 -20.4957867
0.3590000 -36.3032951
0.3600000 63.2480659
0.3610000 35.8736229
0.3620000 -13.9928722
0.3630000 37.8021927
0.3640000 -7.4308033
0.3650000 30.0962200
0.3660000 25.3221588
0.3670000 -3.5307310
0.3680000 -29.8057079
0.3690000 -35.9286308
0.3700000 2.2720404
0.3710000 40.9513741
0.3720000 19.0515442
0.3730000 54.4678383
0.3740000 10.8470545
0.3750000 5.0783429
0.3760000 10.8948126
0.3770000 32.1579514
0.3780000 27.1951885
0.3790000 5.3036108
0.3800000 19.7134800
0.3810000 -18.4550552
0.3820000 -17.4215660
0.3830000 -1.7784863
0.3840000 -9.8340387
0.3850000 15.4864931
0.3860000 24.6015453
0.3870000 -89.1163330
0.3880000 14.6587563
0.3890000 2.3538806
0.3900000 14.7446985
0.3910000 -25.7617722
0.3920000 11.7932396
0.3930000 2.2452154
0.3940000 13.4715538
0.3950000 7.4684777
0.3960000 -6.7334261
0.3970000 52.8575974
0.3980000 22.2694473
0.3990000 26.7111244
0.4000000 -18.9997463
0.4010000 0.1596887
0.4020000 0.1874958
0.4030000 38.5480080
0.4040000 -28.7705326
0.4050000 7.1477847
0.4060000 -15.1017151
0.4070000 -74.7883377
0.4080000 -58.3953018
0.4090000 27.3069496
0.4100000 -7.6347585
0.4110000 -32.8504410
0.4120000 -50.4560394
0.4130000 23.5641842
0.4140000 -50.0183449
0.4150000 70.1481476
0.4160000 -48.8302498
0.4170000 -77.3279343
0.4180000 26.8166618
0.4190000 22.5995598
0.4200000 -16.1828747
0.4210000 -33.6959419
0.4220000 -40.4580231
0.4230000 -20.1459866
0.4240000 -33.0029984
0.4250000 60.4085426
0.4260000 -37.9958076
0.4270000 71.9266891
0.4280000 -14.8628721
0.4290000 -18.4016514
0.4300000 67.2314301
0.4310000 27.0869522
0.4320000 10.6512842
0.4330000 49.5676270
0.4340000 80.2445145
0.4350000 -63.4590836
0.4360000 -44.3117180
0.4370000 -8.8138475
0.4380000 -29.3787842
0.4390000 -29.2024593
0.4400000 -5.5578570
0.4410000 1.2915101
0.4420000 1.8053048
0.4430000 -39.9457817
0.4440000 42.1815300
0.4450000 -65.1906128
0.4460000 -7.2354107
0.4470000 26.6125488
0.4480000 -31.7983036
0.4490000 -0.1346365
0.4500000 32.9900169
0.4510000 48.7906532
0.4520000 48.4370117
0.4530000 -56.2160797
0.4540000 -54.8750992
0.4550000 -5.4628801
0.4560000 -41.7197151
0.4570000 42.9934883
0.4580000 34.1504211
0.4590000 32.1242561
0.4600000 22.4314156
0.4610000 0.5756556
0.4620000 52.3460426
0.4630000 0.7779803
0.4640000 -32.8657036
0.4650000 -15.6310244
0.4660000 8.4288549
0.4670000 8.2214804
0.4680000 40.1202850
0.4690000 -21.5149670
0.4700000 43.4587364
0.4710000 53.3603630
0.4720000 8.9373627
0.4730000 -3.6158144
0.4740000 33.4382477
0.4750000 21.1470165
0.4760000 31.4274139
0.4770000 -19.2783794
0.4780000 -27.0692616
0.4790000 -32.9164848
0.4800000 13.4636154
0.4810000 14.4259710
0.4820000 -46.7019386
0.4830000 61.8172798
0.4840000 7.1805911
0.4850000 37.3235893
0.4860000 15.2163696
0.4870000 -27.9339619
0.4880000 -1.6132046
0.4890000 -21.8794422
0.4900000 -11.3462133
0.4910000 -5.8695979
0.4920000 30.8267040
0.4930000 64.8216019
0.4940000 -6.6134577
0.4950000 32.7129707
0.4960000 -14.4755020
0.4970000 -31.6952667
0.4980000 -50.7494621
0.4990000 -9.1113901
0.5000000 -92.8194122
0.5010000 79.3746643
0.5020000 38.0043793
0.5030000 14.9082289
0.5040000 36.1823959
0.5050000 -86.2814713
0.5060000 -13.2624092
0.5070000 -32.1364288
0.5080000 -106.1396408
0.5090000 10.9627085
0.5100000 -50.0799484
0.5110000 -12.0901890
0.5120000 10.9460840
0.5130000 5.0458937
0.5140000 -1.8504865
0.5150000 -7.4054046
0.5160000 13.6717682
0.5170000 38.2122192
0.5180000 -38.5961266
0.5190000 4.3633189
0.5200000 -33.4095039
0.5210000 30.1499882
0.5220000 37.3470039
0.5230000 17.6359367
0.5240000 20.7803688
0.5250000 1.2937938
0.5260000 13.1177530
0.5270000 14.6652107
0.5280000 -42.2164268
0.5290000 51.1245651
0.5300000 31.7931461
0.5310000 -4.2409716
0.5320000 -17.4329700
0.5330000 28.4089832
0.5340000 23.7165756
0.5350000 -33.5081635
0.5360000 4.5715218
0.5370000 5.4538598
0.5380000 22.9140053
0.5390000 -4.8527780
0.5400000 -37.5406990
0.5410000 53.7644196
0.5420000 26.9050255
0.5430000 11.5912285
0.5440000 -22.4143276
0.5450000 24.3753281
0.5460000 6.8500724
0.5470000 8.4451694
0.5480000 37.6777649
0.5490000 -12.4456892
0.5500000 -37.0240059
0.5510000 -9.5702143
0.5520000 -6.4768567
0.5530000 -6.5328856
0.5540000 31.7629433
0.5550000 -23.0294819
0.5560000 31.5718021
0.5570000 -8.6003428
0.5580000 24.1192875
0.5590000 -10.4208145
0.5600000 -14.4060440
0.5610000 11.5943537
0.5620000 -5.0263820
0.5630000 13.6072769
0.5640000 5.7315331
0.5650000 -24.4128189
0.5660000 28.7911873
0.5670000 3.7254539
0.5680000 40.9410095
0.5690000 22.7605152
0.5700000 6.0852418
0.5710000 25.5050793
0.5720000 -29.1350536
0.5730000 30.2812710
0.5740000 -44.3247337
0.5750000 12.2206812
0.5760000 40.5842781
0.5770000 15.9658413
0.5780000 -57.9191208
0.5790000 -22.8799934
0.5800000 -25.6147003
0.5810000 -23.0515881
0.5820000 33.5851021
0.5830000 -6.8018541
0.5840000 -4.0164595
0.5850000 8.5831261
0.5860000 14.5166998
0.5870000 10.3471375
0.5880000 39.6897736
0.5890000 -15.6767902
0.5900000 36.6062775
0.5910000 -21.5985622
0.5920000 96.6738968
0.5930000 -7.7425241
0.5940000 13.2291203
0.5950000 8.0399513
0.5960000 -39.4865303
0.5970000 29.5162430
0.5980000 -7.0053935
0.5990000 -98.6523666
0.6000000 11.6219273
0.6010000 -41.9434547
0.6020000 46.0021896
0.6030000 -22.0785866
0.6040000 -48.7300644
0.6050000 18.0853996
0.6060000 9.7280092
0.6070000 -2.6912749
0.6080000 34.1594658
0.6090000 -28.1445751
0.6100000 -30.9791832
0.6110000 43.8235168
0.6120000 4.2599764
0.6130000 -10.3035507
0.6140000 -58.9485703
0.6150000 -20.5060806
0.6160000 -24.4490910
0.6170000 -68.8981323
0.6180000 -5.6030989
0.6190000 -27.1108360
0.6200000 -74.8923264
0.6210000 8.9848623
0.6220000 8.4479685
0.6230000 -13.9792681
0.6240000 -36.4763641
0.6250000 -36.2946548
0.6260000 26.6485596
0.6270000 -28.2243328
0.6280000 -34.2933846
0.6290000 21.6996632
0.6300000 2.0227480
0.6310000 -5.4438372
0.6320000 -23.9686813
0.6330000 30.8741589
0.6340000 -28.8838139
0.6350000 5.2913642
0.6360000 0.8777944
0.6370000 21.2458820
0.6380000 -58.6506271
0.6390000 -1.5965182
0.6400000 46.3409805
0.6410000 49.3837395
0.6420000 -36.8147926
0.6430000 59.1643906
0.6440000 -6.1930056
0.6450000 -2.9652610
0.6460000 -68.2092667
0.6470000 35.6024361
0.6480000 0.5116417
0.6490000 -11.3050232
0.6500000 -3.1604567
0.6510000 26.8551731
0.6520000 28.5765572
0.6530000 -37.3526993
0.6540000 -4.4730062
0.6550000 23.8861752
0.6560000 -95.6937637
0.6570000 55.9489288
0.6580000 -34.2690163
0.6590000 3.0709732
0.6600000 -9.8913012
0.6610000 -15.6963835
0.6620000 14.9534130
0.6630000 0.9779053
0.6640000 24.6223011
0.6650000 2.6078405
0.6660000 -35.3943329
0.6670000 28.3762493
0.6680000 -5.7501469
0.6690000 -22.5602303
0.6700000 72.7044296
0.6710000 20.9872379
0.6720000 20.4652481
0.6730000 -7.0048680
0.6740000 -19.8628139
0.6750000 25.8602543
0.6760000 -31.5073776
0.6770000 7.2521548
0.6780000 -61.8345490
0.6790000 20.6893597
0.6800000 -23.8110733
0.6810000 41.7903786
0.6820000 -6.8440237
0.6830000 36.9160423
0.6840000 44.1834106
0.6850000 -40.4590378
0.6860000 -71.3402100
0.6870000 54.5374298
0.6880000 12.1964989
0.6890000 -26.6337414
0.6900000 -44.6983566
0.6910000 -23.7995758
0.6920000 22.1129913
0.6930000 42.0466461
0.6940000 60.5864563
0.6950000 -24.5578041
0.6960000 58.9352341
0.6970000 -21.5033989
0.6980000 1.6828729
0.6990000 -4.6127028
0.7000000 34.9202957
0.7010000 49.5396271
0.7020000 -1.0227212
0.7030000 2.2792943
0.7040000 -34.3667793
0.7050000 -14.8939295
0.7060000 -42.5594177
0.7070000 49.1439590
0.7080000 15.3030319
0.7090000 -12.0718803
0.7100000 13.3830004
0.7110000 -39.7145882
0.7120000 -29.3601933
0.7130000 70.8986816
0.7140000 3.4326148
0.7150000 4.8351045
0.7160000 6.2061229
0.7170000 -29.5831585
0.7180000 13.0530338
0.7190000 32.2836876
0.7200000 12.8466740
0.7210000 36.0223694
0.7220000 12.7586193
0.7230000 -12.3323860
0.7240000 -15.5926485
0.7250000 -38.2124481
0.7260000 2.0420308
0.7270000 -60.0598831
0.7280000 -49.3639946
0.7290000 -22.4995899
0.7300000 29.0270615
0.7310000 -5.0675340
0.7320000 -23.8161545
0.7330000 63.5809135
0.7340000 5.0972924
0.7350000 -59.3508453
0.7360000 -27.4381771
0.7370000 18.7358418
0.7380000 -49.8042641
0.7390000 -29.0646076
0.7400000 -46.3760986
0.7410000 16.6238403
0.7420000 -27.4954987
0.7430000 -26.6706486
0.7440000 19.3801613
0.7450000 11.3090658
0.7460000 28.6945896
0.7470000 -2.4082355
0.7480000 -13.6485243
0.7490000 -50.9704361
0.7500000 -20.3972492
0.7510000 51.7748947
0.7520000 -79.7559280
0.7530000 -20.8368206
0.7540000 24.0949974
0.7550000 23.1291904
0.7560000 11.4108791
0.7570000 17.3343639
0.7580000 26.6831589
0.7590000 26.3357830
0.7600000 18.2713852
0.7610000 10.7661438
0.7620000 -6.4564838
0.7630000 -14.7117205
0.7640000 37.9815521
0.7650000 35.9260445
0.7660000 -15.7148809
0.7670000 -14.1801319
0.7680000 37.9244690
0.7690000 -26.7486248
0.7700000 -0.2528109
0.7710000 -36.3874931
0.7720000 51.3577309
0.7730000 39.3482819
0.7740000 -22.1713314
0.7750000 -3.7302692
0.7760000 19.7769241
0.7770000 60.9317513
0.7780000 0.6637927
0.7790000 -26.5148869
0.7800000 51.0564308
0.7810000 43.0159378
0.7820000 -30.9510212
0.7830000 2.9174802
0.7840000 19.8603382
0.7850000 35.0417442
0.7860000 -16.6352386
0.7870000 -53.2824135
0.7880000 -60.5759163
0.7890000 -47.1891174
0.7900000 22.8687897
0.7910000 -35.3407135
0.7920000 -11.2282219
0.7930000 1.9596623
0.7940000 -0.7548852
0.7950000 29.1330776
0.7960000 -5.1009092
0.7970000 -28.8320599
0.7980000 40.0092163
0.7990000 28.7617378
0.8000000 -60.0711441
0.8010000 -1.2838457
0.8020000 58.0377998
0.8030000 35.4020538
0.8040000 59.5753365
0.8050000 85.1369247
0.8060000 5.7714138
0.8070000 4.3291783
0.8080000 9.5164948
0.8090000 11.0300961
0.8100000 16.5695744
0.8110000 3.7684870
0.8120000 -8.7961235
0.8130000 -36.0584526
0.8140000 17.9075947
0.8150000 9.3077211
0.8160000 -20.5716038
0.8170000 -16.4928722
0.8180000 -55.4998360
0.8190000 27.1937008
0.8200000 -46.1200256
0.8210000 22.7124767
0.8220000 -23.1188717
0.8230000 -79.5438232
0.8240000 -35.9391823
0.8250000 -11.1999998
0.8260000 49.5951309
0.8270000 9.8199158
0.8280000 41.3423805
0.8290000 0.6642727
0.8300000 -17.3666019
0.8310000 -32.3493462
0.8320000 -1.7202201
0.8330000 -53.7535896
0.8340000 -66.3914108
0.8350000 18.3814735
0.8360000 -0.7623053
0.8370000 2.5876014
0.8380000 -49.3034668
0.8390000 32.1749687
0.8400000 34.2750130
0.8410000 7.1491966
0.8420000 -26.0137463
0.8430000 42.1859741
0.8440000 -44.1955833
0.8450000 -10.3567810
0.8460000 38.7060471
0.8470000 41.4778786
0.8480000 -41.0952034
0.8490000 29.1591969
0.8500000 -63.5711555
0.8510000 -31.2255306
0.8520000 8.0799723
0.8530000 0.9276427
0.8540000 -5.4224534
0.8550000 -9.9330864
0.8560000 0.2288397
0.8570000 17.0493031
0.8580000 50.7405319
0.8590000 -17.6374741
0.8600000 24.2073994
0.8610000 38.8487244
0.8620000 -4.2978053
0.8630000 19.6384449
0.8640000 -46.9039078
0.8650000 44.2725410
0.8660000 15.7910776
0.8670000 -46.7913628
0.8680000 -7.9448276
0.8690000 -35.6925278
0.8700000 -5.2278852
0.8710000 -0.0741225
0.8720000 31.6044502
0.8730000 -57.1321259
0.8740000 38.3722038
0.8750000 19.0691490
0.8760000 51.7747955
0.8770000 -8.5146580
0.8780000 -31.6611176
0.8790000 -72.0823746
0.8800000 10.7568426
0.8810000 -23.8187008
0.8820000 -34.7077293
0.8830000 -25.8330803
0.8840000 3.0536122
0.8850000 -18.2467728
0.8860000 20.1575375
0.8870000 -21.5784836
0.8880000 -23.8677864
0.8890000 -19.7791634
0.8900000 -93.9615479
0.8910000 -20.6133213
0.8920000 38.2107391
0.8930000 -48.3720398
0.8940000 -37.6480637
0.8950000 6.3623090
0.8960000 -5.4295449
0.8970000 -43.8028145
0.8980000 -16.3285847
0.8990000 31.9810295
0.9000000 -46.3701515
0.9010000 20.8102779
0.9020000 -1.1868510
0.9030000 -4.4887538
0.9040000 -51.4117165
0.9050000 32.8284111
0.9060000 52.5551338
0.9070000 -59.3026352
0.9080000 -74.9786758
0.9090000 -23.5108070
0.9100000 -84.0951614
0.9110000 -23.6030655
0.9120000 -55.3802490
0.9130000 -32.4275398
0.9140000 11.3529139
0.9150000 -4.7964287
0.9160000 -38.9618568
0.9170000 21.5923061
0.9180000 62.9627228
0.9190000 18.3586197
0.9200000 20.1134682
0.9210000 37.9272423
0.9220000 -25.8286057
0.9230000 -27.7099667
0.9240000 18.3939877
0.9250000 -21.8367672
0.9260000 38.3103867
0.9270000 83.1745987
0.9280000 9.6126289
0.9290000 39.9835854
0.9300000 -31.5164490
0.9310000 8.8914499
0.9320000 10.4273109
0.9330000 14.0855055
0.9340000 -7.9364543
0.9350000 4.2742939
0.9360000 -20.5862465
0.9370000 -33.3856010
0.9380000 -48.7203293
0.9390000 89.9085236
0.9400000 -2.0874178
0.9410000 50.2157440
0.9420000 64.6248093
0.9430000 -10.6267138
0.9440000 21.9091091
0.9450000 5.1633792
0.9460000 11.9530773
0.9470000 -48.4595566
0.9480000 0.3210947
0.9490000 -4.2165432
0.9500000 -58.2248611
0.9510000 -13.7208920
0.9520000 -15.2798338
0.9530000 4.0710840
0.9540000 20.2075615
0.9550000 -11.6944942
0.9560000 48.2634392
0.9570000 -13.4785166
0.9580000 -46.5357590
0.9590000 -16.5803223
0.9600000 -1.9047045
0.9610000 -7.5575981
0.9620000 -64.2454376
0.9630000 -45.1061630
0.9640000 -77.6782379
0.9650000 -50.9792595
0.9660000 -62.9494514
0.9670000 7.1636186
0.9680000 10.5930367
0.9690000 -16.4079285
0.9700000 13.2999763
0.9710000 54.3863640
0.9720000 -60.1244164
0.9730000 44.0087357
0.9740000 7.3710890
0.9750000 9.0957651
0.9760000 17.8991680
0.9770000 -40.9764328
0.9780000 -24.9385242
0.9790000 -4.8372293
0.9800000 2.0803955
0.9810000 -5.9384885
0.9820000 -8.0755234
0.9830000 6.4395065
0.9840000 -44.9213028
0.9850000 59.1424751
0.9860000 47.1590004
0.9870000 -59.6100159
0.9880000 -37.5694313
0.9890000 11.7614822
0.9900000 -31.0611401
0.9910000 -62.4581947
0.9920000 12.5856123
0.9930000 -41.8712654
0.9940000 13.9538631
0.9950000 -24.7439728
0.9960000 1.5309031
0.9970000 8.2718658
0.9980000 -31.0384979
0.9990000 -2.2342215
