0.0000000 50.0655441
0.0010000 5.7705250
0.0020000 -19.3952274
0.0030000 -34.9530029
0.0040000 62.8526535
0.0050000 10.4703741
0.0060000 -24.4725552
0.0070000 -27.8038960
0.0080000 25.5712719
0.0090000 -40.1386223
0.0100000 10.3234692
0.0110000 -15.5856695
0.0120000 0.8668282
0.0130000 1.4977832
0.0140000 9.0370121
0.0150000 -26.8332157
0.0160000 40.9279480
0.0170000 -15.1305141
0.0180000 -5.4943991
0.0190000 -43.3206673
0.0200000 -2.0934050
0.0210000 24.3230267
0.0220000 31.5184841
0.0230000 11.1656065
0.0240000 -63.8657875
0.0250000 26.3061867
0.0260000 -16.6783466
0.0270000 26.0295582
0.0280000 -65.6168137
0.0290000 16.5188694
0.0300000 -8.2794456
0.0310000 38.3085518
0.0320000 39.4985161
0.0330000 -30.4178143
0.0340000 -44.6170235
0.0350000 16.1427250
0.0360000 7.2721968
0.0370000 -42.1546440
0.0380000 7.7582417
0.0390000 -47.4296494
0.0400000 -47.0163956
0.0410000 -23.8354053
0.0420000 -39.8532562
0.0430000 9.6676149
0.0440000 10.9088516
0.0450000 10.2105789
0.0460000 -33.5851021
0.0470000 -15.0805893
0.0480000 -33.3227921
0.0490000 -32.5423393
0.0500000 -21.3166065
0.0510000 -14.3078585
0.0520000 -8.1445875
0.0530000 22.3491821
0.0540000 -2.2531812
0.0550000 47.2903366
0.0560000 -39.7886238
0.0570000 48.4409637
0.0580000 -52.1253281
0.0590000 34.5923615
0.0600000 -73.0043106
0.0610000 68.3181534
0.0620000 -50.9694633
0.0630000 61.3860741
0.0640000 -11.3368521
0.0650000 -6.3792481
0.0660000 27.5645905
0.0670000 -35.1775208
0.0680000 -55.3714828
0.0690000 -28.9086533
0.0700000 -18.6307678
0.0710000 0.8316633
0.0720000 15.5320272
0.0730000 -11.4981823
0.0740000 48.2586670
0.0750000 -52.1745758
0.0760000 6.1551981
0.0770000 -5.1741381
0.0780000 -10.7730608
0.0790000 -21.9514198
0.0800000 26.9100666
0.0810000 24.2103786
0.0820000 4.2086740
0.0830000 -14.9528618
0.0840000 -42.5387230
0.0850000 45.8599281
0.0860000 28.5233860
0.0870000 65.0943375
0.0880000 33.2518501
0.0890000 42.0621033
0.0900000 35.5123291
0.0910000 -17.1809216
0.0920000 -21.4283104
0.0930000 -20.5746822
0.0940000 64.3755951
0.0950000 -9.4872961
0.0960000 14.2227631
0.0970000 3.9419274
0.0980000 -34.3733444
0.0990000 -59.7920685
0.1000000 -51.4179077
0.1010000 35.2092667
0.1020000 -27.2407093
0.1030000 -8.5047522
0.1040000 -11.5166521
0.1050000 35.4763565
0.1060000 -57.7239914
0.1070000 6.7847013
0.1080000 11.8232594
0.1090000 -56.9140015
0.1100000 -22.1535187
0.1110000 22.6156349
0.1120000 13.6419573
0.1130000 3.3381321
0.1140000 6.6275511
0.1150000 -21.1676960
0.1160000 -40.4551811
0.1170000 19.1238041
0.1180000 -4.8051386
0.1190000 -0.1749966
0.1200000 -35.0501099
0.1210000 42.7847099
0.1220000 -6.2248526
0.1230000 -9.8753262
0.1240000 45.1600914
0.1250000 -25.5368290
0.1260000 48.1283760
0.1270000 30.1065979
0.1280000 -75.7528152
0.1290000 -36.2133331
0.1300000 9.1213331
0.1310000 -65.1586685
0.1320000 -20.8856144
0.1330000 -21.7655411
0.1340000 0.5082538
0.1350000 16.5158329
0.1360000 -35.6943970
0.1370000 -63.2552223
0.1380000 -19.2876072
0.1390000 -21.0619793
0.1400000 45.4916000
0.1410000 23.1906319
0.1420000 -7.9087377
0.1430000 38.9860115
0.1440000 -22.9822922
0.1450000 -18.6912994
0.1460000 59.6181374
0.1470000 0.1763127
0.1480000 -39.6790428
0.1490000 2.8233752
0.1500000 17.1569653
0.1510000 -49.7303505
0.1520000 -31.2038212
0.1530000 45.0091743
0.1540000 38.4859390
0.1550000 -62.2660980
0.1560000 77.8936157
0.1570000 5.5987716
0.1580000 48.8944283
0.1590000 29.3495121
0.1600000 -0.5561077
0.1610000 -50.0751419
0.1620000 -0.7172810
0.1630000 -56.2863731
0.1640000 -39.4236221
0.1650000 14.4072027
0.1660000 42.2532692
0.1670000 18.7613449
0.1680000 51.9420586
0.1690000 -24.8949642
0.1700000 80.9397278
0.1710000 26.7088356
0.1720000 18.8963261
0.1730000 61.2399216
0.1740000 -20.7045555
0.1750000 -38.4894333
0.1760000 14.6413813
0.1770000 65.5470581
0.1780000 49.4092369
0.1790000 48.3701172
0.1800000 22.9412193
0.1810000 39.5669785
0.1820000 -0.4472605
0.1830000 23.8332176
0.1840000 9.1242790
0.1850000 25.2601852
0.1860000 -4.5142660
0.1870000 36.0804672
0.1880000 -23.6425171
0.1890000 6.4235053
0.1900000 -2.4084523
0.1910000 73.8712387
0.1920000 -30.6785412
0.1930000 5.5639272
0.1940000 14.1295033
0.1950000 -29.8774910
0.1960000 47.6980019
0.1970000 31.0929031
0.1980000 11.6820583
0.1990000 10.4420214
0.2000000 34.3988762
0.2010000 -91.5859222
0.2020000 16.2783890
0.2030000 -41.0457077
0.2040000 3.3509285
0.2050000 -32.2972679
0.2060000 36.2900543
0.2070000 62.0741882
0.2080000 8.9757547
0.2090000 16.2286530
0.2100000 23.8341579
0.2110000 -33.5571404
0.2120000 -30.5437183
0.2130000 -18.5632954
0.2140000 54.0777359
0.2150000 -11.0837650
0.2160000 18.5141506
0.2170000 4.0223112
0.2180000 -4.7371283
0.2190000 6.7112665
0.2200000 -1.9052593
0.2210000 25.0739918
0.2220000 -34.1986847
0.2230000 15.6388159
0.2240000 -47.0414505
0.2250000 21.3118477
0.2260000 -9.6276083
0.2270000 -58.4668884
0.2280000 28.3724651
0.2290000 5.0447187
0.2300000 66.2160721
0.2310000 -7.0034246
0.2320000 39.8981209
0.2330000 3.6368365
0.2340000 -15.8399944
0.2350000 -50.5861282
0.2360000 -3.6395142
0.2370000 1.3425933
0.2380000 -28.0167542
0.2390000 -15.3032246
0.2400000 43.7871475
0.2410000 7.6236658
0.2420000 50.5193062
0.2430000 31.5689030
0.2440000 53.7782402
0.2450000 37.4424896
0.2460000 -10.4576330
0.2470000 30.1706905
0.2480000 -33.5430107
0.2490000 -4.9957366
0.2500000 20.4107552
0.2510000 19.4775047
0.2520000 -39.2839737
0.2530000 -18.5307674
0.2540000 17.2825737
0.2550000 -33.9764938
0.2560000 -64.2708588
0.2570000 -14.2808161
0.2580000 -7.3373294
0.2590000 -28.7701645
0.2600000 29.8270359
0.2610000 10.7209625
0.2620000 36.1846962
0.2630000 14.3475771
0.2640000 -35.2314835
0.2650000 -39.5299301
0.2660000 -29.0837440
0.2670000 15.3090429
0.2680000 -14.4404383
0.2690000 -3.4935760
0.2700000 -66.4103317
0.2710000 -23.5179501
0.2720000 22.1010647
0.2730000 32.0789566
0.2740000 0.5286642
0.2750000 -25.3266659
0.2760000 -15.6885586
0.2770000 45.9788780
0.2780000 -45.3492241
0.2790000 -42.6397743
0.2800000 -17.1930752
0.2810000 -57.6244011
0.2820000 77.1668396
0.2830000 -37.9180298
0.2840000 -54.5020638
0.2850000 -83.8307495
0.2860000 -32.6043091
0.2870000 -33.1665726
0.2880000 8.3185863
0.2890000 43.0236969
0.2900000 -6.8070278
0.2910000 -8.5930099
0.2920000 -43.2389069
0.2930000 22.6032696
0.2940000 -22.4807224
0.2950000 51.1556740
0.2960000 65.9087601
0.2970000 94.5527496
0.2980000 -32.0630798
0.2990000 -42.0004654
0.3000000 11.7082682
0.3010000 -25.4367256
0.3020000 21.5136395
0.3030000 4.6171656
0.3040000 -7.0449138
0.3050000 -64.1402283
0.3060000 -40.1347618
0.3070000 39.7427940
0.3080000 32.3653526
0.3090000 -20.9138966
0.3100000 34.7372437
0.3110000 59.1655159
0.3120000 -15.5999737
0.3130000 -24.1214695
0.3140000 1.0878940
0.3150000 -29.4812737
0.3160000 17.0979424
0.3170000 -17.9412518
0.3180000 -1.9643396
0.3190000 19.1642666
0.3200000 -20.2941933
0.3210000 25.7586155
0.3220000 -25.2154770
0.3230000 -51.4187241
0.3240000 0.7810155
0.3250000 68.7930679
0.3260000 -25.1599522
0.3270000 -42.3923912
0.3280000 16.6508369
0.3290000 29.4362259
0.3300000 30.8866825
0.3310000 2.4935420
0.3320000 27.6703377
0.3330000 18.0518036
0.3340000 -68.8920898
0.3350000 44.4075775
0.3360000 -18.5881271
0.3370000 36.1135406
0.3380000 -5.6519947
0.3390000 -36.4255180
0.3400000 45.7219200
0.3410000 8.7405901
0.3420000 -60.5203514
0.3430000 87.8493118
0.3440000 -59.6988754
0.3450000 82.6599884
0.3460000 -2.7230637
0.3470000 1.2006218
0.3480000 -42.5564575
0.3490000 18.8420029
0.3500000 44.4633141
0.3510000 -29.5626850
0.3520000 2.4369519
0.3530000 56.8380852
0.3540000 94.8783569
0.3550000 40.0651054
0.3560000 20.2670422
0.3570000 -25.4557419
0.3580000 -24.6262875
0.3590000 -11.5331001
0.3600000 -70.3193359
0.3610000 -59.8367119
0.3620000 31.4788456
0.3630000 -22.2399845
0.3640000 44.4908180
0.3650000 9.1621656
0.3660000 14.0482330
0.3670000 8.8863935
0.3680000 9.3922739
0.3690000 6.0358753
0.3700000 -31.9999523
0.3710000 -47.7591896
0.3720000 -18.3216972
0.3730000 -31.2939434
0.3740000 15.0316248
0.3750000 -13.4372921
0.3760000 -49.4439240
0.3770000 -16.5765057
0.3780000 13.0508671
0.3790000 -35.2762489
0.3800000 62.8489952
0.3810000 63.9896011
0.3820000 -42.8958778
0.3830000 9.4627390
0.3840000 32.3264389
0.3850000 63.4173126
0.3860000 12.1717091
0.3870000 -10.8766508
0.3880000 8.2541437
0.3890000 -17.1366673
0.3900000 58.0546684
0.3910000 -34.3685532
0.3920000 -17.8117371
0.3930000 -58.1707306
0.3940000 64.1274338
0.3950000 -1.2706318
0.3960000 7.7225156
0.3970000 -3.2488079
0.3980000 -31.7891426
0.3990000 14.3206692
0.4000000 12.7112761
0.4010000 41.7603683
0.4020000 -18.7217770
0.4030000 -32.8809700
0.4040000 11.2152805
0.4050000 -13.4591160
0.4060000 -21.1515999
0.4070000 23.2117138
0.4080000 6.5026689
0.4090000 -38.7170372
0.4100000 4.3199058
0.4110000 -4.8092489
0.4120000 23.4665184
0.4130000 68.7607803
0.4140000 -73.2275925
0.4150000 -11.7644863
0.4160000 54.4043541
0.4170000 39.4105148
0.4180000 68.9992371
0.4190000 14.1245213
0.4200000 15.4843779
0.4210000 1.6030732
0.4220000 -27.1754570
0.4230000 -39.3895798
0.4240000 -2.1617804
0.4250000 18.2530861
0.4260000 -26.4849110
0.4270000 -3.7719114
0.4280000 -18.4995251
0.4290000 35.1414261
0.4300000 25.7354546
0.4310000 -25.1690636
0.4320000 0.9878805
0.4330000 40.8816795
0.4340000 9.4571810
0.4350000 44.6919022
0.4360000 28.4824677
0.4370000 44.5157738
0.4380000 32.1914749
0.4390000 11.9484310
0.4400000 -51.5082970
0.4410000 -13.1127129
0.4420000 59.7599525
0.4430000 63.0736351
0.4440000 -1.4284626
0.4450000 -5.5351181
0.4460000 33.9612274
0.4470000 0.5722585
0.4480000 -60.7901001
0.4490000 -23.8539391
0.4500000 -5.9162436
0.4510000 4.7409425
0.4520000 21.9624748
0.4530000 -10.5910816
0.4540000 -1.5937557
0.4550000 -1.6494163
0.4560000 -12.4398069
0.4570000 -60.4900818
0.4580000 -14.4954119
0.4590000 -5.3438406
0.4600000 8.8497314
0.4610000 -9.2495308
0.4620000 18.1871796
0.4630000 -21.9225845
0.4640000 34.8544731
0.4650000 -23.9506569
0.4660000 40.1680527
0.4670000 38.1811066
0.4680000 -55.4759293
0.4690000 -17.3920498
0.4700000 15.1826248
0.4710000 -46.2540054
0.4720000 -40.8958015
0.4730000 49.0137939
0.4740000 -7.5132613
0.4750000 17.7224636
0.4760000 -1.3283064
0.4770000 -0.5328544
0.4780000 21.0149136
0.4790000 48.5080185
0.4800000 1.6575860
0.4810000 -82.2043839
0.4820000 -15.2910576
0.4830000 -57.8849144
0.4840000 -10.2143774
0.4850000 30.7331352
0.4860000 47.6975403
0.4870000 -36.0374756
0.4880000 -34.6150436
0.4890000 -55.8398552
0.4900000 36.4314613
0.4910000 47.2293892
0.4920000 85.8501358
0.4930000 86.3217621
0.4940000 -27.5598259
0.4950000 29.8177662
0.4960000 -5.9444079
0.4970000 -36.2000542
0.4980000 -32.9432831
0.4990000 44.5601959
0.5000000 47.9311295
0.5010000 -23.2354069
0.5020000 46.9208717
0.5030000 16.8261852
0.5040000 35.4762840
0.5050000 -5.0573640
0.5060000 -38.5675468
0.5070000 -50.2334213
0.5080000 43.9571342
0.5090000 12.7614126
0.5100000 35.4484711
0.5110000 0.6758556
0.5120000 11.1757812
0.5130000 -35.5131989
0.5140000 -46.9229164
0.5150000 -28.7081680
0.5160000 31.9652863
0.5170000 -58.5305672
0.5180000 -27.2445450
0.5190000 -22.4010010
0.5200000 -54.1517220
0.5210000 -11.5297279
0.5220000 -43.3899689
0.5230000 34.6504860
0.5240000 -43.4206505
0.5250000 13.1073761
0.5260000 -21.1815777
0.5270000 -32.6032333
0.5280000 -4.4929538
0.5290000 13.6268950
0.5300000 -15.9181852
0.5310000 -56.8249588
0.5320000 37.7358017
0.5330000 -28.7275887
0.5340000 2.2825198
0.5350000 0.0025005
0.5360000 -14.2502337
0.5370000 -10.3338079
0.5380000 7.4894919
0.5390000 -78.1640854
0.5400000 51.1611748
0.5410000 15.8064499
0.5420000 5.3315334
0.5430000 54.7777939
0.5440000 27.5090427
0.5450000 -4.8777356
0.5460000 18.2956886
0.5470000 15.3773832
0.5480000 -16.9471779
0.5490000 -56.8312263
0.5500000 25.8560200
0.5510000 3.9783509
0.5520000 -19.0983677
0.5530000 30.1704311
0.5540000 10.4629812
0.5550000 11.2189579
0.5560000 16.5339298
0.5570000 -58.1011238
0.5580000 -15.8120527
0.5590000 -40.2330322
0.5600000 27.7081184
0.5610000 -30.2786465
0.5620000 -16.3862457
0.5630000 -0.1400955
0.5640000 -53.3846741
0.5650000 67.7802658
0.5660000 -25.1004162
0.5670000 -6.4133511
0.5680000 1.8636659
0.5690000 -1.9068434
0.5700000 -27.4480000
0.5710000 -78.0331573
0.5720000 59.0300484
0.5730000 21.7746067
0.5740000 17.4682083
0.5750000 -45.1933670
0.5760000 -26.0777779
0.5770000 -6.7129841
0.5780000 -1.2557412
0.5790000 -48.1332207
0.5800000 -51.3234940
0.5810000 -8.2261038
0.5820000 8.9174385
0.5830000 -85.8707428
0.5840000 -74.9130325
0.5850000 1.5497890
0.5860000 16.5549202
0.5870000 53.5021553
0.5880000 32.8200073
0.5890000 -13.7601061
0.5900000 26.8398590
0.5910000 -61.4241943
0.5920000 -72.3212585
0.5930000 -20.4779072
0.5940000 -8.8806324
0.5950000 -0.9455442
0.5960000 2.0100598
0.5970000 31.4162045
0.5980000 11.7425909
0.5990000 -0.4415150
0.6000000 36.4975204
0.6010000 40.2688293
0.6020000 26.4703979
0.6030000 22.4246578
0.6040000 0.2953485
0.6050000 -59.6962662
0.6060000 70.5260162
0.6070000 3.5774045
0.6080000 5.8318162
0.6090000 -32.9523697
0.6100000 51.2191963
0.6110000 24.0709324
0.6120000 -30.4215107
0.6130000 -45.5634117
0.6140000 26.4118233
0.6150000 26.3270493
0.6160000 -26.3350811
0.6170000 -21.9573498
0.6180000 -10.4248714
0.6190000 -80.0519104
0.6200000 10.1714354
0.6210000 -18.4138145
0.6220000 -27.0806618
0.6230000 -31.8353806
0.6240000 11.3557606
0.6250000 5.1602960
0.6260000 35.1343803
0.6270000 33.8389969
0.6280000 48.6142311
0.6290000 -23.3254986
0.6300000 -106.7073593
0.6310000 5.3890853
0.6320000 1.3817036
0.6330000 -12.6129103
0.6340000 -21.6615696
0.6350000 13.8801289
0.6360000 -0.4552634
0.6370000 -77.6611023
0.6380000 36.0520325
0.6390000 1.4260809
0.6400000 -25.5896797
0.6410000 -44.2425232
0.6420000 -104.4609528
0.6430000 -36.9689827
0.6440000 -12.2532749
0.6450000 -35.3173943
0.6460000 -7.4297976
0.6470000 -23.6663895
0.6480000 -17.1287556
0.6490000 -1.0016258
0.6500000 3.4373782
0.6510000 56.2107391
0.6520000 12.2934446
0.6530000 19.3009109
0.6540000 63.3055305
0.6550000 -37.2917862
0.6560000 33.9897346
0.6570000 9.5907888
0.6580000 -45.8717728
0.6590000 -10.7717714
0.6600000 -42.3933029
0.6610000 -0.0612866
0.6620000 -15.3037434
0.6630000 68.1224060
0.6640000 76.4299393
0.6650000 -15.2540283
0.6660000 -0.3243869
0.6670000 8.6066122
0.6680000 -40.1537628
0.6690000 14.4920216
0.6700000 39.5409012
0.6710000 28.4546471
0.6720000 -27.9554710
0.6730000 18.0319424
0.6740000 -10.4741936
0.6750000 2.5776632
0.6760000 34.0285797
0.6770000 -64.9287262
0.6780000 38.0052452
0.6790000 5.1140094
0.6800000 -46.7669563
0.6810000 26.3538361
0.6820000 -25.8119583
0.6830000 -20.3107910
0.6840000 31.7237492
0.6850000 -3.4040596
0.6860000 -24.7022572
0.6870000 -16.8993835
0.6880000 -21.5387573
0.6890000 37.8116837
0.6900000 -26.6055031
0.6910000 47.5683098
0.6920000 -10.6959925
0.6930000 -36.1944046
0.6940000 11.1220789
0.6950000 -8.0314531
0.6960000 23.4411583
0.6970000 -25.3452930
0.6980000 -65.2958527
0.6990000 -11.0393219
0.7000000 24.4701347
0.7010000 21.5598412
0.7020000 -44.2142258
0.7030000 55.6703224
0.7040000 -25.1677303
0.7050000 68.2810822
0.7060000 -24.1504059
0.7070000 4.6406279
0.7080000 25.5130253
0.7090000 21.9956169
0.7100000 15.7755232
0.7110000 -68.6933441
0.7120000 4.5269361
0.7130000 19.0921993
0.7140000 -11.6897192
0.7150000 24.6684990
0.7160000 -30.6840458
0.7170000 3.1787238
0.7180000 0.7815181
0.7190000 -76.2858276
0.7200000 24.0244923
0.7210000 43.9940643
0.7220000 7.0760226
0.7230000 38.1618690
0.7240000 -13.0262671
0.7250000 -45.4523430
0.7260000 -66.6824188
0.7270000 11.8640795
0.7280000 -25.3948593
0.7290000 62.2177353
0.7300000 80.9020996
0.7310000 30.7172489
0.7320000 -6.8480172
0.7330000 20.0983601
0.7340000 -56.3363762
0.7350000 32.0977783
0.7360000 55.8208618
0.7370000 31.8349152
0.7380000 75.3257751
0.7390000 45.9731674
0.7400000 -25.5196552
0.7410000 -76.3148270
0.7420000 -0.3888895
0.7430000 23.3718033
0.7440000 -46.1478157
0.7450000 32.8803596
0.7460000 12.1898289
0.7470000 0.7470420
0.7480000 62.5424423
0.7490000 -1.2495801
0.7500000 -25.5480309
0.7510000 -5.1548600
0.7520000 7.6806436
0.7530000 -33.0793571
0.7540000 -31.2290268
0.7550000 12.4885654
0.7560000 -14.4275408
0.7570000 30.5700073
0.7580000 -9.3319721
0.7590000 -52.7458115
0.7600000 42.8562775
0.7610000 -61.6888313
0.7620000 -20.6332207
0.7630000 31.1147118
0.7640000 27.3321209
0.7650000 17.4801197
0.7660000 13.7706099
0.7670000 -4.8731441
0.7680000 29.7725964
0.7690000 8.8586798
0.7700000 4.8741994
0.7710000 -2.2782564
0.7720000 -52.1177025
0.7730000 13.3725042
0.7740000 -42.6400719
0.7750000 26.5565948
0.7760000 -4.1356311
0.7770000 24.4578362
0.7780000 57.6079292
0.7790000 -30.2630711
0.7800000 38.1358109
0.7810000 3.1399870
0.7820000 31.4113312
0.7830000 -29.8872490
0.7840000 -47.7817879
0.7850000 33.7638550
0.7860000 -28.0302391
0.7870000 -31.2934151
0.7880000 -36.9986572
0.7890000 43.0689659
0.7900000 26.4861145
0.7910000 -33.0783348
0.7920000 33.0953140
0.7930000 30.0110931
0.7940000 -10.6010962
0.7950000 6.5410080
0.7960000 42.3380241
0.7970000 -45.1845627
0.7980000 -58.8640327
0.7990000 41.5722656
0.8000000 4.3275666
0.8010000 10.3021078
0.8020000 16.6257458
0.8030000 68.1604538
0.8040000 -32.9351997
0.8050000 -12.1348619
0.8060000 9.7446451
0.8070000 13.0943365
0.8080000 20.4321938
0.8090000 -44.8935013
0.8100000 15.0361538
0.8110000 -59.9846115
0.8120000 -21.0650253
0.8130000 99.5173721
0.8140000 0.4418651
0.8150000 16.7059822
0.8160000 -14.5139885
0.8170000 -26.4312725
0.8180000 -31.2998314
0.8190000 -14.2186565
0.8200000 33.6168022
0.8210000 -43.8972015
0.8220000 -69.5326538
0.8230000 4.1144776
0.8240000 -61.3747292
0.8250000 69.7437592
0.8260000 1.2736666
0.8270000 10.1847649
0.8280000 -37.4504318
0.8290000 32.8720703
0.8300000 28.5266285
0.8310000 13.4553633
0.8320000 56.1522064
0.8330000 -5.7456150
0.8340000 5.8168402
0.8350000 -11.2872896
0.8360000 13.3607960
0.8370000 26.7384357
0.8380000 -15.8653736
0.8390000 -31.5337944
0.8400000 21.8419342
0.8410000 -20.7613258
0.8420000 16.3050251
0.8430000 24.0168934
0.8440000 -3.4296567
0.8450000 42.9862747
0.8460000 -91.2893143
0.8470000 -53.6351891
0.8480000 -5.4696741
0.8490000 17.6812363
0.8500000 -0.2953085
0.8510000 -71.4524384
0.8520000 18.9126511
0.8530000 -30.8130894
0.8540000 -16.7398911
0.8550000 66.7950516
0.8560000 24.6177559
0.8570000 -17.5869560
0.8580000 29.2468796
0.8590000 -48.8295975
0.8600000 119.0983200
0.8610000 -32.4330025
0.8620000 4.5344558
0.8630000 80.8339233
0.8640000 -8.7795649
0.8650000 4.4791212
0.8660000 -16.4932327
0.8670000 -43.7883034
0.8680000 -3.8860576
0.8690000 9.2731419
0.8700000 -2.0674579
0.8710000 -1.2843374
0.8720000 31.3379211
0.8730000 -35.5363083
0.8740000 29.2161522
0.8750000 45.4804459
0.8760000 -67.1426010
0.8770000 -9.1609955
0.8780000 -12.3861036
0.8790000 -30.5099831
0.8800000 -1.4401726
0.8810000 8.1954327
0.8820000 14.4320383
0.8830000 15.3368979
0.8840000 14.1355915
0.8850000 -44.8835030
0.8860000 7.6847391
0.8870000 -21.4878883
0.8880000 -38.7362747
0.8890000 23.0360813
0.8900000 14.4673138
0.8910000 -13.8208427
0.8920000 -13.9981155
0.8930000 -36.2222252
0.8940000 49.1775017
0.8950000 -92.5693054
0.8960000 17.3216324
0.8970000 34.5310326
0.8980000 17.9084930
0.8990000 -8.2263899
0.9000000 13.7126150
0.9010000 44.6696739
0.9020000 44.4988594
0.9030000 0.4197942
0.9040000 -13.4140854
0.9050000 30.5522690
0.9060000 -44.8948860
0.9070000 42.3914871
0.9080000 -67.8571243
0.9090000 5.4802742
0.9100000 -6.6076899
0.9110000 54.0661469
0.9120000 -46.9101906
0.9130000 5.6756978
0.9140000 -14.6867828
0.9150000 -3.8250394
0.9160000 -6.8576484
0.9170000 -52.7068138
0.9180000 8.3064241
0.9190000 65.1625214
0.9200000 15.8699379
0.9210000 -15.3544178
0.9220000 -1.5889759
0.9230000 -23.3227310
0.9240000 26.1887550
0.9250000 66.7493973
0.9260000 16.7030449
0.9270000 -22.2401676
0.9280000 49.0754662
0.9290000 -41.5728836
0.9300000 42.3219910
0.9310000 3.4347951
0.9320000 38.4982414
0.9330000 20.9248161
0.9340000 -36.8043060
0.9350000 77.5318909
0.9360000 55.0139809
0.9370000 7.6897111
0.9380000 18.9151592
0.9390000 -50.0573997
0.9400000 -18.9148636
0.9410000 -26.3626099
0.9420000 12.5571423
0.9430000 43.5833511
0.9440000 -23.1042061
0.9450000 39.9420395
0.9460000 5.6992135
0.9470000 -30.6667118
0.9480000 43.2326279
0.9490000 -90.9286499
0.9500000 -0.5781245
0.9510000 -77.5619202
0.9520000 -24.0685711
0.9530000 22.8528748
0.9540000 -38.5013199
0.9550000 -10.7769909
0.9560000 -24.2686596
0.9570000 13.0101995
0.9580000 -10.6370373
0.9590000 32.5490189
0.9600000 17.5651951
0.9610000 35.0217667
0.9620000 27.6427002
0.9630000 -35.2139854
0.9640000 31.4084301
0.9650000 -57.6141853
0.9660000 -7.5937409
0.9670000 22.9471569
0.9680000 50.6724243
0.9690000 -37.5369720
0.9700000 1.3133899
0.9710000 24.4967728
0.9720000 -1.7486639
0.9730000 38.0927734
0.9740000 -82.2189865
0.9750000 -29.3110752
0.9760000 -1.5600879
0.9770000 -28.9931107
0.9780000 -47.2039909
0.9790000 -18.2512798
0.9800000 71.7059402
0.9810000 -21.6710205
0.9820000 -19.0497971
0.9830000 -13.5984812
0.9840000 -39.0774345
0.9850000 43.2837296
0.9860000 -25.8229370
0.9870000 22.0718555
0.9880000 53.3969994
0.9890000 -23.6468334
0.9900000 11.1824808
0.9910000 -14.4657078
0.9920000 9.7124004
0.9930000 -16.7774429
0.9940000 25.7118511
0.9950000 -42.3573380
0.9960000 -56.8449593
0.9970000 31.7335510
0.9980000 62.4195251
0.9990000 -3.1908207
