0.0000000 17.0932064
0.0010000 24.5387306
0.0020000 -40.6003571
0.0030000 24.1024876
0.0040000 36.0476532
0.0050000 -12.5436325
0.0060000 50.0655632
0.0070000 22.4176254
0.0080000 7.0840015
0.0090000 9.1655512
0.0100000 53.2282753
0.0110000 39.2203064
0.0120000 44.6902161
0.0130000 -0.4151308
0.0140000 -40.5212593
0.0150000 -27.6604652
0.0160000 -3.6903844
0.0170000 25.1395950
0.0180000 -27.4189587
0.0190000 -28.3781929
0.0200000 41.3700104
0.0210000 27.1037064
0.0220000 -16.2572689
0.0230000 14.7079325
0.0240000 11.0993967
0.0250000 66.0620270
0.0260000 19.7108364
0.0270000 -12.1356306
0.0280000 104.3160172
0.0290000 31.4915466
0.0300000 -43.2459335
0.0310000 -11.0933409
0.0320000 -9.5388851
0.0330000 9.6518745
0.0340000 51.0173798
0.0350000 1.4382150
0.0360000 -11.1428032
0.0370000 -30.2852287
0.0380000 26.3107758
0.0390000 -28.9049416
0.0400000 -18.3360901
0.0410000 43.6569290
0.0420000 0.5181102
0.0430000 5.8478785
0.0440000 -14.5173349
0.0450000 7.3935747
0.0460000 -16.9721889
0.0470000 24.0975132
0.0480000 -47.9406319
0.0490000 17.9069805
0.0500000 77.8851395
0.0510000 18.8415642
0.0520000 -12.7751045
0.0530000 -5.4873681
0.0540000 -76.6189499
0.0550000 38.6752853
0.0560000 -24.7454739
0.0570000 24.0769367
0.0580000 30.8208275
0.0590000 -49.4137802
0.0600000 23.8377209
0.0610000 -1.2651577
0.0620000 17.7728615
0.0630000 -11.9091568
0.0640000 0.9634188
0.0650000 6.6176910
0.0660000 -20.0665245
0.0670000 16.8826923
0.0680000 31.9185658
0.0690000 17.5321198
0.0700000 36.3567009
0.0710000 28.8802986
0.0720000 26.5772667
0.0730000 -2.9422178
0.0740000 6.4477935
0.0750000 -33.2030487
0.0760000 -2.3526156
0.0770000 6.0606365
0.0780000 -42.0224190
0.0790000 -40.1983795
0.0800000 16.9956856
0.0810000 23.1539650
0.0820000 11.9491959
0.0830000 -65.0868378
0.0840000 36.5916557
0.0850000 -9.2467871
0.0860000 -9.0706091
0.0870000 31.6006126
0.0880000 77.2602081
0.0890000 12.1616859
0.0900000 -20.8215866
0.0910000 -4.3376374
0.0920000 61.5403786
0.0930000 -30.1356754
0.0940000 46.4945450
0.0950000 15.5580988
0.0960000 -40.3002663
0.0970000 20.5318680
0.0980000 13.9022665
0.0990000 -10.3373384
0.1000000 -40.5616341
0.1010000 -50.8747368
0.1020000 -89.7679596
0.1030000 -5.8992672
0.1040000 -31.5885563
0.1050000 51.3468819
0.1060000 -14.7386398
0.1070000 12.3941326
0.1080000 68.8748703
0.1090000 17.6551533
0.1100000 -8.1020861
0.1110000 -48.1341705
0.1120000 -22.7755222
0.1130000 3.6955202
0.1140000 -65.5118256
0.1150000 -27.8849640
0.1160000 22.6359062
0.1170000 51.8739853
0.1180000 -3.7460268
0.1190000 8.9116001
0.1200000 -25.6213436
0.1210000 31.0574036
0.1220000 -34.6537857
0.1230000 -36.0282440
0.1240000 -41.3935165
0.1250000 -41.9379501
0.1260000 6.7876935
0.1270000 -55.7247543
0.1280000 -38.7396927
0.1290000 -50.1159248
0.1300000 21.5938148
0.1310000 -13.0090179
0.1320000 19.3336887
0.1330000 71.1314926
0.1340000 -51.2756004
0.1350000 -11.2199354
0.1360000 13.5217381
0.1370000 0.5076238
0.1380000 54.5431786
0.1390000 33.8649368
0.1400000 14.5924101
0.1410000 -22.8051872
0.1420000 -5.2020907
0.1430000 8.5286551
0.1440000 39.2148476
0.1450000 16.6720905
0.1460000 -34.1685715
0.1470000 -51.7273483
0.1480000 -31.1082077
0.1490000 13.8703709
0.1500000 -7.1402869
0.1510000 -16.7129898
0.1520000 6.4796920
0.1530000 -15.6498499
0.1540000 21.1515045
0.1550000 79.1490784
0.1560000 -7.3779092
0.1570000 -22.4750195
0.1580000 -10.9434776
0.1590000 15.6661320
0.1600000 8.7629642
0.1610000 -0.1078076
0.1620000 -7.6735811
0.1630000 -76.1483612
0.1640000 28.7114067
0.1650000 -22.9767303
0.1660000 27.9942627
0.1670000 -19.7402153
0.1680000 -4.4418578
0.1690000 60.9815140
0.1700000 -19.6532574
0.1710000 -14.4797907
0.1720000 36.9850731
0.1730000 -30.7767887
0.1740000 28.5685711
0.1750000 -20.7335358
0.1760000 32.0736732
0.1770000 7.2384691
0.1780000 42.8510971
0.1790000 -7.3132234
0.1800000 -4.2036743
0.1810000 -15.4311323
0.1820000 -25.0756874
0.1830000 -29.9979630
0.1840000 -48.5351257
0.1850000 -30.9546547
0.1860000 -21.0858688
0.1870000 51.9467010
0.1880000 20.5543194
0.1890000 38.5668945
0.1900000 -26.5928745
0.1910000 4.9684596
0.1920000 40.3350945
0.1930000 24.3198261
0.1940000 -17.3076057
0.1950000 -23.0698605
0.1960000 5.8208380
0.1970000 -15.5460558
0.1980000 2.0909123
0.1990000 -18.3001213
0.2000000 33.0483398
0.2010000 -0.2073476
0.2020000 -12.2180452
0.2030000 -26.9106884
0.2040000 -44.1711655
0.2050000 -7.6307640
0.2060000 -43.1359024
0.2070000 24.2884636
0.2080000 -53.4882851
0.2090000 16.1874523
0.2100000 23.1654167
0.2110000 -11.9103365
0.2120000 26.1798058
0.2130000 -26.9283657
0.2140000 -64.9777908
0.2150000 21.1773338
0.2160000 -34.4244347
0.2170000 65.5773773
0.2180000 -80.1179733
0.2190000 -41.7851372
0.2200000 33.1473389
0.2210000 35.2360687
0.2220000 -47.0196724
0.2230000 25.9946289
0.2240000 -2.0386219
0.2250000 23.8632450
0.2260000 27.7453518
0.2270000 18.0934830
0.2280000 2.6358149
0.2290000 -44.7795410
0.2300000 -19.1041107
0.2310000 17.7453117
0.2320000 31.8913078
0.2330000 22.2819710
0.2340000 23.5414410
0.2350000 -49.7103424
0.2360000 -16.1214085
0.2370000 -20.0650139
0.2380000 26.5542126
0.2390000 4.3409858
0.2400000 -41.1381264
0.2410000 -30.3950634
0.2420000 -8.7208614
0.2430000 26.9807453
0.2440000 32.4537125
0.2450000 24.4543762
0.2460000 25.2828140
0.2470000 75.2896347
0.2480000 -48.1810684
0.2490000 3.6573408
0.2500000 -17.6930428
0.2510000 -67.2667007
0.2520000 -37.3628426
0.2530000 25.1297169
0.2540000 -36.2236214
0.2550000 -73.6323624
0.2560000 11.6038380
0.2570000 -0.6830183
0.2580000 16.2936497
0.2590000 -49.0772438
0.2600000 -44.6918983
0.2610000 -39.7764359
0.2620000 23.0961304
0.2630000 -0.0060589
0.2640000 -37.3612862
0.2650000 -8.7161980
0.2660000 10.8352394
0.2670000 -68.3411407
0.2680000 -22.7583981
0.2690000 -39.4623222
0.2700000 -18.5897102
0.2710000 46.7569695
0.2720000 -17.2858753
0.2730000 -6.1621170
0.2740000 46.2070961
0.2750000 16.2008839
0.2760000 -23.0675488
0.2770000 62.2701378
0.2780000 -20.3944111
0.2790000 -25.8619289
0.2800000 5.3200469
0.2810000 49.9351807
0.2820000 -38.9793892
0.2830000 19.8870335
0.2840000 -29.9146271
0.2850000 -3.9577804
0.2860000 17.7489376
0.2870000 -48.4334869
0.2880000 -41.5148621
0.2890000 -61.3624535
0.2900000 25.9915028
0.2910000 -4.8339458
0.2920000 -12.8459101
0.2930000 40.0518723
0.2940000 2.8725820
0.2950000 -12.3465614
0.2960000 -4.4986567
0.2970000 51.9688377
0.2980000 59.5680923
0.2990000 53.3514099
0.3000000 12.5826073
0.3010000 15.0263014
0.3020000 -42.6823196
0.3030000 -2.1957724
0.3040000 -68.1608505
0.3050000 88.6428299
0.3060000 -21.5234280
0.3070000 -0.3872091
0.3080000 -80.5984497
0.3090000 20.8186760
0.3100000 -93.9449768
0.3110000 40.9055710
0.3120000 31.8213825
0.3130000 -24.9200783
0.3140000 -3.9751995
0.3150000 -4.1166887
0.3160000 -3.1412666
0.3170000 -36.3577995
0.3180000 25.2154388
0.3190000 -29.5056038
0.3200000 1.0614328
0.3210000 -50.7849083
0.3220000 16.8746147
0.3230000 4.6568856
0.3240000 -33.1072426
0.3250000 -11.0511427
0.3260000 -53.1142921
0.3270000 72.2720413
0.3280000 26.3409748
0.3290000 -42.6524620
0.3300000 16.7007275
0.3310000 -81.4282990
0.3320000 87.7069473
0.3330000 -47.8578300
0.3340000 13.9202900
0.3350000 -7.4848356
0.3360000 -31.7062168
0.3370000 -64.5920639
0.3380000 30.0526085
0.3390000 9.5792952
0.3400000 -28.3452492
0.3410000 -31.2340603
0.3420000 52.9530258
0.3430000 46.4279289
0.3440000 2.2882419
0.3450000 7.8403726
0.3460000 -21.5028419
0.3470000 124.2429733
0.3480000 -6.5833898
0.3490000 -2.1722121
0.3500000 -26.1180515
0.3510000 29.1717491
0.3520000 -51.4522209
0.3530000 -19.3293285
0.3540000 43.6302261
0.3550000 -6.0922375
0.3560000 14.9071064
0.3570000 21.8701172
0.3580000 -6.4371047
0.3590000 24.2517395
0.3600000 14.1102772
0.3610000 -35.9571495
0.3620000 51.6514664
0.3630000 55.7650871
0.3640000 -51.2070999
0.3650000 -59.5749550
0.3660000 18.8725128
0.3670000 -21.0257187
0.3680000 -63.5758057
0.3690000 -40.8612366
0.3700000 -42.8835945
0.3710000 -21.6414642
0.3720000 -29.7001514
0.3730000 -8.9396019
0.3740000 -40.1781578
0.3750000 47.4362526
0.3760000 -31.9183617
0.3770000 30.1362114
0.3780000 -15.1673679
0.3790000 -12.9768000
0.3800000 -0.1834695
0.3810000 16.2973881
0.3820000 29.2093868
0.3830000 -52.1294403
0.3840000 30.0467663
0.3850000 24.4080505
0.3860000 7.8983965
0.3870000 29.4008579
0.3880000 71.3701172
0.3890000 -6.0633106
0.3900000 -33.6815643
0.3910000 -18.9775333
0.3920000 17.1708469
0.3930000 29.1260433
0.3940000 -78.2587280
0.3950000 16.3524799
0.3960000 62.5241127
0.3970000 21.7950878
0.3980000 24.9750328
0.3990000 57.3236008
0.4000000 -34.5651627
0.4010000 -7.8310547
0.4020000 0.7679586
0.4030000 -2.9308851
0.4040000 -32.1705894
0.4050000 23.2084904
0.4060000 66.0057144
0.4070000 21.3599834
0.4080000 -45.3103409
0.4090000 9.3180590
0.4100000 -71.8028564
0.4110000 -2.1092021
0.4120000 -9.0155249
0.4130000 -9.5785093
0.4140000 -10.7834244
0.4150000 20.6887474
0.4160000 -44.0630684
0.4170000 -49.2834778
0.4180000 46.5556831
0.4190000 4.4240637
0.4200000 -1.5644490
0.4210000 -8.8513889
0.4220000 38.1071167
0.4230000 31.3547916
0.4240000 -1.7535948
0.4250000 34.3340759
0.4260000 -61.9806442
0.4270000 39.0827904
0.4280000 -27.4404907
0.4290000 -46.8737106
0.4300000 11.5884981
0.4310000 -21.2588100
0.4320000 62.0890350
0.4330000 -24.6161251
0.4340000 -60.6696243
0.4350000 -9.1869907
0.4360000 -91.4881210
0.4370000 -15.6158094
0.4380000 -16.0221672
0.4390000 -11.2325506
0.4400000 46.4799919
0.4410000 -59.4067841
0.4420000 19.8331184
0.4430000 27.1538105
0.4440000 41.4107552
0.4450000 30.5782604
0.4460000 -6.0406618
0.4470000 33.6352806
0.4480000 50.8833504
0.4490000 -14.3999586
0.4500000 -9.9240170
0.4510000 -3.1069248
0.4520000 9.9342842
0.4530000 -1.7916349
0.4540000 15.2232189
0.4550000 36.5627518
0.4560000 13.1027069
0.4570000 28.2514668
0.4580000 21.4354820
0.4590000 39.0113564
0.4600000 -52.0508919
0.4610000 -38.6462631
0.4620000 79.5473328
0.4630000 38.6554184
0.4640000 55.6430969
0.4650000 -2.9623735
0.4660000 25.7483044
0.4670000 -21.7159939
0.4680000 -36.0015182
0.4690000 8.6189156
0.4700000 -18.9651337
0.4710000 4.6269016
0.4720000 10.3247919
0.4730000 -28.0188580
0.4740000 -3.5326838
0.4750000 74.8358383
0.4760000 -16.0772533
0.4770000 -24.4395027
0.4780000 -74.3565445
0.4790000 -31.5529213
0.4800000 32.4005699
0.4810000 -27.3116512
0.4820000 -30.8267651
0.4830000 51.5201721
0.4840000 -6.8769898
0.4850000 -21.1876698
0.4860000 37.9756470
0.4870000 15.9077625
0.4880000 -15.2147360
0.4890000 13.0914736
0.4900000 -0.2825159
0.4910000 -67.1745377
0.4920000 -2.2267847
0.4930000 -48.2074547
0.4940000 -31.2742672
0.4950000 14.1402645
0.4960000 7.5535145
0.4970000 -16.7207909
0.4980000 -33.0309601
0.4990000 -16.8967113
0.5000000 -27.8359928
0.5010000 -23.2291775
0.5020000 61.2028809
0.5030000 -27.3330250
0.5040000 61.2395973
0.5050000 -37.8879166
0.5060000 17.5778675
0.5070000 75.3663559
0.5080000 -16.7114754
0.5090000 -8.3011942
0.5100000 -15.2874708
0.5110000 60.4899635
0.5120000 -50.4905014
0.5130000 -20.6889915
0.5140000 -12.7168503
0.5150000 41.7978935
0.5160000 -29.3416615
0.5170000 -43.4430313
0.5180000 4.5948939
0.5190000 25.0332813
0.5200000 39.7943344
0.5210000 40.7447548
0.5220000 -12.2622623
0.5230000 12.0028696
0.5240000 -54.5586357
0.5250000 82.7773514
0.5260000 21.0798130
0.5270000 -14.8441906
0.5280000 28.4432297
0.5290000 28.7836056
0.5300000 -29.2234039
0.5310000 -0.3042555
0.5320000 -28.0470943
0.5330000 -12.1358061
0.5340000 -12.4136505
0.5350000 -31.4980793
0.5360000 75.2032318
0.5370000 -78.6438675
0.5380000 9.7385006
0.5390000 45.6739693
0.5400000 -0.9778811
0.5410000 0.9810270
0.5420000 50.6618080
0.5430000 6.2416072
0.5440000 -1.9747875
0.5450000 26.2144146
0.5460000 -23.0826931
0.5470000 -58.4585266
0.5480000 5.3962455
0.5490000 1.4142724
0.5500000 -1.3991706
0.5510000 15.2433748
0.5520000 8.4620657
0.5530000 31.9532833
0.5540000 -58.3291359
0.5550000 -45.6219482
0.5560000 -4.3594899
0.5570000 -8.5900402
0.5580000 20.1695518
0.5590000 26.5664825
0.5600000 7.0733514
0.5610000 -67.3876572
0.5620000 -7.7204776
0.5630000 69.5394592
0.5640000 74.5286026
0.5650000 38.2122231
0.5660000 -0.7183228
0.5670000 -1.8866110
0.5680000 -10.8936634
0.5690000 -10.0432062
0.5700000 -34.7718010
0.5710000 -8.5390930
0.5720000 21.4502354
0.5730000 44.8537903
0.5740000 -40.2364922
0.5750000 24.8257732
0.5760000 -10.1904697
0.5770000 -6.9977427
0.5780000 60.9237518
0.5790000 -10.9410248
0.5800000 -5.3676605
0.5810000 18.3883781
0.5820000 -56.0049591
0.5830000 -22.4541416
0.5840000 20.7508926
0.5850000 -47.6454163
0.5860000 -8.5663290
0.5870000 -3.9176579
0.5880000 12.0736618
0.5890000 -19.9922638
0.5900000 -2.7296281
0.5910000 55.5597305
0.5920000 -24.7058048
0.5930000 -34.3717003
0.5940000 -60.1024666
0.5950000 -40.1642418
0.5960000 45.2095032
0.5970000 -12.4234123
0.5980000 0.3468079
0.5990000 -43.2724533
0.6000000 10.4155407
0.6010000 -5.8338742
0.6020000 -17.8168144
0.6030000 20.7307701
0.6040000 -25.6082439
0.6050000 43.1589737
0.6060000 -13.5145721
0.6070000 -17.4880505
0.6080000 3.2421293
0.6090000 -5.2331319
0.6100000 -22.7576942
0.6110000 -15.1398344
0.6120000 64.2066727
0.6130000 -4.7993808
0.6140000 -29.6726322
0.6150000 -5.2601037
0.6160000 104.6244583
0.6170000 9.9469032
0.6180000 34.1011047
0.6190000 -6.5220327
0.6200000 18.6159306
0.6210000 49.1059799
0.6220000 38.6097794
0.6230000 -11.9188967
0.6240000 22.8656273
0.6250000 24.9250011
0.6260000 34.4027214
0.6270000 -39.0654068
0.6280000 -4.6732202
0.6290000 -4.6029410
0.6300000 3.4594717
0.6310000 -39.3351936
0.6320000 29.6303978
0.6330000 46.8897629
0.6340000 51.3068771
0.6350000 4.2874298
0.6360000 -4.7593122
0.6370000 -17.2803192
0.6380000 7.4883418
0.6390000 -53.8514175
0.6400000 14.3769016
0.6410000 2.4977670
0.6420000 18.9985619
0.6430000 -45.0589561
0.6440000 41.7041283
0.6450000 -60.1179695
0.6460000 -19.4561348
0.6470000 -9.9777927
0.6480000 -33.6805382
0.6490000 7.4706378
0.6500000 56.8507652
0.6510000 19.1124268
0.6520000 -22.7387352
0.6530000 -62.0755348
0.6540000 -2.9009137
0.6550000 -25.3146629
0.6560000 -2.7623284
0.6570000 29.4169312
0.6580000 15.2920036
0.6590000 -35.2797432
0.6600000 44.0292664
0.6610000 -23.1890087
0.6620000 16.8133011
0.6630000 -8.3220310
0.6640000 26.1334000
0.6650000 33.9499054
0.6660000 63.8342972
0.6670000 -68.1806412
0.6680000 30.4276676
0.6690000 19.6586704
0.6700000 -85.2897186
0.6710000 -19.8315506
0.6720000 -83.5144577
0.6730000 22.7214203
0.6740000 15.6934557
0.6750000 39.4794121
0.6760000 6.1375833
0.6770000 41.5988846
0.6780000 -59.3448257
0.6790000 55.8715286
0.6800000 82.6578827
0.6810000 -64.8774796
0.6820000 7.4120135
0.6830000 19.1392651
0.6840000 -23.0436954
0.6850000 0.1870404
0.6860000 -8.8807392
0.6870000 -41.4306412
0.6880000 -48.5328560
0.6890000 -38.7350540
0.6900000 37.2729301
0.6910000 -55.8543053
0.6920000 58.5124512
0.6930000 60.4753304
0.6940000 65.4211426
0.6950000 7.7631612
0.6960000 27.0083923
0.6970000 16.4454536
0.6980000 15.3168564
0.6990000 -11.2419310
0.7000000 25.6516685
0.7010000 -28.0498161
0.7020000 35.2366486
0.7030000 -13.7413902
0.7040000 -21.3431187
0.7050000 39.8780174
0.7060000 -16.5128479
0.7070000 18.6501179
0.7080000 -43.6038742
0.7090000 -9.6045361
0.7100000 23.1013527
0.7110000 -71.5228348
0.7120000 12.2459173
0.7130000 62.6416321
0.7140000 -34.2815094
0.7150000 -29.2283897
0.7160000 -12.1789875
0.7170000 18.0626965
0.7180000 -24.8555241
0.7190000 -8.0866785
0.7200000 47.5084991
0.7210000 54.2592163
0.7220000 8.4957790
0.7230000 -41.7359352
0.7240000 -15.4185381
0.7250000 13.7589865
0.7260000 -21.1753674
0.7270000 3.9973352
0.7280000 72.9597626
0.7290000 -33.9939079
0.7300000 -17.4025135
0.7310000 -0.6706201
0.7320000 -92.6305847
0.7330000 44.7104187
0.7340000 -4.6545148
0.7350000 2.8557589
0.7360000 -65.3440399
0.7370000 -2.2800267
0.7380000 -25.5222645
0.7390000 61.4852486
0.7400000 71.3612900
0.7410000 23.0635128
0.7420000 -36.3263702
0.7430000 -8.9341440
0.7440000 67.0971603
0.7450000 -74.8950653
0.7460000 57.4236565
0.7470000 -17.1784248
0.7480000 74.9745941
0.7490000 39.6176262
0.7500000 -34.2990952
0.7510000 32.4102707
0.7520000 20.1395473
0.7530000 0.2902504
0.7540000 36.5486908
0.7550000 -3.9157987
0.7560000 72.4677277
0.7570000 26.7153835
0.7580000 6.7738452
0.7590000 -14.3971491
0.7600000 -11.5568695
0.7610000 30.9802475
0.7620000 48.5435829
0.7630000 -2.8995426
0.7640000 -13.5100307
0.7650000 -42.3263206
0.7660000 34.0486755
0.7670000 11.9435015
0.7680000 -32.9688492
0.7690000 -16.9978886
0.7700000 -13.6864643
0.7710000 36.7127228
0.7720000 -3.9251080
0.7730000 23.1728745
0.7740000 -21.0287933
0.7750000 12.7893991
0.7760000 -24.3610744
0.7770000 -37.7370453
0.7780000 67.0380630
0.7790000 28.4608955
0.7800000 1.8838294
0.7810000 21.6014652
0.7820000 -44.1710625
0.7830000 23.6944981
0.7840000 46.2627449
0.7850000 -21.9250660
0.7860000 43.2763062
0.7870000 78.4055710
0.7880000 23.2131386
0.7890000 37.9859276
0.7900000 71.8543320
0.7910000 0.8452620
0.7920000 -36.1044884
0.7930000 14.5203733
0.7940000 -2.2576540
0.7950000 23.8513355
0.7960000 -43.5966682
0.7970000 -1.1135180
0.7980000 -7.6457653
0.7990000 -59.8646927
0.8000000 14.8948030
0.8010000 13.8969946
0.8020000 -38.8626976
0.8030000 -9.3643312
0.8040000 2.7434590
0.8050000 -6.2746305
0.8060000 24.8862610
0.8070000 18.3436089
0.8080000 -34.0670662
0.8090000 38.5748024
0.8100000 9.4612398
0.8110000 -52.6823883
0.8120000 2.9621341
0.8130000 -11.1059761
0.8140000 -56.4054642
0.8150000 48.9040680
0.8160000 -14.2805862
0.8170000 48.5119591
0.8180000 -37.6114883
0.8190000 -58.0566406
0.8200000 12.8510952
0.8210000 -58.2512512
0.8220000 11.2378225
0.8230000 10.4253492
0.8240000 -38.4748268
0.8250000 6.8734479
0.8260000 24.2350121
0.8270000 1.9445776
0.8280000 45.5002022
0.8290000 77.8594360
0.8300000 -11.3563089
0.8310000 36.5501060
0.8320000 -20.1258774
0.8330000 12.0576525
0.8340000 55.3459129
0.8350000 24.1100349
0.8360000 -64.9006500
0.8370000 3.2156196
0.8380000 0.7964526
0.8390000 -51.6612816
0.8400000 -13.0446138
0.8410000 22.1058216
0.8420000 -25.8615322
0.8430000 -53.8609581
0.8440000 29.9110126
0.8450000 41.3383179
0.8460000 27.9464455
0.8470000 -36.6572304
0.8480000 43.5574341
0.8490000 -40.6766930
0.8500000 5.3366113
0.8510000 -17.3159065
0.8520000 -21.7198887
0.8530000 60.1590233
0.8540000 -40.4423714
0.8550000 5.3495917
0.8560000 -9.8461847
0.8570000 4.4599776
0.8580000 -77.2514648
0.8590000 12.0196476
0.8600000 -3.0356259
0.8610000 30.3044014
0.8620000 -20.2853374
0.8630000 2.8602605
0.8640000 -7.6225815
0.8650000 -24.3001976
0.8660000 20.4413033
0.8670000 24.5397663
0.8680000 -26.0097580
0.8690000 26.8652439
0.8700000 -11.0162535
0.8710000 -45.8729897
0.8720000 -16.2312603
0.8730000 14.4564619
0.8740000 24.4106808
0.8750000 27.2988815
0.8760000 -48.7454376
0.8770000 26.9000149
0.8780000 16.4860096
0.8790000 -49.0496941
0.8800000 -21.1523190
0.8810000 -45.4857521
0.8820000 -34.3659554
0.8830000 -50.2515526
0.8840000 -31.1155853
0.8850000 -36.6847649
0.8860000 29.8021221
0.8870000 -17.0881348
0.8880000 19.7520790
0.8890000 8.6596136
0.8900000 -34.7443771
0.8910000 -14.6349468
0.8920000 -6.6565790
0.8930000 -30.3446426
0.8940000 -77.5495834
0.8950000 -7.3076129
0.8960000 24.2590027
0.8970000 32.4833260
0.8980000 2.5076966
0.8990000 -39.4387283
0.9000000 -22.0967617
0.9010000 7.8951049
0.9020000 58.7360344
0.9030000 26.4541512
0.9040000 2.7679379
0.9050000 -38.9974289
0.9060000 15.6875391
0.9070000 8.1353931
0.9080000 12.4142036
0.9090000 29.2454128
0.9100000 9.0240774
0.9110000 27.0241413
0.9120000 0.3734732
0.9130000 6.5638771
0.9140000 23.8896618
0.9150000 -44.2035599
0.9160000 8.6018753
0.9170000 11.2231960
0.9180000 84.4502563
0.9190000 -32.4639473
0.9200000 43.2023964
0.9210000 -26.6426716
0.9220000 76.4601059
0.9230000 4.6177840
0.9240000 5.1672602
0.9250000 17.6781387
0.9260000 19.0963726
0.9270000 -53.7560730
0.9280000 14.7303524
0.9290000 23.4584579
0.9300000 23.2764854
0.9310000 -24.3226032
0.9320000 38.8632240
0.9330000 -28.1072941
0.9340000 -2.8945887
0.9350000 11.4301109
0.9360000 -36.8234100
0.9370000 19.9516811
0.9380000 44.1245995
0.9390000 -40.7063942
0.9400000 -35.4162064
0.9410000 28.0961132
0.9420000 21.5672722
0.9430000 29.5384426
0.9440000 -81.7363052
0.9450000 16.2135143
0.9460000 27.0807991
0.9470000 13.4704895
0.9480000 55.0737572
0.9490000 -15.0716915
0.9500000 -51.6936989
0.9510000 -17.5509377
0.9520000 -51.4455986
0.9530000 -8.0973158
0.9540000 4.9891682
0.9550000 -24.7543926
0.9560000 -68.4093857
0.9570000 56.3703384
0.9580000 61.3873138
0.9590000 8.1448803
0.9600000 20.4785614
0.9610000 -16.8654232
0.9620000 -15.7698936
0.9630000 47.6739311
0.9640000 -31.8571453
0.9650000 -59.5153046
0.9660000 -10.5920229
0.9670000 48.9811859
0.9680000 -7.3216810
0.9690000 27.2075462
0.9700000 30.9155674
0.9710000 -28.4804916
0.9720000 16.7247963
0.9730000 -3.5739369
0.9740000 -35.7455902
0.9750000 -72.9581223
0.9760000 25.4335194
0.9770000 -38.7243233
0.9780000 -30.5567436
0.9790000 -7.4755206
0.9800000 40.8913383
0.9810000 -78.9170990
0.9820000 -21.3709736
0.9830000 21.7394161
0.9840000 -33.6719017
0.9850000 -37.0625000
0.9860000 33.5166702
0.9870000 -34.5926514
0.9880000 -52.6883163
0.9890000 54.2370071
0.9900000 25.5227146
0.9910000 -24.6122780
0.9920000 17.9100266
0.9930000 55.1190109
0.9940000 -9.5149069
0.9950000 -52.3335762
0.9960000 -13.4126167
0.9970000 -8.4641371
0.9980000 -14.5143290
0.9990000 -2.1628838
