0.0000000 0.3701612
0.0010000 -11.8991089
0.0020000 21.5956745
0.0030000 65.6872787
0.0040000 58.3386841
0.0050000 -38.5206947
0.0060000 15.8947983
0.0070000 -15.3476171
0.0080000 11.2140474
0.0090000 -33.4770813
0.0100000 -11.0093880
0.0110000 19.9076920
0.0120000 45.8457451
0.0130000 14.5966148
0.0140000 -42.2287521
0.0150000 -122.8066559
0.0160000 -36.2725830
0.0170000 11.4797020
0.0180000 -62.2221870
0.0190000 3.2993939
0.0200000 18.4803925
0.0210000 -66.7902298
0.0220000 29.4420033
0.0230000 -0.3473332
0.0240000 -5.1723361
0.0250000 -2.4979532
0.0260000 4.3036480
0.0270000 -1.2876128
0.0280000 26.9097633
0.0290000 62.2020531
0.0300000 51.1383705
0.0310000 74.4768219
0.0320000 -30.1198597
0.0330000 -36.7885513
0.0340000 -9.8429604
0.0350000 -54.0982475
0.0360000 -0.1905918
0.0370000 -48.9152260
0.0380000 38.0248337
0.0390000 -40.1265564
0.0400000 65.5286484
0.0410000 28.7951012
0.0420000 24.5825138
0.0430000 -21.8642330
0.0440000 -25.8023758
0.0450000 -15.2485685
0.0460000 -34.9896202
0.0470000 -39.5789604
0.0480000 -38.4229698
0.0490000 -99.1636429
0.0500000 -2.1247015
0.0510000 27.7619991
0.0520000 11.5348377
0.0530000 8.5871468
0.0540000 -9.6856451
0.0550000 20.1184654
0.0560000 10.2671595
0.0570000 -23.2277966
0.0580000 110.6144104
0.0590000 20.0547333
0.0600000 31.9630661
0.0610000 -8.3081532
0.0620000 -9.8929291
0.0630000 69.8980484
0.0640000 33.8068924
0.0650000 -57.4679260
0.0660000 43.8287354
0.0670000 -35.1286354
0.0680000 -16.1615105
0.0690000 25.7719765
0.0700000 86.0971298
0.0710000 22.4027653
0.0720000 -59.6211090
0.0730000 -23.1168022
0.0740000 -27.5812416
0.0750000 -45.6272812
0.0760000 35.8704376
0.0770000 19.5171375
0.0780000 -57.0499725
0.0790000 30.2193737
0.0800000 16.0123043
0.0810000 -4.0449758
0.0820000 -11.1191015
0.0830000 10.1366806
0.0840000 -41.2213898
0.0850000 4.5300884
0.0860000 -46.6682396
0.0870000 21.9232922
0.0880000 37.4768448
0.0890000 24.2144222
0.0900000 -28.5841141
0.0910000 -19.7289715
0.0920000 20.0982666
0.0930000 -50.0553474
0.0940000 -20.1422520
0.0950000 33.4255409
0.0960000 78.3887024
0.0970000 -20.1183491
0.0980000 -35.5192757
0.0990000 -66.8030853
0.1000000 8.9812002
0.1010000 -2.5512705
0.1020000 -20.2951012
0.1030000 31.6104221
0.1040000 19.7637787
0.1050000 -19.1666737
0.1060000 33.9445724
0.1070000 -35.7883682
0.1080000 -41.5538673
0.1090000 60.3328934
0.1100000 -20.5779247
0.1110000 -40.3041992
0.1120000 26.4368954
0.1130000 74.5655289
0.1140000 -28.0037689
0.1150000 8.3231392
0.1160000 -63.9046593
0.1170000 -5.8410606
0.1180000 45.0140495
0.1190000 17.6593952
0.1200000 -23.7436790
0.1210000 56.1695099
0.1220000 30.8534069
0.1230000 22.7778168
0.1240000 -65.9488373
0.1250000 -60.9623299
0.1260000 -25.6192856
0.1270000 53.6758156
0.1280000 -22.4914246
0.1290000 -48.1805344
0.1300000 -8.3106270
0.1310000 36.3233948
0.1320000 -47.3530502
0.1330000 30.5850868
0.1340000 -51.7909164
0.1350000 7.9667182
0.1360000 8.6394272
0.1370000 47.2316666
0.1380000 -36.6652565
0.1390000 19.4461155
0.1400000 33.0356941
0.1410000 -59.3356895
0.1420000 -8.3401833
0.1430000 30.4481583
0.1440000 19.4702435
0.1450000 44.3418007
0.1460000 34.4306374
0.1470000 60.8052597
0.1480000 58.8298035
0.1490000 9.9220018
0.1500000 -19.1755238
0.1510000 -3.6705596
0.1520000 16.3884830
0.1530000 7.4152665
0.1540000 -64.2395706
0.1550000 -10.5063162
0.1560000 26.0563831
0.1570000 24.5329456
0.1580000 38.4540482
0.1590000 43.7968292
0.1600000 -0.2426999
0.1610000 12.5266609
0.1620000 53.5301247
0.1630000 -0.0545093
0.1640000 26.9980297
0.1650000 -3.6649380
0.1660000 14.5902615
0.1670000 27.0450401
0.1680000 -14.9629450
0.1690000 15.6372824
0.1700000 -54.9199333
0.1710000 -45.6944733
0.1720000 43.7870522
0.1730000 -7.3751020
0.1740000 -58.1158180
0.1750000 -15.8020449
0.1760000 -16.0772381
0.1770000 -17.8757458
0.1780000 -69.0207825
0.1790000 18.5582161
0.1800000 -49.1609383
0.1810000 7.3812885
0.1820000 -11.4794054
0.1830000 -44.3787956
0.1840000 45.8498001
0.1850000 34.7864761
0.1860000 -25.0605240
0.1870000 29.2341232
0.1880000 13.5171871
0.1890000 -16.3395290
0.1900000 0.2036316
0.1910000 20.1948032
0.1920000 25.6653671
0.1930000 35.5197258
0.1940000 -43.3113976
0.1950000 51.3614273
0.1960000 -1.1324401
0.1970000 -2.4231515
0.1980000 38.3140106
0.1990000 11.1837959
0.2000000 -32.8339539
0.2010000 -10.6921597
0.2020000 -16.6490707
0.2030000 -9.6463671
0.2040000 60.2283440
0.2050000 -49.9555664
0.2060000 8.3172770
0.2070000 20.6339016
0.2080000 -3.1550212
0.2090000 36.5325851
0.2100000 40.0229034
0.2110000 60.1864014
0.2120000 -24.3202057
0.2130000 -1.7797165
0.2140000 69.1527481
0.2150000 -4.0604944
0.2160000 -5.4373779
0.2170000 -35.0781555
0.2180000 120.6915817
0.2190000 -36.6961823
0.2200000 31.6133213
0.2210000 13.5411148
0.2220000 -56.3983002
0.2230000 11.4131069
0.2240000 -27.6080990
0.2250000 5.1752248
0.2260000 20.2495232
0.2270000 7.7786708
0.2280000 -40.7983017
0.2290000 -15.1787596
0.2300000 13.8754463
0.2310000 40.2730103
0.2320000 25.8882294
0.2330000 -25.3153343
0.2340000 39.5260696
0.2350000 21.7354355
0.2360000 11.2434902
0.2370000 12.7498884
0.2380000 -3.3573611
0.2390000 -39.4198837
0.2400000 32.0697403
0.2410000 34.1751022
0.2420000 -4.0960093
0.2430000 32.5786667
0.2440000 -31.2946491
0.2450000 33.6421928
0.2460000 -43.5328941
0.2470000 35.1686554
0.2480000 62.7139511
0.2490000 -6.2122273
0.2500000 23.4127884
0.2510000 20.7530670
0.2520000 22.3039341
0.2530000 -48.6691246
0.2540000 9.2286005
0.2550000 -9.7790403
0.2560000 -5.7859411
0.2570000 -32.5519676
0.2580000 15.3130140
0.2590000 45.3318672
0.2600000 5.5422254
0.2610000 -5.8386388
0.2620000 -12.1073742
0.2630000 -20.7850132
0.2640000 -22.3180981
0.2650000 18.6309433
0.2660000 29.6437130
0.2670000 -21.4074898
0.2680000 13.7405910
0.2690000 -6.2894225
0.2700000 -79.3311310
0.2710000 6.2930212
0.2720000 10.4562674
0.2730000 9.0959721
0.2740000 -36.1612892
0.2750000 37.7417831
0.2760000 43.5987968
0.2770000 49.1269760
0.2780000 -14.6357841
0.2790000 3.0325005
0.2800000 -53.0934715
0.2810000 -32.4459610
0.2820000 12.4216394
0.2830000 -36.0428848
0.2840000 19.3057308
0.2850000 -11.2723150
0.2860000 27.9462337
0.2870000 3.4187059
0.2880000 -15.2738867
0.2890000 58.8450127
0.2900000 49.9651909
0.2910000 -42.5921974
0.2920000 8.0828295
0.2930000 33.1324234
0.2940000 2.1056318
0.2950000 14.9833164
0.2960000 0.0282041
0.2970000 -57.5845070
0.2980000 27.3118649
0.2990000 -27.4060307
0.3000000 5.3999891
0.3010000 -38.5822639
0.3020000 -6.9069815
0.3030000 54.1394806
0.3040000 -30.3320885
0.3050000 -47.0254517
0.3060000 -25.2950630
0.3070000 -29.3457241
0.3080000 48.1242943
0.3090000 29.3691368
0.3100000 63.6564674
0.3110000 23.2852058
0.3120000 33.2315941
0.3130000 2.1281607
0.3140000 -36.6081886
0.3150000 -13.2835560
0.3160000 2.7563519
0.3170000 7.0478463
0.3180000 -2.7707636
0.3190000 26.0512028
0.3200000 53.1970139
0.3210000 -72.5978012
0.3220000 -43.4344139
0.3230000 41.1239891
0.3240000 -21.5391350
0.3250000 -6.0484338
0.3260000 -35.3911896
0.3270000 -58.7301292
0.3280000 34.5009346
0.3290000 43.6052055
0.3300000 -2.6866996
0.3310000 6.6435828
0.3320000 -61.7344818
0.3330000 22.4306564
0.3340000 47.4170151
0.3350000 -27.2764454
0.3360000 19.9780407
0.3370000 -3.2451148
0.3380000 -28.6052628
0.3390000 -24.3461857
0.3400000 -4.6441302
0.3410000 20.3679142
0.3420000 -44.1150360
0.3430000 9.1995211
0.3440000 -11.4436293
0.3450000 22.8677177
0.3460000 47.7149811
0.3470000 17.3058414
0.3480000 -16.0286522
0.3490000 24.2302513
0.3500000 -27.0447426
0.3510000 4.8043132
0.3520000 1.6811521
0.3530000 -30.0012474
0.3540000 70.6841660
0.3550000 60.6458549
0.3560000 -33.2979012
0.3570000 57.4267349
0.3580000 18.8514957
0.3590000 24.3653393
0.3600000 27.6968060
0.3610000 1.0905889
0.3620000 -17.0412617
0.3630000 -17.8145256
0.3640000 -45.0098801
0.3650000 -37.9254036
0.3660000 -4.9860597
0.3670000 55.3315659
0.3680000 -9.6533499
0.3690000 56.3789864
0.3700000 -1.2989490
0.3710000 -28.1378269
0.3720000 -48.6345062
0.3730000 40.7042503
0.3740000 -35.8139725
0.3750000 -36.7697220
0.3760000 -15.7733374
0.3770000 35.6140137
0.3780000 -29.8441486
0.3790000 -16.8980064
0.3800000 -39.3468590
0.3810000 28.7117882
0.3820000 15.8344107
0.3830000 44.2992706
0.3840000 8.3899174
0.3850000 14.5281096
0.3860000 -15.5491009
0.3870000 -33.7492104
0.3880000 8.4905548
0.3890000 -60.6324768
0.3900000 7.4610415
0.3910000 -12.3063536
0.3920000 -52.4525185
0.3930000 -37.0333748
0.3940000 29.6625557
0.3950000 47.9592285
0.3960000 64.8149338
0.3970000 3.2342417
0.3980000 51.2559433
0.3990000 -41.7779121
0.4000000 -48.8418541
0.4010000 56.9239960
0.4020000 -21.1975136
0.4030000 23.2181396
0.4040000 -2.8843524
0.4050000 -11.8933172
0.4060000 30.2545815
0.4070000 -40.8874474
0.4080000 -9.2977428
0.4090000 1.5602530
0.4100000 -4.0712872
0.4110000 28.8808384
0.4120000 -46.0919952
0.4130000 10.7278996
0.4140000 19.1625004
0.4150000 -87.4405975
0.4160000 -14.5665073
0.4170000 0.6504373
0.4180000 73.7489700
0.4190000 28.4852142
0.4200000 -50.1716309
0.4210000 -23.8589649
0.4220000 68.2413101
0.4230000 -32.6067429
0.4240000 -64.9272308
0.4250000 18.4079857
0.4260000 -26.3694210
0.4270000 -55.7357788
0.4280000 2.9802589
0.4290000 -85.0424652
0.4300000 33.4410973
0.4310000 -10.6589270
0.4320000 -0.6977097
0.4330000 17.8469868
0.4340000 16.6678562
0.4350000 5.4493179
0.4360000 41.3795776
0.4370000 32.4379082
0.4380000 11.5450268
0.4390000 33.6834869
0.4400000 -16.6367912
0.4410000 32.2122574
0.4420000 15.5237923
0.4430000 2.6477091
0.4440000 -41.0275955
0.4450000 40.1648636
0.4460000 -9.3797159
0.4470000 -61.6918678
0.4480000 17.4106045
0.4490000 34.5382347
0.4500000 8.2184744
0.4510000 -63.4236832
0.4520000 2.5289359
0.4530000 20.6039162
0.4540000 -42.8903084
0.4550000 -7.5902438
0.4560000 5.3041415
0.4570000 15.2312574
0.4580000 -13.4984846
0.4590000 -59.2481651
0.4600000 8.6033230
0.4610000 67.3203049
0.4620000 -5.5443544
0.4630000 39.1980324
0.4640000 39.4161987
0.4650000 -47.1445961
0.4660000 -10.6926603
0.4670000 -70.2868423
0.4680000 1.8176990
0.4690000 -17.1314888
0.4700000 5.8642602
0.4710000 -27.5355988
0.4720000 38.9981041
0.4730000 84.9012756
0.4740000 -63.2621384
0.4750000 -4.4791803
0.4760000 13.7048531
0.4770000 -30.9902821
0.4780000 -16.4100380
0.4790000 -23.9195690
0.4800000 -69.1489105
0.4810000 -39.2082405
0.4820000 63.5507011
0.4830000 -21.8980103
0.4840000 27.4225960
0.4850000 -33.6272545
0.4860000 28.6788998
0.4870000 53.3643341
0.4880000 7.6333408
0.4890000 -14.0235672
0.4900000 0.7879709
0.4910000 -26.5589275
0.4920000 5.8033242
0.4930000 -26.6492691
0.4940000 -25.9867973
0.4950000 61.2963448
0.4960000 -6.5797548
0.4970000 -81.9522629
0.4980000 -64.4708481
0.4990000 -72.6840286
0.5000000 -13.1062212
0.5010000 62.2713852
0.5020000 5.1852565
0.5030000 31.9640770
0.5040000 49.4824142
0.5050000 39.4817963
0.5060000 18.7331409
0.5070000 -47.4895630
0.5080000 -29.3913059
0.5090000 -19.7176838
0.5100000 7.8005743
0.5110000 68.2918472
0.5120000 15.4431639
0.5130000 -73.9950714
0.5140000 -24.7206173
0.5150000 -31.9822598
0.5160000 -25.3176765
0.5170000 50.7470093
0.5180000 29.9407387
0.5190000 -40.5188217
0.5200000 -46.2565193
0.5210000 3.6143408
0.5220000 45.8259315
0.5230000 19.2503796
0.5240000 8.3705101
0.5250000 -58.9991989
0.5260000 -2.7926755
0.5270000 29.0779819
0.5280000 18.6273823
0.5290000 23.7420158
0.5300000 -16.8766479
0.5310000 -38.3466072
0.5320000 39.8253822
0.5330000 13.8695602
0.5340000 44.0872040
0.5350000 11.5299835
0.5360000 4.2126875
0.5370000 40.0824928
0.5380000 -66.8699265
0.5390000 16.7116928
0.5400000 -5.4398556
0.5410000 8.3628845
0.5420000 53.2713852
0.5430000 -38.7324791
0.5440000 -54.1444321
0.5450000 23.2618656
0.5460000 -9.1148653
0.5470000 -28.1378250
0.5480000 -85.1009979
0.5490000 35.2342834
0.5500000 -25.6606636
0.5510000 45.7918739
0.5520000 -20.3796730
0.5530000 -39.6127205
0.5540000 42.8069382
0.5550000 -33.7939987
0.5560000 11.9617577
0.5570000 -29.1947842
0.5580000 34.5831223
0.5590000 49.6695480
0.5600000 75.7014389
0.5610000 -51.3110313
0.5620000 58.5279617
0.5630000 -27.3288021
0.5640000 -32.3898544
0.5650000 -46.1201477
0.5660000 69.4977646
0.5670000 -12.2782364
0.5680000 40.2044983
0.5690000 -82.8674927
0.5700000 59.6945915
0.5710000 5.8515420
0.5720000 13.9137182
0.5730000 31.5462513
0.5740000 -3.9821513
0.5750000 30.6616402
0.5760000 -0.1324061
0.5770000 23.3224049
0.5780000 -56.8229599
0.5790000 24.5809517
0.5800000 -7.1389470
0.5810000 -13.5392017
0.5820000 -36.8142776
0.5830000 -23.7009697
0.5840000 16.5944195
0.5850000 49.2594299
0.5860000 -31.6203690
0.5870000 -6.2757878
0.5880000 -11.5799417
0.5890000 68.8592987
0.5900000 -43.9244843
0.5910000 -28.5633736
0.5920000 72.8193054
0.5930000 -43.9400024
0.5940000 -1.5006173
0.5950000 -63.6742897
0.5960000 29.3548851
0.5970000 20.8948097
0.5980000 -29.7271690
0.5990000 -22.0693893
0.6000000 -73.8848343
0.6010000 -62.4569511
0.6020000 -26.0134277
0.6030000 -27.2591934
0.6040000 10.4340096
0.6050000 -52.9107971
0.6060000 10.1647282
0.6070000 -22.1476135
0.6080000 -46.6962624
0.6090000 -23.8959808
0.6100000 -5.0932865
0.6110000 39.8751030
0.6120000 -70.9421616
0.6130000 -5.6965446
0.6140000 -29.6177120
0.6150000 -3.6126623
0.6160000 -8.3995638
0.6170000 -28.7266273
0.6180000 -1.3901198
0.6190000 51.4014015
0.6200000 -40.8111343
0.6210000 -2.3714461
0.6220000 40.0522766
0.6230000 45.7285690
0.6240000 44.4675217
0.6250000 -57.1349869
0.6260000 33.2003860
0.6270000 11.1134768
0.6280000 -7.4852614
0.6290000 -10.6262016
0.6300000 34.9655571
0.6310000 27.2921314
0.6320000 18.0826855
0.6330000 55.2991753
0.6340000 -62.0478745
0.6350000 17.8314972
0.6360000 45.1700974
0.6370000 7.8677797
0.6380000 -29.6890812
0.6390000 -87.6144714
0.6400000 -65.9746475
0.6410000 27.1502838
0.6420000 22.4763241
0.6430000 14.1727915
0.6440000 -13.5867367
0.6450000 -65.8653336
0.6460000 15.3656664
0.6470000 16.4594345
0.6480000 -32.8412209
0.6490000 16.0890408
0.6500000 43.3159637
0.6510000 36.2664337
0.6520000 33.0965385
0.6530000 27.7523155
0.6540000 22.3152828
0.6550000 34.2029190
0.6560000 -50.3525085
0.6570000 -36.0034981
0.6580000 24.4092293
0.6590000 -37.3630028
0.6600000 -50.0802193
0.6610000 25.5802040
0.6620000 7.2098179
0.6630000 -24.8685684
0.6640000 -26.0111084
0.6650000 9.9821672
0.6660000 -14.6797218
0.6670000 -10.2488384
0.6680000 32.6692429
0.6690000 -30.3033848
0.6700000 -26.9170742
0.6710000 -0.2387432
0.6720000 -5.2050142
0.6730000 59.8648872
0.6740000 9.2526102
0.6750000 24.2137241
0.6760000 11.0194654
0.6770000 63.8019753
0.6780000 84.7021484
0.6790000 56.5570221
0.6800000 -6.2489300
0.6810000 36.0857086
0.6820000 -29.7418346
0.6830000 -60.3553772
0.6840000 -1.7022070
0.6850000 0.4994465
0.6860000 10.0786810
0.6870000 20.7615986
0.6880000 -58.1838837
0.6890000 -15.5151882
0.6900000 32.1219063
0.6910000 40.8943901
0.6920000 -24.1416969
0.6930000 74.6093369
0.6940000 -5.9949527
0.6950000 -9.5814962
0.6960000 -22.0787144
0.6970000 -30.4777508
0.6980000 -0.4274757
0.6990000 -14.6277008
0.7000000 -11.4500990
0.7010000 -0.0789511
0.7020000 18.5965672
0.7030000 21.5265121
0.7040000 23.5178051
0.7050000 -18.8514309
0.7060000 -21.5207996
0.7070000 -38.2098961
0.7080000 -75.2885971
0.7090000 -17.7056561
0.7100000 46.9185104
0.7110000 45.0040016
0.7120000 9.0271816
0.7130000 -5.6105623
0.7140000 36.9677277
0.7150000 31.8619614
0.7160000 -12.5780344
0.7170000 14.4033518
0.7180000 48.1411247
0.7190000 -8.2503901
0.7200000 29.8819103
0.7210000 4.0790524
0.7220000 -29.5476265
0.7230000 -34.9529381
0.7240000 0.4569793
0.7250000 15.8620224
0.7260000 10.2432365
0.7270000 -16.2733879
0.7280000 -52.4355965
0.7290000 88.9152298
0.7300000 -3.4489353
0.7310000 54.0838776
0.7320000 1.0025717
0.7330000 -7.7508392
0.7340000 22.5009899
0.7350000 -7.1772718
0.7360000 -7.7643638
0.7370000 -22.4485226
0.7380000 -23.1764736
0.7390000 -16.2409344
0.7400000 -4.3191490
0.7410000 -2.6934745
0.7420000 43.8163757
0.7430000 20.3514118
0.7440000 8.7627754
0.7450000 -5.8154097
0.7460000 18.5591621
0.7470000 26.5753078
0.7480000 -4.6499486
0.7490000 3.9227357
0.7500000 60.0025330
0.7510000 36.5472183
0.7520000 -22.7884102
0.7530000 -16.2226906
0.7540000 7.2445626
0.7550000 10.4669733
0.7560000 12.5728569
0.7570000 41.6530876
0.7580000 8.6990871
0.7590000 -47.4381790
0.7600000 38.0319824
0.7610000 82.7376328
0.7620000 -44.8148918
0.7630000 -8.6572275
0.7640000 -10.9169092
0.7650000 -39.2324905
0.7660000 -8.6892109
0.7670000 16.3649292
0.7680000 -5.6300573
0.7690000 -51.2086182
0.7700000 -1.0108027
0.7710000 -90.5208511
0.7720000 -37.9343109
0.7730000 -17.2453003
0.7740000 30.1751442
0.7750000 14.9399738
0.7760000 -14.9121561
0.7770000 -16.3664055
0.7780000 23.9329262
0.7790000 -50.7716866
0.7800000 -13.6581831
0.7810000 27.4968510
0.7820000 -0.6323958
0.7830000 -56.5054932
0.7840000 -20.4320507
0.7850000 49.8188019
0.7860000 -13.6361580
0.7870000 25.9515228
0.7880000 -40.9535789
0.7890000 -2.3012028
0.7900000 19.8507442
0.7910000 12.6926460
0.7920000 17.4654350
0.7930000 -52.7612152
0.7940000 2.8195815
0.7950000 -6.8099699
0.7960000 55.3523979
0.7970000 -38.0706673
0.7980000 14.7365313
0.7990000 -23.5229816
0.8000000 8.2813892
0.8010000 0.6061914
0.8020000 -71.6757126
0.8030000 14.7582378
0.8040000 59.1802864
0.8050000 46.0905380
0.8060000 -18.5109005
0.8070000 -72.1760712
0.8080000 40.1994667
0.8090000 -5.3649426
0.8100000 -18.9991856
0.8110000 -15.9724293
0.8120000 -38.0481682
0.8130000 5.0651064
0.8140000 -1.3977786
0.8150000 -44.5456886
0.8160000 6.0987992
0.8170000 -69.8973770
0.8180000 -13.3035564
0.8190000 32.7970886
0.8200000 -19.0567646
0.8210000 -11.0762787
0.8220000 -38.0726624
0.8230000 47.3215523
0.8240000 -28.8443279
0.8250000 -36.9941788
0.8260000 31.7245922
0.8270000 -1.7497307
0.8280000 -1.7025716
0.8290000 84.9793015
0.8300000 -55.7283707
0.8310000 11.0868511
0.8320000 23.3833618
0.8330000 -57.5729065
0.8340000 -62.3332787
0.8350000 25.7518578
0.8360000 -0.0816921
0.8370000 -2.6094458
0.8380000 -7.0813956
0.8390000 53.7637100
0.8400000 -61.0092468
0.8410000 -56.2963486
0.8420000 -4.0861893
0.8430000 1.4997638
0.8440000 10.2063360
0.8450000 -73.6261444
0.8460000 -27.4150200
0.8470000 22.5141792
0.8480000 49.7053490
0.8490000 14.3431025
0.8500000 2.7230353
0.8510000 28.1508484
0.8520000 4.5292616
0.8530000 -10.8972521
0.8540000 -36.5614738
0.8550000 20.1706352
0.8560000 -10.3083534
0.8570000 51.8164024
0.8580000 55.0840492
0.8590000 4.4279838
0.8600000 8.9092340
0.8610000 31.1857643
0.8620000 -38.1984673
0.8630000 3.3875608
0.8640000 21.6926727
0.8650000 -22.2140293
0.8660000 24.7536659
0.8670000 29.3207932
0.8680000 -14.8156614
0.8690000 45.5738640
0.8700000 -19.6832314
0.8710000 -46.8883934
0.8720000 -32.3389626
0.8730000 35.8036194
0.8740000 -44.4578705
0.8750000 51.2244377
0.8760000 -21.2541294
0.8770000 2.2239363
0.8780000 -3.9947824
0.8790000 -29.8338795
0.8800000 38.9507065
0.8810000 18.4334087
0.8820000 -43.9365273
0.8830000 -54.1457367
0.8840000 -38.7227364
0.8850000 -31.9462013
0.8860000 -30.6232204
0.8870000 34.5571671
0.8880000 10.3155384
0.8890000 5.2419848
0.8900000 -21.8387928
0.8910000 -72.2538910
0.8920000 6.9075980
0.8930000 -21.8265705
0.8940000 23.9449940
0.8950000 -39.6951408
0.8960000 38.0802536
0.8970000 -29.4535656
0.8980000 53.2282677
0.8990000 29.1671619
0.9000000 -27.5164528
0.9010000 -29.2091656
0.9020000 49.5289078
0.9030000 23.0416698
0.9040000 -4.1110845
0.9050000 -91.6008987
0.9060000 6.8129191
0.9070000 -10.9473925
0.9080000 3.6467643
0.9090000 49.8519554
0.9100000 -9.4606037
0.9110000 -17.1267776
0.9120000 -54.7903099
0.9130000 44.4364586
0.9140000 -24.3379135
0.9150000 44.3809891
0.9160000 -4.3607149
0.9170000 -13.5032883
0.9180000 -34.4687538
0.9190000 -21.8830738
0.9200000 57.7610016
0.9210000 -40.7253189
0.9220000 -37.0876770
0.9230000 42.6377144
0.9240000 -56.1618805
0.9250000 -44.3771591
0.9260000 -48.8375816
0.9270000 -82.9096222
0.9280000 73.9181061
0.9290000 -19.8791943
0.9300000 44.4872932
0.9310000 -74.0891571
0.9320000 62.3851624
0.9330000 -3.3257425
0.9340000 0.6139293
0.9350000 42.3884735
0.9360000 -24.5834389
0.9370000 17.7648849
0.9380000 -35.9427032
0.9390000 -17.3809166
0.9400000 97.9423828
0.9410000 13.7883997
0.9420000 4.7730083
0.9430000 31.5201664
0.9440000 62.6576233
0.9450000 1.7636774
0.9460000 -0.5369040
0.9470000 14.8433867
0.9480000 45.2901306
0.9490000 25.1343861
0.9500000 -41.0864906
0.9510000 -21.5583992
0.9520000 -20.2235107
0.9530000 -8.5985765
0.9540000 -31.5448704
0.9550000 -67.3453217
0.9560000 -21.5768528
0.9570000 -36.3566399
0.9580000 12.5954399
0.9590000 -18.9426250
0.9600000 -13.2953005
0.9610000 -32.5951309
0.9620000 -71.1757050
0.9630000 18.5320015
0.9640000 43.0417213
0.9650000 8.3346052
0.9660000 12.6158724
0.9670000 15.8621387
0.9680000 0.1627044
0.9690000 -27.9492531
0.9700000 17.7489796
0.9710000 3.6904559
0.9720000 -40.8644943
0.9730000 -28.7253914
0.9740000 -55.4205284
0.9750000 21.2303658
0.9760000 79.2507324
0.9770000 -28.1277943
0.9780000 34.7256927
0.9790000 18.9038181
0.9800000 8.6486540
0.9810000 0.2594984
0.9820000 46.6476898
0.9830000 -48.4918480
0.9840000 40.6721916
0.9850000 -3.3288319
0.9860000 -6.7329245
0.9870000 50.8904495
0.9880000 76.8396301
0.9890000 1.8479207
0.9900000 -2.2222080
0.9910000 34.1192513
0.9920000 1.8782518
0.9930000 4.6757221
0.9940000 -49.4000282
0.9950000 -41.3437691
0.9960000 21.0659447
0.9970000 -54.0127258
0.9980000 4.1953516
0.9990000 11.0515232
