0.0000000 -72.0444946
0.0010000 24.3153152
0.0020000 -72.1030960
0.0030000 -16.9721050
0.0040000 39.5181999
0.0050000 -8.2111435
0.0060000 87.8621597
0.0070000 11.8900537
0.0080000 -16.4148979
0.0090000 9.4267282
0.0100000 -16.6554470
0.0110000 -56.7230988
0.0120000 5.8045645
0.0130000 15.5628347
0.0140000 12.9923925
0.0150000 -2.3381727
0.0160000 61.5461197
0.0170000 79.1957169
0.0180000 1.2657149
0.0190000 15.5365019
0.0200000 38.2645645
0.0210000 49.5803604
0.0220000 -49.6656342
0.0230000 42.2385902
0.0240000 9.9495325
0.0250000 -5.2928071
0.0260000 33.8949966
0.0270000 14.5462265
0.0280000 -10.4984798
0.0290000 -21.6167297
0.0300000 6.4568930
0.0310000 -0.5730901
0.0320000 -26.2646294
0.0330000 44.1042480
0.0340000 -7.4569354
0.0350000 -3.8023715
0.0360000 -45.2283669
0.0370000 -66.0633926
0.0380000 11.6983452
0.0390000 -1.2436031
0.0400000 20.8955383
0.0410000 -4.5804424
0.0420000 7.5025945
0.0430000 -27.5008717
0.0440000 -24.5916042
0.0450000 5.4342365
0.0460000 27.8073273
0.0470000 -9.7400675
0.0480000 15.8619480
0.0490000 -7.0824733
0.0500000 4.6784954
0.0510000 -8.7763739
0.0520000 -60.3777390
0.0530000 10.8079023
0.0540000 -37.9815941
0.0550000 -16.7800369
0.0560000 -44.7968597
0.0570000 53.2216072
0.0580000 37.7246666
0.0590000 130.6360779
0.0600000 -1.5986665
0.0610000 12.4253874
0.0620000 -3.7028050
0.0630000 -25.6466789
0.0640000 60.9287148
0.0650000 -28.8161659
0.0660000 44.7594376
0.0670000 -12.2342062
0.0680000 39.1515846
0.0690000 -28.3500900
0.0700000 -5.5283546
0.0710000 -78.9086685
0.0720000 -20.4270210
0.0730000 -30.8979492
0.0740000 21.3991547
0.0750000 38.2315216
0.0760000 19.4221077
0.0770000 57.8305054
0.0780000 10.9478197
0.0790000 45.3219261
0.0800000 41.5234184
0.0810000 34.0303268
0.0820000 15.2688236
0.0830000 -0.1769347
0.0840000 -42.1799622
0.0850000 -30.8329926
0.0860000 23.2098789
0.0870000 -11.2483530
0.0880000 -26.5886173
0.0890000 -29.5052395
0.0900000 -22.3056107
0.0910000 -35.6081429
0.0920000 -24.0265560
0.0930000 11.4518299
0.0940000 70.8183670
0.0950000 28.1278839
0.0960000 16.1827545
0.0970000 55.3335915
0.0980000 0.6965356
0.0990000 -25.7822418
0.1000000 -1.5461558
0.1010000 23.2975407
0.1020000 13.8416948
0.1030000 -9.1229334
0.1040000 -34.7879715
0.1050000 40.3855400
0.1060000 -46.9022675
0.1070000 8.6745844
0.1080000 9.2744331
0.1090000 60.8853836
0.1100000 -20.6843891
0.1110000 28.6218472
0.1120000 -25.2599621
0.1130000 29.2359848
0.1140000 70.0000381
0.1150000 -29.2000217
0.1160000 48.7066269
0.1170000 -47.0924454
0.1180000 -19.6281662
0.1190000 20.8250122
0.1200000 8.8822994
0.1210000 14.9392862
0.1220000 12.5249987
0.1230000 -19.3151226
0.1240000 1.5132997
0.1250000 21.3998222
0.1260000 -7.0624051
0.1270000 64.1144638
0.1280000 66.3238144
0.1290000 -5.4837093
0.1300000 18.5871830
0.1310000 -11.4375200
0.1320000 -59.7904472
0.1330000 0.3914442
0.1340000 -70.4518738
0.1350000 9.5792313
0.1360000 24.7481899
0.1370000 -33.0201454
0.1380000 32.2946243
0.1390000 42.1408806
0.1400000 5.1665764
0.1410000 34.8300629
0.1420000 -18.6518669
0.1430000 -22.6532116
0.1440000 59.7436562
0.1450000 -9.0121469
0.1460000 26.8900909
0.1470000 45.0825119
0.1480000 26.4576740
0.1490000 14.1024065
0.1500000 -34.4170303
0.1510000 -9.4166002
0.1520000 7.9572682
0.1530000 -62.7349243
0.1540000 31.7036667
0.1550000 -14.0255318
0.1560000 20.1286716
0.1570000 33.5038834
0.1580000 0.6213550
0.1590000 25.5261097
0.1600000 -7.2695413
0.1610000 -31.9469929
0.1620000 19.5109196
0.1630000 48.9507179
0.1640000 10.0149479
0.1650000 -15.8085308
0.1660000 23.4835968
0.1670000 32.1671219
0.1680000 30.4879913
0.1690000 16.2254620
0.1700000 -47.0306854
0.1710000 26.1478214
0.1720000 19.7633228
0.1730000 19.6051617
0.1740000 -31.3665409
0.1750000 10.0606298
0.1760000 13.1734791
0.1770000 -21.6457882
0.1780000 21.1646328
0.1790000 -19.8634052
0.1800000 -1.2028266
0.1810000 -32.9620247
0.1820000 23.8412380
0.1830000 -11.7313795
0.1840000 44.6050949
0.1850000 -5.6325521
0.1860000 -17.9303093
0.1870000 37.9519920
0.1880000 -35.2638741
0.1890000 -0.6442789
0.1900000 -48.5548592
0.1910000 -54.1292267
0.1920000 49.0856400
0.1930000 54.6116982
0.1940000 34.4724884
0.1950000 -14.7297668
0.1960000 11.3420601
0.1970000 -84.1188126
0.1980000 -80.8453445
0.1990000 -72.0040741
0.2000000 5.5187488
0.2010000 26.8035679
0.2020000 19.4245930
0.2030000 5.4779372
0.2040000 -11.5046539
0.2050000 38.4415665
0.2060000 -45.3282051
0.2070000 14.7327423
0.2080000 -4.6640973
0.2090000 25.6280785
0.2100000 37.4862709
0.2110000 -22.1143150
0.2120000 -12.9007196
0.2130000 -12.2176847
0.2140000 12.2251148
0.2150000 23.1173458
0.2160000 -22.3677788
0.2170000 -73.3323212
0.2180000 -3.3969240
0.2190000 -3.3722243
0.2200000 47.7598610
0.2210000 -53.1601715
0.2220000 80.8311157
0.2230000 18.9335442
0.2240000 32.0817947
0.2250000 -61.9677353
0.2260000 3.7470155
0.2270000 58.9598045
0.2280000 31.1749630
0.2290000 -67.5677719
0.2300000 -29.6018353
0.2310000 -32.8705482
0.2320000 3.4702005
0.2330000 23.1623783
0.2340000 101.3935852
0.2350000 -15.4110613
0.2360000 17.9898071
0.2370000 -38.3369179
0.2380000 -14.5878439
0.2390000 -55.7528534
0.2400000 -13.8574295
0.2410000 -69.6170044
0.2420000 -31.5704041
0.2430000 -13.2856007
0.2440000 69.8977509
0.2450000 -1.2110810
0.2460000 -59.7775116
0.2470000 -46.2861671
0.2480000 12.4920197
0.2490000 -4.8318176
0.2500000 -9.0257092
0.2510000 -40.6053505
0.2520000 14.4220476
0.2530000 5.3334322
0.2540000 17.4933796
0.2550000 -33.6661034
0.2560000 21.2859383
0.2570000 10.2112350
0.2580000 -34.5163498
0.2590000 16.1652794
0.2600000 -38.1613426
0.2610000 41.2944984
0.2620000 62.6463814
0.2630000 74.5051880
0.2640000 32.2398949
0.2650000 -15.7355595
0.2660000 -15.6536293
0.2670000 11.5362549
0.2680000 -9.0205975
0.2690000 9.4542265
0.2700000 -25.0307732
0.2710000 5.6381431
0.2720000 19.1946411
0.2730000 15.5509129
0.2740000 17.2578735
0.2750000 -33.1279640
0.2760000 40.2857056
0.2770000 -25.4315052
0.2780000 49.4319115
0.2790000 44.5470085
0.2800000 16.1416874
0.2810000 58.7475586
0.2820000 50.5426826
0.2830000 -4.6849799
0.2840000 -74.2145996
0.2850000 -68.5548782
0.2860000 10.1651764
0.2870000 22.7403736
0.2880000 -21.4529877
0.2890000 -26.7094307
0.2900000 -8.3886223
0.2910000 -28.1501484
0.2920000 -15.5393248
0.2930000 -31.4843540
0.2940000 2.9087484
0.2950000 -31.1557789
0.2960000 -24.8729839
0.2970000 5.2471967
0.2980000 26.0425873
0.2990000 5.0096989
0.3000000 33.1868744
0.3010000 -12.0963488
0.3020000 -12.3202229
0.3030000 3.8451202
0.3040000 -20.7031097
0.3050000 9.9601860
0.3060000 63.1489792
0.3070000 -22.6900330
0.3080000 -50.9229851
0.3090000 -6.9146762
0.3100000 -38.5730286
0.3110000 -3.7137735
0.3120000 -42.8118591
0.3130000 -38.5460930
0.3140000 24.5387077
0.3150000 9.3643560
0.3160000 -43.7322197
0.3170000 -9.9764576
0.3180000 -27.7481480
0.3190000 -25.8815174
0.3200000 112.6231003
0.3210000 45.4385529
0.3220000 -37.6636124
0.3230000 -38.1360893
0.3240000 -46.0187149
0.3250000 -64.8217392
0.3260000 -13.8893604
0.3270000 -57.1751251
0.3280000 -31.6528301
0.3290000 3.9063816
0.3300000 11.2374620
0.3310000 48.0023346
0.3320000 -30.1778679
0.3330000 45.8693237
0.3340000 63.1936989
0.3350000 29.9974613
0.3360000 -30.7826729
0.3370000 65.5369034
0.3380000 -14.7723484
0.3390000 -34.2812233
0.3400000 13.7481651
0.3410000 9.9166918
0.3420000 -51.3295059
0.3430000 7.1492724
0.3440000 4.0715728
0.3450000 41.2816391
0.3460000 22.5933876
0.3470000 -41.2881203
0.3480000 -21.8292351
0.3490000 59.8208733
0.3500000 -26.0984631
0.3510000 -4.0440235
0.3520000 6.0809641
0.3530000 22.3585930
0.3540000 20.3007202
0.3550000 -19.8889256
0.3560000 44.7983818
0.3570000 37.7440109
0.3580000 11.3415861
0.3590000 22.2881794
0.3600000 -14.9064102
0.3610000 -39.1302185
0.3620000 -27.9902802
0.3630000 3.3271770
0.3640000 2.7466049
0.3650000 49.2991028
0.3660000 -27.2722225
0.3670000 7.9746284
0.3680000 16.1110687
0.3690000 -9.2709093
0.3700000 -23.0312939
0.3710000 26.8240566
0.3720000 38.1090622
0.3730000 -3.3957460
0.3740000 3.7091744
0.3750000 27.0061970
0.3760000 -8.4419136
0.3770000 5.7919264
0.3780000 9.8313217
0.3790000 -18.9792519
0.3800000 48.6694984
0.3810000 -5.6553965
0.3820000 -3.8743064
0.3830000 -47.1502953
0.3840000 -43.9121361
0.3850000 -49.5708733
0.3860000 -22.0213776
0.3870000 -29.6547699
0.3880000 -0.1101301
0.3890000 11.8482914
0.3900000 7.7994943
0.3910000 -1.9655541
0.3920000 -1.0589308
0.3930000 -7.3801990
0.3940000 -29.1338902
0.3950000 19.8195782
0.3960000 -62.5471992
0.3970000 9.2592945
0.3980000 -17.3478374
0.3990000 26.5824699
0.4000000 -23.0751438
0.4010000 27.3491421
0.4020000 -15.4189339
0.4030000 -18.4117813
0.4040000 26.2965908
0.4050000 16.0396900
0.4060000 -13.4953241
0.4070000 55.2332115
0.4080000 -0.3095035
0.4090000 -10.5917082
0.4100000 17.0030079
0.4110000 -2.0492828
0.4120000 20.9156723
0.4130000 -17.4881554
0.4140000 5.7463856
0.4150000 -76.6028519
0.4160000 4.0974193
0.4170000 -21.8323689
0.4180000 -18.8501797
0.4190000 54.2786026
0.4200000 -52.0686569
0.4210000 -21.2714939
0.4220000 -33.8737106
0.4230000 -13.3271141
0.4240000 40.7911644
0.4250000 -1.5642215
0.4260000 -10.8754282
0.4270000 37.4367027
0.4280000 33.7575798
0.4290000 -31.6619110
0.4300000 45.4134331
0.4310000 0.7200479
0.4320000 -73.8114243
0.4330000 -5.9240327
0.4340000 -4.4841790
0.4350000 -22.6695957
0.4360000 24.1585598
0.4370000 0.5046962
0.4380000 -11.9149818
0.4390000 14.5957155
0.4400000 -51.6126900
0.4410000 77.6737137
0.4420000 -9.5510540
0.4430000 6.9620833
0.4440000 -16.4461975
0.4450000 -50.5767021
0.4460000 62.7277145
0.4470000 -25.9995918
0.4480000 19.5700169
0.4490000 74.3307190
0.4500000 -13.2576685
0.4510000 -18.5094662
0.4520000 -27.0835152
0.4530000 -25.9254475
0.4540000 -17.5287170
0.4550000 -42.6765862
0.4560000 -40.4410019
0.4570000 -30.8213844
0.4580000 63.4324303
0.4590000 9.1046391
0.4600000 26.6385250
0.4610000 -46.0825157
0.4620000 -60.2802200
0.4630000 -35.3287163
0.4640000 -18.6343060
0.4650000 -2.6963494
0.4660000 20.4807053
0.4670000 -31.6705780
0.4680000 -14.0254946
0.4690000 -4.1162977
0.4700000 30.0706692
0.4710000 12.9636440
0.4720000 12.6710587
0.4730000 -19.6224976
0.4740000 -8.4941216
0.4750000 -45.1478119
0.4760000 1.5377678
0.4770000 -39.7030945
0.4780000 15.8621702
0.4790000 2.3522999
0.4800000 11.6642876
0.4810000 -27.1986694
0.4820000 -22.2410259
0.4830000 5.5055656
0.4840000 3.0875781
0.4850000 -44.8416100
0.4860000 21.2751312
0.4870000 -8.8216944
0.4880000 -12.2824144
0.4890000 -0.9594011
0.4900000 0.5971563
0.4910000 -28.7692337
0.4920000 -43.0585060
0.4930000 -8.4503565
0.4940000 -10.7025032
0.4950000 35.0125961
0.4960000 -4.9685721
0.4970000 -61.9343300
0.4980000 7.4625735
0.4990000 -2.6429105
0.5000000 6.6928711
0.5010000 55.9600983
0.5020000 20.8979588
0.5030000 7.1809807
0.5040000 -41.6513290
0.5050000 9.6604605
0.5060000 -28.4911594
0.5070000 -16.3042793
0.5080000 -18.9936180
0.5090000 42.6807327
0.5100000 91.1185913
0.5110000 29.6656017
0.5120000 -31.4694672
0.5130000 -2.0855260
0.5140000 -17.8000317
0.5150000 43.4709625
0.5160000 9.7816477
0.5170000 71.4646149
0.5180000 29.9379845
0.5190000 -43.3618774
0.5200000 -55.0939980
0.5210000 -7.9373188
0.5220000 46.9712296
0.5230000 31.9281216
0.5240000 -31.0746269
0.5250000 20.9063721
0.5260000 -34.8333015
0.5270000 -18.7219219
0.5280000 -44.3959312
0.5290000 -12.5034332
0.5300000 -56.1648979
0.5310000 18.0599766
0.5320000 -17.5801964
0.5330000 -16.4414787
0.5340000 15.2495689
0.5350000 -3.6753550
0.5360000 -0.7729793
0.5370000 -9.0926285
0.5380000 8.5373802
0.5390000 -20.1050797
0.5400000 -16.6360950
0.5410000 13.3606148
0.5420000 22.1089325
0.5430000 0.6386971
0.5440000 22.1172981
0.5450000 -54.7758102
0.5460000 8.2625532
0.5470000 -56.4259796
0.5480000 10.2748146
0.5490000 -6.2571774
0.5500000 -1.4969141
0.5510000 -31.6471558
0.5520000 15.0017815
0.5530000 -24.1309280
0.5540000 29.0395660
0.5550000 0.0899563
0.5560000 35.4797020
0.5570000 -1.4083177
0.5580000 11.0216541
0.5590000 -23.2389050
0.5600000 -4.9267282
0.5610000 -42.1976433
0.5620000 -30.5478134
0.5630000 25.1439533
0.5640000 -11.2887440
0.5650000 -20.2736263
0.5660000 -15.6070375
0.5670000 -46.2520905
0.5680000 -31.5984268
0.5690000 4.8224158
0.5700000 -35.3570480
0.5710000 44.3702278
0.5720000 -65.0930557
0.5730000 -27.6399364
0.5740000 4.9351816
0.5750000 -43.2413826
0.5760000 45.8227463
0.5770000 -1.0388083
0.5780000 20.6768036
0.5790000 8.1494732
0.5800000 -23.6883240
0.5810000 -33.2570038
0.5820000 43.7181587
0.5830000 -17.4626789
0.5840000 30.4106979
0.5850000 29.7615891
0.5860000 -21.6702538
0.5870000 -26.1648178
0.5880000 -21.3462982
0.5890000 18.4763203
0.5900000 35.2052536
0.5910000 -48.5013847
0.5920000 0.5463254
0.5930000 9.8476534
0.5940000 -66.8993912
0.5950000 -62.6711655
0.5960000 12.4950752
0.5970000 53.8179359
0.5980000 -41.6316605
0.5990000 -0.6714914
0.6000000 -43.3127632
0.6010000 24.1169434
0.6020000 58.5084686
0.6030000 3.8038404
0.6040000 -34.9088669
0.6050000 -39.2349434
0.6060000 12.0599670
0.6070000 45.8800964
0.6080000 -19.3178825
0.6090000 -78.8973618
0.6100000 17.2365551
0.6110000 27.7581959
0.6120000 7.3782935
0.6130000 -15.5613127
0.6140000 -6.5801363
0.6150000 4.0920115
0.6160000 13.6034184
0.6170000 -42.0886955
0.6180000 56.8876228
0.6190000 -22.3295479
0.6200000 -8.3642807
0.6210000 10.1113157
0.6220000 -40.1338997
0.6230000 1.5556378
0.6240000 -52.1531487
0.6250000 -1.4885261
0.6260000 16.7346210
0.6270000 20.7363720
0.6280000 41.9793663
0.6290000 47.2648926
0.6300000 51.4643822
0.6310000 -42.0924416
0.6320000 -64.9220657
0.6330000 75.4216232
0.6340000 27.5246716
0.6350000 -10.7590914
0.6360000 -38.9832420
0.6370000 9.5979776
0.6380000 22.4545879
0.6390000 11.7795067
0.6400000 22.7724590
0.6410000 -21.7952805
0.6420000 41.1549149
0.6430000 83.6803665
0.6440000 -27.2939072
0.6450000 -57.2628784
0.6460000 -58.1043167
0.6470000 18.0746365
0.6480000 10.1989717
0.6490000 -6.1193733
0.6500000 5.6987486
0.6510000 18.8320694
0.6520000 -22.9534435
0.6530000 -3.4171641
0.6540000 13.2094717
0.6550000 25.2848854
0.6560000 -26.5648670
0.6570000 49.2811203
0.6580000 -4.8739004
0.6590000 -1.6817946
0.6600000 -19.7614117
0.6610000 -21.1100006
0.6620000 -21.9750557
0.6630000 21.2520027
0.6640000 -28.5923233
0.6650000 47.7985344
0.6660000 35.8282356
0.6670000 19.8720989
0.6680000 -14.1323605
0.6690000 16.5523148
0.6700000 70.7372665
0.6710000 -68.6092834
0.6720000 14.6157656
0.6730000 51.0585175
0.6740000 -49.9121094
0.6750000 74.9737778
0.6760000 -82.6669693
0.6770000 49.8511238
0.6780000 -37.0048180
0.6790000 -46.7186203
0.6800000 2.1948633
0.6810000 -31.8450069
0.6820000 -13.8194990
0.6830000 -28.5406761
0.6840000 9.2822695
0.6850000 36.7072296
0.6860000 -14.9029074
0.6870000 -46.0658188
0.6880000 0.4267463
0.6890000 -21.0572338
0.6900000 -11.5044146
0.6910000 -23.0514278
0.6920000 8.4620256
0.6930000 15.2538252
0.6940000 -18.3505516
0.6950000 -2.3023484
0.6960000 33.2979050
0.6970000 -5.4318280
0.6980000 14.2612057
0.6990000 -52.6985474
0.7000000 18.8078384
0.7010000 -18.4296932
0.7020000 6.4931970
0.7030000 18.3214512
0.7040000 16.0443726
0.7050000 -17.6558151
0.7060000 -10.8316498
0.7070000 53.5934982
0.7080000 26.8944798
0.7090000 -40.3836670
0.7100000 -0.8138835
0.7110000 -12.4015160
0.7120000 7.8120446
0.7130000 33.2540550
0.7140000 -9.1962214
0.7150000 -39.8636971
0.7160000 12.9510956
0.7170000 4.5398011
0.7180000 9.2662287
0.7190000 1.5397098
0.7200000 -53.2076530
0.7210000 26.8269482
0.7220000 -15.5959225
0.7230000 -38.2670555
0.7240000 -14.3486519
0.7250000 1.2204217
0.7260000 -15.2098980
0.7270000 -30.1844749
0.7280000 -25.8136692
0.7290000 31.9034519
0.7300000 -47.5987701
0.7310000 34.7108459
0.7320000 -6.9246082
0.7330000 6.3611236
0.7340000 18.7142258
0.7350000 21.3730659
0.7360000 -32.5331726
0.7370000 -23.6092453
0.7380000 -29.3776722
0.7390000 -49.3296585
0.7400000 -7.6637516
0.7410000 36.0851173
0.7420000 15.4695625
0.7430000 1.7008753
0.7440000 -17.2039680
0.7450000 24.0098476
0.7460000 29.9461918
0.7470000 -37.8321724
0.7480000 -77.4612808
0.7490000 -28.5538120
0.7500000 50.0916328
0.7510000 37.9511757
0.7520000 -40.5231590
0.7530000 30.9253769
0.7540000 38.1571808
0.7550000 54.8037834
0.7560000 24.9651775
0.7570000 16.6092644
0.7580000 48.5417404
0.7590000 62.5884857
0.7600000 -40.5668297
0.7610000 -29.0077324
0.7620000 39.9147148
0.7630000 -27.0202541
0.7640000 -19.6359100
0.7650000 -41.6175690
0.7660000 -41.6021614
0.7670000 -1.0015976
0.7680000 -29.4934330
0.7690000 -20.5211906
0.7700000 -55.4231682
0.7710000 -14.6329718
0.7720000 1.3173896
0.7730000 30.3703461
0.7740000 -4.6018887
0.7750000 19.2956047
0.7760000 46.1237831
0.7770000 21.9789257
0.7780000 5.9309340
0.7790000 -21.5380249
0.7800000 67.3744049
0.7810000 -53.5786324
0.7820000 -25.4514904
0.7830000 -63.6045418
0.7840000 50.5617332
0.7850000 23.5322418
0.7860000 14.1545258
0.7870000 62.2888794
0.7880000 -5.8119664
0.7890000 -17.6230335
0.7900000 -28.9261436
0.7910000 13.0608225
0.7920000 26.9657307
0.7930000 -21.0512676
0.7940000 43.0469551
0.7950000 -38.8938484
0.7960000 0.0349038
0.7970000 -39.2552528
0.7980000 33.5237694
0.7990000 29.0028610
0.8000000 -29.1074886
0.8010000 -8.2028198
0.8020000 -28.1823444
0.8030000 28.3295250
0.8040000 -15.6272945
0.8050000 -30.0859261
0.8060000 -13.9454947
0.8070000 32.0774803
0.8080000 -24.2687931
0.8090000 -5.8925252
0.8100000 -33.7641754
0.8110000 22.1370525
0.8120000 -7.9240699
0.8130000 -81.3828430
0.8140000 38.6035652
0.8150000 -26.8229904
0.8160000 45.3065300
0.8170000 36.3352623
0.8180000 -11.2677441
0.8190000 32.4393578
0.8200000 -12.4564810
0.8210000 12.2193842
0.8220000 -8.9771366
0.8230000 7.5728178
0.8240000 36.0769844
0.8250000 -0.0480240
0.8260000 33.3714561
0.8270000 23.9751892
0.8280000 -22.5340652
0.8290000 0.3982429
0.8300000 -49.5989952
0.8310000 -28.3056602
0.8320000 106.2935562
0.8330000 28.9999428
0.8340000 35.4975128
0.8350000 29.2946453
0.8360000 26.9267941
0.8370000 -19.3448734
0.8380000 45.7767868
0.8390000 -26.6344795
0.8400000 12.1881495
0.8410000 9.0810862
0.8420000 -18.4188805
0.8430000 -13.1686735
0.8440000 -54.1828880
0.8450000 24.7699585
0.8460000 -23.6691742
0.8470000 -2.6063187
0.8480000 -16.4823837
0.8490000 -52.7944946
0.8500000 14.4628496
0.8510000 -28.3925991
0.8520000 -30.3515663
0.8530000 28.1521797
0.8540000 2.6271129
0.8550000 -4.2794919
0.8560000 -32.6982613
0.8570000 -18.2677231
0.8580000 9.7580032
0.8590000 -35.5586357
0.8600000 -47.9405251
0.8610000 32.4747353
0.8620000 -63.0572014
0.8630000 -50.4529877
0.8640000 -80.2924728
0.8650000 -32.1241798
0.8660000 30.0009251
0.8670000 33.8845062
0.8680000 -36.7307549
0.8690000 -9.9624987
0.8700000 21.9996567
0.8710000 6.0703316
0.8720000 12.1240349
0.8730000 -10.6819868
0.8740000 33.5961533
0.8750000 23.4028454
0.8760000 -15.3439751
0.8770000 13.0384779
0.8780000 -3.4653842
0.8790000 8.6001415
0.8800000 52.7980309
0.8810000 25.0990868
0.8820000 -9.2770720
0.8830000 -43.1076584
0.8840000 -18.4675426
0.8850000 12.6197348
0.8860000 -28.9855690
0.8870000 6.4339342
0.8880000 -61.5015030
0.8890000 -7.2051105
0.8900000 -16.7280922
0.8910000 -28.2681236
0.8920000 -22.7635555
0.8930000 11.1317225
0.8940000 -10.4404411
0.8950000 15.7472734
0.8960000 11.8843422
0.8970000 -37.6301422
0.8980000 48.1186790
0.8990000 26.0908413
0.9000000 -40.8116112
0.9010000 18.1815891
0.9020000 20.1296959
0.9030000 21.2694187
0.9040000 33.1032295
0.9050000 -48.8090477
0.9060000 58.3165092
0.9070000 -7.2206392
0.9080000 -42.3002205
0.9090000 -50.7082367
0.9100000 52.8246307
0.9110000 -24.1667061
0.9120000 0.7607719
0.9130000 9.3618279
0.9140000 -44.7985954
0.9150000 54.0035973
0.9160000 -50.7316628
0.9170000 1.4811840
0.9180000 -27.7718353
0.9190000 -39.8621178
0.9200000 -15.2242422
0.9210000 2.5763590
0.9220000 -14.4784832
0.9230000 -4.9720693
0.9240000 15.8668585
0.9250000 27.0772438
0.9260000 -6.1943612
0.9270000 2.7440989
0.9280000 42.5879211
0.9290000 -7.5263238
0.9300000 -28.1177673
0.9310000 -31.4176521
0.9320000 -49.0982590
0.9330000 -39.9320450
0.9340000 61.9206390
0.9350000 -20.5135231
0.9360000 32.9433479
0.9370000 90.2883911
0.9380000 -5.7924771
0.9390000 11.2097664
0.9400000 74.4766235
0.9410000 -62.6255684
0.9420000 -58.0583191
0.9430000 23.2401638
0.9440000 23.8310471
0.9450000 10.3653879
0.9460000 38.7200317
0.9470000 1.0853732
0.9480000 17.3368721
0.9490000 -2.6682458
0.9500000 4.0180287
0.9510000 20.9930859
0.9520000 -1.5328906
0.9530000 22.4362831
0.9540000 -17.1245937
0.9550000 28.0936241
0.9560000 -18.3647041
0.9570000 -15.4001369
0.9580000 -19.4590378
0.9590000 66.6309891
0.9600000 9.2594910
0.9610000 -15.3542461
0.9620000 -2.2951958
0.9630000 -112.3475647
0.9640000 -11.4837389
0.9650000 -47.9029236
0.9660000 -0.2433287
0.9670000 -30.0671501
0.9680000 -33.2467957
0.9690000 -27.4628143
0.9700000 2.1903043
0.9710000 23.1545238
0.9720000 10.9781914
0.9730000 8.5221710
0.9740000 20.9641914
0.9750000 -45.6053162
0.9760000 -21.6843719
0.9770000 -7.4304833
0.9780000 31.3956146
0.9790000 -21.3590240
0.9800000 8.6044245
0.9810000 2.8258061
0.9820000 -10.1743507
0.9830000 51.5625114
0.9840000 48.7190094
0.9850000 -42.1626129
0.9860000 11.5359926
0.9870000 -56.6826134
0.9880000 8.3521976
0.9890000 47.1056023
0.9900000 79.0295715
0.9910000 17.8730545
0.9920000 -17.2358131
0.9930000 -13.8840017
0.9940000 -42.9548531
0.9950000 -11.8522396
0.9960000 61.9612732
0.9970000 18.2814865
0.9980000 -74.0213089
0.9990000 -13.8184490
