0.0000000 18.0975018
0.0010000 -11.0650501
0.0020000 21.1369247
0.0030000 0.0857010
0.0040000 42.1243553
0.0050000 -10.7948952
0.0060000 -18.9965668
0.0070000 -7.3298759
0.0080000 27.6560173
0.0090000 23.1020660
0.0100000 -3.0289307
0.0110000 29.3168144
0.0120000 36.7126312
0.0130000 12.8128777
0.0140000 -29.9943733
0.0150000 21.7674770
0.0160000 18.5899105
0.0170000 -39.6554184
0.0180000 -35.7413101
0.0190000 23.3997688
0.0200000 -44.1642570
0.0210000 -26.7280731
0.0220000 -146.2870331
0.0230000 -5.9192204
0.0240000 52.6612511
0.0250000 -19.9162807
0.0260000 -53.1079674
0.0270000 34.6085701
0.0280000 -38.3821793
0.0290000 0.9800681
0.0300000 42.2470016
0.0310000 -4.5072780
0.0320000 -13.2881756
0.0330000 -46.3587418
0.0340000 -3.6084991
0.0350000 -1.7177521
0.0360000 26.6178837
0.0370000 -47.9007568
0.0380000 30.1346684
0.0390000 -22.9982605
0.0400000 -97.0513611
0.0410000 33.4258156
0.0420000 59.7364311
0.0430000 49.9149971
0.0440000 -46.6979408
0.0450000 -12.5220041
0.0460000 12.6908226
0.0470000 10.2951536
0.0480000 -10.2246275
0.0490000 -9.0889196
0.0500000 -2.7053618
0.0510000 35.7902870
0.0520000 17.8937283
0.0530000 -57.3500175
0.0540000 -17.6910706
0.0550000 81.7384338
0.0560000 32.4736366
0.0570000 -30.3998413
0.0580000 -5.6794548
0.0590000 13.1721153
0.0600000 -31.5864525
0.0610000 49.2676811
0.0620000 21.6539021
0.0630000 16.3662300
0.0640000 45.7820168
0.0650000 -47.4895859
0.0660000 -21.7581520
0.0670000 -19.7027359
0.0680000 31.9739628
0.0690000 0.5646119
0.0700000 -18.2813683
0.0710000 -19.0563545
0.0720000 33.3473511
0.0730000 16.6293468
0.0740000 29.6779289
0.0750000 4.9123316
0.0760000 -13.8893108
0.0770000 2.9267108
0.0780000 3.3376641
0.0790000 35.1475601
0.0800000 -44.5141068
0.0810000 19.7532806
0.0820000 -5.7125249
0.0830000 -23.1542892
0.0840000 4.1053901
0.0850000 -21.6286774
0.0860000 27.3621635
0.0870000 14.6962767
0.0880000 9.0490580
0.0890000 9.5593166
0.0900000 -16.3757019
0.0910000 9.0119543
0.0920000 87.6904984
0.0930000 -3.8191018
0.0940000 11.3267927
0.0950000 -57.1856384
0.0960000 28.2402992
0.0970000 -32.0709877
0.0980000 26.9767666
0.0990000 64.1526489
0.1000000 -82.0543594
0.1010000 -33.3992004
0.1020000 27.3557758
0.1030000 19.6973457
0.1040000 -30.6062355
0.1050000 40.7801056
0.1060000 -48.2785454
0.1070000 1.8812059
0.1080000 9.7549334
0.1090000 26.4253502
0.1100000 -18.5121555
0.1110000 46.0908890
0.1120000 32.1155586
0.1130000 3.4565387
0.1140000 -27.7205315
0.1150000 7.3243351
0.1160000 5.6262469
0.1170000 -0.3993672
0.1180000 14.7271605
0.1190000 63.1992149
0.1200000 12.4727058
0.1210000 5.2267337
0.1220000 11.0688210
0.1230000 -38.9210281
0.1240000 -0.5320542
0.1250000 50.5940628
0.1260000 -37.4381561
0.1270000 -51.3065529
0.1280000 20.0263500
0.1290000 39.1371307
0.1300000 -12.1223097
0.1310000 34.1947289
0.1320000 -3.0999057
0.1330000 54.2302818
0.1340000 -15.4751997
0.1350000 41.8197861
0.1360000 -16.0984344
0.1370000 28.0666828
0.1380000 31.7051315
0.1390000 5.0692940
0.1400000 -22.7053680
0.1410000 -23.2562466
0.1420000 -54.8491173
0.1430000 -30.0310822
0.1440000 63.7092896
0.1450000 45.9263840
0.1460000 11.3220739
0.1470000 4.9814143
0.1480000 -7.7590184
0.1490000 9.7619305
0.1500000 -2.7780550
0.1510000 -2.2413368
0.1520000 30.7106094
0.1530000 -6.2975364
0.1540000 24.2512722
0.1550000 -7.3096523
0.1560000 -7.5086803
0.1570000 42.9965210
0.1580000 15.2311907
0.1590000 16.7339935
0.1600000 14.0427866
0.1610000 6.0187807
0.1620000 -15.9942608
0.1630000 48.8501244
0.1640000 -24.0704117
0.1650000 -5.2350893
0.1660000 54.2802620
0.1670000 -26.8265438
0.1680000 -54.1563225
0.1690000 -17.8323727
0.1700000 -1.4400545
0.1710000 16.2695694
0.1720000 21.5361691
0.1730000 19.3247776
0.1740000 9.2024412
0.1750000 17.4604187
0.1760000 -3.9825695
0.1770000 -26.6096592
0.1780000 40.2313080
0.1790000 9.6409206
0.1800000 92.5935287
0.1810000 -26.8483982
0.1820000 -46.5526848
0.1830000 -3.0755007
0.1840000 -45.9833832
0.1850000 15.1050348
0.1860000 17.9073410
0.1870000 22.1043072
0.1880000 -61.5321121
0.1890000 11.7584629
0.1900000 3.8530180
0.1910000 -60.5295486
0.1920000 -60.9189262
0.1930000 -31.4746647
0.1940000 -45.0730095
0.1950000 86.6496658
0.1960000 -84.5963211
0.1970000 -78.9945831
0.1980000 70.8183212
0.1990000 52.8094673
0.2000000 -8.5270176
0.2010000 -23.2551861
0.2020000 31.7342930
0.2030000 -36.1574173
0.2040000 45.5107956
0.2050000 8.4693146
0.2060000 -22.3780689
0.2070000 33.5940857
0.2080000 41.8090477
0.2090000 -10.8632631
0.2100000 0.1947277
0.2110000 32.6074982
0.2120000 47.9312668
0.2130000 31.0654926
0.2140000 69.6819534
0.2150000 -1.7178934
0.2160000 29.9319553
0.2170000 -14.7551107
0.2180000 -31.6296272
0.2190000 72.4774094
0.2200000 6.6295881
0.2210000 3.1705191
0.2220000 -61.0448189
0.2230000 -14.5337467
0.2240000 7.2296352
0.2250000 21.0005207
0.2260000 -0.7697762
0.2270000 -26.5088787
0.2280000 0.8177904
0.2290000 0.5888139
0.2300000 -13.3697443
0.2310000 1.7462494
0.2320000 17.8273487
0.2330000 4.3865480
0.2340000 42.5546494
0.2350000 23.4411564
0.2360000 44.3716354
0.2370000 -21.6475735
0.2380000 6.5482492
0.2390000 -15.2662964
0.2400000 1.3867987
0.2410000 -80.7739868
0.2420000 12.8448305
0.2430000 -72.7074509
0.2440000 15.4368086
0.2450000 35.3246536
0.2460000 58.4010735
0.2470000 -9.7013130
0.2480000 25.3139992
0.2490000 -5.6004052
0.2500000 -51.3587265
0.2510000 35.2310448
0.2520000 -61.0623436
0.2530000 -21.9661655
0.2540000 55.1642838
0.2550000 24.3144588
0.2560000 59.4380760
0.2570000 -38.1011467
0.2580000 -23.4973907
0.2590000 56.5869064
0.2600000 31.8857841
0.2610000 15.9797583
0.2620000 6.4484391
0.2630000 -30.0002670
0.2640000 -27.8989735
0.2650000 -57.7880592
0.2660000 47.9252167
0.2670000 -5.8606215
0.2680000 -21.5635624
0.2690000 56.5331078
0.2700000 -62.4650040
0.2710000 28.8815193
0.2720000 -7.1530876
0.2730000 28.8949890
0.2740000 48.0267181
0.2750000 8.0765896
0.2760000 -4.1347942
0.2770000 48.9564095
0.2780000 31.7751446
0.2790000 -42.0568314
0.2800000 55.2526779
0.2810000 -13.7015829
0.2820000 31.5412216
0.2830000 25.4897728
0.2840000 -43.3749924
0.2850000 19.4411240
0.2860000 21.9440098
0.2870000 -41.6335793
0.2880000 53.5544701
0.2890000 -8.6112061
0.2900000 -40.1420860
0.2910000 -24.3314381
0.2920000 1.8078171
0.2930000 16.1462688
0.2940000 14.3061304
0.2950000 -31.4309330
0.2960000 33.1537590
0.2970000 -1.6278371
0.2980000 -21.2566242
0.2990000 31.7084560
0.3000000 6.3049331
0.3010000 8.0111217
0.3020000 57.8126335
0.3030000 0.6969142
0.3040000 15.3309221
0.3050000 35.9637337
0.3060000 -7.9139667
0.3070000 26.3224621
0.3080000 25.5578442
0.3090000 -12.0784874
0.3100000 -20.2653503
0.3110000 71.2891312
0.3120000 42.4762840
0.3130000 9.5541153
0.3140000 21.5822334
0.3150000 76.1088181
0.3160000 -12.7270679
0.3170000 -11.2866859
0.3180000 -25.5830326
0.3190000 60.7993126
0.3200000 10.0677223
0.3210000 -2.0306096
0.3220000 19.8401718
0.3230000 -81.8568115
0.3240000 10.1907463
0.3250000 -25.3742218
0.3260000 -40.7166290
0.3270000 15.3966475
0.3280000 79.2265625
0.3290000 -9.5510073
0.3300000 -53.6581497
0.3310000 -37.0068321
0.3320000 -0.3660215
0.3330000 35.7448082
0.3340000 13.3726215
0.3350000 -76.5821838
0.3360000 84.1556015
0.3370000 -15.3803654
0.3380000 19.1472054
0.3390000 -51.8259583
0.3400000 -7.7475710
0.3410000 27.6703243
0.3420000 20.2748604
0.3430000 -3.5549452
0.3440000 6.5480127
0.3450000 -6.3708239
0.3460000 21.0137119
0.3470000 80.6603317
0.3480000 -37.7430077
0.3490000 13.3663950
0.3500000 -19.2671490
0.3510000 -5.2072239
0.3520000 -26.3801765
0.3530000 -42.5882683
0.3540000 -35.1281929
0.3550000 28.4610577
0.3560000 -16.7618179
0.3570000 55.6579857
0.3580000 -26.9871502
0.3590000 -0.1297323
0.3600000 16.4169693
0.3610000 -0.8105797
0.3620000 -2.4027224
0.3630000 25.8164158
0.3640000 55.0778694
0.3650000 4.2929411
0.3660000 -8.5525608
0.3670000 30.5678005
0.3680000 -33.7946739
0.3690000 7.2816939
0.3700000 -38.3752174
0.3710000 59.5616798
0.3720000 -40.0090599
0.3730000 -8.1833525
0.3740000 2.7331691
0.3750000 -16.8815422
0.3760000 55.7382088
0.3770000 53.9785156
0.3780000 -60.7066269
0.3790000 -1.7300330
0.3800000 41.2344055
0.3810000 0.6164691
0.3820000 -0.0442361
0.3830000 -5.2248635
0.3840000 -26.6260986
0.3850000 -37.9879112
0.3860000 -15.5601349
0.3870000 -20.3166428
0.3880000 -27.0126972
0.3890000 38.2866440
0.3900000 50.5841560
0.3910000 -6.8709164
0.3920000 11.6141529
0.3930000 -21.8755989
0.3940000 -6.5536041
0.3950000 -3.1555910
0.3960000 12.3514223
0.3970000 0.3057829
0.3980000 -11.7297716
0.3990000 -12.3681068
0.4000000 -30.1583252
0.4010000 32.6324348
0.4020000 37.0977554
0.4030000 8.5513649
0.4040000 -11.9556036
0.4050000 22.1957264
0.4060000 28.8595867
0.4070000 25.6250515
0.4080000 15.5970907
0.4090000 -7.2689643
0.4100000 -2.8485661
0.4110000 -11.6267767
0.4120000 10.5092630
0.4130000 -14.8322973
0.4140000 3.5659280
0.4150000 -17.1846333
0.4160000 -20.1373863
0.4170000 -53.4966774
0.4180000 -9.4383726
0.4190000 -28.1213627
0.4200000 10.2811747
0.4210000 -56.9463539
0.4220000 28.7991676
0.4230000 49.9007187
0.4240000 35.6864319
0.4250000 -10.8324156
0.4260000 35.1023827
0.4270000 -23.8290863
0.4280000 6.4594593
0.4290000 24.9984665
0.4300000 28.2721138
0.4310000 -4.8256741
0.4320000 6.3084645
0.4330000 12.4348059
0.4340000 -2.1402326
0.4350000 58.6847382
0.4360000 77.9153824
0.4370000 -75.6442642
0.4380000 40.7888374
0.4390000 -1.6045297
0.4400000 -27.9930668
0.4410000 5.8377862
0.4420000 44.0974617
0.4430000 19.6176243
0.4440000 14.8559513
0.4450000 -8.5285702
0.4460000 -33.9545784
0.4470000 -2.7168562
0.4480000 3.5131478
0.4490000 -14.5245724
0.4500000 -42.9157372
0.4510000 -4.2802606
0.4520000 7.4875178
0.4530000 27.7418385
0.4540000 -1.9146073
0.4550000 47.0499229
0.4560000 38.3779869
0.4570000 -4.2692766
0.4580000 -19.1762867
0.4590000 21.6553307
0.4600000 -37.4610672
0.4610000 -103.9912338
0.4620000 -18.9105358
0.4630000 -9.0511160
0.4640000 2.6516972
0.4650000 -44.8788376
0.4660000 4.8293834
0.4670000 47.7368889
0.4680000 19.4970341
0.4690000 19.7161407
0.4700000 -4.2800722
0.4710000 -32.9804077
0.4720000 32.6962471
0.4730000 36.3121223
0.4740000 24.7489643
0.4750000 -52.8335724
0.4760000 -65.5294418
0.4770000 42.3289223
0.4780000 20.0501080
0.4790000 3.1051364
0.4800000 24.8331680
0.4810000 -4.1111131
0.4820000 44.6500740
0.4830000 5.9797616
0.4840000 7.8555822
0.4850000 50.0605469
0.4860000 18.1953411
0.4870000 3.8997748
0.4880000 49.1191101
0.4890000 -5.0660148
0.4900000 -6.5535569
0.4910000 40.8644104
0.4920000 39.3086357
0.4930000 40.3573685
0.4940000 -26.3363533
0.4950000 5.3724785
0.4960000 -24.7658920
0.4970000 -17.5426369
0.4980000 55.1569901
0.4990000 43.3994942
0.5000000 44.7299347
0.5010000 -9.9340677
0.5020000 -33.3084412
0.5030000 -25.6501923
0.5040000 1.3140117
0.5050000 4.2271333
0.5060000 -28.9609718
0.5070000 -36.3507462
0.5080000 -11.0923796
0.5090000 13.6668415
0.5100000 -14.2303267
0.5110000 -10.1453905
0.5120000 -21.4356232
0.5130000 -17.4736805
0.5140000 -3.0273719
0.5150000 -36.6790237
0.5160000 -2.3148446
0.5170000 31.1496563
0.5180000 23.0360203
0.5190000 56.8337669
0.5200000 10.9038553
0.5210000 8.2586603
0.5220000 -5.0820489
0.5230000 -23.5544338
0.5240000 44.4190636
0.5250000 -82.4469147
0.5260000 17.3875656
0.5270000 12.8101826
0.5280000 4.5081716
0.5290000 -10.7588406
0.5300000 35.0250473
0.5310000 42.3440628
0.5320000 -28.0999660
0.5330000 29.9483089
0.5340000 -29.1982861
0.5350000 -0.6162385
0.5360000 -9.4795103
0.5370000 -1.5891582
0.5380000 3.3789754
0.5390000 9.9812584
0.5400000 22.6626205
0.5410000 4.0455146
0.5420000 38.5248833
0.5430000 64.1205292
0.5440000 22.7068501
0.5450000 -37.3569298
0.5460000 -35.9844971
0.5470000 22.4220142
0.5480000 -12.5609674
0.5490000 -7.8439922
0.5500000 27.3213844
0.5510000 -48.1244545
0.5520000 27.6240768
0.5530000 16.2276936
0.5540000 -15.1238518
0.5550000 -27.0416889
0.5560000 7.2887492
0.5570000 8.8172932
0.5580000 -15.5513172
0.5590000 -36.9528770
0.5600000 -40.7776489
0.5610000 14.3575897
0.5620000 23.4688129
0.5630000 25.9870701
0.5640000 -88.5462418
0.5650000 -1.6555135
0.5660000 33.2340317
0.5670000 19.1313763
0.5680000 22.1785469
0.5690000 -46.9452820
0.5700000 23.4529896
0.5710000 12.3488483
0.5720000 4.2388082
0.5730000 -60.2364388
0.5740000 9.8146973
0.5750000 42.8371964
0.5760000 4.4209261
0.5770000 11.5947208
0.5780000 -61.2098885
0.5790000 -2.7461724
0.5800000 61.6260338
0.5810000 6.6785884
0.5820000 77.3658905
0.5830000 30.4773293
0.5840000 2.9133058
0.5850000 -24.0262089
0.5860000 20.6849060
0.5870000 -40.3952332
0.5880000 -9.0413284
0.5890000 9.7833519
0.5900000 -18.0788326
0.5910000 -55.8642159
0.5920000 -25.8979454
0.5930000 30.0748215
0.5940000 -31.5900841
0.5950000 -54.1920090
0.5960000 -65.9046860
0.5970000 40.4669762
0.5980000 14.2309227
0.5990000 -60.8780098
0.6000000 31.1743011
0.6010000 27.1501961
0.6020000 40.8273468
0.6030000 -73.3929062
0.6040000 44.7108498
0.6050000 -6.9780488
0.6060000 32.2235718
0.6070000 36.4183922
0.6080000 -10.0166359
0.6090000 55.1424789
0.6100000 9.0103426
0.6110000 -47.4560318
0.6120000 58.6963768
0.6130000 45.5610580
0.6140000 3.1855547
0.6150000 45.1750031
0.6160000 40.2638969
0.6170000 0.8983670
0.6180000 15.2790384
0.6190000 -12.5012178
0.6200000 37.9044113
0.6210000 -35.9056816
0.6220000 -30.5498314
0.6230000 -14.8851509
0.6240000 -7.4015694
0.6250000 -12.5310268
0.6260000 -16.0440655
0.6270000 3.0461946
0.6280000 2.6826103
0.6290000 16.2894726
0.6300000 2.4813857
0.6310000 4.8859854
0.6320000 35.8389359
0.6330000 7.4145522
0.6340000 5.5140877
0.6350000 -2.9907868
0.6360000 19.8819294
0.6370000 26.9869328
0.6380000 9.9265041
0.6390000 -61.8335991
0.6400000 27.3937454
0.6410000 47.5382195
0.6420000 6.5682912
0.6430000 67.6808243
0.6440000 42.1184502
0.6450000 -30.0571289
0.6460000 9.6561117
0.6470000 23.7110138
0.6480000 -28.5202255
0.6490000 26.6323032
0.6500000 23.2883339
0.6510000 -12.0544882
0.6520000 -20.6543941
0.6530000 -38.5561714
0.6540000 45.2762032
0.6550000 20.4365921
0.6560000 -14.0422077
0.6570000 53.7366943
0.6580000 -12.4159384
0.6590000 1.8927885
0.6600000 19.7098522
0.6610000 -47.5000725
0.6620000 87.7774277
0.6630000 12.7020388
0.6640000 14.0971985
0.6650000 -22.1888237
0.6660000 -8.9215641
0.6670000 13.4730654
0.6680000 -39.7696648
0.6690000 -26.2672062
0.6700000 -29.1672192
0.6710000 -14.2583075
0.6720000 -45.9676590
0.6730000 -13.8052473
0.6740000 -32.2643509
0.6750000 42.0736809
0.6760000 -52.0742874
0.6770000 26.7483921
0.6780000 -14.2501917
0.6790000 27.8168049
0.6800000 26.9214287
0.6810000 -4.5554481
0.6820000 -4.3479180
0.6830000 -28.2448654
0.6840000 -9.5440464
0.6850000 -29.2321148
0.6860000 -56.6176643
0.6870000 28.4010563
0.6880000 -34.6635551
0.6890000 -32.9004326
0.6900000 29.9880466
0.6910000 -41.4477386
0.6920000 -7.6581178
0.6930000 32.2441902
0.6940000 -27.5131989
0.6950000 3.7044039
0.6960000 18.3043156
0.6970000 46.3125572
0.6980000 -7.8679128
0.6990000 2.7174761
0.7000000 -21.4641113
0.7010000 15.9715996
0.7020000 7.9682055
0.7030000 23.9158897
0.7040000 67.7429733
0.7050000 -6.0668454
0.7060000 -54.3076744
0.7070000 -24.6923714
0.7080000 25.3108139
0.7090000 -34.2583580
0.7100000 -18.6365280
0.7110000 -19.5814381
0.7120000 -17.7555389
0.7130000 31.0658207
0.7140000 48.8073273
0.7150000 50.4598656
0.7160000 32.1277504
0.7170000 -50.1368332
0.7180000 -23.4832344
0.7190000 44.6989555
0.7200000 -14.3121777
0.7210000 -14.7899590
0.7220000 39.4221878
0.7230000 105.8152237
0.7240000 14.5715284
0.7250000 55.9102135
0.7260000 -22.9048538
0.7270000 0.6273168
0.7280000 -16.8518276
0.7290000 -28.9794407
0.7300000 21.2712154
0.7310000 -12.7076197
0.7320000 64.2321854
0.7330000 9.9722977
0.7340000 -26.1123886
0.7350000 10.1685476
0.7360000 -14.8486385
0.7370000 17.1749954
0.7380000 -28.9116383
0.7390000 77.9807739
0.7400000 30.3504162
0.7410000 44.1086769
0.7420000 -7.7476468
0.7430000 28.3474503
0.7440000 -56.2584839
0.7450000 19.4392948
0.7460000 27.5637398
0.7470000 -58.3186035
0.7480000 -11.0321102
0.7490000 -24.2604332
0.7500000 -54.1804657
0.7510000 34.5875549
0.7520000 -37.8319778
0.7530000 -4.5179601
0.7540000 3.2407577
0.7550000 -14.8561020
0.7560000 46.3615570
0.7570000 -78.6087494
0.7580000 35.5683136
0.7590000 -19.9844894
0.7600000 -28.0561924
0.7610000 -12.1661825
0.7620000 6.2069082
0.7630000 -12.8689880
0.7640000 48.3967400
0.7650000 11.2971010
0.7660000 -47.2418022
0.7670000 39.8886795
0.7680000 -15.2444143
0.7690000 7.2363672
0.7700000 0.3671512
0.7710000 54.8890190
0.7720000 1.3987901
0.7730000 32.7149467
0.7740000 -15.3384800
0.7750000 26.4408875
0.7760000 -15.2536030
0.7770000 50.0840034
0.7780000 -55.2319679
0.7790000 34.7233963
0.7800000 57.3640747
0.7810000 58.6360397
0.7820000 20.4003429
0.7830000 6.5342073
0.7840000 23.9785442
0.7850000 -22.7339191
0.7860000 23.9677696
0.7870000 1.7737317
0.7880000 3.2796352
0.7890000 -13.6819811
0.7900000 -16.6383114
0.7910000 -48.8071632
0.7920000 -1.2778279
0.7930000 -91.1246643
0.7940000 5.8382034
0.7950000 -23.9307156
0.7960000 14.3241749
0.7970000 -32.3230019
0.7980000 93.4189148
0.7990000 6.4299712
0.8000000 7.9015136
0.8010000 -64.5361023
0.8020000 58.0223618
0.8030000 12.8429899
0.8040000 -28.4920921
0.8050000 -1.9694623
0.8060000 -56.8932152
0.8070000 9.0252447
0.8080000 -7.4647913
0.8090000 -47.4616699
0.8100000 -37.1220055
0.8110000 -6.9435735
0.8120000 -13.1092072
0.8130000 -34.8023987
0.8140000 39.2888947
0.8150000 99.7295609
0.8160000 -4.2407870
0.8170000 -26.0277538
0.8180000 -14.3232870
0.8190000 49.6617622
0.8200000 -31.9037933
0.8210000 18.9100742
0.8220000 -6.3503604
0.8230000 8.1973925
0.8240000 19.5590267
0.8250000 -51.3867302
0.8260000 -25.7307625
0.8270000 5.0084429
0.8280000 -21.5472736
0.8290000 -0.2100260
0.8300000 31.0295830
0.8310000 -52.9314690
0.8320000 -25.4581795
0.8330000 5.2837338
0.8340000 -5.3525953
0.8350000 28.8122635
0.8360000 -1.4185423
0.8370000 -17.9419804
0.8380000 13.3845835
0.8390000 34.7915878
0.8400000 -55.9565048
0.8410000 -16.4886742
0.8420000 37.5628624
0.8430000 1.5500464
0.8440000 -46.6151047
0.8450000 -19.4574223
0.8460000 2.7253268
0.8470000 41.3568878
0.8480000 -2.3701751
0.8490000 -9.1251726
0.8500000 11.9357500
0.8510000 -31.7275772
0.8520000 27.8430309
0.8530000 29.7841949
0.8540000 -10.1118231
0.8550000 22.8438911
0.8560000 -37.6211853
0.8570000 21.3344193
0.8580000 -15.4542665
0.8590000 -17.8911858
0.8600000 -10.3478909
0.8610000 -13.7436285
0.8620000 -21.8187656
0.8630000 73.5370560
0.8640000 -4.4951186
0.8650000 -30.8481503
0.8660000 -39.6847153
0.8670000 55.1332054
0.8680000 58.1227341
0.8690000 -10.4410601
0.8700000 -53.8501816
0.8710000 36.5857544
0.8720000 -10.1677465
0.8730000 -29.4533215
0.8740000 -26.3532906
0.8750000 61.4747543
0.8760000 -11.1472750
0.8770000 -8.9678946
0.8780000 -44.0473747
0.8790000 2.2788892
0.8800000 -40.7278061
0.8810000 87.4810028
0.8820000 -0.9181829
0.8830000 10.9310217
0.8840000 -9.2498684
0.8850000 -5.9706278
0.8860000 27.9872856
0.8870000 19.6542149
0.8880000 62.8749619
0.8890000 5.3177853
0.8900000 42.5036926
0.8910000 20.4323845
0.8920000 -11.8897295
0.8930000 30.7549515
0.8940000 41.3383217
0.8950000 31.4341068
0.8960000 -20.2324142
0.8970000 34.5315590
0.8980000 -6.8049908
0.8990000 -110.8723221
0.9000000 -41.5117378
0.9010000 -5.0005245
0.9020000 -44.6083145
0.9030000 51.3842583
0.9040000 -31.4549828
0.9050000 -28.0732880
0.9060000 55.6263351
0.9070000 -23.4889488
0.9080000 71.0523605
0.9090000 -18.6305923
0.9100000 15.0187864
0.9110000 -82.8582382
0.9120000 -8.1406746
0.9130000 -55.0873871
0.9140000 31.9913101
0.9150000 96.8889771
0.9160000 24.3039417
0.9170000 9.9501362
0.9180000 -8.6961927
0.9190000 -35.3676033
0.9200000 -17.9084549
0.9210000 33.4729347
0.9220000 -1.4098653
0.9230000 24.4992905
0.9240000 -11.6508417
0.9250000 15.8845348
0.9260000 4.3993816
0.9270000 -42.8598251
0.9280000 -21.3375072
0.9290000 -30.1209812
0.9300000 55.3734093
0.9310000 11.7819138
0.9320000 -17.8217106
0.9330000 13.7389021
0.9340000 -19.9537868
0.9350000 -25.7272530
0.9360000 -24.7023983
0.9370000 -27.9251747
0.9380000 27.2971859
0.9390000 -97.6176453
0.9400000 -40.8412476
0.9410000 -23.0273132
0.9420000 -24.9369221
0.9430000 34.1746216
0.9440000 -52.5325775
0.9450000 -1.7433782
0.9460000 -0.8870054
0.9470000 -14.1887846
0.9480000 -4.0360494
0.9490000 12.6133432
0.9500000 -69.1887741
0.9510000 4.3040652
0.9520000 19.9468117
0.9530000 19.8430958
0.9540000 -0.5165050
0.9550000 -33.4840202
0.9560000 -15.2222452
0.9570000 37.7239723
0.9580000 -11.7302370
0.9590000 -35.7698212
0.9600000 10.5071325
0.9610000 -13.6739960
0.9620000 -4.8351197
0.9630000 66.9121475
0.9640000 6.6941342
0.9650000 -45.5399208
0.9660000 -19.1061935
0.9670000 8.9076805
0.9680000 -6.2990928
0.9690000 19.2655392
0.9700000 2.3719981
0.9710000 -62.6834373
0.9720000 52.1011200
0.9730000 -30.5792084
0.9740000 -10.9512920
0.9750000 -49.7673683
0.9760000 -2.5032859
0.9770000 3.1009181
0.9780000 -37.2156448
0.9790000 -13.1454735
0.9800000 75.9922180
0.9810000 30.8226547
0.9820000 -32.8327446
0.9830000 -17.4174118
0.9840000 -14.6260538
0.9850000 -3.1735685
0.9860000 11.7443399
0.9870000 -17.6666203
0.9880000 -10.3667250
0.9890000 -31.6808033
0.9900000 27.8870831
0.9910000 67.3188324
0.9920000 -16.2808342
0.9930000 5.6800675
0.9940000 30.5952740
0.9950000 -54.5935974
0.9960000 26.6372700
0.9970000 -32.2686501
0.9980000 65.2288971
0.9990000 49.3601952
