0.0000000 -16.5930824
0.0010000 -46.9752808
0.0020000 9.2421875
0.0030000 -10.9306545
0.0040000 12.1617174
0.0050000 -3.6533320
0.0060000 82.2744980
0.0070000 1.8052480
0.0080000 25.6499596
0.0090000 -8.5758066
0.0100000 -30.7820034
0.0110000 -0.1165626
0.0120000 19.1046982
0.0130000 -2.4011478
0.0140000 5.0570741
0.0150000 -84.0927734
0.0160000 54.9951286
0.0170000 12.6008625
0.0180000 6.6233153
0.0190000 6.0879726
0.0200000 6.4004502
0.0210000 -51.2770958
0.0220000 -40.3999519
0.0230000 18.9523983
0.0240000 40.2304077
0.0250000 -29.7522411
0.0260000 30.3174591
0.0270000 34.0767059
0.0280000 51.5497971
0.0290000 52.9518280
0.0300000 26.6952038
0.0310000 17.6333427
0.0320000 6.3510780
0.0330000 6.6369333
0.0340000 9.7083817
0.0350000 -61.9920158
0.0360000 6.4321828
0.0370000 18.9497585
0.0380000 -19.8633728
0.0390000 0.9099286
0.0400000 -21.4438629
0.0410000 -44.5323792
0.0420000 81.5224609
0.0430000 42.3913879
0.0440000 19.2174644
0.0450000 -11.8304558
0.0460000 38.7298393
0.0470000 -16.8129559
0.0480000 23.3974247
0.0490000 22.8756161
0.0500000 39.0285645
0.0510000 48.9683876
0.0520000 40.4982948
0.0530000 -49.6235466
0.0540000 22.9170170
0.0550000 -36.4187927
0.0560000 19.3608284
0.0570000 42.0454750
0.0580000 -20.3204269
0.0590000 -32.8755836
0.0600000 10.8929892
0.0610000 -16.4895058
0.0620000 -48.8405495
0.0630000 -50.4860878
0.0640000 -30.8024750
0.0650000 -16.2488136
0.0660000 -5.8532195
0.0670000 54.8468475
0.0680000 -6.7109265
0.0690000 -4.7041664
0.0700000 2.3046045
0.0710000 29.4830570
0.0720000 -5.7426219
0.0730000 -15.2342081
0.0740000 21.8728886
0.0750000 -60.4417229
0.0760000 -6.6229081
0.0770000 -54.7530861
0.0780000 -4.0294738
0.0790000 15.7414150
0.0800000 -39.0746231
0.0810000 17.7421513
0.0820000 -59.0534668
0.0830000 40.2094154
0.0840000 25.6705017
0.0850000 -28.6657143
0.0860000 72.4881592
0.0870000 31.2768421
0.0880000 21.5411777
0.0890000 6.7410846
0.0900000 -6.0437508
0.0910000 -19.5919800
0.0920000 25.0224686
0.0930000 -11.0816278
0.0940000 21.3721600
0.0950000 5.6880884
0.0960000 49.0936661
0.0970000 -21.1369324
0.0980000 -13.1846552
0.0990000 72.9223938
0.1000000 19.1057491
0.1010000 0.9829722
0.1020000 36.9911308
0.1030000 4.0350351
0.1040000 -10.8842478
0.1050000 2.8857908
0.1060000 19.0438461
0.1070000 32.9442444
0.1080000 -45.4122200
0.1090000 -62.0348167
0.1100000 -15.9875135
0.1110000 22.9524326
0.1120000 12.7918396
0.1130000 -57.5604706
0.1140000 -46.1993217
0.1150000 10.5676184
0.1160000 -16.4173012
0.1170000 70.1695328
0.1180000 55.9303970
0.1190000 15.5586529
0.1200000 -12.9199886
0.1210000 -1.4505631
0.1220000 121.3736191
0.1230000 11.0171461
0.1240000 23.1384659
0.1250000 -13.7101908
0.1260000 5.7869420
0.1270000 4.2983804
0.1280000 17.5994148
0.1290000 -9.1370316
0.1300000 -4.5946069
0.1310000 -28.3200550
0.1320000 -0.8317001
0.1330000 -4.0530725
0.1340000 -15.0393438
0.1350000 -7.7307663
0.1360000 -1.2569467
0.1370000 -45.6364365
0.1380000 8.1132736
0.1390000 10.2746477
0.1400000 -43.3960342
0.1410000 22.8780632
0.1420000 7.4427691
0.1430000 12.6789989
0.1440000 -28.3985043
0.1450000 3.3545303
0.1460000 -44.4737282
0.1470000 -7.7453661
0.1480000 51.1028290
0.1490000 84.3950500
0.1500000 -27.9290543
0.1510000 37.6844826
0.1520000 5.0624847
0.1530000 -61.8315392
0.1540000 68.0686951
0.1550000 20.5993233
0.1560000 -29.6409988
0.1570000 -32.8096199
0.1580000 -44.7698212
0.1590000 -49.1894264
0.1600000 45.7072906
0.1610000 -65.0139160
0.1620000 -2.7720170
0.1630000 -28.9930439
0.1640000 54.6174088
0.1650000 -46.9617081
0.1660000 3.1585541
0.1670000 -29.6253719
0.1680000 38.2736206
0.1690000 4.2506437
0.1700000 41.9227791
0.1710000 -37.8044167
0.1720000 -49.1385880
0.1730000 9.1930971
0.1740000 -17.6905899
0.1750000 8.1748667
0.1760000 -14.1178255
0.1770000 17.2618351
0.1780000 8.5641870
0.1790000 -2.0765476
0.1800000 -12.0544538
0.1810000 -8.3876343
0.1820000 -23.3069267
0.1830000 -33.5886497
0.1840000 6.2506537
0.1850000 -27.2805653
0.1860000 -2.1438429
0.1870000 9.3854742
0.1880000 -31.6106853
0.1890000 -65.4306259
0.1900000 5.7786775
0.1910000 10.2220678
0.1920000 -15.4158316
0.1930000 -0.0607067
0.1940000 25.5892010
0.1950000 -26.1515198
0.1960000 0.6867219
0.1970000 -70.0425034
0.1980000 -22.5244694
0.1990000 21.0659370
0.2000000 14.2294312
0.2010000 53.5679512
0.2020000 -1.2552279
0.2030000 30.9038296
0.2040000 -4.3986540
0.2050000 -67.0930939
0.2060000 -31.6523628
0.2070000 31.9984779
0.2080000 -16.7193298
0.2090000 -4.8606334
0.2100000 70.1934738
0.2110000 -15.0855513
0.2120000 20.4202633
0.2130000 25.6229382
0.2140000 -8.8947659
0.2150000 32.0773544
0.2160000 -13.7625256
0.2170000 56.7612495
0.2180000 18.2698841
0.2190000 -10.7736378
0.2200000 4.3316231
0.2210000 56.9068947
0.2220000 63.9501724
0.2230000 2.9200521
0.2240000 28.5799141
0.2250000 -23.7613583
0.2260000 -68.1891785
0.2270000 -42.6248016
0.2280000 -3.0493543
0.2290000 17.0676575
0.2300000 46.9937477
0.2310000 15.1623058
0.2320000 -19.7146378
0.2330000 1.0122409
0.2340000 -47.6859741
0.2350000 4.1485395
0.2360000 -42.0621986
0.2370000 -14.5163021
0.2380000 7.3155928
0.2390000 -32.3366928
0.2400000 -3.0745575
0.2410000 80.7389832
0.2420000 56.1850204
0.2430000 0.6326736
0.2440000 39.1487350
0.2450000 -63.0859985
0.2460000 20.8047733
0.2470000 15.8063812
0.2480000 -32.9095306
0.2490000 -29.4074001
0.2500000 -36.5655785
0.2510000 58.2593765
0.2520000 -42.5126648
0.2530000 31.6753731
0.2540000 -15.1400633
0.2550000 -10.2407074
0.2560000 -17.9590912
0.2570000 19.2896748
0.2580000 -0.8330991
0.2590000 87.5684052
0.2600000 -37.2897301
0.2610000 5.4787745
0.2620000 48.8515816
0.2630000 -16.3816471
0.2640000 103.5098572
0.2650000 21.0924416
0.2660000 -2.9998853
0.2670000 1.0202429
0.2680000 -14.4479723
0.2690000 7.0667338
0.2700000 -70.3666687
0.2710000 4.4643970
0.2720000 1.9284892
0.2730000 20.4850063
0.2740000 53.1237450
0.2750000 -14.8782454
0.2760000 -24.4199696
0.2770000 -9.3057318
0.2780000 -7.6226888
0.2790000 20.1300392
0.2800000 71.8238068
0.2810000 16.3892536
0.2820000 23.9163551
0.2830000 -55.8066483
0.2840000 12.4661627
0.2850000 -2.7517290
0.2860000 43.6679535
0.2870000 25.4043636
0.2880000 9.3734903
0.2890000 -16.7451916
0.2900000 -47.4184227
0.2910000 -55.5520096
0.2920000 -41.7709961
0.2930000 -14.8951368
0.2940000 -44.7142525
0.2950000 -51.1834755
0.2960000 15.0368977
0.2970000 -49.0803642
0.2980000 -58.5120125
0.2990000 56.6376724
0.3000000 -21.6816406
0.3010000 -8.4239225
0.3020000 29.7736244
0.3030000 -70.7138443
0.3040000 -33.1941223
0.3050000 -5.1889024
0.3060000 -64.8611069
0.3070000 48.4343376
0.3080000 31.7166424
0.3090000 -31.1823578
0.3100000 2.9180882
0.3110000 3.1103206
0.3120000 -74.2852478
0.3130000 -5.2037253
0.3140000 -32.9507790
0.3150000 2.2987597
0.3160000 76.1022034
0.3170000 -77.6113586
0.3180000 -26.0972824
0.3190000 11.0913534
0.3200000 -23.9285946
0.3210000 -69.7128220
0.3220000 0.0963975
0.3230000 -6.2682333
0.3240000 -27.1082249
0.3250000 -18.1649094
0.3260000 -17.3801003
0.3270000 -41.0371742
0.3280000 36.6209641
0.3290000 -15.0489149
0.3300000 0.5642137
0.3310000 80.8594742
0.3320000 -14.7438679
0.3330000 -18.0863914
0.3340000 26.9834385
0.3350000 -40.5302811
0.3360000 31.5491486
0.3370000 -34.1367683
0.3380000 35.5781403
0.3390000 21.9996834
0.3400000 -22.8215084
0.3410000 63.4833488
0.3420000 -26.8604183
0.3430000 17.3034134
0.3440000 33.1987267
0.3450000 -40.7767944
0.3460000 2.2222009
0.3470000 -32.7579880
0.3480000 7.0156293
0.3490000 5.2155585
0.3500000 -10.9716759
0.3510000 2.1765959
0.3520000 38.7582092
0.3530000 -37.0448074
0.3540000 18.7520046
0.3550000 -46.0297165
0.3560000 -19.9279652
0.3570000 -19.8984470
0.3580000 1.0023907
0.3590000 20.6754208
0.3600000 6.6025047
0.3610000 -0.6560231
0.3620000 9.6540089
0.3630000 8.3023672
0.3640000 -57.0705719
0.3650000 -62.2205887
0.3660000 -19.5255699
0.3670000 12.6037731
0.3680000 -10.9988050
0.3690000 37.0929718
0.3700000 -9.5620689
0.3710000 37.9645920
0.3720000 48.5022469
0.3730000 41.2952499
0.3740000 15.3832445
0.3750000 -20.6478214
0.3760000 37.8727531
0.3770000 9.3206720
0.3780000 -33.2678642
0.3790000 32.7611122
0.3800000 9.2140579
0.3810000 90.5828705
0.3820000 -1.5233785
0.3830000 86.9328537
0.3840000 28.3767796
0.3850000 -30.8437614
0.3860000 -50.0619354
0.3870000 45.3073730
0.3880000 -14.0637808
0.3890000 11.3076963
0.3900000 -8.4471760
0.3910000 -10.1668577
0.3920000 20.1967773
0.3930000 29.5289040
0.3940000 -9.1071825
0.3950000 -38.5902138
0.3960000 40.0007706
0.3970000 -11.9091091
0.3980000 2.5203106
0.3990000 -58.0971947
0.4000000 3.5007920
0.4010000 -17.7027493
0.4020000 -22.2352314
0.4030000 36.3798027
0.4040000 -59.9273987
0.4050000 -8.6220894
0.4060000 80.6612701
0.4070000 31.7521095
0.4080000 -39.5973320
0.4090000 -22.0827789
0.4100000 -5.8626308
0.4110000 -60.2326012
0.4120000 -36.9565201
0.4130000 37.0273438
0.4140000 37.1697350
0.4150000 -16.2336197
0.4160000 -13.8394547
0.4170000 -2.5762265
0.4180000 10.5149927
0.4190000 37.3181305
0.4200000 28.6832218
0.4210000 33.3755302
0.4220000 -24.5177441
0.4230000 -12.4931993
0.4240000 -41.6702805
0.4250000 -21.4436569
0.4260000 22.4723911
0.4270000 118.9920578
0.4280000 -30.1726112
0.4290000 20.1770935
0.4300000 -29.4701004
0.4310000 -6.4259791
0.4320000 10.1505489
0.4330000 38.8451309
0.4340000 -22.8384266
0.4350000 59.6395721
0.4360000 31.0148792
0.4370000 -10.1118708
0.4380000 -13.4839735
0.4390000 19.5175991
0.4400000 22.2117043
0.4410000 -30.9685650
0.4420000 69.6089935
0.4430000 27.1343651
0.4440000 -25.0972080
0.4450000 8.6860523
0.4460000 -8.0210543
0.4470000 44.1666870
0.4480000 23.9560356
0.4490000 -45.8418999
0.4500000 -12.5507450
0.4510000 59.9801712
0.4520000 -13.3666878
0.4530000 60.7931938
0.4540000 -11.2858934
0.4550000 -16.9908657
0.4560000 -57.2685814
0.4570000 -4.0701690
0.4580000 -34.1939163
0.4590000 58.3606224
0.4600000 -11.5621033
0.4610000 -8.1139526
0.4620000 -25.4634418
0.4630000 -50.3794899
0.4640000 -17.6656742
0.4650000 11.8822498
0.4660000 -46.5399933
0.4670000 -17.1160316
0.4680000 122.2219009
0.4690000 12.6534147
0.4700000 -52.3614998
0.4710000 -6.0652227
0.4720000 27.8183727
0.4730000 -34.3147736
0.4740000 -33.9438705
0.4750000 22.9926929
0.4760000 -5.6802325
0.4770000 80.1259842
0.4780000 29.5052738
0.4790000 2.7222123
0.4800000 14.5450974
0.4810000 13.4146166
0.4820000 10.2008991
0.4830000 45.0438576
0.4840000 13.2634926
0.4850000 -33.2925529
0.4860000 -57.6805573
0.4870000 26.2009850
0.4880000 40.6350975
0.4890000 36.1010208
0.4900000 -16.4913750
0.4910000 83.5393982
0.4920000 -20.4746590
0.4930000 -6.5857272
0.4940000 -22.7531776
0.4950000 21.5443344
0.4960000 5.5878377
0.4970000 70.4482803
0.4980000 21.1178703
0.4990000 -76.7263794
0.5000000 -2.1163411
0.5010000 34.3579826
0.5020000 39.1734428
0.5030000 -14.9409828
0.5040000 26.5786095
0.5050000 13.9444561
0.5060000 -30.9119816
0.5070000 41.5711517
0.5080000 77.3003845
0.5090000 -8.1354971
0.5100000 -33.2015800
0.5110000 -3.3784604
0.5120000 72.9062042
0.5130000 -14.1867056
0.5140000 -7.3564944
0.5150000 1.6085219
0.5160000 14.0602694
0.5170000 -28.3067360
0.5180000 -44.2634239
0.5190000 -34.8869743
0.5200000 -16.2976170
0.5210000 -69.6029129
0.5220000 -19.9711990
0.5230000 -35.1306458
0.5240000 6.4913044
0.5250000 -4.9043617
0.5260000 12.9284048
0.5270000 -14.5687819
0.5280000 17.5024681
0.5290000 0.7819394
0.5300000 -38.8750191
0.5310000 48.4761658
0.5320000 18.3908024
0.5330000 -25.8775234
0.5340000 1.3086519
0.5350000 15.2455931
0.5360000 -33.2607498
0.5370000 2.1473930
0.5380000 64.8349075
0.5390000 3.3937283
0.5400000 9.7937746
0.5410000 41.6181717
0.5420000 19.7932777
0.5430000 -8.9375114
0.5440000 54.8478355
0.5450000 -15.4965315
0.5460000 6.9371634
0.5470000 14.3662586
0.5480000 32.2920837
0.5490000 2.5171447
0.5500000 -1.8243500
0.5510000 100.2798386
0.5520000 -34.1342964
0.5530000 7.7885900
0.5540000 17.2534103
0.5550000 -37.2715988
0.5560000 -84.2177124
0.5570000 54.3377037
0.5580000 -0.6514453
0.5590000 -5.5275912
0.5600000 -1.6907198
0.5610000 -24.3627987
0.5620000 -26.0282364
0.5630000 20.4598541
0.5640000 -39.4000168
0.5650000 -7.5428596
0.5660000 31.8466320
0.5670000 20.4588299
0.5680000 -38.3288498
0.5690000 -50.9915733
0.5700000 -10.1464415
0.5710000 -24.5976734
0.5720000 -19.7146664
0.5730000 -5.6792660
0.5740000 19.6009712
0.5750000 4.6666861
0.5760000 -12.9737711
0.5770000 0.0003266
0.5780000 -15.1090088
0.5790000 -3.8134375
0.5800000 -23.3783875
0.5810000 17.8013287
0.5820000 0.0249035
0.5830000 -32.8113480
0.5840000 -14.2542200
0.5850000 -55.6686287
0.5860000 7.1619992
0.5870000 -48.4150467
0.5880000 -33.9940948
0.5890000 -3.0586674
0.5900000 -9.2071848
0.5910000 13.0633850
0.5920000 -71.8983459
0.5930000 -31.2001762
0.5940000 11.9510393
0.5950000 -12.9591808
0.5960000 -28.2999573
0.5970000 -24.1673527
0.5980000 -45.9542542
0.5990000 -3.5392509
0.6000000 -1.8670214
0.6010000 -30.1284084
0.6020000 -32.8516083
0.6030000 11.8240576
0.6040000 -10.8388014
0.6050000 17.5351181
0.6060000 -49.2131042
0.6070000 0.0390194
0.6080000 -50.9757576
0.6090000 -29.3485336
0.6100000 14.4154997
0.6110000 52.4768295
0.6120000 91.6542358
0.6130000 -31.4896049
0.6140000 24.7891788
0.6150000 32.4154625
0.6160000 -8.6132908
0.6170000 50.7644730
0.6180000 19.5296001
0.6190000 16.3530731
0.6200000 -14.0107927
0.6210000 -18.7777252
0.6220000 -7.9958892
0.6230000 43.8835220
0.6240000 26.3931942
0.6250000 58.5228424
0.6260000 4.8209414
0.6270000 -9.8603516
0.6280000 -47.3945961
0.6290000 78.7655182
0.6300000 -29.9195251
0.6310000 -9.6895084
0.6320000 63.5756454
0.6330000 5.2843976
0.6340000 34.4688950
0.6350000 6.9268980
0.6360000 15.5304241
0.6370000 -6.6512284
0.6380000 27.8240299
0.6390000 -48.4013290
0.6400000 89.9229736
0.6410000 22.8908482
0.6420000 32.7032433
0.6430000 5.5075498
0.6440000 -48.6425934
0.6450000 -20.9886494
0.6460000 -1.0479412
0.6470000 61.2281075
0.6480000 57.1541824
0.6490000 -4.8285112
0.6500000 -30.4043922
0.6510000 10.9292536
0.6520000 -48.3062019
0.6530000 38.6796379
0.6540000 42.1160049
0.6550000 9.8241148
0.6560000 -48.1521034
0.6570000 -73.9034576
0.6580000 11.7574682
0.6590000 -28.8539963
0.6600000 8.7714996
0.6610000 -11.2701435
0.6620000 12.2555943
0.6630000 -71.6797485
0.6640000 -30.5358200
0.6650000 52.9522591
0.6660000 -2.4131608
0.6670000 -14.1736565
0.6680000 18.3940525
0.6690000 -14.3571482
0.6700000 7.9427853
0.6710000 69.1134033
0.6720000 30.2207222
0.6730000 9.7557011
0.6740000 10.8247910
0.6750000 60.8086700
0.6760000 -67.2492599
0.6770000 37.6890411
0.6780000 -17.1808796
0.6790000 -27.0202332
0.6800000 -9.4214048
0.6810000 -19.1000137
0.6820000 -12.8432522
0.6830000 -21.9832554
0.6840000 -51.1955872
0.6850000 27.7474232
0.6860000 14.1360273
0.6870000 -3.6709907
0.6880000 -5.2621164
0.6890000 -6.2185049
0.6900000 43.2154541
0.6910000 -32.6624718
0.6920000 -27.0409393
0.6930000 36.0056343
0.6940000 10.6121922
0.6950000 -9.0771694
0.6960000 58.1587181
0.6970000 1.3174509
0.6980000 -35.3738289
0.6990000 -25.6331902
0.7000000 -18.4165726
0.7010000 54.5130043
0.7020000 -10.0336885
0.7030000 -42.7036819
0.7040000 46.4321594
0.7050000 20.6228676
0.7060000 43.8670921
0.7070000 38.4610252
0.7080000 -52.0186882
0.7090000 39.3274574
0.7100000 -43.1387978
0.7110000 10.5534363
0.7120000 -8.8056269
0.7130000 11.1242104
0.7140000 37.2920990
0.7150000 9.8961544
0.7160000 108.0869598
0.7170000 38.7644768
0.7180000 2.3753901
0.7190000 -56.3376312
0.7200000 -4.5278416
0.7210000 3.5793729
0.7220000 -11.2113438
0.7230000 70.6937714
0.7240000 -10.0989561
0.7250000 -27.6024742
0.7260000 39.8221130
0.7270000 47.0710945
0.7280000 79.6796646
0.7290000 -7.9290042
0.7300000 18.3869648
0.7310000 -72.1775894
0.7320000 -3.1690538
0.7330000 -26.7106247
0.7340000 -67.5103073
0.7350000 -5.6633019
0.7360000 -18.3653927
0.7370000 -13.1952105
0.7380000 -54.6933327
0.7390000 -65.7256165
0.7400000 13.7497644
0.7410000 -61.0211105
0.7420000 -46.3690605
0.7430000 -6.7977324
0.7440000 15.5096064
0.7450000 64.6629105
0.7460000 20.7738266
0.7470000 -28.1619987
0.7480000 -37.9424171
0.7490000 -11.4748640
0.7500000 -2.4493666
0.7510000 -30.7447643
0.7520000 -42.7251320
0.7530000 58.4954605
0.7540000 46.7288170
0.7550000 -11.8666439
0.7560000 36.4166451
0.7570000 -13.8404713
0.7580000 23.4287548
0.7590000 7.3386669
0.7600000 -41.5767708
0.7610000 15.4202604
0.7620000 -2.9728391
0.7630000 -7.7341270
0.7640000 19.9378548
0.7650000 19.4773064
0.7660000 -4.0083079
0.7670000 39.7804184
0.7680000 -18.7433796
0.7690000 7.3029637
0.7700000 80.2936020
0.7710000 5.8089118
0.7720000 -26.5560722
0.7730000 -58.4409103
0.7740000 16.2611523
0.7750000 27.1862011
0.7760000 -28.3454189
0.7770000 30.1686039
0.7780000 21.6268749
0.7790000 -2.0454242
0.7800000 72.4906006
0.7810000 86.2490082
0.7820000 34.2052574
0.7830000 1.9405546
0.7840000 -71.9660263
0.7850000 -66.7378464
0.7860000 -16.5051975
0.7870000 -49.7790756
0.7880000 76.7875214
0.7890000 12.0800486
0.7900000 66.2786636
0.7910000 -5.9332032
0.7920000 46.1165504
0.7930000 -53.6240540
0.7940000 53.6781807
0.7950000 0.2286452
0.7960000 -10.7299185
0.7970000 6.8599367
0.7980000 -4.6057782
0.7990000 -11.6369085
0.8000000 60.1504593
0.8010000 -26.5133533
0.8020000 -30.4954376
0.8030000 -13.7594013
0.8040000 -14.4811821
0.8050000 -42.0170441
0.8060000 34.4962044
0.8070000 31.0793228
0.8080000 12.7248230
0.8090000 -33.4065132
0.8100000 -46.4245605
0.8110000 -30.8788414
0.8120000 18.2239208
0.8130000 5.9126091
0.8140000 -55.9647408
0.8150000 4.0484982
0.8160000 -25.2262459
0.8170000 -33.9076042
0.8180000 -23.5356064
0.8190000 6.2323880
0.8200000 -39.7600555
0.8210000 47.2570114
0.8220000 -54.4889030
0.8230000 2.0740447
0.8240000 49.1075134
0.8250000 46.5598106
0.8260000 3.1924694
0.8270000 28.2865238
0.8280000 -65.7182922
0.8290000 40.3030777
0.8300000 37.5481377
0.8310000 -3.9137352
0.8320000 -3.3251743
0.8330000 -7.5360684
0.8340000 26.5461082
0.8350000 13.8442564
0.8360000 -9.9428816
0.8370000 -1.8572427
0.8380000 3.7164366
0.8390000 45.8912582
0.8400000 -109.5980301
0.8410000 4.8631678
0.8420000 -13.1930208
0.8430000 -22.1500893
0.8440000 66.9432068
0.8450000 11.7803335
0.8460000 -5.6674647
0.8470000 -20.3345871
0.8480000 12.3129110
0.8490000 20.4278259
0.8500000 -18.4371471
0.8510000 -40.7954025
0.8520000 30.4756565
0.8530000 9.5314341
0.8540000 -36.3070488
0.8550000 -44.1005325
0.8560000 61.9581337
0.8570000 -2.6146805
0.8580000 -22.6476364
0.8590000 -17.1512852
0.8600000 -53.3676643
0.8610000 11.8626127
0.8620000 -22.2186794
0.8630000 -11.9920893
0.8640000 -14.8997860
0.8650000 -22.7932758
0.8660000 -22.3164368
0.8670000 43.7241859
0.8680000 -14.7216253
0.8690000 21.4153080
0.8700000 40.4214745
0.8710000 45.5545692
0.8720000 15.5227623
0.8730000 6.6013446
0.8740000 -45.7683563
0.8750000 12.8059931
0.8760000 28.0775738
0.8770000 23.1492004
0.8780000 -32.9093246
0.8790000 4.1860123
0.8800000 70.2257614
0.8810000 5.2895961
0.8820000 19.1025410
0.8830000 -50.8747635
0.8840000 24.1405182
0.8850000 -55.4531250
0.8860000 0.1478471
0.8870000 6.0110784
0.8880000 10.5074606
0.8890000 -39.8162079
0.8900000 55.3376465
0.8910000 13.8711767
0.8920000 -11.0362072
0.8930000 -1.0610708
0.8940000 -29.6687164
0.8950000 50.2798347
0.8960000 -18.5781345
0.8970000 -1.0999364
0.8980000 -4.7226691
0.8990000 39.5953789
0.9000000 41.8100204
0.9010000 4.9516950
0.9020000 26.2490540
0.9030000 4.0185304
0.9040000 47.3255806
0.9050000 36.1880302
0.9060000 -13.0168810
0.9070000 43.7895393
0.9080000 -24.3627148
0.9090000 0.3770587
0.9100000 35.6589165
0.9110000 -44.0589256
0.9120000 -3.9825354
0.9130000 -57.3364677
0.9140000 -47.7258224
0.9150000 7.2190423
0.9160000 25.5294952
0.9170000 3.8295958
0.9180000 34.6860008
0.9190000 -9.5065279
0.9200000 -42.2303352
0.9210000 -4.8277893
0.9220000 -38.3815079
0.9230000 18.1742744
0.9240000 -29.5925503
0.9250000 -54.0131874
0.9260000 -5.6373701
0.9270000 34.2787476
0.9280000 -25.2247467
0.9290000 -14.0075541
0.9300000 -9.5277853
0.9310000 -17.4788799
0.9320000 -34.4882317
0.9330000 45.7253799
0.9340000 21.4356022
0.9350000 -6.8521504
0.9360000 -21.8018494
0.9370000 -35.3003235
0.9380000 92.7907715
0.9390000 21.2240334
0.9400000 -26.6511307
0.9410000 17.4377441
0.9420000 0.1363840
0.9430000 -5.2817316
0.9440000 24.7381077
0.9450000 4.5410991
0.9460000 -12.3136330
0.9470000 50.5683517
0.9480000 51.7372093
0.9490000 -45.9213715
0.9500000 32.7069283
0.9510000 25.4027977
0.9520000 -0.1353859
0.9530000 -35.2510910
0.9540000 56.7808533
0.9550000 13.9725866
0.9560000 2.3767667
0.9570000 6.0380034
0.9580000 -5.2219310
0.9590000 2.2842703
0.9600000 -43.8525391
0.9610000 33.5477791
0.9620000 45.8559227
0.9630000 13.9115629
0.9640000 -14.1998167
0.9650000 -12.2864475
0.9660000 -95.8563080
0.9670000 -40.0503159
0.9680000 20.5687294
0.9690000 44.9223137
0.9700000 -1.3970929
0.9710000 4.8920207
0.9720000 -21.9071865
0.9730000 -37.8521767
0.9740000 19.3527622
0.9750000 49.6588593
0.9760000 -33.0448875
0.9770000 -60.6012955
0.9780000 83.7140121
0.9790000 -1.4399410
0.9800000 -10.0244036
0.9810000 84.4677124
0.9820000 19.9360790
0.9830000 7.2197299
0.9840000 52.1894112
0.9850000 71.6993942
0.9860000 -27.5289097
0.9870000 18.3000641
0.9880000 -5.1904683
0.9890000 -13.3191004
0.9900000 57.3453331
0.9910000 53.3229828
0.9920000 -18.9393196
0.9930000 3.9220293
0.9940000 -6.3255630
0.9950000 -38.2597008
0.9960000 -43.1858292
0.9970000 -26.1230640
0.9980000 1.4571109
0.9990000 39.1946945
