0.0000000 -15.9619808
0.0010000 15.8474522
0.0020000 -4.9437304
0.0030000 -24.5649223
0.0040000 18.6039276
0.0050000 14.5179501
0.0060000 45.9189148
0.0070000 -38.7934914
0.0080000 -0.3155725
0.0090000 -21.1919231
0.0100000 -22.4751816
0.0110000 39.6479301
0.0120000 -53.9172096
0.0130000 -4.4122963
0.0140000 8.2251434
0.0150000 -4.7802687
0.0160000 62.9600105
0.0170000 41.1342430
0.0180000 56.4933853
0.0190000 -27.6274490
0.0200000 0.3402838
0.0210000 48.3788681
0.0220000 -40.1068649
0.0230000 -42.6745186
0.0240000 23.2412853
0.0250000 -38.8472862
0.0260000 37.8229828
0.0270000 -23.3062077
0.0280000 20.0513268
0.0290000 -8.4071884
0.0300000 -6.2078667
0.0310000 -1.4636270
0.0320000 -67.2447586
0.0330000 36.0923271
0.0340000 -52.5443954
0.0350000 17.6162777
0.0360000 8.0968218
0.0370000 26.5010796
0.0380000 -0.9578736
0.0390000 9.9569254
0.0400000 -28.3429470
0.0410000 -6.7604380
0.0420000 -44.2300797
0.0430000 6.7507200
0.0440000 42.1220360
0.0450000 -24.5632915
0.0460000 -42.6338387
0.0470000 20.5494518
0.0480000 -38.9460030
0.0490000 -5.4764256
0.0500000 20.7673664
0.0510000 -36.6782265
0.0520000 62.2546654
0.0530000 -4.5322185
0.0540000 21.0090294
0.0550000 -27.8810463
0.0560000 38.9863968
0.0570000 -57.8539352
0.0580000 10.6151571
0.0590000 46.2998314
0.0600000 -58.6452179
0.0610000 28.2907925
0.0620000 52.2294464
0.0630000 -24.0956345
0.0640000 54.0538025
0.0650000 36.3505020
0.0660000 63.0759659
0.0670000 -16.1726971
0.0680000 -20.8853397
0.0690000 -23.8165932
0.0700000 43.0722160
0.0710000 -3.2759159
0.0720000 -43.2092209
0.0730000 -50.4970436
0.0740000 36.8427963
0.0750000 7.5267720
0.0760000 64.9540405
0.0770000 -51.3586235
0.0780000 4.2599192
0.0790000 73.7548828
0.0800000 28.0870457
0.0810000 1.8037219
0.0820000 -16.4221172
0.0830000 40.2744484
0.0840000 -83.8077545
0.0850000 26.9184284
0.0860000 -22.1684494
0.0870000 9.5194674
0.0880000 2.9761925
0.0890000 50.2711906
0.0900000 -15.8778057
0.0910000 -7.1633739
0.0920000 -7.7796926
0.0930000 14.4693966
0.0940000 6.8976669
0.0950000 -53.4954605
0.0960000 11.8696632
0.0970000 6.8099637
0.0980000 -31.9312611
0.0990000 83.1243286
0.1000000 -39.8322525
0.1010000 -26.9336853
0.1020000 -30.5042095
0.1030000 29.4171429
0.1040000 5.1803880
0.1050000 41.7088013
0.1060000 24.4694328
0.1070000 -14.4194202
0.1080000 13.8146057
0.1090000 -20.2972069
0.1100000 13.5001879
0.1110000 64.4569626
0.1120000 -39.7554970
0.1130000 -19.1958923
0.1140000 32.8208199
0.1150000 20.6371765
0.1160000 58.0487823
0.1170000 -20.5049458
0.1180000 -22.7250538
0.1190000 -23.6520729
0.1200000 49.0291061
0.1210000 -8.5032024
0.1220000 17.5875893
0.1230000 -24.4074993
0.1240000 -8.5682974
0.1250000 66.6358871
0.1260000 -16.7358074
0.1270000 -20.4840031
0.1280000 24.5317020
0.1290000 101.5741348
0.1300000 -28.4184055
0.1310000 -26.8210812
0.1320000 59.0785866
0.1330000 -25.3486233
0.1340000 1.4619354
0.1350000 30.8205814
0.1360000 53.2341118
0.1370000 -3.7602124
0.1380000 25.1795635
0.1390000 14.2469673
0.1400000 29.1662674
0.1410000 -59.0767174
0.1420000 -53.4041023
0.1430000 -9.9601269
0.1440000 1.4295279
0.1450000 -16.7262077
0.1460000 -11.1128635
0.1470000 -16.6416874
0.1480000 -0.0858208
0.1490000 -46.0322037
0.1500000 1.5654411
0.1510000 -21.8754272
0.1520000 28.8272743
0.1530000 32.5481339
0.1540000 92.2611771
0.1550000 70.9399796
0.1560000 6.4083538
0.1570000 13.4540348
0.1580000 -14.4628649
0.1590000 5.5293097
0.1600000 31.3926086
0.1610000 -1.6308726
0.1620000 91.3844833
0.1630000 -6.5522752
0.1640000 -29.0488129
0.1650000 0.9412811
0.1660000 -37.3758583
0.1670000 -19.6813183
0.1680000 70.5515594
0.1690000 41.8548622
0.1700000 3.8848550
0.1710000 -9.5220871
0.1720000 -36.0191727
0.1730000 3.1963573
0.1740000 -4.5588140
0.1750000 -1.3022577
0.1760000 -27.1842709
0.1770000 -37.3721123
0.1780000 26.9059658
0.1790000 -19.0073490
0.1800000 -46.3913727
0.1810000 23.8837223
0.1820000 -32.5518532
0.1830000 -23.5340557
0.1840000 -12.0859852
0.1850000 16.7528172
0.1860000 -41.6548920
0.1870000 -16.0045204
0.1880000 -12.1322613
0.1890000 -42.8464127
0.1900000 23.0332546
0.1910000 42.1590233
0.1920000 -11.5494137
0.1930000 29.8201294
0.1940000 -13.4799929
0.1950000 -41.1054611
0.1960000 -27.6831436
0.1970000 5.2711802
0.1980000 2.6892297
0.1990000 -28.0083618
0.2000000 -11.2051706
0.2010000 20.1154442
0.2020000 4.6581292
0.2030000 -58.8232384
0.2040000 0.1484167
0.2050000 14.4352884
0.2060000 -27.6059608
0.2070000 35.0265045
0.2080000 -11.1483488
0.2090000 -6.0312986
0.2100000 3.3712652
0.2110000 68.0170288
0.2120000 -23.5541725
0.2130000 -5.0032635
0.2140000 -35.9252739
0.2150000 27.4132500
0.2160000 -28.7896233
0.2170000 -45.2229576
0.2180000 22.6306667
0.2190000 7.7246242
0.2200000 27.9754772
0.2210000 12.0595665
0.2220000 40.8507729
0.2230000 -12.7731504
0.2240000 -29.2636566
0.2250000 8.1856709
0.2260000 20.0442162
0.2270000 12.6890831
0.2280000 62.1597710
0.2290000 8.1621532
0.2300000 6.4565959
0.2310000 8.1745291
0.2320000 -24.9293823
0.2330000 12.2509766
0.2340000 -110.4235153
0.2350000 52.1481590
0.2360000 -10.3796291
0.2370000 0.9147993
0.2380000 -24.9992123
0.2390000 -60.2588043
0.2400000 -4.9696383
0.2410000 17.3612175
0.2420000 -16.5503883
0.2430000 73.8457413
0.2440000 -77.8767166
0.2450000 7.6048756
0.2460000 -35.8765526
0.2470000 13.3478718
0.2480000 13.1503963
0.2490000 11.1095848
0.2500000 41.9795647
0.2510000 -18.5670338
0.2520000 -58.8763161
0.2530000 -9.0919294
0.2540000 -10.8170252
0.2550000 3.3868725
0.2560000 -42.4838867
0.2570000 39.8056870
0.2580000 -17.1178799
0.2590000 58.5688858
0.2600000 1.1600894
0.2610000 -17.7162457
0.2620000 -8.1314449
0.2630000 -29.4700031
0.2640000 -30.2964840
0.2650000 4.9755898
0.2660000 33.4524345
0.2670000 0.1655796
0.2680000 2.0028896
0.2690000 3.8791726
0.2700000 -43.0758629
0.2710000 34.7834129
0.2720000 -19.9720154
0.2730000 -29.6710720
0.2740000 -63.2851334
0.2750000 -53.8119774
0.2760000 -48.3940659
0.2770000 21.3527870
0.2780000 -63.6105156
0.2790000 -37.6435966
0.2800000 34.3292770
0.2810000 9.7217464
0.2820000 1.4213874
0.2830000 -74.4239807
0.2840000 -15.3657188
0.2850000 31.6593475
0.2860000 11.5253992
0.2870000 -47.3350449
0.2880000 11.4754486
0.2890000 2.2104013
0.2900000 -20.4706974
0.2910000 8.2338266
0.2920000 -1.4116620
0.2930000 -6.0433636
0.2940000 -23.9216614
0.2950000 4.7117405
0.2960000 15.0982876
0.2970000 28.2336769
0.2980000 5.6801472
0.2990000 -36.6875229
0.3000000 37.3811417
0.3010000 24.6941242
0.3020000 11.6157675
0.3030000 16.2920437
0.3040000 -0.9189032
0.3050000 -21.7216511
0.3060000 42.3009834
0.3070000 34.8810005
0.3080000 -24.0956516
0.3090000 29.2045956
0.3100000 40.2367897
0.3110000 -27.5166569
0.3120000 -23.8821564
0.3130000 8.0848103
0.3140000 73.0722809
0.3150000 46.8938789
0.3160000 -5.5428734
0.3170000 32.4290276
0.3180000 31.6173096
0.3190000 16.4338684
0.3200000 19.3126163
0.3210000 -53.7480927
0.3220000 -16.9532738
0.3230000 10.7334852
0.3240000 -49.5854530
0.3250000 -13.8586617
0.3260000 1.1862597
0.3270000 -1.9152431
0.3280000 17.0068741
0.3290000 11.4773169
0.3300000 -12.6302223
0.3310000 28.9771614
0.3320000 52.1865196
0.3330000 46.5385590
0.3340000 -29.5168018
0.3350000 -4.9537034
0.3360000 18.9063969
0.3370000 26.4623566
0.3380000 -1.2957082
0.3390000 -18.1342068
0.3400000 33.0792274
0.3410000 40.6056442
0.3420000 -0.2231355
0.3430000 26.7588329
0.3440000 -15.1970615
0.3450000 0.2831590
0.3460000 -26.4337139
0.3470000 -1.9160463
0.3480000 39.4437981
0.3490000 -28.3600731
0.3500000 23.0635242
0.3510000 -70.3888779
0.3520000 -79.5943680
0.3530000 -61.9306831
0.3540000 -8.0775824
0.3550000 -63.6726112
0.3560000 -9.0520582
0.3570000 48.7011032
0.3580000 -66.5148697
0.3590000 34.5081596
0.3600000 14.7629061
0.3610000 25.4707050
0.3620000 -0.6300867
0.3630000 -24.8921852
0.3640000 6.9633965
0.3650000 6.0384979
0.3660000 17.5859470
0.3670000 -20.7174206
0.3680000 -17.2470703
0.3690000 -46.6995735
0.3700000 66.2550964
0.3710000 21.4521599
0.3720000 -9.3222284
0.3730000 53.3812599
0.3740000 -62.4546776
0.3750000 35.8241310
0.3760000 -31.9924297
0.3770000 36.2201729
0.3780000 20.9158440
0.3790000 1.2215115
0.3800000 27.4394341
0.3810000 1.1200567
0.3820000 -7.5952907
0.3830000 45.4080696
0.3840000 13.1210957
0.3850000 -13.6915998
0.3860000 4.7890730
0.3870000 -10.4972601
0.3880000 -44.8625717
0.3890000 28.3502007
0.3900000 71.1364136
0.3910000 13.6501083
0.3920000 -31.8857079
0.3930000 -2.2440248
0.3940000 6.8978858
0.3950000 24.7970428
0.3960000 -51.0234413
0.3970000 -48.0120964
0.3980000 27.6161747
0.3990000 7.2636237
0.4000000 51.9771271
0.4010000 17.8111687
0.4020000 -13.4105091
0.4030000 60.2730560
0.4040000 -17.0004196
0.4050000 -28.0556965
0.4060000 -21.3124580
0.4070000 26.9293785
0.4080000 19.1216545
0.4090000 -29.8053379
0.4100000 -27.7296600
0.4110000 -73.4974594
0.4120000 -32.3958549
0.4130000 -44.6788864
0.4140000 -32.6371956
0.4150000 33.8149338
0.4160000 -25.9413204
0.4170000 0.4861049
0.4180000 -18.6140594
0.4190000 -27.4995403
0.4200000 6.9292727
0.4210000 -41.3010406
0.4220000 -35.9113503
0.4230000 11.9140282
0.4240000 -46.2922401
0.4250000 20.3106842
0.4260000 13.2406845
0.4270000 6.3291821
0.4280000 -50.8283539
0.4290000 18.8970737
0.4300000 -5.5481305
0.4310000 -8.5044508
0.4320000 12.6942091
0.4330000 -42.5154915
0.4340000 -4.6858549
0.4350000 -4.8162827
0.4360000 0.8747120
0.4370000 -4.3010335
0.4380000 34.2243004
0.4390000 -2.3111188
0.4400000 40.6333046
0.4410000 -41.6897736
0.4420000 49.4547081
0.4430000 -50.9198380
0.4440000 11.4410057
0.4450000 20.4989624
0.4460000 -35.6444588
0.4470000 -3.0441024
0.4480000 -16.7614498
0.4490000 -23.6853123
0.4500000 35.1000557
0.4510000 -59.4432793
0.4520000 34.8433380
0.4530000 9.8831482
0.4540000 44.5449257
0.4550000 -0.4642574
0.4560000 -48.0674744
0.4570000 34.4125595
0.4580000 39.3793068
0.4590000 62.2866440
0.4600000 -34.9107704
0.4610000 -12.6379480
0.4620000 -51.5540543
0.4630000 -45.0732307
0.4640000 -1.5516857
0.4650000 21.2183266
0.4660000 19.1651306
0.4670000 6.3359127
0.4680000 8.5596771
0.4690000 7.6923470
0.4700000 18.5820332
0.4710000 38.2341728
0.4720000 -41.0436249
0.4730000 -8.7059908
0.4740000 -23.1332054
0.4750000 17.8977966
0.4760000 39.3618240
0.4770000 -9.1399593
0.4780000 3.0944450
0.4790000 -18.6504803
0.4800000 15.3660774
0.4810000 14.4582129
0.4820000 58.4689026
0.4830000 -11.5471725
0.4840000 -80.4159698
0.4850000 16.3608646
0.4860000 39.4752884
0.4870000 -46.2742958
0.4880000 2.1878231
0.4890000 -15.4493093
0.4900000 -81.7033768
0.4910000 27.7799397
0.4920000 -66.4654160
0.4930000 -15.3614788
0.4940000 -24.1303539
0.4950000 -12.5182819
0.4960000 -25.4056072
0.4970000 5.6950631
0.4980000 6.0286360
0.4990000 46.4461975
0.5000000 -18.3083382
0.5010000 -48.4612770
0.5020000 2.5597570
0.5030000 4.2891765
0.5040000 1.9180946
0.5050000 16.7693233
0.5060000 -23.7849541
0.5070000 -62.5630836
0.5080000 25.9115200
0.5090000 -22.7711315
0.5100000 0.5725428
0.5110000 -37.5127106
0.5120000 35.5675812
0.5130000 1.7181430
0.5140000 -56.9123421
0.5150000 51.5521507
0.5160000 20.2395973
0.5170000 -55.8450775
0.5180000 -22.6420937
0.5190000 10.1779318
0.5200000 -27.4430218
0.5210000 17.7914104
0.5220000 4.6255789
0.5230000 -7.4824600
0.5240000 8.3249865
0.5250000 -10.1058550
0.5260000 16.5566349
0.5270000 -68.8143082
0.5280000 15.3186836
0.5290000 33.4515495
0.5300000 31.8757915
0.5310000 6.6961589
0.5320000 35.2992554
0.5330000 48.0379944
0.5340000 -4.7816539
0.5350000 -26.4053402
0.5360000 2.7684247
0.5370000 17.4611435
0.5380000 -48.9480667
0.5390000 4.5220165
0.5400000 34.6088333
0.5410000 37.7188377
0.5420000 7.8531199
0.5430000 2.1321447
0.5440000 23.4230938
0.5450000 -43.8331337
0.5460000 19.0426788
0.5470000 -7.4774728
0.5480000 -19.6668167
0.5490000 61.4312019
0.5500000 53.1235771
0.5510000 -13.8641329
0.5520000 7.8880997
0.5530000 -25.0009384
0.5540000 35.8704567
0.5550000 -6.5307074
0.5560000 -39.8067589
0.5570000 45.5705872
0.5580000 26.2845726
0.5590000 57.3903809
0.5600000 -15.3223228
0.5610000 11.3896418
0.5620000 11.6152353
0.5630000 -3.7624855
0.5640000 56.2171440
0.5650000 -19.2778320
0.5660000 -49.6307564
0.5670000 -15.9250584
0.5680000 15.9205732
0.5690000 48.5022774
0.5700000 4.1999750
0.5710000 -16.2637062
0.5720000 -53.8914719
0.5730000 -22.7503643
0.5740000 -6.5534825
0.5750000 32.0802994
0.5760000 -11.3043537
0.5770000 3.3241103
0.5780000 -25.3454628
0.5790000 15.5991364
0.5800000 -30.3461914
0.5810000 -40.7100143
0.5820000 -3.2584720
0.5830000 30.7807198
0.5840000 -25.6708317
0.5850000 0.7158466
0.5860000 73.4990387
0.5870000 32.5904007
0.5880000 -4.4586806
0.5890000 -3.6484590
0.5900000 31.9472809
0.5910000 -34.1577148
0.5920000 -55.6727829
0.5930000 -2.4189248
0.5940000 1.6005645
0.5950000 5.5583224
0.5960000 -14.6460295
0.5970000 -35.2559052
0.5980000 22.2300510
0.5990000 -27.3937836
0.6000000 37.8143234
0.6010000 25.2997990
0.6020000 -20.5884533
0.6030000 4.6953287
0.6040000 3.9841397
0.6050000 -34.8977394
0.6060000 74.2370529
0.6070000 -33.1000557
0.6080000 -26.1332035
0.6090000 12.7940178
0.6100000 -0.5130009
0.6110000 -11.4523954
0.6120000 5.7271485
0.6130000 -58.7349319
0.6140000 29.4027348
0.6150000 -22.5415173
0.6160000 -40.0324898
0.6170000 16.7851086
0.6180000 21.2593670
0.6190000 -1.2277365
0.6200000 -34.7935944
0.6210000 -17.9927177
0.6220000 63.7853355
0.6230000 22.7741280
0.6240000 -8.8155327
0.6250000 33.4659576
0.6260000 -29.4750614
0.6270000 -23.4764080
0.6280000 -32.7232742
0.6290000 6.9717841
0.6300000 31.6148109
0.6310000 51.7660255
0.6320000 5.3607326
0.6330000 -21.3760357
0.6340000 22.4083958
0.6350000 40.1331596
0.6360000 -6.5193229
0.6370000 -2.4990740
0.6380000 4.7044749
0.6390000 -4.2311516
0.6400000 3.5014951
0.6410000 38.6563263
0.6420000 23.0272255
0.6430000 -7.1085815
0.6440000 -18.9803715
0.6450000 28.1075172
0.6460000 -24.9044380
0.6470000 23.2437019
0.6480000 -32.4010696
0.6490000 12.9983654
0.6500000 -85.9260406
0.6510000 -36.1221848
0.6520000 1.8201703
0.6530000 11.3227978
0.6540000 7.8819194
0.6550000 -1.7110997
0.6560000 3.2626235
0.6570000 -25.5705795
0.6580000 -14.3882723
0.6590000 -0.8368810
0.6600000 8.4848852
0.6610000 43.5858841
0.6620000 -19.3202095
0.6630000 53.0508041
0.6640000 -21.9547844
0.6650000 57.0830803
0.6660000 66.0252686
0.6670000 40.1791382
0.6680000 17.2196388
0.6690000 -32.5487633
0.6700000 -2.3504260
0.6710000 -7.2596784
0.6720000 -34.2475204
0.6730000 56.3116722
0.6740000 19.6120815
0.6750000 52.0900040
0.6760000 -41.5011444
0.6770000 -6.7702746
0.6780000 -26.5792294
0.6790000 31.5155869
0.6800000 -36.6884842
0.6810000 25.3116188
0.6820000 0.2508894
0.6830000 23.8003273
0.6840000 11.0813866
0.6850000 43.2463264
0.6860000 0.4703899
0.6870000 -37.8374519
0.6880000 39.3871422
0.6890000 -32.1204414
0.6900000 16.5359440
0.6910000 -37.1671448
0.6920000 -52.6437378
0.6930000 19.0830307
0.6940000 4.7897148
0.6950000 84.1200714
0.6960000 25.7238274
0.6970000 -65.5674210
0.6980000 -13.4558067
0.6990000 -16.4413795
0.7000000 5.3080115
0.7010000 -46.3090401
0.7020000 28.6042709
0.7030000 -34.2080421
0.7040000 47.2464104
0.7050000 68.8123474
0.7060000 10.7863626
0.7070000 1.6825273
0.7080000 46.8843613
0.7090000 24.1047668
0.7100000 27.4700222
0.7110000 5.0134072
0.7120000 59.9738045
0.7130000 28.6060505
0.7140000 5.6163487
0.7150000 70.5575180
0.7160000 18.3039932
0.7170000 -18.6879845
0.7180000 33.0445366
0.7190000 12.2448673
0.7200000 -29.1963062
0.7210000 28.9545727
0.7220000 5.6861472
0.7230000 -56.7454224
0.7240000 -46.1354980
0.7250000 -31.9840374
0.7260000 -36.7267113
0.7270000 8.7442398
0.7280000 -14.8917894
0.7290000 30.8173065
0.7300000 -15.7096748
0.7310000 0.2480883
0.7320000 25.6210747
0.7330000 6.3553352
0.7340000 8.1809282
0.7350000 -28.8121071
0.7360000 63.1454697
0.7370000 -28.1752148
0.7380000 -11.3475561
0.7390000 -60.6282883
0.7400000 24.0099258
0.7410000 48.1045914
0.7420000 -20.5920048
0.7430000 33.8503456
0.7440000 5.3891568
0.7450000 4.6743603
0.7460000 -13.5594788
0.7470000 32.9279900
0.7480000 -34.3202477
0.7490000 30.7423992
0.7500000 -37.5793762
0.7510000 64.0686340
0.7520000 -32.7935600
0.7530000 -18.8775330
0.7540000 35.9304237
0.7550000 69.3578568
0.7560000 -52.9439240
0.7570000 48.3219986
0.7580000 -23.5269661
0.7590000 -11.7267046
0.7600000 -0.9698758
0.7610000 -50.6145058
0.7620000 22.3704033
0.7630000 64.3656921
0.7640000 -45.6217804
0.7650000 19.9134903
0.7660000 9.3444843
0.7670000 -27.4515839
0.7680000 -13.8649416
0.7690000 -10.5484810
0.7700000 -92.6312180
0.7710000 53.7375603
0.7720000 -27.4150066
0.7730000 13.5420208
0.7740000 21.8472385
0.7750000 -6.7206650
0.7760000 48.9376907
0.7770000 -3.9711413
0.7780000 -10.3149176
0.7790000 43.6866455
0.7800000 -12.1084013
0.7810000 33.4908752
0.7820000 -5.4054732
0.7830000 26.1630840
0.7840000 26.0778599
0.7850000 -28.5080719
0.7860000 2.8158836
0.7870000 14.6534481
0.7880000 30.1741142
0.7890000 -5.4429550
0.7900000 10.7417555
0.7910000 28.5529118
0.7920000 -19.0704308
0.7930000 16.7195148
0.7940000 -22.8262863
0.7950000 20.9728756
0.7960000 19.2080536
0.7970000 29.5264378
0.7980000 -2.4752626
0.7990000 -27.6434517
0.8000000 -26.8641415
0.8010000 -11.6101494
0.8020000 -8.1723232
0.8030000 11.1915398
0.8040000 28.4198742
0.8050000 -47.7494469
0.8060000 33.9145851
0.8070000 17.2935982
0.8080000 -96.4840393
0.8090000 2.5179942
0.8100000 21.4612961
0.8110000 74.2370453
0.8120000 -94.9081573
0.8130000 35.3674126
0.8140000 4.0947223
0.8150000 -72.9378510
0.8160000 -93.6651459
0.8170000 -30.9320049
0.8180000 4.7165837
0.8190000 4.3160305
0.8200000 18.9969273
0.8210000 -21.4853878
0.8220000 -45.6576614
0.8230000 -14.3352365
0.8240000 -8.7352896
0.8250000 -4.2232337
0.8260000 -31.4127789
0.8270000 31.9511147
0.8280000 -1.2144586
0.8290000 -45.8352661
0.8300000 -17.5679741
0.8310000 11.7220125
0.8320000 -6.0414720
0.8330000 13.8600435
0.8340000 -1.3892329
0.8350000 -8.2650862
0.8360000 83.9483719
0.8370000 -73.0915756
0.8380000 -8.5245066
0.8390000 72.6223450
0.8400000 3.3044715
0.8410000 -26.8024044
0.8420000 34.9838982
0.8430000 -17.3487720
0.8440000 -12.7171412
0.8450000 -3.3858080
0.8460000 -20.9744282
0.8470000 13.2516928
0.8480000 10.6243553
0.8490000 -44.1737671
0.8500000 27.1283779
0.8510000 30.1417274
0.8520000 73.2181625
0.8530000 8.7685432
0.8540000 24.7905159
0.8550000 -10.5764437
0.8560000 -66.3398132
0.8570000 -12.8843508
0.8580000 -28.5856628
0.8590000 11.7862101
0.8600000 76.6113281
0.8610000 -10.7172422
0.8620000 -16.5360985
0.8630000 20.9521713
0.8640000 -8.2215261
0.8650000 -23.5794888
0.8660000 -40.5274353
0.8670000 63.4969025
0.8680000 -71.5563126
0.8690000 -43.8179474
0.8700000 -61.8134880
0.8710000 14.1264315
0.8720000 22.2261295
0.8730000 -18.7101994
0.8740000 36.0977631
0.8750000 36.4640007
0.8760000 9.4239130
0.8770000 -43.0656548
0.8780000 -71.4504242
0.8790000 -0.6826491
0.8800000 -24.5212421
0.8810000 -15.7742195
0.8820000 -53.0055962
0.8830000 37.1947861
0.8840000 -26.7600212
0.8850000 -12.7466850
0.8860000 -41.4931183
0.8870000 29.0168953
0.8880000 -10.5266943
0.8890000 -11.9877691
0.8900000 23.5887585
0.8910000 -1.9824094
0.8920000 -37.2933655
0.8930000 35.6892738
0.8940000 -31.2586708
0.8950000 53.5795708
0.8960000 56.6802521
0.8970000 30.0760002
0.8980000 -36.0674858
0.8990000 -43.3157387
0.9000000 37.1171188
0.9010000 55.3611641
0.9020000 -34.9152794
0.9030000 30.4269428
0.9040000 -38.6682777
0.9050000 12.5925999
0.9060000 15.5506105
0.9070000 -23.6423321
0.9080000 -11.2893286
0.9090000 39.6247978
0.9100000 -15.1508684
0.9110000 -8.2480488
0.9120000 11.1658888
0.9130000 -3.5828040
0.9140000 28.0730362
0.9150000 -41.2379684
0.9160000 22.5045109
0.9170000 -4.1451759
0.9180000 7.2015810
0.9190000 -39.6454926
0.9200000 14.8326483
0.9210000 -16.3887539
0.9220000 -4.1130357
0.9230000 -14.2328796
0.9240000 -31.1110954
0.9250000 17.6165218
0.9260000 -4.6626673
0.9270000 -16.6551800
0.9280000 24.3276386
0.9290000 3.3494217
0.9300000 17.3567314
0.9310000 25.7564068
0.9320000 26.5920258
0.9330000 -10.0803204
0.9340000 15.4766483
0.9350000 38.4209709
0.9360000 -12.5984583
0.9370000 33.3725014
0.9380000 34.6278038
0.9390000 2.3307192
0.9400000 -1.5685391
0.9410000 -12.6984835
0.9420000 81.8701248
0.9430000 22.4052258
0.9440000 -9.6464424
0.9450000 53.4074097
0.9460000 -22.8653545
0.9470000 -9.7610769
0.9480000 -25.6627941
0.9490000 -47.8818855
0.9500000 44.0059967
0.9510000 35.6231766
0.9520000 -5.8848166
0.9530000 -9.4247589
0.9540000 -7.3517280
0.9550000 -9.5872393
0.9560000 6.7785702
0.9570000 11.2267828
0.9580000 10.7867107
0.9590000 24.4681950
0.9600000 69.6510468
0.9610000 1.9031743
0.9620000 32.8627510
0.9630000 -22.1865921
0.9640000 -23.1681862
0.9650000 50.2381668
0.9660000 22.9847889
0.9670000 -23.4841785
0.9680000 -24.3290520
0.9690000 -31.6661777
0.9700000 -17.3238735
0.9710000 -0.1646503
0.9720000 -29.6518745
0.9730000 -35.9724884
0.9740000 -7.3767371
0.9750000 7.1938677
0.9760000 0.2541254
0.9770000 68.4901123
0.9780000 15.3064070
0.9790000 -63.9100914
0.9800000 56.2708397
0.9810000 3.9724391
0.9820000 16.1879406
0.9830000 52.1171875
0.9840000 50.1196136
0.9850000 -41.5261383
0.9860000 31.3187160
0.9870000 -52.1862297
0.9880000 19.3534832
0.9890000 66.8400116
0.9900000 26.0449944
0.9910000 23.4828739
0.9920000 -50.9001579
0.9930000 -16.7068272
0.9940000 -3.3571732
0.9950000 47.4186516
0.9960000 16.4504318
0.9970000 -78.9725571
0.9980000 17.2342987
0.9990000 -0.8897668
