0.0000000 -2.4427128
0.0010000 -40.4688148
0.0020000 -40.5787239
0.0030000 8.7909975
0.0040000 67.7170029
0.0050000 -14.2051849
0.0060000 -47.2960472
0.0070000 -14.8802729
0.0080000 30.3545265
0.0090000 -8.2509909
0.0100000 -15.6134510
0.0110000 -38.2664833
0.0120000 -57.3261185
0.0130000 -8.6283684
0.0140000 82.6561432
0.0150000 -43.9846115
0.0160000 -18.4701443
0.0170000 -34.9989853
0.0180000 -46.4768181
0.0190000 38.2683907
0.0200000 -12.4000273
0.0210000 -6.1110468
0.0220000 -7.1175532
0.0230000 56.9534035
0.0240000 -23.1321182
0.0250000 10.3226347
0.0260000 -46.2019119
0.0270000 15.4501429
0.0280000 -18.3113174
0.0290000 12.0272417
0.0300000 8.0596590
0.0310000 41.6040535
0.0320000 6.5320592
0.0330000 -23.0533123
0.0340000 -75.9714813
0.0350000 22.5500412
0.0360000 15.2144451
0.0370000 13.7758551
0.0380000 -34.6421967
0.0390000 -23.7398472
0.0400000 38.7754631
0.0410000 21.2425270
0.0420000 -14.5665503
0.0430000 -56.0827293
0.0440000 -20.7385368
0.0450000 -71.9800339
0.0460000 8.4597874
0.0470000 5.7040820
0.0480000 -36.9366493
0.0490000 32.2276535
0.0500000 2.0851061
0.0510000 31.8574867
0.0520000 29.0327873
0.0530000 40.6401405
0.0540000 -49.2226677
0.0550000 -0.0578119
0.0560000 -40.0399017
0.0570000 -39.8331337
0.0580000 -67.2799988
0.0590000 7.0237718
0.0600000 33.8260422
0.0610000 -12.4360352
0.0620000 -25.3489685
0.0630000 21.2505054
0.0640000 5.4455223
0.0650000 -79.7529831
0.0660000 0.1858271
0.0670000 12.9152298
0.0680000 -51.8466873
0.0690000 -26.2259884
0.0700000 61.6889305
0.0710000 -41.6569633
0.0720000 -41.5498047
0.0730000 -16.5115948
0.0740000 67.2452469
0.0750000 57.8931961
0.0760000 33.1728935
0.0770000 -2.3029838
0.0780000 73.5059052
0.0790000 0.4865211
0.0800000 -76.0883713
0.0810000 -2.7883406
0.0820000 75.0560837
0.0830000 -14.7613087
0.0840000 -19.0696888
0.0850000 -6.8243122
0.0860000 32.2913284
0.0870000 -52.3605042
0.0880000 26.3961468
0.0890000 11.3032780
0.0900000 58.7783127
0.0910000 -20.2667561
0.0920000 25.1444740
0.0930000 -51.7927246
0.0940000 -31.7649479
0.0950000 -13.0645647
0.0960000 -47.0092659
0.0970000 15.6349220
0.0980000 -60.5290794
0.0990000 20.7313995
0.1000000 36.2305450
0.1010000 59.8405342
0.1020000 67.9792480
0.1030000 -27.1272984
0.1040000 42.2620659
0.1050000 27.4610481
0.1060000 -15.5401754
0.1070000 101.2307205
0.1080000 -32.6245880
0.1090000 24.9373131
0.1100000 -29.2675419
0.1110000 -14.0562143
0.1120000 -24.7517548
0.1130000 11.9193602
0.1140000 -18.3155937
0.1150000 -15.3371601
0.1160000 -26.7148628
0.1170000 -18.2588615
0.1180000 -31.0144405
0.1190000 5.1236038
0.1200000 25.5119362
0.1210000 15.0766783
0.1220000 -78.2827377
0.1230000 -5.9919982
0.1240000 12.4112501
0.1250000 61.6410904
0.1260000 -33.3594589
0.1270000 28.5281467
0.1280000 -9.1663733
0.1290000 8.1508093
0.1300000 -7.6173177
0.1310000 31.8303242
0.1320000 2.3828905
0.1330000 -26.4570751
0.1340000 -35.9083061
0.1350000 22.7673378
0.1360000 -38.4696388
0.1370000 30.6238060
0.1380000 -0.5126340
0.1390000 1.5830303
0.1400000 16.0179195
0.1410000 -28.8693428
0.1420000 6.2802653
0.1430000 10.9422941
0.1440000 -53.1952591
0.1450000 -6.8982148
0.1460000 3.0346098
0.1470000 33.4362755
0.1480000 -2.0264516
0.1490000 36.9734573
0.1500000 17.9807339
0.1510000 56.7206764
0.1520000 1.0212489
0.1530000 13.2157164
0.1540000 -9.6276178
0.1550000 -0.4196719
0.1560000 9.4862118
0.1570000 2.1094329
0.1580000 -64.0047379
0.1590000 12.1770325
0.1600000 -35.9601822
0.1610000 13.4413614
0.1620000 -73.6001358
0.1630000 3.3263545
0.1640000 41.5452576
0.1650000 53.3812637
0.1660000 -34.6728363
0.1670000 -46.3804626
0.1680000 23.9011402
0.1690000 13.6275425
0.1700000 20.1180305
0.1710000 -34.7999992
0.1720000 41.8831406
0.1730000 9.7001143
0.1740000 4.6869450
0.1750000 4.7658644
0.1760000 31.0670872
0.1770000 8.4538860
0.1780000 -32.0488815
0.1790000 0.8287333
0.1800000 -34.5517960
0.1810000 26.9175644
0.1820000 59.8630753
0.1830000 -33.9327316
0.1840000 -6.2869554
0.1850000 -16.9744606
0.1860000 -10.1871834
0.1870000 38.3482628
0.1880000 -7.5963874
0.1890000 -23.4702129
0.1900000 -20.3793736
0.1910000 5.0122762
0.1920000 -5.6723752
0.1930000 3.5741215
0.1940000 -7.4365668
0.1950000 -33.3371010
0.1960000 -47.5512238
0.1970000 38.3986053
0.1980000 18.7113552
0.1990000 18.3981762
0.2000000 23.4544716
0.2010000 27.6576881
0.2020000 -3.8342996
0.2030000 -28.9463902
0.2040000 -19.5811062
0.2050000 21.1808205
0.2060000 -3.9173591
0.2070000 14.2381706
0.2080000 -4.4462819
0.2090000 9.0780239
0.2100000 7.7930651
0.2110000 -0.4709938
0.2120000 4.2587357
0.2130000 55.3348618
0.2140000 25.0815086
0.2150000 22.5732937
0.2160000 3.4906855
0.2170000 -2.6302707
0.2180000 47.2175560
0.2190000 -30.4595242
0.2200000 1.1223700
0.2210000 -18.0163116
0.2220000 20.8259869
0.2230000 4.4472017
0.2240000 -28.1072884
0.2250000 -32.4266548
0.2260000 41.7342949
0.2270000 -21.4784355
0.2280000 -49.4564438
0.2290000 44.8905487
0.2300000 -26.2353554
0.2310000 42.0449181
0.2320000 43.0988731
0.2330000 17.1551437
0.2340000 42.0242195
0.2350000 -39.0431137
0.2360000 -19.9618797
0.2370000 4.6565008
0.2380000 -27.5803032
0.2390000 2.5928795
0.2400000 -11.8248863
0.2410000 19.8435669
0.2420000 15.2069826
0.2430000 -5.6739287
0.2440000 17.1903000
0.2450000 -7.0569820
0.2460000 7.7471728
0.2470000 31.2886600
0.2480000 28.9224701
0.2490000 -69.9136353
0.2500000 -9.6158791
0.2510000 -5.4657331
0.2520000 0.2328511
0.2530000 5.0471339
0.2540000 -51.0428810
0.2550000 -46.3675613
0.2560000 32.7395477
0.2570000 64.3784180
0.2580000 11.5375528
0.2590000 34.4298744
0.2600000 42.7234116
0.2610000 -37.2663498
0.2620000 -46.2463989
0.2630000 -16.3007221
0.2640000 56.4446182
0.2650000 -17.3378677
0.2660000 -15.8070812
0.2670000 8.5357876
0.2680000 -16.0513706
0.2690000 -16.9679050
0.2700000 7.6489096
0.2710000 47.0530052
0.2720000 16.8104324
0.2730000 22.3935528
0.2740000 42.0266037
0.2750000 -72.1828079
0.2760000 15.4868698
0.2770000 -48.3294754
0.2780000 -56.7673187
0.2790000 -10.9600353
0.2800000 7.4240909
0.2810000 -11.0049362
0.2820000 34.1597748
0.2830000 33.7592468
0.2840000 70.0446014
0.2850000 3.0142419
0.2860000 -1.7664703
0.2870000 -15.7823439
0.2880000 21.5240517
0.2890000 29.3587818
0.2900000 -8.5850334
0.2910000 3.8083103
0.2920000 30.9240818
0.2930000 -0.2226584
0.2940000 12.6604328
0.2950000 -17.1016197
0.2960000 23.3564854
0.2970000 22.0789680
0.2980000 8.1068325
0.2990000 -29.6354847
0.3000000 -46.5926628
0.3010000 95.9326019
0.3020000 -28.1348476
0.3030000 23.2213650
0.3040000 -17.4474392
0.3050000 -42.9887276
0.3060000 -46.0548744
0.3070000 44.0918808
0.3080000 -27.3764915
0.3090000 -1.7710075
0.3100000 16.6097565
0.3110000 60.2069054
0.3120000 -18.7106667
0.3130000 -44.2625351
0.3140000 22.5768871
0.3150000 0.7397168
0.3160000 57.1072845
0.3170000 31.1394653
0.3180000 -29.5420475
0.3190000 2.9430974
0.3200000 -14.4821424
0.3210000 27.5346756
0.3220000 12.6395712
0.3230000 26.3580914
0.3240000 5.5682316
0.3250000 18.0348835
0.3260000 21.7676964
0.3270000 -0.8203126
0.3280000 38.2355118
0.3290000 26.8311443
0.3300000 18.7325249
0.3310000 2.1552520
0.3320000 0.6145644
0.3330000 -23.0006828
0.3340000 -1.8490299
0.3350000 7.4944148
0.3360000 60.1313896
0.3370000 -32.6762314
0.3380000 17.7822208
0.3390000 -0.1372655
0.3400000 29.3052082
0.3410000 11.7708158
0.3420000 25.9238071
0.3430000 24.9470139
0.3440000 -18.2516556
0.3450000 -53.7821274
0.3460000 -7.1578984
0.3470000 16.1667557
0.3480000 44.9742088
0.3490000 10.5737963
0.3500000 -36.3852539
0.3510000 13.2943783
0.3520000 10.3651571
0.3530000 89.0726318
0.3540000 19.7597065
0.3550000 21.8476734
0.3560000 -27.1851578
0.3570000 5.3682790
0.3580000 -12.9417973
0.3590000 23.2131729
0.3600000 -21.6647720
0.3610000 -62.8469505
0.3620000 67.8016281
0.3630000 34.9966469
0.3640000 5.6552348
0.3650000 27.9472160
0.3660000 -35.9431152
0.3670000 0.3447636
0.3680000 -38.5572929
0.3690000 23.5083389
0.3700000 -30.5418396
0.3710000 -20.4781742
0.3720000 -6.3810797
0.3730000 28.8616295
0.3740000 3.2206476
0.3750000 16.7463818
0.3760000 -31.4164562
0.3770000 -3.5582609
0.3780000 -21.9952908
0.3790000 50.6811218
0.3800000 14.6294174
0.3810000 -23.2610588
0.3820000 -4.0598402
0.3830000 -41.9843636
0.3840000 12.8908377
0.3850000 31.3149395
0.3860000 0.2961112
0.3870000 -63.8583832
0.3880000 23.4854946
0.3890000 -55.9928093
0.3900000 -23.3342094
0.3910000 -5.9290261
0.3920000 30.2914505
0.3930000 18.1269283
0.3940000 31.7582169
0.3950000 -6.2205553
0.3960000 -28.6802788
0.3970000 -13.3750811
0.3980000 -33.6798820
0.3990000 17.7762737
0.4000000 -39.8660126
0.4010000 -12.4011211
0.4020000 -26.5373859
0.4030000 30.6699753
0.4040000 -31.7630939
0.4050000 -0.6007745
0.4060000 46.5194855
0.4070000 -14.0661011
0.4080000 19.5058002
0.4090000 -18.3782272
0.4100000 -7.9021993
0.4110000 16.5964508
0.4120000 -41.0732002
0.4130000 42.0925751
0.4140000 28.9490242
0.4150000 42.4870300
0.4160000 -9.3859682
0.4170000 -81.4911804
0.4180000 -19.9614220
0.4190000 27.3515587
0.4200000 -16.7691841
0.4210000 17.2385979
0.4220000 -26.9156265
0.4230000 -7.0064855
0.4240000 45.6205139
0.4250000 5.1099067
0.4260000 -13.9224091
0.4270000 -4.8536940
0.4280000 -5.9314241
0.4290000 -10.8476200
0.4300000 -8.2889233
0.4310000 -3.7209737
0.4320000 8.3379087
0.4330000 -16.9703827
0.4340000 37.1057014
0.4350000 30.8687649
0.4360000 -35.5593605
0.4370000 16.3868656
0.4380000 -22.2174168
0.4390000 -4.7697725
0.4400000 60.4242249
0.4410000 49.1726036
0.4420000 21.0692120
0.4430000 15.8205070
0.4440000 -33.0093460
0.4450000 35.7709999
0.4460000 -57.7207680
0.4470000 12.7682095
0.4480000 -24.7005444
0.4490000 65.4711838
0.4500000 24.5660038
0.4510000 -32.0437927
0.4520000 16.9455891
0.4530000 -33.0047455
0.4540000 5.8385725
0.4550000 -3.8058517
0.4560000 -50.4227753
0.4570000 63.3608284
0.4580000 -34.9568748
0.4590000 24.2099514
0.4600000 -1.6927617
0.4610000 -39.0871391
0.4620000 -41.9776192
0.4630000 10.8058052
0.4640000 23.4835701
0.4650000 50.0827179
0.4660000 20.9232292
0.4670000 10.7391148
0.4680000 13.1077766
0.4690000 49.2697220
0.4700000 40.5722771
0.4710000 -7.0482669
0.4720000 45.4970970
0.4730000 -4.5622387
0.4740000 62.4220123
0.4750000 8.2438068
0.4760000 12.0166550
0.4770000 -9.4899397
0.4780000 35.1354713
0.4790000 61.4376373
0.4800000 19.2813549
0.4810000 48.8598595
0.4820000 -4.8439441
0.4830000 10.7149916
0.4840000 -27.0692673
0.4850000 15.2449160
0.4860000 -37.1449051
0.4870000 -31.0112991
0.4880000 -30.5193348
0.4890000 46.5802841
0.4900000 -3.5761325
0.4910000 8.8457346
0.4920000 -5.9700303
0.4930000 14.3874674
0.4940000 -48.0843964
0.4950000 2.4215217
0.4960000 -12.9921465
0.4970000 -27.7048512
0.4980000 7.1843777
0.4990000 57.9989471
0.5000000 3.8376677
0.5010000 -2.7000031
0.5020000 -43.8823242
0.5030000 -8.8064976
0.5040000 68.0184326
0.5050000 70.5979462
0.5060000 -17.6541615
0.5070000 26.3666992
0.5080000 -23.5733585
0.5090000 -7.2093472
0.5100000 -18.3965969
0.5110000 -2.9914401
0.5120000 -35.3009529
0.5130000 -3.4446907
0.5140000 -44.4899330
0.5150000 46.6318054
0.5160000 -25.1725559
0.5170000 -3.0480149
0.5180000 23.6038761
0.5190000 -10.3542557
0.5200000 15.8223057
0.5210000 68.4646530
0.5220000 -32.2716484
0.5230000 -7.7427020
0.5240000 -69.2650986
0.5250000 -32.3457146
0.5260000 -42.1458473
0.5270000 25.9009743
0.5280000 10.2902718
0.5290000 20.9732208
0.5300000 28.8614330
0.5310000 9.1903896
0.5320000 99.3665543
0.5330000 -4.8870988
0.5340000 -56.8178749
0.5350000 -4.8156171
0.5360000 -40.8633003
0.5370000 2.5910239
0.5380000 11.7376947
0.5390000 28.2919941
0.5400000 71.6707687
0.5410000 55.3618546
0.5420000 1.5617535
0.5430000 2.4382231
0.5440000 37.7846146
0.5450000 56.7906570
0.5460000 -4.4113932
0.5470000 38.2527351
0.5480000 -8.3917427
0.5490000 78.7038879
0.5500000 -29.4914150
0.5510000 27.7971096
0.5520000 35.7425995
0.5530000 -25.8465977
0.5540000 1.0183586
0.5550000 -4.5405393
0.5560000 -17.1779976
0.5570000 54.6264687
0.5580000 32.4297485
0.5590000 -51.9798317
0.5600000 11.7800913
0.5610000 42.9292145
0.5620000 -21.9974384
0.5630000 -65.6303177
0.5640000 -36.6989708
0.5650000 16.2364235
0.5660000 9.1436167
0.5670000 -51.1004829
0.5680000 -21.8542519
0.5690000 -15.5029879
0.5700000 60.5309563
0.5710000 21.4387627
0.5720000 64.6820145
0.5730000 14.4185352
0.5740000 -11.4448729
0.5750000 8.1579056
0.5760000 -0.1373761
0.5770000 -103.9116821
0.5780000 -21.9178467
0.5790000 61.3518066
0.5800000 -32.9002876
0.5810000 -53.4321480
0.5820000 8.5355663
0.5830000 38.6347084
0.5840000 -71.5156784
0.5850000 -41.5436592
0.5860000 28.8373375
0.5870000 45.9826431
0.5880000 40.6009102
0.5890000 19.6032887
0.5900000 35.6066933
0.5910000 -15.6397924
0.5920000 59.3829346
0.5930000 11.5000076
0.5940000 -8.2410278
0.5950000 42.2976227
0.5960000 -0.5439184
0.5970000 42.4924469
0.5980000 -49.4261284
0.5990000 -44.2413216
0.6000000 -31.7594032
0.6010000 39.6094360
0.6020000 -7.8880835
0.6030000 -6.0092373
0.6040000 -8.0540466
0.6050000 -26.9504967
0.6060000 -35.8675690
0.6070000 4.3435273
0.6080000 -42.4515343
0.6090000 -32.9018097
0.6100000 69.9664993
0.6110000 -0.2078185
0.6120000 21.6459293
0.6130000 -0.8831987
0.6140000 -13.9353256
0.6150000 2.5145710
0.6160000 -50.5029449
0.6170000 36.2992706
0.6180000 1.3431906
0.6190000 26.7392159
0.6200000 76.2270660
0.6210000 5.4438529
0.6220000 62.6703873
0.6230000 -21.3868122
0.6240000 -11.4771624
0.6250000 -14.4996405
0.6260000 25.4487457
0.6270000 0.0371966
0.6280000 -14.5665417
0.6290000 17.2160416
0.6300000 10.8018475
0.6310000 -41.0926819
0.6320000 41.5587616
0.6330000 11.1004286
0.6340000 -16.2477856
0.6350000 60.0146751
0.6360000 6.3248863
0.6370000 -1.4941615
0.6380000 -37.7975044
0.6390000 -6.9688954
0.6400000 -49.0727654
0.6410000 67.0417099
0.6420000 13.9509287
0.6430000 -23.3523407
0.6440000 -20.7683144
0.6450000 12.2573481
0.6460000 1.2301426
0.6470000 47.3030319
0.6480000 58.5759850
0.6490000 -2.0770819
0.6500000 -26.4533939
0.6510000 1.3493638
0.6520000 0.8477166
0.6530000 -57.4733315
0.6540000 -22.3320599
0.6550000 4.4778080
0.6560000 -53.7356148
0.6570000 -19.9795933
0.6580000 -13.3219633
0.6590000 15.7617397
0.6600000 -7.6960754
0.6610000 -24.7142601
0.6620000 -56.3201714
0.6630000 30.6274719
0.6640000 -23.7245026
0.6650000 -8.4148998
0.6660000 20.2154121
0.6670000 -74.2320480
0.6680000 38.7260475
0.6690000 -40.2780266
0.6700000 -73.7618713
0.6710000 -28.1731472
0.6720000 -51.8565979
0.6730000 -21.4825535
0.6740000 9.0049238
0.6750000 79.4030380
0.6760000 53.8747101
0.6770000 -12.6382551
0.6780000 20.2139206
0.6790000 -39.6594086
0.6800000 60.2949905
0.6810000 -16.1238365
0.6820000 6.0765653
0.6830000 51.2174416
0.6840000 -11.7623158
0.6850000 -9.1401920
0.6860000 6.5348015
0.6870000 -49.4254837
0.6880000 -32.5459557
0.6890000 -26.8192978
0.6900000 51.4084015
0.6910000 -4.0397592
0.6920000 -32.1277161
0.6930000 -19.3311272
0.6940000 20.2267933
0.6950000 -11.9398966
0.6960000 4.0979929
0.6970000 38.4917526
0.6980000 -34.5453262
0.6990000 38.2055626
0.7000000 -1.7686902
0.7010000 -12.4711742
0.7020000 -2.0064356
0.7030000 -22.6093216
0.7040000 41.9041443
0.7050000 -12.5854034
0.7060000 -62.8263092
0.7070000 -20.4311371
0.7080000 78.2842026
0.7090000 -3.7358897
0.7100000 -41.9816895
0.7110000 11.8251781
0.7120000 -23.2574291
0.7130000 15.3920422
0.7140000 -2.4288936
0.7150000 -1.4441642
0.7160000 50.3675194
0.7170000 -3.4112761
0.7180000 -13.6000366
0.7190000 -17.8807640
0.7200000 -18.2663994
0.7210000 19.3313122
0.7220000 -59.4782677
0.7230000 9.9550991
0.7240000 -15.6691895
0.7250000 -54.8669739
0.7260000 -21.6682835
0.7270000 16.5788040
0.7280000 -12.8678646
0.7290000 -34.7085495
0.7300000 27.1017895
0.7310000 13.8160648
0.7320000 15.6503172
0.7330000 20.9807377
0.7340000 18.3341694
0.7350000 -21.6772633
0.7360000 4.6783762
0.7370000 -44.6613655
0.7380000 26.5658703
0.7390000 27.4862423
0.7400000 2.1237063
0.7410000 -28.1152077
0.7420000 28.9692860
0.7430000 14.3825550
0.7440000 -50.5456505
0.7450000 7.2608924
0.7460000 20.1256618
0.7470000 -43.6953621
0.7480000 -22.3881512
0.7490000 13.0504341
0.7500000 -32.2341805
0.7510000 116.9448013
0.7520000 32.1723747
0.7530000 25.8761959
0.7540000 -55.4357834
0.7550000 -30.6136742
0.7560000 39.3308296
0.7570000 67.8739090
0.7580000 21.7143383
0.7590000 -15.2969275
0.7600000 -15.1643124
0.7610000 11.1636829
0.7620000 13.2378073
0.7630000 14.8048677
0.7640000 -17.7672005
0.7650000 29.5445480
0.7660000 7.4212389
0.7670000 57.8906364
0.7680000 -31.3744602
0.7690000 12.2448215
0.7700000 -33.5900726
0.7710000 -28.5840549
0.7720000 8.7557364
0.7730000 9.8056164
0.7740000 -58.5316505
0.7750000 -32.8260956
0.7760000 -47.3919449
0.7770000 -16.1643200
0.7780000 26.5279217
0.7790000 35.3986855
0.7800000 -8.3487329
0.7810000 52.0628166
0.7820000 46.4186249
0.7830000 1.6406170
0.7840000 -15.3562412
0.7850000 17.3382282
0.7860000 -25.8324795
0.7870000 32.3640175
0.7880000 -48.4371719
0.7890000 47.7265091
0.7900000 67.8646240
0.7910000 58.1122704
0.7920000 -37.2836723
0.7930000 -71.9381027
0.7940000 -33.7833405
0.7950000 -37.0924530
0.7960000 34.0380630
0.7970000 -48.3267097
0.7980000 29.0429153
0.7990000 -57.8641930
0.8000000 -42.0591087
0.8010000 18.7510910
0.8020000 -21.1157570
0.8030000 3.8963270
0.8040000 -17.4613304
0.8050000 -0.3889830
0.8060000 2.4943635
0.8070000 59.4095535
0.8080000 25.9364758
0.8090000 -38.1156044
0.8100000 -63.2232094
0.8110000 -20.4462166
0.8120000 -27.3838539
0.8130000 70.9954681
0.8140000 28.5920105
0.8150000 -69.8345184
0.8160000 -12.7591476
0.8170000 -6.7085104
0.8180000 56.7962112
0.8190000 11.3270597
0.8200000 4.6222863
0.8210000 17.3899040
0.8220000 -11.5700388
0.8230000 -9.8909111
0.8240000 -8.4425163
0.8250000 -7.7496972
0.8260000 34.7566910
0.8270000 -2.5676579
0.8280000 -4.1894855
0.8290000 32.3924332
0.8300000 14.1497259
0.8310000 -5.7606878
0.8320000 -37.2741814
0.8330000 30.8692570
0.8340000 25.8326931
0.8350000 49.7249870
0.8360000 -44.0980759
0.8370000 59.5868797
0.8380000 22.8695621
0.8390000 -45.2013626
0.8400000 -20.4774246
0.8410000 31.0432339
0.8420000 5.8311090
0.8430000 -8.8868675
0.8440000 35.7233696
0.8450000 -20.2421112
0.8460000 47.4536781
0.8470000 40.4189758
0.8480000 -54.1265869
0.8490000 24.5554276
0.8500000 -14.5552540
0.8510000 42.8281593
0.8520000 9.5152225
0.8530000 33.0653839
0.8540000 -25.4813404
0.8550000 -25.9052830
0.8560000 30.1061077
0.8570000 19.4232464
0.8580000 -9.2306414
0.8590000 39.4124260
0.8600000 12.9622879
0.8610000 5.6173992
0.8620000 36.2345238
0.8630000 -14.6671772
0.8640000 34.4819183
0.8650000 18.9400330
0.8660000 -13.4107246
0.8670000 42.5906334
0.8680000 0.8146231
0.8690000 22.7350368
0.8700000 75.4260483
0.8710000 -39.4053841
0.8720000 3.9906795
0.8730000 28.8084145
0.8740000 -43.6989288
0.8750000 -13.4756813
0.8760000 7.9932857
0.8770000 23.2404404
0.8780000 12.1626749
0.8790000 -31.8521194
0.8800000 2.2511437
0.8810000 -19.7154865
0.8820000 48.0419426
0.8830000 -56.0374413
0.8840000 9.9788542
0.8850000 48.1837502
0.8860000 -37.9115715
0.8870000 14.7351122
0.8880000 9.0814495
0.8890000 -28.5090122
0.8900000 17.7250080
0.8910000 -22.3644333
0.8920000 59.9255219
0.8930000 -47.2816734
0.8940000 -40.0457077
0.8950000 28.1487408
0.8960000 -29.0410061
0.8970000 50.8039207
0.8980000 20.6396217
0.8990000 52.1058426
0.9000000 -21.8033581
0.9010000 -20.2305698
0.9020000 71.7017365
0.9030000 -19.8824348
0.9040000 11.6067410
0.9050000 -13.3795004
0.9060000 0.2440820
0.9070000 16.1782761
0.9080000 -23.9065018
0.9090000 -12.5397367
0.9100000 -53.3201981
0.9110000 5.5236650
0.9120000 -9.2213354
0.9130000 -5.2400293
0.9140000 52.2903748
0.9150000 22.0083656
0.9160000 36.5906181
0.9170000 -10.6785450
0.9180000 -32.8347015
0.9190000 -12.2796726
0.9200000 -3.9448967
0.9210000 14.9488773
0.9220000 28.9791508
0.9230000 25.4334335
0.9240000 -35.2195625
0.9250000 -63.7770119
0.9260000 -19.0658817
0.9270000 -29.1610622
0.9280000 42.0004921
0.9290000 -29.5717125
0.9300000 4.3281417
0.9310000 -28.5508194
0.9320000 -5.5491819
0.9330000 32.9548721
0.9340000 8.8019457
0.9350000 -14.1041470
0.9360000 -20.1221466
0.9370000 -97.0286407
0.9380000 -12.8918114
0.9390000 -50.4817123
0.9400000 -29.6830025
0.9410000 33.7280846
0.9420000 -13.1365318
0.9430000 -65.7938538
0.9440000 -69.9716263
0.9450000 13.5379419
0.9460000 -46.9263954
0.9470000 32.6757164
0.9480000 -45.5616951
0.9490000 52.9443665
0.9500000 2.3478162
0.9510000 -54.0359001
0.9520000 33.9141846
0.9530000 -3.8693247
0.9540000 14.7120152
0.9550000 33.4175758
0.9560000 -20.7089233
0.9570000 19.2111187
0.9580000 -17.4761181
0.9590000 -53.6260605
0.9600000 9.8009548
0.9610000 41.5759277
0.9620000 -12.5252495
0.9630000 14.4523211
0.9640000 -73.7348099
0.9650000 8.4977846
0.9660000 43.1113167
0.9670000 -37.0023727
0.9680000 23.0653496
0.9690000 54.4636879
0.9700000 43.3613129
0.9710000 60.4115410
0.9720000 32.4573746
0.9730000 0.4500645
0.9740000 15.6956978
0.9750000 22.5483513
0.9760000 -29.2972507
0.9770000 -37.7941589
0.9780000 72.2191010
0.9790000 2.6637330
0.9800000 -27.2766190
0.9810000 25.8694878
0.9820000 59.2709808
0.9830000 -24.4081936
0.9840000 -48.2345772
0.9850000 0.4089122
0.9860000 30.9912910
0.9870000 0.5119122
0.9880000 1.2666961
0.9890000 -66.2926636
0.9900000 47.2925873
0.9910000 -25.6135540
0.9920000 -45.0090408
0.9930000 0.8220487
0.9940000 -0.0112521
0.9950000 -31.2385349
0.9960000 -15.2541933
0.9970000 -10.4211359
0.9980000 -24.4694881
0.9990000 9.3349161
