0.0000000 10.0262299
0.0010000 18.4711990
0.0020000 -9.8170404
0.0030000 -12.2240467
0.0040000 6.0769577
0.0050000 19.7371178
0.0060000 19.6085587
0.0070000 3.5567842
0.0080000 -22.7426643
0.0090000 10.3376598
0.0100000 3.4845669
0.0110000 80.8506088
0.0120000 -54.9054031
0.0130000 53.6412697
0.0140000 -61.7544518
0.0150000 17.1675301
0.0160000 -18.9718342
0.0170000 5.2477551
0.0180000 -15.3216162
0.0190000 39.3068428
0.0200000 -17.3392467
0.0210000 -35.2201385
0.0220000 -8.7043190
0.0230000 34.9772301
0.0240000 -60.5499153
0.0250000 -29.9640007
0.0260000 -17.0547237
0.0270000 -13.6570253
0.0280000 -34.1554451
0.0290000 36.6166649
0.0300000 82.2451019
0.0310000 -45.7534065
0.0320000 11.5304089
0.0330000 75.0709610
0.0340000 -35.4036026
0.0350000 14.6978483
0.0360000 -47.1595802
0.0370000 -7.8954515
0.0380000 15.7516193
0.0390000 -2.2517021
0.0400000 -35.9584160
0.0410000 -2.9354730
0.0420000 -30.1920052
0.0430000 -30.9424782
0.0440000 3.7698438
0.0450000 -9.7405138
0.0460000 26.4114952
0.0470000 -4.5227804
0.0480000 8.9568777
0.0490000 -9.5559340
0.0500000 42.7244720
0.0510000 -52.5757217
0.0520000 -73.0807648
0.0530000 -29.9594631
0.0540000 -71.1671677
0.0550000 8.9450407
0.0560000 -23.5948639
0.0570000 -5.0590153
0.0580000 -34.8685760
0.0590000 -24.6403866
0.0600000 56.8032799
0.0610000 -54.5040855
0.0620000 -21.4390068
0.0630000 11.5491943
0.0640000 -26.3422222
0.0650000 25.8609486
0.0660000 6.7442770
0.0670000 27.8080215
0.0680000 29.8511162
0.0690000 -16.2327156
0.0700000 -4.4536448
0.0710000 -12.8051090
0.0720000 6.2851605
0.0730000 38.6459389
0.0740000 15.1246367
0.0750000 87.7477493
0.0760000 18.8116055
0.0770000 3.7416177
0.0780000 16.2510700
0.0790000 31.3957977
0.0800000 38.0669899
0.0810000 32.6171570
0.0820000 38.0641022
0.0830000 -29.5766430
0.0840000 11.1418228
0.0850000 20.1108055
0.0860000 37.3852959
0.0870000 0.3136058
0.0880000 -15.2682667
0.0890000 58.3635521
0.0900000 -5.0362301
0.0910000 0.2643047
0.0920000 7.3667173
0.0930000 -22.1368198
0.0940000 67.9765625
0.0950000 33.8222733
0.0960000 -37.2670822
0.0970000 -42.0044746
0.0980000 -61.3245010
0.0990000 -34.4889832
0.1000000 17.4292240
0.1010000 -32.2002144
0.1020000 16.4228191
0.1030000 23.1904583
0.1040000 20.0475998
0.1050000 -40.3546371
0.1060000 -88.3629303
0.1070000 30.7442226
0.1080000 -16.1673450
0.1090000 36.2689095
0.1100000 9.5321083
0.1110000 15.8799629
0.1120000 -7.1536551
0.1130000 39.7537041
0.1140000 12.1506758
0.1150000 67.8576965
0.1160000 11.2743225
0.1170000 46.7896233
0.1180000 56.4346352
0.1190000 21.2158813
0.1200000 27.5157261
0.1210000 -42.0966873
0.1220000 30.1147556
0.1230000 38.5771523
0.1240000 -24.5649090
0.1250000 80.8218155
0.1260000 48.9779243
0.1270000 13.9801722
0.1280000 1.3047438
0.1290000 -40.3382645
0.1300000 -34.7887955
0.1310000 34.4620171
0.1320000 -15.7607279
0.1330000 19.0485878
0.1340000 -6.9169822
0.1350000 -21.2586994
0.1360000 -52.4398422
0.1370000 -51.0310478
0.1380000 50.9386749
0.1390000 -11.6371603
0.1400000 81.1606140
0.1410000 -82.1660004
0.1420000 -79.2225418
0.1430000 1.4495182
0.1440000 7.5113521
0.1450000 -13.8378487
0.1460000 10.0276489
0.1470000 76.9568329
0.1480000 10.1006060
0.1490000 -25.8114452
0.1500000 -33.2729568
0.1510000 20.4346409
0.1520000 -21.8047562
0.1530000 -30.2045975
0.1540000 -19.6477280
0.1550000 -2.5830686
0.1560000 36.4140472
0.1570000 -29.4956627
0.1580000 14.4745789
0.1590000 39.2555389
0.1600000 55.7407417
0.1610000 23.3281708
0.1620000 30.6011925
0.1630000 39.8666763
0.1640000 6.1821842
0.1650000 -40.5297508
0.1660000 -33.9688873
0.1670000 -19.0725479
0.1680000 40.9922523
0.1690000 2.8493137
0.1700000 -6.3491755
0.1710000 40.7565575
0.1720000 21.5117702
0.1730000 50.0326347
0.1740000 -30.6509800
0.1750000 24.0477428
0.1760000 16.3207436
0.1770000 50.3117256
0.1780000 -5.5744104
0.1790000 -31.6489487
0.1800000 6.9736471
0.1810000 -39.2318878
0.1820000 20.5382347
0.1830000 -29.3770370
0.1840000 13.4601803
0.1850000 -12.8638058
0.1860000 -4.2499413
0.1870000 -45.9844589
0.1880000 52.2030373
0.1890000 -25.5815468
0.1900000 -4.2571983
0.1910000 28.4071503
0.1920000 17.4856319
0.1930000 66.2482986
0.1940000 45.2429161
0.1950000 -29.2326260
0.1960000 13.6066246
0.1970000 31.7213917
0.1980000 -7.1575241
0.1990000 67.0734482
0.2000000 9.7945204
0.2010000 -15.7104940
0.2020000 -43.1895065
0.2030000 43.2958260
0.2040000 36.1473618
0.2050000 -52.8838196
0.2060000 1.5777789
0.2070000 -57.9210663
0.2080000 -8.4937162
0.2090000 -0.0277042
0.2100000 -52.9404755
0.2110000 36.0353622
0.2120000 4.6716423
0.2130000 -28.4754810
0.2140000 -68.1294861
0.2150000 -69.5009613
0.2160000 38.7813187
0.2170000 -14.6308231
0.2180000 6.6684732
0.2190000 14.6172819
0.2200000 31.7603092
0.2210000 -45.8086319
0.2220000 19.5165176
0.2230000 -13.7738953
0.2240000 -56.3621254
0.2250000 53.7343102
0.2260000 -56.4783669
0.2270000 -16.7206173
0.2280000 -27.8648357
0.2290000 8.5060940
0.2300000 -13.6542416
0.2310000 -29.7977009
0.2320000 3.2253942
0.2330000 3.4555945
0.2340000 24.8118210
0.2350000 22.8806362
0.2360000 -29.7141380
0.2370000 -13.9607410
0.2380000 2.7613318
0.2390000 -16.9176044
0.2400000 4.1715150
0.2410000 26.8634529
0.2420000 11.5662174
0.2430000 -26.2867851
0.2440000 6.1226196
0.2450000 -43.1553116
0.2460000 -2.9248397
0.2470000 35.9256821
0.2480000 -46.5147018
0.2490000 0.1940843
0.2500000 13.2045107
0.2510000 -20.1171513
0.2520000 23.5495224
0.2530000 34.9906158
0.2540000 -2.8631589
0.2550000 -13.4680014
0.2560000 46.4683838
0.2570000 63.3011665
0.2580000 21.5136986
0.2590000 13.0044832
0.2600000 -47.6387787
0.2610000 14.5352831
0.2620000 1.6111304
0.2630000 -52.9898376
0.2640000 -8.3712683
0.2650000 15.6393995
0.2660000 -41.8732300
0.2670000 -11.0906487
0.2680000 30.0805435
0.2690000 -58.1101112
0.2700000 -39.0307503
0.2710000 -62.3549767
0.2720000 100.5901642
0.2730000 56.0959206
0.2740000 -88.9297028
0.2750000 41.5052109
0.2760000 52.5110626
0.2770000 30.2245541
0.2780000 44.5449104
0.2790000 11.7914009
0.2800000 53.7993698
0.2810000 -1.5648193
0.2820000 53.7208939
0.2830000 20.2038231
0.2840000 10.0052900
0.2850000 -3.7717266
0.2860000 -81.6749268
0.2870000 -57.9405479
0.2880000 8.8258438
0.2890000 32.4686203
0.2900000 21.1714382
0.2910000 28.5332279
0.2920000 11.7016287
0.2930000 -73.1281357
0.2940000 7.5832520
0.2950000 34.4807663
0.2960000 4.9765654
0.2970000 -2.6922140
0.2980000 71.5833511
0.2990000 15.6892395
0.3000000 20.5718155
0.3010000 -4.1081114
0.3020000 3.0067093
0.3030000 -30.6730328
0.3040000 1.0190722
0.3050000 19.2822857
0.3060000 9.4427776
0.3070000 -44.9356194
0.3080000 21.6221676
0.3090000 35.0659332
0.3100000 47.1393852
0.3110000 22.9197388
0.3120000 -13.9750595
0.3130000 22.3984661
0.3140000 3.3263445
0.3150000 50.1762199
0.3160000 -17.1130695
0.3170000 -0.5623305
0.3180000 -74.9083710
0.3190000 -20.4122066
0.3200000 19.9881840
0.3210000 -30.6934719
0.3220000 -32.2164726
0.3230000 -16.6619911
0.3240000 -13.2402239
0.3250000 17.6921768
0.3260000 89.8187790
0.3270000 8.7464094
0.3280000 28.3529167
0.3290000 -35.8921776
0.3300000 -62.4957848
0.3310000 18.3150272
0.3320000 11.1034307
0.3330000 11.7013350
0.3340000 -27.6897964
0.3350000 6.1432633
0.3360000 -12.8777819
0.3370000 34.3673973
0.3380000 27.5567055
0.3390000 -76.2807693
0.3400000 9.3414383
0.3410000 39.1973877
0.3420000 -62.8355827
0.3430000 7.1152239
0.3440000 -31.0129414
0.3450000 -32.5307808
0.3460000 -21.9128838
0.3470000 32.7628975
0.3480000 28.7210522
0.3490000 -28.4714069
0.3500000 50.0291977
0.3510000 5.8986921
0.3520000 -44.7762756
0.3530000 1.6188351
0.3540000 -12.8038921
0.3550000 22.0268631
0.3560000 38.5796356
0.3570000 -12.6190386
0.3580000 7.5815253
0.3590000 -41.2200089
0.3600000 5.1651163
0.3610000 13.6770849
0.3620000 19.1912117
0.3630000 19.4878178
0.3640000 -4.9743404
0.3650000 69.0841370
0.3660000 -34.9241562
0.3670000 -8.2570715
0.3680000 32.4894638
0.3690000 -43.3408623
0.3700000 -12.4188623
0.3710000 10.8442907
0.3720000 -24.3230076
0.3730000 54.1991997
0.3740000 -23.9002514
0.3750000 22.3620720
0.3760000 69.0534058
0.3770000 -2.4856002
0.3780000 -40.5990753
0.3790000 2.3194492
0.3800000 -85.8340607
0.3810000 -26.6084881
0.3820000 -20.9373684
0.3830000 -54.3556213
0.3840000 -9.5746679
0.3850000 -47.4144936
0.3860000 0.7690927
0.3870000 -40.9453964
0.3880000 26.8452034
0.3890000 -35.7179947
0.3900000 0.3770882
0.3910000 8.3974390
0.3920000 12.5661211
0.3930000 59.9086418
0.3940000 -39.4643097
0.3950000 49.8100166
0.3960000 -20.9101830
0.3970000 -0.1934880
0.3980000 -21.8635368
0.3990000 20.3138256
0.4000000 -27.3342838
0.4010000 68.7139664
0.4020000 78.4741058
0.4030000 -1.6189649
0.4040000 -24.7903900
0.4050000 -17.1716099
0.4060000 -1.6920877
0.4070000 24.0444202
0.4080000 -29.2934189
0.4090000 -65.6933823
0.4100000 -4.5492368
0.4110000 10.9202824
0.4120000 -4.3426719
0.4130000 -25.4190865
0.4140000 -40.1190758
0.4150000 11.9347181
0.4160000 30.5999432
0.4170000 28.7140369
0.4180000 -70.5111847
0.4190000 4.6073146
0.4200000 50.4377708
0.4210000 48.9963837
0.4220000 27.7094879
0.4230000 -26.8401394
0.4240000 9.9620981
0.4250000 -94.6915512
0.4260000 -6.3121319
0.4270000 -4.1742644
0.4280000 -24.0895748
0.4290000 9.8632431
0.4300000 5.7057791
0.4310000 73.7776718
0.4320000 -10.9471722
0.4330000 -1.9440203
0.4340000 -34.6920776
0.4350000 -11.1106367
0.4360000 81.0160217
0.4370000 -14.9862146
0.4380000 -22.9426594
0.4390000 64.0202103
0.4400000 -32.1037712
0.4410000 -10.8305502
0.4420000 23.8459644
0.4430000 -26.3192902
0.4440000 30.4725895
0.4450000 10.4852362
0.4460000 -26.8527107
0.4470000 -74.8535385
0.4480000 13.5453444
0.4490000 8.4418364
0.4500000 -68.9188614
0.4510000 53.8808022
0.4520000 49.0437050
0.4530000 -26.3085938
0.4540000 4.1194987
0.4550000 80.3416367
0.4560000 -4.9695253
0.4570000 6.4451799
0.4580000 -32.8190689
0.4590000 39.0920067
0.4600000 41.6800499
0.4610000 32.3867798
0.4620000 -27.1970673
0.4630000 -3.9119396
0.4640000 -13.0501671
0.4650000 43.1676331
0.4660000 28.0639133
0.4670000 14.8276148
0.4680000 25.2684746
0.4690000 -6.9312973
0.4700000 24.0702133
0.4710000 -24.9878960
0.4720000 -43.0162926
0.4730000 4.0357747
0.4740000 26.9455681
0.4750000 12.7706118
0.4760000 32.8242836
0.4770000 52.4422150
0.4780000 -21.3375092
0.4790000 52.9319992
0.4800000 -37.7072144
0.4810000 17.7895489
0.4820000 20.0782146
0.4830000 37.6814842
0.4840000 -6.5765500
0.4850000 43.0336914
0.4860000 21.1004333
0.4870000 -17.0946045
0.4880000 41.9693413
0.4890000 -6.9969072
0.4900000 31.1023254
0.4910000 36.5186005
0.4920000 -1.4291090
0.4930000 -9.9542542
0.4940000 -34.5955963
0.4950000 34.1563759
0.4960000 -40.2845230
0.4970000 -42.5854111
0.4980000 -10.2073956
0.4990000 49.5535316
0.5000000 -76.7513809
0.5010000 11.6788530
0.5020000 -3.3643293
0.5030000 42.5418777
0.5040000 25.2397671
0.5050000 -27.9800739
0.5060000 5.9679608
0.5070000 44.0194206
0.5080000 -10.1308985
0.5090000 19.3386993
0.5100000 13.8662949
0.5110000 65.2635269
0.5120000 8.7891130
0.5130000 -20.3004913
0.5140000 11.9270515
0.5150000 -8.5329313
0.5160000 4.8650355
0.5170000 22.3850460
0.5180000 -22.5086288
0.5190000 43.2585487
0.5200000 10.3722820
0.5210000 -27.2378139
0.5220000 -40.0121574
0.5230000 -10.1469297
0.5240000 -22.6610756
0.5250000 62.4114342
0.5260000 -41.6701813
0.5270000 -11.1237831
0.5280000 -18.6569195
0.5290000 -27.5906811
0.5300000 -12.9432917
0.5310000 -16.7324867
0.5320000 50.3614159
0.5330000 -5.4924989
0.5340000 1.9329054
0.5350000 33.4631500
0.5360000 -10.4563293
0.5370000 -32.2178535
0.5380000 21.3206882
0.5390000 3.9104185
0.5400000 -35.2973137
0.5410000 2.6384473
0.5420000 -76.1142349
0.5430000 77.4133072
0.5440000 27.4901161
0.5450000 -29.0359993
0.5460000 -30.0722027
0.5470000 27.2760181
0.5480000 -2.2004976
0.5490000 -12.3355541
0.5500000 -32.2900200
0.5510000 -29.6916924
0.5520000 6.5294986
0.5530000 -38.0869865
0.5540000 -18.1464787
0.5550000 -36.1536865
0.5560000 15.7447367
0.5570000 41.4253235
0.5580000 26.6498356
0.5590000 19.4100170
0.5600000 -15.7906351
0.5610000 -0.6015483
0.5620000 48.8325462
0.5630000 58.2866364
0.5640000 -5.9230428
0.5650000 -25.9525375
0.5660000 -25.7582531
0.5670000 0.2264737
0.5680000 -78.5397110
0.5690000 1.2281668
0.5700000 5.3370371
0.5710000 10.1439676
0.5720000 -3.5455880
0.5730000 -15.1094046
0.5740000 32.3727570
0.5750000 9.8895617
0.5760000 18.6213436
0.5770000 50.3324661
0.5780000 -1.9607644
0.5790000 -30.8285999
0.5800000 -61.0017624
0.5810000 -16.9119968
0.5820000 0.0886360
0.5830000 -12.3059425
0.5840000 34.6949005
0.5850000 -25.2103004
0.5860000 -17.0382271
0.5870000 18.1248722
0.5880000 -42.2217751
0.5890000 -65.5509644
0.5900000 -36.2362976
0.5910000 -18.8361111
0.5920000 11.9524317
0.5930000 20.8653412
0.5940000 26.9009323
0.5950000 16.4362068
0.5960000 39.5574570
0.5970000 -7.7900786
0.5980000 -12.4676180
0.5990000 8.5717001
0.6000000 40.1593056
0.6010000 43.2559319
0.6020000 -10.2667265
0.6030000 -18.2674637
0.6040000 40.4276199
0.6050000 5.1944952
0.6060000 17.2037621
0.6070000 -38.2521515
0.6080000 -0.8534954
0.6090000 -24.2093601
0.6100000 23.5053825
0.6110000 59.7237778
0.6120000 7.2813644
0.6130000 0.9619898
0.6140000 -31.4108295
0.6150000 -59.1409760
0.6160000 30.7600212
0.6170000 84.6441193
0.6180000 25.7280598
0.6190000 16.0489006
0.6200000 -12.1383314
0.6210000 -36.9235382
0.6220000 72.6874924
0.6230000 -13.1015520
0.6240000 78.6096649
0.6250000 45.3452530
0.6260000 -61.5110359
0.6270000 17.9049835
0.6280000 -1.4129822
0.6290000 -76.8208694
0.6300000 -37.1927185
0.6310000 -47.9981689
0.6320000 -33.2250099
0.6330000 52.4710426
0.6340000 -12.4026766
0.6350000 -0.6169283
0.6360000 -1.7125702
0.6370000 -28.5052528
0.6380000 -20.0299683
0.6390000 26.2136726
0.6400000 -58.8894501
0.6410000 -14.2940578
0.6420000 -15.2902002
0.6430000 -30.4550285
0.6440000 -5.1649323
0.6450000 86.1949921
0.6460000 -7.4532433
0.6470000 -7.3686247
0.6480000 32.7179413
0.6490000 -26.6583920
0.6500000 -43.3654594
0.6510000 34.0421295
0.6520000 18.1148052
0.6530000 27.5906410
0.6540000 14.5667582
0.6550000 -62.8847351
0.6560000 2.5547495
0.6570000 -23.4838333
0.6580000 -37.7623100
0.6590000 47.2691574
0.6600000 -38.1444283
0.6610000 23.5047531
0.6620000 -9.1209650
0.6630000 -67.8047562
0.6640000 -5.7482753
0.6650000 16.4041424
0.6660000 -54.1015244
0.6670000 -14.3604174
0.6680000 -0.4394189
0.6690000 -15.4575815
0.6700000 -25.0330505
0.6710000 13.3143311
0.6720000 5.1726685
0.6730000 -4.6976762
0.6740000 -9.9286413
0.6750000 12.5615959
0.6760000 45.9399567
0.6770000 38.8447266
0.6780000 -36.8201828
0.6790000 -63.2628479
0.6800000 28.7519035
0.6810000 -9.8198624
0.6820000 20.7967758
0.6830000 40.3777199
0.6840000 -67.6782608
0.6850000 13.2384405
0.6860000 -53.0947876
0.6870000 4.3784070
0.6880000 18.4702492
0.6890000 -8.2097607
0.6900000 -31.7407570
0.6910000 37.4344559
0.6920000 49.6458740
0.6930000 -31.0623474
0.6940000 4.0592484
0.6950000 2.1065328
0.6960000 -5.1749096
0.6970000 -19.4198742
0.6980000 24.1247559
0.6990000 14.4165564
0.7000000 -35.4550476
0.7010000 49.6550331
0.7020000 1.6376035
0.7030000 -13.4646978
0.7040000 33.0133400
0.7050000 16.1417580
0.7060000 43.2461510
0.7070000 47.4575806
0.7080000 33.5572891
0.7090000 -31.3773422
0.7100000 13.4162207
0.7110000 -23.3461761
0.7120000 -58.6117477
0.7130000 35.7386169
0.7140000 -30.1325283
0.7150000 26.7595444
0.7160000 31.3469429
0.7170000 16.1655025
0.7180000 4.0847807
0.7190000 -12.7743845
0.7200000 39.6623611
0.7210000 -22.5011082
0.7220000 2.7904952
0.7230000 -84.0459671
0.7240000 28.0076981
0.7250000 -31.2253094
0.7260000 0.1468435
0.7270000 17.0339642
0.7280000 50.9525261
0.7290000 -13.9849186
0.7300000 -5.5556693
0.7310000 1.8631268
0.7320000 15.4972506
0.7330000 -18.4591217
0.7340000 -38.2424927
0.7350000 -15.4325790
0.7360000 -28.6543312
0.7370000 -40.5890503
0.7380000 -13.3620462
0.7390000 -15.1450319
0.7400000 42.4475861
0.7410000 -48.1279030
0.7420000 -0.8320352
0.7430000 -24.2053852
0.7440000 2.5763054
0.7450000 -2.3946371
0.7460000 27.7992821
0.7470000 24.9829521
0.7480000 -32.7696877
0.7490000 9.4555368
0.7500000 -36.8219604
0.7510000 5.6231537
0.7520000 39.8125114
0.7530000 -24.6072788
0.7540000 -56.0811539
0.7550000 -5.8728795
0.7560000 47.4825935
0.7570000 -76.8796616
0.7580000 35.2511330
0.7590000 -19.2485409
0.7600000 26.0579014
0.7610000 -13.2696667
0.7620000 -66.6469040
0.7630000 -0.4236344
0.7640000 -48.8388672
0.7650000 -1.7138534
0.7660000 27.4664345
0.7670000 11.2310505
0.7680000 29.0544434
0.7690000 -39.9508247
0.7700000 26.5685272
0.7710000 -65.7015228
0.7720000 -26.5803852
0.7730000 3.2413669
0.7740000 -7.9010277
0.7750000 -27.7064857
0.7760000 -2.4026675
0.7770000 -8.3766909
0.7780000 -30.1874676
0.7790000 29.3951435
0.7800000 55.0146790
0.7810000 -23.3059998
0.7820000 -5.1840305
0.7830000 -69.6755447
0.7840000 3.2597644
0.7850000 29.0542202
0.7860000 61.1288757
0.7870000 6.7195230
0.7880000 -14.6577539
0.7890000 -18.4678345
0.7900000 34.6727104
0.7910000 -0.5849171
0.7920000 -8.2263966
0.7930000 11.9086943
0.7940000 -62.9588737
0.7950000 38.8493996
0.7960000 -28.6719913
0.7970000 29.9941940
0.7980000 72.1674347
0.7990000 -2.6251235
0.8000000 41.9789886
0.8010000 12.8379030
0.8020000 -8.0709877
0.8030000 -42.7602615
0.8040000 11.5025940
0.8050000 25.1906109
0.8060000 -45.4845047
0.8070000 -23.8836002
0.8080000 3.5970356
0.8090000 -5.6052656
0.8100000 41.8475838
0.8110000 49.3133202
0.8120000 7.0055385
0.8130000 28.0214634
0.8140000 7.8455548
0.8150000 -20.3847561
0.8160000 -18.2552471
0.8170000 -15.6536026
0.8180000 -22.6490040
0.8190000 -10.1144791
0.8200000 -11.3606806
0.8210000 -52.8474960
0.8220000 -6.2782965
0.8230000 -40.4847870
0.8240000 -4.5560179
0.8250000 30.1276665
0.8260000 20.9794388
0.8270000 24.3449974
0.8280000 -26.8457451
0.8290000 1.1679598
0.8300000 8.0529184
0.8310000 69.6613235
0.8320000 53.7310257
0.8330000 42.4971657
0.8340000 18.2801876
0.8350000 50.7007408
0.8360000 -30.9237537
0.8370000 47.2454338
0.8380000 7.3515105
0.8390000 -7.4649110
0.8400000 -36.3639984
0.8410000 15.9709148
0.8420000 -23.6755524
0.8430000 29.6115704
0.8440000 -22.8585625
0.8450000 74.3930893
0.8460000 -18.4903450
0.8470000 -27.7692604
0.8480000 -18.6353626
0.8490000 23.4771271
0.8500000 27.2633133
0.8510000 -40.3700371
0.8520000 -19.6759796
0.8530000 -29.1263084
0.8540000 39.0262451
0.8550000 15.6259460
0.8560000 24.0366535
0.8570000 4.7883534
0.8580000 63.2238731
0.8590000 37.7626343
0.8600000 27.6938915
0.8610000 20.8097553
0.8620000 -9.2068472
0.8630000 32.8813782
0.8640000 105.5079575
0.8650000 13.3057442
0.8660000 16.8428097
0.8670000 11.9556751
0.8680000 -45.9099312
0.8690000 55.3657990
0.8700000 41.7988739
0.8710000 61.6574974
0.8720000 40.3702240
0.8730000 26.2335205
0.8740000 -23.8231716
0.8750000 -17.2379913
0.8760000 17.1897850
0.8770000 -32.9813881
0.8780000 -72.9479218
0.8790000 -4.9511728
0.8800000 -1.3809289
0.8810000 19.6560345
0.8820000 -41.8192558
0.8830000 15.9089479
0.8840000 15.5986767
0.8850000 -6.3560295
0.8860000 33.1225014
0.8870000 -49.4675331
0.8880000 32.8787575
0.8890000 -47.2443237
0.8900000 76.2059326
0.8910000 6.5667820
0.8920000 70.9867020
0.8930000 44.4481354
0.8940000 -56.2150574
0.8950000 36.9501724
0.8960000 11.3501282
0.8970000 -39.1836929
0.8980000 -7.9576526
0.8990000 35.4762764
0.9000000 -13.6920671
0.9010000 -11.9008884
0.9020000 -46.5872612
0.9030000 14.4066572
0.9040000 -37.1703568
0.9050000 5.2673569
0.9060000 -10.2646418
0.9070000 42.5197792
0.9080000 82.8722458
0.9090000 17.1509666
0.9100000 1.9208814
0.9110000 52.2559166
0.9120000 68.7740097
0.9130000 -4.9945083
0.9140000 -11.2352028
0.9150000 6.0755825
0.9160000 -11.6831474
0.9170000 -0.8810012
0.9180000 0.3562474
0.9190000 -71.9783554
0.9200000 -8.4684801
0.9210000 -29.7416191
0.9220000 81.1510239
0.9230000 -78.1565781
0.9240000 7.5944037
0.9250000 47.7678070
0.9260000 26.8625736
0.9270000 41.0889969
0.9280000 30.4079266
0.9290000 -43.7330971
0.9300000 -13.7518463
0.9310000 -20.7321472
0.9320000 34.4113693
0.9330000 15.5465832
0.9340000 6.1690769
0.9350000 36.7970314
0.9360000 -7.8743854
0.9370000 24.9724102
0.9380000 26.5129700
0.9390000 -26.8378143
0.9400000 67.9036179
0.9410000 23.0448818
0.9420000 43.1258392
0.9430000 12.5112038
0.9440000 -10.6459894
0.9450000 50.9518204
0.9460000 -19.0412636
0.9470000 -16.6365738
0.9480000 2.5937564
0.9490000 10.5219431
0.9500000 30.4157143
0.9510000 -17.2557087
0.9520000 -62.7107697
0.9530000 48.4316711
0.9540000 12.5988493
0.9550000 74.9930954
0.9560000 86.8164597
0.9570000 -15.3293486
0.9580000 20.4552116
0.9590000 -81.5559158
0.9600000 -87.3092270
0.9610000 13.2334518
0.9620000 -8.8517504
0.9630000 -25.4697151
0.9640000 -14.6848392
0.9650000 17.4256496
0.9660000 -2.3856025
0.9670000 32.4500198
0.9680000 -24.0799179
0.9690000 -2.5055404
0.9700000 3.0192220
0.9710000 -31.4967823
0.9720000 -32.8078804
0.9730000 28.2056160
0.9740000 -8.9700136
0.9750000 4.9338655
0.9760000 10.9830713
0.9770000 17.9381046
0.9780000 22.7035503
0.9790000 1.5519718
0.9800000 4.7465510
0.9810000 -14.7542639
0.9820000 -1.3450230
0.9830000 72.2458191
0.9840000 -3.1271660
0.9850000 42.2682152
0.9860000 -7.6159239
0.9870000 -21.6917553
0.9880000 55.9942017
0.9890000 -25.8005352
0.9900000 -56.6865654
0.9910000 22.6043682
0.9920000 5.5263910
0.9930000 20.1386547
0.9940000 15.9500847
0.9950000 34.4273033
0.9960000 29.1340160
0.9970000 -50.6880035
0.9980000 15.4640083
0.9990000 47.9492989
