0.0000000 17.0891991
0.0010000 39.3647881
0.0020000 -39.8697624
0.0030000 8.5635490
0.0040000 -2.3540194
0.0050000 -17.4845943
0.0060000 -6.9067082
0.0070000 50.6429558
0.0080000 -90.2027588
0.0090000 -27.5568428
0.0100000 49.0485497
0.0110000 30.2192993
0.0120000 13.7911797
0.0130000 50.6976242
0.0140000 -51.3143921
0.0150000 -40.4962196
0.0160000 -38.1441307
0.0170000 43.3958282
0.0180000 24.2978897
0.0190000 25.4471989
0.0200000 -22.5748138
0.0210000 -50.7428551
0.0220000 -4.9423900
0.0230000 53.5130539
0.0240000 -41.3068161
0.0250000 -7.3764577
0.0260000 -28.0241261
0.0270000 -21.1482925
0.0280000 2.5714672
0.0290000 -4.8400688
0.0300000 -37.9222717
0.0310000 -23.0639782
0.0320000 20.2815819
0.0330000 4.2154799
0.0340000 -52.3608780
0.0350000 34.0415115
0.0360000 7.6465492
0.0370000 27.6658192
0.0380000 7.9107389
0.0390000 -46.2480125
0.0400000 -11.8779316
0.0410000 42.7027092
0.0420000 63.2132835
0.0430000 23.5464516
0.0440000 30.9226055
0.0450000 -22.7092915
0.0460000 -8.3561783
0.0470000 36.5972595
0.0480000 -16.7761917
0.0490000 10.0054674
0.0500000 -33.2676849
0.0510000 -51.1279831
0.0520000 -33.3103523
0.0530000 -24.5865917
0.0540000 57.7948265
0.0550000 -51.9354553
0.0560000 19.7625809
0.0570000 8.1616030
0.0580000 18.1772156
0.0590000 12.6312523
0.0600000 -12.1741199
0.0610000 2.3962245
0.0620000 37.3183784
0.0630000 21.5116673
0.0640000 11.1265125
0.0650000 90.3123322
0.0660000 45.2382507
0.0670000 -19.0906467
0.0680000 65.4655685
0.0690000 -46.6345406
0.0700000 41.9263496
0.0710000 41.6188469
0.0720000 -11.5462713
0.0730000 45.0544014
0.0740000 -50.0334167
0.0750000 11.2144747
0.0760000 51.7662163
0.0770000 34.1922226
0.0780000 -12.6402903
0.0790000 24.6457462
0.0800000 -40.6889191
0.0810000 -46.3925133
0.0820000 -25.3362217
0.0830000 -25.0266247
0.0840000 -29.5099373
0.0850000 -93.3321991
0.0860000 46.2212677
0.0870000 -26.2241039
0.0880000 53.1427193
0.0890000 -17.1173801
0.0900000 9.9377689
0.0910000 -39.9231949
0.0920000 -34.3108025
0.0930000 -8.3269625
0.0940000 19.3649807
0.0950000 -4.5859299
0.0960000 -31.2113419
0.0970000 27.3786488
0.0980000 -2.0619869
0.0990000 1.5457425
0.1000000 49.9440269
0.1010000 43.6503410
0.1020000 -45.9446831
0.1030000 47.9026375
0.1040000 50.5313416
0.1050000 8.9085779
0.1060000 9.1001463
0.1070000 68.0251007
0.1080000 22.3200779
0.1090000 87.2640076
0.1100000 48.5963936
0.1110000 75.6273422
0.1120000 29.0190315
0.1130000 -31.1426086
0.1140000 10.8681612
0.1150000 -8.3637648
0.1160000 33.6320229
0.1170000 68.5496445
0.1180000 77.9606857
0.1190000 -20.1587143
0.1200000 48.6675491
0.1210000 31.1801395
0.1220000 -1.4589984
0.1230000 -17.7927761
0.1240000 -10.8051691
0.1250000 75.1092072
0.1260000 39.9082985
0.1270000 26.9147339
0.1280000 -13.7574949
0.1290000 52.1444664
0.1300000 15.5146666
0.1310000 9.8424387
0.1320000 6.4900899
0.1330000 -10.4437943
0.1340000 -20.6947937
0.1350000 46.5094109
0.1360000 -21.7533760
0.1370000 36.5725899
0.1380000 1.0368173
0.1390000 -11.6166592
0.1400000 41.4840508
0.1410000 -45.0680695
0.1420000 -9.9540300
0.1430000 -17.0915470
0.1440000 0.3274401
0.1450000 50.0792809
0.1460000 17.0560932
0.1470000 -67.8996201
0.1480000 25.0707703
0.1490000 34.5047798
0.1500000 -84.6505890
0.1510000 58.8878136
0.1520000 -52.2353287
0.1530000 -14.5832806
0.1540000 26.1803989
0.1550000 57.3474541
0.1560000 16.7647209
0.1570000 21.8958225
0.1580000 -32.8242455
0.1590000 8.8213921
0.1600000 6.6077843
0.1610000 21.6068192
0.1620000 50.8115082
0.1630000 -43.2591972
0.1640000 -2.3842137
0.1650000 41.5311623
0.1660000 -0.0698271
0.1670000 -41.0340233
0.1680000 -4.2726102
0.1690000 54.3443680
0.1700000 -9.7585812
0.1710000 -24.0740986
0.1720000 31.9130058
0.1730000 4.2870274
0.1740000 49.8917274
0.1750000 -14.4336491
0.1760000 52.9694328
0.1770000 -8.1667862
0.1780000 51.9236641
0.1790000 -37.3305244
0.1800000 -11.7106838
0.1810000 5.9965177
0.1820000 76.0718460
0.1830000 -14.7250280
0.1840000 70.9871368
0.1850000 -32.4212608
0.1860000 -32.9216881
0.1870000 -14.8627834
0.1880000 -36.5048409
0.1890000 -17.8535194
0.1900000 18.5887718
0.1910000 46.4433975
0.1920000 8.5803585
0.1930000 -30.1673069
0.1940000 -55.3934517
0.1950000 39.2442284
0.1960000 10.5911741
0.1970000 -50.9034309
0.1980000 44.4324493
0.1990000 -6.4611440
0.2000000 25.1930923
0.2010000 -30.9490147
0.2020000 1.8231804
0.2030000 -24.5152302
0.2040000 3.0441079
0.2050000 -58.3498573
0.2060000 39.8874855
0.2070000 -65.3793030
0.2080000 13.2587948
0.2090000 -1.1194589
0.2100000 -15.1188316
0.2110000 80.0998688
0.2120000 -5.5154300
0.2130000 79.3355637
0.2140000 -38.9549408
0.2150000 -12.9742966
0.2160000 17.7278385
0.2170000 -21.3972702
0.2180000 -9.4657784
0.2190000 -35.4307442
0.2200000 -0.9602448
0.2210000 -9.4949093
0.2220000 -33.0831261
0.2230000 -21.4614716
0.2240000 45.7410851
0.2250000 -31.2384624
0.2260000 4.7202387
0.2270000 10.8413124
0.2280000 -4.1297069
0.2290000 -11.3013477
0.2300000 -3.3787539
0.2310000 47.5945206
0.2320000 -17.5240955
0.2330000 -16.1824360
0.2340000 3.2141304
0.2350000 -45.9984207
0.2360000 41.8066864
0.2370000 -3.7438238
0.2380000 71.4866180
0.2390000 0.4088840
0.2400000 4.5700631
0.2410000 41.7473106
0.2420000 23.0226460
0.2430000 -44.5060539
0.2440000 43.0522614
0.2450000 97.5901413
0.2460000 -31.7874355
0.2470000 4.1470294
0.2480000 55.0239868
0.2490000 -53.7330666
0.2500000 18.2891235
0.2510000 48.1250916
0.2520000 8.7223883
0.2530000 -8.1124325
0.2540000 -47.3526535
0.2550000 12.6871786
0.2560000 17.4792595
0.2570000 37.0999489
0.2580000 -25.8533230
0.2590000 16.2052422
0.2600000 13.9351873
0.2610000 35.2382431
0.2620000 19.8964882
0.2630000 23.4966564
0.2640000 -8.8890753
0.2650000 -1.4038318
0.2660000 77.6492233
0.2670000 -9.1375227
0.2680000 -3.2487526
0.2690000 68.7455750
0.2700000 -40.7984772
0.2710000 -5.2409673
0.2720000 40.9150047
0.2730000 17.8530426
0.2740000 3.6545517
0.2750000 -0.4291382
0.2760000 -41.9790916
0.2770000 27.0755672
0.2780000 29.2855663
0.2790000 34.3369865
0.2800000 -11.6140013
0.2810000 3.7114489
0.2820000 82.9317856
0.2830000 -9.3703651
0.2840000 -24.9640026
0.2850000 -27.4182053
0.2860000 8.4361773
0.2870000 -55.8689079
0.2880000 16.9558334
0.2890000 40.1433945
0.2900000 41.7799339
0.2910000 -13.2976522
0.2920000 -36.0929298
0.2930000 1.1749744
0.2940000 -5.7906256
0.2950000 18.6922092
0.2960000 -14.2835827
0.2970000 -14.9583406
0.2980000 46.8461571
0.2990000 2.0755582
0.3000000 28.6316872
0.3010000 -86.8077621
0.3020000 30.7614784
0.3030000 8.7510157
0.3040000 -34.8599396
0.3050000 8.4345064
0.3060000 -28.6894951
0.3070000 -32.2176857
0.3080000 61.2840500
0.3090000 44.2889252
0.3100000 -24.5274582
0.3110000 12.8596735
0.3120000 1.6736132
0.3130000 -21.3993912
0.3140000 0.3502037
0.3150000 -25.6476688
0.3160000 48.4707527
0.3170000 -63.5864944
0.3180000 17.0772095
0.3190000 2.1412873
0.3200000 1.6826152
0.3210000 -36.1433678
0.3220000 -47.3716545
0.3230000 21.8457928
0.3240000 -0.7611163
0.3250000 -11.0707245
0.3260000 -51.1370239
0.3270000 -41.8968735
0.3280000 -3.6119719
0.3290000 0.3346857
0.3300000 39.0258942
0.3310000 10.7866192
0.3320000 28.0619297
0.3330000 0.7927274
0.3340000 -55.9532013
0.3350000 23.0760555
0.3360000 -22.7120934
0.3370000 -59.3439026
0.3380000 -13.3804197
0.3390000 -70.7261887
0.3400000 -26.9397545
0.3410000 -39.1364098
0.3420000 -38.0488014
0.3430000 55.0345116
0.3440000 6.5238118
0.3450000 -27.2161884
0.3460000 11.1536188
0.3470000 19.4602623
0.3480000 4.8837662
0.3490000 11.4894133
0.3500000 52.6775703
0.3510000 -2.1240213
0.3520000 -29.8313942
0.3530000 8.5417299
0.3540000 2.8775859
0.3550000 28.4171162
0.3560000 21.1797600
0.3570000 -41.5994797
0.3580000 6.4850912
0.3590000 -11.9661064
0.3600000 2.4001913
0.3610000 -5.1183429
0.3620000 -24.7823277
0.3630000 -20.1698284
0.3640000 10.8313665
0.3650000 16.5495529
0.3660000 14.0010948
0.3670000 69.4627914
0.3680000 -3.7330713
0.3690000 47.0049477
0.3700000 -3.1356137
0.3710000 65.6127548
0.3720000 -63.0132065
0.3730000 -113.7276840
0.3740000 39.9732971
0.3750000 -14.0137243
0.3760000 23.0839691
0.3770000 -6.7260756
0.3780000 -43.0525322
0.3790000 30.4273529
0.3800000 1.3257691
0.3810000 -44.4147301
0.3820000 -9.2905607
0.3830000 2.1914876
0.3840000 14.2638950
0.3850000 26.0543327
0.3860000 11.0701389
0.3870000 -49.0214500
0.3880000 33.7507515
0.3890000 3.2577894
0.3900000 -14.0336380
0.3910000 -50.9774017
0.3920000 30.3183193
0.3930000 24.8270283
0.3940000 -32.8055954
0.3950000 9.3113785
0.3960000 -15.2974586
0.3970000 -21.7178955
0.3980000 -34.6157837
0.3990000 -47.6149063
0.4000000 41.5517006
0.4010000 -10.8773994
0.4020000 -9.8600903
0.4030000 48.4941216
0.4040000 61.1916199
0.4050000 6.1153069
0.4060000 -28.7149754
0.4070000 -8.1958103
0.4080000 46.5692596
0.4090000 -20.3396378
0.4100000 -86.7613525
0.4110000 44.7769394
0.4120000 -48.6645660
0.4130000 61.1377525
0.4140000 34.0081062
0.4150000 8.2256489
0.4160000 -64.5518875
0.4170000 25.5794334
0.4180000 81.7858734
0.4190000 -24.2898197
0.4200000 18.8695164
0.4210000 37.1238670
0.4220000 -18.8878498
0.4230000 -12.7856970
0.4240000 49.6876907
0.4250000 36.9459381
0.4260000 -85.0068970
0.4270000 15.9666471
0.4280000 -15.1731720
0.4290000 45.3382874
0.4300000 -22.2504082
0.4310000 45.3272705
0.4320000 30.2329559
0.4330000 -16.4835911
0.4340000 4.0256834
0.4350000 8.0333862
0.4360000 -79.2967606
0.4370000 32.3495483
0.4380000 14.5829573
0.4390000 -1.3816953
0.4400000 22.5045547
0.4410000 14.9940720
0.4420000 26.3284435
0.4430000 47.8794670
0.4440000 -21.4044514
0.4450000 -19.6810665
0.4460000 16.6537609
0.4470000 30.3944683
0.4480000 49.2007408
0.4490000 -11.8286905
0.4500000 -11.1902952
0.4510000 4.0733547
0.4520000 -56.3361397
0.4530000 45.2045593
0.4540000 25.8735085
0.4550000 -20.3604412
0.4560000 -26.6089725
0.4570000 6.5105987
0.4580000 12.6933517
0.4590000 18.2992458
0.4600000 -22.0936279
0.4610000 2.9614067
0.4620000 16.6905594
0.4630000 -22.0307331
0.4640000 49.0302200
0.4650000 -43.8313217
0.4660000 -48.3149986
0.4670000 5.0455174
0.4680000 -121.9780502
0.4690000 3.3554063
0.4700000 28.4352837
0.4710000 -18.7978249
0.4720000 -65.2989883
0.4730000 66.4074478
0.4740000 -30.0594501
0.4750000 -3.7735856
0.4760000 -46.9825935
0.4770000 -18.9940128
0.4780000 -5.8737521
0.4790000 54.3674583
0.4800000 24.5564766
0.4810000 -37.1715469
0.4820000 -4.7448802
0.4830000 -21.7333469
0.4840000 -59.1521034
0.4850000 36.6572800
0.4860000 18.3511963
0.4870000 1.7375265
0.4880000 21.3653374
0.4890000 12.5824270
0.4900000 -28.5791588
0.4910000 45.8475304
0.4920000 -6.3826447
0.4930000 -17.2202148
0.4940000 24.1174488
0.4950000 22.0819836
0.4960000 13.5404491
0.4970000 2.6082063
0.4980000 -27.9946499
0.4990000 28.9835300
0.5000000 -6.6547308
0.5010000 9.9035482
0.5020000 -23.5049496
0.5030000 7.9353070
0.5040000 31.5279045
0.5050000 -28.9092026
0.5060000 6.6256485
0.5070000 24.7761631
0.5080000 12.8025932
0.5090000 -46.7337303
0.5100000 31.0664444
0.5110000 43.8859711
0.5120000 14.9968958
0.5130000 -76.3095169
0.5140000 -12.2306118
0.5150000 55.9487152
0.5160000 56.9790955
0.5170000 69.1680679
0.5180000 -31.5474358
0.5190000 -2.9096618
0.5200000 3.4072180
0.5210000 -56.3338661
0.5220000 52.3920708
0.5230000 -3.0752423
0.5240000 -68.7789154
0.5250000 -29.4424896
0.5260000 -6.1443691
0.5270000 13.1976728
0.5280000 11.6726837
0.5290000 86.7705383
0.5300000 10.1064444
0.5310000 32.5836487
0.5320000 59.7129860
0.5330000 -4.9437556
0.5340000 -70.5684509
0.5350000 17.6612110
0.5360000 41.4754601
0.5370000 71.7758865
0.5380000 45.7296867
0.5390000 -45.6503906
0.5400000 28.2407150
0.5410000 30.9937572
0.5420000 41.9239120
0.5430000 17.3407364
0.5440000 -13.2649326
0.5450000 26.8261642
0.5460000 -21.1999226
0.5470000 -47.0423737
0.5480000 -9.7698507
0.5490000 44.2966194
0.5500000 -21.1514091
0.5510000 6.1137648
0.5520000 62.4357681
0.5530000 6.0681634
0.5540000 4.1777878
0.5550000 55.0927505
0.5560000 12.1356659
0.5570000 -3.6368926
0.5580000 -22.7228222
0.5590000 30.2789326
0.5600000 -21.3515263
0.5610000 -22.2293301
0.5620000 21.3147259
0.5630000 13.6223497
0.5640000 23.4645863
0.5650000 -28.4928799
0.5660000 5.6054583
0.5670000 -3.1791396
0.5680000 -7.2985692
0.5690000 11.7269983
0.5700000 -31.0551453
0.5710000 8.8136826
0.5720000 -29.3355484
0.5730000 38.8697510
0.5740000 24.9771805
0.5750000 -90.7677231
0.5760000 3.9037149
0.5770000 -83.5961685
0.5780000 29.5799332
0.5790000 -55.8748665
0.5800000 -26.2488632
0.5810000 -10.3022547
0.5820000 13.6282368
0.5830000 -55.0647659
0.5840000 94.4748001
0.5850000 47.3773270
0.5860000 46.9681282
0.5870000 -9.8164978
0.5880000 -14.0887222
0.5890000 -29.3135338
0.5900000 29.0871716
0.5910000 43.0174713
0.5920000 3.5640779
0.5930000 -0.2090884
0.5940000 -0.1861755
0.5950000 38.8098679
0.5960000 -10.2429762
0.5970000 32.8043747
0.5980000 -33.9685898
0.5990000 50.9956055
0.6000000 15.5416527
0.6010000 16.9011478
0.6020000 24.5207100
0.6030000 -47.3500099
0.6040000 18.2746239
0.6050000 -14.2988300
0.6060000 -75.0851288
0.6070000 -34.7006187
0.6080000 39.1670685
0.6090000 9.4040689
0.6100000 36.9642525
0.6110000 41.9164009
0.6120000 51.8501091
0.6130000 -12.0789661
0.6140000 -20.3961849
0.6150000 0.7940675
0.6160000 -16.2509098
0.6170000 38.7285233
0.6180000 -11.3414927
0.6190000 19.8861446
0.6200000 66.6298523
0.6210000 -6.0667038
0.6220000 65.8543396
0.6230000 16.7887592
0.6240000 39.5550308
0.6250000 -13.8990860
0.6260000 -40.3995628
0.6270000 46.0209846
0.6280000 0.3737459
0.6290000 -11.7856417
0.6300000 26.2240829
0.6310000 -23.7138939
0.6320000 -17.7997322
0.6330000 16.9684563
0.6340000 39.7489700
0.6350000 -14.2409000
0.6360000 -42.8048859
0.6370000 -17.7068710
0.6380000 15.6837225
0.6390000 -1.7524137
0.6400000 -13.9009285
0.6410000 6.5718188
0.6420000 6.3176842
0.6430000 25.1436768
0.6440000 47.3464088
0.6450000 47.7294273
0.6460000 -40.0045738
0.6470000 -11.0384636
0.6480000 -75.0548706
0.6490000 -83.5973663
0.6500000 -45.8351593
0.6510000 -8.5285683
0.6520000 28.9901237
0.6530000 -3.3790731
0.6540000 109.5936432
0.6550000 -21.2475319
0.6560000 0.8745573
0.6570000 -56.2816849
0.6580000 -3.3821433
0.6590000 -95.7491989
0.6600000 14.6816883
0.6610000 -5.7541575
0.6620000 4.9804201
0.6630000 -2.9416857
0.6640000 -58.0293999
0.6650000 21.6267471
0.6660000 17.9294033
0.6670000 24.9729710
0.6680000 -32.7445946
0.6690000 18.3773136
0.6700000 -8.0188560
0.6710000 -12.1641741
0.6720000 66.7702026
0.6730000 17.4678020
0.6740000 -33.1170311
0.6750000 -24.8193417
0.6760000 -51.5195961
0.6770000 7.2171521
0.6780000 -30.0673103
0.6790000 3.7623382
0.6800000 -6.7793837
0.6810000 17.2994347
0.6820000 39.7620697
0.6830000 -31.7335758
0.6840000 -67.3211136
0.6850000 -29.9900837
0.6860000 68.2645798
0.6870000 18.5396290
0.6880000 -43.5368919
0.6890000 20.8240643
0.6900000 -157.0353088
0.6910000 9.5413246
0.6920000 16.5985336
0.6930000 37.1398010
0.6940000 -38.1150780
0.6950000 15.9454699
0.6960000 -21.5302601
0.6970000 -26.6259956
0.6980000 66.0841370
0.6990000 -29.6632023
0.7000000 89.8361816
0.7010000 -28.6691570
0.7020000 25.8285236
0.7030000 -75.6404877
0.7040000 27.2370491
0.7050000 -3.5860927
0.7060000 10.3546906
0.7070000 -73.6235199
0.7080000 10.5563374
0.7090000 26.5608788
0.7100000 -28.8076992
0.7110000 -0.5011438
0.7120000 2.0789809
0.7130000 -39.5242729
0.7140000 -11.5791368
0.7150000 37.4442558
0.7160000 -0.4743088
0.7170000 52.3682709
0.7180000 10.2302370
0.7190000 -55.7515755
0.7200000 -54.8880386
0.7210000 57.1034279
0.7220000 -1.9623812
0.7230000 -3.3590746
0.7240000 27.9248905
0.7250000 31.3679504
0.7260000 -50.6468582
0.7270000 10.2211905
0.7280000 -39.3521576
0.7290000 -20.5872231
0.7300000 32.1428680
0.7310000 -34.6165810
0.7320000 36.4401474
0.7330000 9.2452698
0.7340000 23.3039207
0.7350000 58.1932945
0.7360000 -26.5296822
0.7370000 8.9545364
0.7380000 15.2812624
0.7390000 19.2304745
0.7400000 -57.1941032
0.7410000 84.7669067
0.7420000 29.5218544
0.7430000 -7.2669530
0.7440000 3.9952118
0.7450000 -36.8684387
0.7460000 15.5424376
0.7470000 -2.9056067
0.7480000 -30.6261959
0.7490000 -11.8360004
0.7500000 46.2818260
0.7510000 -29.7797165
0.7520000 -37.2766609
0.7530000 -11.0279312
0.7540000 -46.6658707
0.7550000 -16.8427277
0.7560000 -21.1090126
0.7570000 -21.0400391
0.7580000 -9.3051291
0.7590000 -16.9306755
0.7600000 22.3049011
0.7610000 -1.0001441
0.7620000 -63.6458321
0.7630000 18.7110519
0.7640000 -6.4029579
0.7650000 -27.9393902
0.7660000 41.5468445
0.7670000 23.2705097
0.7680000 -2.2472682
0.7690000 19.5410366
0.7700000 5.3241286
0.7710000 -43.8130226
0.7720000 18.2401466
0.7730000 -3.2088685
0.7740000 -24.1296577
0.7750000 27.5752907
0.7760000 -83.4295197
0.7770000 21.2644825
0.7780000 -14.4054976
0.7790000 -64.4047852
0.7800000 -35.6129341
0.7810000 -7.1048226
0.7820000 -13.1767483
0.7830000 20.6754456
0.7840000 13.0712347
0.7850000 44.3080368
0.7860000 -3.6005034
0.7870000 7.0772839
0.7880000 33.7891655
0.7890000 8.7711515
0.7900000 27.4327755
0.7910000 14.9800797
0.7920000 -35.5229950
0.7930000 36.8997688
0.7940000 -107.6524811
0.7950000 28.9916458
0.7960000 -37.0654602
0.7970000 52.7906189
0.7980000 -1.1033531
0.7990000 66.3677368
0.8000000 -16.4376411
0.8010000 -56.0533485
0.8020000 -23.1470623
0.8030000 -30.3735790
0.8040000 -7.3646283
0.8050000 -8.1435080
0.8060000 -45.3224640
0.8070000 51.9813156
0.8080000 -24.8214436
0.8090000 48.8479729
0.8100000 -10.7153130
0.8110000 35.5800667
0.8120000 56.8202972
0.8130000 20.0162926
0.8140000 -2.8963537
0.8150000 38.0745087
0.8160000 4.8402138
0.8170000 -21.9712448
0.8180000 17.4806976
0.8190000 59.7247696
0.8200000 29.1775074
0.8210000 -23.3971691
0.8220000 -40.4937057
0.8230000 50.4530563
0.8240000 84.8496933
0.8250000 75.0596466
0.8260000 -19.7075329
0.8270000 21.2186871
0.8280000 -28.5655155
0.8290000 1.9431978
0.8300000 -7.3884406
0.8310000 -31.8734970
0.8320000 -32.0888824
0.8330000 -0.1449883
0.8340000 -48.2238998
0.8350000 -22.6695518
0.8360000 13.0911655
0.8370000 14.7944937
0.8380000 20.1441040
0.8390000 -2.6126890
0.8400000 -7.9429226
0.8410000 -0.5084941
0.8420000 31.3978062
0.8430000 0.4155602
0.8440000 -14.6918631
0.8450000 -12.7228975
0.8460000 -25.9128761
0.8470000 -50.9401016
0.8480000 -38.0251274
0.8490000 -3.7051394
0.8500000 51.8450089
0.8510000 33.5672836
0.8520000 6.6432896
0.8530000 -21.7358875
0.8540000 -10.2937546
0.8550000 45.1002617
0.8560000 19.3806953
0.8570000 -13.3458891
0.8580000 -27.6788559
0.8590000 37.8867416
0.8600000 -10.7740803
0.8610000 25.3944798
0.8620000 17.8889542
0.8630000 19.5414295
0.8640000 52.9982834
0.8650000 14.1733265
0.8660000 -70.7455215
0.8670000 -7.4512038
0.8680000 15.2685881
0.8690000 -110.3066177
0.8700000 16.7439156
0.8710000 30.3315029
0.8720000 -4.0708866
0.8730000 34.8716850
0.8740000 -12.1823330
0.8750000 32.8766212
0.8760000 -2.1672187
0.8770000 -13.6243887
0.8780000 -22.1969585
0.8790000 -56.4541168
0.8800000 -28.0630569
0.8810000 -7.2124519
0.8820000 41.4008598
0.8830000 1.1202881
0.8840000 -29.2889595
0.8850000 42.3692856
0.8860000 -23.0899029
0.8870000 -42.9455795
0.8880000 2.7386484
0.8890000 -35.4324226
0.8900000 76.4074249
0.8910000 -25.9950352
0.8920000 -20.8322086
0.8930000 24.2712097
0.8940000 -3.2198653
0.8950000 37.7448158
0.8960000 -13.3491907
0.8970000 13.9268913
0.8980000 -14.0197973
0.8990000 33.1475067
0.9000000 18.5607357
0.9010000 18.2617111
0.9020000 1.0971206
0.9030000 -19.6835728
0.9040000 14.7112455
0.9050000 -33.8399849
0.9060000 -18.5723457
0.9070000 16.7882252
0.9080000 17.9244232
0.9090000 26.7541199
0.9100000 43.8389893
0.9110000 -96.0767212
0.9120000 3.2008686
0.9130000 -32.3188972
0.9140000 19.2308216
0.9150000 14.9596710
0.9160000 4.9899740
0.9170000 -31.0442791
0.9180000 10.4270582
0.9190000 44.9486160
0.9200000 -30.5394478
0.9210000 -4.9020796
0.9220000 1.2319416
0.9230000 40.0128555
0.9240000 -34.7814980
0.9250000 35.9343376
0.9260000 -3.6264639
0.9270000 34.3111572
0.9280000 45.6305275
0.9290000 26.1822529
0.9300000 -8.1422682
0.9310000 -38.4191742
0.9320000 -10.6367264
0.9330000 19.8903580
0.9340000 41.4587173
0.9350000 17.6692963
0.9360000 54.9457359
0.9370000 16.9855537
0.9380000 38.0049973
0.9390000 -57.0504684
0.9400000 1.0194550
0.9410000 -20.8397331
0.9420000 -14.7420721
0.9430000 -22.8765831
0.9440000 -30.3415146
0.9450000 2.3101728
0.9460000 -3.9210329
0.9470000 67.2393570
0.9480000 -23.5965748
0.9490000 -28.1020603
0.9500000 42.3453178
0.9510000 59.1598778
0.9520000 8.7549009
0.9530000 -36.7049675
0.9540000 -18.5863075
0.9550000 37.6885948
0.9560000 0.8750483
0.9570000 -25.4996357
0.9580000 17.7827473
0.9590000 -1.1811200
0.9600000 -5.2469039
0.9610000 23.1734848
0.9620000 58.2362251
0.9630000 44.3319092
0.9640000 89.6398163
0.9650000 -44.0937729
0.9660000 42.1422501
0.9670000 5.7198739
0.9680000 -53.3451195
0.9690000 2.2745230
0.9700000 -21.2058086
0.9710000 29.6776352
0.9720000 -40.6878166
0.9730000 14.5974493
0.9740000 39.5804176
0.9750000 -4.1816154
0.9760000 -24.5753841
0.9770000 57.6578712
0.9780000 -50.6943932
0.9790000 -62.8465500
0.9800000 25.9104347
0.9810000 5.7491817
0.9820000 41.9486465
0.9830000 -20.3744011
0.9840000 -35.7904358
0.9850000 52.6700020
0.9860000 24.9314880
0.9870000 -26.2860661
0.9880000 -11.7773762
0.9890000 5.5832477
0.9900000 38.4422607
0.9910000 -17.1621742
0.9920000 -34.7253838
0.9930000 9.1149073
0.9940000 -17.2253895
0.9950000 17.2429390
0.9960000 38.8075905
0.9970000 -13.2321930
0.9980000 72.3497086
0.9990000 16.4836178
