0.0000000 38.7299461
0.0010000 -26.0237465
0.0020000 36.9441032
0.0030000 -20.9298401
0.0040000 -30.7427254
0.0050000 24.2657604
0.0060000 4.3661776
0.0070000 45.5317116
0.0080000 -24.7668419
0.0090000 -13.1242113
0.0100000 31.3220997
0.0110000 71.4977264
0.0120000 -49.1916313
0.0130000 -4.2010045
0.0140000 -46.0970955
0.0150000 15.2859163
0.0160000 -42.1981888
0.0170000 -5.1489439
0.0180000 2.9699581
0.0190000 29.8686943
0.0200000 -23.2710114
0.0210000 -12.7306499
0.0220000 -56.9528351
0.0230000 -2.3483024
0.0240000 14.1602764
0.0250000 56.7970695
0.0260000 -22.1457596
0.0270000 20.5023060
0.0280000 49.7177544
0.0290000 49.9070511
0.0300000 -73.8821106
0.0310000 -44.3121758
0.0320000 -39.4678955
0.0330000 -66.2577438
0.0340000 -26.1995430
0.0350000 24.5353489
0.0360000 79.4348984
0.0370000 -42.3042183
0.0380000 10.3411150
0.0390000 -43.9680328
0.0400000 -75.0782242
0.0410000 60.2789116
0.0420000 14.0161486
0.0430000 -0.0675125
0.0440000 -6.5895839
0.0450000 -3.6920345
0.0460000 26.9681416
0.0470000 52.2581253
0.0480000 -35.8184776
0.0490000 19.9155903
0.0500000 -47.9902267
0.0510000 16.7136669
0.0520000 15.6203070
0.0530000 26.2819538
0.0540000 31.2509556
0.0550000 14.6875525
0.0560000 24.9402885
0.0570000 -98.6052170
0.0580000 -29.3329544
0.0590000 -7.1688576
0.0600000 -22.8872261
0.0610000 35.1758270
0.0620000 -11.2070818
0.0630000 -36.1724358
0.0640000 -8.0521555
0.0650000 29.5569000
0.0660000 15.7436380
0.0670000 43.4447289
0.0680000 3.1504076
0.0690000 -7.6432662
0.0700000 -14.8242941
0.0710000 5.7267222
0.0720000 42.4392853
0.0730000 -5.3643885
0.0740000 49.0716782
0.0750000 -60.0395164
0.0760000 3.0910733
0.0770000 -25.6896381
0.0780000 81.9599228
0.0790000 -19.2708378
0.0800000 -5.8197613
0.0810000 -53.0759697
0.0820000 -26.5699177
0.0830000 -29.9145451
0.0840000 -14.8802023
0.0850000 -43.0925598
0.0860000 -66.2999115
0.0870000 -6.4664183
0.0880000 20.4839802
0.0890000 52.4013824
0.0900000 -21.0986176
0.0910000 -36.3493309
0.0920000 51.7341156
0.0930000 10.3203573
0.0940000 24.7813148
0.0950000 16.7974892
0.0960000 -3.3671927
0.0970000 -16.5454693
0.0980000 51.0162582
0.0990000 -32.1671677
0.1000000 -46.8638458
0.1010000 -36.1481667
0.1020000 3.8038135
0.1030000 -3.5433450
0.1040000 28.2614460
0.1050000 -53.7750015
0.1060000 17.8652325
0.1070000 40.1637115
0.1080000 -9.5884962
0.1090000 -31.0284996
0.1100000 -29.6812878
0.1110000 -49.0972595
0.1120000 -31.5364151
0.1130000 32.1193848
0.1140000 93.9544525
0.1150000 6.6388450
0.1160000 0.3604552
0.1170000 -7.8654203
0.1180000 18.7532158
0.1190000 57.4320526
0.1200000 17.8159180
0.1210000 25.1605759
0.1220000 16.0370369
0.1230000 55.2054863
0.1240000 -16.2691536
0.1250000 -16.0328484
0.1260000 7.5418720
0.1270000 45.4524460
0.1280000 -51.8559074
0.1290000 -12.1066990
0.1300000 59.2981300
0.1310000 18.9786663
0.1320000 10.9070148
0.1330000 -31.8472691
0.1340000 -3.8714151
0.1350000 -38.8706818
0.1360000 -10.8776522
0.1370000 11.0961523
0.1380000 -27.5187607
0.1390000 9.1441898
0.1400000 -32.4732475
0.1410000 -7.8318963
0.1420000 -5.3483696
0.1430000 -0.5755149
0.1440000 -7.2765722
0.1450000 -1.5720389
0.1460000 53.3238602
0.1470000 24.2731590
0.1480000 41.3217087
0.1490000 -15.8765669
0.1500000 -38.1981468
0.1510000 17.7516956
0.1520000 -36.2747841
0.1530000 25.5799255
0.1540000 -8.5816488
0.1550000 33.2450256
0.1560000 -10.9728584
0.1570000 53.4455605
0.1580000 -1.0974271
0.1590000 -22.1692162
0.1600000 -18.6180382
0.1610000 -10.0160923
0.1620000 -55.9442024
0.1630000 47.7912941
0.1640000 -35.9892082
0.1650000 30.4151993
0.1660000 -32.0111046
0.1670000 -11.1322937
0.1680000 34.9272308
0.1690000 1.5255897
0.1700000 31.3948631
0.1710000 -8.5605841
0.1720000 -10.9229250
0.1730000 16.3243561
0.1740000 -45.5211411
0.1750000 4.8305936
0.1760000 33.3623352
0.1770000 -19.8442421
0.1780000 -74.4763107
0.1790000 -46.9538078
0.1800000 -0.6742570
0.1810000 38.9407082
0.1820000 40.3083572
0.1830000 -60.5716324
0.1840000 113.0349197
0.1850000 41.0659714
0.1860000 -77.2185059
0.1870000 -2.2758727
0.1880000 -14.9208555
0.1890000 -5.9218159
0.1900000 -6.8439331
0.1910000 -4.4153361
0.1920000 -43.9843216
0.1930000 -8.7862244
0.1940000 68.1711578
0.1950000 -16.7011700
0.1960000 10.3493614
0.1970000 -26.0196419
0.1980000 13.5583744
0.1990000 5.2937822
0.2000000 -20.3406487
0.2010000 78.5869751
0.2020000 18.8207016
0.2030000 -8.5201941
0.2040000 -0.4066328
0.2050000 11.1297331
0.2060000 6.7775736
0.2070000 22.9959641
0.2080000 -24.0298538
0.2090000 36.7529793
0.2100000 -53.0793381
0.2110000 -61.2366104
0.2120000 -11.6043730
0.2130000 -21.1166821
0.2140000 21.3699913
0.2150000 -40.4716263
0.2160000 21.5743961
0.2170000 -21.0817585
0.2180000 -30.5527573
0.2190000 -6.9625435
0.2200000 107.7731552
0.2210000 26.9595776
0.2220000 28.4467697
0.2230000 55.0785599
0.2240000 48.5231934
0.2250000 -28.8183727
0.2260000 -4.8585396
0.2270000 65.6924438
0.2280000 -23.6877289
0.2290000 30.2077446
0.2300000 -5.1643820
0.2310000 -22.1432266
0.2320000 5.0768824
0.2330000 9.5233803
0.2340000 14.7019396
0.2350000 -51.0266418
0.2360000 46.3357124
0.2370000 11.8638515
0.2380000 35.2504120
0.2390000 -63.5949936
0.2400000 -54.5447159
0.2410000 -88.2902908
0.2420000 -29.1191292
0.2430000 -42.5413895
0.2440000 10.6065655
0.2450000 -27.1104851
0.2460000 36.7758369
0.2470000 -0.8100706
0.2480000 63.3963928
0.2490000 58.5182838
0.2500000 -86.9997101
0.2510000 -4.2177668
0.2520000 -24.5754337
0.2530000 15.4959755
0.2540000 25.6087856
0.2550000 60.4216652
0.2560000 -0.6994557
0.2570000 34.8814011
0.2580000 6.6025443
0.2590000 34.1707191
0.2600000 -14.9358320
0.2610000 24.9690437
0.2620000 7.3142509
0.2630000 24.9041519
0.2640000 -38.5217094
0.2650000 -28.8215466
0.2660000 28.4001446
0.2670000 29.7720776
0.2680000 -34.3265495
0.2690000 -49.8765678
0.2700000 2.5065029
0.2710000 9.7240648
0.2720000 9.9782267
0.2730000 -47.9741096
0.2740000 17.0286961
0.2750000 72.3696289
0.2760000 14.8942118
0.2770000 -54.2193108
0.2780000 27.7657280
0.2790000 43.6123886
0.2800000 -28.3435745
0.2810000 -9.2379570
0.2820000 2.8703845
0.2830000 -26.3778191
0.2840000 -17.3660202
0.2850000 -51.1782799
0.2860000 14.6428356
0.2870000 -15.7084684
0.2880000 68.1439209
0.2890000 19.0840187
0.2900000 -84.0327835
0.2910000 -46.9089813
0.2920000 0.5352541
0.2930000 70.3732605
0.2940000 -33.1221199
0.2950000 20.4947300
0.2960000 -53.9646835
0.2970000 1.5640090
0.2980000 16.1660347
0.2990000 -24.0755825
0.3000000 -15.8115025
0.3010000 -22.0359268
0.3020000 8.3198738
0.3030000 91.9180756
0.3040000 9.1485758
0.3050000 -19.5848923
0.3060000 6.1125317
0.3070000 15.1550903
0.3080000 -58.9979172
0.3090000 26.2618790
0.3100000 54.6875610
0.3110000 -12.0426235
0.3120000 -25.8492947
0.3130000 6.1919880
0.3140000 8.7916832
0.3150000 -15.0946970
0.3160000 -17.3975315
0.3170000 -2.2089314
0.3180000 9.0476837
0.3190000 14.9293251
0.3200000 -50.6095734
0.3210000 56.6256866
0.3220000 3.0224383
0.3230000 -4.6497703
0.3240000 14.3087320
0.3250000 16.7363186
0.3260000 -48.8121147
0.3270000 13.1315556
0.3280000 -29.1487370
0.3290000 31.7344933
0.3300000 23.6950035
0.3310000 -40.7674179
0.3320000 -15.3377333
0.3330000 4.9276166
0.3340000 28.7764664
0.3350000 56.9931221
0.3360000 -21.3541870
0.3370000 48.6975441
0.3380000 7.9164977
0.3390000 46.4213676
0.3400000 -6.4600077
0.3410000 12.0901203
0.3420000 33.4892426
0.3430000 35.9296379
0.3440000 5.1569576
0.3450000 10.8469515
0.3460000 18.0452633
0.3470000 -11.5448456
0.3480000 50.9094467
0.3490000 -6.3105316
0.3500000 -18.2362270
0.3510000 -70.0722122
0.3520000 19.7875595
0.3530000 -15.1914797
0.3540000 -24.0705471
0.3550000 43.0175133
0.3560000 20.1389847
0.3570000 -37.4796715
0.3580000 34.9021645
0.3590000 8.2918119
0.3600000 -28.4392700
0.3610000 -0.7015201
0.3620000 -18.7067070
0.3630000 37.2007332
0.3640000 -18.9023991
0.3650000 44.6024055
0.3660000 23.4879894
0.3670000 19.9265594
0.3680000 -10.7344618
0.3690000 3.5807066
0.3700000 -0.7041616
0.3710000 -34.6181221
0.3720000 12.4889898
0.3730000 6.4735742
0.3740000 -31.9159222
0.3750000 -7.3338327
0.3760000 21.9313583
0.3770000 -5.4801869
0.3780000 21.5954037
0.3790000 31.1889343
0.3800000 0.6268046
0.3810000 29.7130718
0.3820000 -50.8126221
0.3830000 -31.3508015
0.3840000 26.6105423
0.3850000 21.9445477
0.3860000 -30.2982216
0.3870000 -61.8995247
0.3880000 -31.7942390
0.3890000 -13.1652470
0.3900000 -12.0703058
0.3910000 -5.9973917
0.3920000 29.7611961
0.3930000 -23.6013985
0.3940000 51.0735359
0.3950000 20.9271584
0.3960000 -28.7127857
0.3970000 -47.3302536
0.3980000 15.2341785
0.3990000 -2.1424844
0.4000000 -31.1282368
0.4010000 30.6485386
0.4020000 -12.6338768
0.4030000 5.7426562
0.4040000 44.9913788
0.4050000 -0.5404605
0.4060000 5.7164559
0.4070000 22.3597126
0.4080000 37.0084419
0.4090000 11.7977257
0.4100000 7.9683061
0.4110000 30.1677094
0.4120000 33.4307404
0.4130000 -8.6355934
0.4140000 -1.0724480
0.4150000 26.1503773
0.4160000 36.2331390
0.4170000 -33.6318970
0.4180000 9.5478992
0.4190000 15.9189148
0.4200000 -3.6934316
0.4210000 -26.5146599
0.4220000 12.7450686
0.4230000 -49.6065369
0.4240000 0.5491843
0.4250000 32.4918442
0.4260000 -34.8806458
0.4270000 43.4062805
0.4280000 -10.9787560
0.4290000 46.7710724
0.4300000 52.8232155
0.4310000 14.2812500
0.4320000 -15.3139715
0.4330000 -11.6398125
0.4340000 10.0874739
0.4350000 58.1489449
0.4360000 -17.5386066
0.4370000 8.9255781
0.4380000 -34.8256760
0.4390000 9.7579851
0.4400000 -30.1991291
0.4410000 -28.7314072
0.4420000 -74.0353546
0.4430000 -59.7435036
0.4440000 -32.7177696
0.4450000 -8.7688084
0.4460000 12.6535959
0.4470000 -64.2575607
0.4480000 20.6552887
0.4490000 -1.0863284
0.4500000 27.0899239
0.4510000 -31.2164764
0.4520000 45.4433250
0.4530000 2.2065458
0.4540000 -14.7350483
0.4550000 -37.4768372
0.4560000 15.8827715
0.4570000 55.4144592
0.4580000 26.1355667
0.4590000 20.7756920
0.4600000 -2.3538735
0.4610000 55.1220436
0.4620000 -17.5318890
0.4630000 74.0376205
0.4640000 13.4068670
0.4650000 -3.7296748
0.4660000 32.2866058
0.4670000 29.3737183
0.4680000 20.5164909
0.4690000 -37.0867157
0.4700000 -47.9357147
0.4710000 -49.1885490
0.4720000 -6.8467879
0.4730000 2.6768699
0.4740000 42.9976540
0.4750000 11.4075718
0.4760000 24.5640678
0.4770000 18.5090904
0.4780000 -47.1017036
0.4790000 -39.9421158
0.4800000 11.8565588
0.4810000 -15.1507988
0.4820000 76.8401871
0.4830000 47.9553452
0.4840000 16.2595882
0.4850000 -44.0430756
0.4860000 -41.1929741
0.4870000 -30.7914677
0.4880000 7.5186749
0.4890000 -12.4146357
0.4900000 -14.7968607
0.4910000 -43.8057098
0.4920000 -35.0151138
0.4930000 -10.5126724
0.4940000 -15.7368717
0.4950000 38.9893532
0.4960000 -2.5331023
0.4970000 -16.4629631
0.4980000 12.0018911
0.4990000 16.2798214
0.5000000 10.4577284
0.5010000 3.8943691
0.5020000 6.8314543
0.5030000 17.8655777
0.5040000 -16.3169403
0.5050000 11.2551155
0.5060000 -5.6322112
0.5070000 -46.9478645
0.5080000 -18.1265717
0.5090000 6.4066930
0.5100000 -7.2519369
0.5110000 -73.8102264
0.5120000 28.5539436
0.5130000 -25.6141720
0.5140000 21.4673138
0.5150000 52.1129799
0.5160000 -9.1888981
0.5170000 14.0893936
0.5180000 -25.8349304
0.5190000 -33.9240570
0.5200000 15.3086214
0.5210000 15.3487616
0.5220000 22.9831734
0.5230000 -35.6654930
0.5240000 -18.1744900
0.5250000 1.5005605
0.5260000 39.6060333
0.5270000 4.9572415
0.5280000 10.6173725
0.5290000 -54.6564865
0.5300000 28.5635357
0.5310000 -31.8812618
0.5320000 43.7404938
0.5330000 24.8895988
0.5340000 -14.7585268
0.5350000 9.7883587
0.5360000 10.7253084
0.5370000 -21.4496555
0.5380000 39.8052559
0.5390000 -11.3612156
0.5400000 -18.5641079
0.5410000 -3.9940615
0.5420000 57.7487411
0.5430000 30.4222507
0.5440000 -10.9402256
0.5450000 32.0835800
0.5460000 -70.2629623
0.5470000 -44.4624176
0.5480000 24.1128197
0.5490000 -49.0609207
0.5500000 -39.7949867
0.5510000 9.1650009
0.5520000 24.6767845
0.5530000 -49.7599182
0.5540000 47.8788719
0.5550000 37.9836159
0.5560000 -8.7374420
0.5570000 -78.5750427
0.5580000 23.8018837
0.5590000 -11.7216425
0.5600000 18.3404694
0.5610000 -32.4802208
0.5620000 25.3866196
0.5630000 -18.4845505
0.5640000 44.3713799
0.5650000 7.0460181
0.5660000 -26.8250465
0.5670000 44.0364037
0.5680000 -4.2412963
0.5690000 92.2333527
0.5700000 59.5306435
0.5710000 -24.0169983
0.5720000 13.9991083
0.5730000 -23.1055870
0.5740000 -32.9483032
0.5750000 -0.2297219
0.5760000 37.4225044
0.5770000 1.0534468
0.5780000 15.2603483
0.5790000 27.8438911
0.5800000 -36.4068260
0.5810000 -10.6875868
0.5820000 -67.1916504
0.5830000 -50.4917145
0.5840000 9.3833399
0.5850000 30.7369213
0.5860000 2.8817692
0.5870000 -64.8126068
0.5880000 -1.2326854
0.5890000 -5.1401105
0.5900000 -20.7247429
0.5910000 -6.0952344
0.5920000 14.5024920
0.5930000 -22.3468018
0.5940000 -29.6791401
0.5950000 39.1837959
0.5960000 -33.9185028
0.5970000 18.8051300
0.5980000 15.6084814
0.5990000 10.7661495
0.6000000 -17.4816532
0.6010000 19.6000328
0.6020000 -18.7362728
0.6030000 49.2678528
0.6040000 27.2853451
0.6050000 -20.2655029
0.6060000 -0.6899874
0.6070000 -15.8362827
0.6080000 3.0824380
0.6090000 -5.6671343
0.6100000 45.8542442
0.6110000 43.2657280
0.6120000 45.5185547
0.6130000 42.6489525
0.6140000 -30.7603207
0.6150000 -2.9391589
0.6160000 -2.7202156
0.6170000 54.7567406
0.6180000 8.2027388
0.6190000 44.8913269
0.6200000 54.5621033
0.6210000 -44.4022560
0.6220000 -1.5991459
0.6230000 58.9981079
0.6240000 25.8300190
0.6250000 -0.4990852
0.6260000 -29.5431633
0.6270000 -65.5663376
0.6280000 -12.1127291
0.6290000 9.4731569
0.6300000 1.8511639
0.6310000 -23.1630859
0.6320000 -12.6500921
0.6330000 30.1800632
0.6340000 -68.6448669
0.6350000 22.9964561
0.6360000 14.6472435
0.6370000 29.7351704
0.6380000 -20.1285839
0.6390000 80.8315735
0.6400000 -44.6882629
0.6410000 7.6127524
0.6420000 -46.8538475
0.6430000 -21.2976112
0.6440000 32.0118713
0.6450000 32.9654236
0.6460000 -18.3367271
0.6470000 21.4409447
0.6480000 -59.7169724
0.6490000 -31.4523239
0.6500000 -38.1231880
0.6510000 -48.2119751
0.6520000 -46.0463829
0.6530000 46.9261055
0.6540000 26.3648968
0.6550000 39.2218742
0.6560000 -3.0658181
0.6570000 3.7190218
0.6580000 -17.1489048
0.6590000 -22.9724998
0.6600000 14.2384882
0.6610000 32.5880852
0.6620000 -67.4445343
0.6630000 -30.3229294
0.6640000 1.1319960
0.6650000 10.8242617
0.6660000 -23.0733032
0.6670000 -51.1212997
0.6680000 26.6932602
0.6690000 5.8017716
0.6700000 11.2525244
0.6710000 20.8551292
0.6720000 3.2433622
0.6730000 2.8749721
0.6740000 37.2093353
0.6750000 -11.0037775
0.6760000 -3.0517716
0.6770000 -63.8641701
0.6780000 -12.5434494
0.6790000 24.0457821
0.6800000 0.0374400
0.6810000 18.0115356
0.6820000 48.3881035
0.6830000 -18.5838413
0.6840000 10.0511065
0.6850000 53.2671738
0.6860000 -4.5740495
0.6870000 61.4555206
0.6880000 5.3900084
0.6890000 -25.4688988
0.6900000 -47.3260765
0.6910000 -17.8864384
0.6920000 -29.6117878
0.6930000 -20.2522736
0.6940000 -59.4586525
0.6950000 28.6232872
0.6960000 -49.0107918
0.6970000 -45.3867722
0.6980000 -23.4538860
0.6990000 16.5157051
0.7000000 29.8374825
0.7010000 -11.3383684
0.7020000 -55.1311455
0.7030000 5.5466046
0.7040000 4.4305329
0.7050000 5.9046884
0.7060000 -63.7353630
0.7070000 17.4409409
0.7080000 35.4859276
0.7090000 0.1206893
0.7100000 -24.9093895
0.7110000 73.2067261
0.7120000 16.4199619
0.7130000 41.0387917
0.7140000 1.6227430
0.7150000 15.7209415
0.7160000 -67.3873062
0.7170000 -49.4086609
0.7180000 -55.5422745
0.7190000 -25.5104904
0.7200000 -13.1241055
0.7210000 -32.7481804
0.7220000 -54.8659782
0.7230000 -13.8144464
0.7240000 -8.5264835
0.7250000 -77.4947281
0.7260000 -68.4166260
0.7270000 -42.0908699
0.7280000 24.2928276
0.7290000 18.9517345
0.7300000 -0.3365397
0.7310000 17.3772717
0.7320000 17.1067696
0.7330000 -10.9031363
0.7340000 -26.8058052
0.7350000 -8.5557928
0.7360000 58.3734589
0.7370000 13.1919069
0.7380000 -14.4609118
0.7390000 -79.3820419
0.7400000 41.5759048
0.7410000 -13.9402866
0.7420000 20.0719833
0.7430000 -5.0226102
0.7440000 -11.5220079
0.7450000 8.2191362
0.7460000 15.2343636
0.7470000 -0.2690589
0.7480000 28.3727818
0.7490000 19.8721771
0.7500000 61.5275536
0.7510000 20.5381927
0.7520000 62.8249474
0.7530000 35.7067184
0.7540000 -5.6860499
0.7550000 -21.0720844
0.7560000 49.3315239
0.7570000 -35.5959053
0.7580000 -13.5296478
0.7590000 -83.7634888
0.7600000 51.7757950
0.7610000 -43.3794975
0.7620000 38.9262924
0.7630000 -38.4624176
0.7640000 -17.6691246
0.7650000 -12.8574085
0.7660000 -49.9852867
0.7670000 -20.2476177
0.7680000 -15.3916073
0.7690000 -15.2197838
0.7700000 9.9541531
0.7710000 -14.7543335
0.7720000 0.9532031
0.7730000 38.4155540
0.7740000 -18.1413059
0.7750000 -51.1257591
0.7760000 -55.8401222
0.7770000 -31.1015034
0.7780000 -7.6967673
0.7790000 -22.1900501
0.7800000 13.6463146
0.7810000 -19.9109306
0.7820000 33.4210854
0.7830000 28.2781639
0.7840000 -24.0693302
0.7850000 15.2154121
0.7860000 -38.4784851
0.7870000 -90.3676605
0.7880000 28.1837234
0.7890000 26.9605980
0.7900000 -25.3993797
0.7910000 20.4447193
0.7920000 -68.1069794
0.7930000 -12.8767757
0.7940000 18.9292698
0.7950000 7.7766933
0.7960000 34.0604248
0.7970000 -59.7576523
0.7980000 -35.6374512
0.7990000 16.5255337
0.8000000 27.5244980
0.8010000 47.1823120
0.8020000 45.8681717
0.8030000 -33.6565475
0.8040000 38.8824005
0.8050000 35.2930107
0.8060000 41.9700546
0.8070000 -2.8339412
0.8080000 -20.3009491
0.8090000 3.1255233
0.8100000 20.9319744
0.8110000 -8.3597021
0.8120000 -41.4306908
0.8130000 29.7599182
0.8140000 15.1292772
0.8150000 -31.6985989
0.8160000 -31.7874012
0.8170000 -52.4465103
0.8180000 -45.0218697
0.8190000 -15.2194424
0.8200000 82.6727295
0.8210000 12.7220030
0.8220000 40.0504990
0.8230000 35.2335739
0.8240000 -17.8272743
0.8250000 -14.5647373
0.8260000 -55.4144592
0.8270000 12.0897017
0.8280000 -66.1816635
0.8290000 -37.2724648
0.8300000 -1.9528878
0.8310000 -43.8907051
0.8320000 21.5887184
0.8330000 -2.6425903
0.8340000 -11.5373592
0.8350000 -23.4986286
0.8360000 0.7813074
0.8370000 -40.6603203
0.8380000 9.6334887
0.8390000 39.7964096
0.8400000 -3.5867875
0.8410000 -60.4486465
0.8420000 -33.9193954
0.8430000 114.1582718
0.8440000 -37.5665054
0.8450000 -13.3250141
0.8460000 30.6728878
0.8470000 33.3987846
0.8480000 -18.7623749
0.8490000 62.7084236
0.8500000 50.8989563
0.8510000 -18.5570335
0.8520000 22.9642887
0.8530000 -16.5752335
0.8540000 -45.4569550
0.8550000 25.5768986
0.8560000 -11.3065233
0.8570000 -21.1684170
0.8580000 -14.2171803
0.8590000 -20.7029705
0.8600000 -11.7212601
0.8610000 -20.8819752
0.8620000 -24.9086037
0.8630000 -13.0145197
0.8640000 17.6146412
0.8650000 -68.0001068
0.8660000 6.4580259
0.8670000 -20.9655437
0.8680000 -45.5746994
0.8690000 -39.2088509
0.8700000 -16.5461197
0.8710000 14.0515261
0.8720000 7.8821402
0.8730000 27.0073471
0.8740000 23.7088318
0.8750000 -14.8206911
0.8760000 -30.2494411
0.8770000 -21.2612972
0.8780000 5.8560452
0.8790000 30.4044895
0.8800000 -57.0785637
0.8810000 61.0156708
0.8820000 -6.9801679
0.8830000 11.9174175
0.8840000 45.9882240
0.8850000 -58.0640907
0.8860000 -17.7710457
0.8870000 44.6764297
0.8880000 11.7784452
0.8890000 24.0459690
0.8900000 -9.8019190
0.8910000 52.4427299
0.8920000 3.6597373
0.8930000 82.3012390
0.8940000 -71.6302795
0.8950000 -49.4112091
0.8960000 35.4071388
0.8970000 1.9601225
0.8980000 -40.4562416
0.8990000 1.1813369
0.9000000 -64.0730743
0.9010000 -5.3814197
0.9020000 36.2604561
0.9030000 -46.2354965
0.9040000 18.7317848
0.9050000 8.3664303
0.9060000 40.8334770
0.9070000 -1.4531888
0.9080000 -45.5993347
0.9090000 15.4481459
0.9100000 20.3905964
0.9110000 -1.8523527
0.9120000 -14.2423515
0.9130000 -35.5512352
0.9140000 -39.2461090
0.9150000 25.2129135
0.9160000 -9.3771334
0.9170000 69.8785248
0.9180000 50.0503464
0.9190000 -5.2447987
0.9200000 2.6147897
0.9210000 0.5122136
0.9220000 3.0665898
0.9230000 -39.9748154
0.9240000 -87.1427994
0.9250000 38.0420494
0.9260000 -58.5352592
0.9270000 2.7461023
0.9280000 -45.1616554
0.9290000 -4.4584780
0.9300000 -31.1725178
0.9310000 -0.5335182
0.9320000 -33.7667122
0.9330000 19.9451103
0.9340000 -68.3757629
0.9350000 33.7150116
0.9360000 42.9453773
0.9370000 -14.9127226
0.9380000 43.2713013
0.9390000 -40.9983139
0.9400000 24.6931572
0.9410000 38.5818253
0.9420000 4.9675274
0.9430000 5.5454135
0.9440000 -20.1971531
0.9450000 25.5471077
0.9460000 -39.0052605
0.9470000 50.5043297
0.9480000 -25.9226322
0.9490000 -7.8743858
0.9500000 21.6532822
0.9510000 13.2755394
0.9520000 -27.0080395
0.9530000 -9.2880507
0.9540000 -38.3824997
0.9550000 8.9101715
0.9560000 50.6157227
0.9570000 -46.4731789
0.9580000 -30.7461033
0.9590000 -8.7913351
0.9600000 -9.9945936
0.9610000 -35.9558678
0.9620000 28.9273987
0.9630000 -36.9923248
0.9640000 12.9739590
0.9650000 36.6077080
0.9660000 -16.1535435
0.9670000 48.7718353
0.9680000 19.2802505
0.9690000 30.3535652
0.9700000 -43.2311020
0.9710000 24.4052582
0.9720000 105.5152054
0.9730000 -2.9326720
0.9740000 29.9760609
0.9750000 -33.1370163
0.9760000 -58.7542801
0.9770000 -26.8336067
0.9780000 1.5016102
0.9790000 69.8318253
0.9800000 79.8067322
0.9810000 -23.4804859
0.9820000 -3.0148067
0.9830000 -1.4064448
0.9840000 -44.6816254
0.9850000 -39.7992668
0.9860000 48.7353249
0.9870000 15.7309866
0.9880000 -37.0786629
0.9890000 -87.5907288
0.9900000 -62.9029961
0.9910000 21.0308914
0.9920000 -28.3595448
0.9930000 -25.8658924
0.9940000 36.2783928
0.9950000 26.6336079
0.9960000 71.3028107
0.9970000 13.5253572
0.9980000 59.0823288
0.9990000 29.2874584
