0.0000000 7.4376545
0.0010000 19.6624622
0.0020000 -7.9183908
0.0030000 10.5020838
0.0040000 24.6497746
0.0050000 -16.4281120
0.0060000 42.4230843
0.0070000 -6.2321792
0.0080000 24.9737492
0.0090000 7.9201412
0.0100000 55.6539764
0.0110000 -33.7893600
0.0120000 38.0459976
0.0130000 -10.7991858
0.0140000 -1.3632762
0.0150000 -0.9810813
0.0160000 -62.4592285
0.0170000 38.9028664
0.0180000 -10.4869642
0.0190000 -58.2607689
0.0200000 -21.0027084
0.0210000 24.7965279
0.0220000 -11.5742941
0.0230000 1.8807013
0.0240000 22.7866573
0.0250000 49.2857094
0.0260000 6.4834681
0.0270000 -45.4349632
0.0280000 5.1642880
0.0290000 -19.3903236
0.0300000 24.1066113
0.0310000 -67.7519073
0.0320000 19.2527599
0.0330000 -57.6820259
0.0340000 33.4145508
0.0350000 9.8789358
0.0360000 -0.1621705
0.0370000 29.0314617
0.0380000 -59.4685135
0.0390000 -2.6201239
0.0400000 18.0893211
0.0410000 -3.6963060
0.0420000 -8.8556051
0.0430000 -37.1725273
0.0440000 -15.2195358
0.0450000 -0.3752079
0.0460000 19.7044945
0.0470000 -66.4411163
0.0480000 -26.0211048
0.0490000 1.8350178
0.0500000 -41.8015060
0.0510000 35.6163750
0.0520000 -33.5472946
0.0530000 27.0994186
0.0540000 13.2595606
0.0550000 -4.7749362
0.0560000 19.4973660
0.0570000 20.6597919
0.0580000 18.7143784
0.0590000 -5.7389755
0.0600000 -55.5433578
0.0610000 6.1009398
0.0620000 18.5779953
0.0630000 0.2084984
0.0640000 48.4469719
0.0650000 -3.9387250
0.0660000 25.8686199
0.0670000 22.0398121
0.0680000 -3.5374784
0.0690000 -11.6010799
0.0700000 -8.4095507
0.0710000 56.8957596
0.0720000 5.1220751
0.0730000 19.6276150
0.0740000 -39.6875191
0.0750000 11.0723143
0.0760000 -38.5391731
0.0770000 -7.7516584
0.0780000 10.0933571
0.0790000 -4.5366054
0.0800000 -52.4656944
0.0810000 12.0583067
0.0820000 27.3927975
0.0830000 9.1999979
0.0840000 12.5877924
0.0850000 -72.1602631
0.0860000 -6.5976682
0.0870000 23.0590534
0.0880000 25.5707588
0.0890000 -64.9469910
0.0900000 -51.5307198
0.0910000 4.9113903
0.0920000 -24.2588596
0.0930000 -3.7490923
0.0940000 -13.4294500
0.0950000 15.9087458
0.0960000 3.5016024
0.0970000 18.6421337
0.0980000 -39.0773468
0.0990000 -20.1520023
0.1000000 16.3012676
0.1010000 -4.4716244
0.1020000 18.2144699
0.1030000 38.9854965
0.1040000 -25.0163002
0.1050000 37.8482513
0.1060000 -3.8380151
0.1070000 1.1949394
0.1080000 22.0405674
0.1090000 -66.7025146
0.1100000 -2.4743481
0.1110000 -31.5475750
0.1120000 2.4742663
0.1130000 11.2531643
0.1140000 -20.9076309
0.1150000 -25.7342205
0.1160000 -53.7318306
0.1170000 0.5250924
0.1180000 48.0886612
0.1190000 45.3849335
0.1200000 -34.7602234
0.1210000 48.0037842
0.1220000 81.7842865
0.1230000 63.7786064
0.1240000 -3.7299252
0.1250000 -17.6944332
0.1260000 13.1001167
0.1270000 -41.3183136
0.1280000 -43.9797783
0.1290000 -42.2363205
0.1300000 6.0246062
0.1310000 2.8767231
0.1320000 21.7955971
0.1330000 23.0526066
0.1340000 -21.4876862
0.1350000 -34.2442474
0.1360000 -38.9269295
0.1370000 0.9038507
0.1380000 -0.1892087
0.1390000 5.0836573
0.1400000 -13.8673458
0.1410000 -40.7445526
0.1420000 -63.9085388
0.1430000 65.9475555
0.1440000 40.8595810
0.1450000 45.3407593
0.1460000 -13.3482351
0.1470000 -20.4644127
0.1480000 -50.5297890
0.1490000 3.6571872
0.1500000 8.4501791
0.1510000 -44.4141045
0.1520000 -47.1271286
0.1530000 19.0859261
0.1540000 -20.3760891
0.1550000 -55.0110550
0.1560000 24.7133846
0.1570000 11.5076513
0.1580000 -48.1027031
0.1590000 -8.6048403
0.1600000 25.0217857
0.1610000 20.7912674
0.1620000 42.6316795
0.1630000 37.6842155
0.1640000 -24.5319519
0.1650000 -2.6856415
0.1660000 -34.1639366
0.1670000 52.2882423
0.1680000 -18.7650185
0.1690000 19.9032173
0.1700000 -88.7781677
0.1710000 29.9456425
0.1720000 61.3457489
0.1730000 -6.7275262
0.1740000 124.0660248
0.1750000 25.9932690
0.1760000 18.7788639
0.1770000 8.6346321
0.1780000 -27.0292492
0.1790000 25.6552372
0.1800000 -36.7446594
0.1810000 9.5682087
0.1820000 -35.6431084
0.1830000 67.9544678
0.1840000 71.6453247
0.1850000 -6.7694755
0.1860000 1.0041214
0.1870000 -12.7820177
0.1880000 14.9435215
0.1890000 -39.4457588
0.1900000 -6.5640693
0.1910000 28.0123806
0.1920000 -32.0642967
0.1930000 33.8575974
0.1940000 -15.9087563
0.1950000 -10.5547829
0.1960000 34.9090271
0.1970000 -41.3114204
0.1980000 -31.2771950
0.1990000 107.0207901
0.2000000 -1.3453425
0.2010000 -8.4823971
0.2020000 10.3012285
0.2030000 41.3477821
0.2040000 21.3801079
0.2050000 29.5782337
0.2060000 -2.5673676
0.2070000 -12.8105736
0.2080000 19.3001957
0.2090000 -1.2038369
0.2100000 -63.2330170
0.2110000 44.4392548
0.2120000 -34.5693703
0.2130000 56.1042213
0.2140000 -22.1883011
0.2150000 -19.0566883
0.2160000 -33.7854996
0.2170000 23.9777336
0.2180000 -27.4684334
0.2190000 42.0900116
0.2200000 2.4937770
0.2210000 -4.0709510
0.2220000 -10.1880407
0.2230000 -35.7078552
0.2240000 -35.6478004
0.2250000 30.2288380
0.2260000 12.7542124
0.2270000 -46.3732109
0.2280000 3.2302897
0.2290000 -45.1797485
0.2300000 -25.9429474
0.2310000 -6.8350291
0.2320000 19.3984146
0.2330000 23.6775913
0.2340000 28.5460663
0.2350000 -7.6417494
0.2360000 -36.4445267
0.2370000 -49.2781334
0.2380000 -5.5065403
0.2390000 -17.9535046
0.2400000 -23.9816513
0.2410000 -2.1991935
0.2420000 28.5110207
0.2430000 1.3504773
0.2440000 -50.6998787
0.2450000 7.3630657
0.2460000 10.8494358
0.2470000 8.6281471
0.2480000 -15.2608223
0.2490000 12.8308372
0.2500000 24.2321663
0.2510000 52.9464531
0.2520000 -15.9778347
0.2530000 96.2906876
0.2540000 13.1512480
0.2550000 47.5300751
0.2560000 31.2426853
0.2570000 34.1946411
0.2580000 -61.2751732
0.2590000 -11.9863529
0.2600000 68.1006393
0.2610000 -45.5855484
0.2620000 -60.3133774
0.2630000 4.7310004
0.2640000 14.4382267
0.2650000 -14.3998089
0.2660000 -11.5548229
0.2670000 25.7967873
0.2680000 1.7485068
0.2690000 -10.8205290
0.2700000 54.4893188
0.2710000 31.8131161
0.2720000 75.2610550
0.2730000 -15.4295683
0.2740000 27.7174110
0.2750000 34.2207527
0.2760000 -56.8050652
0.2770000 10.9017820
0.2780000 104.4704742
0.2790000 3.7158635
0.2800000 -23.3671112
0.2810000 25.8551846
0.2820000 -8.8381367
0.2830000 -45.3484230
0.2840000 74.1449509
0.2850000 -30.1565342
0.2860000 -59.4429321
0.2870000 -0.6289371
0.2880000 -0.2850758
0.2890000 89.2867584
0.2900000 23.1301098
0.2910000 39.1368484
0.2920000 -22.2803440
0.2930000 6.2998142
0.2940000 -22.1941814
0.2950000 -10.8938370
0.2960000 -0.4299909
0.2970000 -20.4448929
0.2980000 -47.6910896
0.2990000 36.2072945
0.3000000 16.8745880
0.3010000 -14.8084698
0.3020000 8.6716242
0.3030000 -37.3755417
0.3040000 5.5311961
0.3050000 58.4570084
0.3060000 -12.6476345
0.3070000 16.4028702
0.3080000 38.4645004
0.3090000 9.3004303
0.3100000 70.5122070
0.3110000 -34.9725304
0.3120000 -42.0083847
0.3130000 -38.2108231
0.3140000 20.5667877
0.3150000 -26.4091263
0.3160000 14.6486540
0.3170000 9.7961655
0.3180000 33.6696358
0.3190000 16.9338112
0.3200000 41.6216393
0.3210000 26.7791348
0.3220000 -32.7381210
0.3230000 -43.8615227
0.3240000 -44.7576370
0.3250000 -3.3905170
0.3260000 -31.4387932
0.3270000 20.8709450
0.3280000 35.0015602
0.3290000 -5.4872103
0.3300000 -35.8985367
0.3310000 29.5810814
0.3320000 12.5843658
0.3330000 -64.9754486
0.3340000 -32.4805145
0.3350000 47.3125038
0.3360000 23.7184181
0.3370000 -0.7109036
0.3380000 51.3979149
0.3390000 -38.8611946
0.3400000 17.9952183
0.3410000 67.2926559
0.3420000 -49.9353065
0.3430000 -17.7171021
0.3440000 31.7723579
0.3450000 56.7576218
0.3460000 42.6227837
0.3470000 20.6116219
0.3480000 -25.9429817
0.3490000 -58.5148849
0.3500000 -40.3497505
0.3510000 8.6015415
0.3520000 -7.9601827
0.3530000 12.1613693
0.3540000 -3.6918623
0.3550000 -45.9914169
0.3560000 -30.5697994
0.3570000 45.8230858
0.3580000 45.2978363
0.3590000 -46.7105675
0.3600000 11.8804684
0.3610000 -28.5755348
0.3620000 -66.2158127
0.3630000 -13.7144651
0.3640000 4.1354456
0.3650000 -4.1337662
0.3660000 -61.4130020
0.3670000 7.4509568
0.3680000 -8.7929201
0.3690000 -0.4109392
0.3700000 -4.2440114
0.3710000 47.1693192
0.3720000 39.6157570
0.3730000 -6.7821736
0.3740000 -24.2664623
0.3750000 -30.9676971
0.3760000 -51.0273514
0.3770000 11.4269924
0.3780000 -10.2841663
0.3790000 -53.4991379
0.3800000 -45.8892250
0.3810000 -9.3882599
0.3820000 36.3546829
0.3830000 -14.8397865
0.3840000 7.0685592
0.3850000 45.6206284
0.3860000 7.3621430
0.3870000 10.5874538
0.3880000 -116.1511230
0.3890000 50.2412910
0.3900000 -14.9404945
0.3910000 -36.4301643
0.3920000 14.7933598
0.3930000 -31.9308319
0.3940000 -33.6060486
0.3950000 -52.9255180
0.3960000 77.1619797
0.3970000 -54.0446815
0.3980000 -58.5501785
0.3990000 8.7849636
0.4000000 -59.3028984
0.4010000 66.9801331
0.4020000 42.3232956
0.4030000 47.8078499
0.4040000 -23.5976257
0.4050000 -25.0926075
0.4060000 -14.1839046
0.4070000 9.1968718
0.4080000 -13.1034956
0.4090000 -45.3423080
0.4100000 -2.0042095
0.4110000 20.4087563
0.4120000 3.0737164
0.4130000 -38.2370911
0.4140000 8.4702644
0.4150000 21.5353184
0.4160000 11.4967251
0.4170000 15.1874905
0.4180000 19.9771500
0.4190000 -2.5430160
0.4200000 -65.6879425
0.4210000 -3.7947650
0.4220000 52.5732384
0.4230000 12.6744232
0.4240000 -3.4946525
0.4250000 -41.5060463
0.4260000 -26.0572300
0.4270000 17.9649773
0.4280000 53.5628166
0.4290000 -26.8797245
0.4300000 88.7484894
0.4310000 -26.8301010
0.4320000 17.5214500
0.4330000 40.3254700
0.4340000 18.3225498
0.4350000 32.7333145
0.4360000 -20.1432362
0.4370000 -13.2257881
0.4380000 51.1493912
0.4390000 7.0217304
0.4400000 -104.3994293
0.4410000 19.0384426
0.4420000 37.4306984
0.4430000 10.1645203
0.4440000 -18.8188896
0.4450000 -73.8997269
0.4460000 -21.2636280
0.4470000 8.9506598
0.4480000 63.6097221
0.4490000 9.7469759
0.4500000 16.0102558
0.4510000 3.5609562
0.4520000 21.7116127
0.4530000 19.5845299
0.4540000 16.5225372
0.4550000 36.4184875
0.4560000 9.7858133
0.4570000 8.7566309
0.4580000 32.7999573
0.4590000 59.5503807
0.4600000 72.6794205
0.4610000 26.2938709
0.4620000 -74.9582596
0.4630000 -24.6164379
0.4640000 -32.0503311
0.4650000 39.7938156
0.4660000 -0.4863794
0.4670000 -26.4631710
0.4680000 0.7811270
0.4690000 -59.0701332
0.4700000 -16.5036678
0.4710000 -33.5889053
0.4720000 -35.8144875
0.4730000 23.3167667
0.4740000 0.8199902
0.4750000 -38.2343559
0.4760000 20.1523399
0.4770000 -41.9682999
0.4780000 62.6865883
0.4790000 -7.8741255
0.4800000 -13.7506142
0.4810000 12.0886898
0.4820000 -61.4477196
0.4830000 -49.2708397
0.4840000 -54.9097252
0.4850000 -17.8409500
0.4860000 3.1570773
0.4870000 -56.8308258
0.4880000 33.4663277
0.4890000 45.2853317
0.4900000 69.8670578
0.4910000 -15.7303028
0.4920000 24.7098980
0.4930000 -42.0627785
0.4940000 11.7248764
0.4950000 48.7283058
0.4960000 61.4784775
0.4970000 19.0795574
0.4980000 -7.6645541
0.4990000 17.1575718
0.5000000 -25.9459629
0.5010000 0.5639926
0.5020000 -46.4104576
0.5030000 -29.5863914
0.5040000 -82.1053391
0.5050000 -4.7937794
0.5060000 24.3255692
0.5070000 -47.5278511
0.5080000 -31.6371613
0.5090000 -23.8551140
0.5100000 -48.0992432
0.5110000 69.0130157
0.5120000 -40.6810265
0.5130000 -23.2610683
0.5140000 -36.2342529
0.5150000 -33.0295486
0.5160000 -33.5651093
0.5170000 8.0341892
0.5180000 12.0755320
0.5190000 14.8240099
0.5200000 26.8246880
0.5210000 -11.0924759
0.5220000 33.0259209
0.5230000 1.1810726
0.5240000 77.0665588
0.5250000 45.8552933
0.5260000 9.2517176
0.5270000 -49.0325813
0.5280000 -7.0611715
0.5290000 12.8092213
0.5300000 29.1480560
0.5310000 -63.4201927
0.5320000 27.0637646
0.5330000 15.9778585
0.5340000 -23.2618351
0.5350000 -19.7705250
0.5360000 -25.6238003
0.5370000 38.4384460
0.5380000 -21.3267784
0.5390000 4.3504081
0.5400000 -80.2659607
0.5410000 50.5794067
0.5420000 -30.8845348
0.5430000 -74.3204651
0.5440000 -22.6632080
0.5450000 2.5756276
0.5460000 25.9721737
0.5470000 12.5630102
0.5480000 9.7063541
0.5490000 22.1569958
0.5500000 2.3101051
0.5510000 -40.0759315
0.5520000 22.6191387
0.5530000 29.5363331
0.5540000 13.4434080
0.5550000 -20.2758560
0.5560000 33.1843567
0.5570000 -29.6085358
0.5580000 97.8605804
0.5590000 -10.4093266
0.5600000 -30.0096016
0.5610000 28.3437519
0.5620000 29.8084927
0.5630000 49.9381790
0.5640000 29.4260406
0.5650000 47.4085541
0.5660000 -17.8034801
0.5670000 -2.7653470
0.5680000 44.1017570
0.5690000 -5.7343140
0.5700000 13.7911205
0.5710000 -2.0064104
0.5720000 -18.8045216
0.5730000 -10.8799505
0.5740000 119.8089905
0.5750000 18.7107410
0.5760000 19.6042919
0.5770000 22.1613541
0.5780000 -24.5855389
0.5790000 23.9383678
0.5800000 -3.2879088
0.5810000 14.1429920
0.5820000 -40.8420944
0.5830000 -18.8181229
0.5840000 -37.8067093
0.5850000 24.7735119
0.5860000 8.6844187
0.5870000 -18.9824696
0.5880000 -22.9505157
0.5890000 46.5799980
0.5900000 1.7171878
0.5910000 1.4295435
0.5920000 -34.2661285
0.5930000 -14.7026320
0.5940000 23.7338829
0.5950000 2.0832455
0.5960000 -67.6931381
0.5970000 -107.3571701
0.5980000 10.7063284
0.5990000 -49.5786591
0.6000000 -30.0296478
0.6010000 5.0311160
0.6020000 64.7303772
0.6030000 35.8273773
0.6040000 21.1956425
0.6050000 -36.4311676
0.6060000 32.5834808
0.6070000 -34.4064255
0.6080000 64.6458435
0.6090000 53.8097687
0.6100000 -6.8951645
0.6110000 -16.6943493
0.6120000 -49.0899086
0.6130000 -28.4229164
0.6140000 27.2513618
0.6150000 32.0982323
0.6160000 -27.3819103
0.6170000 -9.8609638
0.6180000 48.4288902
0.6190000 10.8681526
0.6200000 26.1841030
0.6210000 -13.6524305
0.6220000 -19.9037380
0.6230000 -15.4399853
0.6240000 30.5250187
0.6250000 -13.6302729
0.6260000 -7.7368541
0.6270000 7.6997695
0.6280000 9.4812250
0.6290000 50.2945366
0.6300000 -4.0639768
0.6310000 45.4863319
0.6320000 23.0335960
0.6330000 34.2003632
0.6340000 -5.3943071
0.6350000 -24.1400757
0.6360000 37.3679504
0.6370000 -7.6448679
0.6380000 5.1852164
0.6390000 -43.8517456
0.6400000 -31.1374722
0.6410000 50.5060310
0.6420000 15.5137711
0.6430000 -15.6455698
0.6440000 7.6947985
0.6450000 0.5263144
0.6460000 -22.1425629
0.6470000 -12.9012423
0.6480000 -5.5677123
0.6490000 35.6648903
0.6500000 -21.2028561
0.6510000 38.3340988
0.6520000 34.2117577
0.6530000 -28.6727409
0.6540000 16.3278866
0.6550000 60.6840668
0.6560000 -7.4346457
0.6570000 28.6960278
0.6580000 -19.9852028
0.6590000 -52.8744583
0.6600000 -17.7128639
0.6610000 11.0785522
0.6620000 -15.8579292
0.6630000 12.5308695
0.6640000 -36.7771149
0.6650000 -11.2373610
0.6660000 -46.7495880
0.6670000 71.1948471
0.6680000 -26.5807953
0.6690000 52.3572845
0.6700000 7.5354195
0.6710000 -11.0759945
0.6720000 -0.1976347
0.6730000 -19.4062862
0.6740000 -32.4792061
0.6750000 -28.9218845
0.6760000 -43.3697929
0.6770000 2.6253293
0.6780000 44.1441879
0.6790000 52.2636337
0.6800000 -3.7930479
0.6810000 -15.1515293
0.6820000 65.7622986
0.6830000 21.7020378
0.6840000 39.7595253
0.6850000 -12.2403002
0.6860000 -29.4594002
0.6870000 -36.3234940
0.6880000 14.4614716
0.6890000 -29.3711815
0.6900000 30.2380829
0.6910000 18.2363853
0.6920000 10.3284721
0.6930000 -3.7326262
0.6940000 85.0425568
0.6950000 33.7420311
0.6960000 13.4173527
0.6970000 -39.5554695
0.6980000 -36.9684639
0.6990000 -2.6229329
0.7000000 -13.1041870
0.7010000 31.6349373
0.7020000 -36.3148613
0.7030000 33.5515671
0.7040000 -26.8758373
0.7050000 4.0559044
0.7060000 -53.7137566
0.7070000 -47.8767319
0.7080000 82.4947433
0.7090000 7.8054447
0.7100000 28.6695366
0.7110000 21.6233463
0.7120000 0.6626971
0.7130000 24.1376762
0.7140000 15.8494892
0.7150000 -24.4876785
0.7160000 -51.7207909
0.7170000 38.3660316
0.7180000 82.1517715
0.7190000 -28.2429256
0.7200000 33.9133453
0.7210000 5.5316176
0.7220000 -26.5044785
0.7230000 -6.4795241
0.7240000 14.8198519
0.7250000 1.6438168
0.7260000 -43.6381721
0.7270000 79.5486832
0.7280000 -4.3656244
0.7290000 51.7153816
0.7300000 24.8334942
0.7310000 11.7846203
0.7320000 -52.8061523
0.7330000 -34.8519211
0.7340000 28.6025696
0.7350000 42.9898682
0.7360000 -21.5976009
0.7370000 12.1488276
0.7380000 6.1993484
0.7390000 -22.0915985
0.7400000 26.9400158
0.7410000 43.4857674
0.7420000 -11.4893904
0.7430000 17.1836109
0.7440000 -55.6458130
0.7450000 25.8719902
0.7460000 -44.7738762
0.7470000 9.3121052
0.7480000 31.4986401
0.7490000 30.0565662
0.7500000 36.2299690
0.7510000 46.3698044
0.7520000 47.5062180
0.7530000 -13.5039930
0.7540000 -16.3914108
0.7550000 -6.4223328
0.7560000 36.7554245
0.7570000 -1.6658061
0.7580000 48.8847046
0.7590000 -3.3883576
0.7600000 -89.2777023
0.7610000 -74.5692139
0.7620000 14.3472939
0.7630000 -48.5411835
0.7640000 -19.8342018
0.7650000 39.3462486
0.7660000 -16.2714005
0.7670000 3.0480397
0.7680000 -10.5403366
0.7690000 29.4077587
0.7700000 -41.9349785
0.7710000 13.6640377
0.7720000 12.1614943
0.7730000 39.6896324
0.7740000 -0.7527144
0.7750000 -23.5856686
0.7760000 55.6175613
0.7770000 -33.9371338
0.7780000 -68.6707611
0.7790000 0.3166624
0.7800000 -76.6039886
0.7810000 -11.3061247
0.7820000 -42.7581596
0.7830000 -5.8253102
0.7840000 -7.9810710
0.7850000 58.2549515
0.7860000 -11.2900829
0.7870000 51.3498764
0.7880000 36.6360893
0.7890000 17.8535557
0.7900000 8.4957066
0.7910000 12.7975807
0.7920000 26.7230587
0.7930000 -25.1366062
0.7940000 11.7380180
0.7950000 -44.4386139
0.7960000 74.8418655
0.7970000 30.5270348
0.7980000 -84.3629150
0.7990000 -21.7127151
0.8000000 -41.0415077
0.8010000 4.3935771
0.8020000 -27.5995979
0.8030000 -2.1807022
0.8040000 29.4644299
0.8050000 10.1489630
0.8060000 -22.1059685
0.8070000 42.3027000
0.8080000 -20.2157993
0.8090000 -5.7607770
0.8100000 -89.5956421
0.8110000 -44.5087013
0.8120000 27.2288570
0.8130000 -10.3410254
0.8140000 31.9579811
0.8150000 -37.7753258
0.8160000 -67.2660980
0.8170000 17.2667160
0.8180000 -56.4317551
0.8190000 -47.1465492
0.8200000 -12.0576496
0.8210000 15.8824778
0.8220000 -10.3797817
0.8230000 35.1982574
0.8240000 21.7802620
0.8250000 100.1027985
0.8260000 7.2175918
0.8270000 -86.1735764
0.8280000 -9.4163332
0.8290000 -34.0047798
0.8300000 8.3554792
0.8310000 -19.7476597
0.8320000 78.1215057
0.8330000 6.7680464
0.8340000 17.5069485
0.8350000 -2.9462974
0.8360000 20.7931595
0.8370000 51.8767662
0.8380000 11.1794500
0.8390000 9.2564592
0.8400000 -3.5551274
0.8410000 -14.3194838
0.8420000 -13.9982319
0.8430000 -4.8475080
0.8440000 -17.1117630
0.8450000 -8.2339487
0.8460000 -20.1624050
0.8470000 20.0861988
0.8480000 -16.8480263
0.8490000 -47.0372734
0.8500000 3.9819391
0.8510000 23.6674595
0.8520000 39.6103249
0.8530000 -14.2333317
0.8540000 8.3749847
0.8550000 27.8201160
0.8560000 39.2768440
0.8570000 45.6547661
0.8580000 -14.5758905
0.8590000 51.4429321
0.8600000 12.2758512
0.8610000 -17.6946335
0.8620000 -64.6926651
0.8630000 84.4641724
0.8640000 31.3946457
0.8650000 -29.1093121
0.8660000 -54.4421692
0.8670000 -16.7038822
0.8680000 -60.7595825
0.8690000 -19.3018894
0.8700000 7.7268953
0.8710000 21.9939709
0.8720000 -32.7914810
0.8730000 -1.4938364
0.8740000 39.8370667
0.8750000 30.2787971
0.8760000 33.9907074
0.8770000 38.5921974
0.8780000 5.9234524
0.8790000 -32.8466835
0.8800000 -75.0952759
0.8810000 -36.0769768
0.8820000 -27.4780693
0.8830000 6.1085777
0.8840000 -13.9608059
0.8850000 -0.7757508
0.8860000 -31.0077000
0.8870000 1.3587723
0.8880000 51.7613106
0.8890000 -17.0001068
0.8900000 -9.2586241
0.8910000 28.5737991
0.8920000 -17.8490906
0.8930000 26.8703575
0.8940000 14.4191198
0.8950000 -58.2895966
0.8960000 -28.7286434
0.8970000 -63.8419113
0.8980000 -51.6520348
0.8990000 -2.9687133
0.9000000 6.5942497
0.9010000 -56.6485405
0.9020000 1.7848250
0.9030000 -42.1399994
0.9040000 56.3094635
0.9050000 -19.4485283
0.9060000 -34.5887871
0.9070000 -57.8929710
0.9080000 7.5754485
0.9090000 -38.3987160
0.9100000 -17.3807678
0.9110000 -98.6917572
0.9120000 1.9836494
0.9130000 20.2702980
0.9140000 -11.5757093
0.9150000 -22.9882469
0.9160000 25.9435139
0.9170000 13.5615778
0.9180000 62.0605659
0.9190000 -28.5510712
0.9200000 31.7367764
0.9210000 39.6454201
0.9220000 -9.7796154
0.9230000 14.3787918
0.9240000 38.4799614
0.9250000 -59.9956322
0.9260000 2.3862984
0.9270000 -20.7023849
0.9280000 -21.9266052
0.9290000 17.0179539
0.9300000 29.2889996
0.9310000 7.1809368
0.9320000 16.1156254
0.9330000 58.6758766
0.9340000 13.0385523
0.9350000 -46.9278069
0.9360000 -52.5292778
0.9370000 61.7343826
0.9380000 32.8004684
0.9390000 37.6786957
0.9400000 10.5287046
0.9410000 29.0893898
0.9420000 82.3029022
0.9430000 13.5816031
0.9440000 -45.3398514
0.9450000 -43.1638184
0.9460000 16.4321442
0.9470000 -42.5766220
0.9480000 -4.9852014
0.9490000 -12.5679550
0.9500000 0.7945256
0.9510000 -31.3289204
0.9520000 -0.1847597
0.9530000 47.5657463
0.9540000 11.2559710
0.9550000 -48.3250084
0.9560000 28.4771023
0.9570000 -10.4635696
0.9580000 15.3051844
0.9590000 12.7595053
0.9600000 -32.7975960
0.9610000 -14.6705446
0.9620000 -40.7744255
0.9630000 51.0656204
0.9640000 -29.6437378
0.9650000 31.6764889
0.9660000 25.4879169
0.9670000 51.5423012
0.9680000 3.9989026
0.9690000 -19.7635994
0.9700000 5.7799506
0.9710000 -14.4997187
0.9720000 -14.7047081
0.9730000 65.4858780
0.9740000 6.2283792
0.9750000 52.3240547
0.9760000 28.3420467
0.9770000 -55.3644638
0.9780000 -71.4108734
0.9790000 57.5065613
0.9800000 -27.1647835
0.9810000 14.6221313
0.9820000 -53.1609879
0.9830000 -34.6100311
0.9840000 -92.1652908
0.9850000 -25.1841450
0.9860000 -10.9938946
0.9870000 9.7037287
0.9880000 -7.5852003
0.9890000 -1.1581231
0.9900000 -1.3166537
0.9910000 -42.6367531
0.9920000 -29.7931385
0.9930000 -57.7805862
0.9940000 -36.6200218
0.9950000 -3.0948925
0.9960000 5.8724742
0.9970000 15.9029579
0.9980000 5.6388626
0.9990000 -7.1532803
