0.0000000 10.6258574
0.0010000 -10.4077005
0.0020000 -64.8561630
0.0030000 -3.0002115
0.0040000 -18.5907993
0.0050000 -36.7486343
0.0060000 -11.2898731
0.0070000 -41.8557663
0.0080000 6.0582123
0.0090000 12.4429798
0.0100000 3.3117607
0.0110000 36.4726219
0.0120000 -43.2134132
0.0130000 66.9784088
0.0140000 7.6591434
0.0150000 54.1785851
0.0160000 27.3070660
0.0170000 -77.4010696
0.0180000 2.3066163
0.0190000 -44.7491188
0.0200000 -24.9499187
0.0210000 -35.0015221
0.0220000 -44.6622009
0.0230000 -10.5679216
0.0240000 34.4749832
0.0250000 -27.6528625
0.0260000 14.7622004
0.0270000 -27.5497837
0.0280000 60.1178513
0.0290000 92.9075317
0.0300000 -4.1287203
0.0310000 25.0878754
0.0320000 53.5450516
0.0330000 6.4278622
0.0340000 84.0887680
0.0350000 39.9349785
0.0360000 -4.2004180
0.0370000 -14.2998819
0.0380000 -59.0286636
0.0390000 4.9277158
0.0400000 16.7580547
0.0410000 38.5341835
0.0420000 58.4363823
0.0430000 19.1509705
0.0440000 -38.1124878
0.0450000 17.6322346
0.0460000 -41.8303070
0.0470000 19.9756622
0.0480000 26.1354961
0.0490000 72.2639465
0.0500000 14.7939806
0.0510000 38.3912354
0.0520000 -40.1665726
0.0530000 -19.8658009
0.0540000 37.9502563
0.0550000 -28.1796360
0.0560000 -11.1460180
0.0570000 -8.7073441
0.0580000 20.6750298
0.0590000 -52.4569092
0.0600000 -64.5859604
0.0610000 -6.1378341
0.0620000 -19.3657970
0.0630000 0.3514282
0.0640000 62.6103020
0.0650000 -24.4673576
0.0660000 21.4564896
0.0670000 6.6382623
0.0680000 5.5564294
0.0690000 -18.7922115
0.0700000 64.2000351
0.0710000 6.0500002
0.0720000 -13.5085678
0.0730000 -29.6209412
0.0740000 14.3274651
0.0750000 3.2552948
0.0760000 55.8602486
0.0770000 21.7174320
0.0780000 -31.8351936
0.0790000 13.6324272
0.0800000 -44.7631645
0.0810000 69.2639771
0.0820000 -6.2724552
0.0830000 -9.5022392
0.0840000 -12.4796391
0.0850000 -27.6003780
0.0860000 -42.1791954
0.0870000 -21.4662590
0.0880000 24.8655090
0.0890000 39.6996956
0.0900000 -21.3029251
0.0910000 29.2677269
0.0920000 -21.0307426
0.0930000 -9.9728298
0.0940000 -17.6227989
0.0950000 -13.5745802
0.0960000 -7.2969933
0.0970000 -54.2910995
0.0980000 -22.7215824
0.0990000 -11.5361156
0.1000000 22.7165298
0.1010000 6.8590965
0.1020000 45.3280106
0.1030000 -60.7337379
0.1040000 -30.8400383
0.1050000 9.7910614
0.1060000 4.7323971
0.1070000 46.0460587
0.1080000 -20.0249367
0.1090000 -66.4123001
0.1100000 -87.3554459
0.1110000 0.9479638
0.1120000 59.3458252
0.1130000 2.4808991
0.1140000 8.4836884
0.1150000 31.4741058
0.1160000 47.7151604
0.1170000 53.9352684
0.1180000 10.9572649
0.1190000 -91.9333115
0.1200000 -10.5127516
0.1210000 30.8200665
0.1220000 39.3109169
0.1230000 61.5608330
0.1240000 -11.0493889
0.1250000 -1.4791443
0.1260000 1.9211367
0.1270000 22.1562023
0.1280000 -0.3452352
0.1290000 50.7653008
0.1300000 15.2550583
0.1310000 16.4314117
0.1320000 17.9744473
0.1330000 -24.6465454
0.1340000 -20.8754253
0.1350000 -7.9435477
0.1360000 -9.6162138
0.1370000 53.6156616
0.1380000 5.4535327
0.1390000 12.1678438
0.1400000 -31.8353844
0.1410000 8.3993063
0.1420000 -38.8064156
0.1430000 51.9020653
0.1440000 -3.3494701
0.1450000 -19.6048737
0.1460000 43.6779861
0.1470000 24.7708549
0.1480000 -35.4427338
0.1490000 -38.1787682
0.1500000 -25.2721539
0.1510000 -8.0427094
0.1520000 -43.3089561
0.1530000 32.4673119
0.1540000 37.2259941
0.1550000 13.2086411
0.1560000 31.0059490
0.1570000 6.8570185
0.1580000 13.0770054
0.1590000 -27.0987129
0.1600000 -53.0851669
0.1610000 64.9615173
0.1620000 -13.1023626
0.1630000 46.5827675
0.1640000 42.4506989
0.1650000 6.4245305
0.1660000 -63.5523758
0.1670000 60.8476067
0.1680000 0.3030512
0.1690000 48.2813606
0.1700000 4.3677320
0.1710000 -33.1901894
0.1720000 3.9891112
0.1730000 -48.8072128
0.1740000 -28.5365658
0.1750000 34.1549301
0.1760000 -45.3431740
0.1770000 -14.2455530
0.1780000 11.5279512
0.1790000 -21.2354031
0.1800000 4.9003944
0.1810000 -4.4404345
0.1820000 -12.5207272
0.1830000 -18.3900528
0.1840000 73.8625183
0.1850000 10.7762089
0.1860000 -77.9828110
0.1870000 -44.3830299
0.1880000 -26.7816830
0.1890000 -6.7486258
0.1900000 0.2799116
0.1910000 47.3805504
0.1920000 6.7129273
0.1930000 -21.4247570
0.1940000 22.5731964
0.1950000 -14.3041401
0.1960000 -38.6305504
0.1970000 33.8015556
0.1980000 51.5877724
0.1990000 -24.3995457
0.2000000 -2.1225319
0.2010000 -11.0961351
0.2020000 -65.5823975
0.2030000 36.8988266
0.2040000 41.3409538
0.2050000 32.3495178
0.2060000 -21.1540127
0.2070000 -34.4883308
0.2080000 49.3089828
0.2090000 49.8264732
0.2100000 -52.8552170
0.2110000 -17.5967274
0.2120000 -35.3169670
0.2130000 -9.5433979
0.2140000 1.4704554
0.2150000 -12.4810848
0.2160000 9.8315992
0.2170000 38.3202705
0.2180000 -4.7373962
0.2190000 25.2705860
0.2200000 -88.5909805
0.2210000 3.3656905
0.2220000 -46.8853188
0.2230000 -22.5431404
0.2240000 36.0148315
0.2250000 -29.6915417
0.2260000 -43.9877968
0.2270000 -30.0323620
0.2280000 -13.5722618
0.2290000 60.6693192
0.2300000 78.3489914
0.2310000 -29.7383041
0.2320000 26.5992718
0.2330000 21.6808853
0.2340000 11.6944361
0.2350000 29.7520466
0.2360000 -3.6131334
0.2370000 -41.8071899
0.2380000 21.9611492
0.2390000 19.8746853
0.2400000 -96.9350281
0.2410000 -13.3266830
0.2420000 35.3007774
0.2430000 37.1168404
0.2440000 -0.0472122
0.2450000 -7.9642062
0.2460000 -19.8273411
0.2470000 13.5610132
0.2480000 53.9090004
0.2490000 35.2624397
0.2500000 -63.5951462
0.2510000 -22.6323128
0.2520000 52.3513374
0.2530000 7.3563385
0.2540000 8.4281492
0.2550000 10.7436190
0.2560000 -32.5278854
0.2570000 16.9033718
0.2580000 9.3033495
0.2590000 -41.9557915
0.2600000 2.4200361
0.2610000 -22.9720707
0.2620000 -90.2268448
0.2630000 -17.0265293
0.2640000 12.4322596
0.2650000 -21.2459145
0.2660000 -34.3750458
0.2670000 38.9353065
0.2680000 2.1212711
0.2690000 25.8954449
0.2700000 -54.7047081
0.2710000 -27.5207787
0.2720000 8.6941395
0.2730000 15.6355047
0.2740000 -9.3465538
0.2750000 25.0709038
0.2760000 -4.1921163
0.2770000 -3.8951273
0.2780000 19.4875126
0.2790000 6.5556946
0.2800000 -51.0699615
0.2810000 28.7733078
0.2820000 -70.9220047
0.2830000 4.5910273
0.2840000 6.0827856
0.2850000 -22.4155655
0.2860000 14.6031237
0.2870000 -8.7366037
0.2880000 -16.8160210
0.2890000 -86.8195648
0.2900000 16.6947956
0.2910000 -25.5628452
0.2920000 24.8577023
0.2930000 -36.1167831
0.2940000 32.9648056
0.2950000 -33.4516792
0.2960000 -39.1928177
0.2970000 26.5522785
0.2980000 -19.1498184
0.2990000 -5.5945807
0.3000000 8.8622112
0.3010000 23.1475964
0.3020000 -24.8647118
0.3030000 42.4955711
0.3040000 -81.6733627
0.3050000 -70.7854767
0.3060000 40.9018631
0.3070000 82.8444061
0.3080000 -28.5918159
0.3090000 -13.1686449
0.3100000 -40.4284973
0.3110000 -68.9328003
0.3120000 -71.6623154
0.3130000 -52.9975548
0.3140000 -33.0347061
0.3150000 -64.9361877
0.3160000 -46.7118683
0.3170000 -3.6268282
0.3180000 -10.8783350
0.3190000 32.9162827
0.3200000 -22.1628227
0.3210000 -23.6111469
0.3220000 -1.8658580
0.3230000 -7.3666878
0.3240000 23.9857216
0.3250000 38.4677696
0.3260000 -10.8574829
0.3270000 10.3509102
0.3280000 20.9468250
0.3290000 -38.6316299
0.3300000 22.5241470
0.3310000 8.0509014
0.3320000 65.9426727
0.3330000 -33.8628082
0.3340000 -16.8399773
0.3350000 8.7134552
0.3360000 29.4699421
0.3370000 61.3417702
0.3380000 -9.8743420
0.3390000 3.9154267
0.3400000 23.9469204
0.3410000 72.6594849
0.3420000 28.8726292
0.3430000 -7.2984667
0.3440000 44.1962242
0.3450000 52.5834122
0.3460000 -23.9686356
0.3470000 -1.2395022
0.3480000 68.5268402
0.3490000 -71.9615250
0.3500000 -46.8734398
0.3510000 -8.3411541
0.3520000 22.1196823
0.3530000 22.7746487
0.3540000 -32.1687927
0.3550000 24.7101974
0.3560000 -107.1605377
0.3570000 -68.1953812
0.3580000 -75.8225174
0.3590000 -30.2633934
0.3600000 -1.4312658
0.3610000 -95.3633881
0.3620000 18.8938599
0.3630000 36.6409988
0.3640000 -20.5952339
0.3650000 -9.6383705
0.3660000 -20.3544922
0.3670000 -46.2453423
0.3680000 48.9100876
0.3690000 31.9040432
0.3700000 14.2441206
0.3710000 -90.9992142
0.3720000 -1.0355194
0.3730000 16.0873032
0.3740000 47.1969948
0.3750000 -48.1510468
0.3760000 62.1575127
0.3770000 52.0720940
0.3780000 -53.6139641
0.3790000 -57.0343590
0.3800000 14.9163914
0.3810000 2.5782595
0.3820000 43.6171799
0.3830000 46.2039795
0.3840000 -21.0476913
0.3850000 9.0173597
0.3860000 -7.6476974
0.3870000 -15.9315214
0.3880000 -13.3184757
0.3890000 26.7759438
0.3900000 54.1178322
0.3910000 -35.8349648
0.3920000 -58.6798401
0.3930000 39.6176414
0.3940000 39.2020035
0.3950000 -7.6448665
0.3960000 39.6571007
0.3970000 -6.6906919
0.3980000 35.5890427
0.3990000 -87.8474731
0.4000000 -33.6775131
0.4010000 -56.0357819
0.4020000 56.1560860
0.4030000 -28.0171795
0.4040000 -33.6042213
0.4050000 30.9945030
0.4060000 36.6594391
0.4070000 16.8205605
0.4080000 120.7888947
0.4090000 46.9315643
0.4100000 2.5268004
0.4110000 -29.7312965
0.4120000 46.0070343
0.4130000 24.4572372
0.4140000 38.2424469
0.4150000 38.8861198
0.4160000 29.5499306
0.4170000 -47.1689034
0.4180000 -57.2310104
0.4190000 -27.6214638
0.4200000 26.6389866
0.4210000 38.3777733
0.4220000 -80.0234680
0.4230000 18.9221897
0.4240000 48.3094826
0.4250000 -29.4104500
0.4260000 -31.7367439
0.4270000 26.8673916
0.4280000 -39.9179268
0.4290000 -87.9347382
0.4300000 14.3509140
0.4310000 -22.6748714
0.4320000 9.0116491
0.4330000 23.3752956
0.4340000 14.4031048
0.4350000 -13.8066607
0.4360000 -8.9639845
0.4370000 -20.2679958
0.4380000 15.3143826
0.4390000 44.4353638
0.4400000 -16.3130283
0.4410000 -43.0718002
0.4420000 -3.9293921
0.4430000 -0.6389453
0.4440000 34.3890038
0.4450000 -10.8877449
0.4460000 7.7921247
0.4470000 -61.3921661
0.4480000 21.3343773
0.4490000 34.4580536
0.4500000 -7.4210687
0.4510000 7.2270298
0.4520000 9.7619476
0.4530000 -17.7002506
0.4540000 35.9353943
0.4550000 -6.7996058
0.4560000 20.2819881
0.4570000 59.7277222
0.4580000 -26.5346432
0.4590000 -38.1016388
0.4600000 -41.6418266
0.4610000 1.3551722
0.4620000 32.2342453
0.4630000 -35.2303772
0.4640000 -69.1009369
0.4650000 -55.5765533
0.4660000 31.5707531
0.4670000 -42.3278961
0.4680000 0.8946785
0.4690000 -87.7274551
0.4700000 -30.0718651
0.4710000 -43.8940506
0.4720000 -2.9270084
0.4730000 12.6322641
0.4740000 -63.9841461
0.4750000 -54.3884850
0.4760000 -21.4446869
0.4770000 -32.8962860
0.4780000 -24.7477932
0.4790000 -9.6019354
0.4800000 60.0486870
0.4810000 -8.9402599
0.4820000 -35.8153992
0.4830000 -8.8803520
0.4840000 43.0774460
0.4850000 -30.9469128
0.4860000 1.1195419
0.4870000 -53.3058662
0.4880000 44.0385208
0.4890000 3.2244949
0.4900000 20.5904331
0.4910000 -20.1564064
0.4920000 1.1150481
0.4930000 -0.1153353
0.4940000 -49.3204536
0.4950000 47.3812332
0.4960000 2.4833097
0.4970000 -24.1324539
0.4980000 -14.5048332
0.4990000 17.9245987
0.5000000 13.7535028
0.5010000 -16.2490044
0.5020000 -11.6492281
0.5030000 -44.2807579
0.5040000 32.8021469
0.5050000 18.9141235
0.5060000 35.1295395
0.5070000 -51.4889183
0.5080000 -4.6245666
0.5090000 38.0848618
0.5100000 19.3112698
0.5110000 -24.0098324
0.5120000 26.9614563
0.5130000 9.8248072
0.5140000 27.6968956
0.5150000 -11.4773579
0.5160000 11.8742409
0.5170000 28.0650177
0.5180000 15.7020245
0.5190000 5.2194996
0.5200000 0.8643124
0.5210000 42.3298073
0.5220000 34.4396477
0.5230000 -22.4489937
0.5240000 -32.4635086
0.5250000 30.5553818
0.5260000 -27.4710655
0.5270000 -44.1602287
0.5280000 -39.0598831
0.5290000 55.1477585
0.5300000 -1.8788159
0.5310000 -70.1750946
0.5320000 -9.8411579
0.5330000 -1.2498114
0.5340000 9.1588173
0.5350000 54.3513908
0.5360000 -16.4771347
0.5370000 18.7171230
0.5380000 -18.6522369
0.5390000 -11.9872065
0.5400000 -38.3692360
0.5410000 62.6846428
0.5420000 2.8513019
0.5430000 34.8511047
0.5440000 0.6628935
0.5450000 -21.5983276
0.5460000 17.1825542
0.5470000 28.0403099
0.5480000 18.8000927
0.5490000 85.4850082
0.5500000 -38.7308426
0.5510000 36.6400375
0.5520000 -0.1130610
0.5530000 -46.3622780
0.5540000 -10.5247250
0.5550000 -9.3227167
0.5560000 31.1121349
0.5570000 -41.6764450
0.5580000 -70.5872040
0.5590000 -18.8495255
0.5600000 76.7897415
0.5610000 38.6167717
0.5620000 -38.6391754
0.5630000 56.4309502
0.5640000 4.5638080
0.5650000 11.1413403
0.5660000 -10.0514956
0.5670000 47.3561249
0.5680000 23.7570381
0.5690000 -46.1209297
0.5700000 34.7869987
0.5710000 26.3737774
0.5720000 39.4733162
0.5730000 -47.8862228
0.5740000 -45.5227051
0.5750000 21.2191830
0.5760000 -48.5467720
0.5770000 -23.7625351
0.5780000 51.1568604
0.5790000 67.2063141
0.5800000 -3.0662653
0.5810000 2.5104454
0.5820000 34.7439995
0.5830000 -1.5296737
0.5840000 -22.1809902
0.5850000 2.7058139
0.5860000 -17.5752430
0.5870000 15.7155666
0.5880000 34.2208900
0.5890000 15.9514608
0.5900000 21.4384594
0.5910000 81.5313644
0.5920000 -18.0911999
0.5930000 22.0206299
0.5940000 -52.8179779
0.5950000 -37.5443153
0.5960000 -34.7762299
0.5970000 38.2032967
0.5980000 -15.8977394
0.5990000 -7.5028262
0.6000000 -41.8261070
0.6010000 -0.2471091
0.6020000 -49.3597870
0.6030000 -24.2289143
0.6040000 -25.7440491
0.6050000 59.5461922
0.6060000 -37.2450371
0.6070000 -46.5619049
0.6080000 32.9515686
0.6090000 36.7845306
0.6100000 -38.8009758
0.6110000 3.9949706
0.6120000 -9.4884214
0.6130000 12.7777653
0.6140000 -11.7641335
0.6150000 -7.4433136
0.6160000 -7.1286879
0.6170000 -31.4699306
0.6180000 -34.1571503
0.6190000 -33.7930946
0.6200000 8.1877508
0.6210000 -3.4790785
0.6220000 -31.6357861
0.6230000 43.5383339
0.6240000 -4.9460583
0.6250000 -39.0354614
0.6260000 62.5128708
0.6270000 -24.5017605
0.6280000 48.4742851
0.6290000 34.8236504
0.6300000 -12.8919210
0.6310000 -5.8441949
0.6320000 24.6561604
0.6330000 48.5577774
0.6340000 76.9333954
0.6350000 90.3364792
0.6360000 -28.7315483
0.6370000 -49.1535339
0.6380000 -15.7098417
0.6390000 -50.9773178
0.6400000 -22.3036346
0.6410000 47.1223564
0.6420000 22.0114193
0.6430000 85.5997467
0.6440000 -52.2165909
0.6450000 35.9933281
0.6460000 5.6989870
0.6470000 -25.1777878
0.6480000 -28.9779587
0.6490000 4.1404796
0.6500000 -4.4136200
0.6510000 71.7089844
0.6520000 10.0494070
0.6530000 -41.6355362
0.6540000 -0.8890928
0.6550000 -43.6511574
0.6560000 -72.8593292
0.6570000 -38.1726341
0.6580000 -33.8704109
0.6590000 26.2047176
0.6600000 13.9025698
0.6610000 -31.4674873
0.6620000 30.4825230
0.6630000 37.3199310
0.6640000 38.9175224
0.6650000 -46.8139229
0.6660000 21.0997448
0.6670000 60.1040459
0.6680000 -0.9269219
0.6690000 4.1989717
0.6700000 -28.6566277
0.6710000 -1.6837527
0.6720000 9.7734003
0.6730000 -3.8784559
0.6740000 -4.6431494
0.6750000 2.1455209
0.6760000 22.7449818
0.6770000 3.7261910
0.6780000 -25.6476192
0.6790000 31.9918251
0.6800000 -50.8332024
0.6810000 9.6623831
0.6820000 -27.8212128
0.6830000 29.2778454
0.6840000 -34.8329391
0.6850000 -0.8768842
0.6860000 -51.9128571
0.6870000 -57.9526711
0.6880000 49.0417976
0.6890000 -74.8339386
0.6900000 47.2734489
0.6910000 -4.9379287
0.6920000 1.1756964
0.6930000 3.0911105
0.6940000 12.7580557
0.6950000 43.6057587
0.6960000 30.6082878
0.6970000 -38.9581184
0.6980000 -48.7255020
0.6990000 -61.2542534
0.7000000 5.4538455
0.7010000 42.8187981
0.7020000 -50.3555603
0.7030000 -29.0418472
0.7040000 54.3116379
0.7050000 -14.5829973
0.7060000 -37.4464798
0.7070000 55.2402763
0.7080000 15.7818727
0.7090000 -19.6350307
0.7100000 14.8273869
0.7110000 12.0967674
0.7120000 13.7504015
0.7130000 13.9452524
0.7140000 15.8462639
0.7150000 27.4218712
0.7160000 -30.7011604
0.7170000 -15.4100237
0.7180000 -5.4392352
0.7190000 37.6267586
0.7200000 -84.8056412
0.7210000 69.2706070
0.7220000 -50.0792618
0.7230000 -36.3416519
0.7240000 -0.7920095
0.7250000 -9.6535378
0.7260000 -8.5619612
0.7270000 17.6439228
0.7280000 58.5693970
0.7290000 57.1471710
0.7300000 -46.9761086
0.7310000 24.7879486
0.7320000 16.6764164
0.7330000 4.3151441
0.7340000 57.3177948
0.7350000 -36.8133011
0.7360000 14.2319183
0.7370000 5.0740929
0.7380000 -16.6960220
0.7390000 -47.3199463
0.7400000 65.4697418
0.7410000 -12.0844460
0.7420000 -39.8050842
0.7430000 -8.5172892
0.7440000 37.0098381
0.7450000 -37.0996361
0.7460000 38.6512909
0.7470000 16.0150986
0.7480000 -43.3452263
0.7490000 49.8467445
0.7500000 16.8801994
0.7510000 -68.2424316
0.7520000 61.0214653
0.7530000 58.0023079
0.7540000 42.7610970
0.7550000 -30.3889561
0.7560000 -29.9019451
0.7570000 3.3584540
0.7580000 27.8742676
0.7590000 -1.6837578
0.7600000 -48.5085983
0.7610000 10.4859276
0.7620000 35.2246017
0.7630000 4.3540444
0.7640000 18.7147865
0.7650000 -30.4117241
0.7660000 -28.0220795
0.7670000 -61.8463516
0.7680000 -36.3944244
0.7690000 -1.1825894
0.7700000 -5.6546540
0.7710000 -49.2390518
0.7720000 -7.7627935
0.7730000 -12.8380671
0.7740000 -21.9476509
0.7750000 37.4952011
0.7760000 -3.3844440
0.7770000 -37.7300072
0.7780000 36.1463470
0.7790000 1.6611472
0.7800000 -34.3221397
0.7810000 34.9180412
0.7820000 -16.6843891
0.7830000 -25.8603992
0.7840000 66.3595810
0.7850000 -0.4568295
0.7860000 11.3905268
0.7870000 44.6505318
0.7880000 7.1541543
0.7890000 26.8851414
0.7900000 14.5535593
0.7910000 7.6846933
0.7920000 -82.7341843
0.7930000 -39.1378975
0.7940000 -30.4501534
0.7950000 -10.4819298
0.7960000 -17.5290394
0.7970000 2.8444781
0.7980000 -44.6263008
0.7990000 74.6944809
0.8000000 2.6841180
0.8010000 13.1418200
0.8020000 -1.1401281
0.8030000 16.1489334
0.8040000 11.1578741
0.8050000 -3.1989641
0.8060000 43.7036095
0.8070000 32.5226555
0.8080000 54.2724533
0.8090000 7.1140790
0.8100000 82.1990204
0.8110000 -13.5234442
0.8120000 17.1050892
0.8130000 -39.6505470
0.8140000 -20.2183323
0.8150000 -48.4766769
0.8160000 11.9363222
0.8170000 1.6026031
0.8180000 35.8447800
0.8190000 75.7880325
0.8200000 -41.5152054
0.8210000 -3.0081832
0.8220000 35.6275864
0.8230000 -15.9759159
0.8240000 33.5342903
0.8250000 -37.9713135
0.8260000 -16.2957535
0.8270000 0.9954031
0.8280000 -12.1356087
0.8290000 -34.1280861
0.8300000 25.1867085
0.8310000 35.3855019
0.8320000 -13.0849466
0.8330000 -14.6812754
0.8340000 -52.0066566
0.8350000 -33.6257515
0.8360000 11.0447073
0.8370000 39.7556190
0.8380000 22.6370773
0.8390000 -43.2944603
0.8400000 38.4610291
0.8410000 74.7047653
0.8420000 -11.4911633
0.8430000 62.3306999
0.8440000 35.5141182
0.8450000 -74.2058640
0.8460000 -13.8534212
0.8470000 -40.8766861
0.8480000 -59.2783051
0.8490000 15.9992332
0.8500000 15.7480297
0.8510000 24.1496925
0.8520000 17.0894623
0.8530000 38.7334442
0.8540000 -31.5343323
0.8550000 -7.1499166
0.8560000 68.9672852
0.8570000 32.5944290
0.8580000 43.0364380
0.8590000 -55.7839622
0.8600000 -20.3893509
0.8610000 -21.4393177
0.8620000 4.5488377
0.8630000 11.9747562
0.8640000 7.0226245
0.8650000 -48.2772980
0.8660000 10.2495909
0.8670000 21.3872623
0.8680000 17.6661949
0.8690000 25.7109013
0.8700000 -31.7387447
0.8710000 0.9867979
0.8720000 -4.5352392
0.8730000 -0.7575703
0.8740000 -0.8446078
0.8750000 88.4458389
0.8760000 39.0790710
0.8770000 -69.1630249
0.8780000 -28.8432579
0.8790000 -6.6501393
0.8800000 15.9611511
0.8810000 -15.6784344
0.8820000 7.1496043
0.8830000 -38.4106560
0.8840000 51.0185966
0.8850000 -39.2864799
0.8860000 -6.0383997
0.8870000 -12.6515198
0.8880000 3.3071868
0.8890000 16.8315372
0.8900000 -4.0394444
0.8910000 26.5806904
0.8920000 1.8925636
0.8930000 -31.4725723
0.8940000 -31.0317612
0.8950000 1.1683234
0.8960000 -11.7769289
0.8970000 -34.2886200
0.8980000 -64.7322693
0.8990000 69.4090347
0.9000000 46.4683495
0.9010000 49.0314941
0.9020000 54.9491577
0.9030000 -28.6112690
0.9040000 25.3415871
0.9050000 8.5477171
0.9060000 26.9558392
0.9070000 8.5748262
0.9080000 28.0842094
0.9090000 3.8219216
0.9100000 -8.0324965
0.9110000 -59.9607353
0.9120000 -32.7160950
0.9130000 23.5038509
0.9140000 29.8592777
0.9150000 38.2230568
0.9160000 71.0258255
0.9170000 36.8899193
0.9180000 -40.9724770
0.9190000 20.2144794
0.9200000 14.4324608
0.9210000 34.9774399
0.9220000 -1.0268265
0.9230000 26.1336765
0.9240000 -18.8638897
0.9250000 23.3430920
0.9260000 -21.7697048
0.9270000 -20.6331768
0.9280000 17.8270760
0.9290000 -31.2021809
0.9300000 30.3734016
0.9310000 9.3232956
0.9320000 -14.4628382
0.9330000 -18.7363911
0.9340000 -13.9710617
0.9350000 19.0148945
0.9360000 1.9107881
0.9370000 3.9101982
0.9380000 -22.3489647
0.9390000 -30.2480507
0.9400000 -43.2346535
0.9410000 -12.4808674
0.9420000 13.3405895
0.9430000 -12.4148216
0.9440000 -16.1748943
0.9450000 7.8146062
0.9460000 -20.4888344
0.9470000 -20.6135044
0.9480000 -34.2008743
0.9490000 -33.0285759
0.9500000 -74.7562561
0.9510000 55.8000069
0.9520000 -2.0126891
0.9530000 -8.4096527
0.9540000 -62.5739861
0.9550000 17.1593113
0.9560000 -19.9597549
0.9570000 -24.8814812
0.9580000 19.3701878
0.9590000 11.8576403
0.9600000 25.8730125
0.9610000 -13.8903093
0.9620000 -49.0457153
0.9630000 -40.6066818
0.9640000 35.2383156
0.9650000 -1.2596325
0.9660000 15.0628090
0.9670000 -70.7377396
0.9680000 2.9239879
0.9690000 -4.0095272
0.9700000 -1.6359195
0.9710000 26.0909214
0.9720000 87.6542206
0.9730000 -2.7651467
0.9740000 -50.1439590
0.9750000 3.0846043
0.9760000 -17.1046753
0.9770000 -37.7079391
0.9780000 12.2382412
0.9790000 -4.0101042
0.9800000 -22.0829201
0.9810000 -13.7412806
0.9820000 -64.1873245
0.9830000 96.1089783
0.9840000 28.5126343
0.9850000 30.0121632
0.9860000 -50.7106171
0.9870000 1.3177906
0.9880000 12.3457232
0.9890000 3.8687119
0.9900000 -7.2340326
0.9910000 -16.5613899
0.9920000 1.4553758
0.9930000 -5.9956031
0.9940000 44.3470688
0.9950000 16.3166199
0.9960000 -12.4796085
0.9970000 -27.8513489
0.9980000 -13.1899271
0.9990000 -26.4811573
