0.0000000 25.4784584
0.0010000 17.7852840
0.0020000 28.8603897
0.0030000 0.2498202
0.0040000 8.0900555
0.0050000 1.0047474
0.0060000 -51.9517326
0.0070000 0.9397196
0.0080000 -2.8991468
0.0090000 7.4991493
0.0100000 30.4615440
0.0110000 -54.5207977
0.0120000 -0.5470155
0.0130000 -14.3588161
0.0140000 2.8222780
0.0150000 10.6501589
0.0160000 -42.4535789
0.0170000 0.5382712
0.0180000 -19.2642384
0.0190000 21.0204620
0.0200000 41.2390022
0.0210000 -20.0827408
0.0220000 -75.9559326
0.0230000 14.2378407
0.0240000 -44.4717255
0.0250000 62.7347603
0.0260000 -30.9945927
0.0270000 36.7570190
0.0280000 42.6780128
0.0290000 -21.1022301
0.0300000 5.5113087
0.0310000 -19.4645615
0.0320000 -48.5088348
0.0330000 16.9732399
0.0340000 -26.4331532
0.0350000 8.9188652
0.0360000 3.8034763
0.0370000 -5.0310674
0.0380000 27.0962734
0.0390000 34.5020752
0.0400000 -15.8261232
0.0410000 -49.4105339
0.0420000 14.8519115
0.0430000 -42.4581413
0.0440000 18.7536278
0.0450000 43.9702530
0.0460000 -37.5414658
0.0470000 -23.3439426
0.0480000 46.1214867
0.0490000 -29.1252918
0.0500000 61.4566956
0.0510000 15.2938032
0.0520000 -32.7812119
0.0530000 16.7229881
0.0540000 -56.3015709
0.0550000 54.1351624
0.0560000 -56.8406982
0.0570000 4.8294268
0.0580000 -3.1399002
0.0590000 7.8506069
0.0600000 5.9455328
0.0610000 -14.0436125
0.0620000 43.3122902
0.0630000 26.4484406
0.0640000 54.0426216
0.0650000 23.5675507
0.0660000 -13.7941389
0.0670000 -4.8126874
0.0680000 55.7589264
0.0690000 -62.3960991
0.0700000 -58.8489685
0.0710000 -41.4870567
0.0720000 2.4803860
0.0730000 -21.9095554
0.0740000 -20.9245720
0.0750000 -48.5231514
0.0760000 23.3670368
0.0770000 50.7758141
0.0780000 36.7421227
0.0790000 -35.0676422
0.0800000 27.8938179
0.0810000 78.8772354
0.0820000 -11.2809896
0.0830000 -44.1856384
0.0840000 -42.8534775
0.0850000 -14.3634405
0.0860000 17.3168335
0.0870000 11.4204760
0.0880000 29.8092213
0.0890000 24.1293068
0.0900000 -16.2659359
0.0910000 59.7660294
0.0920000 -20.5948105
0.0930000 -15.1652117
0.0940000 42.1512413
0.0950000 -24.5362816
0.0960000 -3.0976045
0.0970000 47.2162361
0.0980000 33.9313240
0.0990000 1.8603342
0.1000000 62.0228043
0.1010000 15.5892324
0.1020000 26.0290642
0.1030000 -35.3096771
0.1040000 -5.9364500
0.1050000 -3.8030024
0.1060000 -18.1857471
0.1070000 31.7585812
0.1080000 55.3888817
0.1090000 10.6240072
0.1100000 52.8790512
0.1110000 -6.3157969
0.1120000 -39.7203178
0.1130000 54.7290955
0.1140000 -23.5724697
0.1150000 -78.4396057
0.1160000 8.8592615
0.1170000 14.2577229
0.1180000 17.1668396
0.1190000 23.8094597
0.1200000 -21.7419167
0.1210000 -19.4614792
0.1220000 -16.8524151
0.1230000 2.6682482
0.1240000 23.5337753
0.1250000 -57.6593323
0.1260000 11.5839195
0.1270000 25.1519604
0.1280000 67.0825272
0.1290000 1.4531245
0.1300000 -53.6898956
0.1310000 -46.2465477
0.1320000 28.8466549
0.1330000 26.4163113
0.1340000 -10.7899551
0.1350000 59.1610527
0.1360000 5.2765594
0.1370000 21.6723042
0.1380000 7.5420814
0.1390000 36.5488739
0.1400000 0.1371583
0.1410000 -38.5321770
0.1420000 -28.7345829
0.1430000 -11.3965769
0.1440000 -25.8152161
0.1450000 4.8513360
0.1460000 1.2247696
0.1470000 25.7047462
0.1480000 3.2088296
0.1490000 22.8808708
0.1500000 34.6272354
0.1510000 3.8547103
0.1520000 -5.8031740
0.1530000 -53.2104492
0.1540000 83.5607605
0.1550000 32.4759483
0.1560000 -0.5511992
0.1570000 42.7558250
0.1580000 44.5651817
0.1590000 22.2236156
0.1600000 -13.2974958
0.1610000 11.6000652
0.1620000 38.5993423
0.1630000 -48.3549309
0.1640000 45.5064926
0.1650000 43.3981781
0.1660000 -5.9192877
0.1670000 -30.5787487
0.1680000 55.9723511
0.1690000 -18.8164349
0.1700000 -30.0065269
0.1710000 -0.4507130
0.1720000 16.2864075
0.1730000 -25.6462135
0.1740000 -15.9918356
0.1750000 22.7247677
0.1760000 -31.8566456
0.1770000 -49.5543594
0.1780000 0.1100337
0.1790000 -5.0430560
0.1800000 -7.8017540
0.1810000 -24.2412128
0.1820000 -0.4266328
0.1830000 -43.1552238
0.1840000 4.3980079
0.1850000 -34.3592072
0.1860000 63.1032372
0.1870000 -37.9674911
0.1880000 -7.3372202
0.1890000 -4.9221883
0.1900000 -23.2896080
0.1910000 -41.0879288
0.1920000 12.6542816
0.1930000 -18.1970825
0.1940000 1.0518438
0.1950000 36.4879074
0.1960000 41.6650085
0.1970000 52.2495232
0.1980000 -19.9965382
0.1990000 -35.4246407
0.2000000 10.2807350
0.2010000 72.4685440
0.2020000 15.6338882
0.2030000 13.9203892
0.2040000 0.6908965
0.2050000 2.2217817
0.2060000 25.0412807
0.2070000 -39.2636719
0.2080000 50.8978119
0.2090000 21.7175751
0.2100000 23.4921150
0.2110000 6.7867742
0.2120000 -31.3450298
0.2130000 6.3436584
0.2140000 -25.2174606
0.2150000 29.0916748
0.2160000 -2.4991791
0.2170000 -20.4768829
0.2180000 63.3197823
0.2190000 1.7054491
0.2200000 -12.3015556
0.2210000 -4.7590666
0.2220000 -9.4508839
0.2230000 61.2330627
0.2240000 24.4384499
0.2250000 -28.9919243
0.2260000 -50.0110817
0.2270000 3.7384653
0.2280000 -80.2881165
0.2290000 26.2527828
0.2300000 -0.5951703
0.2310000 -41.2412987
0.2320000 25.6431332
0.2330000 24.4140797
0.2340000 -29.2514515
0.2350000 -37.1980896
0.2360000 50.2079239
0.2370000 68.8254623
0.2380000 -24.5056229
0.2390000 59.2287903
0.2400000 1.0780787
0.2410000 22.0733109
0.2420000 14.6527882
0.2430000 43.6854973
0.2440000 -32.9462433
0.2450000 -12.2896452
0.2460000 -2.1017616
0.2470000 -32.0352745
0.2480000 54.5840836
0.2490000 -37.7139854
0.2500000 0.6137069
0.2510000 42.0199738
0.2520000 34.4923172
0.2530000 -19.4120483
0.2540000 -15.6805515
0.2550000 53.3414116
0.2560000 9.2966566
0.2570000 13.5434036
0.2580000 7.7334676
0.2590000 -39.0982056
0.2600000 -48.3147049
0.2610000 -40.6426430
0.2620000 35.4596252
0.2630000 19.8882961
0.2640000 3.2025626
0.2650000 20.4035435
0.2660000 -47.2714195
0.2670000 -4.6522560
0.2680000 40.6767578
0.2690000 -16.1189709
0.2700000 -28.0427895
0.2710000 23.4259300
0.2720000 12.1225929
0.2730000 -34.6731949
0.2740000 3.1901662
0.2750000 -2.0272641
0.2760000 1.5183058
0.2770000 -17.7721806
0.2780000 -27.7676926
0.2790000 5.4960022
0.2800000 16.8747807
0.2810000 34.6807899
0.2820000 7.4709406
0.2830000 -119.5271454
0.2840000 -49.6960754
0.2850000 -32.6411591
0.2860000 -28.7846909
0.2870000 37.2084465
0.2880000 -25.5485153
0.2890000 38.3128052
0.2900000 0.1851214
0.2910000 17.6827412
0.2920000 52.2575417
0.2930000 -34.2880516
0.2940000 -14.2716370
0.2950000 -19.8209400
0.2960000 35.9778099
0.2970000 -10.3804770
0.2980000 18.0620213
0.2990000 11.4702787
0.3000000 52.8053322
0.3010000 30.8384266
0.3020000 3.8727357
0.3030000 33.4439774
0.3040000 -31.2687874
0.3050000 -19.6205769
0.3060000 -6.4860396
0.3070000 -92.4233246
0.3080000 -10.4896832
0.3090000 3.1051857
0.3100000 15.0080700
0.3110000 -1.9995543
0.3120000 -33.3573456
0.3130000 52.9520836
0.3140000 -61.5941849
0.3150000 37.6806297
0.3160000 -89.2562027
0.3170000 -19.3724861
0.3180000 9.2802620
0.3190000 108.1372070
0.3200000 33.1647072
0.3210000 24.2226524
0.3220000 10.9185791
0.3230000 3.2683213
0.3240000 38.0519600
0.3250000 29.8545055
0.3260000 -13.3991442
0.3270000 -12.3858385
0.3280000 30.1866283
0.3290000 46.8167381
0.3300000 22.5616970
0.3310000 -17.7655373
0.3320000 -2.5412285
0.3330000 59.0094070
0.3340000 -7.8440275
0.3350000 -4.3581991
0.3360000 59.6316795
0.3370000 -43.8557549
0.3380000 -5.8931246
0.3390000 -45.1364059
0.3400000 -36.0532722
0.3410000 -5.8319769
0.3420000 -17.6088409
0.3430000 72.9916458
0.3440000 13.9772177
0.3450000 17.1933937
0.3460000 4.0707779
0.3470000 10.8551493
0.3480000 -12.2214336
0.3490000 -2.7379994
0.3500000 44.4664268
0.3510000 -36.9220734
0.3520000 -33.3553658
0.3530000 -55.8732262
0.3540000 -3.4125037
0.3550000 -90.0367661
0.3560000 -12.4939766
0.3570000 8.0618505
0.3580000 38.7033844
0.3590000 -73.7306900
0.3600000 35.1767883
0.3610000 -79.1036682
0.3620000 -45.2538986
0.3630000 11.8558836
0.3640000 -1.8396773
0.3650000 53.2213669
0.3660000 -43.2577858
0.3670000 48.4788704
0.3680000 -6.6302304
0.3690000 30.4511395
0.3700000 -40.0253792
0.3710000 49.0145340
0.3720000 71.4414902
0.3730000 13.5481825
0.3740000 21.1626263
0.3750000 -18.0557461
0.3760000 -32.0706139
0.3770000 -17.4380798
0.3780000 16.6195774
0.3790000 -27.8696613
0.3800000 2.7360015
0.3810000 6.6619811
0.3820000 17.4437370
0.3830000 5.8490772
0.3840000 -26.0283241
0.3850000 -12.4259157
0.3860000 -45.3304062
0.3870000 -0.3891252
0.3880000 -43.4047661
0.3890000 56.9367065
0.3900000 -39.6647758
0.3910000 -3.0265505
0.3920000 3.1383176
0.3930000 -64.2944794
0.3940000 -4.2184806
0.3950000 -40.4542770
0.3960000 -75.9491577
0.3970000 36.1617393
0.3980000 -34.8482399
0.3990000 6.4290357
0.4000000 22.1055565
0.4010000 23.1047878
0.4020000 -16.4107971
0.4030000 -34.4351540
0.4040000 14.1826696
0.4050000 17.5060501
0.4060000 -43.1457443
0.4070000 -1.1136078
0.4080000 65.6756439
0.4090000 45.8042412
0.4100000 9.1137791
0.4110000 -3.9013638
0.4120000 -10.7057657
0.4130000 -41.3589745
0.4140000 -45.9823837
0.4150000 -7.5909529
0.4160000 -8.3361206
0.4170000 23.1292534
0.4180000 -20.1652088
0.4190000 -9.4890499
0.4200000 -25.0770550
0.4210000 22.3128548
0.4220000 38.4823532
0.4230000 -2.7134798
0.4240000 -26.7578449
0.4250000 -1.8604250
0.4260000 35.7152061
0.4270000 35.2933731
0.4280000 -49.7294807
0.4290000 38.8090019
0.4300000 7.2927790
0.4310000 24.9394989
0.4320000 18.8777409
0.4330000 33.1719398
0.4340000 13.6611128
0.4350000 13.8994741
0.4360000 -9.1809387
0.4370000 -34.0029831
0.4380000 3.2636306
0.4390000 50.0650406
0.4400000 -18.3824043
0.4410000 6.6758385
0.4420000 27.9263248
0.4430000 43.6320076
0.4440000 -67.1119385
0.4450000 -33.5235023
0.4460000 -0.8126456
0.4470000 44.1447716
0.4480000 36.6200371
0.4490000 13.0600042
0.4500000 7.0110488
0.4510000 -73.0385284
0.4520000 -3.1303344
0.4530000 -29.5716152
0.4540000 41.7491417
0.4550000 17.0953484
0.4560000 31.1990147
0.4570000 42.4822426
0.4580000 2.2053692
0.4590000 42.6604195
0.4600000 27.1956253
0.4610000 81.8837433
0.4620000 -38.0050850
0.4630000 -73.5706787
0.4640000 -10.1166353
0.4650000 -52.1415215
0.4660000 25.4627571
0.4670000 46.9567451
0.4680000 53.6930656
0.4690000 16.6613674
0.4700000 -17.0969448
0.4710000 -2.7077515
0.4720000 -2.6917577
0.4730000 -12.0410070
0.4740000 27.5763798
0.4750000 -12.9600430
0.4760000 41.3493347
0.4770000 -26.6397381
0.4780000 30.0868778
0.4790000 -27.1027241
0.4800000 -24.0928745
0.4810000 4.5240817
0.4820000 69.4291916
0.4830000 -14.1137094
0.4840000 -7.2048101
0.4850000 11.9149046
0.4860000 10.5766449
0.4870000 -8.0125732
0.4880000 3.5494337
0.4890000 6.3281479
0.4900000 52.9710655
0.4910000 19.9589252
0.4920000 7.3304701
0.4930000 39.8391724
0.4940000 46.4112930
0.4950000 50.3917122
0.4960000 40.7357483
0.4970000 -7.1362262
0.4980000 36.4144516
0.4990000 -49.6568260
0.5000000 12.6469126
0.5010000 -22.2637310
0.5020000 -63.2853241
0.5030000 24.5822926
0.5040000 -15.9990139
0.5050000 38.5745201
0.5060000 -0.1832939
0.5070000 7.5567131
0.5080000 -16.4239426
0.5090000 -59.5436897
0.5100000 21.5490131
0.5110000 4.1271863
0.5120000 0.3546144
0.5130000 29.0518665
0.5140000 23.0633659
0.5150000 -14.8094797
0.5160000 18.5101566
0.5170000 14.8368940
0.5180000 -19.3931541
0.5190000 29.7158241
0.5200000 35.9822235
0.5210000 105.6321945
0.5220000 -0.6145933
0.5230000 -33.6354675
0.5240000 -0.6071311
0.5250000 54.1807213
0.5260000 -10.5965395
0.5270000 31.3294277
0.5280000 -5.9130573
0.5290000 22.3573322
0.5300000 1.9131846
0.5310000 49.5601807
0.5320000 35.7636642
0.5330000 42.5081062
0.5340000 11.5317373
0.5350000 -8.8387651
0.5360000 -28.8859882
0.5370000 11.3225098
0.5380000 -25.1044846
0.5390000 -74.5817413
0.5400000 51.7721367
0.5410000 -1.0186528
0.5420000 15.3653774
0.5430000 19.0498199
0.5440000 -15.8151789
0.5450000 8.3249378
0.5460000 68.9593811
0.5470000 33.8975334
0.5480000 -85.7869263
0.5490000 33.2271957
0.5500000 12.6142807
0.5510000 10.2443552
0.5520000 8.2683725
0.5530000 -8.3090506
0.5540000 -25.9406433
0.5550000 0.1077615
0.5560000 -8.1826172
0.5570000 16.2025700
0.5580000 -52.6065445
0.5590000 -28.5757523
0.5600000 0.6646304
0.5610000 81.4294891
0.5620000 9.1592312
0.5630000 12.1491184
0.5640000 -8.9183321
0.5650000 37.0798759
0.5660000 -103.1396027
0.5670000 0.5404622
0.5680000 6.2546268
0.5690000 -15.3243561
0.5700000 5.0235772
0.5710000 -49.4882545
0.5720000 -41.0111504
0.5730000 -51.5098381
0.5740000 -6.5171041
0.5750000 4.1496911
0.5760000 11.6507225
0.5770000 -25.6289883
0.5780000 -14.4373178
0.5790000 2.6919198
0.5800000 1.6631263
0.5810000 34.1160431
0.5820000 44.9093513
0.5830000 -32.9556046
0.5840000 44.2769241
0.5850000 24.9557114
0.5860000 -33.7376328
0.5870000 -66.3782654
0.5880000 3.1063673
0.5890000 -26.2146301
0.5900000 -6.6947322
0.5910000 37.2731133
0.5920000 9.9000492
0.5930000 58.4061279
0.5940000 12.6650810
0.5950000 -14.1276779
0.5960000 -23.6139851
0.5970000 52.5552597
0.5980000 -38.4020004
0.5990000 -9.8782854
0.6000000 99.9241104
0.6010000 -49.8291168
0.6020000 -21.6916466
0.6030000 -23.2846718
0.6040000 16.1243153
0.6050000 19.3183270
0.6060000 39.5031738
0.6070000 -2.3689089
0.6080000 2.1759961
0.6090000 38.4696312
0.6100000 -1.8148186
0.6110000 -3.5286219
0.6120000 -16.9362717
0.6130000 21.5252762
0.6140000 -31.5361366
0.6150000 -38.1506691
0.6160000 -44.0565605
0.6170000 8.4359055
0.6180000 19.2679634
0.6190000 28.5181046
0.6200000 66.6095505
0.6210000 -45.7562904
0.6220000 -4.6683841
0.6230000 19.6752014
0.6240000 -4.8506584
0.6250000 -25.0474205
0.6260000 33.0581017
0.6270000 96.7770538
0.6280000 -32.0719337
0.6290000 36.8605309
0.6300000 -11.5999632
0.6310000 10.3706827
0.6320000 7.1971350
0.6330000 -77.4839935
0.6340000 -0.1031487
0.6350000 -33.7210464
0.6360000 -13.5961857
0.6370000 5.4300342
0.6380000 35.1525650
0.6390000 46.1714783
0.6400000 -8.0163488
0.6410000 -17.0239868
0.6420000 -15.7525406
0.6430000 -5.5861621
0.6440000 -12.2483253
0.6450000 -16.3338261
0.6460000 -13.8408270
0.6470000 50.3355293
0.6480000 -51.9780235
0.6490000 -33.0799675
0.6500000 20.5193939
0.6510000 18.6891594
0.6520000 -31.5573406
0.6530000 -24.5408516
0.6540000 24.2108898
0.6550000 0.9415122
0.6560000 -58.3342056
0.6570000 30.7877445
0.6580000 -20.6813049
0.6590000 -42.2319069
0.6600000 15.4090433
0.6610000 6.6023030
0.6620000 2.4986317
0.6630000 -33.2693558
0.6640000 59.4229889
0.6650000 16.5992508
0.6660000 -20.9675980
0.6670000 32.0538788
0.6680000 -18.8471184
0.6690000 -0.4322396
0.6700000 -42.5593414
0.6710000 80.2947311
0.6720000 4.7752428
0.6730000 2.5887949
0.6740000 -80.0000153
0.6750000 0.4338885
0.6760000 -50.4335632
0.6770000 -90.1475525
0.6780000 -0.9146703
0.6790000 17.5853195
0.6800000 -17.9394093
0.6810000 47.5003204
0.6820000 -52.6692085
0.6830000 52.9907341
0.6840000 0.4232659
0.6850000 -53.7554932
0.6860000 10.4667673
0.6870000 -6.9703903
0.6880000 -6.6026769
0.6890000 -18.1186428
0.6900000 5.8925366
0.6910000 3.7215955
0.6920000 -40.9456978
0.6930000 22.9582176
0.6940000 -14.3824291
0.6950000 55.2962379
0.6960000 52.1888466
0.6970000 -62.9067078
0.6980000 59.0520058
0.6990000 0.7163782
0.7000000 -13.7827473
0.7010000 -8.2514715
0.7020000 61.5237656
0.7030000 -29.4082031
0.7040000 -63.9107742
0.7050000 24.7081642
0.7060000 2.7795131
0.7070000 -18.2294827
0.7080000 0.8757179
0.7090000 -46.5237541
0.7100000 -44.1008873
0.7110000 -20.5576420
0.7120000 17.3191738
0.7130000 36.1919441
0.7140000 53.9463539
0.7150000 38.1473465
0.7160000 -84.8356934
0.7170000 -11.3597994
0.7180000 59.8612900
0.7190000 21.0770988
0.7200000 46.0398331
0.7210000 85.9515076
0.7220000 32.9241333
0.7230000 -70.2429581
0.7240000 -32.1137352
0.7250000 32.1266861
0.7260000 38.1705666
0.7270000 -2.7821743
0.7280000 8.0047579
0.7290000 44.8367386
0.7300000 -13.0734615
0.7310000 -9.2892914
0.7320000 43.6123772
0.7330000 60.0367393
0.7340000 19.0794353
0.7350000 30.7476673
0.7360000 13.9739218
0.7370000 111.0324860
0.7380000 27.8590755
0.7390000 26.6551247
0.7400000 -3.1819637
0.7410000 -18.7903004
0.7420000 -27.2239532
0.7430000 -23.1332016
0.7440000 -23.7528305
0.7450000 -46.8610687
0.7460000 28.5525188
0.7470000 -41.6737823
0.7480000 -44.9652672
0.7490000 -39.0960312
0.7500000 -17.5607815
0.7510000 -57.7301636
0.7520000 43.3578148
0.7530000 42.3916016
0.7540000 -8.1298838
0.7550000 -13.8081293
0.7560000 9.5705738
0.7570000 -13.4709721
0.7580000 59.3137512
0.7590000 61.1318741
0.7600000 -49.6684647
0.7610000 5.7144842
0.7620000 20.2966309
0.7630000 -15.0711555
0.7640000 -17.5060463
0.7650000 33.6516495
0.7660000 21.0370979
0.7670000 -71.9186935
0.7680000 29.4658222
0.7690000 -34.3816261
0.7700000 0.6941642
0.7710000 -11.7824535
0.7720000 -47.4404984
0.7730000 97.5149994
0.7740000 17.0432110
0.7750000 60.3159561
0.7760000 -14.1977339
0.7770000 14.3293333
0.7780000 20.3525963
0.7790000 5.6678267
0.7800000 43.5102692
0.7810000 -40.5239601
0.7820000 45.2743263
0.7830000 19.4529858
0.7840000 11.9541397
0.7850000 65.9122009
0.7860000 4.1666536
0.7870000 -15.1234407
0.7880000 81.5964813
0.7890000 -0.2040436
0.7900000 47.9531670
0.7910000 26.2186356
0.7920000 3.9803603
0.7930000 -6.3465114
0.7940000 -8.5227995
0.7950000 -17.8064098
0.7960000 -17.4725647
0.7970000 -2.5478525
0.7980000 -8.8586636
0.7990000 -36.8787498
0.8000000 11.1946764
0.8010000 -21.3353329
0.8020000 -27.7091198
0.8030000 -18.1228027
0.8040000 1.5239395
0.8050000 -26.2117996
0.8060000 12.1791306
0.8070000 -66.4367371
0.8080000 20.4181957
0.8090000 34.2341881
0.8100000 -49.9024773
0.8110000 -26.0958996
0.8120000 -1.2142392
0.8130000 -50.8907433
0.8140000 40.1384506
0.8150000 14.4130239
0.8160000 43.2904892
0.8170000 -26.8919811
0.8180000 -33.9046478
0.8190000 64.7967529
0.8200000 -9.1577473
0.8210000 -53.6781120
0.8220000 -7.0643549
0.8230000 63.8425484
0.8240000 12.3051157
0.8250000 6.8982606
0.8260000 -40.2168083
0.8270000 39.6279869
0.8280000 9.2775965
0.8290000 -26.9111729
0.8300000 -0.9952632
0.8310000 69.7298279
0.8320000 13.3253183
0.8330000 63.8657036
0.8340000 -12.9303732
0.8350000 -2.1242864
0.8360000 -25.9783592
0.8370000 -32.2617149
0.8380000 -0.1896123
0.8390000 13.3995638
0.8400000 18.4854240
0.8410000 -5.7474895
0.8420000 -27.7799606
0.8430000 25.8026104
0.8440000 -19.2617607
0.8450000 -35.8906403
0.8460000 -38.7992134
0.8470000 10.2955837
0.8480000 1.5825237
0.8490000 -63.8489990
0.8500000 -62.4947281
0.8510000 -25.7210255
0.8520000 19.0444126
0.8530000 35.4015732
0.8540000 -0.5572417
0.8550000 29.5563030
0.8560000 39.9137840
0.8570000 5.2201304
0.8580000 7.5794034
0.8590000 -42.1794739
0.8600000 -15.4820404
0.8610000 -36.0662270
0.8620000 11.7591228
0.8630000 9.6684647
0.8640000 -19.8735199
0.8650000 -2.4058115
0.8660000 -23.6141281
0.8670000 -26.1080036
0.8680000 -4.8302474
0.8690000 -20.7400780
0.8700000 -10.1655369
0.8710000 31.9491005
0.8720000 -37.3240547
0.8730000 -2.2600410
0.8740000 -85.7639847
0.8750000 19.7620926
0.8760000 0.7116411
0.8770000 55.6744194
0.8780000 13.0951471
0.8790000 -14.5833035
0.8800000 87.1044769
0.8810000 9.7145739
0.8820000 32.2273254
0.8830000 15.9248705
0.8840000 -1.2541219
0.8850000 -83.8366394
0.8860000 8.9560852
0.8870000 2.9982603
0.8880000 15.2598743
0.8890000 -28.1239624
0.8900000 16.6667042
0.8910000 52.7956161
0.8920000 33.6815834
0.8930000 9.9655714
0.8940000 -2.7728989
0.8950000 38.8631668
0.8960000 -22.2975311
0.8970000 21.8026695
0.8980000 19.0802212
0.8990000 65.7131348
0.9000000 -11.3909206
0.9010000 21.2839050
0.9020000 31.3999996
0.9030000 13.5097284
0.9040000 -26.5456333
0.9050000 2.1799228
0.9060000 -20.5592747
0.9070000 10.1251087
0.9080000 -41.9608917
0.9090000 43.9079933
0.9100000 -16.1680355
0.9110000 41.5669937
0.9120000 -2.1004362
0.9130000 -37.7468605
0.9140000 41.2413788
0.9150000 58.7392426
0.9160000 -15.7514725
0.9170000 22.3354473
0.9180000 56.5748444
0.9190000 -70.8250656
0.9200000 4.0668459
0.9210000 -28.0802460
0.9220000 -20.4273758
0.9230000 -12.3988638
0.9240000 28.5208683
0.9250000 57.8797760
0.9260000 15.5891018
0.9270000 46.5656509
0.9280000 47.6472893
0.9290000 19.4434624
0.9300000 -65.8732986
0.9310000 33.6528664
0.9320000 -70.9968796
0.9330000 -54.2457733
0.9340000 18.8292027
0.9350000 9.4703064
0.9360000 0.5954318
0.9370000 -10.8178244
0.9380000 -45.2167740
0.9390000 12.9440737
0.9400000 -1.9994208
0.9410000 -28.1101665
0.9420000 -42.4116440
0.9430000 69.4982834
0.9440000 -56.8313026
0.9450000 -34.8854637
0.9460000 20.5136299
0.9470000 -18.2762413
0.9480000 -36.2548332
0.9490000 -19.9676704
0.9500000 64.9505386
0.9510000 -41.3025551
0.9520000 17.0391369
0.9530000 -28.1379204
0.9540000 16.8742638
0.9550000 -40.0709801
0.9560000 51.1642570
0.9570000 -16.8741589
0.9580000 -48.4069977
0.9590000 3.1159716
0.9600000 9.7632513
0.9610000 -40.2848625
0.9620000 -23.6416779
0.9630000 15.9697838
0.9640000 -10.7598038
0.9650000 52.8729210
0.9660000 -24.6872082
0.9670000 14.7770720
0.9680000 -52.1621666
0.9690000 27.6293659
0.9700000 -15.5869541
0.9710000 14.5908260
0.9720000 29.3526001
0.9730000 67.4897995
0.9740000 -14.3863459
0.9750000 69.9090881
0.9760000 -33.7690277
0.9770000 -30.7997169
0.9780000 -63.4490013
0.9790000 34.3254700
0.9800000 8.6146498
0.9810000 51.0012894
0.9820000 -27.9508438
0.9830000 -44.1683159
0.9840000 -5.7212682
0.9850000 -35.5497932
0.9860000 -30.9999695
0.9870000 -38.1395378
0.9880000 7.3840022
0.9890000 21.8422775
0.9900000 -45.9122353
0.9910000 23.9092426
0.9920000 27.7020721
0.9930000 -73.9783401
0.9940000 -7.3922367
0.9950000 67.4665527
0.9960000 -0.4113111
0.9970000 11.8104200
0.9980000 -5.6585712
0.9990000 -12.5520620
