0.0000000 -28.1367931
0.0010000 -18.8673477
0.0020000 -21.5488586
0.0030000 20.3542328
0.0040000 -7.8747497
0.0050000 31.1389790
0.0060000 103.1363678
0.0070000 49.8268547
0.0080000 -24.7287006
0.0090000 -15.2157116
0.0100000 -49.6735954
0.0110000 -44.9917641
0.0120000 1.7613081
0.0130000 -5.4714661
0.0140000 51.1980934
0.0150000 -8.7582073
0.0160000 52.6141777
0.0170000 13.5884209
0.0180000 1.2755035
0.0190000 41.8542709
0.0200000 -9.3013744
0.0210000 3.2646205
0.0220000 52.9221573
0.0230000 -66.9057465
0.0240000 -14.0179510
0.0250000 -6.5550299
0.0260000 61.4940491
0.0270000 -16.7840099
0.0280000 -22.2190437
0.0290000 80.4649277
0.0300000 12.9023085
0.0310000 -33.2044067
0.0320000 -56.5016136
0.0330000 -2.0486550
0.0340000 -35.2727470
0.0350000 -9.3936701
0.0360000 34.6107330
0.0370000 -6.7719893
0.0380000 27.9012222
0.0390000 8.9499035
0.0400000 -7.8471828
0.0410000 -64.6112137
0.0420000 3.9114084
0.0430000 -32.8767815
0.0440000 -21.3205223
0.0450000 -43.1916161
0.0460000 -18.2124310
0.0470000 4.8045731
0.0480000 8.5793457
0.0490000 30.9011364
0.0500000 -45.4477425
0.0510000 -24.4393845
0.0520000 -51.3840103
0.0530000 -70.4952927
0.0540000 -12.9944630
0.0550000 -1.9202590
0.0560000 -24.5954418
0.0570000 41.8264389
0.0580000 26.7067947
0.0590000 -20.6259861
0.0600000 101.0606308
0.0610000 17.8096466
0.0620000 -64.1354065
0.0630000 4.6625419
0.0640000 -15.1459522
0.0650000 29.7479630
0.0660000 15.7529392
0.0670000 -58.0475578
0.0680000 11.8846960
0.0690000 46.5644875
0.0700000 -10.5223999
0.0710000 -34.8769112
0.0720000 -1.2710561
0.0730000 -36.0746956
0.0740000 -25.2246056
0.0750000 31.2485828
0.0760000 -23.6040688
0.0770000 -19.7680511
0.0780000 30.5404778
0.0790000 -74.2127151
0.0800000 -22.1381721
0.0810000 -89.6002579
0.0820000 55.2108612
0.0830000 20.1191368
0.0840000 -15.6660137
0.0850000 7.6077523
0.0860000 36.7739525
0.0870000 18.3905411
0.0880000 -40.3946495
0.0890000 40.8424644
0.0900000 4.6350522
0.0910000 -29.8530312
0.0920000 -25.6684380
0.0930000 -28.6124363
0.0940000 2.2451830
0.0950000 -28.8279686
0.0960000 -47.7531166
0.0970000 38.7073250
0.0980000 58.3869286
0.0990000 -39.3774147
0.1000000 -32.4529877
0.1010000 -89.6454163
0.1020000 50.4350739
0.1030000 17.0790024
0.1040000 28.8305340
0.1050000 21.5520020
0.1060000 -35.1938438
0.1070000 4.2862949
0.1080000 7.4923778
0.1090000 52.3481255
0.1100000 -5.1839910
0.1110000 7.0946684
0.1120000 -18.4408474
0.1130000 -27.4595985
0.1140000 35.5708923
0.1150000 19.3594513
0.1160000 3.0067937
0.1170000 -43.1811562
0.1180000 16.1462307
0.1190000 49.8270073
0.1200000 -34.8854523
0.1210000 29.8248501
0.1220000 -28.2771130
0.1230000 -4.6580625
0.1240000 8.6675959
0.1250000 -46.7824097
0.1260000 -13.9122190
0.1270000 -92.7796402
0.1280000 0.0765574
0.1290000 -106.5335846
0.1300000 31.4495068
0.1310000 37.6799431
0.1320000 -36.7434921
0.1330000 -40.8478737
0.1340000 33.4825096
0.1350000 -61.7645531
0.1360000 -4.9459538
0.1370000 -5.4654107
0.1380000 76.6743622
0.1390000 1.0584213
0.1400000 -11.9095802
0.1410000 27.7582264
0.1420000 9.0241194
0.1430000 -43.3549118
0.1440000 -15.9648857
0.1450000 -46.9171486
0.1460000 44.4249840
0.1470000 -22.1910362
0.1480000 3.0371654
0.1490000 -9.3493996
0.1500000 7.4220419
0.1510000 -14.0001822
0.1520000 24.6531124
0.1530000 -11.1169033
0.1540000 14.4121532
0.1550000 -18.0645981
0.1560000 -21.1052971
0.1570000 -2.5376403
0.1580000 10.1438713
0.1590000 49.0999489
0.1600000 -12.0002069
0.1610000 20.3868179
0.1620000 8.5060472
0.1630000 17.6851959
0.1640000 20.0681591
0.1650000 -31.6570129
0.1660000 30.4630394
0.1670000 14.6074600
0.1680000 -41.1566734
0.1690000 25.7485352
0.1700000 -1.3476001
0.1710000 -18.1129761
0.1720000 6.4415941
0.1730000 -17.2655411
0.1740000 27.3080635
0.1750000 -8.3377171
0.1760000 44.3664742
0.1770000 -0.9105977
0.1780000 -12.1560535
0.1790000 -17.1422195
0.1800000 13.0908899
0.1810000 -1.4032094
0.1820000 -34.8333359
0.1830000 2.3264408
0.1840000 -20.0333977
0.1850000 71.7404099
0.1860000 22.2168465
0.1870000 -26.9765968
0.1880000 15.8789482
0.1890000 7.5956101
0.1900000 -7.8152189
0.1910000 -39.9920502
0.1920000 -50.3883476
0.1930000 2.0304089
0.1940000 -7.7017255
0.1950000 27.3273945
0.1960000 -9.9456291
0.1970000 25.8231812
0.1980000 -5.1993217
0.1990000 -6.9283004
0.2000000 4.7189817
0.2010000 -22.7923164
0.2020000 -19.7753429
0.2030000 8.9300108
0.2040000 17.5942535
0.2050000 14.0734234
0.2060000 55.9540443
0.2070000 2.6480720
0.2080000 7.6647458
0.2090000 -26.2522717
0.2100000 -43.2440987
0.2110000 12.5224791
0.2120000 -20.2224789
0.2130000 14.6175327
0.2140000 2.4037116
0.2150000 -62.8244133
0.2160000 7.8713145
0.2170000 18.8980179
0.2180000 27.8834362
0.2190000 49.3178596
0.2200000 -10.6238823
0.2210000 -19.4000549
0.2220000 -10.6294584
0.2230000 -50.5509605
0.2240000 -13.1492205
0.2250000 -39.7868919
0.2260000 24.3551311
0.2270000 -56.7851410
0.2280000 -3.7821946
0.2290000 8.4323235
0.2300000 12.8979530
0.2310000 -14.0785666
0.2320000 -24.9558620
0.2330000 11.6583233
0.2340000 -10.4593410
0.2350000 -35.5326576
0.2360000 -90.0520859
0.2370000 -55.2999115
0.2380000 40.0787544
0.2390000 2.1264441
0.2400000 -50.2539749
0.2410000 14.5316858
0.2420000 23.5043144
0.2430000 -19.9781647
0.2440000 -56.6221428
0.2450000 -9.1831827
0.2460000 -39.0563049
0.2470000 28.0640373
0.2480000 -14.9977350
0.2490000 20.1625996
0.2500000 1.4838840
0.2510000 60.4649658
0.2520000 42.3721085
0.2530000 24.1912193
0.2540000 -13.7683916
0.2550000 -56.1036758
0.2560000 0.1556555
0.2570000 3.0114958
0.2580000 23.2487240
0.2590000 -20.1995316
0.2600000 49.7273140
0.2610000 -20.6240864
0.2620000 3.8666596
0.2630000 -4.8308353
0.2640000 4.7941246
0.2650000 -3.1821885
0.2660000 63.9311295
0.2670000 -52.6001511
0.2680000 13.1567574
0.2690000 -45.6620598
0.2700000 22.1034889
0.2710000 -49.1082153
0.2720000 36.2446289
0.2730000 -25.6147556
0.2740000 -16.0235081
0.2750000 7.6590667
0.2760000 -33.1703453
0.2770000 -8.8069401
0.2780000 -68.6961441
0.2790000 67.3758698
0.2800000 -58.5693665
0.2810000 17.0829220
0.2820000 1.9018298
0.2830000 -33.7963524
0.2840000 62.7980461
0.2850000 -16.2787075
0.2860000 50.5404663
0.2870000 0.5510548
0.2880000 47.0234756
0.2890000 33.8639259
0.2900000 48.8910599
0.2910000 -21.9671574
0.2920000 -8.2372704
0.2930000 51.3704796
0.2940000 20.7860317
0.2950000 -22.1920109
0.2960000 52.7375336
0.2970000 -11.9378109
0.2980000 -24.7517986
0.2990000 19.6721306
0.3000000 61.8561287
0.3010000 -87.3026123
0.3020000 13.4862318
0.3030000 -22.1722202
0.3040000 10.6502399
0.3050000 -32.1781998
0.3060000 -42.0747375
0.3070000 29.6822948
0.3080000 -56.0847092
0.3090000 27.8247643
0.3100000 16.7823372
0.3110000 14.2154589
0.3120000 -9.6851711
0.3130000 32.2632179
0.3140000 -29.2043610
0.3150000 7.4471278
0.3160000 -26.7551556
0.3170000 1.8406953
0.3180000 10.5188875
0.3190000 3.4952254
0.3200000 -8.8995466
0.3210000 -29.3932800
0.3220000 20.6166821
0.3230000 -6.8113232
0.3240000 59.4040527
0.3250000 5.7895651
0.3260000 13.2880611
0.3270000 -25.5068359
0.3280000 64.0179977
0.3290000 -37.9683609
0.3300000 72.0355377
0.3310000 15.1093159
0.3320000 -38.8667297
0.3330000 28.1990910
0.3340000 66.9776459
0.3350000 -16.0920830
0.3360000 9.8743343
0.3370000 -18.6135883
0.3380000 33.3932228
0.3390000 52.5432129
0.3400000 -17.6909313
0.3410000 17.5306778
0.3420000 -18.9731331
0.3430000 20.7321815
0.3440000 64.9701767
0.3450000 -50.0958557
0.3460000 36.2860184
0.3470000 -19.8930435
0.3480000 -47.3671455
0.3490000 -65.3831253
0.3500000 58.7660675
0.3510000 -29.8050270
0.3520000 -16.5466442
0.3530000 24.7180939
0.3540000 46.0207214
0.3550000 -5.9012332
0.3560000 -37.2569809
0.3570000 63.4843674
0.3580000 -56.7707672
0.3590000 -58.8242416
0.3600000 -47.5672836
0.3610000 18.8167763
0.3620000 -3.9377196
0.3630000 -11.3726616
0.3640000 -35.2210388
0.3650000 -4.7109632
0.3660000 -54.0871468
0.3670000 -68.1311951
0.3680000 -42.0914917
0.3690000 -7.5269074
0.3700000 -47.9977074
0.3710000 -87.1807556
0.3720000 21.7993183
0.3730000 -36.6406708
0.3740000 -44.3339539
0.3750000 -31.9345322
0.3760000 -13.3659039
0.3770000 41.5297813
0.3780000 19.9120178
0.3790000 28.0567226
0.3800000 -0.2925667
0.3810000 -5.3448620
0.3820000 -10.9870443
0.3830000 6.4092927
0.3840000 14.6008825
0.3850000 61.1018867
0.3860000 41.0071144
0.3870000 -55.9366417
0.3880000 31.1912231
0.3890000 20.5263901
0.3900000 -49.4769630
0.3910000 -2.0383201
0.3920000 65.2405243
0.3930000 35.6182747
0.3940000 -3.7874565
0.3950000 -6.7679348
0.3960000 -15.1934938
0.3970000 -49.6348305
0.3980000 4.9672894
0.3990000 54.7121353
0.4000000 77.8129654
0.4010000 32.9238052
0.4020000 44.0751572
0.4030000 -93.2071915
0.4040000 16.7054901
0.4050000 73.0238113
0.4060000 20.2424126
0.4070000 -29.7484798
0.4080000 26.5973015
0.4090000 12.1267738
0.4100000 13.5890522
0.4110000 -17.9027100
0.4120000 33.4012642
0.4130000 61.1921234
0.4140000 -34.9137993
0.4150000 -42.3904228
0.4160000 0.0534921
0.4170000 21.9090118
0.4180000 50.4256363
0.4190000 -32.7768326
0.4200000 17.8767490
0.4210000 -5.8332553
0.4220000 -36.3147888
0.4230000 -0.5196468
0.4240000 -49.0558434
0.4250000 9.2472620
0.4260000 29.7906494
0.4270000 28.9344864
0.4280000 6.4249744
0.4290000 -7.2244458
0.4300000 -28.1192245
0.4310000 19.8567677
0.4320000 10.8225899
0.4330000 -14.7215014
0.4340000 -37.5712662
0.4350000 11.0557184
0.4360000 -9.9731369
0.4370000 -9.1308899
0.4380000 1.1072462
0.4390000 18.1850529
0.4400000 40.8308372
0.4410000 15.6787367
0.4420000 8.3135538
0.4430000 57.6682053
0.4440000 -12.1259260
0.4450000 41.2917213
0.4460000 -18.9081364
0.4470000 -1.8940498
0.4480000 -11.2017717
0.4490000 9.1656799
0.4500000 10.0625677
0.4510000 24.5365295
0.4520000 27.0433674
0.4530000 6.3306971
0.4540000 78.7644501
0.4550000 15.2421665
0.4560000 60.9324875
0.4570000 14.1115055
0.4580000 37.5260353
0.4590000 38.1498070
0.4600000 67.4120865
0.4610000 -6.4231858
0.4620000 30.0653343
0.4630000 -17.4915295
0.4640000 -19.0375881
0.4650000 58.6341667
0.4660000 60.9375191
0.4670000 -90.0716476
0.4680000 -42.1974602
0.4690000 -31.6139755
0.4700000 -56.8330765
0.4710000 -9.0515127
0.4720000 -8.3047657
0.4730000 -21.8247242
0.4740000 -12.4139652
0.4750000 -55.7784424
0.4760000 -6.1199169
0.4770000 -34.9442902
0.4780000 36.9389381
0.4790000 22.9036617
0.4800000 -23.1396866
0.4810000 28.4701576
0.4820000 0.0457769
0.4830000 -8.6333904
0.4840000 -9.1949415
0.4850000 18.8883934
0.4860000 -14.6726341
0.4870000 -8.8698196
0.4880000 35.4972305
0.4890000 -20.0975666
0.4900000 6.0712166
0.4910000 -29.5718060
0.4920000 -80.8088989
0.4930000 33.9683723
0.4940000 14.7002726
0.4950000 11.7447605
0.4960000 19.5731125
0.4970000 49.9962082
0.4980000 41.8266106
0.4990000 -26.2912331
0.5000000 24.4813766
0.5010000 27.9735737
0.5020000 -16.6028519
0.5030000 20.6180038
0.5040000 -7.3616762
0.5050000 15.2199917
0.5060000 -52.1314278
0.5070000 1.6244991
0.5080000 22.8229103
0.5090000 59.7639160
0.5100000 7.0442472
0.5110000 4.4078946
0.5120000 -21.9739418
0.5130000 -27.5208454
0.5140000 -24.8449345
0.5150000 -28.8485584
0.5160000 37.8009186
0.5170000 29.1560402
0.5180000 -35.4008026
0.5190000 56.0760231
0.5200000 7.1260219
0.5210000 31.2954292
0.5220000 -12.6144638
0.5230000 24.1799088
0.5240000 -17.4578571
0.5250000 -54.1042137
0.5260000 28.9116249
0.5270000 -22.5932655
0.5280000 -11.4449215
0.5290000 4.3739538
0.5300000 -15.3048458
0.5310000 16.5702972
0.5320000 15.6452208
0.5330000 29.8173370
0.5340000 -58.7007599
0.5350000 18.2003727
0.5360000 -9.2795849
0.5370000 2.3842890
0.5380000 37.6276169
0.5390000 -9.2919598
0.5400000 61.9400749
0.5410000 29.7035103
0.5420000 -47.8157616
0.5430000 33.9640312
0.5440000 -40.6292458
0.5450000 -43.2244835
0.5460000 -7.4102745
0.5470000 -21.5158634
0.5480000 -44.8524284
0.5490000 38.5739326
0.5500000 1.3840803
0.5510000 -44.0209503
0.5520000 -32.6113777
0.5530000 -7.0102520
0.5540000 14.1074181
0.5550000 27.4375725
0.5560000 -12.9693089
0.5570000 19.5417805
0.5580000 -63.1431618
0.5590000 18.3774471
0.5600000 -0.7731920
0.5610000 -6.2422276
0.5620000 23.0809135
0.5630000 19.2688179
0.5640000 -35.1641998
0.5650000 -20.9227505
0.5660000 43.1077080
0.5670000 6.0895147
0.5680000 14.6363373
0.5690000 -0.7678102
0.5700000 46.2047615
0.5710000 3.6838298
0.5720000 32.6183548
0.5730000 48.1571770
0.5740000 18.1121807
0.5750000 -30.6263733
0.5760000 17.7201214
0.5770000 7.0031757
0.5780000 25.8190422
0.5790000 -69.8326035
0.5800000 -19.9068832
0.5810000 70.0933609
0.5820000 43.1774902
0.5830000 -25.0546398
0.5840000 7.4611964
0.5850000 31.5093365
0.5860000 38.2393265
0.5870000 -36.5125961
0.5880000 61.0216827
0.5890000 -18.5958328
0.5900000 -21.3016357
0.5910000 -39.6839714
0.5920000 42.8943291
0.5930000 -44.3884506
0.5940000 40.1882286
0.5950000 -4.8810601
0.5960000 -5.5536890
0.5970000 33.6367531
0.5980000 -56.8155937
0.5990000 5.1081161
0.6000000 13.2843952
0.6010000 -15.6478815
0.6020000 68.4487915
0.6030000 5.6182795
0.6040000 21.8253803
0.6050000 3.0714700
0.6060000 -33.7261620
0.6070000 -16.5325680
0.6080000 26.3386688
0.6090000 -26.4352837
0.6100000 42.1250114
0.6110000 -6.3680043
0.6120000 -14.7715578
0.6130000 -6.5506759
0.6140000 -28.3259411
0.6150000 22.3995323
0.6160000 41.3577423
0.6170000 -26.3064766
0.6180000 32.4599228
0.6190000 68.2992935
0.6200000 26.9612179
0.6210000 33.9039459
0.6220000 1.8473052
0.6230000 19.7366066
0.6240000 7.6047955
0.6250000 12.6933699
0.6260000 1.9623708
0.6270000 29.8447285
0.6280000 14.2451363
0.6290000 -38.5598221
0.6300000 9.0311108
0.6310000 35.0154190
0.6320000 23.4288998
0.6330000 -29.7553539
0.6340000 58.8154030
0.6350000 -32.4706383
0.6360000 -49.5221443
0.6370000 8.7816429
0.6380000 36.2156219
0.6390000 45.4651108
0.6400000 0.2581153
0.6410000 -3.1583822
0.6420000 18.6286659
0.6430000 52.1676826
0.6440000 -29.0761547
0.6450000 -4.4555993
0.6460000 83.8756866
0.6470000 -6.6108122
0.6480000 0.6492680
0.6490000 19.2263489
0.6500000 -27.6354275
0.6510000 43.1620941
0.6520000 -18.7618580
0.6530000 -13.9000835
0.6540000 65.4888687
0.6550000 0.0953393
0.6560000 73.2738495
0.6570000 -14.2446928
0.6580000 -29.2604561
0.6590000 3.9168108
0.6600000 -13.8165016
0.6610000 11.8941250
0.6620000 14.0383539
0.6630000 35.0608864
0.6640000 -18.2009678
0.6650000 -57.9885483
0.6660000 25.9699745
0.6670000 54.8500900
0.6680000 34.5611382
0.6690000 -18.2086544
0.6700000 -4.4817333
0.6710000 11.5832663
0.6720000 -39.7398834
0.6730000 -2.4622586
0.6740000 5.8282933
0.6750000 -54.4814911
0.6760000 -65.4100037
0.6770000 29.1309566
0.6780000 11.0728865
0.6790000 9.2331944
0.6800000 -23.2064533
0.6810000 -37.3180809
0.6820000 14.6703043
0.6830000 4.4906158
0.6840000 -33.0204201
0.6850000 21.5618286
0.6860000 24.9017773
0.6870000 45.3678436
0.6880000 46.3904991
0.6890000 -10.3358984
0.6900000 -6.1379862
0.6910000 -17.1419220
0.6920000 -50.3477936
0.6930000 1.0196517
0.6940000 -16.5972652
0.6950000 43.5669937
0.6960000 34.4815025
0.6970000 25.0600052
0.6980000 0.7428118
0.6990000 28.7514038
0.7000000 -22.7808018
0.7010000 72.1480865
0.7020000 -21.6295204
0.7030000 -26.0631294
0.7040000 54.4806213
0.7050000 74.6124802
0.7060000 24.8640900
0.7070000 84.7519989
0.7080000 -1.5953823
0.7090000 -35.2796021
0.7100000 -67.5067596
0.7110000 -45.2804489
0.7120000 -21.6709061
0.7130000 -10.8477898
0.7140000 -47.9915314
0.7150000 -3.6490285
0.7160000 5.7070265
0.7170000 -9.4383421
0.7180000 -33.3719444
0.7190000 -56.1335793
0.7200000 -43.5659332
0.7210000 33.4315567
0.7220000 8.6483307
0.7230000 -18.2649727
0.7240000 40.4849701
0.7250000 5.1144500
0.7260000 -4.2338047
0.7270000 -87.8901062
0.7280000 -2.5109828
0.7290000 -127.9791946
0.7300000 -13.1484718
0.7310000 -72.1292038
0.7320000 0.6121171
0.7330000 -9.9403353
0.7340000 22.9318371
0.7350000 13.4022875
0.7360000 -12.1267624
0.7370000 -31.8088341
0.7380000 -29.1283321
0.7390000 2.3510120
0.7400000 -33.5872993
0.7410000 -3.3328137
0.7420000 49.9901505
0.7430000 -15.6811142
0.7440000 23.4444523
0.7450000 -38.0486603
0.7460000 32.2603340
0.7470000 0.0843454
0.7480000 0.2030091
0.7490000 101.6229553
0.7500000 88.8853760
0.7510000 21.1261024
0.7520000 4.8313823
0.7530000 -50.8262978
0.7540000 -35.2766609
0.7550000 -2.2865887
0.7560000 22.8890171
0.7570000 -7.0729585
0.7580000 8.6538496
0.7590000 -10.2203112
0.7600000 -106.8094635
0.7610000 0.4795769
0.7620000 1.8782669
0.7630000 8.1609268
0.7640000 -36.7620544
0.7650000 14.0517340
0.7660000 -8.0992203
0.7670000 -50.0406761
0.7680000 3.1325850
0.7690000 -6.4900675
0.7700000 -44.1425896
0.7710000 12.0081615
0.7720000 28.8645782
0.7730000 3.6044562
0.7740000 21.5632172
0.7750000 58.4935226
0.7760000 -68.6080170
0.7770000 -61.3491821
0.7780000 21.0124989
0.7790000 69.5201569
0.7800000 -13.2584009
0.7810000 -5.8200693
0.7820000 20.5053215
0.7830000 22.7386742
0.7840000 2.8231251
0.7850000 42.2966003
0.7860000 -27.9919319
0.7870000 39.5494957
0.7880000 -3.4525917
0.7890000 18.5403214
0.7900000 67.6525497
0.7910000 8.8687811
0.7920000 9.1402388
0.7930000 -1.6927602
0.7940000 37.4139900
0.7950000 26.7992325
0.7960000 27.7194862
0.7970000 -11.8231916
0.7980000 -54.1281242
0.7990000 9.2503748
0.8000000 -54.1923523
0.8010000 -57.3968353
0.8020000 39.9215202
0.8030000 -57.5648232
0.8040000 40.8528290
0.8050000 -13.1796389
0.8060000 -47.4134750
0.8070000 27.9341812
0.8080000 25.3070831
0.8090000 31.9450626
0.8100000 -26.8694324
0.8110000 35.5534744
0.8120000 -21.5411186
0.8130000 30.7697945
0.8140000 14.6982603
0.8150000 -67.3607330
0.8160000 -7.6232309
0.8170000 -1.1874127
0.8180000 55.6298904
0.8190000 13.4283218
0.8200000 14.4984264
0.8210000 -96.9636154
0.8220000 -50.3748589
0.8230000 36.9280052
0.8240000 4.2306690
0.8250000 -26.1674290
0.8260000 37.0407372
0.8270000 15.8544054
0.8280000 -7.3843136
0.8290000 -0.6434958
0.8300000 -21.8221111
0.8310000 13.2049208
0.8320000 -38.0958900
0.8330000 -12.1117697
0.8340000 -10.9144812
0.8350000 -31.5290508
0.8360000 -3.4819376
0.8370000 36.7114601
0.8380000 16.5568409
0.8390000 -29.0119095
0.8400000 -0.0514352
0.8410000 19.9470749
0.8420000 39.6768074
0.8430000 -5.3794551
0.8440000 33.7979202
0.8450000 12.9540443
0.8460000 33.2616005
0.8470000 -28.7250710
0.8480000 -44.4869881
0.8490000 35.9565735
0.8500000 -8.8339863
0.8510000 -47.8996010
0.8520000 -3.8437321
0.8530000 -33.9618874
0.8540000 -21.7113838
0.8550000 3.8620243
0.8560000 9.8259630
0.8570000 -9.6141157
0.8580000 30.0161304
0.8590000 -14.4073515
0.8600000 33.3169785
0.8610000 -4.1297717
0.8620000 5.0888009
0.8630000 -1.0761970
0.8640000 23.3952236
0.8650000 17.6723022
0.8660000 17.7804565
0.8670000 -1.6701016
0.8680000 -48.2037277
0.8690000 -33.6689568
0.8700000 -12.9756680
0.8710000 55.9115028
0.8720000 -8.3998861
0.8730000 33.3165169
0.8740000 -74.2706299
0.8750000 -10.2654972
0.8760000 17.8624611
0.8770000 -7.8450184
0.8780000 -48.0226212
0.8790000 4.4069066
0.8800000 -34.0163574
0.8810000 29.3170681
0.8820000 74.9251633
0.8830000 -4.2665339
0.8840000 -55.9549446
0.8850000 -22.2775841
0.8860000 -62.4431000
0.8870000 -1.0403709
0.8880000 -1.2733960
0.8890000 -23.4447231
0.8900000 32.5738144
0.8910000 9.7961378
0.8920000 10.5610237
0.8930000 -12.8721113
0.8940000 -32.3568993
0.8950000 26.6587753
0.8960000 -4.9226837
0.8970000 -20.5740223
0.8980000 -50.5832939
0.8990000 -8.8663883
0.9000000 22.6760769
0.9010000 -43.0349922
0.9020000 26.6310329
0.9030000 -2.1689682
0.9040000 -13.8863163
0.9050000 -16.7361870
0.9060000 -9.6815357
0.9070000 8.3040495
0.9080000 13.2819004
0.9090000 -28.5352135
0.9100000 -1.1203521
0.9110000 -9.3890591
0.9120000 -25.2469292
0.9130000 -25.1879787
0.9140000 -4.3045478
0.9150000 -46.3125305
0.9160000 -11.4278440
0.9170000 -13.6810045
0.9180000 -49.4546623
0.9190000 80.6035995
0.9200000 -7.5634146
0.9210000 19.5572453
0.9220000 17.1858616
0.9230000 -12.2662210
0.9240000 -45.4491501
0.9250000 29.2854824
0.9260000 -45.1608810
0.9270000 24.0179729
0.9280000 -131.7279510
0.9290000 23.2226238
0.9300000 -29.2614422
0.9310000 53.9425659
0.9320000 48.3787956
0.9330000 13.3817949
0.9340000 -11.1305113
0.9350000 11.8661461
0.9360000 -13.6395788
0.9370000 9.2023802
0.9380000 50.8126945
0.9390000 -60.8126335
0.9400000 21.3605671
0.9410000 -25.1946697
0.9420000 33.5579910
0.9430000 48.5441360
0.9440000 22.2514687
0.9450000 -59.6546478
0.9460000 -42.5346794
0.9470000 19.5244598
0.9480000 -27.0009880
0.9490000 -7.7383571
0.9500000 18.3238087
0.9510000 -33.8000755
0.9520000 -19.2152920
0.9530000 27.0188599
0.9540000 -28.5534325
0.9550000 -15.5390148
0.9560000 -4.6241255
0.9570000 -10.6978683
0.9580000 30.1567822
0.9590000 17.0108833
0.9600000 70.4939957
0.9610000 11.4884253
0.9620000 -20.3932209
0.9630000 69.3233795
0.9640000 35.2333298
0.9650000 38.9311752
0.9660000 -54.5908546
0.9670000 71.1935272
0.9680000 -5.4622025
0.9690000 -52.0023460
0.9700000 -72.7110825
0.9710000 40.6475945
0.9720000 74.0940170
0.9730000 12.2910414
0.9740000 -13.4043226
0.9750000 -45.5023537
0.9760000 -24.4782467
0.9770000 3.0164349
0.9780000 -63.1619949
0.9790000 41.4716721
0.9800000 15.4078817
0.9810000 15.5662804
0.9820000 22.3044949
0.9830000 1.8590099
0.9840000 -113.0828552
0.9850000 -15.3928080
0.9860000 -22.5184116
0.9870000 -28.7278576
0.9880000 40.1493111
0.9890000 0.6418907
0.9900000 12.7397146
0.9910000 -2.7098629
0.9920000 -20.2688942
0.9930000 -4.2151365
0.9940000 5.9126182
0.9950000 22.0472336
0.9960000 -5.7770700
0.9970000 19.0237846
0.9980000 -5.1233163
0.9990000 -56.3585815
