0.0000000 1.9847440
0.0010000 47.2935448
0.0020000 23.4005890
0.0030000 -11.9807434
0.0040000 48.5576324
0.0050000 -18.7208881
0.0060000 -12.6745462
0.0070000 -28.1482220
0.0080000 8.1485815
0.0090000 29.4283180
0.0100000 72.6945953
0.0110000 -15.7314034
0.0120000 -0.3664101
0.0130000 5.5894289
0.0140000 -30.7003651
0.0150000 12.2054720
0.0160000 29.6630630
0.0170000 68.4753265
0.0180000 -3.3834937
0.0190000 14.4533653
0.0200000 -18.6821613
0.0210000 18.4856853
0.0220000 3.6804795
0.0230000 45.7851257
0.0240000 29.5597267
0.0250000 29.2440395
0.0260000 12.1919556
0.0270000 27.1331272
0.0280000 -5.7398863
0.0290000 -61.0700188
0.0300000 -45.0407715
0.0310000 -27.5857887
0.0320000 -20.8570881
0.0330000 -7.6406941
0.0340000 -5.1969643
0.0350000 20.1168404
0.0360000 -25.5673103
0.0370000 -5.4024367
0.0380000 17.7929592
0.0390000 41.4405174
0.0400000 2.6340067
0.0410000 -44.1431847
0.0420000 1.4817244
0.0430000 33.4944344
0.0440000 29.6018143
0.0450000 -38.4384766
0.0460000 -24.2352409
0.0470000 -31.6596985
0.0480000 -59.1380730
0.0490000 20.7108612
0.0500000 -12.1369219
0.0510000 27.9371586
0.0520000 -18.8867626
0.0530000 -6.4847383
0.0540000 33.4361115
0.0550000 -15.1283636
0.0560000 49.3410759
0.0570000 34.3118820
0.0580000 -70.0949326
0.0590000 47.6781273
0.0600000 8.9931498
0.0610000 14.9929752
0.0620000 -27.4275723
0.0630000 -2.1464353
0.0640000 2.6568811
0.0650000 -17.2127838
0.0660000 34.5436478
0.0670000 -74.0610809
0.0680000 31.6125679
0.0690000 4.9244709
0.0700000 -35.2657547
0.0710000 -32.2326469
0.0720000 -59.3182220
0.0730000 30.1811409
0.0740000 54.6745911
0.0750000 14.8315372
0.0760000 -50.5302048
0.0770000 -107.1488647
0.0780000 -12.2975569
0.0790000 -22.1229763
0.0800000 18.5411930
0.0810000 14.2491703
0.0820000 93.4892426
0.0830000 -47.5271759
0.0840000 -3.7940235
0.0850000 43.5261879
0.0860000 77.3400116
0.0870000 -9.8699026
0.0880000 -39.4645119
0.0890000 0.0614438
0.0900000 36.1576805
0.0910000 31.4083462
0.0920000 -27.7026157
0.0930000 -19.7228107
0.0940000 2.6592944
0.0950000 5.0716419
0.0960000 48.0620003
0.0970000 -32.8019753
0.0980000 74.0849152
0.0990000 42.7839661
0.1000000 4.1058044
0.1010000 8.3109055
0.1020000 14.8149738
0.1030000 28.2045364
0.1040000 -8.3417187
0.1050000 -9.9194784
0.1060000 -78.0077972
0.1070000 13.5415049
0.1080000 32.5814590
0.1090000 33.1023178
0.1100000 43.2437134
0.1110000 -50.2130585
0.1120000 -49.4339142
0.1130000 -44.7254753
0.1140000 8.5892963
0.1150000 20.0047779
0.1160000 88.0910950
0.1170000 -76.0687180
0.1180000 -55.0490685
0.1190000 -45.8623085
0.1200000 18.9921970
0.1210000 2.6015925
0.1220000 39.6898651
0.1230000 -39.9909554
0.1240000 -8.9609728
0.1250000 31.7295589
0.1260000 -0.8445713
0.1270000 -20.9612427
0.1280000 47.6442070
0.1290000 -9.2477522
0.1300000 54.2527809
0.1310000 67.8861160
0.1320000 -0.3423288
0.1330000 5.8896031
0.1340000 18.6191063
0.1350000 18.3607731
0.1360000 8.8330317
0.1370000 52.5328331
0.1380000 -93.1358032
0.1390000 51.3559837
0.1400000 -24.7316475
0.1410000 46.2642288
0.1420000 10.7370634
0.1430000 31.3099213
0.1440000 39.6333961
0.1450000 -5.1616325
0.1460000 47.4341660
0.1470000 -50.0153275
0.1480000 7.4002657
0.1490000 24.0475807
0.1500000 1.9854782
0.1510000 82.2454376
0.1520000 -64.1231537
0.1530000 51.3977585
0.1540000 21.8126297
0.1550000 9.3157158
0.1560000 -65.5319443
0.1570000 17.9567738
0.1580000 23.6270885
0.1590000 41.8965454
0.1600000 -36.9050064
0.1610000 38.1974907
0.1620000 69.5935364
0.1630000 38.7864571
0.1640000 73.4457626
0.1650000 -52.3065186
0.1660000 56.2249489
0.1670000 46.6952515
0.1680000 -39.3254166
0.1690000 11.6884861
0.1700000 -23.3542023
0.1710000 0.5758559
0.1720000 33.8687668
0.1730000 16.2861557
0.1740000 -20.2492027
0.1750000 39.1257401
0.1760000 24.9622288
0.1770000 1.1956781
0.1780000 4.8708673
0.1790000 -4.7139463
0.1800000 -0.8835869
0.1810000 42.3322411
0.1820000 32.7799225
0.1830000 -49.9627724
0.1840000 34.9527245
0.1850000 -23.2982502
0.1860000 7.9645195
0.1870000 -4.0041852
0.1880000 -39.8411942
0.1890000 -22.5361519
0.1900000 -59.3957710
0.1910000 10.6183214
0.1920000 -0.5789621
0.1930000 14.3041573
0.1940000 73.5314560
0.1950000 -11.3497648
0.1960000 -23.9909801
0.1970000 -35.4048576
0.1980000 -4.7066832
0.1990000 -24.5346413
0.2000000 -11.6307230
0.2010000 49.4781723
0.2020000 68.9472580
0.2030000 24.6682472
0.2040000 -51.4941406
0.2050000 -50.9999313
0.2060000 24.1001606
0.2070000 -7.5179543
0.2080000 43.0052528
0.2090000 -16.8478527
0.2100000 -14.1004362
0.2110000 41.3277092
0.2120000 -51.6619263
0.2130000 68.4139557
0.2140000 3.8972085
0.2150000 43.5244980
0.2160000 -19.5607624
0.2170000 55.7439919
0.2180000 -1.1346523
0.2190000 -25.4752254
0.2200000 -18.8865490
0.2210000 7.6413627
0.2220000 -19.7661209
0.2230000 -10.7850370
0.2240000 -21.6393642
0.2250000 -2.0464060
0.2260000 -9.9873877
0.2270000 31.0747128
0.2280000 -15.1776075
0.2290000 -63.9052467
0.2300000 -55.3638649
0.2310000 -5.1555972
0.2320000 20.0782547
0.2330000 -33.7725868
0.2340000 1.2826117
0.2350000 -7.9589906
0.2360000 -64.7023087
0.2370000 12.4252882
0.2380000 57.5145912
0.2390000 58.7975197
0.2400000 38.2600899
0.2410000 34.1971931
0.2420000 -46.7014961
0.2430000 -37.7563858
0.2440000 -26.9507675
0.2450000 -43.3691292
0.2460000 -15.2381163
0.2470000 4.1475344
0.2480000 -14.9840031
0.2490000 -71.5107880
0.2500000 70.5830307
0.2510000 7.3916879
0.2520000 42.0079651
0.2530000 9.8024397
0.2540000 15.6162462
0.2550000 -27.6397953
0.2560000 15.8166037
0.2570000 41.3977470
0.2580000 27.2828865
0.2590000 21.0487690
0.2600000 35.6162758
0.2610000 23.2086468
0.2620000 13.9783192
0.2630000 -66.3875656
0.2640000 40.3301659
0.2650000 -57.6909866
0.2660000 -21.2563229
0.2670000 14.6081047
0.2680000 -39.7807274
0.2690000 -11.9993896
0.2700000 -4.8757086
0.2710000 32.7805901
0.2720000 21.1886463
0.2730000 8.5862436
0.2740000 -18.2131195
0.2750000 10.8734798
0.2760000 24.9409580
0.2770000 51.8652687
0.2780000 -4.4403605
0.2790000 13.4024734
0.2800000 11.4522038
0.2810000 15.2478056
0.2820000 39.8712769
0.2830000 39.0835838
0.2840000 64.2638702
0.2850000 34.2691917
0.2860000 -82.9361267
0.2870000 4.2195401
0.2880000 51.4123383
0.2890000 16.1088657
0.2900000 26.6236172
0.2910000 -52.5920296
0.2920000 -5.5988007
0.2930000 -3.5710583
0.2940000 0.3159581
0.2950000 -9.3575783
0.2960000 -9.4137335
0.2970000 39.5600891
0.2980000 37.8938713
0.2990000 -30.9734631
0.3000000 47.1932182
0.3010000 28.7755489
0.3020000 -25.4410515
0.3030000 41.0905876
0.3040000 26.3250027
0.3050000 28.7200794
0.3060000 5.8091435
0.3070000 33.1801186
0.3080000 -1.6840376
0.3090000 -6.6562567
0.3100000 13.6121740
0.3110000 -4.2698269
0.3120000 2.1703696
0.3130000 20.6588268
0.3140000 37.5215607
0.3150000 -35.5959740
0.3160000 -10.9562502
0.3170000 25.6479359
0.3180000 -67.4861069
0.3190000 -40.5293999
0.3200000 -52.0257912
0.3210000 -7.4086032
0.3220000 46.3527603
0.3230000 32.5637169
0.3240000 -10.0586405
0.3250000 -10.7912493
0.3260000 27.2503109
0.3270000 -24.7045040
0.3280000 -36.1248550
0.3290000 51.8070145
0.3300000 45.3209686
0.3310000 -33.9362450
0.3320000 -4.5685129
0.3330000 0.7287143
0.3340000 -16.4705448
0.3350000 81.6722794
0.3360000 -53.6187859
0.3370000 9.1490383
0.3380000 -40.7428284
0.3390000 23.8911781
0.3400000 -15.1846409
0.3410000 46.9736710
0.3420000 35.7931709
0.3430000 -3.8512294
0.3440000 35.3930779
0.3450000 -100.0620270
0.3460000 25.6437435
0.3470000 20.8765907
0.3480000 -21.8325653
0.3490000 -20.6494923
0.3500000 -109.8759003
0.3510000 -30.7373962
0.3520000 -38.9070396
0.3530000 27.6530895
0.3540000 -16.2812462
0.3550000 -70.5062790
0.3560000 7.8119192
0.3570000 -24.3426285
0.3580000 21.8095932
0.3590000 -11.1908274
0.3600000 -16.7124577
0.3610000 -11.5234146
0.3620000 -34.8173103
0.3630000 -23.5761623
0.3640000 104.9258652
0.3650000 49.7310486
0.3660000 -37.4372292
0.3670000 -39.8788757
0.3680000 64.2612381
0.3690000 -11.0187111
0.3700000 33.5963669
0.3710000 -19.7351093
0.3720000 -2.8647816
0.3730000 20.5537510
0.3740000 -14.8809137
0.3750000 34.4941597
0.3760000 9.8063831
0.3770000 3.7926390
0.3780000 6.3759422
0.3790000 -4.6170912
0.3800000 -10.6696968
0.3810000 26.7306347
0.3820000 36.3923340
0.3830000 -14.6004219
0.3840000 -3.6508706
0.3850000 6.0171108
0.3860000 -56.9967461
0.3870000 -42.9642868
0.3880000 86.8201141
0.3890000 -45.8536377
0.3900000 31.1629009
0.3910000 28.0338821
0.3920000 6.7000136
0.3930000 10.4374914
0.3940000 -5.0509434
0.3950000 -38.2358551
0.3960000 25.4208908
0.3970000 29.4565964
0.3980000 10.7906189
0.3990000 47.9319077
0.4000000 -26.9500771
0.4010000 -48.5080566
0.4020000 -27.6618156
0.4030000 37.9258423
0.4040000 25.0663013
0.4050000 39.4070854
0.4060000 39.6942329
0.4070000 61.2024574
0.4080000 -25.5657730
0.4090000 -14.0496473
0.4100000 -37.7242851
0.4110000 15.5826864
0.4120000 28.0691814
0.4130000 -26.4257965
0.4140000 40.3488503
0.4150000 32.6226654
0.4160000 -43.9797592
0.4170000 -26.0058231
0.4180000 -0.1803880
0.4190000 12.2808409
0.4200000 72.5769424
0.4210000 -24.4903851
0.4220000 19.9512730
0.4230000 -11.1845589
0.4240000 29.2594147
0.4250000 -22.5773926
0.4260000 -14.8414288
0.4270000 -26.1231136
0.4280000 23.5420818
0.4290000 -40.5308914
0.4300000 -4.9716597
0.4310000 53.8929939
0.4320000 7.7377563
0.4330000 -78.0193710
0.4340000 39.4279823
0.4350000 -4.7308517
0.4360000 39.8742256
0.4370000 -41.3297043
0.4380000 -21.8155746
0.4390000 2.0017986
0.4400000 3.4779317
0.4410000 -22.8387070
0.4420000 13.1145859
0.4430000 -42.7455635
0.4440000 14.0705175
0.4450000 53.7508774
0.4460000 -4.0375276
0.4470000 10.1858921
0.4480000 19.7748604
0.4490000 -20.7220745
0.4500000 -40.7939911
0.4510000 78.6034393
0.4520000 13.0492754
0.4530000 -56.6192894
0.4540000 21.7640018
0.4550000 -5.2763124
0.4560000 35.8586273
0.4570000 12.9671688
0.4580000 -36.1073380
0.4590000 -4.8173676
0.4600000 58.8799095
0.4610000 24.3063240
0.4620000 7.8855143
0.4630000 -10.9217081
0.4640000 9.5943432
0.4650000 33.4909630
0.4660000 -8.1263590
0.4670000 17.6855698
0.4680000 5.5884533
0.4690000 63.6229591
0.4700000 19.6685467
0.4710000 -46.2983704
0.4720000 -32.6681862
0.4730000 -36.5649490
0.4740000 28.3347950
0.4750000 -49.1241035
0.4760000 27.5007362
0.4770000 53.5905914
0.4780000 11.9119530
0.4790000 14.5085716
0.4800000 -24.4237900
0.4810000 47.7277985
0.4820000 51.4685745
0.4830000 -27.1706638
0.4840000 66.7736130
0.4850000 4.0746193
0.4860000 -93.8948517
0.4870000 -21.9670658
0.4880000 -12.0523291
0.4890000 -32.2115097
0.4900000 -11.0689468
0.4910000 -36.4070625
0.4920000 -21.6783924
0.4930000 -3.4383795
0.4940000 19.1222115
0.4950000 8.4535933
0.4960000 -22.6249733
0.4970000 -28.0096340
0.4980000 11.4842958
0.4990000 -1.0503929
0.5000000 -48.4948387
0.5010000 -2.8758388
0.5020000 -0.7346644
0.5030000 117.8043594
0.5040000 -5.2510018
0.5050000 -13.4925632
0.5060000 7.9272404
0.5070000 12.2586699
0.5080000 -28.6419029
0.5090000 -35.1899872
0.5100000 -13.3446188
0.5110000 82.0830612
0.5120000 2.4262869
0.5130000 -5.2388172
0.5140000 -32.9194717
0.5150000 -42.7109489
0.5160000 -5.1865263
0.5170000 45.2970581
0.5180000 5.1202307
0.5190000 26.4850998
0.5200000 19.1476040
0.5210000 -12.4898291
0.5220000 -4.8131576
0.5230000 30.5544682
0.5240000 -18.8687325
0.5250000 38.5553551
0.5260000 112.8445129
0.5270000 -5.7427192
0.5280000 5.6260014
0.5290000 -15.8400126
0.5300000 -35.1367912
0.5310000 3.4248526
0.5320000 39.5620575
0.5330000 23.5216713
0.5340000 -14.1237659
0.5350000 1.2705886
0.5360000 -19.6824188
0.5370000 35.5161858
0.5380000 33.5087738
0.5390000 18.6041470
0.5400000 9.6374559
0.5410000 23.7832947
0.5420000 9.2949800
0.5430000 -4.0450821
0.5440000 -10.7428274
0.5450000 -59.0964851
0.5460000 79.1758957
0.5470000 47.2608376
0.5480000 -34.8197746
0.5490000 10.2866983
0.5500000 59.1038284
0.5510000 22.5817146
0.5520000 -3.3927560
0.5530000 55.1634445
0.5540000 -9.0455885
0.5550000 -18.2515125
0.5560000 -65.7186356
0.5570000 18.9892292
0.5580000 14.1145887
0.5590000 16.2034683
0.5600000 -34.8550110
0.5610000 -13.3852873
0.5620000 -37.7029419
0.5630000 72.0967255
0.5640000 -10.0290298
0.5650000 -42.1992378
0.5660000 40.1804581
0.5670000 -18.3732700
0.5680000 9.1589718
0.5690000 -5.6127644
0.5700000 -32.2464828
0.5710000 6.8060236
0.5720000 6.1609964
0.5730000 -35.7662659
0.5740000 24.8702145
0.5750000 2.9793971
0.5760000 27.3185749
0.5770000 -70.6995697
0.5780000 53.1662102
0.5790000 32.3101311
0.5800000 48.9996185
0.5810000 -40.3024940
0.5820000 18.6240902
0.5830000 -14.1519213
0.5840000 -3.0258234
0.5850000 -31.1466942
0.5860000 16.3622189
0.5870000 -31.4088097
0.5880000 -44.2504082
0.5890000 85.8061676
0.5900000 29.3894100
0.5910000 -11.3236704
0.5920000 -2.3469563
0.5930000 -18.7176685
0.5940000 54.8458519
0.5950000 -42.5976524
0.5960000 -60.7531929
0.5970000 25.5169735
0.5980000 -9.8386354
0.5990000 1.7537231
0.6000000 -36.5683136
0.6010000 17.6231232
0.6020000 -4.5590267
0.6030000 9.1060705
0.6040000 -0.1932249
0.6050000 -4.7408099
0.6060000 -0.0079177
0.6070000 63.0499725
0.6080000 18.0774517
0.6090000 4.5641303
0.6100000 -7.8219256
0.6110000 34.9636345
0.6120000 -21.1289215
0.6130000 -15.5511379
0.6140000 53.4140282
0.6150000 -8.3802691
0.6160000 -15.0080767
0.6170000 7.2670522
0.6180000 58.3187256
0.6190000 9.4724436
0.6200000 65.4168549
0.6210000 15.3791494
0.6220000 -51.8526726
0.6230000 32.5170746
0.6240000 -18.0753250
0.6250000 54.1574974
0.6260000 -31.5030804
0.6270000 -24.1427670
0.6280000 39.6632500
0.6290000 53.3512154
0.6300000 -34.9608765
0.6310000 10.2612858
0.6320000 7.9583907
0.6330000 52.0583267
0.6340000 -32.8796501
0.6350000 -7.4957309
0.6360000 1.4848636
0.6370000 -60.5929337
0.6380000 -54.0798798
0.6390000 -69.6171722
0.6400000 45.2848320
0.6410000 -13.9409885
0.6420000 -36.4287529
0.6430000 21.7554932
0.6440000 61.3155937
0.6450000 15.3955212
0.6460000 34.8659668
0.6470000 0.8874993
0.6480000 8.6387815
0.6490000 31.8780479
0.6500000 41.2993774
0.6510000 -50.0842018
0.6520000 58.6156731
0.6530000 28.0309753
0.6540000 14.7656956
0.6550000 3.8680434
0.6560000 61.7065201
0.6570000 -9.0002813
0.6580000 16.1051826
0.6590000 -10.4086447
0.6600000 -11.1271915
0.6610000 -19.8916836
0.6620000 -7.8842063
0.6630000 14.3965635
0.6640000 23.9171295
0.6650000 29.5702324
0.6660000 32.4883156
0.6670000 30.4228840
0.6680000 41.8349190
0.6690000 49.8905296
0.6700000 33.4456139
0.6710000 -10.6539030
0.6720000 2.6309958
0.6730000 -25.8347454
0.6740000 -9.2207556
0.6750000 16.3206043
0.6760000 -53.0568237
0.6770000 -22.0352268
0.6780000 69.7618103
0.6790000 10.3312750
0.6800000 6.0860305
0.6810000 12.7732525
0.6820000 20.8932400
0.6830000 44.2772713
0.6840000 38.2416153
0.6850000 -14.4826708
0.6860000 -25.6189842
0.6870000 41.4099197
0.6880000 19.6183434
0.6890000 41.4495735
0.6900000 18.3116074
0.6910000 41.3841896
0.6920000 32.6266441
0.6930000 42.4624062
0.6940000 30.7242432
0.6950000 -9.1523170
0.6960000 -7.1036587
0.6970000 -64.6698456
0.6980000 6.5734634
0.6990000 -9.1624336
0.7000000 18.8678093
0.7010000 54.4784546
0.7020000 32.1077461
0.7030000 36.8729057
0.7040000 1.0353413
0.7050000 -2.5580873
0.7060000 12.0813465
0.7070000 -7.8400612
0.7080000 80.9293289
0.7090000 37.0997124
0.7100000 7.1166859
0.7110000 -37.3295746
0.7120000 -38.0648537
0.7130000 -30.1125927
0.7140000 -11.2667513
0.7150000 7.5164037
0.7160000 -39.2124710
0.7170000 -50.4117165
0.7180000 23.6769638
0.7190000 -21.7360172
0.7200000 -5.3676586
0.7210000 -19.0505943
0.7220000 2.3316128
0.7230000 66.9762955
0.7240000 21.4915810
0.7250000 4.4965801
0.7260000 19.9858303
0.7270000 13.7355795
0.7280000 -4.1863804
0.7290000 -28.0067787
0.7300000 26.6537971
0.7310000 -67.0826187
0.7320000 28.9953747
0.7330000 -61.5583420
0.7340000 -15.4776268
0.7350000 -55.6598473
0.7360000 11.9762697
0.7370000 -9.8944645
0.7380000 24.8206024
0.7390000 22.5868225
0.7400000 61.6613426
0.7410000 39.0448837
0.7420000 23.6744537
0.7430000 15.4761381
0.7440000 -19.6918373
0.7450000 -61.0089798
0.7460000 63.6911583
0.7470000 11.1573715
0.7480000 -12.6561527
0.7490000 1.3046907
0.7500000 -8.4387398
0.7510000 57.2793884
0.7520000 13.2926283
0.7530000 -1.4552929
0.7540000 15.9180126
0.7550000 5.1355762
0.7560000 -17.2958889
0.7570000 -9.5222282
0.7580000 -4.0138407
0.7590000 64.3757477
0.7600000 34.2246208
0.7610000 27.0446720
0.7620000 -31.0944920
0.7630000 -65.6100388
0.7640000 -1.9006613
0.7650000 40.2673836
0.7660000 56.8178177
0.7670000 -24.7995090
0.7680000 95.3975677
0.7690000 -55.4197845
0.7700000 35.8586769
0.7710000 -12.0328760
0.7720000 30.2606468
0.7730000 -50.2726974
0.7740000 13.8878698
0.7750000 -23.0590172
0.7760000 2.6305079
0.7770000 -15.2060776
0.7780000 60.3643951
0.7790000 -67.0419388
0.7800000 -67.5128937
0.7810000 9.2908344
0.7820000 -0.2379785
0.7830000 -8.1181231
0.7840000 -5.8884392
0.7850000 3.1335394
0.7860000 8.1828308
0.7870000 33.1567917
0.7880000 -38.8513451
0.7890000 -20.9790955
0.7900000 -3.8548665
0.7910000 -17.7034206
0.7920000 -15.2486706
0.7930000 -10.0205736
0.7940000 27.2853642
0.7950000 10.5240822
0.7960000 47.7456741
0.7970000 -71.8946381
0.7980000 -35.0859375
0.7990000 -30.3712196
0.8000000 -22.8475227
0.8010000 29.7069473
0.8020000 12.6381845
0.8030000 11.7916117
0.8040000 10.1685028
0.8050000 40.9366722
0.8060000 46.9053040
0.8070000 -9.3906021
0.8080000 -59.3460693
0.8090000 -1.1870680
0.8100000 6.1285443
0.8110000 -4.6158080
0.8120000 -31.0737419
0.8130000 36.8510590
0.8140000 -2.0170066
0.8150000 -52.1898117
0.8160000 72.9223709
0.8170000 -34.2907867
0.8180000 -0.2791465
0.8190000 -36.1966171
0.8200000 57.4304733
0.8210000 -4.1842747
0.8220000 71.8889847
0.8230000 -5.4229579
0.8240000 30.0411739
0.8250000 -31.3873062
0.8260000 15.6518660
0.8270000 31.5496273
0.8280000 59.1997795
0.8290000 75.5678787
0.8300000 -38.1115532
0.8310000 -38.6218491
0.8320000 -9.1075830
0.8330000 -92.0211792
0.8340000 -6.0216527
0.8350000 -52.4329262
0.8360000 36.0922737
0.8370000 -26.5030251
0.8380000 13.2472439
0.8390000 0.0974057
0.8400000 7.1178598
0.8410000 19.7561131
0.8420000 56.6605721
0.8430000 34.5842514
0.8440000 -14.6347790
0.8450000 24.2798252
0.8460000 -46.6552544
0.8470000 -6.5557313
0.8480000 42.5311012
0.8490000 40.3821373
0.8500000 15.5709801
0.8510000 4.0038490
0.8520000 5.9837575
0.8530000 47.4559860
0.8540000 31.6149921
0.8550000 13.3162193
0.8560000 -12.8664970
0.8570000 84.3225555
0.8580000 9.5265188
0.8590000 -8.3416166
0.8600000 -41.9704247
0.8610000 32.3371887
0.8620000 -23.9830456
0.8630000 23.7409840
0.8640000 21.2287731
0.8650000 -18.0124207
0.8660000 -5.9788313
0.8670000 9.6359415
0.8680000 -31.6595440
0.8690000 22.8277321
0.8700000 -37.2898788
0.8710000 -3.9273267
0.8720000 -8.1296730
0.8730000 41.7921448
0.8740000 39.5396347
0.8750000 -11.0378399
0.8760000 -6.4158206
0.8770000 -34.4494400
0.8780000 39.4717026
0.8790000 -14.8519993
0.8800000 0.6418130
0.8810000 -51.7254829
0.8820000 -17.5216484
0.8830000 21.2228508
0.8840000 25.5571060
0.8850000 -37.3476181
0.8860000 4.3360600
0.8870000 -35.4538383
0.8880000 -41.5444946
0.8890000 -2.4475200
0.8900000 14.7656116
0.8910000 3.5328577
0.8920000 1.4264961
0.8930000 -19.0172291
0.8940000 30.1880970
0.8950000 0.0371516
0.8960000 4.2884974
0.8970000 34.1959152
0.8980000 32.2549515
0.8990000 46.2149849
0.9000000 16.2557640
0.9010000 -53.2618027
0.9020000 16.4628143
0.9030000 64.1843262
0.9040000 -25.5798569
0.9050000 -76.5175476
0.9060000 68.1820602
0.9070000 77.1566391
0.9080000 -12.7906733
0.9090000 8.3744125
0.9100000 62.8030815
0.9110000 10.6528854
0.9120000 54.1818123
0.9130000 1.7456599
0.9140000 -9.8486319
0.9150000 85.0275345
0.9160000 19.8883190
0.9170000 -23.6498814
0.9180000 -44.5498810
0.9190000 53.5089188
0.9200000 42.1334839
0.9210000 -10.5640364
0.9220000 -16.6477776
0.9230000 56.1020470
0.9240000 4.7041245
0.9250000 6.0495844
0.9260000 -10.6564417
0.9270000 -14.4571772
0.9280000 -1.1860652
0.9290000 27.9709053
0.9300000 -19.5784740
0.9310000 12.2386589
0.9320000 22.9901886
0.9330000 -11.0279741
0.9340000 43.5086174
0.9350000 -25.1017208
0.9360000 -39.9272346
0.9370000 4.4143295
0.9380000 -55.0701180
0.9390000 2.7393155
0.9400000 -44.7779655
0.9410000 -17.3535900
0.9420000 -38.7429924
0.9430000 -44.0366287
0.9440000 0.4409307
0.9450000 -17.0186939
0.9460000 -5.8847833
0.9470000 -6.3033099
0.9480000 11.9460735
0.9490000 27.7567101
0.9500000 -10.6441994
0.9510000 11.2287331
0.9520000 -21.7629433
0.9530000 -36.1033020
0.9540000 -21.1999931
0.9550000 30.5859604
0.9560000 18.1822033
0.9570000 -41.8229828
0.9580000 -10.8249407
0.9590000 57.4812698
0.9600000 66.7955856
0.9610000 -43.5166893
0.9620000 59.4041634
0.9630000 -4.7834744
0.9640000 16.9121361
0.9650000 17.9976521
0.9660000 26.3589897
0.9670000 2.0280650
0.9680000 -2.3099089
0.9690000 -32.9284821
0.9700000 -1.7247453
0.9710000 16.8213749
0.9720000 -27.8072357
0.9730000 10.5006275
0.9740000 57.6081123
0.9750000 42.9661942
0.9760000 -24.5037937
0.9770000 19.3473263
0.9780000 29.1086712
0.9790000 50.4377975
0.9800000 -8.8549747
0.9810000 21.7739124
0.9820000 39.0038567
0.9830000 -27.8017673
0.9840000 -16.9718132
0.9850000 52.4128914
0.9860000 14.3734045
0.9870000 45.6511078
0.9880000 54.9401131
0.9890000 4.0349178
0.9900000 -36.8717613
0.9910000 -16.0382385
0.9920000 -3.0201445
0.9930000 3.2740469
0.9940000 15.5282640
0.9950000 -30.3808556
0.9960000 -22.8650398
0.9970000 42.4021072
0.9980000 36.2866554
0.9990000 17.3559761
