0.0000000 26.1629772
0.0010000 26.5036068
0.0020000 37.2878532
0.0030000 3.7022488
0.0040000 -32.0692787
0.0050000 0.7348752
0.0060000 -53.1896667
0.0070000 40.8927689
0.0080000 -6.7444277
0.0090000 13.5579548
0.0100000 30.9900284
0.0110000 -48.3785591
0.0120000 1.9459392
0.0130000 -1.5295058
0.0140000 -0.7602082
0.0150000 64.3386993
0.0160000 20.1838684
0.0170000 -7.4044542
0.0180000 -30.3218422
0.0190000 78.3305130
0.0200000 -2.6299624
0.0210000 38.4746666
0.0220000 -20.2161427
0.0230000 62.9208755
0.0240000 -2.8307197
0.0250000 35.5408897
0.0260000 -21.9619408
0.0270000 37.9955368
0.0280000 30.2320309
0.0290000 -39.4844398
0.0300000 -11.5671625
0.0310000 -69.0425339
0.0320000 -4.1843877
0.0330000 25.4436512
0.0340000 -7.2157736
0.0350000 8.5309467
0.0360000 -7.8272915
0.0370000 0.4812604
0.0380000 -34.6572456
0.0390000 36.0355682
0.0400000 1.3050052
0.0410000 -55.0776062
0.0420000 39.6977119
0.0430000 67.7140350
0.0440000 81.7461243
0.0450000 10.8498898
0.0460000 -47.7649574
0.0470000 -23.0350132
0.0480000 -70.2703781
0.0490000 -19.5818367
0.0500000 10.4972763
0.0510000 4.9250956
0.0520000 24.0312405
0.0530000 -41.2496910
0.0540000 7.1490850
0.0550000 -77.5811386
0.0560000 0.9527246
0.0570000 -70.7838058
0.0580000 17.7698517
0.0590000 -35.5638733
0.0600000 -23.5432014
0.0610000 13.9777489
0.0620000 -15.5729465
0.0630000 -4.8921962
0.0640000 5.4025383
0.0650000 38.4665260
0.0660000 5.1794128
0.0670000 40.0434914
0.0680000 -60.0272217
0.0690000 -17.5222778
0.0700000 23.7163353
0.0710000 -21.5599804
0.0720000 15.2460976
0.0730000 76.1574326
0.0740000 -50.6104660
0.0750000 16.8992443
0.0760000 38.1267471
0.0770000 -14.5338869
0.0780000 7.6971412
0.0790000 -22.1792278
0.0800000 -2.3409977
0.0810000 -36.6844444
0.0820000 9.0792665
0.0830000 10.8318720
0.0840000 -0.9507542
0.0850000 -32.6711998
0.0860000 3.9830718
0.0870000 -5.9199691
0.0880000 -23.3732605
0.0890000 -20.0123043
0.0900000 -41.4637718
0.0910000 -34.4203758
0.0920000 38.3520737
0.0930000 -27.9410191
0.0940000 -1.9634093
0.0950000 52.9205017
0.0960000 -17.5608311
0.0970000 -21.1172657
0.0980000 64.0287628
0.0990000 -31.0581627
0.1000000 -29.8234138
0.1010000 5.8828945
0.1020000 40.1050377
0.1030000 22.2302094
0.1040000 28.4712868
0.1050000 22.0698071
0.1060000 -10.8827791
0.1070000 -3.7267418
0.1080000 -21.4179287
0.1090000 -14.4611006
0.1100000 -63.9678040
0.1110000 36.9351196
0.1120000 -37.4043045
0.1130000 81.4108963
0.1140000 -35.1119461
0.1150000 18.5418797
0.1160000 -30.1642551
0.1170000 1.7880379
0.1180000 -42.5998840
0.1190000 -2.6502676
0.1200000 81.2349167
0.1210000 13.5159121
0.1220000 14.1386166
0.1230000 -37.7726440
0.1240000 30.4232216
0.1250000 34.3487244
0.1260000 36.4463234
0.1270000 13.8735151
0.1280000 -78.0677719
0.1290000 -6.4024482
0.1300000 -7.6033244
0.1310000 -35.0851059
0.1320000 20.5915337
0.1330000 -101.2574539
0.1340000 -65.1869431
0.1350000 -2.1977816
0.1360000 -20.9525890
0.1370000 44.4174271
0.1380000 51.2685738
0.1390000 24.2894859
0.1400000 11.5396223
0.1410000 -91.0416489
0.1420000 5.4812460
0.1430000 -9.9064655
0.1440000 -6.6528153
0.1450000 -0.9593512
0.1460000 -25.1210384
0.1470000 39.4292336
0.1480000 -23.3124599
0.1490000 -9.5103960
0.1500000 5.9270887
0.1510000 -17.3899937
0.1520000 -62.2149811
0.1530000 -11.4027348
0.1540000 17.1675644
0.1550000 30.5680103
0.1560000 -36.0070190
0.1570000 -52.9018402
0.1580000 14.0152502
0.1590000 -54.3977737
0.1600000 65.4851227
0.1610000 44.9135895
0.1620000 -65.1036224
0.1630000 -36.2240143
0.1640000 14.6175795
0.1650000 -20.2910233
0.1660000 5.7342491
0.1670000 70.6260910
0.1680000 44.2436295
0.1690000 74.4558563
0.1700000 13.5616322
0.1710000 -2.2008064
0.1720000 14.9448481
0.1730000 8.4873848
0.1740000 -24.4231033
0.1750000 1.5651227
0.1760000 21.6249638
0.1770000 2.1723137
0.1780000 54.3573532
0.1790000 -17.3992062
0.1800000 5.1544299
0.1810000 -6.5154276
0.1820000 -4.2860799
0.1830000 50.7054100
0.1840000 -0.8041540
0.1850000 -87.9297943
0.1860000 -2.7257330
0.1870000 -9.1077728
0.1880000 0.6667922
0.1890000 -51.0054321
0.1900000 -18.3411045
0.1910000 7.9812784
0.1920000 2.9971991
0.1930000 16.0717411
0.1940000 9.1197968
0.1950000 66.0677719
0.1960000 -20.3287945
0.1970000 -34.3447800
0.1980000 -31.2182255
0.1990000 46.1886635
0.2000000 35.7815170
0.2010000 16.5444279
0.2020000 -54.3634644
0.2030000 21.5787735
0.2040000 -48.9099121
0.2050000 39.8032341
0.2060000 -67.7970428
0.2070000 6.4947400
0.2080000 -31.0314350
0.2090000 26.3918991
0.2100000 42.2344551
0.2110000 4.3767452
0.2120000 11.9615936
0.2130000 -2.3739142
0.2140000 25.5916271
0.2150000 0.3003393
0.2160000 39.5798416
0.2170000 31.4819927
0.2180000 -19.9984379
0.2190000 -96.1907730
0.2200000 45.0902634
0.2210000 5.9881611
0.2220000 15.8174181
0.2230000 23.3685303
0.2240000 34.9874229
0.2250000 -12.9846859
0.2260000 25.7751007
0.2270000 8.1164474
0.2280000 11.2241344
0.2290000 -2.7194128
0.2300000 44.7561150
0.2310000 35.5360603
0.2320000 18.8610039
0.2330000 -58.6300735
0.2340000 64.5484619
0.2350000 -34.4707985
0.2360000 21.3937073
0.2370000 3.6322911
0.2380000 -6.1053772
0.2390000 -11.3903913
0.2400000 -5.9594879
0.2410000 27.8526020
0.2420000 -4.4148717
0.2430000 68.9784317
0.2440000 -43.2419205
0.2450000 -74.7444077
0.2460000 78.1994476
0.2470000 -42.0163002
0.2480000 13.8867254
0.2490000 -35.8187675
0.2500000 39.2035179
0.2510000 13.3897181
0.2520000 13.2109985
0.2530000 15.6203556
0.2540000 48.7443466
0.2550000 -20.7923622
0.2560000 0.7199084
0.2570000 -85.9051895
0.2580000 -28.9624634
0.2590000 -5.8765364
0.2600000 30.1042900
0.2610000 -51.7944412
0.2620000 26.6166229
0.2630000 12.8480539
0.2640000 -29.8828926
0.2650000 31.1025600
0.2660000 7.7969422
0.2670000 -41.2113914
0.2680000 -48.1510201
0.2690000 -0.8841513
0.2700000 7.6992698
0.2710000 9.0180149
0.2720000 14.4512053
0.2730000 -8.2171211
0.2740000 -11.5817318
0.2750000 29.7734032
0.2760000 23.3010082
0.2770000 6.7957039
0.2780000 3.4105833
0.2790000 -41.9022064
0.2800000 -45.2103653
0.2810000 -15.5170288
0.2820000 -45.1568604
0.2830000 59.2123718
0.2840000 19.2851410
0.2850000 21.3441963
0.2860000 30.0864830
0.2870000 -30.2897758
0.2880000 -23.5691261
0.2890000 -40.7544556
0.2900000 -57.7076187
0.2910000 -58.9914589
0.2920000 9.9905796
0.2930000 11.3740511
0.2940000 -3.6141839
0.2950000 -41.8171654
0.2960000 2.5154653
0.2970000 34.2794380
0.2980000 -53.8709869
0.2990000 -20.5762501
0.3000000 46.5385857
0.3010000 0.0618742
0.3020000 -47.7208519
0.3030000 -22.1543732
0.3040000 -21.7786922
0.3050000 -33.2472000
0.3060000 -16.5525360
0.3070000 20.8305416
0.3080000 37.0579224
0.3090000 4.6740918
0.3100000 -63.9813423
0.3110000 55.6895905
0.3120000 -21.9757481
0.3130000 47.8582535
0.3140000 15.8918571
0.3150000 -15.8284426
0.3160000 -57.9625282
0.3170000 8.7971478
0.3180000 -8.1959229
0.3190000 -56.7582741
0.3200000 18.9932346
0.3210000 -33.8723106
0.3220000 1.6217389
0.3230000 2.8527937
0.3240000 -29.2223110
0.3250000 43.2740936
0.3260000 8.5334482
0.3270000 22.5735493
0.3280000 -3.4239185
0.3290000 -10.1863241
0.3300000 55.3652840
0.3310000 71.5281754
0.3320000 42.8040123
0.3330000 -5.4875174
0.3340000 -19.0532284
0.3350000 24.5840187
0.3360000 -5.3222656
0.3370000 -59.5414276
0.3380000 -14.9640160
0.3390000 34.0340042
0.3400000 -34.1919250
0.3410000 13.5031910
0.3420000 -40.5201492
0.3430000 -57.1460648
0.3440000 -19.3197308
0.3450000 30.3756256
0.3460000 41.0133018
0.3470000 -6.1519423
0.3480000 -26.0127220
0.3490000 -5.7449684
0.3500000 71.6978912
0.3510000 50.9131126
0.3520000 -42.2181969
0.3530000 58.5771217
0.3540000 61.0257950
0.3550000 11.1403160
0.3560000 23.1089973
0.3570000 -11.7655582
0.3580000 -23.1864986
0.3590000 17.0244503
0.3600000 19.0556374
0.3610000 36.4476852
0.3620000 -4.9533477
0.3630000 78.8559113
0.3640000 43.8505707
0.3650000 14.3415823
0.3660000 115.8232956
0.3670000 -14.9982519
0.3680000 -44.6520042
0.3690000 -45.8134727
0.3700000 61.6352844
0.3710000 68.1691666
0.3720000 0.1172717
0.3730000 0.1179943
0.3740000 60.3115082
0.3750000 -6.5550027
0.3760000 -19.3397808
0.3770000 14.0386496
0.3780000 -4.9725451
0.3790000 -42.2415657
0.3800000 53.3686790
0.3810000 36.2669945
0.3820000 -0.1743097
0.3830000 3.6257923
0.3840000 12.8385515
0.3850000 58.8674698
0.3860000 -50.0606155
0.3870000 4.2002687
0.3880000 51.4903679
0.3890000 -11.5174274
0.3900000 -7.1239953
0.3910000 3.0545695
0.3920000 -35.4859962
0.3930000 -53.5827179
0.3940000 -64.9016418
0.3950000 -0.9657666
0.3960000 1.3648946
0.3970000 23.1237125
0.3980000 86.1984253
0.3990000 6.2147408
0.4000000 24.4319115
0.4010000 92.7653122
0.4020000 -13.2108908
0.4030000 28.8485718
0.4040000 11.9166794
0.4050000 1.8929012
0.4060000 -21.7515297
0.4070000 -53.0639648
0.4080000 21.1857185
0.4090000 -48.7299652
0.4100000 32.2657738
0.4110000 3.6757853
0.4120000 -72.1726151
0.4130000 57.5270348
0.4140000 56.2152481
0.4150000 -6.7237701
0.4160000 -37.9249573
0.4170000 60.0344048
0.4180000 -55.2464142
0.4190000 3.8267956
0.4200000 26.3614140
0.4210000 -0.7758284
0.4220000 68.1422119
0.4230000 3.2512987
0.4240000 -3.3946583
0.4250000 -12.6333752
0.4260000 -34.4929810
0.4270000 10.8393936
0.4280000 42.9440041
0.4290000 -10.2088461
0.4300000 62.2456856
0.4310000 7.8291545
0.4320000 -35.4518623
0.4330000 11.6090174
0.4340000 -7.2367501
0.4350000 4.2836943
0.4360000 -5.9860826
0.4370000 54.9529915
0.4380000 9.2878895
0.4390000 14.2852707
0.4400000 -13.9410667
0.4410000 46.0064011
0.4420000 21.2048035
0.4430000 15.3514309
0.4440000 -34.5852089
0.4450000 -30.5425224
0.4460000 40.2380562
0.4470000 -36.4890251
0.4480000 38.2789421
0.4490000 -28.1604023
0.4500000 -26.9725494
0.4510000 36.8076172
0.4520000 17.1156178
0.4530000 -3.3663092
0.4540000 -21.8994408
0.4550000 12.7658186
0.4560000 -117.3292465
0.4570000 10.5133982
0.4580000 43.1423912
0.4590000 19.2243748
0.4600000 -13.0240822
0.4610000 -16.8284283
0.4620000 -52.9446487
0.4630000 7.8958349
0.4640000 63.0574532
0.4650000 22.0518570
0.4660000 37.2423515
0.4670000 31.2732525
0.4680000 -7.5363669
0.4690000 19.3418388
0.4700000 -9.0787945
0.4710000 3.0369127
0.4720000 1.9295855
0.4730000 37.0708542
0.4740000 -3.5122585
0.4750000 -6.2162905
0.4760000 -6.1094880
0.4770000 -0.2923507
0.4780000 -16.5828037
0.4790000 -31.3869953
0.4800000 -1.5167800
0.4810000 5.5482287
0.4820000 19.7205544
0.4830000 4.6978207
0.4840000 15.6529026
0.4850000 -20.2070026
0.4860000 -8.6245995
0.4870000 7.2169290
0.4880000 -22.6559467
0.4890000 3.0455837
0.4900000 20.6567993
0.4910000 11.3678179
0.4920000 -51.5483780
0.4930000 11.0975666
0.4940000 91.5198517
0.4950000 40.5886917
0.4960000 16.9171200
0.4970000 10.7161407
0.4980000 19.3748627
0.4990000 46.8382721
0.5000000 -42.1989861
0.5010000 -4.6695218
0.5020000 -34.8208084
0.5030000 -19.1535759
0.5040000 -8.4719877
0.5050000 -79.6983185
0.5060000 24.5569534
0.5070000 12.4247360
0.5080000 37.4063034
0.5090000 -2.9112415
0.5100000 -2.6850545
0.5110000 11.1718693
0.5120000 6.9674864
0.5130000 -15.4816599
0.5140000 -62.0496292
0.5150000 51.9827919
0.5160000 -23.2116280
0.5170000 -7.7819901
0.5180000 -10.1446466
0.5190000 -7.5825124
0.5200000 72.9147644
0.5210000 -42.9547195
0.5220000 -24.0020790
0.5230000 -3.2996204
0.5240000 1.3757834
0.5250000 -25.2116146
0.5260000 8.7730198
0.5270000 -27.2069817
0.5280000 18.3863525
0.5290000 17.5427055
0.5300000 23.2386436
0.5310000 -18.0943127
0.5320000 -25.0729580
0.5330000 37.8249817
0.5340000 28.5518475
0.5350000 48.5990334
0.5360000 -3.3249598
0.5370000 -23.2325706
0.5380000 25.9356308
0.5390000 -42.8405342
0.5400000 -30.0376263
0.5410000 41.3840103
0.5420000 53.9651146
0.5430000 -34.3749695
0.5440000 13.0059652
0.5450000 -56.2558136
0.5460000 -20.2946682
0.5470000 -19.6080189
0.5480000 -4.0606399
0.5490000 26.8293705
0.5500000 16.2182865
0.5510000 -41.7370033
0.5520000 -27.8764000
0.5530000 -17.9286728
0.5540000 19.2997036
0.5550000 -29.7227077
0.5560000 22.1272964
0.5570000 54.4693756
0.5580000 -23.3594265
0.5590000 3.1063530
0.5600000 14.5842094
0.5610000 -26.7255020
0.5620000 -7.1166635
0.5630000 13.6378593
0.5640000 17.1995239
0.5650000 -38.0058136
0.5660000 -25.9914093
0.5670000 -8.4539957
0.5680000 17.8254318
0.5690000 4.6041512
0.5700000 -23.8776169
0.5710000 17.7492485
0.5720000 27.4605961
0.5730000 -15.5699654
0.5740000 -28.1758022
0.5750000 -23.1626568
0.5760000 -35.9469833
0.5770000 -37.7859077
0.5780000 -50.2809792
0.5790000 2.2147057
0.5800000 9.5335188
0.5810000 22.8558388
0.5820000 44.8411293
0.5830000 7.4789939
0.5840000 31.2046814
0.5850000 44.0018883
0.5860000 38.1985779
0.5870000 40.6481590
0.5880000 -4.9312172
0.5890000 -23.8740387
0.5900000 14.3486691
0.5910000 6.0713348
0.5920000 53.3494644
0.5930000 -37.3266830
0.5940000 31.5258656
0.5950000 41.4792442
0.5960000 15.7251930
0.5970000 -59.8336601
0.5980000 21.3521347
0.5990000 6.9646249
0.6000000 -35.4758148
0.6010000 31.4513531
0.6020000 71.8459930
0.6030000 -16.8465843
0.6040000 32.9190521
0.6050000 -9.2608595
0.6060000 12.5424490
0.6070000 -3.0257549
0.6080000 -31.9492073
0.6090000 -11.6855145
0.6100000 -26.5495872
0.6110000 -2.9822824
0.6120000 27.4103985
0.6130000 45.9864120
0.6140000 -32.4024658
0.6150000 -46.0094910
0.6160000 -23.0710564
0.6170000 -99.6768570
0.6180000 -28.4370327
0.6190000 1.3019145
0.6200000 -33.0454636
0.6210000 -52.2531891
0.6220000 33.1710167
0.6230000 16.2734108
0.6240000 45.0372238
0.6250000 -41.6490326
0.6260000 -30.7360172
0.6270000 -12.1080542
0.6280000 -3.0689981
0.6290000 -9.5644388
0.6300000 -61.2524796
0.6310000 21.2257576
0.6320000 21.7940254
0.6330000 -16.8263035
0.6340000 -33.8145676
0.6350000 57.1559753
0.6360000 6.2565002
0.6370000 11.2884693
0.6380000 -13.6593704
0.6390000 -14.1542845
0.6400000 -16.3171520
0.6410000 13.3139801
0.6420000 52.3063431
0.6430000 -33.0468140
0.6440000 -3.5083809
0.6450000 23.7345486
0.6460000 6.8480015
0.6470000 -22.5599937
0.6480000 -24.0900555
0.6490000 -14.1792212
0.6500000 17.7467060
0.6510000 -30.0118427
0.6520000 -28.9070930
0.6530000 52.0090866
0.6540000 -42.4358025
0.6550000 40.4617805
0.6560000 18.2358036
0.6570000 38.7647896
0.6580000 48.4672241
0.6590000 27.7943954
0.6600000 35.5857086
0.6610000 10.0595093
0.6620000 -53.1723518
0.6630000 3.1461923
0.6640000 28.3145847
0.6650000 -7.2121720
0.6660000 36.4451370
0.6670000 -12.4546690
0.6680000 -16.3826141
0.6690000 -4.7514319
0.6700000 10.2082443
0.6710000 -22.3598080
0.6720000 -26.9903355
0.6730000 -23.5564346
0.6740000 47.8297424
0.6750000 -9.1255322
0.6760000 -24.5380840
0.6770000 -30.2730331
0.6780000 -27.3776169
0.6790000 22.9144592
0.6800000 13.9784136
0.6810000 59.9385529
0.6820000 -48.8768730
0.6830000 -10.9336224
0.6840000 -33.1349449
0.6850000 -18.9975643
0.6860000 20.3832226
0.6870000 -51.6970329
0.6880000 101.1518631
0.6890000 -49.3186493
0.6900000 24.2102909
0.6910000 -20.9046535
0.6920000 -20.5467091
0.6930000 7.2912173
0.6940000 6.1303163
0.6950000 -16.9788399
0.6960000 -70.6965942
0.6970000 14.4793634
0.6980000 62.2192230
0.6990000 41.8306694
0.7000000 39.4759598
0.7010000 14.8652563
0.7020000 -6.1005421
0.7030000 37.7728310
0.7040000 -33.9392166
0.7050000 -33.3233871
0.7060000 -23.9766541
0.7070000 -102.0665512
0.7080000 -46.1504974
0.7090000 -31.3800526
0.7100000 33.7078934
0.7110000 -100.2525253
0.7120000 -34.7032089
0.7130000 -21.7464638
0.7140000 50.2011147
0.7150000 41.3077431
0.7160000 13.7338171
0.7170000 52.8914337
0.7180000 30.0907211
0.7190000 45.5570259
0.7200000 -12.6620417
0.7210000 -18.8562889
0.7220000 -15.6749125
0.7230000 12.2385941
0.7240000 -16.4823933
0.7250000 48.3250656
0.7260000 -56.6442223
0.7270000 -2.4157619
0.7280000 -3.2100191
0.7290000 0.4489194
0.7300000 4.7204475
0.7310000 19.1400776
0.7320000 -12.8673306
0.7330000 20.3253098
0.7340000 16.6690273
0.7350000 7.9694896
0.7360000 38.9774284
0.7370000 59.6433372
0.7380000 22.6175823
0.7390000 -24.7811356
0.7400000 -7.1544065
0.7410000 6.2094069
0.7420000 39.8146553
0.7430000 31.8429585
0.7440000 -12.5102015
0.7450000 -12.0730238
0.7460000 -53.8072701
0.7470000 -5.2896948
0.7480000 29.7162800
0.7490000 22.9279995
0.7500000 39.0416756
0.7510000 -22.7159424
0.7520000 -1.6904045
0.7530000 12.8118401
0.7540000 9.4747763
0.7550000 10.5773935
0.7560000 15.2556639
0.7570000 15.9151592
0.7580000 2.5304306
0.7590000 -31.1410351
0.7600000 20.6214485
0.7610000 26.1249199
0.7620000 40.4413872
0.7630000 -11.7293634
0.7640000 -5.3653855
0.7650000 30.8162212
0.7660000 0.4335555
0.7670000 46.0133667
0.7680000 55.6096268
0.7690000 41.6036110
0.7700000 5.9281845
0.7710000 -12.7286873
0.7720000 -3.3548725
0.7730000 71.4267502
0.7740000 7.1289186
0.7750000 40.4546661
0.7760000 -2.6904073
0.7770000 11.3234310
0.7780000 -44.7999420
0.7790000 -63.6456451
0.7800000 -26.6938515
0.7810000 48.6307259
0.7820000 -14.9209814
0.7830000 -86.6874847
0.7840000 -8.1555595
0.7850000 24.1034298
0.7860000 -53.0827789
0.7870000 65.2228622
0.7880000 31.0307751
0.7890000 -43.0281792
0.7900000 13.5247507
0.7910000 -15.5461321
0.7920000 36.1599655
0.7930000 -78.3128815
0.7940000 59.5397110
0.7950000 -72.3191147
0.7960000 7.5183125
0.7970000 -36.4000092
0.7980000 22.0537376
0.7990000 -12.6889877
0.8000000 -24.6098995
0.8010000 51.0775261
0.8020000 -15.8480873
0.8030000 22.1726589
0.8040000 -34.7949257
0.8050000 -31.3598595
0.8060000 -97.3790894
0.8070000 -0.8373589
0.8080000 33.5174065
0.8090000 -8.5881786
0.8100000 -34.1533699
0.8110000 10.2879820
0.8120000 -6.6066175
0.8130000 -3.9335654
0.8140000 -2.0082197
0.8150000 2.5658181
0.8160000 46.3232651
0.8170000 25.9554482
0.8180000 43.4406242
0.8190000 -59.2305717
0.8200000 22.0573463
0.8210000 43.3072205
0.8220000 7.2939181
0.8230000 50.9336357
0.8240000 29.1049480
0.8250000 -28.2389793
0.8260000 -71.9929123
0.8270000 25.7511692
0.8280000 -16.7098274
0.8290000 53.4267807
0.8300000 49.4216728
0.8310000 8.2785463
0.8320000 5.3404002
0.8330000 29.7413177
0.8340000 13.5414858
0.8350000 -74.1181641
0.8360000 -25.9138012
0.8370000 -1.5948657
0.8380000 45.3547287
0.8390000 27.4529171
0.8400000 16.4292164
0.8410000 20.4809170
0.8420000 9.7628050
0.8430000 67.9347992
0.8440000 1.6268011
0.8450000 7.6582246
0.8460000 -10.8721409
0.8470000 -47.3306961
0.8480000 6.3698659
0.8490000 -55.4131927
0.8500000 102.5556488
0.8510000 67.9358063
0.8520000 -42.5939255
0.8530000 -26.4261208
0.8540000 86.3623505
0.8550000 20.8456821
0.8560000 14.3497839
0.8570000 36.8728485
0.8580000 43.1721687
0.8590000 19.1171436
0.8600000 -41.5098381
0.8610000 44.2125168
0.8620000 -45.2106476
0.8630000 28.9927330
0.8640000 -18.6899719
0.8650000 -40.2061386
0.8660000 39.1253014
0.8670000 62.2260437
0.8680000 -42.8292236
0.8690000 41.0417023
0.8700000 15.6754847
0.8710000 -65.1573410
0.8720000 45.1946068
0.8730000 -12.4817076
0.8740000 -19.6340675
0.8750000 -45.5054283
0.8760000 22.3703518
0.8770000 -21.6921902
0.8780000 9.8407640
0.8790000 -44.0752907
0.8800000 44.4213905
0.8810000 0.4508743
0.8820000 55.1534233
0.8830000 -45.1426277
0.8840000 -14.9993057
0.8850000 -91.0781326
0.8860000 -52.7137985
0.8870000 -22.5526066
0.8880000 7.5659499
0.8890000 -80.7769241
0.8900000 28.8839741
0.8910000 -26.6135654
0.8920000 45.6992378
0.8930000 24.9302177
0.8940000 -0.0845582
0.8950000 -3.8773816
0.8960000 -11.6611834
0.8970000 -63.4479828
0.8980000 5.6990576
0.8990000 49.3256874
0.9000000 26.3390770
0.9010000 0.0276864
0.9020000 -9.1946239
0.9030000 37.7356949
0.9040000 -27.3270054
0.9050000 16.0602303
0.9060000 -79.3754120
0.9070000 -46.2439804
0.9080000 -34.0791893
0.9090000 -46.7199249
0.9100000 2.0485997
0.9110000 16.7271214
0.9120000 -56.6658134
0.9130000 84.6241074
0.9140000 -18.9275513
0.9150000 -34.2105713
0.9160000 37.5029449
0.9170000 40.8026390
0.9180000 -17.2363071
0.9190000 -46.2587852
0.9200000 6.6941438
0.9210000 50.9074326
0.9220000 -23.6155243
0.9230000 2.5277965
0.9240000 26.3421745
0.9250000 45.2654152
0.9260000 6.8044381
0.9270000 11.9685278
0.9280000 -20.4453125
0.9290000 32.6989555
0.9300000 -35.4303360
0.9310000 12.4092150
0.9320000 -42.8641167
0.9330000 -9.5030661
0.9340000 76.5105133
0.9350000 48.1759949
0.9360000 8.3188086
0.9370000 -21.6792622
0.9380000 34.8965454
0.9390000 -26.4369659
0.9400000 -1.1611015
0.9410000 -14.0312786
0.9420000 41.0040169
0.9430000 -23.9216156
0.9440000 8.9837103
0.9450000 -25.5484142
0.9460000 -149.8324585
0.9470000 25.2914791
0.9480000 11.4256849
0.9490000 -46.6466904
0.9500000 54.4570541
0.9510000 5.9949446
0.9520000 58.8359375
0.9530000 -38.5679855
0.9540000 -12.5115299
0.9550000 11.8549690
0.9560000 29.7817726
0.9570000 67.3376923
0.9580000 -19.3686218
0.9590000 23.6879063
0.9600000 -0.2035762
0.9610000 -23.4167233
0.9620000 3.2823846
0.9630000 56.7003517
0.9640000 55.1026382
0.9650000 12.0144491
0.9660000 83.5280914
0.9670000 0.7336996
0.9680000 43.0091743
0.9690000 -8.4888325
0.9700000 -21.3638458
0.9710000 53.2758522
0.9720000 15.3735590
0.9730000 -0.0606571
0.9740000 -46.6396027
0.9750000 22.4448376
0.9760000 -8.9851179
0.9770000 -61.5895309
0.9780000 36.6263123
0.9790000 -8.6863947
0.9800000 -5.4992919
0.9810000 1.4570438
0.9820000 -26.8181229
0.9830000 -0.9486150
0.9840000 54.2817230
0.9850000 1.5025239
0.9860000 14.7672482
0.9870000 -9.7355185
0.9880000 -10.1829338
0.9890000 -64.7894669
0.9900000 -5.3680310
0.9910000 -72.6039429
0.9920000 8.1278391
0.9930000 28.7267952
0.9940000 37.3494759
0.9950000 -15.7880383
0.9960000 -63.3514671
0.9970000 -5.9830761
0.9980000 11.5394993
0.9990000 16.0662479
