0.0000000 7.7708893
0.0010000 -0.6110882
0.0020000 21.5520115
0.0030000 24.0371761
0.0040000 7.6031179
0.0050000 5.2970700
0.0060000 26.3840179
0.0070000 49.2622719
0.0080000 -22.6666889
0.0090000 58.3084030
0.0100000 -3.3910484
0.0110000 2.0007315
0.0120000 3.2700040
0.0130000 8.9033127
0.0140000 35.1705437
0.0150000 -25.3316574
0.0160000 22.4873409
0.0170000 1.1084018
0.0180000 -53.7637253
0.0190000 29.0924187
0.0200000 30.8788433
0.0210000 12.9267855
0.0220000 43.0870285
0.0230000 58.4315720
0.0240000 40.9213753
0.0250000 10.1094580
0.0260000 14.5488224
0.0270000 -10.0844898
0.0280000 19.0165577
0.0290000 25.5548725
0.0300000 24.4980850
0.0310000 14.3409557
0.0320000 -51.5470161
0.0330000 17.3573017
0.0340000 14.5460196
0.0350000 14.0150795
0.0360000 -2.1150603
0.0370000 45.8187752
0.0380000 1.5012442
0.0390000 -15.2606297
0.0400000 13.4628334
0.0410000 12.7565441
0.0420000 45.4529762
0.0430000 -54.2435608
0.0440000 -30.0781269
0.0450000 -31.4554005
0.0460000 -30.7270641
0.0470000 1.6654571
0.0480000 -19.3765850
0.0490000 -81.0061264
0.0500000 -18.1450939
0.0510000 -33.2662888
0.0520000 -79.7600708
0.0530000 -69.2537613
0.0540000 -31.7076092
0.0550000 -15.4395151
0.0560000 -51.8234520
0.0570000 12.3440685
0.0580000 3.6715508
0.0590000 44.7973022
0.0600000 52.9450874
0.0610000 -4.9691877
0.0620000 -0.5489675
0.0630000 -1.4450073
0.0640000 8.4330902
0.0650000 17.2431889
0.0660000 8.5523796
0.0670000 17.4120598
0.0680000 -16.1304283
0.0690000 27.5596561
0.0700000 31.3739758
0.0710000 -18.9609699
0.0720000 18.4773750
0.0730000 -1.6005198
0.0740000 -3.0358844
0.0750000 -54.9326057
0.0760000 0.8541944
0.0770000 18.6971512
0.0780000 -22.6179237
0.0790000 -18.8824615
0.0800000 -13.1987915
0.0810000 -50.5464325
0.0820000 -30.9787884
0.0830000 0.3932449
0.0840000 -11.2866163
0.0850000 -7.0018039
0.0860000 8.7735386
0.0870000 26.4718628
0.0880000 25.3482571
0.0890000 -19.5822830
0.0900000 69.4265900
0.0910000 2.4920650
0.0920000 -8.2751293
0.0930000 -0.9194451
0.0940000 21.5587463
0.0950000 -58.7905922
0.0960000 16.9577599
0.0970000 -69.8023682
0.0980000 -44.9500160
0.0990000 20.0705643
0.1000000 -25.3653145
0.1010000 0.0750497
0.1020000 17.3960075
0.1030000 -10.9214592
0.1040000 83.0840302
0.1050000 17.4839687
0.1060000 -55.8677979
0.1070000 29.0820560
0.1080000 -35.7586784
0.1090000 -41.7494392
0.1100000 -37.9024124
0.1110000 28.3636761
0.1120000 -76.2602539
0.1130000 -11.7499971
0.1140000 19.2808800
0.1150000 23.8283062
0.1160000 -14.2399721
0.1170000 9.4685917
0.1180000 -31.0998535
0.1190000 -13.7798300
0.1200000 51.5051384
0.1210000 -16.8520393
0.1220000 11.0060787
0.1230000 -2.1116283
0.1240000 36.9920502
0.1250000 -27.9945869
0.1260000 5.9383373
0.1270000 -60.8427925
0.1280000 30.2358589
0.1290000 -28.8815250
0.1300000 -30.3038387
0.1310000 -13.7347136
0.1320000 21.9689026
0.1330000 9.2099657
0.1340000 17.8318825
0.1350000 18.3057423
0.1360000 22.2686958
0.1370000 1.6155879
0.1380000 20.0801544
0.1390000 -31.3858891
0.1400000 -17.1441708
0.1410000 25.1808643
0.1420000 -13.3256817
0.1430000 7.3332357
0.1440000 -14.6530113
0.1450000 46.8163910
0.1460000 3.2013278
0.1470000 2.8883042
0.1480000 27.0086727
0.1490000 -24.9474068
0.1500000 -2.0014172
0.1510000 31.8036671
0.1520000 -71.0975723
0.1530000 -15.4817581
0.1540000 12.6135035
0.1550000 18.4777470
0.1560000 17.8466587
0.1570000 -6.7421794
0.1580000 -23.0301914
0.1590000 -37.4898186
0.1600000 13.2751684
0.1610000 52.5178490
0.1620000 -29.6174335
0.1630000 29.7126770
0.1640000 -35.8298035
0.1650000 12.7839165
0.1660000 11.9604988
0.1670000 38.6955376
0.1680000 46.6699295
0.1690000 13.5250921
0.1700000 -40.1793633
0.1710000 -61.1417236
0.1720000 -2.8710799
0.1730000 -7.5642209
0.1740000 -37.2026215
0.1750000 22.1384525
0.1760000 5.1052785
0.1770000 -24.9765854
0.1780000 32.5340157
0.1790000 -22.8006058
0.1800000 -57.5155258
0.1810000 23.2411327
0.1820000 17.8159561
0.1830000 61.7035103
0.1840000 11.1648884
0.1850000 3.5403645
0.1860000 -34.1165504
0.1870000 -7.7408605
0.1880000 33.9975853
0.1890000 -3.9520335
0.1900000 -42.4806633
0.1910000 -41.2547302
0.1920000 -6.5306091
0.1930000 -32.4489365
0.1940000 2.0721774
0.1950000 -79.3649368
0.1960000 -16.1095734
0.1970000 36.3140221
0.1980000 -31.1106091
0.1990000 35.0527611
0.2000000 46.8325577
0.2010000 -10.5422268
0.2020000 -40.4826050
0.2030000 -44.0870018
0.2040000 -52.0842972
0.2050000 10.3457518
0.2060000 6.4990888
0.2070000 -11.1631279
0.2080000 32.7529755
0.2090000 10.7872953
0.2100000 -50.2776451
0.2110000 -21.6697636
0.2120000 21.6449757
0.2130000 45.9223785
0.2140000 58.2635536
0.2150000 19.4825172
0.2160000 44.1142349
0.2170000 20.1386738
0.2180000 2.4967535
0.2190000 26.6068764
0.2200000 14.4122419
0.2210000 -17.3244209
0.2220000 18.7879963
0.2230000 5.9995799
0.2240000 -45.5738144
0.2250000 7.3638616
0.2260000 -38.3224831
0.2270000 6.1293511
0.2280000 -63.6033249
0.2290000 -61.6003380
0.2300000 35.5604362
0.2310000 15.0097761
0.2320000 -68.4083405
0.2330000 -50.8619728
0.2340000 -32.0601158
0.2350000 -42.0563354
0.2360000 42.8869438
0.2370000 -45.4192429
0.2380000 1.2918710
0.2390000 5.6429219
0.2400000 5.6550636
0.2410000 -64.4014053
0.2420000 -64.9543457
0.2430000 20.7138805
0.2440000 16.1799812
0.2450000 25.5933819
0.2460000 44.2071037
0.2470000 27.6331577
0.2480000 -3.4740441
0.2490000 87.4472198
0.2500000 94.2609863
0.2510000 0.2384916
0.2520000 -58.3623657
0.2530000 66.0177536
0.2540000 20.0815582
0.2550000 6.7641129
0.2560000 25.3948631
0.2570000 -53.2519150
0.2580000 20.7861423
0.2590000 -18.8931046
0.2600000 30.1200027
0.2610000 -2.1612635
0.2620000 -20.3261185
0.2630000 55.7670212
0.2640000 19.7887001
0.2650000 29.9210892
0.2660000 -10.2270117
0.2670000 8.6711626
0.2680000 -10.3819094
0.2690000 51.0530128
0.2700000 50.6252289
0.2710000 37.5839348
0.2720000 -2.7598324
0.2730000 -59.6252098
0.2740000 3.3760412
0.2750000 -3.5681348
0.2760000 -74.9059067
0.2770000 -9.0574045
0.2780000 20.2462845
0.2790000 -48.1395645
0.2800000 50.3682060
0.2810000 73.0012665
0.2820000 -3.3090894
0.2830000 -19.0371437
0.2840000 -8.1912823
0.2850000 -25.0138054
0.2860000 -89.2606201
0.2870000 -6.5381098
0.2880000 35.1015739
0.2890000 -4.5638142
0.2900000 -74.8755035
0.2910000 14.0390100
0.2920000 -5.4606485
0.2930000 3.9248710
0.2940000 30.9438744
0.2950000 -11.2038727
0.2960000 50.7709579
0.2970000 29.5734863
0.2980000 35.4160957
0.2990000 -25.1874828
0.3000000 57.8140182
0.3010000 -46.1429939
0.3020000 74.3268356
0.3030000 45.2832108
0.3040000 -102.3104095
0.3050000 -2.4873738
0.3060000 -0.8936399
0.3070000 -19.0054512
0.3080000 30.4799747
0.3090000 31.3599873
0.3100000 4.3758125
0.3110000 45.6223335
0.3120000 13.0705738
0.3130000 -29.4691868
0.3140000 0.5855986
0.3150000 -27.1261559
0.3160000 3.0026023
0.3170000 24.6319313
0.3180000 -44.6867447
0.3190000 -19.3654518
0.3200000 -17.4750919
0.3210000 5.6091542
0.3220000 -61.4017448
0.3230000 9.5122194
0.3240000 -20.0682602
0.3250000 20.2851944
0.3260000 51.8530884
0.3270000 -8.3928461
0.3280000 40.5002251
0.3290000 -24.5259666
0.3300000 18.4924564
0.3310000 12.2460308
0.3320000 1.8795122
0.3330000 -16.9350128
0.3340000 56.7023430
0.3350000 -65.9035492
0.3360000 -15.8257265
0.3370000 15.4990969
0.3380000 5.6759796
0.3390000 -11.1178007
0.3400000 -44.2436943
0.3410000 13.6831102
0.3420000 -25.9278393
0.3430000 13.7151880
0.3440000 12.8188953
0.3450000 26.4270668
0.3460000 -6.3628817
0.3470000 -23.3104897
0.3480000 13.4166737
0.3490000 -65.1597366
0.3500000 -23.2314510
0.3510000 49.3179169
0.3520000 23.3348312
0.3530000 17.7376118
0.3540000 -16.5232372
0.3550000 -13.5300674
0.3560000 -1.3706665
0.3570000 40.7284737
0.3580000 -15.8264313
0.3590000 -76.7477951
0.3600000 29.9438229
0.3610000 -26.7798443
0.3620000 -39.9430771
0.3630000 -13.6894455
0.3640000 10.9888134
0.3650000 7.3304243
0.3660000 -0.1844457
0.3670000 -43.9258690
0.3680000 -2.6217656
0.3690000 12.3265600
0.3700000 -38.4926796
0.3710000 36.0633507
0.3720000 5.8886147
0.3730000 -13.5286503
0.3740000 -13.7683792
0.3750000 -3.7149262
0.3760000 -1.3302125
0.3770000 -15.7167768
0.3780000 31.5893974
0.3790000 -29.7977047
0.3800000 -109.2675323
0.3810000 20.7241325
0.3820000 12.5808878
0.3830000 -51.6610565
0.3840000 -32.5342102
0.3850000 35.6442871
0.3860000 -0.7746674
0.3870000 49.7773857
0.3880000 -19.8720551
0.3890000 -37.3848953
0.3900000 -22.2984371
0.3910000 -28.4504738
0.3920000 33.9296188
0.3930000 8.7771149
0.3940000 2.9095976
0.3950000 -26.4851227
0.3960000 23.1412773
0.3970000 -53.4941216
0.3980000 -6.6658936
0.3990000 44.2057648
0.4000000 32.2766228
0.4010000 22.9903774
0.4020000 49.9945221
0.4030000 25.7529926
0.4040000 13.8703108
0.4050000 1.2699200
0.4060000 -10.6261806
0.4070000 -16.2211628
0.4080000 -59.2416229
0.4090000 48.1677742
0.4100000 24.6000328
0.4110000 -31.2932186
0.4120000 -61.3501282
0.4130000 65.7928696
0.4140000 11.5384674
0.4150000 45.2343369
0.4160000 -97.2684631
0.4170000 2.5862441
0.4180000 81.8831558
0.4190000 26.6238632
0.4200000 27.6468716
0.4210000 26.8844509
0.4220000 17.7735615
0.4230000 9.9957695
0.4240000 8.5504522
0.4250000 8.8898020
0.4260000 5.7190781
0.4270000 -19.2917728
0.4280000 -8.4125061
0.4290000 26.8736916
0.4300000 -8.2860041
0.4310000 37.8535271
0.4320000 14.4428740
0.4330000 7.6982899
0.4340000 51.8029861
0.4350000 6.9191680
0.4360000 -7.4255309
0.4370000 9.3785543
0.4380000 30.1427345
0.4390000 -5.1712451
0.4400000 68.9883804
0.4410000 -21.3397732
0.4420000 -10.4393988
0.4430000 -65.5534973
0.4440000 -17.3831005
0.4450000 -23.9256020
0.4460000 -9.0575237
0.4470000 6.5085669
0.4480000 21.6547642
0.4490000 21.4890938
0.4500000 34.1235237
0.4510000 -53.0313835
0.4520000 6.2548213
0.4530000 -11.9891005
0.4540000 -25.4280338
0.4550000 7.3881030
0.4560000 29.0297318
0.4570000 -48.6947784
0.4580000 27.7544575
0.4590000 -18.0283737
0.4600000 29.8132496
0.4610000 20.1900749
0.4620000 14.5471210
0.4630000 -9.1664801
0.4640000 -49.8877792
0.4650000 1.5093625
0.4660000 -68.7629013
0.4670000 38.1590843
0.4680000 -64.0803299
0.4690000 14.4896402
0.4700000 -3.5312078
0.4710000 -15.8479652
0.4720000 10.0288010
0.4730000 60.3326759
0.4740000 -2.2372210
0.4750000 -20.3217373
0.4760000 22.6571312
0.4770000 9.2693386
0.4780000 1.3991539
0.4790000 -35.3129120
0.4800000 -14.0364494
0.4810000 -69.2242355
0.4820000 17.6460667
0.4830000 31.3386555
0.4840000 -1.2466506
0.4850000 57.3693886
0.4860000 43.3342819
0.4870000 -39.4293251
0.4880000 -36.8850861
0.4890000 16.4848900
0.4900000 5.8992887
0.4910000 61.5711250
0.4920000 31.8077087
0.4930000 -43.6309357
0.4940000 -16.0256252
0.4950000 14.5612774
0.4960000 12.9432621
0.4970000 -74.1642456
0.4980000 -46.7793388
0.4990000 34.7265587
0.5000000 70.0495453
0.5010000 -18.8847942
0.5020000 -54.5877686
0.5030000 -5.5061746
0.5040000 -20.4210262
0.5050000 -13.1081238
0.5060000 -6.1478982
0.5070000 57.4279594
0.5080000 -5.0480185
0.5090000 40.7012749
0.5100000 -20.2642326
0.5110000 17.5347157
0.5120000 11.0868464
0.5130000 -40.1352234
0.5140000 -44.6604118
0.5150000 2.8994646
0.5160000 22.7442894
0.5170000 8.4256077
0.5180000 -29.7396450
0.5190000 25.2843246
0.5200000 20.4750919
0.5210000 6.1643586
0.5220000 -19.9390583
0.5230000 24.4584217
0.5240000 27.6883850
0.5250000 -31.5237541
0.5260000 -17.5571594
0.5270000 -52.1047897
0.5280000 -59.3326797
0.5290000 -38.0109100
0.5300000 -33.5985718
0.5310000 45.9574013
0.5320000 -34.3708725
0.5330000 21.6801395
0.5340000 -65.9235153
0.5350000 -12.0638428
0.5360000 -25.1779060
0.5370000 -4.3469710
0.5380000 31.1280994
0.5390000 1.7995937
0.5400000 5.3092985
0.5410000 33.4057426
0.5420000 -10.2127209
0.5430000 21.7164040
0.5440000 11.7683420
0.5450000 58.5724525
0.5460000 -9.3723116
0.5470000 -56.2663078
0.5480000 27.8848972
0.5490000 -40.5672302
0.5500000 -0.3153682
0.5510000 -9.2325077
0.5520000 -27.2459469
0.5530000 9.9677000
0.5540000 5.4931183
0.5550000 -28.3380451
0.5560000 35.7859726
0.5570000 16.0603619
0.5580000 13.1049337
0.5590000 -14.7433929
0.5600000 -19.7617550
0.5610000 -21.3312531
0.5620000 -66.3235626
0.5630000 34.9380608
0.5640000 -50.6351776
0.5650000 -37.2355118
0.5660000 -7.8152871
0.5670000 -68.3234787
0.5680000 -10.0497046
0.5690000 8.7371359
0.5700000 21.9860535
0.5710000 -41.3950958
0.5720000 -4.6397491
0.5730000 -6.3772407
0.5740000 10.1981411
0.5750000 6.2071891
0.5760000 4.4682131
0.5770000 38.7287369
0.5780000 64.1304245
0.5790000 24.8650837
0.5800000 -51.9091339
0.5810000 26.5739460
0.5820000 -31.7341385
0.5830000 30.3355293
0.5840000 1.1028427
0.5850000 23.8621731
0.5860000 -49.6743126
0.5870000 13.8742886
0.5880000 40.2283325
0.5890000 -33.3967361
0.5900000 -16.4777260
0.5910000 -14.8270264
0.5920000 -47.1181221
0.5930000 -44.0453758
0.5940000 84.2356949
0.5950000 21.7049427
0.5960000 -10.3900814
0.5970000 -48.9475098
0.5980000 -50.1365891
0.5990000 18.7644157
0.6000000 -15.0556393
0.6010000 47.3038864
0.6020000 -37.7212524
0.6030000 71.4135056
0.6040000 8.9875603
0.6050000 57.4099731
0.6060000 -22.5987453
0.6070000 30.6019554
0.6080000 -0.2576635
0.6090000 -35.6694183
0.6100000 12.7427206
0.6110000 -43.5266647
0.6120000 -30.4698601
0.6130000 -1.6385372
0.6140000 -6.9829812
0.6150000 -45.2656364
0.6160000 0.7437752
0.6170000 -26.7697639
0.6180000 49.8911018
0.6190000 20.1659431
0.6200000 7.9354825
0.6210000 -4.2302961
0.6220000 -33.4738541
0.6230000 -14.4696894
0.6240000 -23.2695618
0.6250000 -39.4269257
0.6260000 -13.6168289
0.6270000 18.6922779
0.6280000 38.8253899
0.6290000 -14.9499140
0.6300000 -41.5640030
0.6310000 -49.4908867
0.6320000 -11.8650808
0.6330000 -32.0067406
0.6340000 -32.6835823
0.6350000 -79.5456314
0.6360000 50.1588554
0.6370000 10.0089073
0.6380000 -9.0164537
0.6390000 -4.0536962
0.6400000 -60.4775162
0.6410000 17.2756138
0.6420000 -29.6802731
0.6430000 11.5567589
0.6440000 -1.2584271
0.6450000 -5.7904797
0.6460000 -51.0743599
0.6470000 -39.0697327
0.6480000 1.0958506
0.6490000 21.6037846
0.6500000 83.2013702
0.6510000 -21.1154366
0.6520000 30.6125355
0.6530000 -10.3901072
0.6540000 -56.1384697
0.6550000 24.4115200
0.6560000 -42.4050484
0.6570000 -24.5224819
0.6580000 11.8926191
0.6590000 -9.2062063
0.6600000 8.8277416
0.6610000 27.5498009
0.6620000 -3.9390202
0.6630000 5.3732080
0.6640000 13.5565453
0.6650000 -11.8542032
0.6660000 -72.1454697
0.6670000 -25.1580467
0.6680000 23.3191433
0.6690000 52.1413651
0.6700000 -9.2779608
0.6710000 -8.0661077
0.6720000 17.1766949
0.6730000 -77.9036179
0.6740000 24.2283688
0.6750000 36.0109940
0.6760000 -43.5485573
0.6770000 -4.6209736
0.6780000 46.3492126
0.6790000 -13.4778538
0.6800000 6.6506405
0.6810000 2.7057490
0.6820000 -7.3438063
0.6830000 -25.2908077
0.6840000 -17.7914162
0.6850000 -53.0367546
0.6860000 -31.1806011
0.6870000 -69.0453644
0.6880000 -48.2865448
0.6890000 6.6314721
0.6900000 38.3798447
0.6910000 9.4145193
0.6920000 -27.9861794
0.6930000 4.2359653
0.6940000 -6.3407321
0.6950000 46.0210800
0.6960000 -0.9731573
0.6970000 -2.2292678
0.6980000 -67.6556473
0.6990000 12.2278156
0.7000000 19.0244179
0.7010000 13.7092667
0.7020000 -45.7860603
0.7030000 33.3392601
0.7040000 -94.5625381
0.7050000 19.2793827
0.7060000 -6.8004007
0.7070000 9.8165817
0.7080000 6.4725857
0.7090000 -35.6529198
0.7100000 1.0790555
0.7110000 32.1749763
0.7120000 -6.6554861
0.7130000 39.2728195
0.7140000 -11.2269831
0.7150000 40.4032555
0.7160000 10.7322359
0.7170000 -6.4284248
0.7180000 4.5348654
0.7190000 -1.8530761
0.7200000 -21.4695282
0.7210000 19.5799637
0.7220000 -18.1202278
0.7230000 72.5738449
0.7240000 85.0465927
0.7250000 6.8552728
0.7260000 7.8805823
0.7270000 -13.1620588
0.7280000 -2.3020179
0.7290000 -35.0157852
0.7300000 69.3762817
0.7310000 6.0967431
0.7320000 31.1078854
0.7330000 -8.5903463
0.7340000 31.7917900
0.7350000 62.3252869
0.7360000 -59.4779510
0.7370000 -0.2718739
0.7380000 11.0355930
0.7390000 55.1733551
0.7400000 20.5288677
0.7410000 19.6395187
0.7420000 30.9287224
0.7430000 7.9364676
0.7440000 18.4774265
0.7450000 -11.6601543
0.7460000 -25.2824516
0.7470000 -44.6749077
0.7480000 8.6627560
0.7490000 -47.9566116
0.7500000 -31.9852734
0.7510000 -38.3608017
0.7520000 29.6743031
0.7530000 16.6017246
0.7540000 -27.5707455
0.7550000 0.6974441
0.7560000 -6.4781160
0.7570000 24.4924793
0.7580000 7.3515587
0.7590000 -30.1811714
0.7600000 -26.7660255
0.7610000 -6.8322015
0.7620000 14.8364077
0.7630000 42.4522743
0.7640000 -5.0224943
0.7650000 23.1244564
0.7660000 15.4381323
0.7670000 51.9094963
0.7680000 24.2966995
0.7690000 -35.0194702
0.7700000 -39.9585609
0.7710000 33.3653069
0.7720000 -78.7337952
0.7730000 23.1244240
0.7740000 -17.3349972
0.7750000 -54.9582863
0.7760000 -29.5640392
0.7770000 7.9362893
0.7780000 68.2489090
0.7790000 -29.5639591
0.7800000 -6.1447215
0.7810000 -19.3266373
0.7820000 -39.4248390
0.7830000 22.4192352
0.7840000 -61.6997795
0.7850000 64.0793610
0.7860000 34.1414757
0.7870000 8.3639822
0.7880000 10.2053461
0.7890000 -57.0211563
0.7900000 17.1708679
0.7910000 36.3386421
0.7920000 -53.3312492
0.7930000 4.6489334
0.7940000 -5.3735890
0.7950000 -7.7686262
0.7960000 32.0858040
0.7970000 33.0679855
0.7980000 -52.0351601
0.7990000 19.8903828
0.8000000 -14.1334772
0.8010000 11.2177124
0.8020000 3.3208752
0.8030000 -33.1457024
0.8040000 18.0592289
0.8050000 19.3800125
0.8060000 -25.2303658
0.8070000 12.1287165
0.8080000 2.1203830
0.8090000 22.8736439
0.8100000 26.5115261
0.8110000 73.0037079
0.8120000 17.4690132
0.8130000 -82.6327286
0.8140000 -35.8379135
0.8150000 14.8011951
0.8160000 49.0059624
0.8170000 -20.0987396
0.8180000 -13.3105259
0.8190000 8.5531092
0.8200000 -61.9441490
0.8210000 -11.6855745
0.8220000 -108.0071182
0.8230000 -1.1718001
0.8240000 21.6781979
0.8250000 -5.0172482
0.8260000 -14.6896505
0.8270000 -0.2501625
0.8280000 -49.1964378
0.8290000 -11.6878386
0.8300000 -36.0643997
0.8310000 -76.1191559
0.8320000 -25.2993469
0.8330000 -6.2299666
0.8340000 -31.5101719
0.8350000 -1.0261837
0.8360000 -34.9147491
0.8370000 -50.6925125
0.8380000 -19.3433933
0.8390000 -3.9132116
0.8400000 14.4834204
0.8410000 -12.1096573
0.8420000 -23.1176281
0.8430000 84.8614655
0.8440000 -2.2481382
0.8450000 -0.7829399
0.8460000 24.2655869
0.8470000 64.8889923
0.8480000 -55.6286278
0.8490000 -23.6381721
0.8500000 -14.8407946
0.8510000 0.1956218
0.8520000 2.8025780
0.8530000 -4.1960516
0.8540000 50.0939102
0.8550000 -1.7675596
0.8560000 68.9783630
0.8570000 13.0964060
0.8580000 13.8059111
0.8590000 21.1751957
0.8600000 40.2497787
0.8610000 28.8676147
0.8620000 56.0658455
0.8630000 -39.5384789
0.8640000 7.1930256
0.8650000 -31.0362148
0.8660000 -41.1262550
0.8670000 4.8052182
0.8680000 -24.3429623
0.8690000 93.9220581
0.8700000 -4.9875903
0.8710000 -0.9255360
0.8720000 42.9065018
0.8730000 25.9413395
0.8740000 7.4234815
0.8750000 -20.3827705
0.8760000 -24.2597942
0.8770000 -42.2836037
0.8780000 -5.8778148
0.8790000 28.4844627
0.8800000 -35.0910568
0.8810000 -44.0817871
0.8820000 -45.0509071
0.8830000 20.4579182
0.8840000 15.6228046
0.8850000 25.9399395
0.8860000 -8.6854315
0.8870000 53.7309380
0.8880000 -1.5343443
0.8890000 12.9779196
0.8900000 49.2111626
0.8910000 19.2396488
0.8920000 23.9837894
0.8930000 15.0720806
0.8940000 -32.8690414
0.8950000 27.3905258
0.8960000 -6.7854395
0.8970000 17.1933575
0.8980000 -38.4712677
0.8990000 5.1189332
0.9000000 1.7091961
0.9010000 -11.2130003
0.9020000 -5.8269210
0.9030000 -12.8226681
0.9040000 -55.8411827
0.9050000 -13.0966587
0.9060000 12.0238295
0.9070000 -6.1174884
0.9080000 -23.5007381
0.9090000 6.6415257
0.9100000 -47.0356445
0.9110000 14.8407259
0.9120000 17.7141819
0.9130000 -65.9342270
0.9140000 24.3477249
0.9150000 -19.0191822
0.9160000 52.4876862
0.9170000 -39.5946693
0.9180000 -44.3662262
0.9190000 45.8032875
0.9200000 -23.6283817
0.9210000 -107.6989212
0.9220000 -19.7632294
0.9230000 23.8980255
0.9240000 -0.3085417
0.9250000 -15.4503794
0.9260000 -21.6073380
0.9270000 -33.9867439
0.9280000 12.4319992
0.9290000 -17.5821781
0.9300000 -5.9695926
0.9310000 39.8344421
0.9320000 -6.4307513
0.9330000 11.3342409
0.9340000 21.3353119
0.9350000 12.1001892
0.9360000 2.6553128
0.9370000 -34.8522873
0.9380000 -3.1593955
0.9390000 45.2923393
0.9400000 -40.0217552
0.9410000 12.8731613
0.9420000 -26.8069668
0.9430000 21.1518841
0.9440000 12.2529230
0.9450000 -61.6983528
0.9460000 -7.8034649
0.9470000 -32.1469421
0.9480000 1.2409601
0.9490000 104.0535507
0.9500000 5.3781734
0.9510000 0.5540634
0.9520000 8.1974916
0.9530000 49.0867653
0.9540000 5.1535797
0.9550000 -10.9774294
0.9560000 -60.4719200
0.9570000 -13.3300409
0.9580000 3.3129404
0.9590000 37.3492622
0.9600000 -12.3151779
0.9610000 36.3203087
0.9620000 62.9493752
0.9630000 28.1358185
0.9640000 50.9545822
0.9650000 -9.6190958
0.9660000 -21.6129875
0.9670000 -2.5566990
0.9680000 51.0866776
0.9690000 51.7616463
0.9700000 12.1511250
0.9710000 8.9348888
0.9720000 -6.5252552
0.9730000 44.9477921
0.9740000 32.9149666
0.9750000 18.1553135
0.9760000 -64.6318970
0.9770000 46.7952652
0.9780000 -0.7873343
0.9790000 -20.3585186
0.9800000 -25.4695473
0.9810000 53.2127762
0.9820000 -76.2396698
0.9830000 6.7057676
0.9840000 -2.9058342
0.9850000 54.9827576
0.9860000 -55.9721184
0.9870000 20.7190151
0.9880000 -14.4411106
0.9890000 -13.2973175
0.9900000 18.2249756
0.9910000 1.2277749
0.9920000 2.6816373
0.9930000 2.4637263
0.9940000 23.1731892
0.9950000 22.8248501
0.9960000 23.4699821
0.9970000 34.1311035
0.9980000 15.1550941
0.9990000 44.7700539
