0.0000000 -8.6423244
0.0010000 -7.1572256
0.0020000 23.0054035
0.0030000 -43.1076546
0.0040000 -3.1302078
0.0050000 -2.0716224
0.0060000 2.4162400
0.0070000 -29.5704899
0.0080000 -47.8795395
0.0090000 6.4860787
0.0100000 6.1899381
0.0110000 -30.6001701
0.0120000 -30.9911633
0.0130000 41.1814766
0.0140000 -58.1142654
0.0150000 -4.2277350
0.0160000 -77.4754486
0.0170000 21.7025394
0.0180000 1.0836468
0.0190000 21.6404629
0.0200000 -30.4876080
0.0210000 -42.4093399
0.0220000 42.8495865
0.0230000 -42.1323700
0.0240000 -44.9165497
0.0250000 0.8204772
0.0260000 -8.8527994
0.0270000 20.3315907
0.0280000 6.3404083
0.0290000 -70.4601135
0.0300000 -29.1167583
0.0310000 106.6823273
0.0320000 -66.5965118
0.0330000 -19.1238918
0.0340000 -13.1564732
0.0350000 -19.0811043
0.0360000 52.4034271
0.0370000 3.0995982
0.0380000 -2.8565397
0.0390000 -14.2708378
0.0400000 61.6698227
0.0410000 -38.0353889
0.0420000 -51.0668335
0.0430000 59.3837280
0.0440000 -22.7711582
0.0450000 3.7531219
0.0460000 -20.1808395
0.0470000 -24.4156284
0.0480000 29.5761414
0.0490000 44.2407036
0.0500000 -19.6674652
0.0510000 -1.2279475
0.0520000 -61.5649185
0.0530000 6.6883492
0.0540000 -11.1051636
0.0550000 -19.5416641
0.0560000 17.1876163
0.0570000 -14.2974463
0.0580000 -10.8633919
0.0590000 8.2046366
0.0600000 57.0599632
0.0610000 -13.1683006
0.0620000 -46.8675652
0.0630000 -48.1180534
0.0640000 15.9768515
0.0650000 -0.0906333
0.0660000 -3.5329483
0.0670000 19.8074055
0.0680000 -28.7952862
0.0690000 -79.5928345
0.0700000 -15.8720360
0.0710000 28.4669495
0.0720000 15.4555302
0.0730000 50.1648598
0.0740000 -3.5541220
0.0750000 -64.7804337
0.0760000 -4.8832164
0.0770000 -27.5514603
0.0780000 61.0698471
0.0790000 -4.5750732
0.0800000 67.6087799
0.0810000 -12.3121338
0.0820000 56.9095116
0.0830000 -62.1657295
0.0840000 -45.9725800
0.0850000 74.3560562
0.0860000 -23.8512516
0.0870000 10.8335047
0.0880000 0.2638501
0.0890000 -37.5358810
0.0900000 19.5972061
0.0910000 62.1464577
0.0920000 69.4474411
0.0930000 -9.6237555
0.0940000 4.3587527
0.0950000 44.3429489
0.0960000 5.8258376
0.0970000 24.9954147
0.0980000 -38.3832664
0.0990000 12.1805525
0.1000000 32.9325676
0.1010000 10.3205957
0.1020000 44.6722870
0.1030000 40.4744530
0.1040000 -19.4570732
0.1050000 -57.3738480
0.1060000 103.2056580
0.1070000 -13.6670179
0.1080000 22.8897457
0.1090000 56.2176056
0.1100000 -26.8227882
0.1110000 28.7331562
0.1120000 -43.6178932
0.1130000 -55.1889267
0.1140000 -27.3520260
0.1150000 -8.6548357
0.1160000 -65.5868073
0.1170000 -24.3380775
0.1180000 18.8846436
0.1190000 -22.9917812
0.1200000 -100.1314011
0.1210000 -13.4727831
0.1220000 -51.5939064
0.1230000 -39.3458939
0.1240000 -28.7169209
0.1250000 -37.3096581
0.1260000 -8.2538204
0.1270000 -34.0075951
0.1280000 41.3465652
0.1290000 47.1295471
0.1300000 -8.3613749
0.1310000 -52.4889297
0.1320000 31.2889023
0.1330000 19.7090626
0.1340000 -29.5437489
0.1350000 -12.2156229
0.1360000 -47.8213997
0.1370000 7.0799470
0.1380000 15.5738449
0.1390000 -16.6136570
0.1400000 26.3828068
0.1410000 7.0948381
0.1420000 17.9695339
0.1430000 -6.9851618
0.1440000 31.2182350
0.1450000 16.6795044
0.1460000 -15.6726570
0.1470000 -2.9571183
0.1480000 -58.4866104
0.1490000 34.4515839
0.1500000 16.8554287
0.1510000 -33.8475113
0.1520000 -54.9423523
0.1530000 8.9487114
0.1540000 -59.5921364
0.1550000 60.4382820
0.1560000 13.8700609
0.1570000 -38.5571976
0.1580000 43.2072105
0.1590000 -15.2529163
0.1600000 -64.8936081
0.1610000 78.3526306
0.1620000 12.2129736
0.1630000 -13.1994658
0.1640000 48.6547928
0.1650000 1.4334798
0.1660000 -41.9761009
0.1670000 -11.1097517
0.1680000 10.5713301
0.1690000 -22.3335800
0.1700000 -33.3823929
0.1710000 13.7066603
0.1720000 7.0702639
0.1730000 -23.2940922
0.1740000 75.1215668
0.1750000 -22.0611382
0.1760000 60.7854576
0.1770000 -18.4926071
0.1780000 -26.1345634
0.1790000 3.2736151
0.1800000 -9.4780674
0.1810000 -39.3051605
0.1820000 2.6469736
0.1830000 -62.4416122
0.1840000 11.6300659
0.1850000 -5.1386857
0.1860000 -5.1228080
0.1870000 -12.6857090
0.1880000 -41.7077560
0.1890000 13.3597546
0.1900000 -47.0834389
0.1910000 -21.1146030
0.1920000 29.5813694
0.1930000 -20.6138058
0.1940000 26.7749424
0.1950000 -23.6662788
0.1960000 8.3901091
0.1970000 5.4019632
0.1980000 39.3727303
0.1990000 -17.0121098
0.2000000 -61.1892548
0.2010000 12.6650047
0.2020000 -75.7566910
0.2030000 2.7837856
0.2040000 -40.9719658
0.2050000 -35.5999069
0.2060000 32.2738304
0.2070000 5.7989621
0.2080000 0.0413815
0.2090000 13.3679295
0.2100000 33.4733887
0.2110000 25.1273174
0.2120000 57.2046280
0.2130000 -35.1347847
0.2140000 17.3106270
0.2150000 -22.4689636
0.2160000 45.0346184
0.2170000 -23.0777111
0.2180000 26.9229507
0.2190000 -13.6931887
0.2200000 8.8946648
0.2210000 26.5786400
0.2220000 28.4112892
0.2230000 23.8040237
0.2240000 8.6161327
0.2250000 -30.3299103
0.2260000 -9.2490835
0.2270000 65.0686493
0.2280000 -34.2478600
0.2290000 13.0134478
0.2300000 -36.9640579
0.2310000 0.1661489
0.2320000 19.5774784
0.2330000 -33.1382713
0.2340000 87.9647903
0.2350000 -44.7238541
0.2360000 11.1748953
0.2370000 7.3573065
0.2380000 -10.7288685
0.2390000 0.9342544
0.2400000 -11.1529875
0.2410000 -4.4683518
0.2420000 4.9310250
0.2430000 46.4886780
0.2440000 -0.9657592
0.2450000 -11.3665705
0.2460000 -16.7171516
0.2470000 -12.7474718
0.2480000 -62.8849945
0.2490000 3.1668465
0.2500000 -62.8529434
0.2510000 39.6890411
0.2520000 54.1735992
0.2530000 -46.5912933
0.2540000 -23.0083103
0.2550000 -35.5212593
0.2560000 10.9380302
0.2570000 -23.8993893
0.2580000 -21.3199806
0.2590000 26.5861835
0.2600000 9.9686852
0.2610000 -98.4612961
0.2620000 -12.7907352
0.2630000 -1.5901628
0.2640000 -40.1303940
0.2650000 34.5172234
0.2660000 38.1167717
0.2670000 35.3493423
0.2680000 34.5824852
0.2690000 17.8422680
0.2700000 -47.7619667
0.2710000 -20.0215969
0.2720000 10.1813698
0.2730000 16.0559483
0.2740000 71.8505783
0.2750000 4.8825536
0.2760000 -7.2118859
0.2770000 22.9933395
0.2780000 38.7787743
0.2790000 -48.8763351
0.2800000 -17.1553307
0.2810000 54.8959045
0.2820000 15.7995272
0.2830000 12.2579889
0.2840000 9.5176735
0.2850000 8.0928411
0.2860000 -21.4523525
0.2870000 13.8663387
0.2880000 2.8808918
0.2890000 -14.1958666
0.2900000 72.4597778
0.2910000 -33.9748993
0.2920000 -32.1737823
0.2930000 6.7461376
0.2940000 -2.8801250
0.2950000 43.3345108
0.2960000 -17.8038597
0.2970000 -7.0656319
0.2980000 -23.3192043
0.2990000 40.8511009
0.3000000 -38.1262741
0.3010000 -16.2546501
0.3020000 33.0835114
0.3030000 42.0794411
0.3040000 47.5411148
0.3050000 46.7551041
0.3060000 -51.9560852
0.3070000 -18.5870743
0.3080000 -14.6745005
0.3090000 -33.8870811
0.3100000 -48.6846848
0.3110000 32.6719551
0.3120000 -39.0613937
0.3130000 22.0894489
0.3140000 26.2707119
0.3150000 17.1693974
0.3160000 -60.1732864
0.3170000 -67.2631149
0.3180000 23.0017300
0.3190000 -26.9941044
0.3200000 -67.9251709
0.3210000 -8.0663776
0.3220000 -49.7532082
0.3230000 8.4799519
0.3240000 44.0216866
0.3250000 -13.1014967
0.3260000 18.8014774
0.3270000 -20.9681759
0.3280000 -21.6317997
0.3290000 3.2732494
0.3300000 21.7259483
0.3310000 -0.8399590
0.3320000 -0.3307309
0.3330000 27.7987576
0.3340000 -15.7201777
0.3350000 -36.8214226
0.3360000 -26.4761429
0.3370000 -64.9852371
0.3380000 24.8810158
0.3390000 -37.6443481
0.3400000 42.6311150
0.3410000 -5.6578555
0.3420000 24.5545254
0.3430000 10.1837349
0.3440000 15.6540089
0.3450000 -15.7981186
0.3460000 25.1920261
0.3470000 62.7605171
0.3480000 -0.4207661
0.3490000 79.2746887
0.3500000 -45.1509628
0.3510000 20.3097820
0.3520000 -71.8031387
0.3530000 20.0855827
0.3540000 43.9359856
0.3550000 -1.2930799
0.3560000 37.9867783
0.3570000 34.2283287
0.3580000 -18.7854862
0.3590000 -12.6629009
0.3600000 42.3069916
0.3610000 43.7307396
0.3620000 -9.9429245
0.3630000 -38.0137062
0.3640000 68.8249741
0.3650000 21.0137482
0.3660000 -35.5633163
0.3670000 48.7541542
0.3680000 -1.0080820
0.3690000 7.7564516
0.3700000 -9.2082281
0.3710000 28.8678436
0.3720000 -28.6845245
0.3730000 29.1259155
0.3740000 5.4116640
0.3750000 27.5034962
0.3760000 -10.8289251
0.3770000 -78.8506165
0.3780000 8.8385887
0.3790000 -12.3943815
0.3800000 14.5662231
0.3810000 -26.8725376
0.3820000 31.0726776
0.3830000 73.3385086
0.3840000 -9.4935246
0.3850000 22.6983604
0.3860000 -8.4920073
0.3870000 -43.2819366
0.3880000 -30.1229038
0.3890000 -22.4891586
0.3900000 93.3426971
0.3910000 -104.5282745
0.3920000 -27.1190491
0.3930000 -59.4423027
0.3940000 18.9049568
0.3950000 70.3077621
0.3960000 59.4001541
0.3970000 4.2295427
0.3980000 -1.2680770
0.3990000 18.6316223
0.4000000 -19.8131599
0.4010000 -36.9202309
0.4020000 -49.0458107
0.4030000 -9.4503164
0.4040000 -80.3881683
0.4050000 33.8017349
0.4060000 27.3512726
0.4070000 -54.5335922
0.4080000 30.0492401
0.4090000 35.7166977
0.4100000 7.8383918
0.4110000 -27.6911831
0.4120000 37.5336800
0.4130000 -65.5278320
0.4140000 -58.1112862
0.4150000 27.9072113
0.4160000 -31.2836685
0.4170000 -39.1358109
0.4180000 -30.0699806
0.4190000 -77.5384293
0.4200000 -36.3838005
0.4210000 16.7487774
0.4220000 -9.7267160
0.4230000 -7.1756697
0.4240000 -130.6653900
0.4250000 -16.1803799
0.4260000 -24.9000530
0.4270000 -26.2860146
0.4280000 -41.6629753
0.4290000 -51.9464340
0.4300000 47.1392326
0.4310000 1.9710555
0.4320000 45.1950150
0.4330000 65.5109253
0.4340000 -25.0476589
0.4350000 -73.6440277
0.4360000 19.8745995
0.4370000 -50.5622025
0.4380000 -33.9150772
0.4390000 -24.7240772
0.4400000 -58.1134186
0.4410000 3.0961232
0.4420000 -30.1123486
0.4430000 -0.4892853
0.4440000 -48.7101631
0.4450000 -36.6231804
0.4460000 -12.0608511
0.4470000 -13.0011721
0.4480000 -46.7736168
0.4490000 -20.7263012
0.4500000 -55.7485504
0.4510000 -52.0110168
0.4520000 -6.7915816
0.4530000 -68.4539413
0.4540000 12.5770626
0.4550000 5.9844484
0.4560000 -12.0318584
0.4570000 2.3914552
0.4580000 -4.3853803
0.4590000 74.9023209
0.4600000 -27.4595966
0.4610000 -53.2511253
0.4620000 45.1796455
0.4630000 3.8665824
0.4640000 -10.5204401
0.4650000 13.1172075
0.4660000 6.9296584
0.4670000 33.4427452
0.4680000 7.1613064
0.4690000 -75.0748825
0.4700000 -18.3168507
0.4710000 22.3062592
0.4720000 -55.5642624
0.4730000 48.4528770
0.4740000 -6.2437377
0.4750000 -21.3739185
0.4760000 7.0533385
0.4770000 -67.6735458
0.4780000 -34.7883530
0.4790000 -59.1556129
0.4800000 43.4140892
0.4810000 -46.8762207
0.4820000 22.0100288
0.4830000 -67.1439514
0.4840000 4.0488253
0.4850000 -43.3966904
0.4860000 27.8852654
0.4870000 -69.5039139
0.4880000 -14.9731436
0.4890000 -9.8876781
0.4900000 16.4754181
0.4910000 26.1546593
0.4920000 -0.8512178
0.4930000 20.5636806
0.4940000 2.5672493
0.4950000 7.1088829
0.4960000 10.6959591
0.4970000 -49.8665543
0.4980000 33.6967125
0.4990000 -25.4911842
0.5000000 82.4117889
0.5010000 -60.5807838
0.5020000 -47.4311447
0.5030000 -21.7248631
0.5040000 -15.5773211
0.5050000 37.1043930
0.5060000 -8.5487785
0.5070000 89.2512512
0.5080000 40.9490929
0.5090000 43.3965874
0.5100000 6.0030823
0.5110000 -34.4387169
0.5120000 43.7503471
0.5130000 26.7713566
0.5140000 -13.2344170
0.5150000 -18.7437344
0.5160000 -0.4306068
0.5170000 5.2946644
0.5180000 28.5304852
0.5190000 -56.1531525
0.5200000 -61.3468399
0.5210000 34.6773605
0.5220000 12.1697111
0.5230000 52.3328209
0.5240000 36.3270912
0.5250000 5.0220833
0.5260000 -14.7902327
0.5270000 33.5085335
0.5280000 28.9712048
0.5290000 27.9706573
0.5300000 27.8689556
0.5310000 38.2835197
0.5320000 -13.1821117
0.5330000 -19.5758514
0.5340000 67.5744171
0.5350000 -20.3141479
0.5360000 -1.5141264
0.5370000 -29.2777576
0.5380000 -8.5163536
0.5390000 20.0994358
0.5400000 -28.4034176
0.5410000 -3.3039145
0.5420000 -27.6125107
0.5430000 -29.8390007
0.5440000 -4.7980175
0.5450000 13.5247707
0.5460000 -9.3443069
0.5470000 -18.1088085
0.5480000 -0.8961031
0.5490000 40.5190315
0.5500000 -4.7928295
0.5510000 24.8810444
0.5520000 -12.7241354
0.5530000 42.0492020
0.5540000 26.2724209
0.5550000 9.9477148
0.5560000 -33.7879333
0.5570000 29.4989738
0.5580000 9.6543188
0.5590000 -20.1114140
0.5600000 44.8998795
0.5610000 -40.2387466
0.5620000 37.8269958
0.5630000 -0.8467718
0.5640000 54.6683235
0.5650000 -22.6028347
0.5660000 22.3200665
0.5670000 28.1166763
0.5680000 -2.4701989
0.5690000 12.4834242
0.5700000 15.7631245
0.5710000 -3.7032902
0.5720000 -22.7622433
0.5730000 -22.6080666
0.5740000 -36.6537476
0.5750000 25.2044888
0.5760000 77.8851776
0.5770000 -22.5088329
0.5780000 21.4583836
0.5790000 -20.8075142
0.5800000 32.6096649
0.5810000 51.7898026
0.5820000 -6.0904684
0.5830000 -36.5065956
0.5840000 21.9757080
0.5850000 31.3520832
0.5860000 12.4518499
0.5870000 17.1759129
0.5880000 -16.0880127
0.5890000 -29.3342419
0.5900000 47.8751259
0.5910000 48.3035965
0.5920000 -58.9121361
0.5930000 42.2827988
0.5940000 48.6148529
0.5950000 31.6705685
0.5960000 -13.2654524
0.5970000 15.8740587
0.5980000 5.2389960
0.5990000 -12.5069208
0.6000000 3.1595073
0.6010000 -0.5107231
0.6020000 45.6725693
0.6030000 23.4288311
0.6040000 -28.0529099
0.6050000 1.2648021
0.6060000 -94.9350586
0.6070000 58.1013222
0.6080000 7.9148617
0.6090000 -36.3591690
0.6100000 -56.9822845
0.6110000 1.8722405
0.6120000 39.6708641
0.6130000 1.2103559
0.6140000 29.0913506
0.6150000 -12.6658144
0.6160000 46.4492912
0.6170000 -121.0922546
0.6180000 8.3989115
0.6190000 -21.8976231
0.6200000 46.0457802
0.6210000 5.2483268
0.6220000 -25.5525570
0.6230000 18.5951118
0.6240000 -23.4386444
0.6250000 -2.8776085
0.6260000 34.1061935
0.6270000 -28.7770462
0.6280000 -17.7504635
0.6290000 13.1784143
0.6300000 10.9042950
0.6310000 70.4880066
0.6320000 8.8640156
0.6330000 -13.4486713
0.6340000 36.4853020
0.6350000 -16.1427059
0.6360000 -60.4128227
0.6370000 -22.9434280
0.6380000 8.6946297
0.6390000 19.8620586
0.6400000 -2.5806310
0.6410000 -7.3304691
0.6420000 -32.2906990
0.6430000 16.5814457
0.6440000 15.8067961
0.6450000 12.4971237
0.6460000 -10.1450653
0.6470000 61.6013107
0.6480000 5.0507970
0.6490000 -11.0038223
0.6500000 13.7874193
0.6510000 13.2697802
0.6520000 13.5928688
0.6530000 -7.0570312
0.6540000 -60.7399063
0.6550000 -9.7632208
0.6560000 70.7164001
0.6570000 -15.8378716
0.6580000 48.4581070
0.6590000 22.6552620
0.6600000 -11.2562408
0.6610000 -25.3128624
0.6620000 21.3249626
0.6630000 -19.5551033
0.6640000 25.1095428
0.6650000 -51.5903358
0.6660000 -14.1067734
0.6670000 -17.3770199
0.6680000 13.2546167
0.6690000 -5.1426234
0.6700000 40.4594841
0.6710000 8.5719528
0.6720000 -8.1517410
0.6730000 -51.8277779
0.6740000 68.6068344
0.6750000 59.8678894
0.6760000 -0.0573404
0.6770000 9.8950806
0.6780000 -68.4290314
0.6790000 34.5171509
0.6800000 109.5680847
0.6810000 -52.5314064
0.6820000 38.2563171
0.6830000 -10.8532219
0.6840000 38.1225815
0.6850000 35.3640289
0.6860000 25.1508560
0.6870000 -31.1565742
0.6880000 4.6634879
0.6890000 -41.9440308
0.6900000 -33.9153099
0.6910000 -24.8625565
0.6920000 28.0890808
0.6930000 32.7311478
0.6940000 -3.9415057
0.6950000 -0.0592997
0.6960000 -44.6228180
0.6970000 13.9280167
0.6980000 43.0305862
0.6990000 -28.2861786
0.7000000 -46.4022179
0.7010000 73.7512207
0.7020000 -40.5130119
0.7030000 -12.9504671
0.7040000 -35.2620811
0.7050000 39.8323059
0.7060000 -51.0474625
0.7070000 1.8842294
0.7080000 -3.5016713
0.7090000 16.6796227
0.7100000 16.4855595
0.7110000 -22.9699993
0.7120000 48.8197784
0.7130000 96.3665543
0.7140000 -20.0024300
0.7150000 23.1750984
0.7160000 -1.1807840
0.7170000 -10.5570745
0.7180000 -40.9786301
0.7190000 75.4508438
0.7200000 -14.5256176
0.7210000 -24.0112724
0.7220000 -24.4189682
0.7230000 15.4348049
0.7240000 20.6834049
0.7250000 -19.6249275
0.7260000 8.0563421
0.7270000 -22.5393295
0.7280000 -54.0637703
0.7290000 -0.0981781
0.7300000 -18.4559536
0.7310000 -13.9009008
0.7320000 34.0508041
0.7330000 47.5840034
0.7340000 2.9898961
0.7350000 11.0558262
0.7360000 7.5614657
0.7370000 -0.0795745
0.7380000 18.3034897
0.7390000 5.7990737
0.7400000 5.8911462
0.7410000 5.7364526
0.7420000 -26.3003807
0.7430000 11.3219776
0.7440000 -50.3770256
0.7450000 -9.0786018
0.7460000 -0.3057958
0.7470000 -0.6398999
0.7480000 11.5487967
0.7490000 -45.1807404
0.7500000 3.1923311
0.7510000 -35.3779259
0.7520000 -53.3116302
0.7530000 -27.0745716
0.7540000 40.6347198
0.7550000 -2.3100066
0.7560000 -29.4093819
0.7570000 -10.7033606
0.7580000 -68.4991074
0.7590000 -38.0205956
0.7600000 -9.0220232
0.7610000 -0.4353074
0.7620000 72.2653732
0.7630000 14.2757959
0.7640000 -42.6717720
0.7650000 20.8072109
0.7660000 0.8433672
0.7670000 -14.9888964
0.7680000 -13.2819643
0.7690000 -3.1585109
0.7700000 -13.8117142
0.7710000 -6.5569472
0.7720000 12.0431376
0.7730000 41.8582230
0.7740000 -25.3954086
0.7750000 28.8180199
0.7760000 -9.1506014
0.7770000 1.2515049
0.7780000 11.6330881
0.7790000 -63.9040031
0.7800000 49.9341202
0.7810000 -28.8617210
0.7820000 49.6268082
0.7830000 -49.9132729
0.7840000 -0.4438435
0.7850000 41.9677315
0.7860000 -83.9154358
0.7870000 71.6297760
0.7880000 43.3027763
0.7890000 -10.0499487
0.7900000 3.0552154
0.7910000 4.2405019
0.7920000 -43.4177132
0.7930000 15.9295969
0.7940000 -42.9845390
0.7950000 16.6389027
0.7960000 -42.7685776
0.7970000 16.2293720
0.7980000 -27.4784374
0.7990000 26.9654865
0.8000000 23.2834187
0.8010000 5.1044011
0.8020000 21.2140045
0.8030000 -39.7311668
0.8040000 31.5387974
0.8050000 18.6103382
0.8060000 -103.0240021
0.8070000 -63.3916473
0.8080000 -24.2739258
0.8090000 8.4748306
0.8100000 17.0251122
0.8110000 42.5260048
0.8120000 -73.7859421
0.8130000 7.5057034
0.8140000 29.8755932
0.8150000 14.5118570
0.8160000 -60.3439140
0.8170000 -34.7955704
0.8180000 -49.9629059
0.8190000 43.5926781
0.8200000 -27.9150524
0.8210000 -25.0292187
0.8220000 17.6290512
0.8230000 30.1828499
0.8240000 -58.4931564
0.8250000 -38.4744644
0.8260000 -27.2891693
0.8270000 16.0252666
0.8280000 32.6913910
0.8290000 15.4231443
0.8300000 18.6745167
0.8310000 -3.0256255
0.8320000 -11.7336407
0.8330000 32.3411865
0.8340000 6.9869003
0.8350000 -24.1911907
0.8360000 -45.0125542
0.8370000 -6.8599110
0.8380000 -27.3385963
0.8390000 -19.1679401
0.8400000 -1.6737261
0.8410000 -8.3920507
0.8420000 -97.5777817
0.8430000 -36.5955162
0.8440000 -2.9660130
0.8450000 -20.1042099
0.8460000 18.2222366
0.8470000 56.1346245
0.8480000 -44.9655266
0.8490000 18.5820446
0.8500000 24.4160385
0.8510000 -49.4623337
0.8520000 6.8471828
0.8530000 63.8374176
0.8540000 -20.5423431
0.8550000 -5.1009660
0.8560000 -21.5995007
0.8570000 18.2543526
0.8580000 31.0934467
0.8590000 56.5874710
0.8600000 1.0819900
0.8610000 88.2297440
0.8620000 -21.3977489
0.8630000 -35.6811371
0.8640000 -6.4832273
0.8650000 -30.9030666
0.8660000 -11.7060699
0.8670000 -76.4704208
0.8680000 51.1411514
0.8690000 -14.1920595
0.8700000 4.7332745
0.8710000 79.5365753
0.8720000 -29.3399391
0.8730000 -64.8806839
0.8740000 0.2035542
0.8750000 -52.7265816
0.8760000 -24.3347301
0.8770000 -61.6036263
0.8780000 -22.8412418
0.8790000 -62.7495651
0.8800000 -42.0747833
0.8810000 -48.8215408
0.8820000 -50.2401276
0.8830000 19.5003510
0.8840000 60.8166008
0.8850000 -22.2410679
0.8860000 4.7682147
0.8870000 -10.5257206
0.8880000 -6.8960195
0.8890000 -2.8643622
0.8900000 34.7800026
0.8910000 48.0592575
0.8920000 8.9391127
0.8930000 36.5863419
0.8940000 -10.7223082
0.8950000 55.8426323
0.8960000 -19.7486591
0.8970000 8.8117790
0.8980000 -23.1569290
0.8990000 -20.9217968
0.9000000 -18.3098259
0.9010000 19.8315430
0.9020000 -6.6624141
0.9030000 -31.8390369
0.9040000 -0.1457552
0.9050000 21.0324497
0.9060000 10.8522463
0.9070000 32.1452332
0.9080000 -31.3758984
0.9090000 -6.4331741
0.9100000 -50.2471046
0.9110000 -21.8768425
0.9120000 18.6569920
0.9130000 17.0250645
0.9140000 -9.8788738
0.9150000 22.5872116
0.9160000 42.4292412
0.9170000 82.7406769
0.9180000 -47.7451744
0.9190000 21.4674225
0.9200000 33.1997490
0.9210000 -24.9118042
0.9220000 0.1482975
0.9230000 -17.5609283
0.9240000 -38.7756958
0.9250000 -41.9739990
0.9260000 38.2317963
0.9270000 7.3506870
0.9280000 -12.1847210
0.9290000 23.0476341
0.9300000 -35.2621422
0.9310000 15.3135214
0.9320000 36.8419304
0.9330000 -24.7487087
0.9340000 -65.5863419
0.9350000 -2.7798314
0.9360000 12.4117956
0.9370000 75.4778519
0.9380000 19.2700253
0.9390000 -70.2245865
0.9400000 -22.2369003
0.9410000 -26.8908844
0.9420000 -75.4398575
0.9430000 50.7619705
0.9440000 15.2384605
0.9450000 -77.2603683
0.9460000 -33.7343788
0.9470000 -2.3159752
0.9480000 12.1960030
0.9490000 -33.6093521
0.9500000 -1.4599234
0.9510000 -69.6969910
0.9520000 -25.3113728
0.9530000 -48.4435349
0.9540000 -14.7159300
0.9550000 -1.4598682
0.9560000 13.4370651
0.9570000 -19.0400257
0.9580000 -27.5204182
0.9590000 25.2425461
0.9600000 -11.8181353
0.9610000 20.8562336
0.9620000 -1.5163283
0.9630000 22.7929382
0.9640000 -26.6240978
0.9650000 20.1048813
0.9660000 20.1457920
0.9670000 5.1077962
0.9680000 11.4916029
0.9690000 71.2401962
0.9700000 31.7020092
0.9710000 -19.9603767
0.9720000 -21.6375713
0.9730000 -4.4749999
0.9740000 60.3462067
0.9750000 19.2234688
0.9760000 -21.4663067
0.9770000 -5.9418445
0.9780000 -39.6413193
0.9790000 -19.1471214
0.9800000 -0.3151760
0.9810000 4.8189001
0.9820000 65.9590836
0.9830000 18.6582108
0.9840000 -19.0668964
0.9850000 24.6043110
0.9860000 35.4634972
0.9870000 36.4843369
0.9880000 -11.2559843
0.9890000 31.3968048
0.9900000 -20.3492661
0.9910000 -70.9729156
0.9920000 -26.6946087
0.9930000 7.7762322
0.9940000 -22.6514206
0.9950000 -48.5163078
0.9960000 -19.7992687
0.9970000 25.9604244
0.9980000 25.3042736
0.9990000 -10.9262409
