0.0000000 -53.5976868
0.0010000 -31.0883904
0.0020000 -9.9147778
0.0030000 -43.4485970
0.0040000 -19.6876755
0.0050000 40.7901573
0.0060000 0.6318828
0.0070000 -22.9639606
0.0080000 -2.1924336
0.0090000 55.1987648
0.0100000 8.5164566
0.0110000 53.3127670
0.0120000 -5.8844533
0.0130000 -8.2545681
0.0140000 54.8177948
0.0150000 23.0267544
0.0160000 2.5068831
0.0170000 16.3051853
0.0180000 48.0729790
0.0190000 33.1918793
0.0200000 63.6355972
0.0210000 22.7705650
0.0220000 -18.9036198
0.0230000 31.2094822
0.0240000 35.3662491
0.0250000 19.6849594
0.0260000 -60.3487244
0.0270000 29.4137287
0.0280000 -37.4309196
0.0290000 -5.2725887
0.0300000 6.7203140
0.0310000 -37.0785751
0.0320000 -21.4648285
0.0330000 5.5375199
0.0340000 13.2931795
0.0350000 2.3384898
0.0360000 -28.6483765
0.0370000 58.6468391
0.0380000 -3.3319981
0.0390000 61.6963501
0.0400000 -22.4471054
0.0410000 -2.7491064
0.0420000 -17.2381916
0.0430000 3.6812844
0.0440000 -25.3611240
0.0450000 52.0615692
0.0460000 -2.7413487
0.0470000 16.9162750
0.0480000 -14.9553165
0.0490000 35.2411804
0.0500000 -1.6335810
0.0510000 24.8195114
0.0520000 -33.7837982
0.0530000 51.4230957
0.0540000 -21.9970646
0.0550000 -1.9144808
0.0560000 -9.0969553
0.0570000 -52.8558350
0.0580000 -24.1793804
0.0590000 19.5550175
0.0600000 13.4157791
0.0610000 3.7998428
0.0620000 57.0422935
0.0630000 43.9393730
0.0640000 -35.2764854
0.0650000 74.4921799
0.0660000 -96.7320251
0.0670000 -5.9459124
0.0680000 -77.7786713
0.0690000 20.4165783
0.0700000 8.1393518
0.0710000 2.9719598
0.0720000 -25.0429516
0.0730000 -5.7006688
0.0740000 -57.2363586
0.0750000 33.9316177
0.0760000 -14.4989033
0.0770000 19.1343193
0.0780000 18.5457611
0.0790000 30.2503738
0.0800000 -1.2739432
0.0810000 0.1687398
0.0820000 7.6751714
0.0830000 -21.2759037
0.0840000 26.6593609
0.0850000 -12.3982830
0.0860000 15.3326759
0.0870000 -2.2495370
0.0880000 37.1360321
0.0890000 -36.8465157
0.0900000 22.6335182
0.0910000 -2.3264723
0.0920000 -19.9993248
0.0930000 -13.0527039
0.0940000 -62.3306618
0.0950000 51.4486885
0.0960000 -14.1382961
0.0970000 43.7940674
0.0980000 -6.3645120
0.0990000 -13.5989037
0.1000000 -27.1446381
0.1010000 1.4220237
0.1020000 -44.8043785
0.1030000 4.6075230
0.1040000 25.2986736
0.1050000 31.4763241
0.1060000 2.8778384
0.1070000 77.5031509
0.1080000 14.0106850
0.1090000 -20.7255421
0.1100000 -22.8904724
0.1110000 49.5049629
0.1120000 -39.6601944
0.1130000 -2.9149697
0.1140000 -7.3002915
0.1150000 76.3792419
0.1160000 -17.3354359
0.1170000 10.1814003
0.1180000 29.6892567
0.1190000 -6.0418186
0.1200000 19.9933929
0.1210000 -55.7569237
0.1220000 31.1012115
0.1230000 22.2475967
0.1240000 4.2532983
0.1250000 5.8941474
0.1260000 -28.6540794
0.1270000 -61.1272736
0.1280000 -13.6071157
0.1290000 -33.3935242
0.1300000 23.3293438
0.1310000 -3.6430237
0.1320000 -12.7677841
0.1330000 14.6504784
0.1340000 -21.4754200
0.1350000 -17.2475681
0.1360000 -2.7637229
0.1370000 -51.4162827
0.1380000 -0.0442581
0.1390000 -1.6881794
0.1400000 -7.5899901
0.1410000 -18.6597404
0.1420000 2.9831581
0.1430000 46.3785820
0.1440000 -26.0635986
0.1450000 4.1801000
0.1460000 0.7787923
0.1470000 -41.7030640
0.1480000 -8.5530338
0.1490000 -66.8272781
0.1500000 38.8201027
0.1510000 -7.4089456
0.1520000 -13.7950182
0.1530000 -9.7668924
0.1540000 -39.1128311
0.1550000 -4.4442587
0.1560000 -58.7426796
0.1570000 -7.1585321
0.1580000 -19.8842163
0.1590000 -30.1671696
0.1600000 4.1728616
0.1610000 -8.0208654
0.1620000 -37.0201340
0.1630000 2.0911431
0.1640000 8.6917696
0.1650000 -24.1892929
0.1660000 -32.9604568
0.1670000 -36.2656212
0.1680000 -46.6078415
0.1690000 -13.4316549
0.1700000 51.3261299
0.1710000 -12.9909201
0.1720000 18.9294739
0.1730000 20.8345222
0.1740000 6.9979711
0.1750000 18.8043346
0.1760000 26.2046642
0.1770000 -61.4327431
0.1780000 6.3712802
0.1790000 -31.2919331
0.1800000 36.9333687
0.1810000 -33.4725838
0.1820000 34.2198105
0.1830000 29.7438316
0.1840000 1.3692707
0.1850000 -1.0538319
0.1860000 -58.8077621
0.1870000 -71.0256500
0.1880000 -22.0895081
0.1890000 -11.9424887
0.1900000 7.3883538
0.1910000 21.1578941
0.1920000 -23.0459957
0.1930000 6.8506832
0.1940000 25.7421398
0.1950000 7.6175475
0.1960000 -31.6081467
0.1970000 17.9411354
0.1980000 23.7851429
0.1990000 27.1976891
0.2000000 -26.5090790
0.2010000 44.4406013
0.2020000 14.0667648
0.2030000 19.6059856
0.2040000 41.5837479
0.2050000 -20.7853851
0.2060000 18.8359108
0.2070000 46.6189575
0.2080000 -16.4612427
0.2090000 -7.0411501
0.2100000 -28.3349533
0.2110000 -0.7791977
0.2120000 22.2806263
0.2130000 12.7993221
0.2140000 42.0490303
0.2150000 90.9029999
0.2160000 -27.5652199
0.2170000 -30.3634243
0.2180000 -19.2618904
0.2190000 47.4443855
0.2200000 -24.9233627
0.2210000 11.2420578
0.2220000 -14.1955900
0.2230000 -0.5055760
0.2240000 -35.6885681
0.2250000 45.0600395
0.2260000 -6.0078683
0.2270000 43.1937103
0.2280000 -14.1453934
0.2290000 -33.8578072
0.2300000 43.6744957
0.2310000 14.3749857
0.2320000 -43.4130554
0.2330000 -12.0321999
0.2340000 42.3437042
0.2350000 -47.0660858
0.2360000 28.6605434
0.2370000 19.0608521
0.2380000 60.3258705
0.2390000 19.3209476
0.2400000 -1.0370333
0.2410000 54.2674522
0.2420000 -56.6772270
0.2430000 57.1079521
0.2440000 8.8096390
0.2450000 -29.9134731
0.2460000 -40.5044975
0.2470000 2.6961501
0.2480000 -11.4128799
0.2490000 1.7011977
0.2500000 13.1936378
0.2510000 -15.1264210
0.2520000 2.0831594
0.2530000 1.0745643
0.2540000 26.5639553
0.2550000 -56.4001465
0.2560000 -36.9248543
0.2570000 -23.2102966
0.2580000 53.8767395
0.2590000 -24.1144409
0.2600000 9.6427574
0.2610000 -13.1737852
0.2620000 -34.2457352
0.2630000 -38.9848442
0.2640000 72.4783096
0.2650000 -1.5434295
0.2660000 22.8415203
0.2670000 -23.4371834
0.2680000 -33.5620422
0.2690000 -46.0793610
0.2700000 19.7217064
0.2710000 9.4163752
0.2720000 54.5057755
0.2730000 0.2098718
0.2740000 -78.1648102
0.2750000 23.7140770
0.2760000 -21.6496162
0.2770000 71.3770142
0.2780000 40.4378204
0.2790000 30.8050957
0.2800000 -26.0846844
0.2810000 37.3347816
0.2820000 -34.6882362
0.2830000 -49.6429405
0.2840000 2.5839205
0.2850000 41.7041664
0.2860000 16.5487404
0.2870000 2.0923517
0.2880000 43.5728073
0.2890000 -32.5660286
0.2900000 -59.1597748
0.2910000 -75.2918320
0.2920000 52.0719490
0.2930000 19.4147301
0.2940000 8.0462666
0.2950000 38.2540932
0.2960000 -10.2370539
0.2970000 -20.9952259
0.2980000 -40.4098854
0.2990000 -13.7954130
0.3000000 32.2550163
0.3010000 13.2621231
0.3020000 -80.7847824
0.3030000 -37.1194687
0.3040000 48.9019699
0.3050000 -69.6628647
0.3060000 -18.9992695
0.3070000 -27.5700455
0.3080000 30.4900417
0.3090000 -16.4688225
0.3100000 89.0298157
0.3110000 33.4103889
0.3120000 34.3128281
0.3130000 40.0906601
0.3140000 28.4040680
0.3150000 22.0927238
0.3160000 -5.3275843
0.3170000 -10.2872553
0.3180000 12.9585247
0.3190000 -12.5518456
0.3200000 7.6702957
0.3210000 -30.2571964
0.3220000 50.4601326
0.3230000 43.6333618
0.3240000 -56.6912613
0.3250000 -2.6565406
0.3260000 -6.3484631
0.3270000 77.9977264
0.3280000 26.5573521
0.3290000 -35.5585136
0.3300000 -39.2971382
0.3310000 -15.1419773
0.3320000 2.0602241
0.3330000 25.9626808
0.3340000 16.7206955
0.3350000 -50.1569824
0.3360000 -37.2637863
0.3370000 28.1692696
0.3380000 70.0301666
0.3390000 2.8918064
0.3400000 -23.3047924
0.3410000 39.7020187
0.3420000 45.9209824
0.3430000 13.2715826
0.3440000 60.9938316
0.3450000 -92.4284363
0.3460000 14.1364803
0.3470000 5.1960278
0.3480000 28.1800156
0.3490000 -64.0877991
0.3500000 -5.8270302
0.3510000 -13.7026205
0.3520000 -32.9803429
0.3530000 -57.3903351
0.3540000 -2.2006378
0.3550000 5.7223854
0.3560000 48.6813087
0.3570000 -37.0594711
0.3580000 -55.2490730
0.3590000 23.3716564
0.3600000 -6.6278157
0.3610000 -15.5464497
0.3620000 17.1426048
0.3630000 16.9025097
0.3640000 -33.8628311
0.3650000 11.2819166
0.3660000 -18.3398838
0.3670000 7.1120005
0.3680000 9.2456398
0.3690000 -12.7193451
0.3700000 -39.2830048
0.3710000 1.7531157
0.3720000 20.1809464
0.3730000 -4.1895862
0.3740000 -3.9504113
0.3750000 85.1686859
0.3760000 52.8244286
0.3770000 -5.4677796
0.3780000 -8.5879154
0.3790000 -5.0562043
0.3800000 15.8456993
0.3810000 27.3509979
0.3820000 3.5966289
0.3830000 -60.9168816
0.3840000 12.8069592
0.3850000 -8.0558538
0.3860000 5.9057140
0.3870000 -10.5148621
0.3880000 -12.6024094
0.3890000 14.8238850
0.3900000 32.6219215
0.3910000 -22.8008957
0.3920000 17.9408760
0.3930000 42.1089897
0.3940000 -27.4878445
0.3950000 -40.4082375
0.3960000 -8.0235901
0.3970000 -3.5539155
0.3980000 30.3882599
0.3990000 -58.9084740
0.4000000 48.3092537
0.4010000 -15.3866444
0.4020000 -52.1832199
0.4030000 -7.7828455
0.4040000 -82.1407928
0.4050000 38.5783119
0.4060000 1.6448383
0.4070000 -23.9916039
0.4080000 -19.1533985
0.4090000 10.3857794
0.4100000 13.0479460
0.4110000 -88.8244934
0.4120000 35.4059296
0.4130000 2.4410675
0.4140000 50.4444885
0.4150000 -3.3415396
0.4160000 -46.3733864
0.4170000 -62.4839630
0.4180000 21.9623013
0.4190000 8.4425440
0.4200000 6.7834258
0.4210000 61.9528465
0.4220000 -32.3271255
0.4230000 -3.3517134
0.4240000 -15.2678671
0.4250000 -0.7408774
0.4260000 -35.8875999
0.4270000 -50.2516403
0.4280000 41.6642723
0.4290000 -48.2331657
0.4300000 -9.6549244
0.4310000 -10.7399015
0.4320000 -22.4802570
0.4330000 19.5077934
0.4340000 -22.8073826
0.4350000 37.2631798
0.4360000 103.7094955
0.4370000 11.0533056
0.4380000 -11.3169117
0.4390000 -5.7128916
0.4400000 -15.1605015
0.4410000 21.6810265
0.4420000 48.9198112
0.4430000 24.6519375
0.4440000 23.9016819
0.4450000 31.7403564
0.4460000 -82.1105499
0.4470000 -54.2469711
0.4480000 7.7723002
0.4490000 -19.4407940
0.4500000 57.4022598
0.4510000 19.1938744
0.4520000 -10.7705851
0.4530000 37.0832672
0.4540000 90.9714661
0.4550000 -26.0322456
0.4560000 -23.8495197
0.4570000 52.3042183
0.4580000 36.0048714
0.4590000 -14.2032671
0.4600000 117.9731293
0.4610000 -25.1551819
0.4620000 66.9134216
0.4630000 43.7421837
0.4640000 29.2315102
0.4650000 -38.9110870
0.4660000 -33.0188599
0.4670000 14.2682266
0.4680000 69.9595642
0.4690000 2.8085065
0.4700000 -11.8772516
0.4710000 73.3942490
0.4720000 -28.2954216
0.4730000 -33.2925453
0.4740000 -69.4409409
0.4750000 -64.9611206
0.4760000 -28.5712242
0.4770000 27.8043289
0.4780000 5.7698140
0.4790000 5.5905638
0.4800000 -28.1352863
0.4810000 -23.4397678
0.4820000 2.4308922
0.4830000 -41.8382072
0.4840000 9.5411148
0.4850000 2.6381090
0.4860000 12.7768183
0.4870000 52.3437424
0.4880000 -15.2743015
0.4890000 75.5546799
0.4900000 -21.8999443
0.4910000 0.7553265
0.4920000 40.6426888
0.4930000 4.1212459
0.4940000 -29.5896988
0.4950000 22.6492767
0.4960000 11.8717394
0.4970000 -47.7459641
0.4980000 -3.7580154
0.4990000 39.6072998
0.5000000 25.1281776
0.5010000 63.0075455
0.5020000 -9.6361294
0.5030000 -45.6810913
0.5040000 -38.2415428
0.5050000 -52.3816986
0.5060000 4.9350491
0.5070000 -1.5557876
0.5080000 71.1759033
0.5090000 23.4948883
0.5100000 -5.7803679
0.5110000 -11.7218199
0.5120000 15.4933624
0.5130000 10.0827065
0.5140000 16.6013565
0.5150000 25.3913136
0.5160000 -14.9716845
0.5170000 2.0819716
0.5180000 -30.0062275
0.5190000 -18.2173710
0.5200000 21.3637848
0.5210000 -16.4474297
0.5220000 73.6580200
0.5230000 -27.9620247
0.5240000 39.4163246
0.5250000 27.2914562
0.5260000 -1.1211184
0.5270000 20.0124798
0.5280000 -26.3493977
0.5290000 -3.2116613
0.5300000 68.6411743
0.5310000 -56.2728767
0.5320000 -29.7691841
0.5330000 17.2291222
0.5340000 -15.2125425
0.5350000 13.6858816
0.5360000 -5.6957698
0.5370000 -14.5845432
0.5380000 60.0212440
0.5390000 23.4218903
0.5400000 -12.7147226
0.5410000 -21.5954304
0.5420000 -57.0561180
0.5430000 -46.9734001
0.5440000 -20.4118710
0.5450000 -52.8042145
0.5460000 -1.1585039
0.5470000 32.0220757
0.5480000 11.1980934
0.5490000 1.4102926
0.5500000 -36.4254799
0.5510000 -9.2527294
0.5520000 38.3839302
0.5530000 3.2700527
0.5540000 19.4440517
0.5550000 15.7586794
0.5560000 -73.7291336
0.5570000 -30.2363834
0.5580000 36.5668907
0.5590000 -29.3976383
0.5600000 22.3605804
0.5610000 27.3133984
0.5620000 4.6704121
0.5630000 20.9051228
0.5640000 -4.9532962
0.5650000 13.7357674
0.5660000 -61.9367867
0.5670000 61.3114510
0.5680000 -75.9140244
0.5690000 57.8982315
0.5700000 -15.5869427
0.5710000 50.0201187
0.5720000 -7.2286897
0.5730000 -8.6750298
0.5740000 -17.9500160
0.5750000 4.6688709
0.5760000 1.5844650
0.5770000 -3.0744746
0.5780000 -41.8318062
0.5790000 -37.5748367
0.5800000 40.2643623
0.5810000 10.7528372
0.5820000 -22.6019745
0.5830000 0.7528296
0.5840000 -44.5741653
0.5850000 50.5971565
0.5860000 25.1022892
0.5870000 -16.9372406
0.5880000 -28.4517193
0.5890000 45.9956284
0.5900000 12.6257105
0.5910000 -45.0891838
0.5920000 7.4463549
0.5930000 14.1641016
0.5940000 -18.7290802
0.5950000 21.0089226
0.5960000 -38.2796364
0.5970000 -12.9254179
0.5980000 -4.8941827
0.5990000 27.6634197
0.6000000 -28.4148598
0.6010000 55.4672165
0.6020000 -25.6950665
0.6030000 33.3063087
0.6040000 70.6173553
0.6050000 -7.3924885
0.6060000 40.7198105
0.6070000 13.1612606
0.6080000 51.0903397
0.6090000 -19.8256435
0.6100000 -16.6934376
0.6110000 -39.3717041
0.6120000 31.7564926
0.6130000 25.6187191
0.6140000 -20.1534252
0.6150000 7.5646963
0.6160000 -27.3910313
0.6170000 39.8647041
0.6180000 -49.8835373
0.6190000 -33.0224838
0.6200000 -53.8082733
0.6210000 26.9540977
0.6220000 -23.0814247
0.6230000 -5.5353856
0.6240000 -7.4710073
0.6250000 86.4256439
0.6260000 -13.3275557
0.6270000 -14.3571110
0.6280000 31.6923943
0.6290000 -34.0075073
0.6300000 1.3432183
0.6310000 -3.7660351
0.6320000 -4.2586670
0.6330000 49.9159851
0.6340000 31.8304138
0.6350000 -7.9632959
0.6360000 -39.4241257
0.6370000 19.9115314
0.6380000 -29.8597164
0.6390000 33.4273300
0.6400000 -65.0362701
0.6410000 -1.1109850
0.6420000 84.1736984
0.6430000 -49.8951836
0.6440000 124.8924789
0.6450000 -26.3917561
0.6460000 29.4179649
0.6470000 -44.7194939
0.6480000 -13.0923185
0.6490000 -7.4351072
0.6500000 -52.3261909
0.6510000 59.7995644
0.6520000 25.6197758
0.6530000 2.0124021
0.6540000 -28.7106476
0.6550000 -6.3351860
0.6560000 29.4024391
0.6570000 -15.1599703
0.6580000 25.7021103
0.6590000 54.6244698
0.6600000 -33.8759804
0.6610000 7.9016242
0.6620000 79.1859131
0.6630000 2.1935287
0.6640000 9.7294731
0.6650000 -34.4171562
0.6660000 40.6940498
0.6670000 -15.0075092
0.6680000 -7.7612329
0.6690000 6.3629847
0.6700000 -41.0282822
0.6710000 -56.8626976
0.6720000 44.1534233
0.6730000 -48.2287903
0.6740000 -46.7704086
0.6750000 10.1514158
0.6760000 -38.9065781
0.6770000 -20.5896587
0.6780000 -24.9891624
0.6790000 11.9721050
0.6800000 18.7780437
0.6810000 4.3488779
0.6820000 -8.7802095
0.6830000 36.0250015
0.6840000 -22.3175583
0.6850000 24.5916672
0.6860000 14.0368814
0.6870000 35.3290634
0.6880000 -0.5033166
0.6890000 18.1753483
0.6900000 -37.0697632
0.6910000 -36.7551155
0.6920000 28.6722298
0.6930000 -26.8877468
0.6940000 57.3312111
0.6950000 -44.4506989
0.6960000 -20.8911381
0.6970000 -14.2654076
0.6980000 -50.5456848
0.6990000 -25.4900761
0.7000000 -1.6504710
0.7010000 42.8307610
0.7020000 -5.1381989
0.7030000 28.7643909
0.7040000 8.1363411
0.7050000 -35.7674561
0.7060000 -22.4889755
0.7070000 -26.5094090
0.7080000 -19.0269737
0.7090000 9.0092010
0.7100000 -21.4806271
0.7110000 4.6144323
0.7120000 -43.4634933
0.7130000 40.0547066
0.7140000 -39.1576080
0.7150000 43.7961655
0.7160000 34.4150047
0.7170000 38.7309494
0.7180000 62.3975296
0.7190000 26.8558674
0.7200000 -10.6777945
0.7210000 -51.9430618
0.7220000 -24.4051647
0.7230000 -44.9489479
0.7240000 -45.4398079
0.7250000 -2.6207647
0.7260000 8.0861912
0.7270000 47.3884201
0.7280000 12.7513094
0.7290000 -40.7933044
0.7300000 -91.6208038
0.7310000 -12.4029942
0.7320000 -16.9506149
0.7330000 20.7660503
0.7340000 -14.6841221
0.7350000 -26.1746254
0.7360000 -34.8641472
0.7370000 21.0778160
0.7380000 40.0077591
0.7390000 39.9545097
0.7400000 -60.2094383
0.7410000 31.0564938
0.7420000 -5.6608319
0.7430000 52.2963943
0.7440000 -19.4248047
0.7450000 -11.0084257
0.7460000 18.9607067
0.7470000 -11.0041418
0.7480000 -30.9499226
0.7490000 -27.1267071
0.7500000 -29.5634861
0.7510000 -52.9475060
0.7520000 -2.4307294
0.7530000 2.4289088
0.7540000 -55.0686340
0.7550000 2.3584986
0.7560000 28.8229122
0.7570000 -30.6508770
0.7580000 52.6958656
0.7590000 -23.8290157
0.7600000 -30.7777557
0.7610000 -126.6710892
0.7620000 -3.7674494
0.7630000 47.8632851
0.7640000 -49.5637169
0.7650000 -24.4683266
0.7660000 3.6632724
0.7670000 -14.8114681
0.7680000 -13.9134836
0.7690000 -4.3471098
0.7700000 -6.2900324
0.7710000 48.3774147
0.7720000 16.0104446
0.7730000 -23.3486099
0.7740000 -12.3381882
0.7750000 26.9568214
0.7760000 70.7767715
0.7770000 29.2049046
0.7780000 -58.3400421
0.7790000 141.4854736
0.7800000 -29.8069363
0.7810000 -55.0750313
0.7820000 17.1605167
0.7830000 -15.3127460
0.7840000 -1.3279388
0.7850000 31.0828362
0.7860000 -41.8636436
0.7870000 -0.2952885
0.7880000 3.8948457
0.7890000 19.8212357
0.7900000 23.6191578
0.7910000 24.5310154
0.7920000 19.3499928
0.7930000 -33.7772713
0.7940000 2.6812468
0.7950000 44.0702324
0.7960000 13.8218002
0.7970000 21.0019417
0.7980000 24.2271671
0.7990000 12.5907278
0.8000000 43.0922432
0.8010000 21.6813431
0.8020000 5.1551433
0.8030000 34.9206696
0.8040000 55.5154686
0.8050000 15.0997410
0.8060000 -12.5075264
0.8070000 53.4192886
0.8080000 20.5747871
0.8090000 42.6422081
0.8100000 50.9787369
0.8110000 1.5433781
0.8120000 37.6701126
0.8130000 23.4220028
0.8140000 45.0527039
0.8150000 21.8055973
0.8160000 4.2917738
0.8170000 45.4135056
0.8180000 -32.8176956
0.8190000 2.9110260
0.8200000 -1.9088161
0.8210000 27.5259228
0.8220000 59.0175934
0.8230000 -22.9680748
0.8240000 5.2943325
0.8250000 -30.4432392
0.8260000 -28.5662689
0.8270000 -15.1013813
0.8280000 -50.4739914
0.8290000 -36.1056595
0.8300000 12.1530256
0.8310000 54.9199486
0.8320000 69.7289658
0.8330000 25.4567757
0.8340000 -28.8798084
0.8350000 -7.1640224
0.8360000 9.6372385
0.8370000 -4.2072811
0.8380000 -40.0726280
0.8390000 -10.9003487
0.8400000 21.5757980
0.8410000 11.2557678
0.8420000 40.8595200
0.8430000 -18.7904816
0.8440000 14.7447376
0.8450000 6.6112957
0.8460000 29.3069801
0.8470000 13.4143543
0.8480000 -60.1142921
0.8490000 -21.6547928
0.8500000 28.3950787
0.8510000 8.5512438
0.8520000 -12.2859974
0.8530000 -5.3830948
0.8540000 63.4652786
0.8550000 36.6650124
0.8560000 -12.0971851
0.8570000 24.5809574
0.8580000 -7.4591846
0.8590000 -34.8134155
0.8600000 25.9958191
0.8610000 -0.4827932
0.8620000 -54.6009407
0.8630000 -24.8845253
0.8640000 0.5745648
0.8650000 71.0794907
0.8660000 -27.7752171
0.8670000 -16.8533669
0.8680000 -15.7951822
0.8690000 60.0273590
0.8700000 19.0766144
0.8710000 47.1860733
0.8720000 -27.3851051
0.8730000 48.1277733
0.8740000 -2.6502273
0.8750000 -8.4496613
0.8760000 -33.6715889
0.8770000 -12.5578556
0.8780000 21.4932919
0.8790000 31.9232464
0.8800000 -50.2523079
0.8810000 6.5216136
0.8820000 9.7506638
0.8830000 32.9177589
0.8840000 -14.0976410
0.8850000 -18.1028385
0.8860000 50.8926315
0.8870000 45.8093605
0.8880000 -69.9641190
0.8890000 0.8591498
0.8900000 -35.8289146
0.8910000 -27.0403614
0.8920000 20.4114017
0.8930000 2.9204633
0.8940000 59.1064110
0.8950000 8.2911062
0.8960000 -17.5247936
0.8970000 -49.7766571
0.8980000 44.5146217
0.8990000 34.6195946
0.9000000 -5.9964390
0.9010000 -34.0803757
0.9020000 22.1590080
0.9030000 45.9976273
0.9040000 10.4529133
0.9050000 -1.6424869
0.9060000 36.1876984
0.9070000 -6.8290405
0.9080000 -4.3452120
0.9090000 27.8138332
0.9100000 -1.2185060
0.9110000 21.1877499
0.9120000 51.1432571
0.9130000 -5.1964846
0.9140000 -32.8914337
0.9150000 -17.0943317
0.9160000 19.9307632
0.9170000 61.4880066
0.9180000 -6.1725235
0.9190000 2.7771282
0.9200000 21.2679100
0.9210000 55.3979683
0.9220000 -10.7256622
0.9230000 -0.0873022
0.9240000 64.7220001
0.9250000 2.1498430
0.9260000 18.0590801
0.9270000 8.1701488
0.9280000 18.9735508
0.9290000 25.0198326
0.9300000 -50.3222694
0.9310000 -43.8719749
0.9320000 -41.1743240
0.9330000 55.6407585
0.9340000 -34.9200325
0.9350000 -4.7944508
0.9360000 -28.3774776
0.9370000 -23.9464970
0.9380000 -38.9883652
0.9390000 -50.9702873
0.9400000 -12.8204489
0.9410000 73.0061798
0.9420000 -19.3384380
0.9430000 -22.9719563
0.9440000 44.9633713
0.9450000 76.8325653
0.9460000 57.9745255
0.9470000 42.5997696
0.9480000 28.1136265
0.9490000 52.0908051
0.9500000 35.0275574
0.9510000 9.2562943
0.9520000 32.7627792
0.9530000 -76.5224991
0.9540000 -52.3374405
0.9550000 50.6591682
0.9560000 -20.0779629
0.9570000 13.8946371
0.9580000 20.8975391
0.9590000 14.2484617
0.9600000 9.0618086
0.9610000 15.4022408
0.9620000 -14.7184992
0.9630000 26.7985573
0.9640000 34.4170837
0.9650000 -29.2254105
0.9660000 15.8782673
0.9670000 -7.3359833
0.9680000 -0.8661208
0.9690000 20.8389568
0.9700000 1.4356157
0.9710000 -59.6463013
0.9720000 -31.6132298
0.9730000 17.9448872
0.9740000 -16.1456490
0.9750000 -69.1961441
0.9760000 18.6330318
0.9770000 0.5651513
0.9780000 -1.7569236
0.9790000 -15.0638933
0.9800000 -15.6111298
0.9810000 39.8242798
0.9820000 57.5572777
0.9830000 44.5116043
0.9840000 15.6772079
0.9850000 30.1792583
0.9860000 -0.8211841
0.9870000 -19.5245056
0.9880000 -39.6769028
0.9890000 -38.9051208
0.9900000 39.6056175
0.9910000 -5.3395424
0.9920000 21.8575802
0.9930000 41.7794914
0.9940000 65.8302536
0.9950000 0.9786267
0.9960000 27.9818478
0.9970000 -28.3903103
0.9980000 11.0895214
0.9990000 -10.4260902
