0.0000000 -21.3899670
0.0010000 17.1892147
0.0020000 -78.1538773
0.0030000 -38.3057251
0.0040000 11.1907930
0.0050000 -57.6250038
0.0060000 33.3225517
0.0070000 -68.9018784
0.0080000 13.0979452
0.0090000 7.1427169
0.0100000 -41.9107094
0.0110000 49.1626816
0.0120000 16.1571941
0.0130000 -0.5480164
0.0140000 3.0961339
0.0150000 10.2474699
0.0160000 15.3910141
0.0170000 41.1669502
0.0180000 -19.6773319
0.0190000 -4.6114912
0.0200000 -1.9885083
0.0210000 -9.8220968
0.0220000 47.3073196
0.0230000 -19.6246014
0.0240000 35.0954933
0.0250000 -36.1225967
0.0260000 18.8431950
0.0270000 52.8182678
0.0280000 34.4087219
0.0290000 0.0959496
0.0300000 45.3050728
0.0310000 -43.2029610
0.0320000 27.5267067
0.0330000 -46.8985710
0.0340000 -27.2167740
0.0350000 -2.5501058
0.0360000 -6.7304611
0.0370000 11.4072104
0.0380000 -36.0608826
0.0390000 -38.2823868
0.0400000 -18.5211048
0.0410000 15.5750084
0.0420000 10.1018238
0.0430000 -7.1222992
0.0440000 -31.6348610
0.0450000 38.5637817
0.0460000 -31.1241398
0.0470000 10.2644863
0.0480000 -5.3193550
0.0490000 14.6556978
0.0500000 1.4059075
0.0510000 -19.4047585
0.0520000 -56.3032646
0.0530000 1.2699647
0.0540000 -62.3708572
0.0550000 -10.9588480
0.0560000 -56.9076118
0.0570000 9.5377874
0.0580000 34.6734886
0.0590000 27.4243183
0.0600000 -31.1265907
0.0610000 22.6512623
0.0620000 -32.7784424
0.0630000 -15.8539314
0.0640000 40.1378937
0.0650000 -49.7465248
0.0660000 57.5669136
0.0670000 -30.0590992
0.0680000 43.3156013
0.0690000 29.6916447
0.0700000 -16.8601112
0.0710000 40.4679909
0.0720000 -70.9543762
0.0730000 55.1230431
0.0740000 56.1800575
0.0750000 9.6098433
0.0760000 -6.9428086
0.0770000 58.4074440
0.0780000 65.1500931
0.0790000 5.1694870
0.0800000 -2.6515527
0.0810000 -30.7062149
0.0820000 19.9372025
0.0830000 -39.7730179
0.0840000 8.9340391
0.0850000 37.9969292
0.0860000 50.0463181
0.0870000 -19.8444691
0.0880000 -17.2710361
0.0890000 -45.2069130
0.0900000 -38.6267052
0.0910000 -28.2884521
0.0920000 -9.5059481
0.0930000 44.6900024
0.0940000 11.6762934
0.0950000 16.2328529
0.0960000 50.9802094
0.0970000 -35.0918350
0.0980000 10.6573906
0.0990000 4.3430777
0.1000000 -11.2113781
0.1010000 -41.2350616
0.1020000 -47.1616020
0.1030000 -60.1263847
0.1040000 9.8109255
0.1050000 47.3396873
0.1060000 42.1862526
0.1070000 67.9772110
0.1080000 -1.4330026
0.1090000 -32.1809120
0.1100000 -64.8570709
0.1110000 29.4491005
0.1120000 38.4973564
0.1130000 33.9539070
0.1140000 -38.9032059
0.1150000 -16.5423355
0.1160000 -22.6783657
0.1170000 -33.4321747
0.1180000 10.0447531
0.1190000 5.4862623
0.1200000 -18.6736355
0.1210000 -19.1309547
0.1220000 -22.9354115
0.1230000 23.6155186
0.1240000 -3.8143029
0.1250000 37.3928528
0.1260000 -8.1352539
0.1270000 -34.0305367
0.1280000 76.5398178
0.1290000 12.4079990
0.1300000 53.8081512
0.1310000 -2.2431133
0.1320000 -17.5097198
0.1330000 -10.7655926
0.1340000 7.3460121
0.1350000 -1.6721826
0.1360000 -39.4045334
0.1370000 -12.3992281
0.1380000 3.0318413
0.1390000 -26.9626007
0.1400000 10.1799545
0.1410000 -1.0236497
0.1420000 0.4965425
0.1430000 -11.3237906
0.1440000 8.4582977
0.1450000 -45.1825485
0.1460000 9.2961254
0.1470000 20.8292599
0.1480000 -31.3067360
0.1490000 -1.1472453
0.1500000 -97.8801727
0.1510000 67.5065002
0.1520000 -16.4044228
0.1530000 14.7398090
0.1540000 -50.2305031
0.1550000 -2.2778878
0.1560000 1.6675671
0.1570000 47.8450546
0.1580000 -28.8678188
0.1590000 -49.9830170
0.1600000 -2.7934332
0.1610000 -13.0763893
0.1620000 -20.0836525
0.1630000 -56.9969368
0.1640000 1.7541226
0.1650000 -10.4199495
0.1660000 15.3209982
0.1670000 76.4062881
0.1680000 45.3989067
0.1690000 39.8219490
0.1700000 -32.8406029
0.1710000 -18.0149727
0.1720000 -47.2435150
0.1730000 -43.6490822
0.1740000 17.6180153
0.1750000 -7.8692970
0.1760000 7.4944158
0.1770000 -15.1856117
0.1780000 9.7114801
0.1790000 48.6404572
0.1800000 4.9045296
0.1810000 61.8190765
0.1820000 -5.1671314
0.1830000 3.6490242
0.1840000 11.8943796
0.1850000 70.0346756
0.1860000 5.3386269
0.1870000 -20.0309334
0.1880000 8.9762564
0.1890000 -34.0275116
0.1900000 3.2819207
0.1910000 -16.1203861
0.1920000 27.4761295
0.1930000 -15.8143063
0.1940000 -27.2522640
0.1950000 4.9430470
0.1960000 35.0946465
0.1970000 52.4481049
0.1980000 -19.2555065
0.1990000 -15.9635077
0.2000000 -6.3411217
0.2010000 -22.0751743
0.2020000 -52.5315399
0.2030000 9.8192577
0.2040000 -46.2780991
0.2050000 -0.8516187
0.2060000 21.7947502
0.2070000 19.8185596
0.2080000 -35.9329987
0.2090000 -16.5104179
0.2100000 19.1153889
0.2110000 75.5564270
0.2120000 -2.1673295
0.2130000 -3.7443619
0.2140000 23.0244617
0.2150000 41.2985191
0.2160000 4.2462754
0.2170000 -14.2765388
0.2180000 -26.0595589
0.2190000 22.5263519
0.2200000 86.3124237
0.2210000 34.6667633
0.2220000 37.2472801
0.2230000 -14.7539244
0.2240000 -55.2157631
0.2250000 7.2265677
0.2260000 3.1786532
0.2270000 7.2055011
0.2280000 -24.0381432
0.2290000 0.3949076
0.2300000 0.0526192
0.2310000 32.4100494
0.2320000 -18.8354721
0.2330000 39.7742844
0.2340000 -5.2894530
0.2350000 -16.7143764
0.2360000 41.9406891
0.2370000 29.9167461
0.2380000 21.5686092
0.2390000 2.6430156
0.2400000 61.4035225
0.2410000 -13.2251139
0.2420000 -47.4900627
0.2430000 15.6320353
0.2440000 42.0731735
0.2450000 -55.1235008
0.2460000 -9.4625607
0.2470000 15.1707773
0.2480000 41.1583672
0.2490000 9.5436831
0.2500000 55.8354607
0.2510000 -3.3692470
0.2520000 54.4670258
0.2530000 48.8496056
0.2540000 -19.2542744
0.2550000 -12.8368301
0.2560000 42.0617523
0.2570000 -11.5451174
0.2580000 -21.7312222
0.2590000 -31.2841816
0.2600000 -28.7667179
0.2610000 35.1460457
0.2620000 -13.2226439
0.2630000 4.8048997
0.2640000 23.5925846
0.2650000 -55.2953720
0.2660000 -6.4861584
0.2670000 23.7661476
0.2680000 -50.9692917
0.2690000 -13.1062632
0.2700000 22.0021973
0.2710000 -34.2540741
0.2720000 13.7103977
0.2730000 -16.9069901
0.2740000 -57.8992615
0.2750000 9.6125841
0.2760000 -30.7251930
0.2770000 64.0945358
0.2780000 62.3751984
0.2790000 27.0869217
0.2800000 -16.1819344
0.2810000 5.0417314
0.2820000 8.6500683
0.2830000 -26.4498806
0.2840000 -39.7000389
0.2850000 -5.0165048
0.2860000 31.8148098
0.2870000 15.9440527
0.2880000 -35.7536812
0.2890000 3.6506093
0.2900000 2.1595573
0.2910000 18.6514931
0.2920000 -30.3630886
0.2930000 -14.8085699
0.2940000 8.9217987
0.2950000 10.0121336
0.2960000 -48.5732117
0.2970000 -24.1691647
0.2980000 40.9842567
0.2990000 -47.7953796
0.3000000 -50.7614479
0.3010000 45.5386925
0.3020000 -11.5901022
0.3030000 32.8694916
0.3040000 -4.6501250
0.3050000 28.9607525
0.3060000 13.2514677
0.3070000 -34.3660316
0.3080000 -2.9012592
0.3090000 -41.8543091
0.3100000 30.3954315
0.3110000 -19.9890175
0.3120000 39.6009674
0.3130000 -23.8272820
0.3140000 25.2946777
0.3150000 49.5110893
0.3160000 -14.1076097
0.3170000 9.1125116
0.3180000 11.5281849
0.3190000 -26.2565899
0.3200000 1.8320688
0.3210000 -15.3352890
0.3220000 43.6540642
0.3230000 -78.2141876
0.3240000 24.2091579
0.3250000 15.5947008
0.3260000 -2.7579653
0.3270000 -43.7176285
0.3280000 -32.3947868
0.3290000 24.9680939
0.3300000 -26.4549427
0.3310000 37.8047905
0.3320000 -42.0255241
0.3330000 -22.0668793
0.3340000 12.6973915
0.3350000 -36.8068504
0.3360000 -39.5588264
0.3370000 32.0627594
0.3380000 31.0907307
0.3390000 -15.5711622
0.3400000 3.2477667
0.3410000 -29.2277164
0.3420000 -34.1727600
0.3430000 -14.0050669
0.3440000 -10.9148798
0.3450000 -4.4251056
0.3460000 -17.0820580
0.3470000 -27.0497208
0.3480000 4.1101646
0.3490000 24.2377567
0.3500000 14.0299530
0.3510000 -0.6048062
0.3520000 -6.3309188
0.3530000 33.2522392
0.3540000 -12.6838751
0.3550000 -19.6642380
0.3560000 -24.5140476
0.3570000 8.4276094
0.3580000 77.6733627
0.3590000 -32.5547371
0.3600000 8.5861149
0.3610000 -28.8476505
0.3620000 29.2755470
0.3630000 -4.9971786
0.3640000 -10.9830084
0.3650000 8.6750937
0.3660000 63.4123878
0.3670000 58.3032799
0.3680000 -35.2399979
0.3690000 15.8564491
0.3700000 9.4304562
0.3710000 8.6101475
0.3720000 -45.2593384
0.3730000 4.4964509
0.3740000 3.6137211
0.3750000 15.4938364
0.3760000 37.3550835
0.3770000 -18.6556053
0.3780000 -41.6356812
0.3790000 -3.5875461
0.3800000 42.4686584
0.3810000 12.6402683
0.3820000 11.2109613
0.3830000 -18.3478222
0.3840000 12.2956476
0.3850000 30.8281136
0.3860000 -47.9223747
0.3870000 -27.0962982
0.3880000 58.1112556
0.3890000 -12.8048601
0.3900000 -32.6928711
0.3910000 -47.6954460
0.3920000 -2.6491086
0.3930000 9.8888464
0.3940000 -67.7247238
0.3950000 24.0098419
0.3960000 15.3518333
0.3970000 4.0837774
0.3980000 17.5068626
0.3990000 44.5422363
0.4000000 -23.2917633
0.4010000 2.6543841
0.4020000 -6.1707792
0.4030000 -76.8449173
0.4040000 9.8954620
0.4050000 8.5546303
0.4060000 -18.8335419
0.4070000 -7.4887915
0.4080000 52.8818474
0.4090000 -57.0101929
0.4100000 6.4956088
0.4110000 -13.7205849
0.4120000 -68.2743530
0.4130000 -21.3962650
0.4140000 -23.3644409
0.4150000 4.5133581
0.4160000 24.3711662
0.4170000 16.5007267
0.4180000 -7.3595433
0.4190000 -26.3240967
0.4200000 24.7959614
0.4210000 12.4596481
0.4220000 38.3635902
0.4230000 12.8806124
0.4240000 -32.5880051
0.4250000 44.5177650
0.4260000 -14.8047791
0.4270000 24.9456978
0.4280000 -19.3702564
0.4290000 -79.0367050
0.4300000 46.6587486
0.4310000 42.0485497
0.4320000 -12.9910154
0.4330000 10.1878691
0.4340000 25.3692799
0.4350000 61.6557388
0.4360000 -36.7783089
0.4370000 8.6458492
0.4380000 -32.3765450
0.4390000 56.7015305
0.4400000 -2.3123400
0.4410000 60.0962944
0.4420000 36.1891403
0.4430000 32.3007927
0.4440000 -1.6721896
0.4450000 65.2002792
0.4460000 -41.1270409
0.4470000 -4.9813046
0.4480000 37.6004639
0.4490000 -19.6251945
0.4500000 -14.2438631
0.4510000 50.9235916
0.4520000 41.8214188
0.4530000 28.1438580
0.4540000 48.5868073
0.4550000 66.0318375
0.4560000 40.2389450
0.4570000 76.7528915
0.4580000 -28.2286644
0.4590000 29.5430660
0.4600000 -33.7705498
0.4610000 8.7754211
0.4620000 18.3089142
0.4630000 -25.2822647
0.4640000 44.1686211
0.4650000 -14.1753454
0.4660000 -21.1133652
0.4670000 25.3096275
0.4680000 -22.1330376
0.4690000 15.6596003
0.4700000 7.2421961
0.4710000 -71.7940674
0.4720000 24.8348446
0.4730000 -5.8275051
0.4740000 -20.3295040
0.4750000 -27.7716541
0.4760000 24.0036888
0.4770000 -20.2833405
0.4780000 -8.8497477
0.4790000 13.7009506
0.4800000 -38.1819038
0.4810000 -12.7094755
0.4820000 45.9074135
0.4830000 59.0990410
0.4840000 14.8940649
0.4850000 -32.7482872
0.4860000 46.8104324
0.4870000 13.1566973
0.4880000 -39.2105522
0.4890000 24.2794399
0.4900000 -36.4711914
0.4910000 -11.3063278
0.4920000 -0.5631788
0.4930000 -63.9676170
0.4940000 -11.9190531
0.4950000 22.3661499
0.4960000 -10.9425468
0.4970000 49.6955833
0.4980000 0.4060969
0.4990000 47.8261032
0.5000000 35.3302307
0.5010000 31.0988331
0.5020000 42.1827774
0.5030000 22.3760128
0.5040000 -23.6192226
0.5050000 -38.6263351
0.5060000 43.4296951
0.5070000 27.1379871
0.5080000 29.9216728
0.5090000 -5.0604157
0.5100000 30.5737896
0.5110000 -86.6604919
0.5120000 -65.3174591
0.5130000 43.5115547
0.5140000 -53.1690636
0.5150000 67.2179489
0.5160000 3.6195955
0.5170000 29.2417316
0.5180000 -56.1088905
0.5190000 2.5690315
0.5200000 -28.4929218
0.5210000 -16.9911041
0.5220000 -46.7845612
0.5230000 22.9874020
0.5240000 -20.5325012
0.5250000 -21.5904655
0.5260000 12.7439909
0.5270000 33.3672943
0.5280000 -17.0833263
0.5290000 6.8033781
0.5300000 -59.9725227
0.5310000 92.1407852
0.5320000 -46.4219017
0.5330000 -84.7098389
0.5340000 -19.1334915
0.5350000 60.6719589
0.5360000 -73.7382812
0.5370000 -34.9623795
0.5380000 -3.4665287
0.5390000 10.0941629
0.5400000 30.4844570
0.5410000 -21.8718987
0.5420000 -8.9667406
0.5430000 7.2311192
0.5440000 39.1759529
0.5450000 -47.7604485
0.5460000 -29.9979362
0.5470000 -29.4004974
0.5480000 -36.1644020
0.5490000 -32.7031670
0.5500000 -16.8150501
0.5510000 -42.6912613
0.5520000 14.3940153
0.5530000 -26.8347473
0.5540000 57.5258522
0.5550000 -62.2191887
0.5560000 -0.9323550
0.5570000 -19.7292423
0.5580000 76.3227234
0.5590000 -12.3308744
0.5600000 -7.0446663
0.5610000 70.5234299
0.5620000 45.3400459
0.5630000 -27.0008984
0.5640000 20.1246319
0.5650000 16.1157703
0.5660000 -87.5867767
0.5670000 -81.0509644
0.5680000 -50.3195877
0.5690000 -65.4779434
0.5700000 -3.6496394
0.5710000 -11.9433384
0.5720000 -30.1309109
0.5730000 57.2210999
0.5740000 -55.0972137
0.5750000 42.4984741
0.5760000 31.5226059
0.5770000 -46.5794792
0.5780000 -2.3801827
0.5790000 -28.9923859
0.5800000 54.4247856
0.5810000 20.4927464
0.5820000 29.8853092
0.5830000 -12.8485260
0.5840000 51.9530830
0.5850000 26.1343269
0.5860000 -22.9164066
0.5870000 8.8608351
0.5880000 -25.2271194
0.5890000 11.2182570
0.5900000 3.4145086
0.5910000 -44.0867729
0.5920000 -7.6944261
0.5930000 -20.3584080
0.5940000 -22.7875214
0.5950000 -12.9165411
0.5960000 -15.4044657
0.5970000 -33.9031448
0.5980000 -16.6163349
0.5990000 48.3718948
0.6000000 34.4494209
0.6010000 39.2097702
0.6020000 -11.3559036
0.6030000 -79.2241211
0.6040000 -25.2156200
0.6050000 -22.2785664
0.6060000 11.4078989
0.6070000 3.6018660
0.6080000 -2.5770798
0.6090000 19.2439137
0.6100000 25.3161411
0.6110000 -54.3075294
0.6120000 -1.1044409
0.6130000 -67.6783752
0.6140000 -15.4767361
0.6150000 22.3299561
0.6160000 48.7745628
0.6170000 -85.8037186
0.6180000 -7.3435702
0.6190000 -11.9502993
0.6200000 27.6402664
0.6210000 50.9918900
0.6220000 8.7676382
0.6230000 25.7309151
0.6240000 1.4633822
0.6250000 2.6254003
0.6260000 12.3976469
0.6270000 -35.3417053
0.6280000 -69.2364426
0.6290000 29.8977661
0.6300000 61.5818443
0.6310000 -7.8629694
0.6320000 -15.4829388
0.6330000 -15.4510260
0.6340000 13.6816921
0.6350000 -1.6724716
0.6360000 55.8745003
0.6370000 6.1435127
0.6380000 8.3541183
0.6390000 46.7261086
0.6400000 15.8453856
0.6410000 -35.6216049
0.6420000 14.3834238
0.6430000 32.6124382
0.6440000 11.9092646
0.6450000 60.5727921
0.6460000 -0.9541311
0.6470000 0.7406015
0.6480000 -15.1854677
0.6490000 -20.6403255
0.6500000 17.4208870
0.6510000 -33.7872658
0.6520000 11.7875700
0.6530000 49.1252785
0.6540000 -6.1198068
0.6550000 -33.2079086
0.6560000 3.8746426
0.6570000 -56.7189331
0.6580000 18.2703247
0.6590000 13.5006237
0.6600000 11.6073112
0.6610000 -51.2830887
0.6620000 54.5009842
0.6630000 -56.7926254
0.6640000 44.2044373
0.6650000 100.0280838
0.6660000 15.2342787
0.6670000 9.3959656
0.6680000 -42.8445129
0.6690000 18.9432030
0.6700000 35.6511841
0.6710000 -16.4548683
0.6720000 8.1654987
0.6730000 1.1777561
0.6740000 -10.9842501
0.6750000 -6.9890022
0.6760000 -18.2229252
0.6770000 1.8584613
0.6780000 -9.9992542
0.6790000 -23.6450386
0.6800000 -24.7043571
0.6810000 -1.8663547
0.6820000 7.3983917
0.6830000 6.8284278
0.6840000 -33.5352974
0.6850000 7.1889286
0.6860000 -71.3705139
0.6870000 -0.3070626
0.6880000 -30.0457077
0.6890000 59.3332672
0.6900000 -24.0211296
0.6910000 8.8808737
0.6920000 41.8574219
0.6930000 -48.0918922
0.6940000 -26.7442398
0.6950000 9.0571413
0.6960000 9.2632446
0.6970000 -25.2780647
0.6980000 -30.2993431
0.6990000 -75.0054474
0.7000000 26.9281673
0.7010000 1.4481473
0.7020000 11.0243225
0.7030000 -9.4948425
0.7040000 -51.8945122
0.7050000 14.4136505
0.7060000 -39.0095634
0.7070000 20.0043602
0.7080000 -13.6590643
0.7090000 0.0883253
0.7100000 -7.3860016
0.7110000 -0.6718312
0.7120000 -34.3701248
0.7130000 -5.2168040
0.7140000 -8.9524832
0.7150000 -3.1126132
0.7160000 -75.3284302
0.7170000 -13.9063120
0.7180000 33.2613411
0.7190000 -5.9784422
0.7200000 47.3677902
0.7210000 14.8544722
0.7220000 -9.3423901
0.7230000 -24.2971153
0.7240000 57.4347534
0.7250000 12.3385391
0.7260000 21.9401836
0.7270000 -4.7196779
0.7280000 -3.1769180
0.7290000 -53.3075523
0.7300000 19.1251030
0.7310000 39.8300095
0.7320000 18.2604351
0.7330000 1.5232463
0.7340000 -60.5969086
0.7350000 -8.6434374
0.7360000 29.0361252
0.7370000 -5.2221394
0.7380000 25.7437325
0.7390000 -86.0120773
0.7400000 -20.0074329
0.7410000 38.3353996
0.7420000 38.8015747
0.7430000 -47.2240410
0.7440000 -33.7288551
0.7450000 -0.6634267
0.7460000 16.7402458
0.7470000 40.3113785
0.7480000 26.6473866
0.7490000 38.0197792
0.7500000 -20.7032261
0.7510000 -12.0934668
0.7520000 -30.8265991
0.7530000 -7.6211205
0.7540000 74.6077576
0.7550000 -38.9480095
0.7560000 18.7796154
0.7570000 -11.8418674
0.7580000 -31.8915958
0.7590000 16.1370487
0.7600000 -5.5299530
0.7610000 -72.2118454
0.7620000 -46.3255997
0.7630000 7.6819949
0.7640000 26.7325439
0.7650000 -59.2598457
0.7660000 54.5030823
0.7670000 -20.3463478
0.7680000 -36.7238464
0.7690000 -39.4680061
0.7700000 -49.3407707
0.7710000 -73.4681625
0.7720000 8.0983200
0.7730000 -26.7126751
0.7740000 -76.0867386
0.7750000 20.7002068
0.7760000 25.7790985
0.7770000 6.6456294
0.7780000 -8.3054533
0.7790000 -39.5678139
0.7800000 -15.9737816
0.7810000 49.5251045
0.7820000 -29.8204079
0.7830000 -24.5215168
0.7840000 -1.4245704
0.7850000 25.2131443
0.7860000 9.4692297
0.7870000 15.3072338
0.7880000 23.1185303
0.7890000 19.4000397
0.7900000 20.9131641
0.7910000 -33.4348640
0.7920000 35.2790604
0.7930000 73.1018829
0.7940000 -29.8945751
0.7950000 -8.0247650
0.7960000 36.9286308
0.7970000 -4.7476630
0.7980000 17.2364330
0.7990000 -1.6456044
0.8000000 31.5000210
0.8010000 -5.3024755
0.8020000 -0.5666096
0.8030000 52.4497910
0.8040000 -14.6205711
0.8050000 -59.7878952
0.8060000 -3.8284874
0.8070000 41.5159531
0.8080000 11.2500019
0.8090000 -38.1666489
0.8100000 28.5007229
0.8110000 18.1387997
0.8120000 -22.6739292
0.8130000 16.1038628
0.8140000 45.6281166
0.8150000 -25.1122246
0.8160000 -10.3423491
0.8170000 -6.4999919
0.8180000 -33.5342789
0.8190000 -23.7245007
0.8200000 -23.9172459
0.8210000 -11.2763882
0.8220000 -15.7692795
0.8230000 -43.5466118
0.8240000 15.0219345
0.8250000 -2.3286002
0.8260000 -32.2168045
0.8270000 29.3302326
0.8280000 -37.1808662
0.8290000 35.1002808
0.8300000 33.6920586
0.8310000 11.8070002
0.8320000 37.2266769
0.8330000 29.2978592
0.8340000 -1.3104073
0.8350000 -50.8703537
0.8360000 26.5533600
0.8370000 0.6807443
0.8380000 46.8544731
0.8390000 2.5052140
0.8400000 -23.4540119
0.8410000 11.1314144
0.8420000 63.0180435
0.8430000 -0.2148002
0.8440000 48.7999039
0.8450000 67.6153564
0.8460000 0.9994174
0.8470000 -41.3621292
0.8480000 -41.8260918
0.8490000 14.5027122
0.8500000 10.9489498
0.8510000 53.3590508
0.8520000 24.3780079
0.8530000 15.8641853
0.8540000 -18.5681877
0.8550000 -19.3928337
0.8560000 40.9853516
0.8570000 24.9791470
0.8580000 22.6135941
0.8590000 -15.4937849
0.8600000 23.8732796
0.8610000 -24.9376965
0.8620000 -25.8494492
0.8630000 -30.5134563
0.8640000 -59.1388931
0.8650000 -64.5417404
0.8660000 16.9058247
0.8670000 24.3318768
0.8680000 62.3017921
0.8690000 21.5497780
0.8700000 75.4433823
0.8710000 -7.1270809
0.8720000 -2.6250823
0.8730000 -17.6319656
0.8740000 6.4877973
0.8750000 -27.2770004
0.8760000 34.5859718
0.8770000 31.8713379
0.8780000 -13.6965504
0.8790000 -14.1251669
0.8800000 23.7719402
0.8810000 -19.8734570
0.8820000 28.4227943
0.8830000 26.2852039
0.8840000 -1.6004444
0.8850000 17.7118683
0.8860000 -13.4219217
0.8870000 13.0154018
0.8880000 9.0446863
0.8890000 42.5214081
0.8900000 -22.7455120
0.8910000 -42.5594444
0.8920000 5.9868765
0.8930000 14.1959095
0.8940000 42.7557259
0.8950000 40.2775803
0.8960000 -65.0783310
0.8970000 11.1043272
0.8980000 14.2934742
0.8990000 1.3792800
0.9000000 18.0470905
0.9010000 25.9638577
0.9020000 77.9402390
0.9030000 -17.4831238
0.9040000 0.9738472
0.9050000 -22.3448639
0.9060000 -22.9061489
0.9070000 26.3270760
0.9080000 -14.5832186
0.9090000 16.3011074
0.9100000 -4.0094547
0.9110000 -27.6117878
0.9120000 -1.7240939
0.9130000 -10.3943806
0.9140000 8.7776003
0.9150000 4.8119369
0.9160000 33.0563736
0.9170000 80.1169357
0.9180000 -1.6064942
0.9190000 3.6739240
0.9200000 5.6151338
0.9210000 -29.6518173
0.9220000 36.2784805
0.9230000 -31.6948719
0.9240000 30.3801804
0.9250000 -9.3110771
0.9260000 6.0084562
0.9270000 -32.3441277
0.9280000 -25.7811756
0.9290000 20.5631447
0.9300000 -65.9312363
0.9310000 -39.7626152
0.9320000 -18.8370399
0.9330000 39.6755638
0.9340000 7.2323480
0.9350000 -70.9173431
0.9360000 -20.3022118
0.9370000 -65.7731934
0.9380000 10.2305145
0.9390000 25.4160995
0.9400000 -8.9223213
0.9410000 12.2984419
0.9420000 24.9052124
0.9430000 -57.4469452
0.9440000 39.9425812
0.9450000 10.0572062
0.9460000 1.8253728
0.9470000 -13.2482519
0.9480000 8.5517054
0.9490000 -21.9361038
0.9500000 -38.8161049
0.9510000 26.5923195
0.9520000 -21.1647549
0.9530000 0.3514079
0.9540000 -6.9309106
0.9550000 47.6445694
0.9560000 13.0872116
0.9570000 -10.8406124
0.9580000 32.0166054
0.9590000 -5.2884674
0.9600000 24.8096581
0.9610000 41.4141541
0.9620000 -10.2980013
0.9630000 -36.0829849
0.9640000 -6.3533897
0.9650000 -67.0254745
0.9660000 2.6545589
0.9670000 38.7137451
0.9680000 17.0510063
0.9690000 17.2837124
0.9700000 33.8013649
0.9710000 72.0289536
0.9720000 13.0274649
0.9730000 0.8703667
0.9740000 4.4325552
0.9750000 -47.7788162
0.9760000 25.1119099
0.9770000 29.7527809
0.9780000 19.0578594
0.9790000 -1.3894570
0.9800000 10.9440174
0.9810000 54.2099228
0.9820000 -16.9878998
0.9830000 11.2590246
0.9840000 -26.2208214
0.9850000 5.4829936
0.9860000 -24.0938148
0.9870000 -22.7946262
0.9880000 -16.7217560
0.9890000 -5.3504586
0.9900000 -15.7109995
0.9910000 55.9585648
0.9920000 -54.5911903
0.9930000 -9.3891439
0.9940000 20.6702862
0.9950000 20.9296055
0.9960000 -15.3540468
0.9970000 61.4986229
0.9980000 -58.4779854
0.9990000 22.4534092
