0.0000000 9.1899185
0.0010000 42.3018570
0.0020000 -3.0762019
0.0030000 30.7683086
0.0040000 -2.9437180
0.0050000 12.8197098
0.0060000 65.8914108
0.0070000 -83.3687439
0.0080000 -16.5244274
0.0090000 -3.7386136
0.0100000 22.7921562
0.0110000 -68.6483765
0.0120000 44.7917137
0.0130000 -55.5738869
0.0140000 41.5011024
0.0150000 45.0656471
0.0160000 -14.6965933
0.0170000 62.6830635
0.0180000 25.8486481
0.0190000 -8.3883266
0.0200000 40.2396927
0.0210000 58.0514183
0.0220000 10.2292461
0.0230000 -24.6519127
0.0240000 -32.4751625
0.0250000 4.0644226
0.0260000 4.6668487
0.0270000 -24.9025688
0.0280000 36.5083351
0.0290000 -28.5992680
0.0300000 27.4157200
0.0310000 12.4033041
0.0320000 -19.2274151
0.0330000 0.3020447
0.0340000 -22.4555454
0.0350000 54.9358902
0.0360000 39.7563210
0.0370000 -39.1449165
0.0380000 -65.3180237
0.0390000 6.3624148
0.0400000 -0.2281968
0.0410000 60.3311806
0.0420000 24.1576786
0.0430000 41.4909325
0.0440000 38.5713043
0.0450000 -16.7333813
0.0460000 -7.0082402
0.0470000 27.1008110
0.0480000 62.7213783
0.0490000 -33.5941505
0.0500000 -28.7203579
0.0510000 -80.4336166
0.0520000 29.5100250
0.0530000 -12.8024769
0.0540000 39.1285477
0.0550000 25.0006027
0.0560000 9.3013992
0.0570000 71.2217331
0.0580000 -6.5266089
0.0590000 -1.4728096
0.0600000 -58.5291595
0.0610000 -4.4015799
0.0620000 -8.1065407
0.0630000 -16.1938877
0.0640000 41.4209557
0.0650000 30.6098099
0.0660000 39.0501213
0.0670000 7.7610612
0.0680000 24.6504745
0.0690000 -53.3834305
0.0700000 -31.1884499
0.0710000 32.8046608
0.0720000 56.4698792
0.0730000 -6.9732394
0.0740000 27.1929131
0.0750000 19.6591892
0.0760000 -12.9028368
0.0770000 36.6317711
0.0780000 24.5054398
0.0790000 -40.0354576
0.0800000 25.1558990
0.0810000 43.2099152
0.0820000 -4.9454255
0.0830000 -44.6720085
0.0840000 -44.4314804
0.0850000 -11.5236673
0.0860000 36.6767540
0.0870000 -2.5112920
0.0880000 17.7853165
0.0890000 59.4923897
0.0900000 -3.7526972
0.0910000 16.4907360
0.0920000 -39.3459625
0.0930000 -5.1832614
0.0940000 51.8786850
0.0950000 -34.9404030
0.0960000 -30.1416531
0.0970000 -27.8390942
0.0980000 25.4680958
0.0990000 -9.2092247
0.1000000 -95.9746475
0.1010000 -32.1456795
0.1020000 -64.4430237
0.1030000 -13.8954315
0.1040000 -11.3761034
0.1050000 26.2042351
0.1060000 63.7012939
0.1070000 -53.6180191
0.1080000 -11.3158960
0.1090000 -8.5599909
0.1100000 62.4770393
0.1110000 25.1271687
0.1120000 37.3810425
0.1130000 -7.0976772
0.1140000 24.8756790
0.1150000 -57.6216240
0.1160000 14.4869814
0.1170000 14.5823727
0.1180000 -75.3775711
0.1190000 -0.8487103
0.1200000 14.6694880
0.1210000 -36.4743843
0.1220000 -10.3338299
0.1230000 57.1092110
0.1240000 -19.5954666
0.1250000 -19.9046593
0.1260000 -12.7567930
0.1270000 9.9810667
0.1280000 32.3255463
0.1290000 -18.5908260
0.1300000 -9.2441416
0.1310000 13.2411327
0.1320000 21.6559315
0.1330000 -21.4680614
0.1340000 31.6476669
0.1350000 26.5151558
0.1360000 19.9220276
0.1370000 -10.2250338
0.1380000 -42.3284302
0.1390000 -11.6300249
0.1400000 6.9205403
0.1410000 43.7833824
0.1420000 24.3580627
0.1430000 19.4077206
0.1440000 -2.8150287
0.1450000 -27.9080391
0.1460000 51.6785927
0.1470000 24.9109917
0.1480000 12.4360819
0.1490000 42.2167244
0.1500000 -29.5260086
0.1510000 29.4563980
0.1520000 -9.3552427
0.1530000 48.3463211
0.1540000 7.5573888
0.1550000 36.6724815
0.1560000 11.5785961
0.1570000 -29.6213531
0.1580000 21.2732601
0.1590000 -34.0801849
0.1600000 17.8859177
0.1610000 -13.2550926
0.1620000 -30.0545845
0.1630000 39.8797112
0.1640000 20.2004356
0.1650000 19.6659698
0.1660000 -45.3567238
0.1670000 8.3906698
0.1680000 8.5356607
0.1690000 -45.8664551
0.1700000 33.5357437
0.1710000 -30.6017570
0.1720000 -31.8831902
0.1730000 36.0052452
0.1740000 3.5010664
0.1750000 -17.9650497
0.1760000 -31.3410950
0.1770000 4.8795972
0.1780000 34.7806511
0.1790000 16.3536758
0.1800000 53.2610054
0.1810000 -40.2460175
0.1820000 25.3792458
0.1830000 1.2795616
0.1840000 19.3821259
0.1850000 -3.0768509
0.1860000 45.9724350
0.1870000 -21.2703857
0.1880000 -30.5593567
0.1890000 -7.0273385
0.1900000 53.1609421
0.1910000 11.7700520
0.1920000 -7.9799018
0.1930000 -33.1202354
0.1940000 33.3608932
0.1950000 47.2836838
0.1960000 -103.4222870
0.1970000 78.3154907
0.1980000 -1.9842852
0.1990000 10.2349005
0.2000000 21.7412434
0.2010000 -18.1319599
0.2020000 -24.0493584
0.2030000 -0.4360704
0.2040000 18.0298462
0.2050000 -31.4035835
0.2060000 -58.5645447
0.2070000 26.9727459
0.2080000 -3.5388963
0.2090000 13.1681604
0.2100000 17.5027657
0.2110000 8.9412279
0.2120000 34.9687996
0.2130000 21.7985706
0.2140000 8.0394907
0.2150000 -17.8997326
0.2160000 5.1560907
0.2170000 -5.5533352
0.2180000 13.3566542
0.2190000 -38.2054100
0.2200000 -46.6869812
0.2210000 -6.0179319
0.2220000 63.0650597
0.2230000 -6.6568327
0.2240000 -53.3798370
0.2250000 46.2328987
0.2260000 11.4596481
0.2270000 -41.3223114
0.2280000 -23.3760796
0.2290000 -1.2397535
0.2300000 26.4763126
0.2310000 -13.1510696
0.2320000 -10.7644110
0.2330000 21.0026798
0.2340000 -16.2903900
0.2350000 19.6159554
0.2360000 -94.1640320
0.2370000 19.5914993
0.2380000 29.7862453
0.2390000 -16.0694103
0.2400000 40.1770058
0.2410000 -26.6344376
0.2420000 9.1285830
0.2430000 -3.4657643
0.2440000 -51.4692383
0.2450000 28.0327206
0.2460000 -29.9379482
0.2470000 0.6526556
0.2480000 -50.5083313
0.2490000 -39.1648979
0.2500000 -29.7518063
0.2510000 -16.9759426
0.2520000 46.4571877
0.2530000 -18.9253349
0.2540000 -0.8609405
0.2550000 6.6968222
0.2560000 5.2900519
0.2570000 63.2699776
0.2580000 41.7128754
0.2590000 2.6576257
0.2600000 -35.9282455
0.2610000 -14.5899773
0.2620000 18.1548519
0.2630000 63.3107567
0.2640000 13.3130903
0.2650000 -43.7112732
0.2660000 -5.2376952
0.2670000 74.3146820
0.2680000 -21.9420013
0.2690000 11.6709089
0.2700000 16.3815727
0.2710000 -6.9887466
0.2720000 47.6122589
0.2730000 -32.9449921
0.2740000 44.1862183
0.2750000 17.9589996
0.2760000 45.0491943
0.2770000 59.3528519
0.2780000 39.7493286
0.2790000 -42.3495407
0.2800000 -32.4208794
0.2810000 -12.4374809
0.2820000 -5.1702356
0.2830000 -41.7136574
0.2840000 47.6612511
0.2850000 11.1741190
0.2860000 -44.8399124
0.2870000 6.8494062
0.2880000 51.4419708
0.2890000 66.2765808
0.2900000 17.6017971
0.2910000 59.2685204
0.2920000 30.8845081
0.2930000 4.3758039
0.2940000 -1.2952627
0.2950000 16.4186687
0.2960000 -12.9863873
0.2970000 -50.5278664
0.2980000 14.8074923
0.2990000 -17.7898464
0.3000000 -52.6178131
0.3010000 -1.0985681
0.3020000 39.1751328
0.3030000 -41.4790039
0.3040000 44.5283813
0.3050000 9.5180769
0.3060000 -22.8437519
0.3070000 21.8552132
0.3080000 -58.5550041
0.3090000 -28.7976131
0.3100000 1.0251472
0.3110000 63.6922379
0.3120000 37.7152977
0.3130000 7.4525237
0.3140000 -62.0435600
0.3150000 33.2960358
0.3160000 21.1673298
0.3170000 30.8743191
0.3180000 -60.7405891
0.3190000 -55.2736435
0.3200000 35.4480743
0.3210000 -21.8018093
0.3220000 20.8353519
0.3230000 -7.6784167
0.3240000 -55.9153328
0.3250000 -51.8517342
0.3260000 -14.9568558
0.3270000 9.9466476
0.3280000 12.9287567
0.3290000 -11.0721531
0.3300000 13.0733004
0.3310000 -5.2501059
0.3320000 -21.6246185
0.3330000 -6.0698881
0.3340000 -8.3373146
0.3350000 -87.1199570
0.3360000 27.0936337
0.3370000 51.4951019
0.3380000 34.7664719
0.3390000 26.3065777
0.3400000 -9.8053579
0.3410000 -97.4671478
0.3420000 16.5532513
0.3430000 -7.6667852
0.3440000 41.7026253
0.3450000 -24.3192062
0.3460000 17.3159027
0.3470000 80.5071487
0.3480000 20.9309158
0.3490000 16.4109745
0.3500000 16.5727367
0.3510000 1.6771613
0.3520000 -1.4033015
0.3530000 32.1225510
0.3540000 6.3945169
0.3550000 18.3969193
0.3560000 -24.7119007
0.3570000 1.8680468
0.3580000 -81.7841797
0.3590000 21.6072941
0.3600000 19.1123943
0.3610000 -29.9274902
0.3620000 -17.0746574
0.3630000 15.6987696
0.3640000 41.1271019
0.3650000 16.8072224
0.3660000 11.3920507
0.3670000 -12.4433088
0.3680000 28.0021896
0.3690000 -30.2038078
0.3700000 -3.5645359
0.3710000 -29.8917561
0.3720000 -88.2553253
0.3730000 -17.8707809
0.3740000 -59.4046211
0.3750000 -16.4709797
0.3760000 34.2324104
0.3770000 -34.2855873
0.3780000 25.8994026
0.3790000 27.5110874
0.3800000 -1.3405926
0.3810000 -43.6325951
0.3820000 7.9194202
0.3830000 -17.1472912
0.3840000 23.9379768
0.3850000 -42.3936234
0.3860000 14.2570705
0.3870000 -16.9526329
0.3880000 38.3570671
0.3890000 3.4376221
0.3900000 52.3882751
0.3910000 8.6908264
0.3920000 -2.7849774
0.3930000 74.9664307
0.3940000 54.9985771
0.3950000 -6.6422224
0.3960000 -0.8584952
0.3970000 -0.2714925
0.3980000 20.2415504
0.3990000 -41.3064194
0.4000000 11.6698751
0.4010000 -24.5077896
0.4020000 77.3652039
0.4030000 -33.0927277
0.4040000 -10.7789841
0.4050000 24.0830212
0.4060000 5.9689102
0.4070000 6.4909000
0.4080000 -17.3595428
0.4090000 -23.0974922
0.4100000 -85.4273834
0.4110000 11.0522709
0.4120000 -8.3127966
0.4130000 44.0225334
0.4140000 -47.1885033
0.4150000 35.1105766
0.4160000 -39.9264450
0.4170000 39.7311745
0.4180000 1.0494690
0.4190000 17.5235291
0.4200000 16.6302433
0.4210000 21.7324524
0.4220000 -40.9732857
0.4230000 -3.0643432
0.4240000 -40.2708664
0.4250000 52.7410049
0.4260000 -22.9167938
0.4270000 -13.5071201
0.4280000 -46.4807739
0.4290000 30.9376984
0.4300000 46.6981773
0.4310000 41.0191231
0.4320000 -69.4786835
0.4330000 18.2541180
0.4340000 32.6741714
0.4350000 12.4846268
0.4360000 26.0855885
0.4370000 -27.3221684
0.4380000 55.8522072
0.4390000 51.1154175
0.4400000 -31.9703026
0.4410000 27.7766895
0.4420000 29.2317295
0.4430000 8.8316879
0.4440000 17.6524315
0.4450000 -44.8681946
0.4460000 -22.5106544
0.4470000 -3.4777892
0.4480000 -28.6849995
0.4490000 15.4011383
0.4500000 -15.7063904
0.4510000 46.4447289
0.4520000 -2.3259966
0.4530000 12.9469557
0.4540000 -8.7237301
0.4550000 -32.0265274
0.4560000 16.4663887
0.4570000 -64.1327209
0.4580000 -2.8942125
0.4590000 -7.5929933
0.4600000 -28.3713474
0.4610000 16.9131222
0.4620000 -55.5609818
0.4630000 -54.0608749
0.4640000 3.5125587
0.4650000 7.8576179
0.4660000 13.9933462
0.4670000 14.8290768
0.4680000 -61.7550011
0.4690000 4.2634759
0.4700000 -86.0381927
0.4710000 25.8342552
0.4720000 -46.6605339
0.4730000 -26.9249020
0.4740000 16.8242855
0.4750000 49.5286751
0.4760000 78.1491089
0.4770000 -11.5130339
0.4780000 -18.4265709
0.4790000 -27.2693138
0.4800000 13.2780952
0.4810000 3.2163718
0.4820000 48.0504646
0.4830000 34.7876854
0.4840000 4.5467734
0.4850000 -6.3831878
0.4860000 -4.6768808
0.4870000 47.5026474
0.4880000 -66.4455032
0.4890000 52.4395752
0.4900000 12.9554253
0.4910000 2.7966778
0.4920000 36.9194107
0.4930000 29.6863365
0.4940000 -59.5610237
0.4950000 -57.8220596
0.4960000 17.0241604
0.4970000 40.8983612
0.4980000 -74.7892761
0.4990000 12.1417408
0.5000000 31.3071671
0.5010000 77.7085037
0.5020000 -11.8569555
0.5030000 -21.0931339
0.5040000 25.2744541
0.5050000 7.0123868
0.5060000 43.9514046
0.5070000 -51.0754509
0.5080000 7.1887603
0.5090000 19.4750309
0.5100000 -2.0039902
0.5110000 -19.8396969
0.5120000 -23.3753338
0.5130000 37.7716599
0.5140000 -2.3520288
0.5150000 -4.7772632
0.5160000 -61.1364708
0.5170000 -0.2295233
0.5180000 -35.8538551
0.5190000 -36.5328712
0.5200000 51.9787521
0.5210000 59.7521820
0.5220000 -0.6879153
0.5230000 -35.7421188
0.5240000 27.9911442
0.5250000 26.4773579
0.5260000 5.0440726
0.5270000 -71.5828476
0.5280000 -37.2806091
0.5290000 37.9629097
0.5300000 59.9191170
0.5310000 30.7038002
0.5320000 -22.7263889
0.5330000 39.1740608
0.5340000 16.1546116
0.5350000 25.4521599
0.5360000 -22.5914040
0.5370000 21.0844555
0.5380000 64.6755753
0.5390000 5.1056609
0.5400000 -71.8754120
0.5410000 9.6180391
0.5420000 21.4611492
0.5430000 -9.8087225
0.5440000 17.6221848
0.5450000 -35.6401405
0.5460000 39.6772156
0.5470000 36.3914871
0.5480000 30.1034584
0.5490000 -2.3904724
0.5500000 -16.9907513
0.5510000 -1.0236715
0.5520000 -4.5454388
0.5530000 -0.0524172
0.5540000 -9.8968306
0.5550000 -3.8552148
0.5560000 32.7374382
0.5570000 10.6644850
0.5580000 15.2889376
0.5590000 37.7929382
0.5600000 -7.8869114
0.5610000 -23.9083538
0.5620000 -20.9043388
0.5630000 11.2082500
0.5640000 -77.6408539
0.5650000 -44.1030235
0.5660000 -20.0233860
0.5670000 -29.4091835
0.5680000 -22.2902470
0.5690000 43.9131279
0.5700000 -25.9036045
0.5710000 -23.1915836
0.5720000 -1.4410719
0.5730000 -25.2652512
0.5740000 46.8070297
0.5750000 3.5586216
0.5760000 -47.8348351
0.5770000 31.5090809
0.5780000 -25.9976654
0.5790000 25.9211388
0.5800000 -27.9285355
0.5810000 32.5811234
0.5820000 12.9682293
0.5830000 -35.1283646
0.5840000 -3.3212986
0.5850000 41.7160339
0.5860000 -12.3009148
0.5870000 50.6457939
0.5880000 -18.5227032
0.5890000 42.7193604
0.5900000 -0.9249868
0.5910000 2.3531821
0.5920000 -45.9796944
0.5930000 -41.4942360
0.5940000 -2.7384324
0.5950000 -7.2839718
0.5960000 -15.7019520
0.5970000 64.5571671
0.5980000 -17.6565876
0.5990000 -35.6247978
0.6000000 -11.4226933
0.6010000 -12.8149853
0.6020000 -36.5851021
0.6030000 21.9761181
0.6040000 -56.8665199
0.6050000 42.1285248
0.6060000 26.9434204
0.6070000 -7.1221933
0.6080000 10.7884674
0.6090000 -27.0497894
0.6100000 18.2152538
0.6110000 70.2388077
0.6120000 22.0064907
0.6130000 13.0051889
0.6140000 -9.5431089
0.6150000 7.8736401
0.6160000 -21.9171295
0.6170000 40.4759293
0.6180000 -72.4669724
0.6190000 7.3447695
0.6200000 54.5925560
0.6210000 47.7382507
0.6220000 14.6471806
0.6230000 19.2397766
0.6240000 -28.4072323
0.6250000 -27.6640663
0.6260000 81.6128540
0.6270000 -23.5484409
0.6280000 30.4052296
0.6290000 6.8714609
0.6300000 9.2716141
0.6310000 1.2093680
0.6320000 -14.9101925
0.6330000 -66.6826782
0.6340000 22.2218437
0.6350000 66.6871643
0.6360000 28.6514244
0.6370000 6.2618437
0.6380000 -27.1329155
0.6390000 44.3438988
0.6400000 20.9212990
0.6410000 2.1296344
0.6420000 -10.7883158
0.6430000 17.4536800
0.6440000 43.6624336
0.6450000 -39.2479515
0.6460000 2.1957808
0.6470000 -11.2393961
0.6480000 22.9314804
0.6490000 -53.7691345
0.6500000 -35.1327972
0.6510000 65.1726379
0.6520000 18.2021351
0.6530000 29.1133595
0.6540000 74.5084991
0.6550000 -80.2495728
0.6560000 44.0045624
0.6570000 56.8063126
0.6580000 -4.4000769
0.6590000 6.2583246
0.6600000 7.2328582
0.6610000 -43.5312347
0.6620000 30.4982071
0.6630000 18.0624352
0.6640000 -20.7169189
0.6650000 18.2714920
0.6660000 5.7287774
0.6670000 49.9056396
0.6680000 0.9835508
0.6690000 55.3676147
0.6700000 -24.7062607
0.6710000 -20.4790421
0.6720000 2.1335638
0.6730000 45.7976952
0.6740000 -40.1417046
0.6750000 24.2553558
0.6760000 -2.9098566
0.6770000 -10.5422735
0.6780000 9.5342474
0.6790000 0.3098814
0.6800000 -51.5386696
0.6810000 -38.7626801
0.6820000 -18.6823292
0.6830000 -55.6376495
0.6840000 -6.7882457
0.6850000 15.3818388
0.6860000 18.5390778
0.6870000 -23.1893272
0.6880000 -46.1974106
0.6890000 -28.9653950
0.6900000 41.0742455
0.6910000 3.6333942
0.6920000 -17.7234383
0.6930000 -10.2614508
0.6940000 21.2804127
0.6950000 18.0014648
0.6960000 27.7023487
0.6970000 24.0100155
0.6980000 -50.1739998
0.6990000 -50.9430351
0.7000000 -32.2179260
0.7010000 -53.5820007
0.7020000 -8.9855814
0.7030000 -16.8588734
0.7040000 -4.8870568
0.7050000 4.7938104
0.7060000 -49.6244316
0.7070000 49.1579552
0.7080000 63.6419830
0.7090000 -4.5214672
0.7100000 -48.7406387
0.7110000 -34.1837692
0.7120000 37.0548553
0.7130000 -31.4865055
0.7140000 42.4125557
0.7150000 -6.0321741
0.7160000 -24.4653645
0.7170000 -8.9009619
0.7180000 -22.4579124
0.7190000 -16.6952572
0.7200000 -11.6312456
0.7210000 -35.3382874
0.7220000 -46.5027351
0.7230000 -9.7376566
0.7240000 34.0075073
0.7250000 19.4894905
0.7260000 -70.1868057
0.7270000 77.7563629
0.7280000 -70.5802155
0.7290000 2.7097523
0.7300000 -18.7635784
0.7310000 48.0485954
0.7320000 -30.5701332
0.7330000 5.0658092
0.7340000 -10.9923725
0.7350000 17.5232944
0.7360000 -23.0992012
0.7370000 33.2044601
0.7380000 30.8013420
0.7390000 -13.3609400
0.7400000 -60.3236961
0.7410000 -33.9287186
0.7420000 14.3757410
0.7430000 2.7775576
0.7440000 -53.4510651
0.7450000 33.6753197
0.7460000 74.0017090
0.7470000 18.3257236
0.7480000 2.3827589
0.7490000 18.0877647
0.7500000 -52.2841949
0.7510000 -20.7000275
0.7520000 -27.9162197
0.7530000 12.4580507
0.7540000 -26.4373436
0.7550000 -44.0135727
0.7560000 -21.2041836
0.7570000 -41.1871071
0.7580000 62.3884392
0.7590000 68.5555801
0.7600000 42.6828804
0.7610000 -12.7193165
0.7620000 24.1337929
0.7630000 27.2578678
0.7640000 -24.9028225
0.7650000 -47.2705879
0.7660000 -15.7983179
0.7670000 -4.4247990
0.7680000 21.7380486
0.7690000 18.0232029
0.7700000 -48.5365791
0.7710000 -13.6336193
0.7720000 -2.5150499
0.7730000 -25.9697456
0.7740000 -53.0801468
0.7750000 -12.7377596
0.7760000 -17.2297401
0.7770000 25.8605461
0.7780000 -3.3809252
0.7790000 30.5251598
0.7800000 24.8060436
0.7810000 3.7309248
0.7820000 21.7067108
0.7830000 -46.7430725
0.7840000 92.7107086
0.7850000 -42.2041092
0.7860000 86.4177017
0.7870000 25.6859455
0.7880000 -77.4902954
0.7890000 0.1536268
0.7900000 -5.9081836
0.7910000 -3.0348759
0.7920000 -21.6451511
0.7930000 71.9085236
0.7940000 18.4801712
0.7950000 20.7939320
0.7960000 23.9814148
0.7970000 -6.8902617
0.7980000 -6.2683196
0.7990000 27.9801216
0.8000000 -16.6528034
0.8010000 -22.2540569
0.8020000 -49.1395912
0.8030000 -59.8053703
0.8040000 21.0250187
0.8050000 11.7101545
0.8060000 -63.3832932
0.8070000 44.4615021
0.8080000 -1.5538727
0.8090000 11.1292686
0.8100000 9.2541027
0.8110000 24.6268520
0.8120000 -15.8943777
0.8130000 30.0677528
0.8140000 10.3256435
0.8150000 14.4232664
0.8160000 13.2974911
0.8170000 -29.7644730
0.8180000 39.0918312
0.8190000 -13.7968111
0.8200000 9.3464937
0.8210000 -2.6874206
0.8220000 20.6189785
0.8230000 -28.8557644
0.8240000 3.7908969
0.8250000 32.7361450
0.8260000 -0.7277190
0.8270000 68.5534363
0.8280000 6.4310222
0.8290000 67.1557922
0.8300000 14.1237059
0.8310000 46.8507996
0.8320000 -8.5883265
0.8330000 12.9536371
0.8340000 25.4011021
0.8350000 -4.7131586
0.8360000 62.5713539
0.8370000 -28.5645504
0.8380000 -27.6013470
0.8390000 -21.7914028
0.8400000 -45.0392876
0.8410000 3.2199187
0.8420000 5.3026934
0.8430000 24.6212444
0.8440000 24.5030518
0.8450000 -41.3218040
0.8460000 39.3792038
0.8470000 39.3681183
0.8480000 23.3088741
0.8490000 26.7895603
0.8500000 25.5009003
0.8510000 -60.3947296
0.8520000 -24.0750866
0.8530000 19.6917362
0.8540000 -13.9645090
0.8550000 -3.5542989
0.8560000 5.1070337
0.8570000 -56.8006821
0.8580000 1.6562917
0.8590000 7.3910956
0.8600000 14.2552099
0.8610000 13.8575754
0.8620000 -40.7256851
0.8630000 11.4827309
0.8640000 -13.6359634
0.8650000 21.0755310
0.8660000 -17.3688869
0.8670000 -59.5386086
0.8680000 -48.4996262
0.8690000 -3.8708019
0.8700000 59.4578056
0.8710000 -15.8016510
0.8720000 -17.4122353
0.8730000 -44.2632599
0.8740000 -10.1036606
0.8750000 -8.3923597
0.8760000 27.9573536
0.8770000 -0.3638037
0.8780000 -70.6543121
0.8790000 -3.8795469
0.8800000 18.1889248
0.8810000 -7.1400514
0.8820000 46.8067436
0.8830000 3.4214211
0.8840000 -8.7202396
0.8850000 39.2498245
0.8860000 -7.5959258
0.8870000 39.9183769
0.8880000 -31.6567650
0.8890000 -18.0586281
0.8900000 -1.7946084
0.8910000 2.2115443
0.8920000 -60.9043732
0.8930000 22.2007084
0.8940000 48.4724541
0.8950000 -15.2098885
0.8960000 27.9501705
0.8970000 -5.0981565
0.8980000 -11.8494759
0.8990000 -15.0688047
0.9000000 -12.7320700
0.9010000 -8.0921288
0.9020000 9.4819221
0.9030000 26.1095085
0.9040000 39.5109558
0.9050000 -13.6033487
0.9060000 -67.5686417
0.9070000 30.2688580
0.9080000 44.1298027
0.9090000 57.5696487
0.9100000 72.2455978
0.9110000 -51.4211082
0.9120000 -8.1159353
0.9130000 24.1463642
0.9140000 -9.9333010
0.9150000 50.0741196
0.9160000 -44.5610962
0.9170000 -52.3423119
0.9180000 16.7439613
0.9190000 -19.0331059
0.9200000 21.6295128
0.9210000 -14.3055744
0.9220000 -26.9740944
0.9230000 8.4315491
0.9240000 -10.8809519
0.9250000 16.4428310
0.9260000 15.9876165
0.9270000 -58.3262711
0.9280000 21.5993824
0.9290000 3.8550727
0.9300000 21.9384174
0.9310000 -27.8818417
0.9320000 -112.2019272
0.9330000 -14.5627575
0.9340000 -5.5162044
0.9350000 -20.2955837
0.9360000 -43.0816078
0.9370000 53.7034721
0.9380000 14.7538376
0.9390000 -42.5613556
0.9400000 -21.6239014
0.9410000 -28.5762215
0.9420000 31.3744907
0.9430000 41.7026253
0.9440000 -8.0678825
0.9450000 10.7945557
0.9460000 31.9767265
0.9470000 -30.9393005
0.9480000 -25.1668835
0.9490000 18.7509537
0.9500000 69.6804962
0.9510000 32.3075027
0.9520000 7.4784956
0.9530000 6.1436286
0.9540000 -36.4679909
0.9550000 -6.4808006
0.9560000 33.7800980
0.9570000 -37.9962769
0.9580000 -2.1809988
0.9590000 28.6905003
0.9600000 22.4367428
0.9610000 -1.0988181
0.9620000 15.2798710
0.9630000 46.3317451
0.9640000 31.0823879
0.9650000 -2.3623030
0.9660000 14.8271904
0.9670000 -36.2441826
0.9680000 69.9763184
0.9690000 -46.8491173
0.9700000 -20.1070004
0.9710000 6.2761946
0.9720000 42.2163696
0.9730000 -18.5264244
0.9740000 27.6117992
0.9750000 8.2166033
0.9760000 -61.9189606
0.9770000 43.0303841
0.9780000 68.5884781
0.9790000 16.8461494
0.9800000 3.8139880
0.9810000 -11.8491316
0.9820000 7.3615055
0.9830000 54.5967331
0.9840000 -0.8259491
0.9850000 30.1136475
0.9860000 3.7163100
0.9870000 -34.7286530
0.9880000 26.0331535
0.9890000 -8.9606915
0.9900000 80.9732819
0.9910000 18.9253139
0.9920000 8.9344950
0.9930000 31.5541725
0.9940000 67.0269318
0.9950000 0.7206412
0.9960000 54.0197449
0.9970000 48.3794212
0.9980000 -20.6391830
0.9990000 24.7757587
