0.0000000 -16.3802681
0.0010000 14.1016245
0.0020000 -28.5112343
0.0030000 17.3612785
0.0040000 -55.7327805
0.0050000 -17.4332561
0.0060000 8.1922808
0.0070000 8.6587019
0.0080000 -26.4122448
0.0090000 71.7854843
0.0100000 -14.9677706
0.0110000 2.7796710
0.0120000 29.6059284
0.0130000 -70.6033478
0.0140000 6.8763747
0.0150000 26.3263702
0.0160000 -17.2780781
0.0170000 -1.7570076
0.0180000 8.9789925
0.0190000 39.5000992
0.0200000 -13.2536240
0.0210000 20.1591396
0.0220000 -28.0799313
0.0230000 6.6314268
0.0240000 36.9871712
0.0250000 1.0450175
0.0260000 -12.8387470
0.0270000 61.1193924
0.0280000 47.9247437
0.0290000 64.4518127
0.0300000 -13.2124071
0.0310000 -33.9849930
0.0320000 -34.1703148
0.0330000 42.6210365
0.0340000 -43.1543236
0.0350000 -62.1357765
0.0360000 -71.8413162
0.0370000 -21.6906071
0.0380000 31.0449009
0.0390000 45.1181221
0.0400000 110.8322220
0.0410000 58.5428619
0.0420000 11.2174025
0.0430000 42.9037590
0.0440000 9.8341017
0.0450000 -44.1781502
0.0460000 -20.6119900
0.0470000 -34.7877731
0.0480000 1.4977382
0.0490000 -4.5523648
0.0500000 -6.0127249
0.0510000 -10.1730175
0.0520000 -49.4264984
0.0530000 8.9909449
0.0540000 44.4873390
0.0550000 -23.0715561
0.0560000 55.6428680
0.0570000 -38.9478111
0.0580000 51.5646667
0.0590000 16.8287163
0.0600000 -30.9443245
0.0610000 -6.1276426
0.0620000 -39.0209579
0.0630000 10.4311638
0.0640000 -6.3797174
0.0650000 -17.8400764
0.0660000 25.8012867
0.0670000 -37.0372276
0.0680000 -1.1291977
0.0690000 38.7245941
0.0700000 -46.9760284
0.0710000 32.5389709
0.0720000 16.0781975
0.0730000 -31.1175575
0.0740000 40.5314217
0.0750000 45.2997437
0.0760000 43.3805275
0.0770000 -3.0391750
0.0780000 36.3044014
0.0790000 -54.3607521
0.0800000 24.7623577
0.0810000 -31.6501102
0.0820000 -10.7215652
0.0830000 21.5307655
0.0840000 -30.4179115
0.0850000 -33.0273056
0.0860000 -39.8515015
0.0870000 -21.6128845
0.0880000 12.4108200
0.0890000 13.6282072
0.0900000 -31.1896191
0.0910000 -17.4980125
0.0920000 -48.0500641
0.0930000 33.5017052
0.0940000 -2.6348894
0.0950000 -10.0733805
0.0960000 2.1107397
0.0970000 48.3919144
0.0980000 5.3309898
0.0990000 45.7439575
0.1000000 -17.5744743
0.1010000 -21.0046291
0.1020000 -2.6932726
0.1030000 12.8740416
0.1040000 -36.8180199
0.1050000 14.7250013
0.1060000 51.2532310
0.1070000 12.3943624
0.1080000 -1.4047397
0.1090000 19.8497334
0.1100000 -35.6912537
0.1110000 -40.0861626
0.1120000 11.7893419
0.1130000 -48.5744324
0.1140000 39.2133141
0.1150000 -53.1635895
0.1160000 29.4318619
0.1170000 -27.4803047
0.1180000 11.7460794
0.1190000 -18.2503567
0.1200000 -28.7852116
0.1210000 -20.3439903
0.1220000 15.6630011
0.1230000 -19.1131763
0.1240000 -37.3530922
0.1250000 -15.0177088
0.1260000 -4.0440068
0.1270000 22.7605553
0.1280000 97.7141495
0.1290000 22.7703190
0.1300000 52.8730354
0.1310000 -37.1353035
0.1320000 -18.8162556
0.1330000 -5.6832447
0.1340000 -7.3238797
0.1350000 37.7960396
0.1360000 -16.1481838
0.1370000 50.5469131
0.1380000 17.8144588
0.1390000 47.0066414
0.1400000 34.6611938
0.1410000 47.7820930
0.1420000 -60.0941086
0.1430000 -33.3573265
0.1440000 -9.2909479
0.1450000 -44.8342590
0.1460000 -1.9320229
0.1470000 40.2449951
0.1480000 28.8299694
0.1490000 -29.1725693
0.1500000 -97.2995987
0.1510000 -17.2961769
0.1520000 4.9551759
0.1530000 -40.6529350
0.1540000 7.4402575
0.1550000 -23.3575172
0.1560000 36.9186172
0.1570000 -24.0333996
0.1580000 11.4097404
0.1590000 -4.7750807
0.1600000 -78.1189117
0.1610000 6.0025296
0.1620000 -12.9051628
0.1630000 96.4623489
0.1640000 22.6531754
0.1650000 19.0407257
0.1660000 -48.9120369
0.1670000 -4.0798306
0.1680000 -27.9715595
0.1690000 -21.9486904
0.1700000 -44.5899086
0.1710000 -40.3837242
0.1720000 18.4440937
0.1730000 -16.3903103
0.1740000 21.3623161
0.1750000 36.8189507
0.1760000 3.7163401
0.1770000 -60.6391373
0.1780000 -30.9977188
0.1790000 -35.0879021
0.1800000 -73.1154938
0.1810000 35.3137894
0.1820000 45.4656715
0.1830000 -51.4466362
0.1840000 -35.4642220
0.1850000 -0.4120568
0.1860000 -17.1198750
0.1870000 -31.2879772
0.1880000 10.2409010
0.1890000 -52.7326813
0.1900000 2.6300757
0.1910000 13.4861593
0.1920000 -2.5932951
0.1930000 12.5028820
0.1940000 -13.1063910
0.1950000 22.8390141
0.1960000 75.4861450
0.1970000 -8.2728300
0.1980000 13.6278534
0.1990000 15.3437042
0.2000000 53.9712982
0.2010000 -2.7020307
0.2020000 -4.9198155
0.2030000 44.7962112
0.2040000 7.2572379
0.2050000 27.5205326
0.2060000 -54.7553787
0.2070000 5.3663864
0.2080000 -23.6948299
0.2090000 -9.3232937
0.2100000 1.5163864
0.2110000 -10.6569567
0.2120000 91.0083084
0.2130000 -6.4574704
0.2140000 30.9583702
0.2150000 -80.2353210
0.2160000 -13.3611250
0.2170000 -4.9778137
0.2180000 17.4105339
0.2190000 -36.4102821
0.2200000 -19.4964428
0.2210000 -20.0702248
0.2220000 8.4604988
0.2230000 -11.6394949
0.2240000 30.1651649
0.2250000 2.2688539
0.2260000 -7.8684721
0.2270000 64.1858521
0.2280000 20.1556721
0.2290000 6.1266193
0.2300000 4.9260077
0.2310000 1.1345029
0.2320000 3.4482946
0.2330000 9.0932570
0.2340000 45.7627296
0.2350000 -30.3146667
0.2360000 -45.9895287
0.2370000 -25.0310955
0.2380000 -6.9859858
0.2390000 76.8866882
0.2400000 -8.7345543
0.2410000 -62.7460213
0.2420000 -6.1150465
0.2430000 -34.6475830
0.2440000 33.7228088
0.2450000 39.9567032
0.2460000 12.9939604
0.2470000 -31.5028820
0.2480000 2.0749252
0.2490000 1.4299448
0.2500000 21.6036701
0.2510000 -0.7972941
0.2520000 42.8423615
0.2530000 -17.2735806
0.2540000 6.3810749
0.2550000 -1.8926592
0.2560000 51.9286003
0.2570000 41.5962791
0.2580000 26.1710587
0.2590000 37.7614822
0.2600000 -6.1636496
0.2610000 -11.0048685
0.2620000 39.7161865
0.2630000 23.7679501
0.2640000 -49.1651840
0.2650000 -34.0461693
0.2660000 7.6480465
0.2670000 29.0637913
0.2680000 31.8116627
0.2690000 -69.0840530
0.2700000 35.2600365
0.2710000 28.6425591
0.2720000 -25.3180828
0.2730000 -12.0708771
0.2740000 -36.9577446
0.2750000 -16.1373730
0.2760000 -63.5642014
0.2770000 36.9411163
0.2780000 -69.0376434
0.2790000 40.2375641
0.2800000 -9.8969183
0.2810000 31.6610851
0.2820000 21.1689014
0.2830000 3.8747630
0.2840000 -3.5132749
0.2850000 60.3671188
0.2860000 58.6284676
0.2870000 47.3354874
0.2880000 23.4751034
0.2890000 -34.5748253
0.2900000 -33.7693024
0.2910000 -46.0944862
0.2920000 -7.1354246
0.2930000 53.4809837
0.2940000 4.3392429
0.2950000 74.5229950
0.2960000 -23.4458160
0.2970000 72.8353500
0.2980000 25.7619095
0.2990000 49.8390846
0.3000000 -66.6782608
0.3010000 72.8689880
0.3020000 -17.1313000
0.3030000 44.1169510
0.3040000 2.4590864
0.3050000 -3.7977715
0.3060000 -59.2633934
0.3070000 -33.4140015
0.3080000 8.2427216
0.3090000 43.2465668
0.3100000 9.6531038
0.3110000 0.2656305
0.3120000 -46.9583855
0.3130000 -31.2484455
0.3140000 -1.0458370
0.3150000 52.0225067
0.3160000 25.2816257
0.3170000 -48.2830887
0.3180000 -79.1528397
0.3190000 -86.2803879
0.3200000 32.0827866
0.3210000 52.5594940
0.3220000 19.9204750
0.3230000 -30.0372219
0.3240000 4.1217499
0.3250000 -13.5933838
0.3260000 21.1480446
0.3270000 -41.6906700
0.3280000 40.0167122
0.3290000 -14.5051851
0.3300000 8.7867718
0.3310000 69.1178589
0.3320000 34.9062767
0.3330000 6.1928258
0.3340000 -39.2923584
0.3350000 12.9734993
0.3360000 10.2678394
0.3370000 21.0128212
0.3380000 -46.0417480
0.3390000 -17.5284214
0.3400000 96.4418488
0.3410000 5.1901302
0.3420000 11.8421793
0.3430000 -8.5504007
0.3440000 2.8551719
0.3450000 16.0869713
0.3460000 35.7176247
0.3470000 54.8907700
0.3480000 22.6180840
0.3490000 -14.0862522
0.3500000 -8.9793110
0.3510000 11.5839825
0.3520000 -10.8888311
0.3530000 5.1453924
0.3540000 -22.0430775
0.3550000 9.4928713
0.3560000 17.9240990
0.3570000 51.2501755
0.3580000 52.4006882
0.3590000 54.4272194
0.3600000 40.5005188
0.3610000 -20.7359695
0.3620000 -44.9084396
0.3630000 35.8174896
0.3640000 -33.3543930
0.3650000 45.6209221
0.3660000 2.0498278
0.3670000 -12.2715044
0.3680000 34.8656921
0.3690000 4.0111766
0.3700000 -56.1224747
0.3710000 52.5097275
0.3720000 -4.6979113
0.3730000 58.1334114
0.3740000 -33.2977257
0.3750000 -34.8899574
0.3760000 -18.6201668
0.3770000 -13.8502665
0.3780000 -15.2486706
0.3790000 9.5372753
0.3800000 -35.5731277
0.3810000 -66.2749863
0.3820000 16.3600063
0.3830000 35.7327690
0.3840000 -55.7715302
0.3850000 25.5538216
0.3860000 -13.1993237
0.3870000 -29.4712181
0.3880000 -8.3375168
0.3890000 -67.6312866
0.3900000 69.6636353
0.3910000 -26.4260998
0.3920000 34.6608391
0.3930000 7.3271585
0.3940000 -39.8711891
0.3950000 86.1156616
0.3960000 9.0030565
0.3970000 19.5878544
0.3980000 -14.0591288
0.3990000 29.6506329
0.4000000 -1.5347540
0.4010000 7.3261485
0.4020000 39.6190758
0.4030000 -18.2084675
0.4040000 21.0493393
0.4050000 -47.6042519
0.4060000 25.8939152
0.4070000 15.1732349
0.4080000 -5.1473503
0.4090000 27.2755146
0.4100000 -50.8653603
0.4110000 24.5517941
0.4120000 -40.9447136
0.4130000 16.3949528
0.4140000 -7.0943875
0.4150000 24.3537083
0.4160000 -36.6630211
0.4170000 20.8643608
0.4180000 41.8988113
0.4190000 -30.5523453
0.4200000 -75.2925568
0.4210000 23.1218109
0.4220000 11.3074732
0.4230000 -18.8384457
0.4240000 55.9230423
0.4250000 18.6311111
0.4260000 -61.3071671
0.4270000 -74.9785614
0.4280000 -49.5133133
0.4290000 -12.4222565
0.4300000 -17.3446674
0.4310000 -3.7412250
0.4320000 68.9133682
0.4330000 -8.2017117
0.4340000 -30.8326607
0.4350000 -35.2972717
0.4360000 32.4638329
0.4370000 -48.2539291
0.4380000 -37.4886055
0.4390000 59.2199898
0.4400000 -41.8788681
0.4410000 -21.1062698
0.4420000 -0.1120123
0.4430000 -19.6012287
0.4440000 -62.5628929
0.4450000 1.6548443
0.4460000 21.4198647
0.4470000 -55.2326965
0.4480000 36.7272606
0.4490000 -4.8290949
0.4500000 53.5028763
0.4510000 36.6791344
0.4520000 9.8401127
0.4530000 -70.2033463
0.4540000 -38.6076660
0.4550000 48.6562271
0.4560000 -15.9363852
0.4570000 77.1432266
0.4580000 -16.7791157
0.4590000 -104.4909134
0.4600000 53.4426460
0.4610000 -62.5339699
0.4620000 75.7572403
0.4630000 28.8964119
0.4640000 -30.8759403
0.4650000 -51.4007416
0.4660000 7.2385674
0.4670000 43.9278374
0.4680000 10.4388895
0.4690000 -26.1688347
0.4700000 -2.1788046
0.4710000 1.3212081
0.4720000 -14.2728176
0.4730000 24.5111828
0.4740000 -59.4429703
0.4750000 14.0568562
0.4760000 -27.6229782
0.4770000 31.9298763
0.4780000 11.1744041
0.4790000 18.9712372
0.4800000 16.1308670
0.4810000 -74.4811707
0.4820000 -11.7736635
0.4830000 14.2326670
0.4840000 -4.2922273
0.4850000 -12.2614918
0.4860000 -46.4566269
0.4870000 -38.1254044
0.4880000 -3.2212527
0.4890000 0.8174966
0.4900000 -36.6696472
0.4910000 15.1844797
0.4920000 8.4374123
0.4930000 -18.3800068
0.4940000 -23.1362629
0.4950000 55.9815636
0.4960000 28.8791084
0.4970000 22.6541309
0.4980000 40.5800171
0.4990000 -35.5787354
0.5000000 10.9041262
0.5010000 -34.3883591
0.5020000 54.9422340
0.5030000 31.5708790
0.5040000 31.5966721
0.5050000 -22.3555222
0.5060000 10.5736866
0.5070000 -25.4982243
0.5080000 -45.7065277
0.5090000 64.2290955
0.5100000 43.2847061
0.5110000 -62.9964104
0.5120000 47.8582420
0.5130000 3.8397880
0.5140000 -15.3570986
0.5150000 16.1292343
0.5160000 33.7756462
0.5170000 -46.0460548
0.5180000 9.1652803
0.5190000 8.9316053
0.5200000 -1.7138246
0.5210000 -26.8724613
0.5220000 -26.2561169
0.5230000 -2.3733530
0.5240000 -63.9542923
0.5250000 -15.0115194
0.5260000 9.2309961
0.5270000 21.1718349
0.5280000 25.6113644
0.5290000 7.2730565
0.5300000 -15.1643276
0.5310000 2.0559256
0.5320000 -7.9096136
0.5330000 50.6732407
0.5340000 -0.3305337
0.5350000 6.6998973
0.5360000 65.4604340
0.5370000 -10.4220572
0.5380000 -27.0533638
0.5390000 -14.8359537
0.5400000 3.1792545
0.5410000 -51.5321159
0.5420000 -29.1281395
0.5430000 -13.0485363
0.5440000 -14.3646698
0.5450000 8.3853779
0.5460000 -6.5423818
0.5470000 0.2577461
0.5480000 -30.6369514
0.5490000 -22.8205223
0.5500000 -31.1081104
0.5510000 27.8509502
0.5520000 -3.6488738
0.5530000 6.6969924
0.5540000 -34.1894646
0.5550000 38.7067833
0.5560000 43.0570488
0.5570000 -51.9613724
0.5580000 -0.9875567
0.5590000 -6.9690266
0.5600000 -18.2297611
0.5610000 -19.4763470
0.5620000 -62.4297562
0.5630000 -64.0903244
0.5640000 17.9692879
0.5650000 23.4096737
0.5660000 -55.4562721
0.5670000 -30.6587238
0.5680000 23.1299706
0.5690000 32.5914497
0.5700000 -0.6614592
0.5710000 -11.3239470
0.5720000 10.5040350
0.5730000 -5.4105530
0.5740000 0.6281273
0.5750000 21.0431061
0.5760000 32.0994339
0.5770000 46.4893074
0.5780000 9.4342098
0.5790000 42.6837158
0.5800000 26.0372257
0.5810000 -23.9384785
0.5820000 -33.8034210
0.5830000 37.3566856
0.5840000 47.5610733
0.5850000 -28.3858871
0.5860000 16.5897865
0.5870000 82.4233017
0.5880000 27.4396858
0.5890000 68.6435928
0.5900000 2.8992727
0.5910000 -62.3876381
0.5920000 -10.3399849
0.5930000 -34.6264839
0.5940000 7.7837934
0.5950000 51.5664940
0.5960000 -41.9540749
0.5970000 24.0328465
0.5980000 -8.3592548
0.5990000 -6.2786283
0.6000000 -12.6024809
0.6010000 -1.0054605
0.6020000 1.7987626
0.6030000 -26.8768749
0.6040000 -11.6974449
0.6050000 -4.1447291
0.6060000 -10.0923424
0.6070000 22.5292492
0.6080000 14.0114594
0.6090000 38.9658089
0.6100000 -4.7472234
0.6110000 -14.6131449
0.6120000 -52.3332558
0.6130000 -38.9342003
0.6140000 -4.9847622
0.6150000 13.6232347
0.6160000 -20.7813511
0.6170000 47.1321182
0.6180000 -41.1042252
0.6190000 -12.7769136
0.6200000 43.9496956
0.6210000 5.6494274
0.6220000 33.0446014
0.6230000 17.5866451
0.6240000 -53.6622505
0.6250000 65.5238419
0.6260000 62.6809387
0.6270000 -40.6894264
0.6280000 31.8545685
0.6290000 -55.2173653
0.6300000 -5.3502679
0.6310000 1.7094834
0.6320000 57.5288544
0.6330000 -17.7323055
0.6340000 29.8053169
0.6350000 -18.7604275
0.6360000 -29.2406635
0.6370000 -12.7144670
0.6380000 18.7465534
0.6390000 -63.0491829
0.6400000 31.0358582
0.6410000 -51.8192024
0.6420000 -4.4254360
0.6430000 -26.0699730
0.6440000 31.2867661
0.6450000 2.3520458
0.6460000 46.6364861
0.6470000 89.3906937
0.6480000 17.5541801
0.6490000 37.1958733
0.6500000 -110.8202515
0.6510000 -4.4282589
0.6520000 6.5204477
0.6530000 54.3993759
0.6540000 36.1264420
0.6550000 16.1014862
0.6560000 3.6301806
0.6570000 45.5911560
0.6580000 16.8250999
0.6590000 -46.1563873
0.6600000 -6.0620828
0.6610000 12.0662479
0.6620000 -16.5732975
0.6630000 -8.1884460
0.6640000 -21.8223305
0.6650000 2.9104049
0.6660000 -25.1220551
0.6670000 -15.4005508
0.6680000 -37.7097359
0.6690000 -26.8127422
0.6700000 -16.3926697
0.6710000 -20.3317642
0.6720000 23.2470360
0.6730000 -4.0289936
0.6740000 38.5074768
0.6750000 7.8310757
0.6760000 5.5875912
0.6770000 -4.5293937
0.6780000 46.0642090
0.6790000 -9.0386524
0.6800000 -38.1791954
0.6810000 48.1817589
0.6820000 40.8401413
0.6830000 64.2856216
0.6840000 30.2660599
0.6850000 -23.9478264
0.6860000 3.5149767
0.6870000 -20.1207523
0.6880000 -52.7079811
0.6890000 32.9421501
0.6900000 -22.6495399
0.6910000 9.3235645
0.6920000 25.5411186
0.6930000 -11.7600813
0.6940000 -3.8865185
0.6950000 1.4968922
0.6960000 -16.2120590
0.6970000 20.8654213
0.6980000 18.7874813
0.6990000 32.9544868
0.7000000 -50.3286209
0.7010000 18.7213383
0.7020000 -67.6429901
0.7030000 -12.7613926
0.7040000 10.4102688
0.7050000 -26.3476295
0.7060000 -36.0619240
0.7070000 -38.2827530
0.7080000 -49.0538216
0.7090000 -34.0542030
0.7100000 -13.2444611
0.7110000 13.1108341
0.7120000 52.1408920
0.7130000 -21.4490719
0.7140000 67.7436981
0.7150000 9.9349689
0.7160000 23.1480923
0.7170000 4.0782065
0.7180000 24.3710670
0.7190000 17.8987923
0.7200000 43.3954201
0.7210000 3.7967370
0.7220000 38.5968323
0.7230000 -21.3781242
0.7240000 0.3965677
0.7250000 2.5148125
0.7260000 27.7273693
0.7270000 -4.6940446
0.7280000 -32.0283585
0.7290000 -66.1519470
0.7300000 38.9266434
0.7310000 4.2878952
0.7320000 -5.3167977
0.7330000 -2.0171354
0.7340000 -3.0681705
0.7350000 44.9104691
0.7360000 0.5995940
0.7370000 -43.9740219
0.7380000 7.6296782
0.7390000 -13.2013998
0.7400000 -39.5996208
0.7410000 -25.3473244
0.7420000 22.8486233
0.7430000 -26.2385902
0.7440000 11.7981033
0.7450000 37.4963570
0.7460000 -2.3046598
0.7470000 8.5761318
0.7480000 -95.8973312
0.7490000 -31.4604549
0.7500000 90.6151657
0.7510000 -38.5724640
0.7520000 -13.3276939
0.7530000 -29.7920876
0.7540000 17.2460365
0.7550000 66.1220779
0.7560000 4.5202265
0.7570000 18.8723774
0.7580000 -66.4068527
0.7590000 0.0093234
0.7600000 -140.4469452
0.7610000 -46.8805161
0.7620000 -23.9410496
0.7630000 -72.0521088
0.7640000 30.4990997
0.7650000 11.5134840
0.7660000 35.6281281
0.7670000 -48.5578041
0.7680000 5.1026974
0.7690000 30.9422855
0.7700000 -32.8319016
0.7710000 37.2373505
0.7720000 8.4406996
0.7730000 0.0285240
0.7740000 -8.3281450
0.7750000 19.8935833
0.7760000 -60.1618958
0.7770000 37.5625076
0.7780000 6.5119481
0.7790000 -54.6130791
0.7800000 -0.9718005
0.7810000 -26.3554745
0.7820000 -19.5227547
0.7830000 30.4757977
0.7840000 -7.2048411
0.7850000 51.0478554
0.7860000 -29.5099239
0.7870000 46.5466385
0.7880000 32.6410751
0.7890000 9.8125477
0.7900000 0.9757758
0.7910000 5.3280144
0.7920000 16.4170876
0.7930000 18.2768307
0.7940000 -43.8219109
0.7950000 25.7198868
0.7960000 -38.3979607
0.7970000 -22.7598095
0.7980000 44.2363396
0.7990000 -51.0462646
0.8000000 -29.8956509
0.8010000 27.3988628
0.8020000 10.4992056
0.8030000 5.2564282
0.8040000 -2.2613745
0.8050000 2.2416227
0.8060000 -61.8048553
0.8070000 -2.3878622
0.8080000 -19.7947044
0.8090000 30.0032158
0.8100000 23.6402016
0.8110000 37.8112679
0.8120000 -1.7187011
0.8130000 83.1630707
0.8140000 -13.9055672
0.8150000 43.3083038
0.8160000 -25.6116695
0.8170000 61.7361984
0.8180000 -12.1398001
0.8190000 -103.7462006
0.8200000 -9.3865786
0.8210000 -21.5608139
0.8220000 5.7423167
0.8230000 50.7957268
0.8240000 23.4451065
0.8250000 -6.7698703
0.8260000 -54.2175980
0.8270000 -13.5688972
0.8280000 -44.7637749
0.8290000 15.8270350
0.8300000 13.1016121
0.8310000 -31.7551708
0.8320000 -0.1998369
0.8330000 -17.5486069
0.8340000 5.5614076
0.8350000 0.6024973
0.8360000 10.4734097
0.8370000 -20.4859047
0.8380000 10.7022581
0.8390000 -5.2724147
0.8400000 4.8261099
0.8410000 51.6570816
0.8420000 -57.6376228
0.8430000 20.3093777
0.8440000 -34.2385635
0.8450000 -11.8981752
0.8460000 36.8745766
0.8470000 13.6230106
0.8480000 -25.7469254
0.8490000 -52.2916145
0.8500000 -9.8102608
0.8510000 -20.6376305
0.8520000 7.3476477
0.8530000 -51.9314690
0.8540000 27.7231045
0.8550000 53.7930336
0.8560000 70.5358124
0.8570000 10.8638649
0.8580000 -2.8380876
0.8590000 56.9190178
0.8600000 -13.6231098
0.8610000 1.7700578
0.8620000 50.2901421
0.8630000 28.0033855
0.8640000 -29.5247250
0.8650000 16.4253769
0.8660000 -31.4788456
0.8670000 0.8816865
0.8680000 -30.3759899
0.8690000 -15.5858107
0.8700000 24.3366108
0.8710000 2.9591134
0.8720000 50.1129379
0.8730000 8.4591379
0.8740000 -39.9997978
0.8750000 -41.8285828
0.8760000 -11.4213276
0.8770000 -42.2081757
0.8780000 -14.0294046
0.8790000 38.0168953
0.8800000 11.5491819
0.8810000 -11.3870697
0.8820000 23.5519810
0.8830000 15.0766144
0.8840000 -8.2695379
0.8850000 -24.7515602
0.8860000 -33.3074188
0.8870000 22.0657787
0.8880000 38.0947914
0.8890000 40.2510071
0.8900000 -35.8560066
0.8910000 22.5222588
0.8920000 43.8288498
0.8930000 -38.5700073
0.8940000 -29.9142246
0.8950000 14.6392612
0.8960000 8.5271053
0.8970000 47.3757019
0.8980000 -35.7329788
0.8990000 -30.8769073
0.9000000 56.1884537
0.9010000 27.3205509
0.9020000 -5.1679749
0.9030000 -7.7657089
0.9040000 -11.9200544
0.9050000 30.6806812
0.9060000 17.2448959
0.9070000 -58.1984940
0.9080000 32.4838638
0.9090000 -48.0853119
0.9100000 38.1865540
0.9110000 22.1497421
0.9120000 -51.5728188
0.9130000 -40.2545929
0.9140000 3.9869440
0.9150000 3.9747787
0.9160000 -22.9701214
0.9170000 -0.0160337
0.9180000 71.1731873
0.9190000 -32.5418434
0.9200000 40.6531067
0.9210000 5.2804871
0.9220000 -55.6899681
0.9230000 25.5116539
0.9240000 31.4914684
0.9250000 -57.4060898
0.9260000 5.8528800
0.9270000 26.0517349
0.9280000 11.4811859
0.9290000 -56.0608711
0.9300000 18.1761589
0.9310000 1.2767992
0.9320000 17.7580509
0.9330000 23.7772560
0.9340000 -26.9990406
0.9350000 3.7415714
0.9360000 8.1067591
0.9370000 17.3703213
0.9380000 6.6475353
0.9390000 -15.4252272
0.9400000 18.9190731
0.9410000 31.2835102
0.9420000 -33.1285362
0.9430000 15.9129066
0.9440000 -74.3603973
0.9450000 -33.4742928
0.9460000 -44.1945763
0.9470000 -21.6250439
0.9480000 10.4960299
0.9490000 -11.3802309
0.9500000 15.9132109
0.9510000 41.3740273
0.9520000 31.7906933
0.9530000 -48.9665070
0.9540000 31.7801723
0.9550000 -13.7243042
0.9560000 -48.5398636
0.9570000 -12.6778049
0.9580000 -12.1467438
0.9590000 -16.8775120
0.9600000 16.2561893
0.9610000 2.7700086
0.9620000 66.7578430
0.9630000 19.5984802
0.9640000 -26.0836506
0.9650000 -61.1078415
0.9660000 35.5690041
0.9670000 -19.5216751
0.9680000 41.3056259
0.9690000 20.8781281
0.9700000 0.2268077
0.9710000 -28.8640556
0.9720000 6.5803499
0.9730000 7.5938148
0.9740000 -15.9661093
0.9750000 21.2164917
0.9760000 -40.6327477
0.9770000 16.0551910
0.9780000 14.1483011
0.9790000 40.2582436
0.9800000 22.6952534
0.9810000 73.2797699
0.9820000 35.6558151
0.9830000 46.3009872
0.9840000 -35.6052704
0.9850000 -8.4194040
0.9860000 16.2378769
0.9870000 29.9772263
0.9880000 -14.3463030
0.9890000 15.4027805
0.9900000 -19.2817535
0.9910000 -9.3124819
0.9920000 55.8046188
0.9930000 -64.6521454
0.9940000 -15.1312876
0.9950000 -28.3114967
0.9960000 24.8900566
0.9970000 -26.0615120
0.9980000 -14.4552917
0.9990000 10.6819744
