0.0000000 -0.3190650
0.0010000 42.3208389
0.0020000 1.0656184
0.0030000 50.9654617
0.0040000 11.1795797
0.0050000 36.4864731
0.0060000 -23.4345341
0.0070000 -9.3793879
0.0080000 -32.0015717
0.0090000 -21.8615608
0.0100000 26.5507641
0.0110000 -9.3238745
0.0120000 -14.6514711
0.0130000 1.8450407
0.0140000 -26.6915894
0.0150000 28.1949806
0.0160000 15.5199080
0.0170000 -34.1718178
0.0180000 11.6822395
0.0190000 30.2145042
0.0200000 -13.4665451
0.0210000 -32.3702545
0.0220000 45.3274002
0.0230000 20.4909992
0.0240000 37.1796684
0.0250000 -46.0574951
0.0260000 57.9845886
0.0270000 28.4660339
0.0280000 4.6465693
0.0290000 42.0294075
0.0300000 24.3418274
0.0310000 -39.5920715
0.0320000 -48.8226852
0.0330000 -26.6895123
0.0340000 -34.3322258
0.0350000 13.0514317
0.0360000 -50.7850380
0.0370000 9.5588388
0.0380000 -14.9449921
0.0390000 -18.1087189
0.0400000 71.1224899
0.0410000 -14.9874382
0.0420000 30.8123283
0.0430000 -7.3332968
0.0440000 9.6467886
0.0450000 17.8120251
0.0460000 -32.7191124
0.0470000 -51.6824150
0.0480000 22.8824844
0.0490000 18.4763947
0.0500000 -38.5798531
0.0510000 -22.0695229
0.0520000 79.3862152
0.0530000 -32.9418640
0.0540000 42.5194855
0.0550000 -71.9132462
0.0560000 -37.9117355
0.0570000 35.3283348
0.0580000 -7.1560879
0.0590000 24.4056091
0.0600000 52.4766273
0.0610000 30.7442055
0.0620000 14.4014235
0.0630000 -14.1266718
0.0640000 14.3381824
0.0650000 -5.3264637
0.0660000 -14.2582808
0.0670000 -29.2687206
0.0680000 -64.8009338
0.0690000 34.7073746
0.0700000 5.3539381
0.0710000 54.6819954
0.0720000 -14.5846500
0.0730000 -27.7596035
0.0740000 -17.1916313
0.0750000 88.8859863
0.0760000 -2.9213092
0.0770000 16.8038292
0.0780000 -12.5139914
0.0790000 -1.6725968
0.0800000 -20.1287842
0.0810000 -21.9943657
0.0820000 -16.9922295
0.0830000 30.2657528
0.0840000 -49.1411934
0.0850000 -25.6506863
0.0860000 -76.3854828
0.0870000 65.5131760
0.0880000 -34.4587517
0.0890000 17.3458042
0.0900000 -36.7375031
0.0910000 -36.2843513
0.0920000 -49.8782692
0.0930000 20.4371586
0.0940000 45.4781723
0.0950000 -1.4885194
0.0960000 42.1801071
0.0970000 -11.7110643
0.0980000 -65.5103073
0.0990000 5.5772648
0.1000000 17.7795410
0.1010000 25.7249203
0.1020000 -5.8852954
0.1030000 -35.7157364
0.1040000 -15.5834036
0.1050000 7.1316633
0.1060000 -43.9804420
0.1070000 80.6604462
0.1080000 -17.7665806
0.1090000 29.4084377
0.1100000 59.0617065
0.1110000 -21.6967373
0.1120000 21.3860874
0.1130000 11.2665377
0.1140000 -45.4899445
0.1150000 16.9680958
0.1160000 34.3647079
0.1170000 -2.0209038
0.1180000 -10.1351290
0.1190000 26.8124504
0.1200000 8.4736776
0.1210000 -25.1145515
0.1220000 -13.6526318
0.1230000 -21.8595963
0.1240000 -52.1551247
0.1250000 36.5944977
0.1260000 14.3955278
0.1270000 4.3057966
0.1280000 -36.9329338
0.1290000 39.9416084
0.1300000 1.3718585
0.1310000 -17.9769688
0.1320000 89.3133926
0.1330000 -52.4451180
0.1340000 -29.7451096
0.1350000 -36.3969688
0.1360000 -65.1792755
0.1370000 31.2492943
0.1380000 -26.6175041
0.1390000 -20.3580284
0.1400000 -64.9976883
0.1410000 16.5771351
0.1420000 5.7646961
0.1430000 -38.9047127
0.1440000 -31.1053600
0.1450000 89.9523087
0.1460000 76.0241089
0.1470000 -67.5072784
0.1480000 7.2243619
0.1490000 42.8842049
0.1500000 -53.0883293
0.1510000 -51.2777634
0.1520000 -12.0106564
0.1530000 29.9219131
0.1540000 28.5757313
0.1550000 2.2118518
0.1560000 17.3494301
0.1570000 1.8462406
0.1580000 -34.7586937
0.1590000 -21.9331875
0.1600000 -22.6253834
0.1610000 -43.5969086
0.1620000 46.7001534
0.1630000 -15.0086565
0.1640000 -16.4809113
0.1650000 -31.8494225
0.1660000 31.7316608
0.1670000 72.0319519
0.1680000 -17.9389706
0.1690000 -35.5087624
0.1700000 5.6184864
0.1710000 9.9326458
0.1720000 -34.7396431
0.1730000 29.9542942
0.1740000 74.5337448
0.1750000 16.3655090
0.1760000 45.4945793
0.1770000 31.9401360
0.1780000 -43.4461823
0.1790000 -3.8965118
0.1800000 -20.4806652
0.1810000 -60.2236710
0.1820000 -17.5116253
0.1830000 -13.1722383
0.1840000 39.8084030
0.1850000 -5.5870514
0.1860000 -11.3513079
0.1870000 80.4769974
0.1880000 -32.1600723
0.1890000 40.1785202
0.1900000 -5.6205139
0.1910000 51.9040680
0.1920000 -27.8711224
0.1930000 34.1182175
0.1940000 -20.4394741
0.1950000 21.0784359
0.1960000 6.9686031
0.1970000 -12.9459667
0.1980000 19.5457382
0.1990000 -6.9550624
0.2000000 21.3130188
0.2010000 62.6706123
0.2020000 -27.8067036
0.2030000 -35.1896172
0.2040000 -40.6141739
0.2050000 -9.4450264
0.2060000 -0.3189870
0.2070000 31.5136108
0.2080000 -37.0248260
0.2090000 32.6301880
0.2100000 -6.1092033
0.2110000 34.2238922
0.2120000 5.8295836
0.2130000 -43.6840630
0.2140000 -23.0986328
0.2150000 -65.2766037
0.2160000 14.5478678
0.2170000 40.4937210
0.2180000 -15.2885809
0.2190000 -22.1663876
0.2200000 24.3513203
0.2210000 1.1202384
0.2220000 49.2877731
0.2230000 -16.2349472
0.2240000 -14.1006784
0.2250000 21.7090511
0.2260000 6.3941345
0.2270000 -20.4764538
0.2280000 -24.7520084
0.2290000 50.1351852
0.2300000 13.2244873
0.2310000 17.0398064
0.2320000 30.9356194
0.2330000 -53.0943832
0.2340000 2.6043754
0.2350000 -41.1720695
0.2360000 -5.2880683
0.2370000 -7.0164332
0.2380000 8.7353907
0.2390000 -16.3051338
0.2400000 -50.5510750
0.2410000 13.3907833
0.2420000 54.2287254
0.2430000 -40.7172356
0.2440000 43.9792404
0.2450000 -16.0439491
0.2460000 -4.2129087
0.2470000 33.4935074
0.2480000 -2.8139682
0.2490000 16.4517956
0.2500000 52.0304985
0.2510000 -26.8374252
0.2520000 37.2950058
0.2530000 33.8077965
0.2540000 31.1233597
0.2550000 10.1032305
0.2560000 1.6975645
0.2570000 22.4848900
0.2580000 -19.3814526
0.2590000 -15.4840574
0.2600000 -38.4395256
0.2610000 -40.1884155
0.2620000 -37.7676430
0.2630000 -33.7602882
0.2640000 -25.8872528
0.2650000 18.3109264
0.2660000 19.6137009
0.2670000 23.9772320
0.2680000 25.5246201
0.2690000 27.4797459
0.2700000 14.5598154
0.2710000 -20.5221424
0.2720000 13.3138914
0.2730000 -62.0828590
0.2740000 -9.1196251
0.2750000 27.2301979
0.2760000 27.1598320
0.2770000 -17.0934830
0.2780000 15.3537302
0.2790000 9.7891283
0.2800000 28.0167618
0.2810000 7.1898823
0.2820000 50.3257408
0.2830000 -79.5640945
0.2840000 -2.8284435
0.2850000 -26.5980110
0.2860000 82.3558350
0.2870000 -54.5846291
0.2880000 -14.3762197
0.2890000 8.2108488
0.2900000 59.7287254
0.2910000 -38.8277435
0.2920000 67.4104080
0.2930000 81.0373077
0.2940000 -21.7900581
0.2950000 11.1479540
0.2960000 -47.2148628
0.2970000 -10.4972582
0.2980000 5.0502467
0.2990000 24.3074818
0.3000000 82.1039963
0.3010000 -57.6910019
0.3020000 -39.4848366
0.3030000 80.4004593
0.3040000 49.2155609
0.3050000 -85.8852692
0.3060000 -24.5238914
0.3070000 19.6645298
0.3080000 -37.0638885
0.3090000 29.5049095
0.3100000 -0.2672943
0.3110000 -4.4635620
0.3120000 9.2056341
0.3130000 -0.2813777
0.3140000 -13.9301767
0.3150000 -62.7111626
0.3160000 13.4637280
0.3170000 -49.9937515
0.3180000 4.0965428
0.3190000 -20.3261700
0.3200000 1.7359401
0.3210000 -18.8299522
0.3220000 -45.1124458
0.3230000 -5.5388055
0.3240000 -22.6517086
0.3250000 -35.4907150
0.3260000 -6.8667860
0.3270000 -26.1637611
0.3280000 104.3446198
0.3290000 38.1933517
0.3300000 -68.9114380
0.3310000 2.8053796
0.3320000 -32.2913551
0.3330000 -60.0845451
0.3340000 -5.4156933
0.3350000 25.5849056
0.3360000 -17.2985611
0.3370000 -44.3892517
0.3380000 -43.9989548
0.3390000 -1.7158102
0.3400000 -3.2513838
0.3410000 -7.0724616
0.3420000 66.1010513
0.3430000 -0.0369473
0.3440000 58.8920593
0.3450000 -13.8125401
0.3460000 1.7452620
0.3470000 -7.8681474
0.3480000 -20.7142353
0.3490000 13.0006323
0.3500000 37.3449478
0.3510000 -32.1707993
0.3520000 13.0614338
0.3530000 11.8455000
0.3540000 2.1283360
0.3550000 -25.9385891
0.3560000 -23.7733784
0.3570000 -24.6611977
0.3580000 22.6023483
0.3590000 43.6209679
0.3600000 44.0024338
0.3610000 -45.7655411
0.3620000 -66.5096817
0.3630000 -12.3910999
0.3640000 -13.4495926
0.3650000 -5.0598416
0.3660000 0.1060212
0.3670000 15.0620947
0.3680000 -18.7815323
0.3690000 7.0167603
0.3700000 4.5420399
0.3710000 -18.6852493
0.3720000 23.7039413
0.3730000 38.4446716
0.3740000 74.4865189
0.3750000 -58.9501839
0.3760000 -4.6170592
0.3770000 32.2799911
0.3780000 -57.1699867
0.3790000 1.8872496
0.3800000 11.6426468
0.3810000 49.1515579
0.3820000 -13.4129381
0.3830000 19.3473244
0.3840000 55.4791107
0.3850000 -19.3013706
0.3860000 7.6586547
0.3870000 40.6019783
0.3880000 -8.0300484
0.3890000 16.0627537
0.3900000 -39.8582649
0.3910000 -7.4143705
0.3920000 -46.4861755
0.3930000 51.8582535
0.3940000 29.1072731
0.3950000 3.0688505
0.3960000 -21.9231987
0.3970000 -33.8284454
0.3980000 32.5523758
0.3990000 47.5949745
0.4000000 33.2171936
0.4010000 -27.5785427
0.4020000 -46.1354294
0.4030000 -33.8809700
0.4040000 -30.8659000
0.4050000 44.3679008
0.4060000 12.4719048
0.4070000 -28.4244003
0.4080000 -27.4966965
0.4090000 2.8067081
0.4100000 -21.0857239
0.4110000 21.3877926
0.4120000 -34.5986252
0.4130000 37.0201035
0.4140000 -12.9410324
0.4150000 -34.2194901
0.4160000 83.7710571
0.4170000 -65.8970566
0.4180000 -63.3948479
0.4190000 -3.5667050
0.4200000 -20.6129684
0.4210000 80.2707291
0.4220000 -28.5854492
0.4230000 3.7505248
0.4240000 -7.3196859
0.4250000 -48.8645020
0.4260000 15.2316256
0.4270000 -38.1284981
0.4280000 -35.3735352
0.4290000 38.5162544
0.4300000 34.1177444
0.4310000 15.9679947
0.4320000 -33.0602379
0.4330000 -36.7589722
0.4340000 -57.5078888
0.4350000 -51.0553131
0.4360000 60.8457451
0.4370000 51.3196640
0.4380000 12.6034117
0.4390000 -12.6980915
0.4400000 -2.8440983
0.4410000 -14.7210627
0.4420000 -4.7285247
0.4430000 -13.5029049
0.4440000 15.6315031
0.4450000 6.8254580
0.4460000 -57.0485573
0.4470000 32.4218178
0.4480000 -5.5157547
0.4490000 -52.0120850
0.4500000 50.2043076
0.4510000 1.8363105
0.4520000 -19.0151253
0.4530000 4.2936354
0.4540000 -30.0822468
0.4550000 -36.8386917
0.4560000 -19.7867451
0.4570000 0.2710142
0.4580000 -21.9297314
0.4590000 8.9812880
0.4600000 53.0989113
0.4610000 -56.0373039
0.4620000 13.8895712
0.4630000 -44.6642227
0.4640000 -18.3239269
0.4650000 -13.2108612
0.4660000 -48.3162880
0.4670000 -14.6993284
0.4680000 5.7336197
0.4690000 -31.7587337
0.4700000 -45.9079170
0.4710000 18.3686008
0.4720000 9.7801676
0.4730000 -62.8268814
0.4740000 -12.2326860
0.4750000 -15.9487486
0.4760000 -2.3681996
0.4770000 -34.4837341
0.4780000 17.6322403
0.4790000 4.7038965
0.4800000 22.4033089
0.4810000 13.4969358
0.4820000 94.5848312
0.4830000 1.7132044
0.4840000 -13.4292517
0.4850000 29.9637413
0.4860000 0.9908549
0.4870000 10.5226154
0.4880000 80.7285309
0.4890000 -39.2498474
0.4900000 -28.9802532
0.4910000 -48.2549858
0.4920000 3.3407538
0.4930000 -27.3273163
0.4940000 -36.8826790
0.4950000 -75.6148376
0.4960000 10.7437248
0.4970000 -19.7064285
0.4980000 -5.2767553
0.4990000 -16.4925137
0.5000000 47.1288109
0.5010000 -20.3327103
0.5020000 -2.5790124
0.5030000 -39.4897308
0.5040000 -71.3622437
0.5050000 29.8013706
0.5060000 20.4426250
0.5070000 -34.3410530
0.5080000 -21.0807133
0.5090000 36.3904839
0.5100000 -8.6964388
0.5110000 -35.7450294
0.5120000 -38.9935417
0.5130000 20.1119900
0.5140000 59.7397003
0.5150000 -61.6303139
0.5160000 17.8753719
0.5170000 -21.1477699
0.5180000 22.7176304
0.5190000 16.8048267
0.5200000 4.0047579
0.5210000 16.9452286
0.5220000 -17.0620728
0.5230000 -18.3010502
0.5240000 -62.9335594
0.5250000 9.8110504
0.5260000 48.5206451
0.5270000 -19.3778343
0.5280000 -16.2878590
0.5290000 -11.9255762
0.5300000 -55.3066483
0.5310000 3.5746481
0.5320000 59.0622826
0.5330000 -51.6576195
0.5340000 15.2988615
0.5350000 9.6524782
0.5360000 26.8876534
0.5370000 36.5517349
0.5380000 -16.8232555
0.5390000 17.5732079
0.5400000 -4.6894031
0.5410000 11.0216541
0.5420000 73.0009613
0.5430000 -40.5240784
0.5440000 -29.4695339
0.5450000 -23.5145531
0.5460000 -46.2733727
0.5470000 1.2039928
0.5480000 4.7026696
0.5490000 -62.1229973
0.5500000 12.1568871
0.5510000 1.6541409
0.5520000 -62.7192955
0.5530000 -28.0596848
0.5540000 12.9974222
0.5550000 -76.5413132
0.5560000 62.1105576
0.5570000 9.2909842
0.5580000 17.9817142
0.5590000 -21.5370827
0.5600000 54.0325813
0.5610000 -2.6988435
0.5620000 25.1394958
0.5630000 -2.8414137
0.5640000 0.5080728
0.5650000 -75.5301514
0.5660000 34.8897629
0.5670000 -34.3134956
0.5680000 11.2444687
0.5690000 3.9763052
0.5700000 -6.7898235
0.5710000 26.1376419
0.5720000 -90.5267410
0.5730000 49.8003731
0.5740000 -8.9756565
0.5750000 -19.4138298
0.5760000 33.5135078
0.5770000 -85.0428619
0.5780000 47.5116081
0.5790000 -2.5122716
0.5800000 2.6386614
0.5810000 13.3749008
0.5820000 27.9612980
0.5830000 21.4369431
0.5840000 10.7405043
0.5850000 -76.3143463
0.5860000 -32.6646652
0.5870000 43.0709610
0.5880000 -9.7999516
0.5890000 -28.5286446
0.5900000 -68.0907822
0.5910000 -18.4892025
0.5920000 24.2515602
0.5930000 -17.0073643
0.5940000 -15.8981609
0.5950000 27.3598289
0.5960000 7.1926403
0.5970000 -26.3482723
0.5980000 -22.6782188
0.5990000 -13.1406183
0.6000000 -35.2976494
0.6010000 42.0747108
0.6020000 40.7424698
0.6030000 -89.4163742
0.6040000 -67.7799072
0.6050000 23.2986450
0.6060000 -35.9880867
0.6070000 -2.2956333
0.6080000 -5.9586582
0.6090000 -64.9491730
0.6100000 -17.9166164
0.6110000 -5.1718302
0.6120000 32.2517471
0.6130000 6.6843872
0.6140000 13.4288397
0.6150000 54.1132278
0.6160000 65.4117279
0.6170000 -9.8208790
0.6180000 38.2457962
0.6190000 51.2152252
0.6200000 24.4730988
0.6210000 -27.4402676
0.6220000 4.8677354
0.6230000 -47.0867386
0.6240000 -50.6535683
0.6250000 87.7242966
0.6260000 -30.9923992
0.6270000 18.9947701
0.6280000 46.7809715
0.6290000 2.4390047
0.6300000 -45.2108154
0.6310000 -31.0056629
0.6320000 -40.2124367
0.6330000 -2.0424423
0.6340000 15.5461016
0.6350000 -24.3531914
0.6360000 20.9553909
0.6370000 23.4119949
0.6380000 5.6042280
0.6390000 11.8804407
0.6400000 -82.2654114
0.6410000 87.1917038
0.6420000 -5.0191355
0.6430000 -27.4986839
0.6440000 65.1470947
0.6450000 5.8566642
0.6460000 20.8415070
0.6470000 10.9618120
0.6480000 -89.2672806
0.6490000 -33.8672180
0.6500000 41.0309944
0.6510000 -9.9449682
0.6520000 -11.2942886
0.6530000 38.7803688
0.6540000 -0.1651001
0.6550000 -12.0426035
0.6560000 -3.3575730
0.6570000 5.3506999
0.6580000 -34.0061417
0.6590000 -41.4298553
0.6600000 22.9047699
0.6610000 61.5233154
0.6620000 25.0880566
0.6630000 -47.5614700
0.6640000 17.8107548
0.6650000 23.0538673
0.6660000 -37.8669891
0.6670000 60.2303772
0.6680000 21.9592018
0.6690000 47.5442886
0.6700000 -14.8423805
0.6710000 32.4872551
0.6720000 48.8998146
0.6730000 12.9895077
0.6740000 -48.5383911
0.6750000 11.4174490
0.6760000 65.0297394
0.6770000 -6.6881061
0.6780000 4.7910290
0.6790000 -0.3824523
0.6800000 -0.4251142
0.6810000 40.6627464
0.6820000 -45.5611000
0.6830000 8.1555204
0.6840000 77.8753662
0.6850000 -11.4298611
0.6860000 -14.0240850
0.6870000 -27.7160416
0.6880000 -24.3639812
0.6890000 32.0127983
0.6900000 14.7813253
0.6910000 42.5382614
0.6920000 65.3612823
0.6930000 34.2804909
0.6940000 37.0132294
0.6950000 -18.9363079
0.6960000 -0.3126787
0.6970000 19.5756493
0.6980000 29.4020481
0.6990000 -7.9986796
0.7000000 -2.3098278
0.7010000 -3.1677864
0.7020000 -75.3929977
0.7030000 52.7986832
0.7040000 10.8050184
0.7050000 51.2913780
0.7060000 -57.6838760
0.7070000 29.2705860
0.7080000 -16.4861870
0.7090000 -48.1256142
0.7100000 18.3827496
0.7110000 -2.1476254
0.7120000 -0.4036716
0.7130000 -51.8546677
0.7140000 -16.9457550
0.7150000 23.5867672
0.7160000 -21.1991806
0.7170000 63.7059326
0.7180000 -33.8587227
0.7190000 37.2944717
0.7200000 40.1838455
0.7210000 49.6608391
0.7220000 76.3460159
0.7230000 -53.7450943
0.7240000 -31.4472046
0.7250000 -16.6081944
0.7260000 -41.5256767
0.7270000 6.9294000
0.7280000 -15.8642225
0.7290000 4.3134913
0.7300000 5.4534488
0.7310000 -16.5291786
0.7320000 -6.5866580
0.7330000 -13.3588562
0.7340000 12.5940151
0.7350000 -68.9087067
0.7360000 26.8409138
0.7370000 -14.5723906
0.7380000 -16.1004658
0.7390000 -32.4206085
0.7400000 38.8297386
0.7410000 -54.4212265
0.7420000 -69.6515732
0.7430000 13.3271837
0.7440000 29.2374458
0.7450000 42.4840775
0.7460000 -27.9901352
0.7470000 -10.6603422
0.7480000 16.9743996
0.7490000 -83.9512024
0.7500000 34.3846703
0.7510000 64.8497849
0.7520000 16.5575790
0.7530000 5.0362492
0.7540000 12.7212791
0.7550000 1.2526131
0.7560000 -36.2435417
0.7570000 24.9082489
0.7580000 69.4230118
0.7590000 -29.2359562
0.7600000 -64.2235260
0.7610000 -51.7265968
0.7620000 31.0069714
0.7630000 24.7243252
0.7640000 -41.7514954
0.7650000 24.6680050
0.7660000 -24.6708546
0.7670000 38.1711464
0.7680000 -9.4312515
0.7690000 29.9976311
0.7700000 48.0492783
0.7710000 -83.8042145
0.7720000 -37.8838158
0.7730000 18.5089836
0.7740000 2.6915243
0.7750000 98.9940948
0.7760000 -14.1396742
0.7770000 -22.6549549
0.7780000 -32.7351112
0.7790000 -46.1123810
0.7800000 -49.3679161
0.7810000 -39.3807716
0.7820000 -1.6182609
0.7830000 5.8976922
0.7840000 -43.1975708
0.7850000 -23.7603893
0.7860000 -18.7537136
0.7870000 -29.1939945
0.7880000 -1.7148744
0.7890000 -78.3849106
0.7900000 6.3414235
0.7910000 9.2271824
0.7920000 55.1740227
0.7930000 -12.9341240
0.7940000 66.5269012
0.7950000 9.9287825
0.7960000 -10.0125885
0.7970000 29.3120346
0.7980000 15.2093992
0.7990000 20.3005867
0.8000000 -86.8183975
0.8010000 -30.5472183
0.8020000 108.4597931
0.8030000 -34.7790413
0.8040000 7.9669933
0.8050000 41.2418633
0.8060000 -49.0063248
0.8070000 -16.0036526
0.8080000 9.8772097
0.8090000 -1.0552654
0.8100000 -39.4419861
0.8110000 10.0676756
0.8120000 40.2295418
0.8130000 49.7294579
0.8140000 -17.8399048
0.8150000 49.6780281
0.8160000 -19.8341351
0.8170000 -4.8357301
0.8180000 -19.3329811
0.8190000 54.8249435
0.8200000 -0.7765153
0.8210000 -1.2699341
0.8220000 -15.1064539
0.8230000 -29.4681301
0.8240000 -20.0808907
0.8250000 -6.9784389
0.8260000 12.4545097
0.8270000 46.6069221
0.8280000 70.4308243
0.8290000 15.2490683
0.8300000 -21.7708740
0.8310000 -41.2179909
0.8320000 -24.5605125
0.8330000 67.3021545
0.8340000 -14.4949322
0.8350000 -32.0819168
0.8360000 -64.4292221
0.8370000 -54.3888245
0.8380000 12.8097992
0.8390000 -5.9525700
0.8400000 75.8510971
0.8410000 10.0499306
0.8420000 19.7554436
0.8430000 1.0274061
0.8440000 8.1576672
0.8450000 4.2934184
0.8460000 28.2759438
0.8470000 24.5057163
0.8480000 -6.2944827
0.8490000 -35.8772507
0.8500000 57.7421875
0.8510000 -115.1601715
0.8520000 64.2431183
0.8530000 -4.2046041
0.8540000 15.5197906
0.8550000 -22.5226231
0.8560000 64.5958481
0.8570000 -77.1249695
0.8580000 77.2466125
0.8590000 -32.5781250
0.8600000 21.8318844
0.8610000 -13.7527647
0.8620000 -20.1493740
0.8630000 -14.4700146
0.8640000 0.0538408
0.8650000 24.4118099
0.8660000 -2.3909051
0.8670000 26.3316097
0.8680000 -1.1885610
0.8690000 4.8471489
0.8700000 -34.5337524
0.8710000 -13.8070374
0.8720000 22.1619854
0.8730000 47.6867142
0.8740000 10.3970985
0.8750000 -58.4460106
0.8760000 37.2390175
0.8770000 19.6457977
0.8780000 -2.1335821
0.8790000 86.1447678
0.8800000 -49.0427437
0.8810000 58.1094093
0.8820000 -32.7396126
0.8830000 -13.8044548
0.8840000 -43.4259415
0.8850000 -15.8368464
0.8860000 -23.6595631
0.8870000 14.8334856
0.8880000 -61.0551376
0.8890000 42.0648308
0.8900000 -10.9276247
0.8910000 -21.9170456
0.8920000 30.0692463
0.8930000 53.3460236
0.8940000 88.5348511
0.8950000 4.3669038
0.8960000 24.2077541
0.8970000 13.7528648
0.8980000 -33.8915253
0.8990000 -2.3842452
0.9000000 22.2356510
0.9010000 45.1484299
0.9020000 -5.0320363
0.9030000 -22.5867920
0.9040000 -40.3392181
0.9050000 -37.1740646
0.9060000 0.9471403
0.9070000 -3.8151364
0.9080000 31.5169926
0.9090000 -25.0987473
0.9100000 32.5265160
0.9110000 -23.5710239
0.9120000 15.3802662
0.9130000 -50.3141594
0.9140000 26.6387901
0.9150000 -43.2492180
0.9160000 -44.4978981
0.9170000 -47.5213699
0.9180000 -24.8351612
0.9190000 -53.4651604
0.9200000 -16.2513847
0.9210000 -45.6789017
0.9220000 -45.2004242
0.9230000 -26.8907585
0.9240000 25.3467903
0.9250000 2.1149898
0.9260000 46.2463493
0.9270000 12.2363348
0.9280000 -15.3983736
0.9290000 19.6593246
0.9300000 64.3617249
0.9310000 -35.6928062
0.9320000 20.9445038
0.9330000 17.9614468
0.9340000 38.0379181
0.9350000 13.6414404
0.9360000 -59.4684982
0.9370000 -11.4276180
0.9380000 -12.0745115
0.9390000 2.1276059
0.9400000 10.6195507
0.9410000 -11.5972061
0.9420000 47.1574059
0.9430000 -8.2800465
0.9440000 38.3059311
0.9450000 21.2713680
0.9460000 3.4636004
0.9470000 -23.7167377
0.9480000 33.6431198
0.9490000 0.5437264
0.9500000 26.8607311
0.9510000 -65.8209000
0.9520000 30.1889267
0.9530000 -12.0678453
0.9540000 -62.0061989
0.9550000 -39.9905739
0.9560000 -16.7657623
0.9570000 -43.3626137
0.9580000 58.7096977
0.9590000 -2.3287394
0.9600000 -22.8906345
0.9610000 -54.2264481
0.9620000 48.2994347
0.9630000 37.2630806
0.9640000 -15.6418552
0.9650000 -62.9595871
0.9660000 -22.0679989
0.9670000 -0.8989375
0.9680000 4.7104673
0.9690000 -27.7789745
0.9700000 -85.9332962
0.9710000 30.9426403
0.9720000 -9.2802477
0.9730000 3.5615790
0.9740000 44.9049721
0.9750000 10.5392799
0.9760000 -11.1823378
0.9770000 36.3813400
0.9780000 -5.2273035
0.9790000 -38.7129974
0.9800000 -41.6510239
0.9810000 -3.0177886
0.9820000 -23.8582649
0.9830000 8.4475298
0.9840000 -21.2346649
0.9850000 27.9929028
0.9860000 -12.8262672
0.9870000 34.2191162
0.9880000 28.0562801
0.9890000 38.3920670
0.9900000 11.1990843
0.9910000 3.5275168
0.9920000 -25.9291363
0.9930000 2.9275911
0.9940000 -19.2039719
0.9950000 12.6510239
0.9960000 21.4916191
0.9970000 -32.5563126
0.9980000 -37.4661751
0.9990000 -31.2423286
