0.0000000 9.0421104
0.0010000 56.9411430
0.0020000 -62.9736481
0.0030000 -61.7194214
0.0040000 55.1379700
0.0050000 -49.0454025
0.0060000 -28.3901520
0.0070000 -51.0385895
0.0080000 9.5047398
0.0090000 32.9563751
0.0100000 51.8672714
0.0110000 19.0801487
0.0120000 21.7826195
0.0130000 47.8466530
0.0140000 -4.7472968
0.0150000 2.3001163
0.0160000 8.3891449
0.0170000 18.8997307
0.0180000 -43.1765900
0.0190000 34.5682259
0.0200000 53.8496208
0.0210000 -14.2434158
0.0220000 -19.1466522
0.0230000 29.9816971
0.0240000 19.5936966
0.0250000 5.2584476
0.0260000 -42.1894264
0.0270000 44.2996101
0.0280000 -6.9997268
0.0290000 2.9159551
0.0300000 -56.0205879
0.0310000 -8.8699036
0.0320000 -28.5131168
0.0330000 -38.9250450
0.0340000 33.3534203
0.0350000 -25.6750565
0.0360000 28.6974297
0.0370000 20.1522141
0.0380000 12.7415428
0.0390000 -10.7260914
0.0400000 -70.2278366
0.0410000 -13.2112131
0.0420000 43.2149506
0.0430000 0.6301674
0.0440000 -30.1080322
0.0450000 -49.5450783
0.0460000 7.5427699
0.0470000 15.0968447
0.0480000 -5.7641830
0.0490000 -63.5139847
0.0500000 -3.0077639
0.0510000 34.1197510
0.0520000 51.0954018
0.0530000 39.3811646
0.0540000 42.1556816
0.0550000 -28.6038628
0.0560000 4.7077599
0.0570000 52.0601921
0.0580000 -27.6163750
0.0590000 -22.1855698
0.0600000 7.6475706
0.0610000 -43.5729980
0.0620000 -25.7298717
0.0630000 61.8651581
0.0640000 -20.2028790
0.0650000 -20.8001575
0.0660000 76.7104721
0.0670000 -25.2546349
0.0680000 35.2076874
0.0690000 2.5432503
0.0700000 22.0562325
0.0710000 -8.1872129
0.0720000 -41.0855179
0.0730000 -17.4300690
0.0740000 -47.3283424
0.0750000 13.2714739
0.0760000 -70.9951859
0.0770000 -9.0060501
0.0780000 0.9539999
0.0790000 18.4025154
0.0800000 -6.6825595
0.0810000 33.1458359
0.0820000 -16.9202900
0.0830000 -8.6865396
0.0840000 16.0047035
0.0850000 -71.7103043
0.0860000 -42.2430992
0.0870000 -36.3852654
0.0880000 -20.2936592
0.0890000 -76.6356735
0.0900000 -62.5558395
0.0910000 2.9813225
0.0920000 51.0530014
0.0930000 5.6030769
0.0940000 32.2118759
0.0950000 10.6588249
0.0960000 -39.2617874
0.0970000 3.0713346
0.0980000 16.4169369
0.0990000 -28.3584938
0.1000000 -26.2668152
0.1010000 -49.7606506
0.1020000 -46.9667625
0.1030000 3.8600399
0.1040000 1.2464333
0.1050000 -46.8683891
0.1060000 -26.5195370
0.1070000 39.3763885
0.1080000 36.7314911
0.1090000 41.2868423
0.1100000 27.7767696
0.1110000 43.6433563
0.1120000 4.6088095
0.1130000 -8.6461754
0.1140000 44.7089081
0.1150000 -14.1330862
0.1160000 14.6028614
0.1170000 55.1900558
0.1180000 -21.0390491
0.1190000 -42.0112686
0.1200000 47.7463341
0.1210000 22.6525364
0.1220000 34.7113380
0.1230000 6.3693352
0.1240000 -10.4554882
0.1250000 -47.0060120
0.1260000 48.7428970
0.1270000 58.4381561
0.1280000 39.7760353
0.1290000 28.1983624
0.1300000 -26.0204258
0.1310000 -7.5896835
0.1320000 10.0318441
0.1330000 -11.8563490
0.1340000 19.9952183
0.1350000 37.6875839
0.1360000 51.0358467
0.1370000 -16.1011600
0.1380000 -9.0523930
0.1390000 -29.0771713
0.1400000 -40.3247604
0.1410000 43.1773109
0.1420000 -12.3024616
0.1430000 6.9084139
0.1440000 -62.4932289
0.1450000 -34.4915848
0.1460000 -26.4952736
0.1470000 -16.5996799
0.1480000 -7.7143078
0.1490000 -4.0298367
0.1500000 -49.8192711
0.1510000 -19.5846767
0.1520000 56.2078743
0.1530000 -35.0247078
0.1540000 -4.0214992
0.1550000 16.1491261
0.1560000 23.2828922
0.1570000 22.5450745
0.1580000 9.9590778
0.1590000 -47.3621483
0.1600000 29.9723835
0.1610000 -21.3919125
0.1620000 -41.4190712
0.1630000 2.5510843
0.1640000 -58.0041122
0.1650000 -5.6728435
0.1660000 61.6669502
0.1670000 37.2899208
0.1680000 -13.8728752
0.1690000 69.3634415
0.1700000 41.7963638
0.1710000 -52.5741463
0.1720000 11.3934526
0.1730000 28.3062897
0.1740000 21.0431366
0.1750000 81.3571701
0.1760000 -34.4896355
0.1770000 -4.2012815
0.1780000 -14.8998041
0.1790000 -25.6833591
0.1800000 -41.5532951
0.1810000 -18.1360931
0.1820000 28.0397625
0.1830000 15.6168489
0.1840000 12.0331821
0.1850000 7.6514702
0.1860000 4.6225662
0.1870000 -73.4025955
0.1880000 -42.0871429
0.1890000 -46.3263626
0.1900000 -61.1570320
0.1910000 25.2517338
0.1920000 46.8877831
0.1930000 -72.3494263
0.1940000 -1.3395790
0.1950000 7.7582006
0.1960000 -7.3375554
0.1970000 -47.1052322
0.1980000 -123.3545990
0.1990000 -7.6327958
0.2000000 -94.2872543
0.2010000 40.5035210
0.2020000 36.5860062
0.2030000 2.9645884
0.2040000 0.2560223
0.2050000 -36.8120346
0.2060000 33.4801407
0.2070000 40.4292831
0.2080000 -54.1882591
0.2090000 -8.2760630
0.2100000 -28.8753929
0.2110000 -0.3856132
0.2120000 -9.7223473
0.2130000 43.0838089
0.2140000 -19.3723736
0.2150000 -0.7429993
0.2160000 31.1963978
0.2170000 5.0504179
0.2180000 -55.8754387
0.2190000 -24.0329189
0.2200000 14.3035860
0.2210000 -19.2739735
0.2220000 -34.9246979
0.2230000 -18.2395706
0.2240000 -53.8863068
0.2250000 -81.3598938
0.2260000 -6.1238441
0.2270000 -40.1642647
0.2280000 -17.1810970
0.2290000 -12.0955210
0.2300000 -6.9679594
0.2310000 71.2826462
0.2320000 -72.2402954
0.2330000 -4.5962987
0.2340000 21.9238358
0.2350000 -42.3007126
0.2360000 -4.4771433
0.2370000 -23.3471031
0.2380000 21.5521317
0.2390000 22.0258045
0.2400000 8.2007761
0.2410000 7.9694533
0.2420000 -36.7477570
0.2430000 45.7962914
0.2440000 -6.4688015
0.2450000 -19.4805012
0.2460000 -5.4179511
0.2470000 13.4456396
0.2480000 -48.6728249
0.2490000 1.4652776
0.2500000 57.3410378
0.2510000 -33.6685600
0.2520000 18.3597488
0.2530000 -53.2698631
0.2540000 32.0299072
0.2550000 -14.8036108
0.2560000 -42.2459717
0.2570000 60.1522636
0.2580000 24.3053665
0.2590000 32.4038849
0.2600000 -20.0025959
0.2610000 -30.9096146
0.2620000 -36.8544655
0.2630000 -8.3703356
0.2640000 35.0370064
0.2650000 -34.1751404
0.2660000 1.3006767
0.2670000 13.0864210
0.2680000 14.9036684
0.2690000 16.8555984
0.2700000 -59.6896439
0.2710000 -32.6767197
0.2720000 -23.8370895
0.2730000 -12.9053659
0.2740000 0.1508648
0.2750000 3.5178876
0.2760000 -9.6752682
0.2770000 -0.0973871
0.2780000 47.6170006
0.2790000 -13.2982206
0.2800000 -5.3842459
0.2810000 29.9871292
0.2820000 -22.8190804
0.2830000 14.6476955
0.2840000 -37.6764717
0.2850000 -5.6737647
0.2860000 5.9183049
0.2870000 118.3644562
0.2880000 -41.3702583
0.2890000 -74.9118347
0.2900000 -14.8632479
0.2910000 -19.1893539
0.2920000 21.3990784
0.2930000 50.9799423
0.2940000 34.6783066
0.2950000 -41.1737366
0.2960000 -45.6173401
0.2970000 32.2060471
0.2980000 -4.9337678
0.2990000 -44.7429237
0.3000000 -6.7554493
0.3010000 44.9737053
0.3020000 37.3484459
0.3030000 -44.6624298
0.3040000 -40.2850456
0.3050000 54.3589516
0.3060000 -65.4537430
0.3070000 -2.9381480
0.3080000 -51.1112862
0.3090000 21.0752506
0.3100000 -11.3559895
0.3110000 -18.9843655
0.3120000 6.0125871
0.3130000 0.8216555
0.3140000 28.8496571
0.3150000 -4.1217637
0.3160000 -16.8220119
0.3170000 -19.8995934
0.3180000 15.4961004
0.3190000 -48.2791595
0.3200000 1.4657536
0.3210000 33.0612907
0.3220000 27.3842239
0.3230000 -42.1642036
0.3240000 -11.2222061
0.3250000 -36.2262650
0.3260000 6.4279251
0.3270000 -11.7316723
0.3280000 2.8108115
0.3290000 13.7454853
0.3300000 15.2972565
0.3310000 -0.5884681
0.3320000 -59.5811424
0.3330000 -23.3268776
0.3340000 9.0728045
0.3350000 31.0152855
0.3360000 35.1363564
0.3370000 38.8852615
0.3380000 49.9640465
0.3390000 5.3435569
0.3400000 -36.0306053
0.3410000 -70.0337372
0.3420000 -40.3938942
0.3430000 50.8804703
0.3440000 2.9892159
0.3450000 -39.4758224
0.3460000 -76.9104462
0.3470000 63.1350746
0.3480000 -58.9447632
0.3490000 13.1361322
0.3500000 27.8136272
0.3510000 -44.3424835
0.3520000 13.4675808
0.3530000 13.4520149
0.3540000 15.5680075
0.3550000 -70.6376495
0.3560000 -25.5482731
0.3570000 21.2364845
0.3580000 -3.7317905
0.3590000 -2.0296259
0.3600000 -36.0274696
0.3610000 0.8644146
0.3620000 4.3711939
0.3630000 31.9856987
0.3640000 32.9819145
0.3650000 71.0041046
0.3660000 -15.7459354
0.3670000 41.4728813
0.3680000 -51.7726479
0.3690000 -8.1191826
0.3700000 2.0312848
0.3710000 -24.9648151
0.3720000 -33.3580780
0.3730000 -48.3831062
0.3740000 22.3713760
0.3750000 -16.8493176
0.3760000 -17.2239590
0.3770000 -23.1411972
0.3780000 12.0706902
0.3790000 -15.8322630
0.3800000 -17.1251621
0.3810000 -23.6587181
0.3820000 -35.2497826
0.3830000 -20.3631725
0.3840000 49.7270660
0.3850000 -6.4087739
0.3860000 8.3985071
0.3870000 74.0373611
0.3880000 51.4596748
0.3890000 45.3777580
0.3900000 7.6535287
0.3910000 -32.7944565
0.3920000 29.5161457
0.3930000 34.8578033
0.3940000 29.9961929
0.3950000 -38.0844116
0.3960000 29.7666950
0.3970000 -28.0276241
0.3980000 -31.8499069
0.3990000 -22.0383930
0.4000000 -40.9711761
0.4010000 -45.2272797
0.4020000 24.9403839
0.4030000 24.6862049
0.4040000 -46.4780731
0.4050000 -59.1304855
0.4060000 -39.0867119
0.4070000 -4.6021137
0.4080000 50.6243210
0.4090000 18.8755169
0.4100000 -19.5871830
0.4110000 -43.4960442
0.4120000 33.5180702
0.4130000 -58.8157501
0.4140000 -28.5069199
0.4150000 -75.6092300
0.4160000 7.4015307
0.4170000 -26.6546764
0.4180000 2.3426607
0.4190000 6.6219568
0.4200000 -35.5437965
0.4210000 17.1949120
0.4220000 -11.7994375
0.4230000 -44.5803909
0.4240000 -35.8009872
0.4250000 -29.5444279
0.4260000 -17.7406425
0.4270000 -0.1444366
0.4280000 49.5875740
0.4290000 62.3507462
0.4300000 -18.8510075
0.4310000 44.3067551
0.4320000 -42.3645744
0.4330000 16.7539425
0.4340000 42.8077545
0.4350000 -6.8872452
0.4360000 22.4880505
0.4370000 -17.3184681
0.4380000 -72.7652283
0.4390000 -32.3686638
0.4400000 11.3862648
0.4410000 14.7960539
0.4420000 -87.2100983
0.4430000 -27.4138241
0.4440000 28.9588184
0.4450000 33.5817986
0.4460000 34.8816719
0.4470000 82.0978165
0.4480000 -12.6869421
0.4490000 -20.0617161
0.4500000 -13.8327084
0.4510000 32.8288307
0.4520000 42.0510330
0.4530000 -30.2344666
0.4540000 31.4670811
0.4550000 -11.5178833
0.4560000 -48.7417297
0.4570000 7.3684711
0.4580000 54.7146797
0.4590000 8.5094814
0.4600000 55.9528770
0.4610000 -10.0478811
0.4620000 11.6884613
0.4630000 -58.4305878
0.4640000 -0.8105260
0.4650000 23.5995140
0.4660000 -23.0842552
0.4670000 -34.5221329
0.4680000 14.9909010
0.4690000 17.3366756
0.4700000 -33.5478134
0.4710000 -1.7714800
0.4720000 19.0391712
0.4730000 14.3551102
0.4740000 10.2371225
0.4750000 -30.1594925
0.4760000 63.3531494
0.4770000 11.2882805
0.4780000 35.5677795
0.4790000 -56.0327148
0.4800000 -26.2762203
0.4810000 92.0084915
0.4820000 -21.5013561
0.4830000 -52.0434532
0.4840000 65.1047211
0.4850000 47.6105423
0.4860000 -7.3635087
0.4870000 -38.7483063
0.4880000 -56.6428795
0.4890000 -23.0002270
0.4900000 38.0768166
0.4910000 -21.4388847
0.4920000 24.9961033
0.4930000 -46.1715355
0.4940000 -51.4828568
0.4950000 -46.8830452
0.4960000 15.3205442
0.4970000 8.5094471
0.4980000 -46.0461578
0.4990000 8.8703394
0.5000000 19.4635258
0.5010000 -9.9472647
0.5020000 0.3959713
0.5030000 32.6678085
0.5040000 46.9022980
0.5050000 -51.5548782
0.5060000 22.7085266
0.5070000 -25.6620483
0.5080000 -44.2530022
0.5090000 41.7007561
0.5100000 15.1102505
0.5110000 -8.4562311
0.5120000 4.6418447
0.5130000 9.2739391
0.5140000 -29.1783142
0.5150000 16.9737663
0.5160000 67.0411835
0.5170000 -15.7296410
0.5180000 37.6217690
0.5190000 -46.9983749
0.5200000 -16.0732613
0.5210000 33.2605247
0.5220000 42.9516258
0.5230000 -13.0709381
0.5240000 -50.5375366
0.5250000 -25.8280315
0.5260000 -22.6402092
0.5270000 -1.8512887
0.5280000 46.5809517
0.5290000 0.3607238
0.5300000 9.7849865
0.5310000 19.0703049
0.5320000 -23.5317478
0.5330000 -33.6780014
0.5340000 42.8964233
0.5350000 46.7807579
0.5360000 -20.4322662
0.5370000 81.6714020
0.5380000 -2.7244418
0.5390000 17.0675354
0.5400000 -8.3874664
0.5410000 -29.3631268
0.5420000 -37.7637444
0.5430000 -23.2104416
0.5440000 -35.2275276
0.5450000 11.8305769
0.5460000 12.4624901
0.5470000 -40.3125000
0.5480000 38.8461609
0.5490000 -39.8097725
0.5500000 36.6385002
0.5510000 14.7580070
0.5520000 -30.9853706
0.5530000 48.9277992
0.5540000 -53.0906563
0.5550000 15.5568933
0.5560000 14.5609217
0.5570000 -25.1542473
0.5580000 -39.4655228
0.5590000 22.4350929
0.5600000 28.9839249
0.5610000 40.3164902
0.5620000 -35.0302582
0.5630000 -58.7741814
0.5640000 67.6518860
0.5650000 25.5630894
0.5660000 -62.8388939
0.5670000 -59.3158455
0.5680000 44.6417694
0.5690000 -9.9434834
0.5700000 -15.2906256
0.5710000 -63.0653992
0.5720000 39.2416992
0.5730000 -59.0881577
0.5740000 9.7161083
0.5750000 12.7213402
0.5760000 20.6039963
0.5770000 15.1233692
0.5780000 13.1158981
0.5790000 97.5698242
0.5800000 75.2691422
0.5810000 -46.3605003
0.5820000 18.7213745
0.5830000 85.8088226
0.5840000 -15.8157024
0.5850000 -15.5399799
0.5860000 44.1732025
0.5870000 -6.0752611
0.5880000 -21.0927963
0.5890000 -19.1023712
0.5900000 25.0700817
0.5910000 9.8201332
0.5920000 19.3196964
0.5930000 35.4816666
0.5940000 -12.0401869
0.5950000 -45.5667648
0.5960000 8.5515976
0.5970000 -0.8189914
0.5980000 -42.9441338
0.5990000 48.1139145
0.6000000 -32.2024422
0.6010000 -9.0067444
0.6020000 31.3111191
0.6030000 26.0787220
0.6040000 13.5228052
0.6050000 -60.1144295
0.6060000 1.9291638
0.6070000 -68.2296677
0.6080000 17.4534779
0.6090000 -33.6700706
0.6100000 2.2070522
0.6110000 -8.7960396
0.6120000 25.1224728
0.6130000 -20.6000214
0.6140000 51.6058083
0.6150000 -4.3119678
0.6160000 51.4500694
0.6170000 19.2373333
0.6180000 -13.6683187
0.6190000 68.3555756
0.6200000 -82.9635620
0.6210000 -0.3688850
0.6220000 -5.3530078
0.6230000 24.6334076
0.6240000 39.7425880
0.6250000 31.8644848
0.6260000 -71.6338730
0.6270000 5.4335256
0.6280000 -14.0538282
0.6290000 8.2866087
0.6300000 0.0918668
0.6310000 40.7284966
0.6320000 22.4880981
0.6330000 -20.0900764
0.6340000 -13.9773083
0.6350000 -27.1578674
0.6360000 45.5222740
0.6370000 13.6879034
0.6380000 -17.4407520
0.6390000 14.1561012
0.6400000 -44.8098259
0.6410000 -35.7398529
0.6420000 -37.7916260
0.6430000 46.8812370
0.6440000 43.7560577
0.6450000 -51.3551292
0.6460000 -22.8927402
0.6470000 -19.0260849
0.6480000 -34.8072929
0.6490000 28.0997219
0.6500000 -26.4933395
0.6510000 -3.3499339
0.6520000 5.1458368
0.6530000 34.3993607
0.6540000 -7.3821445
0.6550000 16.1011257
0.6560000 -10.2673283
0.6570000 13.3077192
0.6580000 -14.1115961
0.6590000 -9.2455950
0.6600000 -36.9178658
0.6610000 36.8690948
0.6620000 31.3767719
0.6630000 84.2922897
0.6640000 27.2054100
0.6650000 -63.5373497
0.6660000 -52.8957520
0.6670000 -10.6661654
0.6680000 -38.5953903
0.6690000 58.8634758
0.6700000 -27.7377033
0.6710000 -18.2867298
0.6720000 23.4956074
0.6730000 10.9815464
0.6740000 -32.6136322
0.6750000 -21.6728821
0.6760000 72.7659531
0.6770000 0.7901483
0.6780000 -29.6087780
0.6790000 1.7095555
0.6800000 -0.9546866
0.6810000 62.2709084
0.6820000 3.0908599
0.6830000 -14.6968555
0.6840000 90.1496124
0.6850000 42.4168129
0.6860000 -26.3675728
0.6870000 -21.8313141
0.6880000 -24.0720768
0.6890000 -4.7415133
0.6900000 -45.5130539
0.6910000 -6.1803069
0.6920000 47.9405403
0.6930000 -2.2549078
0.6940000 42.6149445
0.6950000 -3.5080042
0.6960000 -3.4828334
0.6970000 -4.9828124
0.6980000 13.6397476
0.6990000 -49.1744194
0.7000000 -16.8054008
0.7010000 -0.9861197
0.7020000 -24.7311134
0.7030000 4.2937765
0.7040000 -27.7684212
0.7050000 -25.8768330
0.7060000 31.8948059
0.7070000 2.9347806
0.7080000 27.4630299
0.7090000 -36.6597519
0.7100000 -20.2642593
0.7110000 36.7649117
0.7120000 -0.4729252
0.7130000 9.1015120
0.7140000 -50.5542450
0.7150000 18.8252029
0.7160000 10.7577238
0.7170000 -8.2705288
0.7180000 0.4204046
0.7190000 3.0999873
0.7200000 10.0199299
0.7210000 3.0335321
0.7220000 18.3804626
0.7230000 21.9331207
0.7240000 -35.4584694
0.7250000 31.6194324
0.7260000 20.4802933
0.7270000 -45.5480003
0.7280000 -17.4982529
0.7290000 -4.0212755
0.7300000 -13.6032639
0.7310000 -5.9725285
0.7320000 -55.0951920
0.7330000 16.9388733
0.7340000 -67.0140686
0.7350000 14.7853813
0.7360000 22.1544685
0.7370000 -9.2301989
0.7380000 -64.8512039
0.7390000 24.3696327
0.7400000 -72.0739441
0.7410000 22.5595856
0.7420000 -47.5854187
0.7430000 15.8128281
0.7440000 37.0080605
0.7450000 1.0591992
0.7460000 -6.8695121
0.7470000 15.1282501
0.7480000 26.9479103
0.7490000 29.2002869
0.7500000 28.7580700
0.7510000 33.0339470
0.7520000 -4.2073755
0.7530000 -15.4727583
0.7540000 64.9976501
0.7550000 3.2046084
0.7560000 3.0761859
0.7570000 28.0222664
0.7580000 1.0601579
0.7590000 31.7681999
0.7600000 38.4999962
0.7610000 0.2184342
0.7620000 6.0052414
0.7630000 114.0543823
0.7640000 -26.3222408
0.7650000 29.2341251
0.7660000 30.6565685
0.7670000 -5.9942179
0.7680000 12.5283337
0.7690000 31.7872696
0.7700000 -7.4589543
0.7710000 5.3982291
0.7720000 -2.1823971
0.7730000 -21.4436302
0.7740000 -1.2039604
0.7750000 -0.6154529
0.7760000 -22.7073078
0.7770000 13.9311199
0.7780000 -22.4845562
0.7790000 -34.0208549
0.7800000 -22.0800304
0.7810000 9.3830309
0.7820000 2.5959146
0.7830000 27.0849495
0.7840000 -47.0370102
0.7850000 35.9077988
0.7860000 26.3439274
0.7870000 -69.2904053
0.7880000 -48.0716171
0.7890000 -18.9137096
0.7900000 -11.3642988
0.7910000 29.1245728
0.7920000 29.4660892
0.7930000 -36.0282669
0.7940000 6.2743435
0.7950000 -20.6069736
0.7960000 -24.8110104
0.7970000 14.6681900
0.7980000 -57.6160545
0.7990000 38.3547325
0.8000000 9.8411074
0.8010000 -21.2197151
0.8020000 -10.9837923
0.8030000 -57.0171471
0.8040000 62.0243187
0.8050000 -90.7508698
0.8060000 -1.9048197
0.8070000 -8.2381563
0.8080000 -17.4591579
0.8090000 -83.5305786
0.8100000 -29.9663944
0.8110000 45.2073517
0.8120000 10.0767345
0.8130000 -37.4767227
0.8140000 -50.1897812
0.8150000 26.9696732
0.8160000 -6.6806059
0.8170000 -6.1941996
0.8180000 2.2611959
0.8190000 32.2762833
0.8200000 73.8888321
0.8210000 -15.0781031
0.8220000 -35.7657051
0.8230000 99.3088913
0.8240000 45.5705681
0.8250000 35.9546280
0.8260000 -44.6756706
0.8270000 -35.5960808
0.8280000 -13.8909664
0.8290000 17.9399433
0.8300000 -14.8572121
0.8310000 21.9109383
0.8320000 -32.0863304
0.8330000 -41.7024078
0.8340000 -16.6480331
0.8350000 -9.5338831
0.8360000 -4.2428746
0.8370000 -15.2243462
0.8380000 2.1567755
0.8390000 -9.2126818
0.8400000 17.2157078
0.8410000 18.7220936
0.8420000 -13.8237734
0.8430000 5.3656273
0.8440000 29.2957821
0.8450000 12.5229940
0.8460000 -11.4245386
0.8470000 -26.4722481
0.8480000 10.0487633
0.8490000 11.8424711
0.8500000 -34.5510559
0.8510000 -16.2481766
0.8520000 -42.3250427
0.8530000 -17.7161846
0.8540000 -40.8801918
0.8550000 -12.6427956
0.8560000 25.7544880
0.8570000 1.1783777
0.8580000 83.9439087
0.8590000 -48.2337799
0.8600000 68.9552307
0.8610000 -33.9918137
0.8620000 13.8744879
0.8630000 -25.7402248
0.8640000 42.9827423
0.8650000 -20.5713577
0.8660000 -37.8816147
0.8670000 11.5488281
0.8680000 -4.8595228
0.8690000 5.2991028
0.8700000 -33.0671921
0.8710000 -8.1490135
0.8720000 65.3043137
0.8730000 -8.0601072
0.8740000 -21.6671524
0.8750000 1.3862842
0.8760000 -16.4259071
0.8770000 7.6233277
0.8780000 20.4861641
0.8790000 -2.2982945
0.8800000 27.8080559
0.8810000 -2.1699183
0.8820000 -10.7741241
0.8830000 -11.5079069
0.8840000 19.2069969
0.8850000 -5.1168914
0.8860000 -24.9123669
0.8870000 20.5615253
0.8880000 24.8717117
0.8890000 23.7943363
0.8900000 80.6395721
0.8910000 18.0172749
0.8920000 41.5677795
0.8930000 -1.2336926
0.8940000 26.5156403
0.8950000 1.3655115
0.8960000 -2.9955213
0.8970000 -45.2950592
0.8980000 -12.8614750
0.8990000 11.1507969
0.9000000 -34.6978645
0.9010000 2.6962502
0.9020000 2.9256308
0.9030000 -26.4812698
0.9040000 27.7999535
0.9050000 -37.2967300
0.9060000 -23.5280743
0.9070000 52.6478958
0.9080000 24.6027222
0.9090000 11.5558786
0.9100000 -34.0610886
0.9110000 17.8899555
0.9120000 -4.4209132
0.9130000 35.5508537
0.9140000 38.0655403
0.9150000 47.1669922
0.9160000 80.7827072
0.9170000 2.4707985
0.9180000 -27.5404491
0.9190000 -1.9806323
0.9200000 -36.3795509
0.9210000 -20.9342060
0.9220000 -15.0257359
0.9230000 -2.0504465
0.9240000 -8.6201000
0.9250000 -2.3867364
0.9260000 6.4435091
0.9270000 -23.6002960
0.9280000 -37.6194267
0.9290000 -9.3621225
0.9300000 -37.1353874
0.9310000 1.8538154
0.9320000 20.7473812
0.9330000 -22.6380539
0.9340000 27.1691113
0.9350000 8.0696611
0.9360000 58.2958260
0.9370000 6.3257384
0.9380000 8.3444443
0.9390000 -2.1778417
0.9400000 32.4292107
0.9410000 -67.5995483
0.9420000 26.4270267
0.9430000 12.0441494
0.9440000 63.9522896
0.9450000 -73.1983261
0.9460000 19.4323463
0.9470000 81.9280090
0.9480000 6.7450018
0.9490000 26.9207649
0.9500000 35.3449631
0.9510000 50.4890785
0.9520000 -7.2640367
0.9530000 38.0019455
0.9540000 12.9583282
0.9550000 -40.4960060
0.9560000 38.7401924
0.9570000 21.4875927
0.9580000 -14.8742867
0.9590000 9.5237894
0.9600000 -26.9298687
0.9610000 26.3131504
0.9620000 21.7490959
0.9630000 -19.1629906
0.9640000 2.9638319
0.9650000 23.1241207
0.9660000 11.0555172
0.9670000 56.9199944
0.9680000 39.4983635
0.9690000 24.9829235
0.9700000 48.8227081
0.9710000 18.3834381
0.9720000 -56.4161873
0.9730000 16.3015594
0.9740000 5.8326230
0.9750000 63.0393486
0.9760000 71.9857635
0.9770000 -35.5240135
0.9780000 -42.6957779
0.9790000 27.6148758
0.9800000 -59.7768288
0.9810000 -3.1412437
0.9820000 -45.2822227
0.9830000 -2.2191830
0.9840000 21.2439060
0.9850000 19.9138851
0.9860000 26.3505630
0.9870000 -1.7636853
0.9880000 11.1445303
0.9890000 3.5802281
0.9900000 30.3916302
0.9910000 -34.3829422
0.9920000 22.0544262
0.9930000 -40.6156731
0.9940000 -14.9564257
0.9950000 9.8250923
0.9960000 -4.9354362
0.9970000 0.1313409
0.9980000 7.1502662
0.9990000 30.7851048
