0.0000000 -35.5358810
0.0010000 -20.1067047
0.0020000 -40.1137466
0.0030000 3.2909217
0.0040000 7.9788694
0.0050000 -48.1243744
0.0060000 19.9399033
0.0070000 -26.7957973
0.0080000 -22.1040668
0.0090000 -37.5901718
0.0100000 -7.7462521
0.0110000 -23.4239044
0.0120000 23.3679886
0.0130000 6.2484355
0.0140000 -1.1401346
0.0150000 27.6008644
0.0160000 -5.6977262
0.0170000 -34.8075142
0.0180000 -45.9754333
0.0190000 -24.1503448
0.0200000 25.5851021
0.0210000 -1.4825773
0.0220000 -35.3511353
0.0230000 -53.1289024
0.0240000 16.9501095
0.0250000 8.9394150
0.0260000 -13.7370129
0.0270000 -23.7066975
0.0280000 62.0288467
0.0290000 28.3755627
0.0300000 47.7526894
0.0310000 64.4763794
0.0320000 -33.6272659
0.0330000 -23.3584137
0.0340000 -23.6067543
0.0350000 -36.4702950
0.0360000 -3.9463043
0.0370000 13.3514194
0.0380000 -33.2968063
0.0390000 -21.8862648
0.0400000 51.8520164
0.0410000 -6.5912313
0.0420000 -26.8872719
0.0430000 12.4276457
0.0440000 -32.7984161
0.0450000 -27.6104641
0.0460000 -21.8018017
0.0470000 44.8507652
0.0480000 15.4296436
0.0490000 -50.7867355
0.0500000 -45.4627304
0.0510000 -19.0246201
0.0520000 14.7208071
0.0530000 -7.8282971
0.0540000 -42.0728455
0.0550000 45.5461388
0.0560000 -3.0577931
0.0570000 -11.8032141
0.0580000 18.0317059
0.0590000 -21.3061028
0.0600000 -10.7874308
0.0610000 59.8405037
0.0620000 -58.9242821
0.0630000 3.0016704
0.0640000 27.8513680
0.0650000 36.7903481
0.0660000 26.1856861
0.0670000 13.1474752
0.0680000 -40.7203064
0.0690000 -54.7002335
0.0700000 2.6114192
0.0710000 -39.7047768
0.0720000 71.1076279
0.0730000 -24.9391956
0.0740000 20.0834599
0.0750000 20.9112968
0.0760000 -20.5383739
0.0770000 -0.0832971
0.0780000 10.3037109
0.0790000 39.2978439
0.0800000 8.3579330
0.0810000 -55.0096016
0.0820000 -56.2246475
0.0830000 16.2869492
0.0840000 64.7608643
0.0850000 28.9114246
0.0860000 -54.2217751
0.0870000 -27.4732647
0.0880000 16.8283768
0.0890000 22.1205330
0.0900000 -45.0856323
0.0910000 104.6897659
0.0920000 -20.4212971
0.0930000 -13.7433767
0.0940000 -9.1512861
0.0950000 62.5740166
0.0960000 23.9912434
0.0970000 1.7399887
0.0980000 -19.1089630
0.0990000 30.6345444
0.1000000 -21.0487080
0.1010000 43.9907074
0.1020000 25.2133675
0.1030000 4.3857961
0.1040000 43.4459190
0.1050000 42.2188110
0.1060000 40.9576035
0.1070000 -3.1096425
0.1080000 -30.3146057
0.1090000 14.9101582
0.1100000 19.8271770
0.1110000 -35.3424149
0.1120000 -1.7642285
0.1130000 -2.3665199
0.1140000 43.2142448
0.1150000 18.5268517
0.1160000 50.9230080
0.1170000 25.8560810
0.1180000 3.2188408
0.1190000 -13.6273136
0.1200000 -6.4166098
0.1210000 37.2787857
0.1220000 64.4561310
0.1230000 -48.5296822
0.1240000 -61.6695595
0.1250000 6.0690789
0.1260000 -5.8596449
0.1270000 -84.0381241
0.1280000 12.7144232
0.1290000 -14.0054607
0.1300000 -60.9150887
0.1310000 -20.0184269
0.1320000 41.6120262
0.1330000 -33.5771408
0.1340000 -11.3728275
0.1350000 -37.6179733
0.1360000 -77.5067444
0.1370000 -3.5306206
0.1380000 49.0471687
0.1390000 -15.3233385
0.1400000 5.5479860
0.1410000 13.5408678
0.1420000 18.1685715
0.1430000 -22.9671688
0.1440000 -15.3667431
0.1450000 -26.4515686
0.1460000 -29.5997143
0.1470000 15.1191397
0.1480000 20.5343761
0.1490000 -15.0257540
0.1500000 24.4556160
0.1510000 18.4104614
0.1520000 -27.6319256
0.1530000 -17.1005268
0.1540000 -18.3856869
0.1550000 -37.2984238
0.1560000 13.2667980
0.1570000 50.4170609
0.1580000 -3.5020273
0.1590000 49.7067337
0.1600000 -47.3366699
0.1610000 8.2352610
0.1620000 27.3320923
0.1630000 -0.3335501
0.1640000 19.2842140
0.1650000 17.3098278
0.1660000 10.8201942
0.1670000 -53.4266014
0.1680000 -4.3868818
0.1690000 28.8589745
0.1700000 -75.8259277
0.1710000 -2.5837529
0.1720000 -18.5975170
0.1730000 62.4739876
0.1740000 -55.9956818
0.1750000 -2.2723916
0.1760000 -15.5305424
0.1770000 21.3724537
0.1780000 44.6048126
0.1790000 -40.5375481
0.1800000 23.8616810
0.1810000 23.1108952
0.1820000 32.2066574
0.1830000 37.5215263
0.1840000 30.8146248
0.1850000 -23.1173363
0.1860000 26.9005375
0.1870000 -55.4245911
0.1880000 32.6128845
0.1890000 3.9106867
0.1900000 -39.7810669
0.1910000 -54.5538712
0.1920000 -10.0479851
0.1930000 50.7995262
0.1940000 24.6039829
0.1950000 25.3386688
0.1960000 49.9693375
0.1970000 26.9621754
0.1980000 86.1140442
0.1990000 11.5207520
0.2000000 -10.3668280
0.2010000 -14.9143114
0.2020000 49.9641304
0.2030000 41.9600334
0.2040000 14.2813568
0.2050000 -14.7504444
0.2060000 6.5483928
0.2070000 3.5844598
0.2080000 4.1662979
0.2090000 17.6740208
0.2100000 -57.6082001
0.2110000 -41.0525551
0.2120000 29.1520538
0.2130000 3.5297043
0.2140000 30.0305557
0.2150000 45.8285904
0.2160000 -38.8363495
0.2170000 -2.6850333
0.2180000 58.2404594
0.2190000 -18.2316170
0.2200000 40.8184814
0.2210000 -11.0231733
0.2220000 1.8493201
0.2230000 -23.3984108
0.2240000 -63.3493919
0.2250000 -62.4554329
0.2260000 -50.0255737
0.2270000 -25.8704109
0.2280000 -11.2061310
0.2290000 29.8094959
0.2300000 28.0070724
0.2310000 10.2545128
0.2320000 19.5039482
0.2330000 -11.7687473
0.2340000 56.8412132
0.2350000 -25.3217850
0.2360000 -8.6017551
0.2370000 27.2295704
0.2380000 -8.7513628
0.2390000 -20.9735298
0.2400000 -36.4077988
0.2410000 -10.6821690
0.2420000 -33.8615570
0.2430000 -25.7077255
0.2440000 -46.4366760
0.2450000 -12.7575779
0.2460000 -35.5473976
0.2470000 18.2211380
0.2480000 31.9132824
0.2490000 -25.2010365
0.2500000 45.9110870
0.2510000 -23.9865322
0.2520000 60.6764030
0.2530000 -1.2053756
0.2540000 -10.1873465
0.2550000 22.7585773
0.2560000 42.8564110
0.2570000 64.8885880
0.2580000 2.9701979
0.2590000 -44.7487411
0.2600000 -33.9706573
0.2610000 -20.5656605
0.2620000 60.4173584
0.2630000 39.2953720
0.2640000 -10.7199888
0.2650000 27.8455353
0.2660000 0.1691404
0.2670000 -24.2752934
0.2680000 5.5864606
0.2690000 -15.3702888
0.2700000 -30.4888096
0.2710000 -7.7301664
0.2720000 -14.8794699
0.2730000 -27.9511585
0.2740000 50.5511322
0.2750000 -38.1258507
0.2760000 -77.8480759
0.2770000 -10.7463961
0.2780000 -56.7342148
0.2790000 -11.1358738
0.2800000 6.7809653
0.2810000 -18.0300350
0.2820000 -2.5711443
0.2830000 11.0560980
0.2840000 -15.2677107
0.2850000 27.4150009
0.2860000 -41.3127365
0.2870000 8.0689507
0.2880000 31.6195316
0.2890000 -43.5848541
0.2900000 -21.4794865
0.2910000 41.5328560
0.2920000 51.0681915
0.2930000 5.2415209
0.2940000 4.5834899
0.2950000 -3.3313918
0.2960000 42.7564964
0.2970000 -36.2996063
0.2980000 7.5524449
0.2990000 9.0735865
0.3000000 58.7373085
0.3010000 31.6053295
0.3020000 36.0910683
0.3030000 -2.9746757
0.3040000 -60.6735077
0.3050000 -10.2678699
0.3060000 -86.3797760
0.3070000 19.0621357
0.3080000 -52.2128677
0.3090000 -68.3606110
0.3100000 30.5497913
0.3110000 10.7273989
0.3120000 -6.6807299
0.3130000 33.7181549
0.3140000 62.7275658
0.3150000 -64.1872559
0.3160000 -16.2274437
0.3170000 11.5263252
0.3180000 26.2674961
0.3190000 -30.4008636
0.3200000 -8.4931498
0.3210000 0.6705518
0.3220000 -12.9206858
0.3230000 -4.3241425
0.3240000 -69.6795654
0.3250000 -45.7045250
0.3260000 -20.5067368
0.3270000 -33.3086433
0.3280000 -21.9304790
0.3290000 -29.5395489
0.3300000 -58.9023933
0.3310000 41.9594002
0.3320000 26.8149376
0.3330000 -32.2297325
0.3340000 0.4061554
0.3350000 -33.1467438
0.3360000 17.6707706
0.3370000 -16.0144615
0.3380000 25.0745831
0.3390000 -52.9054642
0.3400000 -73.4017639
0.3410000 9.1780796
0.3420000 -10.8651857
0.3430000 -39.0323372
0.3440000 -49.4422531
0.3450000 -20.4629974
0.3460000 57.1960106
0.3470000 -12.6046238
0.3480000 -1.5994022
0.3490000 8.1943388
0.3500000 18.0808048
0.3510000 14.1439562
0.3520000 48.3925781
0.3530000 36.5107002
0.3540000 -6.7068172
0.3550000 40.9193916
0.3560000 44.7078285
0.3570000 15.6683311
0.3580000 -11.0128183
0.3590000 -3.6073039
0.3600000 -6.7401156
0.3610000 -39.5306473
0.3620000 17.9580498
0.3630000 64.7672653
0.3640000 -30.1302814
0.3650000 -13.8524647
0.3660000 50.5865669
0.3670000 -30.6690464
0.3680000 -21.1710014
0.3690000 2.9678018
0.3700000 -21.4508324
0.3710000 0.4617635
0.3720000 -37.9425735
0.3730000 37.9158096
0.3740000 50.2802277
0.3750000 -75.6056747
0.3760000 -36.1768799
0.3770000 0.3915395
0.3780000 -19.9869709
0.3790000 42.5870094
0.3800000 -10.6258583
0.3810000 2.5132837
0.3820000 -44.1481743
0.3830000 -7.3235574
0.3840000 18.7882824
0.3850000 -64.2532043
0.3860000 76.1255951
0.3870000 18.2530556
0.3880000 27.2736492
0.3890000 33.0065193
0.3900000 64.9722977
0.3910000 10.6262035
0.3920000 -40.5604095
0.3930000 -21.2160530
0.3940000 5.7350883
0.3950000 16.1575184
0.3960000 -15.5906019
0.3970000 57.4047928
0.3980000 -7.5991492
0.3990000 7.2518597
0.4000000 -41.9859810
0.4010000 51.1117630
0.4020000 22.6538525
0.4030000 7.4161992
0.4040000 36.9786758
0.4050000 -12.6055412
0.4060000 -20.6223965
0.4070000 -21.9002819
0.4080000 7.0860987
0.4090000 2.4185655
0.4100000 -18.1721230
0.4110000 66.8144760
0.4120000 20.6297150
0.4130000 36.3368912
0.4140000 -2.0712423
0.4150000 47.0179825
0.4160000 40.5709953
0.4170000 -17.0878086
0.4180000 -15.1329460
0.4190000 -8.3482904
0.4200000 -17.6801548
0.4210000 -14.8360081
0.4220000 13.8816442
0.4230000 -3.0778539
0.4240000 5.8805070
0.4250000 6.8119359
0.4260000 55.2246513
0.4270000 -23.6382427
0.4280000 18.9320889
0.4290000 29.3227978
0.4300000 64.9988327
0.4310000 36.3244858
0.4320000 19.9822140
0.4330000 -83.1761246
0.4340000 -15.1730909
0.4350000 74.5757675
0.4360000 -26.5112419
0.4370000 -33.5588531
0.4380000 -39.9403725
0.4390000 -38.8774910
0.4400000 41.9204407
0.4410000 -18.0807743
0.4420000 -42.6142960
0.4430000 -43.9200439
0.4440000 48.2934685
0.4450000 43.4759560
0.4460000 26.0025234
0.4470000 15.7845793
0.4480000 52.5068130
0.4490000 -86.6471252
0.4500000 -29.7156830
0.4510000 -44.4158058
0.4520000 -33.3577271
0.4530000 -19.2577839
0.4540000 -87.1002045
0.4550000 19.7669086
0.4560000 -13.4746323
0.4570000 -38.2964592
0.4580000 71.5665131
0.4590000 -19.1779881
0.4600000 -5.9037428
0.4610000 -18.4665279
0.4620000 -27.5648899
0.4630000 -70.8390198
0.4640000 -1.8500978
0.4650000 -9.8307896
0.4660000 7.2584448
0.4670000 37.8558197
0.4680000 12.2600002
0.4690000 15.9878016
0.4700000 -16.1995564
0.4710000 4.3391204
0.4720000 9.4860134
0.4730000 -39.4105415
0.4740000 -58.0147972
0.4750000 -3.5514247
0.4760000 -11.0615902
0.4770000 -17.9397564
0.4780000 2.4140575
0.4790000 -5.5200686
0.4800000 -10.9221611
0.4810000 -0.9948050
0.4820000 38.7277603
0.4830000 22.7533264
0.4840000 -49.2337074
0.4850000 36.5353699
0.4860000 47.5635605
0.4870000 -31.2950954
0.4880000 19.1618538
0.4890000 -29.9069958
0.4900000 -9.8455162
0.4910000 -11.8379316
0.4920000 -46.3927689
0.4930000 -71.7450867
0.4940000 21.5784550
0.4950000 -57.4773598
0.4960000 7.5254593
0.4970000 50.3519745
0.4980000 3.3971760
0.4990000 9.9775381
0.5000000 17.4357014
0.5010000 43.4580421
0.5020000 12.0780497
0.5030000 34.4867935
0.5040000 4.4150176
0.5050000 -4.0854816
0.5060000 -51.8724403
0.5070000 -57.4031334
0.5080000 -23.4085865
0.5090000 -14.8134556
0.5100000 -32.3636742
0.5110000 -4.8810992
0.5120000 22.7695580
0.5130000 -25.8554535
0.5140000 -4.8229790
0.5150000 25.3606033
0.5160000 -34.4024658
0.5170000 33.6697235
0.5180000 16.9740963
0.5190000 -35.1584702
0.5200000 -35.1932411
0.5210000 18.5050697
0.5220000 -19.4924927
0.5230000 47.6795235
0.5240000 68.2512436
0.5250000 6.3498654
0.5260000 -63.4663048
0.5270000 5.1229072
0.5280000 38.7740288
0.5290000 -45.6541138
0.5300000 68.3868332
0.5310000 -13.9161434
0.5320000 34.2204552
0.5330000 -41.4836273
0.5340000 -52.6095352
0.5350000 -22.7979984
0.5360000 -24.6835918
0.5370000 -12.1571131
0.5380000 25.5059109
0.5390000 33.7598801
0.5400000 -49.3535461
0.5410000 -8.1842918
0.5420000 2.5742319
0.5430000 36.5461578
0.5440000 25.7584133
0.5450000 9.8054886
0.5460000 24.5380802
0.5470000 -55.4759407
0.5480000 -34.9431229
0.5490000 -34.6998978
0.5500000 6.1504221
0.5510000 -4.9063172
0.5520000 3.9184644
0.5530000 10.4533558
0.5540000 -3.8969760
0.5550000 -3.5742331
0.5560000 -63.3417358
0.5570000 54.0252762
0.5580000 23.0592117
0.5590000 31.9712143
0.5600000 16.9660206
0.5610000 -12.3949499
0.5620000 36.7052155
0.5630000 3.2154386
0.5640000 -17.5052452
0.5650000 28.1257954
0.5660000 -41.5421486
0.5670000 1.3367561
0.5680000 5.4036727
0.5690000 -121.2101746
0.5700000 -8.8314342
0.5710000 31.9159946
0.5720000 1.5864692
0.5730000 10.6453476
0.5740000 -23.1455326
0.5750000 -57.0942307
0.5760000 -7.5684409
0.5770000 -26.1555767
0.5780000 32.5201340
0.5790000 -96.9305725
0.5800000 26.4877701
0.5810000 -32.7783585
0.5820000 5.0364971
0.5830000 27.0775414
0.5840000 -5.5107675
0.5850000 1.1326016
0.5860000 38.8545074
0.5870000 22.3948631
0.5880000 36.8720245
0.5890000 -8.2146101
0.5900000 -38.2632599
0.5910000 -6.9087653
0.5920000 -40.5143547
0.5930000 48.7875290
0.5940000 46.4698372
0.5950000 41.8911781
0.5960000 -42.5375824
0.5970000 2.4854145
0.5980000 -32.4166527
0.5990000 21.9578648
0.6000000 -66.7984314
0.6010000 20.4638157
0.6020000 12.0401535
0.6030000 -18.5297356
0.6040000 -1.2892441
0.6050000 -64.5394135
0.6060000 1.8982354
0.6070000 -6.4817352
0.6080000 19.5711231
0.6090000 -41.0640488
0.6100000 13.0772791
0.6110000 -33.3740730
0.6120000 -5.5393834
0.6130000 76.6474457
0.6140000 62.2855415
0.6150000 8.1061993
0.6160000 -13.2512770
0.6170000 -23.6843891
0.6180000 22.4848309
0.6190000 25.5872059
0.6200000 61.4542961
0.6210000 37.2630768
0.6220000 33.7603989
0.6230000 -41.2408066
0.6240000 -31.8312531
0.6250000 72.0143661
0.6260000 0.0102742
0.6270000 -29.8016071
0.6280000 9.2164516
0.6290000 27.3715744
0.6300000 -16.8407040
0.6310000 -7.9368572
0.6320000 -38.5056267
0.6330000 2.6421201
0.6340000 -22.0810280
0.6350000 -59.4546471
0.6360000 -2.7802143
0.6370000 -4.3236318
0.6380000 16.9440918
0.6390000 -66.9312820
0.6400000 26.5133324
0.6410000 -32.5219193
0.6420000 6.7553577
0.6430000 21.3779888
0.6440000 46.9117584
0.6450000 20.5634098
0.6460000 -25.6521873
0.6470000 -90.9854736
0.6480000 -14.0989466
0.6490000 -83.9939270
0.6500000 29.6333790
0.6510000 -50.2863846
0.6520000 36.4317589
0.6530000 22.6872482
0.6540000 6.2195454
0.6550000 -1.3670064
0.6560000 38.0727425
0.6570000 -55.9373932
0.6580000 -1.2674640
0.6590000 97.0762405
0.6600000 16.1650906
0.6610000 -5.0519061
0.6620000 13.0510483
0.6630000 52.4185944
0.6640000 -11.9861565
0.6650000 -48.9673386
0.6660000 7.4573436
0.6670000 -31.2771454
0.6680000 38.6991730
0.6690000 -59.5979538
0.6700000 -17.9869003
0.6710000 27.5431709
0.6720000 -22.4041271
0.6730000 16.2445145
0.6740000 20.6285019
0.6750000 3.8735065
0.6760000 44.6492729
0.6770000 60.2476273
0.6780000 3.5272348
0.6790000 12.5395164
0.6800000 36.6840324
0.6810000 21.3988094
0.6820000 -2.0144343
0.6830000 -52.0827942
0.6840000 -42.0316391
0.6850000 2.5155766
0.6860000 24.7937965
0.6870000 -38.9880333
0.6880000 25.5599251
0.6890000 -3.3453836
0.6900000 -2.1074040
0.6910000 23.9681511
0.6920000 40.0590096
0.6930000 37.5541878
0.6940000 14.7580853
0.6950000 -8.7644520
0.6960000 52.2176781
0.6970000 -0.8966554
0.6980000 0.1480868
0.6990000 -8.9699621
0.7000000 -4.1179304
0.7010000 -0.5106597
0.7020000 33.2481575
0.7030000 68.3428421
0.7040000 61.9238586
0.7050000 0.4138443
0.7060000 -18.6493359
0.7070000 -3.0207624
0.7080000 -8.4308672
0.7090000 -15.7872877
0.7100000 -22.8741188
0.7110000 33.9279976
0.7120000 -8.5961313
0.7130000 -5.4269557
0.7140000 -65.5341568
0.7150000 14.7377748
0.7160000 -4.9479995
0.7170000 -19.7870407
0.7180000 21.5732002
0.7190000 -44.4935570
0.7200000 -33.7967644
0.7210000 -12.1529970
0.7220000 -25.5340366
0.7230000 89.6463470
0.7240000 20.2557392
0.7250000 -42.3831673
0.7260000 -17.8272839
0.7270000 13.8072910
0.7280000 29.3990974
0.7290000 8.1827631
0.7300000 -18.8237343
0.7310000 25.1007576
0.7320000 -4.8103862
0.7330000 -36.8883858
0.7340000 8.3323765
0.7350000 -6.1737900
0.7360000 -75.9530640
0.7370000 2.7303369
0.7380000 -23.9360256
0.7390000 -0.0836588
0.7400000 18.2880898
0.7410000 20.8330479
0.7420000 -50.9992332
0.7430000 13.3090849
0.7440000 -42.7293358
0.7450000 -20.1840916
0.7460000 -10.9801464
0.7470000 6.2296329
0.7480000 -3.9822092
0.7490000 -2.7403383
0.7500000 -102.4556580
0.7510000 8.2436714
0.7520000 -9.1996641
0.7530000 40.0926590
0.7540000 60.1896706
0.7550000 -10.2942867
0.7560000 -27.6577702
0.7570000 -41.5209122
0.7580000 -33.3900299
0.7590000 39.2150841
0.7600000 42.5899963
0.7610000 35.7507095
0.7620000 17.5372849
0.7630000 -23.2180080
0.7640000 -21.4793797
0.7650000 18.1349335
0.7660000 -95.6656418
0.7670000 -4.4947586
0.7680000 46.8328133
0.7690000 26.0281219
0.7700000 -75.9848938
0.7710000 10.6183805
0.7720000 -24.0087337
0.7730000 -16.4348412
0.7740000 -53.9804268
0.7750000 14.8279285
0.7760000 -36.5356941
0.7770000 26.7674866
0.7780000 -14.7470407
0.7790000 15.8703327
0.7800000 -8.7094383
0.7810000 -27.4257698
0.7820000 -68.5960770
0.7830000 -1.0281348
0.7840000 43.5812836
0.7850000 27.7729111
0.7860000 1.0746789
0.7870000 -69.9051361
0.7880000 -12.6727400
0.7890000 -11.1357374
0.7900000 1.3956194
0.7910000 -19.9714470
0.7920000 -39.0701942
0.7930000 38.4490547
0.7940000 8.2730694
0.7950000 -21.7495403
0.7960000 -1.4904778
0.7970000 -7.9258351
0.7980000 -18.7876377
0.7990000 14.1059532
0.8000000 7.0668540
0.8010000 45.3643494
0.8020000 3.2403405
0.8030000 -81.6831207
0.8040000 -65.7818604
0.8050000 20.8970490
0.8060000 -4.6710382
0.8070000 29.8390179
0.8080000 -7.1532831
0.8090000 -36.4858665
0.8100000 24.6515694
0.8110000 50.3470764
0.8120000 36.6028824
0.8130000 -72.5543747
0.8140000 24.1103230
0.8150000 -75.6503754
0.8160000 10.6170883
0.8170000 36.6129913
0.8180000 -25.9695148
0.8190000 -8.0636654
0.8200000 -102.7436752
0.8210000 -2.0331931
0.8220000 10.0122166
0.8230000 1.2661806
0.8240000 -40.1290970
0.8250000 -35.0662804
0.8260000 15.7453613
0.8270000 33.3756981
0.8280000 -1.2562476
0.8290000 -1.3065293
0.8300000 29.8741989
0.8310000 -31.3492355
0.8320000 -51.2873154
0.8330000 -22.0581608
0.8340000 -16.4662476
0.8350000 29.8870564
0.8360000 -7.7517304
0.8370000 -69.0415421
0.8380000 2.7228882
0.8390000 8.2355022
0.8400000 16.0743427
0.8410000 -38.1817360
0.8420000 -56.9234581
0.8430000 55.7308426
0.8440000 -19.6526642
0.8450000 74.6725616
0.8460000 20.3292465
0.8470000 45.8701134
0.8480000 64.9302063
0.8490000 53.8674660
0.8500000 -12.8256512
0.8510000 16.7294102
0.8520000 19.7888527
0.8530000 58.5306396
0.8540000 60.5950928
0.8550000 -6.8354626
0.8560000 10.3846083
0.8570000 -17.7016277
0.8580000 -6.8058114
0.8590000 -23.4724598
0.8600000 -34.8330650
0.8610000 45.1922340
0.8620000 14.1131849
0.8630000 15.5500975
0.8640000 28.3096066
0.8650000 7.8463650
0.8660000 -28.4425697
0.8670000 14.3373537
0.8680000 3.5442035
0.8690000 4.5367150
0.8700000 53.4753151
0.8710000 20.9755554
0.8720000 32.1161690
0.8730000 29.8587837
0.8740000 -30.5285549
0.8750000 5.7183356
0.8760000 -21.9608459
0.8770000 23.9797058
0.8780000 17.8593884
0.8790000 9.8012714
0.8800000 -4.5437274
0.8810000 10.2868576
0.8820000 -35.8730812
0.8830000 -9.4940357
0.8840000 -57.0975838
0.8850000 38.2660255
0.8860000 14.4959450
0.8870000 -25.3706951
0.8880000 3.5328977
0.8890000 -12.4457645
0.8900000 30.2219105
0.8910000 -28.5964355
0.8920000 -74.2147827
0.8930000 73.2610397
0.8940000 5.4420295
0.8950000 -21.9637814
0.8960000 18.9862061
0.8970000 2.6972492
0.8980000 8.4877806
0.8990000 14.9458418
0.9000000 -77.6257172
0.9010000 37.5399742
0.9020000 -2.6465595
0.9030000 -18.7111168
0.9040000 13.2938910
0.9050000 -25.2299690
0.9060000 33.1895828
0.9070000 -19.8925247
0.9080000 41.5037155
0.9090000 -54.8121262
0.9100000 -19.8522606
0.9110000 37.7938843
0.9120000 19.3799725
0.9130000 44.4917488
0.9140000 35.1055183
0.9150000 41.1246262
0.9160000 -11.6563654
0.9170000 -14.8275051
0.9180000 -34.5987549
0.9190000 -48.0142136
0.9200000 -6.2149343
0.9210000 -8.7096577
0.9220000 -35.8187065
0.9230000 -43.3758812
0.9240000 29.3014927
0.9250000 -64.5420990
0.9260000 18.8748150
0.9270000 -4.8907089
0.9280000 -0.3223915
0.9290000 -6.0132279
0.9300000 49.3170128
0.9310000 21.1147327
0.9320000 19.0135822
0.9330000 91.7412796
0.9340000 22.8836460
0.9350000 7.5168219
0.9360000 78.5675049
0.9370000 0.4521633
0.9380000 -33.6603966
0.9390000 -3.2352200
0.9400000 -91.2396774
0.9410000 -25.7017117
0.9420000 7.2486191
0.9430000 10.5350208
0.9440000 -57.3821144
0.9450000 -20.2693958
0.9460000 19.7434731
0.9470000 49.7828255
0.9480000 47.4857216
0.9490000 28.3708420
0.9500000 4.6673598
0.9510000 6.5869169
0.9520000 -43.8951759
0.9530000 16.6633224
0.9540000 -51.9241447
0.9550000 -11.0844612
0.9560000 -7.8008657
0.9570000 -14.7488880
0.9580000 20.1829491
0.9590000 -23.8863201
0.9600000 -21.9922466
0.9610000 -111.1445389
0.9620000 36.0850487
0.9630000 33.2522621
0.9640000 54.9098053
0.9650000 -11.8661480
0.9660000 -25.3873329
0.9670000 7.3085575
0.9680000 -13.2354231
0.9690000 -20.3497486
0.9700000 29.3502388
0.9710000 22.7877197
0.9720000 -8.8144445
0.9730000 -51.2123299
0.9740000 51.8893051
0.9750000 -18.0331631
0.9760000 -55.9748917
0.9770000 -9.1418533
0.9780000 20.7687435
0.9790000 68.1471024
0.9800000 -6.4994750
0.9810000 -11.3368292
0.9820000 -14.4927673
0.9830000 55.8814697
0.9840000 31.3580074
0.9850000 -16.5988407
0.9860000 -50.4557686
0.9870000 -41.6940079
0.9880000 -8.5738382
0.9890000 39.3090820
0.9900000 7.9415421
0.9910000 -57.4542961
0.9920000 -17.4401970
0.9930000 38.4413757
0.9940000 13.1829615
0.9950000 25.5995388
0.9960000 -4.6591015
0.9970000 -12.0574589
0.9980000 -14.0777483
0.9990000 35.0912399
