0.0000000 43.5597420
0.0010000 4.8779593
0.0020000 -27.4785976
0.0030000 10.6980352
0.0040000 28.8591518
0.0050000 -21.3968773
0.0060000 13.3081646
0.0070000 25.1774483
0.0080000 -33.4255791
0.0090000 -63.2826996
0.0100000 6.0748940
0.0110000 26.9763737
0.0120000 -17.6157169
0.0130000 -9.2183914
0.0140000 61.2973251
0.0150000 60.8562469
0.0160000 14.3320961
0.0170000 -32.2375336
0.0180000 -6.7931948
0.0190000 40.0521011
0.0200000 45.0458298
0.0210000 8.9589186
0.0220000 48.0139999
0.0230000 -30.6424770
0.0240000 7.9434152
0.0250000 -22.4784985
0.0260000 -0.3787825
0.0270000 3.9645720
0.0280000 94.4723434
0.0290000 1.0431422
0.0300000 26.1746407
0.0310000 -13.1484385
0.0320000 8.2031670
0.0330000 5.3607731
0.0340000 22.4311733
0.0350000 -34.4819984
0.0360000 -19.2728386
0.0370000 14.8089523
0.0380000 -5.4856815
0.0390000 -56.9798660
0.0400000 -14.8220959
0.0410000 -56.8787842
0.0420000 -8.1403522
0.0430000 41.5230942
0.0440000 -65.1801147
0.0450000 -4.8294082
0.0460000 51.9170799
0.0470000 -35.6615601
0.0480000 32.7591705
0.0490000 0.7007044
0.0500000 -12.8945942
0.0510000 38.0260887
0.0520000 -40.0221024
0.0530000 0.0247355
0.0540000 -28.7348633
0.0550000 67.9177399
0.0560000 -19.9103794
0.0570000 -11.7395868
0.0580000 -6.0850687
0.0590000 40.7157135
0.0600000 -28.7379627
0.0610000 -13.6818886
0.0620000 -26.9103203
0.0630000 -5.3101997
0.0640000 -1.7245177
0.0650000 23.9326019
0.0660000 16.5491314
0.0670000 -1.2822083
0.0680000 0.3048577
0.0690000 23.0853462
0.0700000 -30.6685410
0.0710000 -4.7026982
0.0720000 38.8823700
0.0730000 66.4231949
0.0740000 54.7676048
0.0750000 -47.7689972
0.0760000 -8.2832518
0.0770000 -42.3380547
0.0780000 4.8837767
0.0790000 -6.4171796
0.0800000 46.4752045
0.0810000 -35.7596931
0.0820000 36.1064835
0.0830000 -13.6547136
0.0840000 -57.5462952
0.0850000 -54.9377518
0.0860000 -14.2319098
0.0870000 -42.4122009
0.0880000 -17.7144737
0.0890000 -12.8558855
0.0900000 61.7766876
0.0910000 -0.9863339
0.0920000 60.7440300
0.0930000 44.6831017
0.0940000 9.9373970
0.0950000 -46.7073364
0.0960000 3.4928317
0.0970000 15.0355806
0.0980000 -50.3422165
0.0990000 -21.1573315
0.1000000 -71.7981415
0.1010000 36.8692703
0.1020000 -5.2017493
0.1030000 28.5132713
0.1040000 11.2463646
0.1050000 -27.4085655
0.1060000 38.1351357
0.1070000 -30.1659031
0.1080000 66.5118103
0.1090000 -42.6672897
0.1100000 14.3942404
0.1110000 -51.5773544
0.1120000 30.2633057
0.1130000 34.7560654
0.1140000 84.3938828
0.1150000 -47.9309196
0.1160000 -9.8086529
0.1170000 -23.4151363
0.1180000 7.4646740
0.1190000 -13.4112501
0.1200000 -21.2819328
0.1210000 -5.7994347
0.1220000 12.5817213
0.1230000 -20.8291073
0.1240000 19.7886696
0.1250000 13.5505800
0.1260000 -32.1018066
0.1270000 0.2898038
0.1280000 -2.0663755
0.1290000 59.6963120
0.1300000 3.3399739
0.1310000 -47.4502029
0.1320000 -42.6634827
0.1330000 -10.0945444
0.1340000 57.8623772
0.1350000 2.2725990
0.1360000 70.6480560
0.1370000 35.2384949
0.1380000 -28.1697273
0.1390000 -11.3371553
0.1400000 34.1469193
0.1410000 -2.8649917
0.1420000 -27.2083988
0.1430000 12.7240410
0.1440000 -17.0963764
0.1450000 -94.2174377
0.1460000 44.8831367
0.1470000 4.6932435
0.1480000 -1.8267496
0.1490000 64.7908478
0.1500000 21.6997013
0.1510000 -10.0311956
0.1520000 10.4248886
0.1530000 38.7740936
0.1540000 -5.7711558
0.1550000 27.8324814
0.1560000 -33.8872986
0.1570000 17.1538525
0.1580000 8.7246075
0.1590000 40.1853142
0.1600000 -16.0190392
0.1610000 22.8040562
0.1620000 -42.1479263
0.1630000 -32.7512169
0.1640000 13.4073544
0.1650000 27.9694939
0.1660000 -53.6472855
0.1670000 31.0707874
0.1680000 71.7754822
0.1690000 -50.5389442
0.1700000 67.4324188
0.1710000 -15.4861441
0.1720000 -35.1360893
0.1730000 38.2067375
0.1740000 -23.7350254
0.1750000 21.9887409
0.1760000 -0.4843705
0.1770000 -2.4237771
0.1780000 66.7450638
0.1790000 40.6407394
0.1800000 8.3551617
0.1810000 2.5073481
0.1820000 36.8261032
0.1830000 -2.3110163
0.1840000 8.5792818
0.1850000 7.1833324
0.1860000 25.8859406
0.1870000 54.6800003
0.1880000 15.7721777
0.1890000 -36.1107292
0.1900000 23.3436031
0.1910000 72.1647415
0.1920000 -22.8177357
0.1930000 4.3175459
0.1940000 -37.4577827
0.1950000 -68.3544846
0.1960000 59.2348366
0.1970000 -51.8648071
0.1980000 54.4130020
0.1990000 19.0258923
0.2000000 -30.8865871
0.2010000 9.1603107
0.2020000 86.7715149
0.2030000 -17.2649612
0.2040000 -68.4702988
0.2050000 29.4423027
0.2060000 -3.2089882
0.2070000 39.7615089
0.2080000 8.4649105
0.2090000 45.1068611
0.2100000 38.6986160
0.2110000 17.1848660
0.2120000 -12.4978065
0.2130000 33.5399437
0.2140000 8.3989401
0.2150000 -16.3471336
0.2160000 -7.4078302
0.2170000 -24.3744030
0.2180000 -24.7647438
0.2190000 6.7204537
0.2200000 -15.2524261
0.2210000 -42.1982918
0.2220000 18.1347160
0.2230000 23.9155693
0.2240000 -82.2437363
0.2250000 13.4085617
0.2260000 27.5900402
0.2270000 4.1916237
0.2280000 -61.0174065
0.2290000 -10.4825010
0.2300000 38.5186844
0.2310000 22.9964657
0.2320000 -20.8445549
0.2330000 39.7537079
0.2340000 22.1839542
0.2350000 -36.4061012
0.2360000 -7.2139740
0.2370000 9.9757786
0.2380000 -90.1914673
0.2390000 11.1234617
0.2400000 13.1895218
0.2410000 33.2709084
0.2420000 12.8519001
0.2430000 18.2542744
0.2440000 4.3326726
0.2450000 56.6539536
0.2460000 -19.7950764
0.2470000 9.2050924
0.2480000 26.4059467
0.2490000 -130.1051636
0.2500000 -59.9410744
0.2510000 64.3071671
0.2520000 107.6989517
0.2530000 -14.4668026
0.2540000 28.4229546
0.2550000 -36.7435188
0.2560000 3.9569287
0.2570000 -11.6695747
0.2580000 -10.5904713
0.2590000 -1.9143814
0.2600000 15.0979185
0.2610000 -27.9644642
0.2620000 -6.8470030
0.2630000 -50.2707672
0.2640000 5.5039644
0.2650000 7.5820932
0.2660000 5.3559570
0.2670000 -52.4980316
0.2680000 38.1090317
0.2690000 -45.8185349
0.2700000 13.6974506
0.2710000 11.4893484
0.2720000 9.4413013
0.2730000 3.0195706
0.2740000 -11.0160141
0.2750000 -7.4214654
0.2760000 6.4415631
0.2770000 5.9293184
0.2780000 1.1226627
0.2790000 -2.1817186
0.2800000 36.8235168
0.2810000 15.4161158
0.2820000 -36.7900772
0.2830000 -35.0685196
0.2840000 -8.1646557
0.2850000 -42.3263702
0.2860000 17.8137245
0.2870000 10.1926584
0.2880000 -39.0491714
0.2890000 -8.2954779
0.2900000 3.5586171
0.2910000 61.1932220
0.2920000 -31.1190414
0.2930000 -49.8704262
0.2940000 -3.2125037
0.2950000 -17.3896732
0.2960000 -37.3679504
0.2970000 9.8039904
0.2980000 26.4446239
0.2990000 -7.2955170
0.3000000 56.9493065
0.3010000 -8.3030272
0.3020000 33.4947395
0.3030000 21.1779976
0.3040000 -12.4658613
0.3050000 5.0305080
0.3060000 30.3532028
0.3070000 -3.5849335
0.3080000 16.1883831
0.3090000 3.3480399
0.3100000 -17.6016331
0.3110000 -15.8650150
0.3120000 0.4341845
0.3130000 26.1455727
0.3140000 -29.4207230
0.3150000 -65.9373779
0.3160000 -52.5992126
0.3170000 20.2165928
0.3180000 -39.8120041
0.3190000 -47.1778297
0.3200000 34.9347839
0.3210000 15.1278477
0.3220000 -34.9704628
0.3230000 -15.6714659
0.3240000 6.8557868
0.3250000 48.8150787
0.3260000 -5.8451366
0.3270000 4.3404284
0.3280000 -13.1620874
0.3290000 5.6797957
0.3300000 -34.2277145
0.3310000 26.3784962
0.3320000 39.3526039
0.3330000 15.1749315
0.3340000 -30.9747238
0.3350000 -3.5584946
0.3360000 -45.6593819
0.3370000 -21.6814346
0.3380000 -20.0793743
0.3390000 63.9896469
0.3400000 -90.6019287
0.3410000 -17.0526104
0.3420000 52.3633728
0.3430000 30.9367599
0.3440000 74.2659531
0.3450000 13.7045984
0.3460000 -7.9337058
0.3470000 -21.3792477
0.3480000 12.2525749
0.3490000 17.0709248
0.3500000 61.3463631
0.3510000 -17.7225704
0.3520000 2.1932092
0.3530000 -0.6136522
0.3540000 37.7809525
0.3550000 -25.9069347
0.3560000 -32.7935486
0.3570000 -63.5105400
0.3580000 33.8575897
0.3590000 -14.8044920
0.3600000 -28.9451771
0.3610000 16.1733341
0.3620000 23.9413376
0.3630000 -34.2172203
0.3640000 63.0916290
0.3650000 -4.9300613
0.3660000 20.9892445
0.3670000 -18.6814957
0.3680000 -0.7240443
0.3690000 44.0482903
0.3700000 -5.3244109
0.3710000 -8.5869980
0.3720000 20.9733353
0.3730000 28.1261921
0.3740000 34.6382103
0.3750000 -37.8145905
0.3760000 6.0491533
0.3770000 -11.8073559
0.3780000 31.7305622
0.3790000 -3.4309468
0.3800000 62.8165855
0.3810000 -10.7347460
0.3820000 -3.4731789
0.3830000 -8.0232840
0.3840000 -25.4771328
0.3850000 24.8119392
0.3860000 -3.9053359
0.3870000 29.4994659
0.3880000 -38.9792633
0.3890000 34.4765663
0.3900000 -16.4647636
0.3910000 -3.4048827
0.3920000 1.7019237
0.3930000 12.7494497
0.3940000 -23.9974499
0.3950000 -62.3579826
0.3960000 -4.0238938
0.3970000 51.4457207
0.3980000 -0.9211218
0.3990000 -23.9407711
0.4000000 -16.5411835
0.4010000 41.1922531
0.4020000 -82.6316833
0.4030000 7.1579895
0.4040000 -10.9402924
0.4050000 9.6447248
0.4060000 18.3783703
0.4070000 -14.2368135
0.4080000 -37.0204773
0.4090000 -0.1062035
0.4100000 -35.9341660
0.4110000 13.1675348
0.4120000 22.7632408
0.4130000 -6.6477375
0.4140000 -55.8652420
0.4150000 21.6983967
0.4160000 0.9241402
0.4170000 -2.2632539
0.4180000 27.8049412
0.4190000 -16.5530396
0.4200000 29.9545536
0.4210000 24.5010338
0.4220000 -18.3855820
0.4230000 36.5496521
0.4240000 14.7510509
0.4250000 -23.0590591
0.4260000 -26.8343449
0.4270000 -15.2764196
0.4280000 10.7827311
0.4290000 -24.9461918
0.4300000 17.9895420
0.4310000 57.9281960
0.4320000 -9.1587114
0.4330000 8.3078337
0.4340000 35.0666962
0.4350000 58.6082726
0.4360000 39.3261147
0.4370000 5.5660276
0.4380000 0.2555468
0.4390000 -77.9112167
0.4400000 -65.6905899
0.4410000 -25.1724606
0.4420000 28.2028866
0.4430000 -3.8482292
0.4440000 -36.8856392
0.4450000 -60.3668861
0.4460000 -16.5500755
0.4470000 10.8889036
0.4480000 -23.3670979
0.4490000 85.2035065
0.4500000 -8.4941025
0.4510000 -19.8524914
0.4520000 -6.2881823
0.4530000 -0.1528671
0.4540000 15.6623573
0.4550000 -0.6143209
0.4560000 1.8281698
0.4570000 -5.9700365
0.4580000 -43.8652687
0.4590000 -22.1422424
0.4600000 -16.8116226
0.4610000 -10.2369080
0.4620000 -0.3444412
0.4630000 -54.6618958
0.4640000 -36.1881866
0.4650000 -32.9631996
0.4660000 -42.9552765
0.4670000 6.6391768
0.4680000 -11.4600153
0.4690000 -41.3566284
0.4700000 -15.1997366
0.4710000 -6.2573576
0.4720000 -42.9176826
0.4730000 -59.5463943
0.4740000 -4.1928954
0.4750000 15.3170958
0.4760000 -10.8714533
0.4770000 -20.1659775
0.4780000 21.8228436
0.4790000 -32.7491684
0.4800000 27.9289532
0.4810000 -47.2366905
0.4820000 -15.6011848
0.4830000 9.8863401
0.4840000 -53.6242104
0.4850000 42.7742691
0.4860000 -0.0536235
0.4870000 48.3887520
0.4880000 -4.2351108
0.4890000 -50.5699615
0.4900000 -45.8960648
0.4910000 -28.6452255
0.4920000 56.6607132
0.4930000 -7.6100612
0.4940000 -56.9714813
0.4950000 -22.1117573
0.4960000 16.6072426
0.4970000 37.5525398
0.4980000 9.1368322
0.4990000 73.3979797
0.5000000 51.8698616
0.5010000 -22.6690807
0.5020000 97.4890366
0.5030000 12.2042179
0.5040000 83.7881088
0.5050000 -7.7479243
0.5060000 -23.9644012
0.5070000 23.3360863
0.5080000 -2.5931389
0.5090000 61.3133087
0.5100000 20.1291180
0.5110000 -16.7333374
0.5120000 36.1510201
0.5130000 -13.9035854
0.5140000 47.6065636
0.5150000 28.7485867
0.5160000 31.1410770
0.5170000 9.1560221
0.5180000 -20.9401283
0.5190000 17.7045460
0.5200000 19.9394894
0.5210000 -36.7747421
0.5220000 9.2033644
0.5230000 10.1520233
0.5240000 -27.7909317
0.5250000 17.5968533
0.5260000 117.8165054
0.5270000 19.9049339
0.5280000 42.6030388
0.5290000 -9.9677219
0.5300000 11.6564846
0.5310000 30.0982590
0.5320000 36.8189735
0.5330000 -61.3738518
0.5340000 24.1960506
0.5350000 23.4859657
0.5360000 -11.0095673
0.5370000 -37.7807693
0.5380000 -45.3053665
0.5390000 15.5078897
0.5400000 2.2918255
0.5410000 -11.3541555
0.5420000 -14.9397860
0.5430000 60.4599953
0.5440000 -12.1264238
0.5450000 1.3490226
0.5460000 9.5192814
0.5470000 -41.1536255
0.5480000 -43.1519051
0.5490000 32.3186531
0.5500000 11.6904984
0.5510000 -2.0207553
0.5520000 -33.0514946
0.5530000 22.4075527
0.5540000 -31.0243416
0.5550000 0.9377072
0.5560000 3.2786121
0.5570000 -48.1092834
0.5580000 -0.4931004
0.5590000 -0.1917887
0.5600000 -27.6373215
0.5610000 93.8245239
0.5620000 30.6093979
0.5630000 15.2593470
0.5640000 5.8444257
0.5650000 -8.4214621
0.5660000 -63.1015358
0.5670000 3.5929434
0.5680000 51.5779533
0.5690000 -41.5097847
0.5700000 95.0136566
0.5710000 67.4366684
0.5720000 21.4585171
0.5730000 13.5857725
0.5740000 48.4951897
0.5750000 -1.6605062
0.5760000 35.6080093
0.5770000 36.8012505
0.5780000 -57.9731178
0.5790000 49.6730881
0.5800000 26.0686913
0.5810000 4.0747905
0.5820000 -15.7451124
0.5830000 -70.5357361
0.5840000 15.2543669
0.5850000 36.7985764
0.5860000 22.1498299
0.5870000 -72.5343246
0.5880000 -44.3779411
0.5890000 63.7976761
0.5900000 6.4462595
0.5910000 19.2570095
0.5920000 5.4343376
0.5930000 -34.4808769
0.5940000 3.5559721
0.5950000 -21.2937965
0.5960000 -47.2054024
0.5970000 -82.8715973
0.5980000 9.1850147
0.5990000 -29.5139008
0.6000000 11.6715984
0.6010000 15.6074200
0.6020000 42.9221230
0.6030000 26.2619209
0.6040000 29.2748394
0.6050000 95.5912399
0.6060000 32.8038712
0.6070000 75.0784454
0.6080000 -42.7325325
0.6090000 -46.3300171
0.6100000 -41.4031181
0.6110000 10.2050257
0.6120000 -30.7067032
0.6130000 3.7254429
0.6140000 -32.3673592
0.6150000 -1.4603828
0.6160000 -26.6476650
0.6170000 -33.7202187
0.6180000 -42.3794556
0.6190000 14.1868916
0.6200000 -13.7492151
0.6210000 -63.0156517
0.6220000 22.7085781
0.6230000 34.9919014
0.6240000 -16.1685219
0.6250000 -60.4508095
0.6260000 34.8122635
0.6270000 -63.7866974
0.6280000 -67.2646408
0.6290000 -5.4829550
0.6300000 -4.4267950
0.6310000 71.3344650
0.6320000 -11.9484549
0.6330000 9.9407463
0.6340000 -2.1706102
0.6350000 -10.5193958
0.6360000 36.7417793
0.6370000 -72.5527573
0.6380000 35.2778358
0.6390000 -20.1399307
0.6400000 -7.3730531
0.6410000 -3.7318127
0.6420000 92.3554077
0.6430000 15.2175426
0.6440000 -28.7517490
0.6450000 -33.1893349
0.6460000 -24.4394608
0.6470000 -9.7715130
0.6480000 7.4238520
0.6490000 17.9861240
0.6500000 -39.8841972
0.6510000 9.5464020
0.6520000 22.4405613
0.6530000 -2.5386360
0.6540000 11.2837753
0.6550000 21.2165337
0.6560000 -14.5317459
0.6570000 27.5643559
0.6580000 60.9148254
0.6590000 1.4054039
0.6600000 20.0002346
0.6610000 18.2461185
0.6620000 -59.3532639
0.6630000 31.8290386
0.6640000 -34.6736259
0.6650000 3.2637973
0.6660000 17.4734612
0.6670000 -19.6702137
0.6680000 8.2824030
0.6690000 -0.1631747
0.6700000 18.0445805
0.6710000 -26.0902042
0.6720000 24.7562523
0.6730000 16.8507767
0.6740000 -2.3279829
0.6750000 -38.4606133
0.6760000 -41.7283401
0.6770000 4.2942128
0.6780000 66.6607513
0.6790000 -22.7198906
0.6800000 -49.4009209
0.6810000 64.3735657
0.6820000 47.0336647
0.6830000 18.3075752
0.6840000 30.0675926
0.6850000 13.1684637
0.6860000 4.3036947
0.6870000 0.3172870
0.6880000 -0.5158162
0.6890000 31.0361443
0.6900000 9.9985733
0.6910000 9.2596264
0.6920000 14.6407261
0.6930000 -25.5076847
0.6940000 28.9351654
0.6950000 34.9236450
0.6960000 36.0208359
0.6970000 40.7224731
0.6980000 73.0507965
0.6990000 49.7101707
0.7000000 21.4124928
0.7010000 19.2527256
0.7020000 -37.8873215
0.7030000 -51.8738441
0.7040000 -65.9874344
0.7050000 -29.6045818
0.7060000 -56.4541702
0.7070000 -6.9066210
0.7080000 32.3407974
0.7090000 15.2775469
0.7100000 -20.3051853
0.7110000 -0.7369138
0.7120000 49.6521072
0.7130000 17.0121746
0.7140000 1.2556423
0.7150000 34.3725357
0.7160000 -3.5169191
0.7170000 54.9919548
0.7180000 2.7737455
0.7190000 47.2287178
0.7200000 16.8096542
0.7210000 -9.7367859
0.7220000 -6.1020703
0.7230000 -17.1273232
0.7240000 13.4794998
0.7250000 39.1191483
0.7260000 -34.8737984
0.7270000 -46.8649788
0.7280000 39.4296799
0.7290000 -10.7525692
0.7300000 -3.2808754
0.7310000 -28.9360943
0.7320000 43.3207970
0.7330000 42.6384735
0.7340000 -25.1421375
0.7350000 38.4320183
0.7360000 -42.3849640
0.7370000 19.9204807
0.7380000 -1.2453294
0.7390000 47.8736496
0.7400000 31.9916782
0.7410000 -52.2377090
0.7420000 9.5708437
0.7430000 -36.0551109
0.7440000 -53.4090691
0.7450000 6.4773116
0.7460000 -21.2999744
0.7470000 -43.9499512
0.7480000 -45.2787323
0.7490000 -45.2225952
0.7500000 -45.9406548
0.7510000 -56.5851860
0.7520000 -23.4952240
0.7530000 -47.5053596
0.7540000 -34.9235344
0.7550000 -51.4813652
0.7560000 -1.8578545
0.7570000 50.1785812
0.7580000 -21.6633320
0.7590000 -13.7488489
0.7600000 -40.9595108
0.7610000 -72.8839798
0.7620000 -21.9629974
0.7630000 37.2443771
0.7640000 -42.1482124
0.7650000 51.1438370
0.7660000 -6.5360866
0.7670000 1.5391092
0.7680000 39.3661041
0.7690000 -62.6689568
0.7700000 50.2963676
0.7710000 28.1140976
0.7720000 36.6657829
0.7730000 -66.6367416
0.7740000 62.6494637
0.7750000 -4.6974072
0.7760000 19.7608967
0.7770000 13.8134460
0.7780000 -61.6826477
0.7790000 -27.9745255
0.7800000 5.3562369
0.7810000 -3.2199616
0.7820000 -15.5975485
0.7830000 -15.5670748
0.7840000 -14.4430590
0.7850000 50.7396431
0.7860000 -6.4669824
0.7870000 -26.9480877
0.7880000 -62.7093620
0.7890000 30.8573723
0.7900000 4.9948573
0.7910000 11.2296419
0.7920000 -32.1079292
0.7930000 -20.3603344
0.7940000 42.0663338
0.7950000 70.1888046
0.7960000 9.8796082
0.7970000 43.6744995
0.7980000 -4.7832184
0.7990000 7.8547792
0.8000000 -50.4069748
0.8010000 15.9357986
0.8020000 85.1830139
0.8030000 -53.7700615
0.8040000 8.4202271
0.8050000 31.1310349
0.8060000 53.9290581
0.8070000 24.1933708
0.8080000 36.5763245
0.8090000 -37.1207275
0.8100000 10.5776787
0.8110000 100.7241821
0.8120000 -0.3646088
0.8130000 -18.0872612
0.8140000 4.2449021
0.8150000 -31.1550140
0.8160000 55.2210503
0.8170000 -6.7481532
0.8180000 20.5706329
0.8190000 -48.1242371
0.8200000 15.2937632
0.8210000 -23.8499565
0.8220000 76.8914948
0.8230000 -32.0971527
0.8240000 -14.9599800
0.8250000 -3.5854928
0.8260000 13.2641010
0.8270000 -7.4802494
0.8280000 44.3349800
0.8290000 8.7724047
0.8300000 14.9790287
0.8310000 28.6910629
0.8320000 49.0044136
0.8330000 28.3995113
0.8340000 35.2556038
0.8350000 36.0464211
0.8360000 54.2099724
0.8370000 0.0350268
0.8380000 -5.9044037
0.8390000 -8.3736582
0.8400000 27.6062603
0.8410000 46.4550095
0.8420000 14.1228218
0.8430000 -53.3163643
0.8440000 1.0503399
0.8450000 -44.3368645
0.8460000 62.4050293
0.8470000 -28.1025352
0.8480000 -59.4334793
0.8490000 60.0117722
0.8500000 -5.4836569
0.8510000 -6.8642368
0.8520000 20.4282837
0.8530000 -9.0913649
0.8540000 14.5485811
0.8550000 9.8252859
0.8560000 4.6626902
0.8570000 18.7852974
0.8580000 -12.3298454
0.8590000 27.5664520
0.8600000 -47.4683151
0.8610000 -9.9335718
0.8620000 5.7934036
0.8630000 -1.7492594
0.8640000 16.4037285
0.8650000 16.9315777
0.8660000 35.7705040
0.8670000 -0.5488514
0.8680000 -10.7520161
0.8690000 -31.0250759
0.8700000 3.9011116
0.8710000 -19.7246265
0.8720000 6.6998067
0.8730000 17.4477158
0.8740000 -57.9844131
0.8750000 10.3322239
0.8760000 19.5882339
0.8770000 11.5014324
0.8780000 35.4270363
0.8790000 -3.0556662
0.8800000 -27.0987587
0.8810000 6.7207894
0.8820000 -10.4799337
0.8830000 17.2082062
0.8840000 -45.9811440
0.8850000 -3.4958348
0.8860000 3.7775929
0.8870000 50.6487389
0.8880000 90.1229782
0.8890000 24.9146175
0.8900000 59.0238419
0.8910000 69.1707001
0.8920000 -8.4664278
0.8930000 41.1512871
0.8940000 59.7910004
0.8950000 5.7095513
0.8960000 -15.5688868
0.8970000 -1.8023860
0.8980000 -42.3916779
0.8990000 -24.7135563
0.9000000 24.4295330
0.9010000 -27.4251461
0.9020000 -53.1727524
0.9030000 22.9487724
0.9040000 10.6608973
0.9050000 -71.4557114
0.9060000 4.4573336
0.9070000 62.5913353
0.9080000 -17.4984474
0.9090000 -14.0256948
0.9100000 22.2836285
0.9110000 -14.8529577
0.9120000 7.4267030
0.9130000 -3.9853020
0.9140000 79.7517853
0.9150000 55.9365959
0.9160000 24.9181271
0.9170000 53.6893616
0.9180000 -52.1828156
0.9190000 -41.5739594
0.9200000 -45.3107796
0.9210000 -0.0864365
0.9220000 -5.0403166
0.9230000 23.0210571
0.9240000 5.6242104
0.9250000 -13.9861336
0.9260000 -14.0775652
0.9270000 -36.5233002
0.9280000 33.8744164
0.9290000 -27.3495560
0.9300000 30.0540905
0.9310000 -11.5681639
0.9320000 -31.1877747
0.9330000 -7.6569252
0.9340000 1.1308264
0.9350000 40.4476929
0.9360000 -24.1305351
0.9370000 6.3129506
0.9380000 -10.9327679
0.9390000 36.5933304
0.9400000 -2.4490962
0.9410000 -26.4624195
0.9420000 -101.7155151
0.9430000 14.3893290
0.9440000 41.1463776
0.9450000 40.2544250
0.9460000 -20.9457798
0.9470000 -38.2501907
0.9480000 4.1965890
0.9490000 2.1216707
0.9500000 -13.7153721
0.9510000 22.7003269
0.9520000 -54.4861755
0.9530000 -38.4983673
0.9540000 107.6406021
0.9550000 0.5550782
0.9560000 38.4158516
0.9570000 -12.2056427
0.9580000 -30.6417599
0.9590000 -6.0679569
0.9600000 10.8267374
0.9610000 73.8948822
0.9620000 -7.3347597
0.9630000 2.0347500
0.9640000 43.6854782
0.9650000 17.6741943
0.9660000 -23.1516247
0.9670000 20.1926250
0.9680000 -63.4731140
0.9690000 48.9488831
0.9700000 -35.3017731
0.9710000 18.7622852
0.9720000 -43.7324219
0.9730000 -61.6794243
0.9740000 -57.0245934
0.9750000 12.4714823
0.9760000 6.1745229
0.9770000 -35.5475731
0.9780000 -17.3204327
0.9790000 69.6059494
0.9800000 13.4593058
0.9810000 -11.7453232
0.9820000 18.3265400
0.9830000 16.5154781
0.9840000 -1.3354423
0.9850000 26.1414738
0.9860000 50.5662537
0.9870000 26.7348728
0.9880000 42.8775063
0.9890000 36.3850021
0.9900000 1.9338719
0.9910000 61.9836617
0.9920000 -22.3136005
0.9930000 61.1554527
0.9940000 -2.1717563
0.9950000 -42.8626480
0.9960000 -9.7713690
0.9970000 -33.0925484
0.9980000 -41.9286003
0.9990000 -5.2372851
