0.0000000 -64.2474365
0.0010000 -4.5871234
0.0020000 10.9935150
0.0030000 -33.2676582
0.0040000 -6.8543134
0.0050000 -45.6898422
0.0060000 43.5171280
0.0070000 -28.1231232
0.0080000 19.2074642
0.0090000 -77.8087921
0.0100000 -75.1712723
0.0110000 26.1453304
0.0120000 3.4656987
0.0130000 -15.1378765
0.0140000 -8.2428942
0.0150000 5.9170260
0.0160000 -2.9231112
0.0170000 -39.4422531
0.0180000 0.3110625
0.0190000 24.0328827
0.0200000 24.2777615
0.0210000 0.2214113
0.0220000 24.1282349
0.0230000 43.6798058
0.0240000 -8.9554739
0.0250000 -31.8667793
0.0260000 -12.5598545
0.0270000 26.1109314
0.0280000 -16.5602951
0.0290000 -42.5280724
0.0300000 -22.3520184
0.0310000 24.8554897
0.0320000 -25.5443306
0.0330000 -35.7379456
0.0340000 6.8889899
0.0350000 15.8821163
0.0360000 -10.0766563
0.0370000 25.3270798
0.0380000 37.9274559
0.0390000 37.8500786
0.0400000 37.2230873
0.0410000 -21.7097969
0.0420000 33.2350845
0.0430000 45.5878601
0.0440000 -55.3481102
0.0450000 65.7063446
0.0460000 -5.0532565
0.0470000 -26.8346729
0.0480000 23.3808460
0.0490000 0.0098250
0.0500000 -10.7114420
0.0510000 14.1933031
0.0520000 -36.0795364
0.0530000 20.1327076
0.0540000 22.2140808
0.0550000 -48.6523361
0.0560000 -33.9992371
0.0570000 -67.5922165
0.0580000 -7.4349875
0.0590000 -48.1697655
0.0600000 41.5996590
0.0610000 -0.4059599
0.0620000 11.9120703
0.0630000 31.2853203
0.0640000 79.6644669
0.0650000 -45.4274025
0.0660000 64.7319260
0.0670000 13.3909369
0.0680000 36.3269539
0.0690000 19.4781857
0.0700000 13.0940027
0.0710000 -57.0733528
0.0720000 -7.2431040
0.0730000 45.0545158
0.0740000 21.0789661
0.0750000 16.7134171
0.0760000 -18.5641518
0.0770000 -11.9419909
0.0780000 5.3779879
0.0790000 16.2740383
0.0800000 27.5319252
0.0810000 21.3113918
0.0820000 -6.0910311
0.0830000 11.6515598
0.0840000 42.2509499
0.0850000 -5.6835151
0.0860000 -48.7593346
0.0870000 -14.1455641
0.0880000 15.7862644
0.0890000 -23.8754215
0.0900000 24.3468838
0.0910000 -29.2244682
0.0920000 22.1552887
0.0930000 38.0965424
0.0940000 -25.8812523
0.0950000 -28.9339390
0.0960000 39.1285934
0.0970000 -31.1731663
0.0980000 -51.6569595
0.0990000 44.6775169
0.1000000 62.7837448
0.1010000 15.7991991
0.1020000 22.9414730
0.1030000 1.0997510
0.1040000 -18.1808662
0.1050000 -20.9108982
0.1060000 -46.4216576
0.1070000 15.2906389
0.1080000 -52.0806847
0.1090000 -63.1934052
0.1100000 40.9392624
0.1110000 47.3260765
0.1120000 53.6660995
0.1130000 35.7420654
0.1140000 -11.3094788
0.1150000 47.1650162
0.1160000 7.7073460
0.1170000 -21.4729290
0.1180000 -29.8437634
0.1190000 -26.2248917
0.1200000 -12.8100395
0.1210000 -19.5474949
0.1220000 4.5734091
0.1230000 28.5760098
0.1240000 60.6532822
0.1250000 -5.8655901
0.1260000 -9.2610645
0.1270000 -15.9781370
0.1280000 13.7945118
0.1290000 -66.8443527
0.1300000 -12.9130945
0.1310000 37.7641296
0.1320000 -53.5488014
0.1330000 34.3354416
0.1340000 14.9545345
0.1350000 -4.2605934
0.1360000 -32.6823273
0.1370000 -20.6629009
0.1380000 -7.2351737
0.1390000 -37.8340607
0.1400000 -13.9174547
0.1410000 -10.5513439
0.1420000 -24.9328213
0.1430000 3.9493110
0.1440000 -14.1513128
0.1450000 -37.7311821
0.1460000 8.6829472
0.1470000 -9.5982885
0.1480000 46.0092354
0.1490000 34.2881508
0.1500000 -0.4567518
0.1510000 -33.5681915
0.1520000 44.1805649
0.1530000 -41.2549973
0.1540000 39.5331535
0.1550000 -35.0636063
0.1560000 21.7171154
0.1570000 23.4773045
0.1580000 5.4960866
0.1590000 2.5662448
0.1600000 25.4557705
0.1610000 -14.2725010
0.1620000 -20.9555435
0.1630000 51.6309242
0.1640000 -22.3155899
0.1650000 20.9830093
0.1660000 20.8791237
0.1670000 6.4953403
0.1680000 -13.5681124
0.1690000 39.8053513
0.1700000 43.1355324
0.1710000 17.6712589
0.1720000 -73.2117233
0.1730000 9.7467279
0.1740000 -31.4321156
0.1750000 2.2629910
0.1760000 61.4316292
0.1770000 -4.2306471
0.1780000 19.6680660
0.1790000 -6.2770662
0.1800000 17.1551895
0.1810000 -41.8499336
0.1820000 -19.5021400
0.1830000 -9.6896362
0.1840000 27.1968479
0.1850000 17.6397800
0.1860000 21.1822968
0.1870000 -89.8958893
0.1880000 31.2361279
0.1890000 -44.3379211
0.1900000 0.0021851
0.1910000 -19.3158207
0.1920000 -85.4937134
0.1930000 -57.4769173
0.1940000 -68.9143372
0.1950000 8.3097477
0.1960000 -40.8782768
0.1970000 -36.8838654
0.1980000 -22.4865112
0.1990000 -27.0792084
0.2000000 -63.3220215
0.2010000 41.5397530
0.2020000 -23.6105404
0.2030000 -17.1404057
0.2040000 -24.3483353
0.2050000 -38.6632957
0.2060000 -1.1063006
0.2070000 17.3335896
0.2080000 -65.5390549
0.2090000 68.8049088
0.2100000 41.8008881
0.2110000 6.3572168
0.2120000 -22.0494843
0.2130000 27.3327141
0.2140000 -22.5586853
0.2150000 2.9322467
0.2160000 -12.4319153
0.2170000 11.7157669
0.2180000 -39.0264397
0.2190000 -56.2496986
0.2200000 14.9369240
0.2210000 7.3107448
0.2220000 7.2047873
0.2230000 46.0283928
0.2240000 -49.9162636
0.2250000 -30.6116772
0.2260000 28.3696442
0.2270000 9.2324429
0.2280000 -53.2841377
0.2290000 -8.0583000
0.2300000 44.4935799
0.2310000 20.4697227
0.2320000 -14.3761768
0.2330000 14.8787994
0.2340000 16.5619316
0.2350000 -11.6285391
0.2360000 -10.2937565
0.2370000 -55.9852180
0.2380000 -50.0029678
0.2390000 -7.6251025
0.2400000 54.2783089
0.2410000 7.6275382
0.2420000 16.1034679
0.2430000 -6.5508194
0.2440000 -6.0583053
0.2450000 -16.0139599
0.2460000 1.2636578
0.2470000 28.4541779
0.2480000 -50.1406441
0.2490000 -27.3319492
0.2500000 1.6951804
0.2510000 -1.4287022
0.2520000 -11.9529486
0.2530000 -34.5116768
0.2540000 34.6330566
0.2550000 -33.4867439
0.2560000 12.0113430
0.2570000 1.1486955
0.2580000 -9.4852533
0.2590000 -61.8220062
0.2600000 -1.7075042
0.2610000 -4.0157137
0.2620000 -6.1320262
0.2630000 23.7533340
0.2640000 -42.0215416
0.2650000 -10.4217272
0.2660000 -24.5853882
0.2670000 16.9503021
0.2680000 -21.5963078
0.2690000 -8.6935730
0.2700000 -40.9747505
0.2710000 -32.3935623
0.2720000 29.7625351
0.2730000 -17.0880699
0.2740000 -23.4615650
0.2750000 27.1716290
0.2760000 -24.9838486
0.2770000 33.3269501
0.2780000 -78.8012695
0.2790000 13.2273703
0.2800000 -32.4434700
0.2810000 -4.7150593
0.2820000 72.1718674
0.2830000 31.0251026
0.2840000 -3.0906258
0.2850000 18.6596279
0.2860000 10.6822701
0.2870000 -19.1873245
0.2880000 6.6625571
0.2890000 -49.6139641
0.2900000 22.1475716
0.2910000 -36.1188469
0.2920000 -13.3704042
0.2930000 -10.9883213
0.2940000 -30.3885460
0.2950000 18.3163967
0.2960000 -25.0580711
0.2970000 0.5027722
0.2980000 34.4470863
0.2990000 -17.6470909
0.3000000 -8.6150885
0.3010000 -15.2118912
0.3020000 55.8439903
0.3030000 -34.7897797
0.3040000 13.8014107
0.3050000 -37.9181595
0.3060000 -11.2909184
0.3070000 -4.1503205
0.3080000 32.6967583
0.3090000 -17.1620502
0.3100000 -33.6606522
0.3110000 -47.1601410
0.3120000 59.5765343
0.3130000 11.9224091
0.3140000 8.4987659
0.3150000 -84.7344360
0.3160000 59.7042313
0.3170000 62.6340027
0.3180000 -34.1526604
0.3190000 -27.6303387
0.3200000 -15.3826828
0.3210000 20.0245342
0.3220000 7.9625783
0.3230000 -25.2941132
0.3240000 22.9988632
0.3250000 -33.6307602
0.3260000 51.4023972
0.3270000 -29.5629616
0.3280000 24.0188084
0.3290000 -10.2125578
0.3300000 29.8165112
0.3310000 -30.7529640
0.3320000 -101.3354721
0.3330000 42.5740585
0.3340000 21.3487549
0.3350000 -43.3891182
0.3360000 3.8925576
0.3370000 -35.6659775
0.3380000 31.2585125
0.3390000 31.4960899
0.3400000 -57.1505585
0.3410000 19.8030548
0.3420000 -1.9947772
0.3430000 -64.7182922
0.3440000 -9.8496799
0.3450000 -23.3090954
0.3460000 -15.0805254
0.3470000 2.9587121
0.3480000 -9.7104120
0.3490000 -15.5353031
0.3500000 18.5165462
0.3510000 -14.5330830
0.3520000 -8.7583618
0.3530000 -67.2795258
0.3540000 -64.3498764
0.3550000 -12.8424664
0.3560000 38.0950089
0.3570000 5.3814764
0.3580000 36.1473045
0.3590000 -55.0861206
0.3600000 38.4331703
0.3610000 6.2767992
0.3620000 35.1156883
0.3630000 62.7475243
0.3640000 0.1322206
0.3650000 -35.4819527
0.3660000 -2.8644247
0.3670000 -22.2016983
0.3680000 2.6513717
0.3690000 1.4251188
0.3700000 -4.9223161
0.3710000 -16.8689556
0.3720000 -22.8091507
0.3730000 -97.4873276
0.3740000 49.2620239
0.3750000 -66.9356537
0.3760000 -1.2754864
0.3770000 -11.0084105
0.3780000 -2.3326013
0.3790000 26.2153873
0.3800000 38.6077118
0.3810000 -67.2315369
0.3820000 -0.3617505
0.3830000 -15.2165747
0.3840000 12.5975151
0.3850000 -3.9750454
0.3860000 -3.8230193
0.3870000 21.9331532
0.3880000 -19.5017605
0.3890000 -4.4886742
0.3900000 -25.5258636
0.3910000 -64.2442932
0.3920000 -4.1513171
0.3930000 51.3981819
0.3940000 -12.3107643
0.3950000 -38.4260483
0.3960000 1.0431297
0.3970000 -26.7654438
0.3980000 -11.0413094
0.3990000 -11.9937220
0.4000000 -59.9837151
0.4010000 0.0221064
0.4020000 12.0957375
0.4030000 -31.7981491
0.4040000 10.2657423
0.4050000 -53.0802917
0.4060000 0.6395218
0.4070000 -67.0097504
0.4080000 49.5107841
0.4090000 17.5042114
0.4100000 -25.1774654
0.4110000 19.9161797
0.4120000 52.6476326
0.4130000 -8.9769306
0.4140000 10.3671503
0.4150000 29.3240471
0.4160000 -41.4616623
0.4170000 14.1186857
0.4180000 -57.6658592
0.4190000 19.9374065
0.4200000 -26.1231461
0.4210000 -9.4414606
0.4220000 -54.1634827
0.4230000 -12.8339224
0.4240000 7.5790524
0.4250000 -2.3839245
0.4260000 -42.2413177
0.4270000 39.8363686
0.4280000 -17.2945709
0.4290000 -14.5209532
0.4300000 -71.0259628
0.4310000 23.1948433
0.4320000 -50.1831245
0.4330000 27.7612839
0.4340000 24.6731701
0.4350000 53.2930145
0.4360000 -13.9638081
0.4370000 19.6847820
0.4380000 2.5140650
0.4390000 -17.5289879
0.4400000 36.8196144
0.4410000 -1.5276594
0.4420000 41.0569725
0.4430000 -8.6392431
0.4440000 14.9427319
0.4450000 -23.7936707
0.4460000 -12.2135344
0.4470000 49.5318069
0.4480000 -11.7425852
0.4490000 28.0693092
0.4500000 26.0142097
0.4510000 -21.1533222
0.4520000 -23.6641445
0.4530000 -9.2938004
0.4540000 -9.2746229
0.4550000 -27.3343315
0.4560000 -9.7751274
0.4570000 41.0815048
0.4580000 -6.8802042
0.4590000 60.2434006
0.4600000 5.7427731
0.4610000 -5.6808553
0.4620000 -21.9813976
0.4630000 -3.8093591
0.4640000 6.0483985
0.4650000 49.9504280
0.4660000 12.2586355
0.4670000 -32.4798965
0.4680000 50.2014465
0.4690000 -13.5522404
0.4700000 3.0362976
0.4710000 14.3330879
0.4720000 0.1242459
0.4730000 -69.0731659
0.4740000 20.2217484
0.4750000 27.0465221
0.4760000 45.4380302
0.4770000 -16.6195316
0.4780000 -34.5634880
0.4790000 11.5078659
0.4800000 22.8051605
0.4810000 0.1116483
0.4820000 -4.5590382
0.4830000 17.9007053
0.4840000 -48.2909431
0.4850000 34.2494507
0.4860000 -3.3962247
0.4870000 81.9071579
0.4880000 -49.1536064
0.4890000 -48.1360741
0.4900000 -22.8182869
0.4910000 -7.0601587
0.4920000 29.8642540
0.4930000 -2.9893928
0.4940000 -1.5227433
0.4950000 27.1414738
0.4960000 -45.9441795
0.4970000 22.3041096
0.4980000 15.9498453
0.4990000 30.1368618
0.5000000 41.5643196
0.5010000 -62.1029625
0.5020000 14.2474213
0.5030000 -35.2363663
0.5040000 -7.6871872
0.5050000 30.7440128
0.5060000 -32.4621162
0.5070000 -3.7901003
0.5080000 -64.0888672
0.5090000 -44.4432220
0.5100000 -30.1542568
0.5110000 -2.1269016
0.5120000 40.6297722
0.5130000 47.5229759
0.5140000 -10.4156933
0.5150000 40.4515419
0.5160000 2.2437005
0.5170000 6.5389085
0.5180000 -23.5659943
0.5190000 24.3089886
0.5200000 -16.7188797
0.5210000 -43.0656509
0.5220000 0.9145362
0.5230000 -27.8907280
0.5240000 -31.0756836
0.5250000 -19.6761742
0.5260000 -13.0472012
0.5270000 5.7885780
0.5280000 -1.3593378
0.5290000 27.2180672
0.5300000 8.5302420
0.5310000 -6.7158041
0.5320000 46.7221947
0.5330000 -44.7291527
0.5340000 -19.9189243
0.5350000 -7.0181785
0.5360000 4.1798177
0.5370000 34.7897568
0.5380000 9.2619715
0.5390000 -2.3252254
0.5400000 36.1956520
0.5410000 -31.9064331
0.5420000 24.0357437
0.5430000 -1.2464287
0.5440000 24.1728153
0.5450000 -40.3800659
0.5460000 -14.8329372
0.5470000 19.3039856
0.5480000 113.1872177
0.5490000 25.0793781
0.5500000 37.8715706
0.5510000 12.0155706
0.5520000 5.9415202
0.5530000 -40.1084862
0.5540000 12.9309425
0.5550000 6.7524195
0.5560000 30.8128433
0.5570000 18.8081665
0.5580000 -29.0203362
0.5590000 2.0069301
0.5600000 -15.9905767
0.5610000 -2.9743369
0.5620000 -43.2073517
0.5630000 -26.9531574
0.5640000 -60.2283173
0.5650000 -27.8653717
0.5660000 -39.2924309
0.5670000 -3.8408775
0.5680000 -4.1661835
0.5690000 34.3496857
0.5700000 38.0472260
0.5710000 -6.7668390
0.5720000 -10.5144224
0.5730000 19.6753578
0.5740000 24.2712860
0.5750000 8.6253462
0.5760000 56.0745125
0.5770000 34.4070168
0.5780000 -38.0095978
0.5790000 59.2336082
0.5800000 15.6843977
0.5810000 6.7711134
0.5820000 -55.5627136
0.5830000 13.7207556
0.5840000 -40.0544815
0.5850000 -25.4452133
0.5860000 58.4559212
0.5870000 -11.4518576
0.5880000 -3.9567337
0.5890000 27.6621284
0.5900000 18.5606956
0.5910000 -57.3897629
0.5920000 10.2487068
0.5930000 4.1181955
0.5940000 55.0611916
0.5950000 45.8440437
0.5960000 37.0445328
0.5970000 -38.3834152
0.5980000 4.7768564
0.5990000 8.0701790
0.6000000 -8.7819290
0.6010000 53.3521500
0.6020000 25.7667160
0.6030000 25.4510155
0.6040000 -33.2568703
0.6050000 3.2968104
0.6060000 -10.1049194
0.6070000 -17.9146023
0.6080000 58.4164619
0.6090000 -13.4235525
0.6100000 -18.4363041
0.6110000 9.6219416
0.6120000 14.7275219
0.6130000 53.7483673
0.6140000 38.5608673
0.6150000 -47.6354179
0.6160000 72.4373474
0.6170000 9.6106167
0.6180000 -11.9807167
0.6190000 -12.0029564
0.6200000 20.2870445
0.6210000 67.7913589
0.6220000 44.2833481
0.6230000 -11.4769869
0.6240000 40.9192619
0.6250000 -23.1047401
0.6260000 -12.5703011
0.6270000 -14.7903681
0.6280000 -16.5165348
0.6290000 -12.3403616
0.6300000 3.6431258
0.6310000 1.8821006
0.6320000 -15.9204321
0.6330000 -36.0427094
0.6340000 -16.3953209
0.6350000 87.5266418
0.6360000 -1.5800148
0.6370000 -54.5346642
0.6380000 -14.8006792
0.6390000 -24.9660206
0.6400000 -17.0623627
0.6410000 -21.7013416
0.6420000 58.9819832
0.6430000 21.6170349
0.6440000 12.5073481
0.6450000 20.1395493
0.6460000 20.5726891
0.6470000 -47.8421593
0.6480000 21.1088352
0.6490000 20.8637009
0.6500000 -29.5782585
0.6510000 -33.0326080
0.6520000 21.1458073
0.6530000 17.9450550
0.6540000 -27.6443100
0.6550000 -11.0215569
0.6560000 15.9013872
0.6570000 33.4285507
0.6580000 6.1357741
0.6590000 63.0531235
0.6600000 24.5611286
0.6610000 12.8887453
0.6620000 2.0158792
0.6630000 -39.0198708
0.6640000 34.1262665
0.6650000 4.9555278
0.6660000 -68.9644547
0.6670000 -35.3296242
0.6680000 -4.5740504
0.6690000 27.2664242
0.6700000 36.7189407
0.6710000 6.9959373
0.6720000 7.5962930
0.6730000 -43.8552856
0.6740000 -20.4298840
0.6750000 -48.4479866
0.6760000 -20.9718170
0.6770000 14.1053677
0.6780000 -3.2653606
0.6790000 -19.5876389
0.6800000 -85.5369568
0.6810000 52.2674408
0.6820000 -8.9180107
0.6830000 6.9148693
0.6840000 -15.4076271
0.6850000 76.6844940
0.6860000 -5.1104131
0.6870000 -39.5657310
0.6880000 -17.9610653
0.6890000 45.0121613
0.6900000 -0.1609284
0.6910000 16.6817856
0.6920000 16.4650803
0.6930000 20.1976910
0.6940000 -31.8214722
0.6950000 -25.1630249
0.6960000 -17.3424416
0.6970000 -25.8067112
0.6980000 74.4924774
0.6990000 72.2503433
0.7000000 1.8779924
0.7010000 -29.7619019
0.7020000 20.0190620
0.7030000 -3.2496927
0.7040000 -37.3251419
0.7050000 11.2138081
0.7060000 -29.6144218
0.7070000 58.5683479
0.7080000 -1.9363519
0.7090000 32.5649910
0.7100000 16.1470470
0.7110000 -22.5483055
0.7120000 64.8061600
0.7130000 -2.9156253
0.7140000 -36.0207672
0.7150000 -41.7787857
0.7160000 35.2881279
0.7170000 0.2748688
0.7180000 -13.6242037
0.7190000 -0.1119938
0.7200000 33.7022095
0.7210000 4.9735279
0.7220000 -5.2675138
0.7230000 36.8508530
0.7240000 11.2407322
0.7250000 -5.2474003
0.7260000 29.0891533
0.7270000 23.9361839
0.7280000 -21.3589821
0.7290000 -20.5981121
0.7300000 3.1563904
0.7310000 -1.7769567
0.7320000 -23.7780304
0.7330000 -88.8261414
0.7340000 3.3410187
0.7350000 10.6484604
0.7360000 -56.5985718
0.7370000 46.1895142
0.7380000 -6.6289725
0.7390000 22.3571777
0.7400000 -0.2161785
0.7410000 -18.2523937
0.7420000 57.4754829
0.7430000 2.2243283
0.7440000 -1.9769757
0.7450000 -31.9580669
0.7460000 47.7937813
0.7470000 -10.0455217
0.7480000 0.8242603
0.7490000 10.5748091
0.7500000 5.3099599
0.7510000 8.7259188
0.7520000 -16.2053986
0.7530000 -20.1863232
0.7540000 -38.0612793
0.7550000 -11.9953985
0.7560000 43.5952110
0.7570000 16.9741268
0.7580000 -46.3956451
0.7590000 54.8858566
0.7600000 28.7028370
0.7610000 -20.6265697
0.7620000 -53.2874870
0.7630000 -43.1444550
0.7640000 -4.9272661
0.7650000 39.7359962
0.7660000 -41.5783653
0.7670000 31.2580948
0.7680000 -6.6113420
0.7690000 -60.3556633
0.7700000 92.8672867
0.7710000 -10.4484711
0.7720000 14.3814945
0.7730000 -11.8091640
0.7740000 -33.0265388
0.7750000 22.3439407
0.7760000 -34.4184761
0.7770000 -12.6545668
0.7780000 6.6818213
0.7790000 19.1102924
0.7800000 -10.7998142
0.7810000 -11.3066406
0.7820000 62.8651009
0.7830000 22.2939777
0.7840000 52.7742386
0.7850000 92.0299988
0.7860000 8.9407768
0.7870000 -23.4895535
0.7880000 7.5260582
0.7890000 -11.0259218
0.7900000 -41.2398148
0.7910000 -6.0311027
0.7920000 65.5110550
0.7930000 77.6319733
0.7940000 -24.3533192
0.7950000 14.6381083
0.7960000 89.1696167
0.7970000 -35.2111359
0.7980000 20.0440769
0.7990000 -24.5759239
0.8000000 -18.2183170
0.8010000 -11.2266331
0.8020000 -57.7774811
0.8030000 55.7584114
0.8040000 43.3837852
0.8050000 -19.8107433
0.8060000 56.8445091
0.8070000 25.5002251
0.8080000 11.2045717
0.8090000 14.4522762
0.8100000 -20.4048615
0.8110000 102.5431671
0.8120000 61.1184349
0.8130000 -7.0019217
0.8140000 -7.3532701
0.8150000 -40.4491768
0.8160000 45.8312149
0.8170000 -54.6638260
0.8180000 61.0324211
0.8190000 23.7205753
0.8200000 -1.6080662
0.8210000 0.2446619
0.8220000 -0.7258340
0.8230000 -53.9092789
0.8240000 72.2002640
0.8250000 5.1340203
0.8260000 -54.3585968
0.8270000 15.9772787
0.8280000 18.8860569
0.8290000 -36.7634125
0.8300000 -41.4036560
0.8310000 -17.3300476
0.8320000 -9.8397589
0.8330000 41.1771851
0.8340000 22.9578876
0.8350000 -47.5742188
0.8360000 46.9282379
0.8370000 24.0155087
0.8380000 -14.9186916
0.8390000 -16.3086567
0.8400000 15.9379387
0.8410000 -20.3499794
0.8420000 60.3750954
0.8430000 -19.9283199
0.8440000 14.0372229
0.8450000 36.7637405
0.8460000 -25.0388660
0.8470000 27.2127686
0.8480000 21.3404064
0.8490000 -45.3725433
0.8500000 -29.5468769
0.8510000 -5.3831515
0.8520000 -44.3364830
0.8530000 -6.3269186
0.8540000 -24.2585907
0.8550000 6.2651610
0.8560000 -30.3674145
0.8570000 5.0176668
0.8580000 -27.3512020
0.8590000 4.9617820
0.8600000 -1.5232711
0.8610000 49.6186752
0.8620000 2.8402236
0.8630000 30.6221867
0.8640000 -45.1152267
0.8650000 -23.2215157
0.8660000 -41.4417305
0.8670000 78.9097824
0.8680000 34.3495636
0.8690000 27.4881744
0.8700000 49.6004372
0.8710000 -1.6612685
0.8720000 -7.2775259
0.8730000 -23.5330830
0.8740000 -76.3699875
0.8750000 -51.9390717
0.8760000 7.3208466
0.8770000 15.9191484
0.8780000 19.9357643
0.8790000 0.1271052
0.8800000 -10.7697477
0.8810000 -5.7823348
0.8820000 59.8065605
0.8830000 -23.7524643
0.8840000 -37.3766556
0.8850000 -47.3066254
0.8860000 9.0848036
0.8870000 0.6214972
0.8880000 12.6980963
0.8890000 19.9890079
0.8900000 -29.7676144
0.8910000 -21.8903313
0.8920000 -74.1942062
0.8930000 -44.3246384
0.8940000 59.4295807
0.8950000 7.4675074
0.8960000 -20.5242558
0.8970000 -26.3130379
0.8980000 20.9195881
0.8990000 28.6214390
0.9000000 33.0994568
0.9010000 111.3572235
0.9020000 -9.7831268
0.9030000 -53.6636734
0.9040000 20.0028915
0.9050000 12.4983454
0.9060000 21.6974277
0.9070000 -32.5617332
0.9080000 87.5038757
0.9090000 10.6722097
0.9100000 -32.0379639
0.9110000 -32.4099655
0.9120000 -40.5372391
0.9130000 -35.2144814
0.9140000 -21.1058559
0.9150000 -30.2448559
0.9160000 23.9664211
0.9170000 -13.3203106
0.9180000 -62.1503410
0.9190000 1.2700176
0.9200000 72.0618896
0.9210000 -15.1920366
0.9220000 -42.6133156
0.9230000 82.2281494
0.9240000 -15.6769161
0.9250000 -29.5194416
0.9260000 71.5325089
0.9270000 48.4810753
0.9280000 37.4637909
0.9290000 -43.8851433
0.9300000 -1.9598159
0.9310000 -76.2786560
0.9320000 -41.6607475
0.9330000 3.6973631
0.9340000 29.6612415
0.9350000 57.0558395
0.9360000 -41.8026962
0.9370000 -23.5663891
0.9380000 -79.8276138
0.9390000 43.2516136
0.9400000 57.9916344
0.9410000 21.2511692
0.9420000 32.6873283
0.9430000 17.8057156
0.9440000 -88.6718063
0.9450000 -55.2173653
0.9460000 -29.2799606
0.9470000 108.3550415
0.9480000 19.3645096
0.9490000 6.4919648
0.9500000 24.5042305
0.9510000 -37.2863846
0.9520000 1.3134443
0.9530000 4.4378676
0.9540000 -12.0311537
0.9550000 11.5816574
0.9560000 42.5726547
0.9570000 17.7341843
0.9580000 19.7439919
0.9590000 25.1415272
0.9600000 8.0435905
0.9610000 36.3909607
0.9620000 -16.9509811
0.9630000 -13.0784693
0.9640000 1.0516859
0.9650000 1.1707064
0.9660000 16.2552986
0.9670000 -49.6441383
0.9680000 -20.6047878
0.9690000 23.2257175
0.9700000 -18.7839718
0.9710000 30.3375969
0.9720000 24.2788811
0.9730000 1.9739668
0.9740000 -16.2958794
0.9750000 -8.6405926
0.9760000 -4.0916610
0.9770000 -40.8522072
0.9780000 -35.9446182
0.9790000 9.5767736
0.9800000 -14.9595423
0.9810000 30.8226280
0.9820000 12.7255316
0.9830000 2.3340690
0.9840000 -78.3512650
0.9850000 70.2820129
0.9860000 47.3479309
0.9870000 -22.7217102
0.9880000 61.6098099
0.9890000 -10.6565552
0.9900000 22.0787048
0.9910000 -23.6105118
0.9920000 -30.6192570
0.9930000 -9.4496794
0.9940000 -54.5819588
0.9950000 -18.9850502
0.9960000 17.1103630
0.9970000 -0.5294936
0.9980000 -2.6455441
0.9990000 43.2796783
