0.0000000 29.4663334
0.0010000 -3.0113478
0.0020000 -1.5683876
0.0030000 43.1993866
0.0040000 -18.1062489
0.0050000 17.7756424
0.0060000 -67.4716949
0.0070000 -30.3634090
0.0080000 27.7766991
0.0090000 -12.7288437
0.0100000 24.3971157
0.0110000 22.5245914
0.0120000 -21.8631496
0.0130000 -25.0617905
0.0140000 13.4541988
0.0150000 -5.8597360
0.0160000 3.0356846
0.0170000 102.6780777
0.0180000 3.2365310
0.0190000 55.2090302
0.0200000 -8.4873819
0.0210000 7.7566185
0.0220000 19.1020947
0.0230000 -79.4297180
0.0240000 -41.1543350
0.0250000 33.6457558
0.0260000 81.4609528
0.0270000 -33.4290810
0.0280000 -66.1746292
0.0290000 -19.4383965
0.0300000 19.5484142
0.0310000 -4.4087505
0.0320000 -25.9133892
0.0330000 30.5458107
0.0340000 -56.9492073
0.0350000 -22.1545315
0.0360000 -3.2531698
0.0370000 -40.6223946
0.0380000 -77.7964706
0.0390000 10.9001980
0.0400000 7.3343883
0.0410000 -7.3890986
0.0420000 -71.8847580
0.0430000 -105.8746185
0.0440000 -1.0790592
0.0450000 19.8481750
0.0460000 -1.2372063
0.0470000 -71.3520584
0.0480000 -61.8523636
0.0490000 13.8549900
0.0500000 13.9442339
0.0510000 31.6156425
0.0520000 20.9503918
0.0530000 -17.5147457
0.0540000 37.0033379
0.0550000 14.7482052
0.0560000 34.2375908
0.0570000 3.9277234
0.0580000 1.6661685
0.0590000 -39.3215561
0.0600000 -15.0612373
0.0610000 23.1110649
0.0620000 34.2625885
0.0630000 26.2440720
0.0640000 -11.2816019
0.0650000 -35.1152039
0.0660000 48.5621262
0.0670000 8.4724817
0.0680000 -20.1580315
0.0690000 66.7658310
0.0700000 -37.5922775
0.0710000 10.0676031
0.0720000 21.0312576
0.0730000 30.0141449
0.0740000 -14.2013607
0.0750000 2.3467352
0.0760000 -0.8482693
0.0770000 -20.4994755
0.0780000 -70.6420135
0.0790000 8.5603848
0.0800000 30.5220184
0.0810000 -13.6948366
0.0820000 -12.3723497
0.0830000 46.6080627
0.0840000 -35.6053658
0.0850000 8.2614603
0.0860000 -12.4011030
0.0870000 15.0425978
0.0880000 -70.1128082
0.0890000 -3.6802092
0.0900000 -7.9103742
0.0910000 -30.2455349
0.0920000 -11.9133978
0.0930000 -16.7846622
0.0940000 12.0283899
0.0950000 25.1544132
0.0960000 -0.6909956
0.0970000 -40.8633423
0.0980000 4.0447512
0.0990000 13.7886162
0.1000000 -2.3863893
0.1010000 16.0704021
0.1020000 -49.8877563
0.1030000 59.6319923
0.1040000 34.7331352
0.1050000 -25.2172489
0.1060000 -107.2470779
0.1070000 -25.6274433
0.1080000 -61.0662041
0.1090000 14.2939873
0.1100000 8.6280107
0.1110000 0.2883664
0.1120000 80.8245010
0.1130000 -5.3413043
0.1140000 -7.7443709
0.1150000 23.6643028
0.1160000 26.4674225
0.1170000 -8.2806635
0.1180000 6.7059865
0.1190000 0.3575777
0.1200000 19.4998875
0.1210000 -38.9128876
0.1220000 33.0067787
0.1230000 57.9279633
0.1240000 -10.9633198
0.1250000 -40.6802444
0.1260000 0.2992298
0.1270000 -11.8536177
0.1280000 28.0273438
0.1290000 53.5731773
0.1300000 3.5803993
0.1310000 83.0718155
0.1320000 27.9289150
0.1330000 23.0331955
0.1340000 18.6694088
0.1350000 -28.3665485
0.1360000 4.5106812
0.1370000 -52.8206863
0.1380000 -22.8529510
0.1390000 1.8082135
0.1400000 -52.1963654
0.1410000 -8.5819550
0.1420000 34.1392860
0.1430000 -36.7778168
0.1440000 41.5703506
0.1450000 25.3399239
0.1460000 -68.3305435
0.1470000 -25.1105251
0.1480000 16.6367970
0.1490000 96.0816269
0.1500000 -15.8581896
0.1510000 -13.0460997
0.1520000 -0.8207877
0.1530000 29.5199585
0.1540000 4.7018871
0.1550000 16.0770969
0.1560000 -27.6551800
0.1570000 8.6008768
0.1580000 55.3167686
0.1590000 -57.7898254
0.1600000 -96.6662369
0.1610000 -13.2888021
0.1620000 55.0146561
0.1630000 -0.1142448
0.1640000 10.0619345
0.1650000 -28.7232018
0.1660000 38.8277626
0.1670000 2.2573252
0.1680000 32.2969971
0.1690000 9.4879408
0.1700000 3.6017900
0.1710000 -6.0671210
0.1720000 14.1405611
0.1730000 8.5440121
0.1740000 -25.6200409
0.1750000 -63.8228416
0.1760000 -19.3609695
0.1770000 -55.2740440
0.1780000 -3.2940164
0.1790000 -25.7015381
0.1800000 -49.3389168
0.1810000 -28.4487247
0.1820000 7.1270237
0.1830000 42.7617149
0.1840000 50.7111549
0.1850000 -22.3772545
0.1860000 -52.5597000
0.1870000 -9.4909105
0.1880000 4.0945411
0.1890000 31.4335880
0.1900000 -71.5515976
0.1910000 23.8115444
0.1920000 -30.7390232
0.1930000 -31.7458687
0.1940000 -22.4514675
0.1950000 5.3169498
0.1960000 4.2176089
0.1970000 6.2662468
0.1980000 24.5364056
0.1990000 -13.7591629
0.2000000 -4.5352111
0.2010000 10.7304287
0.2020000 0.8852662
0.2030000 10.1765842
0.2040000 -40.6972656
0.2050000 3.5599163
0.2060000 -28.7039242
0.2070000 15.9488888
0.2080000 58.8387756
0.2090000 -19.5805244
0.2100000 -21.9105968
0.2110000 11.2999926
0.2120000 -54.0930138
0.2130000 -9.4431705
0.2140000 58.1732635
0.2150000 -3.0819173
0.2160000 -38.2166100
0.2170000 1.7704629
0.2180000 35.2074585
0.2190000 28.2154121
0.2200000 19.6896496
0.2210000 -10.6684980
0.2220000 -32.0023155
0.2230000 -43.5870247
0.2240000 -7.5935702
0.2250000 21.0479984
0.2260000 -24.6360188
0.2270000 68.2604370
0.2280000 16.1321964
0.2290000 31.5028896
0.2300000 -7.4817920
0.2310000 7.6628218
0.2320000 -7.7703338
0.2330000 -23.1411495
0.2340000 3.5711613
0.2350000 -13.9905329
0.2360000 -37.7981644
0.2370000 -17.2078857
0.2380000 36.7070541
0.2390000 -21.7151794
0.2400000 -15.1177101
0.2410000 32.0923996
0.2420000 -12.4471235
0.2430000 38.0682373
0.2440000 21.2477989
0.2450000 -48.5411949
0.2460000 30.3878345
0.2470000 -31.2235012
0.2480000 62.5961609
0.2490000 -6.3925643
0.2500000 47.0854607
0.2510000 11.7553339
0.2520000 -85.0570831
0.2530000 3.4811442
0.2540000 7.6117797
0.2550000 -18.5591278
0.2560000 13.9969902
0.2570000 -30.7624016
0.2580000 19.2495461
0.2590000 43.3841782
0.2600000 0.9228152
0.2610000 20.8542328
0.2620000 5.4519362
0.2630000 -17.4109650
0.2640000 -16.5950375
0.2650000 -35.4647560
0.2660000 56.4866371
0.2670000 26.7978497
0.2680000 -6.6208391
0.2690000 22.9276199
0.2700000 -68.9731674
0.2710000 -4.9243917
0.2720000 12.0373974
0.2730000 56.2569656
0.2740000 -34.4616356
0.2750000 21.6360226
0.2760000 22.0661659
0.2770000 -15.6672163
0.2780000 18.5435543
0.2790000 9.9718590
0.2800000 -9.5621700
0.2810000 54.0987473
0.2820000 34.7853203
0.2830000 -43.0833664
0.2840000 -35.7772560
0.2850000 -23.8989716
0.2860000 30.7354126
0.2870000 43.9907837
0.2880000 20.1114883
0.2890000 41.2185516
0.2900000 -57.3873177
0.2910000 32.3610840
0.2920000 -3.3438742
0.2930000 -50.3274651
0.2940000 6.7525096
0.2950000 12.2609148
0.2960000 22.3102875
0.2970000 -8.0813646
0.2980000 -50.4441986
0.2990000 -65.7316589
0.3000000 -6.5054946
0.3010000 17.3626347
0.3020000 23.7408123
0.3030000 -20.5621281
0.3040000 41.2717628
0.3050000 49.5048866
0.3060000 -18.8042622
0.3070000 17.9747238
0.3080000 -61.7356834
0.3090000 -6.7874746
0.3100000 -59.4607849
0.3110000 -54.3013382
0.3120000 -22.3013172
0.3130000 -31.3569870
0.3140000 35.4647446
0.3150000 -2.2871721
0.3160000 -11.0216312
0.3170000 -2.5057762
0.3180000 43.8227348
0.3190000 -8.5583305
0.3200000 -42.9722710
0.3210000 13.2098207
0.3220000 -68.1740112
0.3230000 -24.6769524
0.3240000 20.6773777
0.3250000 -33.2027130
0.3260000 -3.0938885
0.3270000 35.1858711
0.3280000 -27.2278519
0.3290000 -24.8422184
0.3300000 -25.9122639
0.3310000 30.0549316
0.3320000 -31.2218170
0.3330000 20.1387615
0.3340000 76.4065704
0.3350000 -9.7566538
0.3360000 -9.0710030
0.3370000 27.3731689
0.3380000 60.3586159
0.3390000 32.9775696
0.3400000 -49.4572983
0.3410000 -35.6166534
0.3420000 -14.8009863
0.3430000 17.5590649
0.3440000 -31.0925941
0.3450000 -1.1800588
0.3460000 -72.7905502
0.3470000 55.9890823
0.3480000 -13.3332586
0.3490000 -31.4857903
0.3500000 -16.7394314
0.3510000 -3.1876030
0.3520000 50.5711823
0.3530000 36.3497734
0.3540000 -1.4907100
0.3550000 42.6381378
0.3560000 52.0603294
0.3570000 -21.1412697
0.3580000 15.8747396
0.3590000 24.5753956
0.3600000 -36.0334740
0.3610000 -58.2421646
0.3620000 9.7539558
0.3630000 10.6204233
0.3640000 19.3225880
0.3650000 15.4685125
0.3660000 8.9748259
0.3670000 -31.2531853
0.3680000 -9.9423409
0.3690000 -82.0741196
0.3700000 58.6701622
0.3710000 24.9331379
0.3720000 9.0476751
0.3730000 50.5244255
0.3740000 2.0104923
0.3750000 -37.6769447
0.3760000 3.4567904
0.3770000 -12.7675657
0.3780000 39.4374924
0.3790000 -3.0188437
0.3800000 86.0025864
0.3810000 -10.0548315
0.3820000 -41.9151268
0.3830000 -43.7332458
0.3840000 -17.8142605
0.3850000 14.9160328
0.3860000 2.3513465
0.3870000 23.2605724
0.3880000 -56.1463737
0.3890000 -30.9459858
0.3900000 -46.3599129
0.3910000 -11.0830030
0.3920000 35.4543571
0.3930000 97.2402039
0.3940000 -40.2136307
0.3950000 -30.6170387
0.3960000 -37.3833389
0.3970000 13.6522951
0.3980000 -42.2030563
0.3990000 -1.0338577
0.4000000 71.3041153
0.4010000 2.0559869
0.4020000 11.3566504
0.4030000 -23.9008617
0.4040000 -11.9894333
0.4050000 -0.7834007
0.4060000 33.4236298
0.4070000 -63.6717987
0.4080000 20.8742733
0.4090000 43.3515701
0.4100000 11.0039587
0.4110000 -12.8243055
0.4120000 -12.8805704
0.4130000 1.8673177
0.4140000 44.1841850
0.4150000 -3.5102463
0.4160000 -38.7201614
0.4170000 12.2880802
0.4180000 6.8447061
0.4190000 -16.5763874
0.4200000 81.4270630
0.4210000 -19.7505245
0.4220000 -10.7830420
0.4230000 36.8141785
0.4240000 -15.7815647
0.4250000 -51.2221985
0.4260000 80.6172943
0.4270000 1.4867582
0.4280000 14.8826780
0.4290000 30.3158016
0.4300000 55.6989899
0.4310000 -67.0268478
0.4320000 -43.1832657
0.4330000 8.7311897
0.4340000 -17.7118893
0.4350000 33.9629288
0.4360000 63.1727829
0.4370000 60.4356880
0.4380000 49.3930511
0.4390000 -12.4271622
0.4400000 -13.8967123
0.4410000 11.7258120
0.4420000 -5.2782741
0.4430000 1.9136450
0.4440000 13.9311657
0.4450000 22.8952293
0.4460000 30.2057705
0.4470000 -28.2230091
0.4480000 -7.6231351
0.4490000 -7.8280888
0.4500000 24.1836395
0.4510000 26.3719864
0.4520000 30.6151619
0.4530000 14.6406374
0.4540000 9.2542171
0.4550000 -14.3765345
0.4560000 62.9086494
0.4570000 -21.6828537
0.4580000 38.7465515
0.4590000 -31.2828979
0.4600000 -26.5957947
0.4610000 -23.4089699
0.4620000 -3.1422122
0.4630000 10.7216778
0.4640000 -61.9477997
0.4650000 -17.6570415
0.4660000 24.8925953
0.4670000 -23.7919235
0.4680000 -37.5821686
0.4690000 49.9163437
0.4700000 19.4867477
0.4710000 22.0892963
0.4720000 76.9930191
0.4730000 -60.7071495
0.4740000 25.6920605
0.4750000 41.4018326
0.4760000 13.7818546
0.4770000 -2.6005960
0.4780000 -91.8907471
0.4790000 95.6213455
0.4800000 12.4051800
0.4810000 -35.5509300
0.4820000 35.3147011
0.4830000 -31.5890713
0.4840000 -76.9328995
0.4850000 -33.0534973
0.4860000 46.6887856
0.4870000 34.3830299
0.4880000 -30.3446598
0.4890000 36.7323380
0.4900000 -16.7149105
0.4910000 -6.7349863
0.4920000 45.0260849
0.4930000 23.7966671
0.4940000 -2.3147235
0.4950000 -38.8606873
0.4960000 99.1561203
0.4970000 17.8764496
0.4980000 -41.8430214
0.4990000 4.7776160
0.5000000 23.7480450
0.5010000 28.4792099
0.5020000 11.9903212
0.5030000 -19.4733238
0.5040000 16.6542187
0.5050000 -39.0791626
0.5060000 18.9611378
0.5070000 -22.7082081
0.5080000 -32.7090530
0.5090000 -14.2958298
0.5100000 18.1506901
0.5110000 -37.2264671
0.5120000 24.0322952
0.5130000 27.8664970
0.5140000 -32.2024918
0.5150000 1.5142918
0.5160000 -56.5183258
0.5170000 15.7882538
0.5180000 -44.8314476
0.5190000 -35.7211227
0.5200000 25.1671028
0.5210000 -63.2105522
0.5220000 -27.0152378
0.5230000 17.0554905
0.5240000 41.5339203
0.5250000 10.5114622
0.5260000 -32.4138336
0.5270000 -56.7257538
0.5280000 39.5763741
0.5290000 -45.8762665
0.5300000 29.4879341
0.5310000 18.2351112
0.5320000 -25.1826382
0.5330000 -76.4039383
0.5340000 12.2115154
0.5350000 60.0860023
0.5360000 -44.7644157
0.5370000 45.2050018
0.5380000 -45.1828117
0.5390000 -17.2425213
0.5400000 29.1734066
0.5410000 -31.2525139
0.5420000 80.0768585
0.5430000 20.3408508
0.5440000 -58.8601418
0.5450000 -38.4619408
0.5460000 -67.4777222
0.5470000 -18.6715870
0.5480000 32.9535255
0.5490000 -3.4275737
0.5500000 4.1574941
0.5510000 -2.6759675
0.5520000 -39.0324631
0.5530000 -46.9129066
0.5540000 -18.4706230
0.5550000 21.4417782
0.5560000 1.2891051
0.5570000 -23.2533588
0.5580000 -13.6387768
0.5590000 -7.6649117
0.5600000 -38.0258942
0.5610000 0.3446760
0.5620000 -43.5924988
0.5630000 41.0847511
0.5640000 20.9907360
0.5650000 -10.4105425
0.5660000 -117.7599030
0.5670000 30.9008598
0.5680000 -54.8572693
0.5690000 24.1510448
0.5700000 45.9715996
0.5710000 -15.7597456
0.5720000 5.5128784
0.5730000 43.1263275
0.5740000 28.4239464
0.5750000 9.3374128
0.5760000 -47.6294746
0.5770000 -1.5857129
0.5780000 0.0126839
0.5790000 -27.4472828
0.5800000 -22.4537354
0.5810000 -42.1553078
0.5820000 11.3412962
0.5830000 47.7045364
0.5840000 -16.4651699
0.5850000 -70.0327682
0.5860000 43.7475891
0.5870000 -10.5344019
0.5880000 -38.0916519
0.5890000 1.5312434
0.5900000 -12.5071688
0.5910000 40.1359177
0.5920000 44.8378906
0.5930000 16.0325241
0.5940000 -19.4292889
0.5950000 -13.2227736
0.5960000 -35.7514687
0.5970000 38.3185997
0.5980000 9.3102512
0.5990000 13.5685091
0.6000000 74.0360031
0.6010000 -27.2011547
0.6020000 -58.9859581
0.6030000 16.5525074
0.6040000 -23.9266777
0.6050000 -4.3063145
0.6060000 -20.4922771
0.6070000 -62.2380295
0.6080000 7.0719323
0.6090000 13.5179348
0.6100000 50.6896553
0.6110000 -66.0634155
0.6120000 -26.3979282
0.6130000 38.1299896
0.6140000 -15.9231920
0.6150000 -10.5196724
0.6160000 -30.5671005
0.6170000 -45.8407135
0.6180000 10.2709303
0.6190000 17.9931583
0.6200000 10.3068008
0.6210000 11.8426228
0.6220000 -24.6781960
0.6230000 24.9843960
0.6240000 14.0344467
0.6250000 -35.8970451
0.6260000 16.8400822
0.6270000 -7.9282432
0.6280000 30.3987694
0.6290000 -8.2582979
0.6300000 6.9446769
0.6310000 -31.2282944
0.6320000 60.2037163
0.6330000 1.1545048
0.6340000 -37.7023201
0.6350000 25.4125595
0.6360000 -1.9511818
0.6370000 -33.9898720
0.6380000 35.0318375
0.6390000 -81.3258972
0.6400000 5.8815818
0.6410000 26.2388039
0.6420000 23.1890392
0.6430000 -31.5231075
0.6440000 -59.6186981
0.6450000 5.9132581
0.6460000 9.6200628
0.6470000 -2.2169664
0.6480000 -39.2088089
0.6490000 -17.7713203
0.6500000 -5.6796327
0.6510000 42.8935852
0.6520000 -33.3217278
0.6530000 0.7441956
0.6540000 57.3361473
0.6550000 31.6885834
0.6560000 48.5701714
0.6570000 45.1765900
0.6580000 10.6525240
0.6590000 26.2823658
0.6600000 -43.4333687
0.6610000 -4.0525241
0.6620000 -2.3929355
0.6630000 -43.6841545
0.6640000 0.9655186
0.6650000 -5.0415025
0.6660000 11.2043953
0.6670000 6.4464774
0.6680000 -62.2844582
0.6690000 -15.2159834
0.6700000 -62.0419617
0.6710000 -27.9146576
0.6720000 31.2686424
0.6730000 44.7553177
0.6740000 14.5388737
0.6750000 13.2439766
0.6760000 28.9840546
0.6770000 -6.3752251
0.6780000 9.6931896
0.6790000 14.6993246
0.6800000 -23.3439865
0.6810000 -31.0210018
0.6820000 7.6066566
0.6830000 39.3518105
0.6840000 -64.9926300
0.6850000 35.1334229
0.6860000 12.9980822
0.6870000 8.8890629
0.6880000 14.5889158
0.6890000 22.0948200
0.6900000 16.5721569
0.6910000 15.4991560
0.6920000 11.5892372
0.6930000 23.4908600
0.6940000 25.0733585
0.6950000 -66.2876663
0.6960000 43.8326530
0.6970000 -9.9250135
0.6980000 -18.8804836
0.6990000 22.2162571
0.7000000 -47.8406105
0.7010000 -5.8404050
0.7020000 24.0256329
0.7030000 -18.5234051
0.7040000 -66.4209137
0.7050000 -23.9771557
0.7060000 -67.7514267
0.7070000 -50.6393089
0.7080000 20.9606400
0.7090000 -62.8745193
0.7100000 -36.2841072
0.7110000 -38.5930786
0.7120000 -3.8166838
0.7130000 27.4125977
0.7140000 -40.4001160
0.7150000 -40.6445236
0.7160000 -20.2095222
0.7170000 37.7880592
0.7180000 18.4892311
0.7190000 -12.0825272
0.7200000 -7.3167205
0.7210000 60.8987770
0.7220000 -9.6462650
0.7230000 -62.3733215
0.7240000 -92.5382843
0.7250000 -15.8308353
0.7260000 3.5026824
0.7270000 17.2535343
0.7280000 -53.4181709
0.7290000 14.3228512
0.7300000 -29.1199875
0.7310000 11.8158484
0.7320000 47.9728737
0.7330000 25.9026737
0.7340000 -29.8958111
0.7350000 -24.7304535
0.7360000 -18.3240433
0.7370000 -36.8458557
0.7380000 -46.5361023
0.7390000 2.1985765
0.7400000 -11.6268129
0.7410000 -1.5498765
0.7420000 67.8579330
0.7430000 -33.8963623
0.7440000 -37.8519325
0.7450000 22.9103966
0.7460000 48.1799126
0.7470000 -13.5139494
0.7480000 4.8215055
0.7490000 27.7549782
0.7500000 -26.1960354
0.7510000 -80.4704208
0.7520000 -5.1990910
0.7530000 42.2646446
0.7540000 0.6602231
0.7550000 10.0208855
0.7560000 53.2885628
0.7570000 -22.0678806
0.7580000 45.7551308
0.7590000 -28.8047104
0.7600000 62.0430527
0.7610000 -29.8798523
0.7620000 33.7353363
0.7630000 8.9262600
0.7640000 82.6681747
0.7650000 5.9091592
0.7660000 12.8093786
0.7670000 20.2658558
0.7680000 -61.7623329
0.7690000 -5.7126927
0.7700000 -7.4601002
0.7710000 -79.5354767
0.7720000 -4.5639200
0.7730000 -11.3126402
0.7740000 25.6909161
0.7750000 -55.5649109
0.7760000 88.8879395
0.7770000 -42.7043800
0.7780000 24.9057312
0.7790000 12.5906296
0.7800000 25.1141853
0.7810000 32.1378479
0.7820000 -44.3960533
0.7830000 -20.9209938
0.7840000 19.2705555
0.7850000 31.7602215
0.7860000 3.2330070
0.7870000 -40.7534943
0.7880000 -65.0471268
0.7890000 -50.9313698
0.7900000 -65.7497864
0.7910000 62.7185173
0.7920000 15.1877651
0.7930000 -16.0227146
0.7940000 -64.7942505
0.7950000 -39.3961792
0.7960000 2.6416221
0.7970000 6.1388268
0.7980000 -40.7282906
0.7990000 -26.9545040
0.8000000 56.9800339
0.8010000 -26.1740932
0.8020000 32.1216354
0.8030000 11.4654293
0.8040000 -14.0256062
0.8050000 -28.1037025
0.8060000 -28.3231697
0.8070000 38.0701065
0.8080000 16.0546722
0.8090000 64.1523743
0.8100000 -13.3310633
0.8110000 -33.2787590
0.8120000 20.9526768
0.8130000 -43.1235733
0.8140000 -36.0586357
0.8150000 20.4361629
0.8160000 -2.5676241
0.8170000 36.9455223
0.8180000 -4.8968577
0.8190000 32.2022018
0.8200000 -70.0699921
0.8210000 47.7083740
0.8220000 -67.2584381
0.8230000 17.1267242
0.8240000 -30.5150280
0.8250000 -7.2398324
0.8260000 -25.0264988
0.8270000 -23.5363522
0.8280000 -29.3461933
0.8290000 3.3796623
0.8300000 56.2786179
0.8310000 40.7822342
0.8320000 39.2376785
0.8330000 -21.7219467
0.8340000 -0.1163832
0.8350000 -1.2975850
0.8360000 -15.7925577
0.8370000 -15.7949867
0.8380000 34.1362419
0.8390000 -35.7291183
0.8400000 -1.6413062
0.8410000 11.1043568
0.8420000 3.0714583
0.8430000 -14.7054796
0.8440000 38.9090462
0.8450000 -10.2879181
0.8460000 21.4757385
0.8470000 -14.2489586
0.8480000 63.9565773
0.8490000 -17.6867294
0.8500000 36.3534660
0.8510000 -41.1359329
0.8520000 24.5766792
0.8530000 52.1099281
0.8540000 35.7150230
0.8550000 15.1506615
0.8560000 -6.0516400
0.8570000 -63.7601700
0.8580000 -6.7541790
0.8590000 -19.3518581
0.8600000 20.8048248
0.8610000 -7.8855643
0.8620000 47.4918518
0.8630000 -9.3514709
0.8640000 12.1203003
0.8650000 -3.8328226
0.8660000 -29.5975876
0.8670000 -0.3830032
0.8680000 -71.5388184
0.8690000 -12.0144053
0.8700000 77.0249786
0.8710000 7.7305002
0.8720000 26.0040627
0.8730000 66.9550247
0.8740000 7.3290462
0.8750000 -31.0481548
0.8760000 57.9570122
0.8770000 11.5921326
0.8780000 18.8563080
0.8790000 -17.4901543
0.8800000 7.8792048
0.8810000 -42.1838646
0.8820000 18.6217060
0.8830000 -87.1112900
0.8840000 -15.1816692
0.8850000 46.6589661
0.8860000 11.7720490
0.8870000 61.3069725
0.8880000 -8.3979206
0.8890000 -8.2831764
0.8900000 0.2033779
0.8910000 36.1684456
0.8920000 -31.3568249
0.8930000 8.0996008
0.8940000 50.5336418
0.8950000 15.9282646
0.8960000 -23.1117229
0.8970000 33.6261406
0.8980000 62.2879410
0.8990000 31.8695412
0.9000000 -15.8905020
0.9010000 50.1773682
0.9020000 41.2695961
0.9030000 -68.7002335
0.9040000 -15.0428553
0.9050000 -52.4659195
0.9060000 54.1725273
0.9070000 10.1155767
0.9080000 -95.0132217
0.9090000 4.0843892
0.9100000 14.4793482
0.9110000 2.2261078
0.9120000 -24.7541523
0.9130000 -28.2715530
0.9140000 -40.2516899
0.9150000 28.8111401
0.9160000 15.4568110
0.9170000 2.5536697
0.9180000 43.0027657
0.9190000 -11.0131340
0.9200000 77.9434433
0.9210000 9.8082876
0.9220000 34.9839897
0.9230000 -64.8899384
0.9240000 4.2704010
0.9250000 11.5576620
0.9260000 37.7288017
0.9270000 3.3571253
0.9280000 -28.3084183
0.9290000 81.5914993
0.9300000 -13.9391298
0.9310000 -20.0373917
0.9320000 81.5651169
0.9330000 42.7075768
0.9340000 5.2723889
0.9350000 -14.0707388
0.9360000 -37.9678192
0.9370000 -64.5528946
0.9380000 -32.6880760
0.9390000 25.8371677
0.9400000 9.3581924
0.9410000 19.1478672
0.9420000 56.6023293
0.9430000 1.2291418
0.9440000 -48.8645096
0.9450000 52.6078339
0.9460000 -25.6291065
0.9470000 -44.3436432
0.9480000 -28.9570141
0.9490000 -39.9513016
0.9500000 12.2033043
0.9510000 -12.4497004
0.9520000 34.6287346
0.9530000 45.9596825
0.9540000 47.5863228
0.9550000 15.3689461
0.9560000 56.5839310
0.9570000 18.3752861
0.9580000 11.3009386
0.9590000 -33.0863075
0.9600000 -25.0351963
0.9610000 -56.7327728
0.9620000 48.0915375
0.9630000 -25.0273285
0.9640000 -62.6021042
0.9650000 -33.5047150
0.9660000 41.9489746
0.9670000 22.6255932
0.9680000 9.7863903
0.9690000 26.4145622
0.9700000 24.5651455
0.9710000 47.8316193
0.9720000 -7.9067712
0.9730000 -20.1424179
0.9740000 2.6561308
0.9750000 30.3107643
0.9760000 42.6880989
0.9770000 -27.2682610
0.9780000 1.9098049
0.9790000 54.7002716
0.9800000 -2.9377820
0.9810000 1.9363942
0.9820000 -58.8743629
0.9830000 28.7715969
0.9840000 -72.3782272
0.9850000 32.0897636
0.9860000 22.5685673
0.9870000 -14.2248764
0.9880000 29.0488129
0.9890000 16.2815170
0.9900000 24.0347576
0.9910000 -4.2230506
0.9920000 27.5140820
0.9930000 -39.6325111
0.9940000 -25.2104263
0.9950000 56.6406708
0.9960000 12.0022535
0.9970000 -14.3715391
0.9980000 51.9330101
0.9990000 25.0420322
