0.0000000 10.0863619
0.0010000 38.4849205
0.0020000 35.1175041
0.0030000 -37.2916260
0.0040000 5.1226344
0.0050000 17.5055656
0.0060000 60.7089882
0.0070000 17.4170246
0.0080000 -15.9789658
0.0090000 -49.8192329
0.0100000 -36.3278999
0.0110000 -20.3843174
0.0120000 -37.2790985
0.0130000 27.9607067
0.0140000 77.5474243
0.0150000 70.4337463
0.0160000 -42.5382805
0.0170000 -18.1291370
0.0180000 -25.8455334
0.0190000 -0.9603941
0.0200000 16.2091236
0.0210000 -4.1945014
0.0220000 -18.9525509
0.0230000 -8.0433702
0.0240000 -80.3249512
0.0250000 -12.0084696
0.0260000 -74.1275253
0.0270000 -52.8163376
0.0280000 4.8010311
0.0290000 66.9733200
0.0300000 -20.2835388
0.0310000 22.2198505
0.0320000 32.3758469
0.0330000 0.1248117
0.0340000 8.0168419
0.0350000 -1.5773264
0.0360000 -11.1716433
0.0370000 -9.1534967
0.0380000 -23.1074638
0.0390000 4.9697523
0.0400000 1.4662969
0.0410000 -30.0395069
0.0420000 -12.3032751
0.0430000 30.5912991
0.0440000 17.6155949
0.0450000 -45.1344566
0.0460000 -44.5432205
0.0470000 -67.3660660
0.0480000 24.2955647
0.0490000 75.5196533
0.0500000 -48.9586182
0.0510000 42.4535484
0.0520000 -18.3407688
0.0530000 -17.5110703
0.0540000 7.9300756
0.0550000 -26.8123779
0.0560000 -12.5633812
0.0570000 -74.1807251
0.0580000 39.1381989
0.0590000 5.5537748
0.0600000 34.7097816
0.0610000 -22.5103111
0.0620000 17.5335808
0.0630000 47.0114937
0.0640000 -51.6520157
0.0650000 20.2281685
0.0660000 -31.7314186
0.0670000 5.5295477
0.0680000 0.2014764
0.0690000 6.7199898
0.0700000 52.9931335
0.0710000 -24.4766693
0.0720000 35.9035873
0.0730000 9.8722715
0.0740000 -23.8846588
0.0750000 -2.6710694
0.0760000 67.8847046
0.0770000 64.1871872
0.0780000 -28.6896477
0.0790000 61.8400192
0.0800000 10.8471861
0.0810000 27.2576122
0.0820000 18.5000057
0.0830000 -19.2479115
0.0840000 -98.8888397
0.0850000 3.9651787
0.0860000 18.6465130
0.0870000 64.1238022
0.0880000 -48.3517418
0.0890000 13.2685413
0.0900000 -22.5389156
0.0910000 -30.2593613
0.0920000 -8.8336267
0.0930000 -23.7642708
0.0940000 1.7190059
0.0950000 28.0206375
0.0960000 39.9648285
0.0970000 50.6849899
0.0980000 62.3000374
0.0990000 27.5766068
0.1000000 -55.2527809
0.1010000 -37.3501930
0.1020000 39.5116386
0.1030000 3.0055790
0.1040000 43.0904388
0.1050000 35.6876678
0.1060000 -34.8932495
0.1070000 34.2484283
0.1080000 -37.8655434
0.1090000 -50.5104294
0.1100000 0.5131143
0.1110000 22.1156731
0.1120000 21.8681202
0.1130000 56.6900330
0.1140000 -4.8392248
0.1150000 -1.1729702
0.1160000 9.3972578
0.1170000 10.4694662
0.1180000 37.7251663
0.1190000 -28.5579262
0.1200000 -6.0426450
0.1210000 9.2121620
0.1220000 -9.9267464
0.1230000 19.1890545
0.1240000 -37.6462593
0.1250000 -3.6452086
0.1260000 -52.5465279
0.1270000 -18.5564537
0.1280000 -49.5527153
0.1290000 73.5662384
0.1300000 -42.4682083
0.1310000 15.1322775
0.1320000 -25.8711281
0.1330000 26.0886841
0.1340000 26.3196411
0.1350000 3.6833379
0.1360000 4.7125649
0.1370000 1.2101456
0.1380000 22.2975712
0.1390000 27.3403645
0.1400000 14.9905109
0.1410000 -1.3349189
0.1420000 -59.3597832
0.1430000 5.8587070
0.1440000 19.1527939
0.1450000 -28.4474430
0.1460000 57.7565422
0.1470000 25.2179604
0.1480000 -17.9551563
0.1490000 2.1916332
0.1500000 16.3411884
0.1510000 38.0204811
0.1520000 28.6997032
0.1530000 4.9288549
0.1540000 14.4261503
0.1550000 15.5263462
0.1560000 18.1118374
0.1570000 32.6509323
0.1580000 -37.0327721
0.1590000 19.6018505
0.1600000 14.1253376
0.1610000 29.2270184
0.1620000 -25.9615402
0.1630000 -39.7782936
0.1640000 0.4932338
0.1650000 60.8316917
0.1660000 -28.6001816
0.1670000 -22.8584480
0.1680000 -97.4829941
0.1690000 10.3999853
0.1700000 4.8861904
0.1710000 48.3601456
0.1720000 -88.9767914
0.1730000 64.7566299
0.1740000 -39.3110695
0.1750000 8.8958225
0.1760000 26.0966148
0.1770000 -25.0542316
0.1780000 5.9601130
0.1790000 28.2746830
0.1800000 10.0314083
0.1810000 9.4721394
0.1820000 56.2119980
0.1830000 -4.0393348
0.1840000 7.1208005
0.1850000 45.8251762
0.1860000 21.3521633
0.1870000 -12.3481531
0.1880000 38.8848381
0.1890000 -27.9931011
0.1900000 -67.5210953
0.1910000 -28.0032501
0.1920000 -18.8914566
0.1930000 -73.9979401
0.1940000 -76.2192612
0.1950000 29.1529617
0.1960000 22.7050514
0.1970000 -20.8798981
0.1980000 23.0665569
0.1990000 -25.2188072
0.2000000 -11.7464170
0.2010000 14.6792269
0.2020000 -34.2389412
0.2030000 -13.8597383
0.2040000 37.2309036
0.2050000 16.7134933
0.2060000 2.4054079
0.2070000 -30.5190334
0.2080000 21.7008972
0.2090000 18.8310051
0.2100000 -23.6183987
0.2110000 0.0231714
0.2120000 -5.1639190
0.2130000 54.3006439
0.2140000 7.2777653
0.2150000 18.0950851
0.2160000 7.5192738
0.2170000 30.2007256
0.2180000 14.2712412
0.2190000 40.3740349
0.2200000 -12.9228325
0.2210000 26.1890259
0.2220000 0.6660873
0.2230000 9.2659588
0.2240000 8.2854805
0.2250000 26.5175285
0.2260000 -64.0791779
0.2270000 -10.8845425
0.2280000 35.7432137
0.2290000 11.8713236
0.2300000 76.4772568
0.2310000 -17.8140450
0.2320000 17.0078869
0.2330000 -3.5146153
0.2340000 74.6646194
0.2350000 -9.9939804
0.2360000 -27.5879230
0.2370000 -91.8386841
0.2380000 -12.4921064
0.2390000 -2.8293574
0.2400000 -24.5886726
0.2410000 -48.0175972
0.2420000 -14.3655558
0.2430000 -46.0400047
0.2440000 49.6837463
0.2450000 14.8316584
0.2460000 84.0613861
0.2470000 -3.1120644
0.2480000 15.4167118
0.2490000 42.6529198
0.2500000 21.8728161
0.2510000 26.7372456
0.2520000 36.6708221
0.2530000 9.2886858
0.2540000 40.8215179
0.2550000 12.2348061
0.2560000 60.1774559
0.2570000 35.6170807
0.2580000 -11.1690607
0.2590000 -7.2219357
0.2600000 76.9546051
0.2610000 -11.6520395
0.2620000 80.5981140
0.2630000 59.4997902
0.2640000 73.2724304
0.2650000 -23.3519611
0.2660000 -119.0328369
0.2670000 -6.9045839
0.2680000 4.2538700
0.2690000 7.6283259
0.2700000 4.0701880
0.2710000 -4.2309036
0.2720000 7.9835720
0.2730000 30.8256531
0.2740000 -4.4451780
0.2750000 -2.7344940
0.2760000 17.2158051
0.2770000 -26.9795475
0.2780000 -2.0640347
0.2790000 15.1724558
0.2800000 15.3662329
0.2810000 -0.4551816
0.2820000 -13.1606188
0.2830000 18.9638348
0.2840000 -16.8000526
0.2850000 19.7154179
0.2860000 -31.4217396
0.2870000 -11.1074238
0.2880000 22.4169121
0.2890000 2.1769512
0.2900000 -45.1042061
0.2910000 -40.8131752
0.2920000 20.0724945
0.2930000 8.6755848
0.2940000 -35.2332001
0.2950000 32.9743881
0.2960000 29.1094837
0.2970000 50.0697823
0.2980000 23.9128838
0.2990000 43.9142418
0.3000000 -12.6368246
0.3010000 -35.6938667
0.3020000 -37.8547363
0.3030000 -0.2480968
0.3040000 -3.1610689
0.3050000 35.9192581
0.3060000 -9.7064571
0.3070000 0.8242235
0.3080000 -19.3927803
0.3090000 -14.5195894
0.3100000 -30.1264725
0.3110000 -30.3418312
0.3120000 -16.7602692
0.3130000 72.7104416
0.3140000 43.3317261
0.3150000 -29.7008839
0.3160000 65.0773621
0.3170000 58.5991096
0.3180000 -8.5993719
0.3190000 -10.6026840
0.3200000 18.7338181
0.3210000 32.7387505
0.3220000 -0.3078346
0.3230000 -33.6652985
0.3240000 -31.3587837
0.3250000 13.9139347
0.3260000 71.5029449
0.3270000 -4.3338895
0.3280000 3.7787714
0.3290000 26.6175480
0.3300000 35.2009964
0.3310000 -35.8178139
0.3320000 1.3734281
0.3330000 -63.6036911
0.3340000 38.8204155
0.3350000 49.9504128
0.3360000 25.9997311
0.3370000 6.0254326
0.3380000 16.3616886
0.3390000 -19.3646431
0.3400000 27.8537273
0.3410000 3.5246792
0.3420000 -61.7464409
0.3430000 16.2721348
0.3440000 -57.5671539
0.3450000 -18.8366394
0.3460000 -40.5700989
0.3470000 -49.9831314
0.3480000 -11.3939362
0.3490000 56.7632370
0.3500000 63.9837112
0.3510000 26.9175034
0.3520000 27.6083183
0.3530000 -63.4041443
0.3540000 -8.3941393
0.3550000 10.3755732
0.3560000 -60.5771523
0.3570000 55.6845894
0.3580000 32.0702629
0.3590000 -30.2450409
0.3600000 -44.6585732
0.3610000 15.0720596
0.3620000 -60.9898949
0.3630000 13.0898838
0.3640000 9.6391706
0.3650000 12.7990685
0.3660000 9.2729053
0.3670000 -40.0159531
0.3680000 -50.0963020
0.3690000 16.5142231
0.3700000 5.3161235
0.3710000 -0.3822439
0.3720000 39.0446281
0.3730000 -37.3500404
0.3740000 6.9396167
0.3750000 29.9165421
0.3760000 -44.5078697
0.3770000 -29.1286869
0.3780000 -93.1265869
0.3790000 10.4291582
0.3800000 -38.9299049
0.3810000 -28.8421764
0.3820000 40.3493042
0.3830000 -5.2920380
0.3840000 17.2721157
0.3850000 -10.3360729
0.3860000 14.8180695
0.3870000 17.1025391
0.3880000 -50.4578209
0.3890000 22.5490379
0.3900000 -24.8706379
0.3910000 -6.1188459
0.3920000 37.7267914
0.3930000 -20.4881725
0.3940000 2.1817906
0.3950000 69.8920441
0.3960000 49.5078773
0.3970000 43.6886177
0.3980000 7.7186599
0.3990000 -17.8691063
0.4000000 -40.6594009
0.4010000 97.3330536
0.4020000 -44.0245094
0.4030000 -22.2985115
0.4040000 -14.5084715
0.4050000 -30.4028645
0.4060000 45.2590065
0.4070000 10.6269999
0.4080000 0.3629498
0.4090000 72.4621887
0.4100000 -41.6595306
0.4110000 -25.9579659
0.4120000 -6.2599826
0.4130000 -20.4261742
0.4140000 -52.0890121
0.4150000 -12.4530220
0.4160000 35.5127449
0.4170000 -33.7156563
0.4180000 -16.8021336
0.4190000 72.9269943
0.4200000 1.6604906
0.4210000 4.1134219
0.4220000 -30.1988335
0.4230000 -57.9547348
0.4240000 -27.9597073
0.4250000 50.0108032
0.4260000 54.5983124
0.4270000 10.2592278
0.4280000 -51.9162407
0.4290000 28.6163540
0.4300000 37.8257103
0.4310000 25.1825466
0.4320000 4.1776743
0.4330000 -31.0495968
0.4340000 -49.9943237
0.4350000 30.7579136
0.4360000 25.1877003
0.4370000 8.4020891
0.4380000 74.3084106
0.4390000 -12.4359875
0.4400000 -6.8117476
0.4410000 -6.5644484
0.4420000 -26.2243500
0.4430000 5.4714098
0.4440000 -40.9967041
0.4450000 16.8436146
0.4460000 19.7394085
0.4470000 -11.6448727
0.4480000 7.7832928
0.4490000 -13.3857136
0.4500000 -1.0790672
0.4510000 -22.5920219
0.4520000 -11.5683088
0.4530000 -3.4434185
0.4540000 20.9249287
0.4550000 100.6432648
0.4560000 -84.6736603
0.4570000 -52.2117844
0.4580000 21.7688675
0.4590000 -29.6274071
0.4600000 -21.3948574
0.4610000 -72.1972198
0.4620000 -9.4003487
0.4630000 -55.8161888
0.4640000 -68.1019974
0.4650000 18.3420486
0.4660000 108.1885223
0.4670000 21.2840137
0.4680000 1.8423233
0.4690000 -52.9456329
0.4700000 -44.5656929
0.4710000 -60.9334412
0.4720000 59.7379799
0.4730000 -53.1551590
0.4740000 -5.2239828
0.4750000 34.9805756
0.4760000 -2.3685839
0.4770000 -43.1690826
0.4780000 -15.2344189
0.4790000 37.3943825
0.4800000 -24.5435963
0.4810000 -60.0433617
0.4820000 12.2174902
0.4830000 22.6507721
0.4840000 25.8186436
0.4850000 11.2144003
0.4860000 -45.3747482
0.4870000 -13.0667086
0.4880000 -53.4073029
0.4890000 28.3356590
0.4900000 -9.2803774
0.4910000 41.2165756
0.4920000 23.4325714
0.4930000 -48.5075684
0.4940000 2.6155186
0.4950000 24.9060764
0.4960000 47.0877075
0.4970000 57.3208199
0.4980000 70.2582245
0.4990000 49.1819382
0.5000000 43.9022980
0.5010000 12.4165840
0.5020000 -31.7260189
0.5030000 23.6533146
0.5040000 -12.7067604
0.5050000 37.9316177
0.5060000 72.7382736
0.5070000 15.3395061
0.5080000 9.1245308
0.5090000 -13.6209917
0.5100000 5.2657862
0.5110000 -27.9412670
0.5120000 -18.4869385
0.5130000 36.5140724
0.5140000 2.9747632
0.5150000 17.2229309
0.5160000 1.5525030
0.5170000 31.5032883
0.5180000 27.3806381
0.5190000 -4.9949684
0.5200000 30.9709187
0.5210000 45.8870049
0.5220000 9.3281097
0.5230000 -84.2023773
0.5240000 -5.1961217
0.5250000 -10.8386583
0.5260000 -14.1817503
0.5270000 47.9188995
0.5280000 -17.1025162
0.5290000 34.9500732
0.5300000 36.6706314
0.5310000 38.5590324
0.5320000 58.4904175
0.5330000 -45.3334961
0.5340000 -17.7260895
0.5350000 13.5315571
0.5360000 -42.3384132
0.5370000 26.1289749
0.5380000 -60.2972450
0.5390000 -52.8382835
0.5400000 -14.0473366
0.5410000 29.4625931
0.5420000 37.5770378
0.5430000 40.5127373
0.5440000 59.4234886
0.5450000 36.9772034
0.5460000 21.2128944
0.5470000 25.4442501
0.5480000 54.6167831
0.5490000 -15.0101376
0.5500000 2.0039899
0.5510000 -76.1790619
0.5520000 -111.5366898
0.5530000 1.6008233
0.5540000 -24.4625149
0.5550000 38.3963318
0.5560000 76.8716660
0.5570000 32.3672180
0.5580000 -24.8654709
0.5590000 -27.2896252
0.5600000 -26.5240746
0.5610000 31.3411751
0.5620000 -4.3337870
0.5630000 -30.9176140
0.5640000 -43.4897575
0.5650000 24.1729889
0.5660000 38.4952164
0.5670000 4.7670383
0.5680000 -4.9507184
0.5690000 -49.5036201
0.5700000 23.4159164
0.5710000 -10.7027035
0.5720000 -4.0515671
0.5730000 16.2483883
0.5740000 7.5716968
0.5750000 65.3685303
0.5760000 17.1244278
0.5770000 12.4138355
0.5780000 1.8121014
0.5790000 -9.0344381
0.5800000 50.9038010
0.5810000 -28.3969288
0.5820000 -6.1357040
0.5830000 -34.3039513
0.5840000 19.4142590
0.5850000 -39.5130234
0.5860000 -22.4503574
0.5870000 7.7159314
0.5880000 47.9871979
0.5890000 -36.3285904
0.5900000 -36.3279572
0.5910000 3.4280698
0.5920000 0.4643145
0.5930000 -55.0975952
0.5940000 55.2466164
0.5950000 -33.8355217
0.5960000 -24.6141205
0.5970000 60.8302040
0.5980000 4.9738050
0.5990000 13.6163568
0.6000000 2.4917779
0.6010000 14.0805817
0.6020000 30.8338280
0.6030000 -43.8256035
0.6040000 -39.8075829
0.6050000 15.1434126
0.6060000 35.8246574
0.6070000 15.8329725
0.6080000 8.6817646
0.6090000 6.9019732
0.6100000 -3.5043404
0.6110000 -62.8181725
0.6120000 12.1060753
0.6130000 -8.3402386
0.6140000 -73.8976364
0.6150000 73.2446289
0.6160000 -20.6831493
0.6170000 24.8263416
0.6180000 -47.3421402
0.6190000 -4.8476338
0.6200000 -2.4027495
0.6210000 62.4269485
0.6220000 46.7536888
0.6230000 3.3069558
0.6240000 -54.8254929
0.6250000 31.4745998
0.6260000 27.7299347
0.6270000 3.8740442
0.6280000 -37.8588333
0.6290000 11.0708408
0.6300000 -34.9003983
0.6310000 -41.0937004
0.6320000 8.4565821
0.6330000 38.0763779
0.6340000 41.4325676
0.6350000 -19.9821644
0.6360000 -1.8153182
0.6370000 3.6492968
0.6380000 -19.5613785
0.6390000 6.4007096
0.6400000 -35.3317184
0.6410000 22.1617947
0.6420000 21.2325535
0.6430000 19.1180840
0.6440000 13.8774195
0.6450000 81.4556198
0.6460000 18.7581139
0.6470000 -9.5163612
0.6480000 24.1289845
0.6490000 26.3532391
0.6500000 48.2951088
0.6510000 2.9628572
0.6520000 -18.1491814
0.6530000 1.0362010
0.6540000 -19.4702396
0.6550000 -31.9951973
0.6560000 19.7828503
0.6570000 23.0587845
0.6580000 -2.5488746
0.6590000 3.4885426
0.6600000 27.9384136
0.6610000 -17.3327694
0.6620000 30.6463490
0.6630000 -58.5917511
0.6640000 -6.6245961
0.6650000 77.2113953
0.6660000 -44.9183426
0.6670000 -58.8010445
0.6680000 -34.0191307
0.6690000 -38.0293961
0.6700000 -40.3041267
0.6710000 -21.1041012
0.6720000 33.0698128
0.6730000 -20.3780670
0.6740000 20.2565746
0.6750000 -6.6817994
0.6760000 -22.4148407
0.6770000 -3.7455435
0.6780000 -3.3079448
0.6790000 13.8255863
0.6800000 -1.1931809
0.6810000 -80.7535782
0.6820000 -21.7166042
0.6830000 -30.5734272
0.6840000 -46.4674950
0.6850000 -25.5849915
0.6860000 36.8239136
0.6870000 -34.5771713
0.6880000 -65.4052887
0.6890000 53.1481552
0.6900000 -60.1590004
0.6910000 -36.8401184
0.6920000 15.2782841
0.6930000 34.3855934
0.6940000 23.6231651
0.6950000 -2.2796915
0.6960000 3.5556960
0.6970000 18.9458561
0.6980000 -41.2500839
0.6990000 52.7372818
0.7000000 26.8827286
0.7010000 11.7724419
0.7020000 -32.2316513
0.7030000 -11.4674282
0.7040000 1.8615839
0.7050000 38.1803932
0.7060000 49.3552055
0.7070000 -22.4642582
0.7080000 33.6555710
0.7090000 -7.6347013
0.7100000 -27.4893150
0.7110000 -39.0042496
0.7120000 29.0410862
0.7130000 5.0102091
0.7140000 -40.7050743
0.7150000 15.2387104
0.7160000 -22.1890297
0.7170000 44.2883606
0.7180000 -85.7830658
0.7190000 8.9165897
0.7200000 17.4770241
0.7210000 18.9686089
0.7220000 24.5066967
0.7230000 -31.1666813
0.7240000 -43.6912041
0.7250000 14.8831196
0.7260000 -6.7058272
0.7270000 -45.3068352
0.7280000 33.4475975
0.7290000 67.9698105
0.7300000 -20.6073513
0.7310000 5.1605453
0.7320000 -65.1444168
0.7330000 0.5444306
0.7340000 47.9995575
0.7350000 -51.9352036
0.7360000 21.9072380
0.7370000 54.5884171
0.7380000 1.8210512
0.7390000 -44.0439034
0.7400000 -23.0145149
0.7410000 11.2935476
0.7420000 3.4509859
0.7430000 -2.7347505
0.7440000 -76.3075790
0.7450000 37.5926857
0.7460000 43.8655968
0.7470000 30.3581886
0.7480000 14.8807373
0.7490000 -17.7069302
0.7500000 -1.8571451
0.7510000 31.6669445
0.7520000 38.1893463
0.7530000 -28.5369530
0.7540000 -9.2030668
0.7550000 -14.7226105
0.7560000 -35.3636665
0.7570000 20.0909443
0.7580000 -62.1054955
0.7590000 -25.9157333
0.7600000 -66.4927216
0.7610000 55.0399895
0.7620000 37.2300491
0.7630000 14.0770664
0.7640000 -9.1269093
0.7650000 -42.1626129
0.7660000 -6.3642159
0.7670000 41.4173241
0.7680000 44.3074455
0.7690000 54.3208847
0.7700000 59.0449829
0.7710000 40.9673042
0.7720000 10.8708487
0.7730000 -18.2132053
0.7740000 -2.8317478
0.7750000 -72.0406723
0.7760000 -5.7040148
0.7770000 -41.3080940
0.7780000 41.9018555
0.7790000 31.0471439
0.7800000 45.5680122
0.7810000 -4.7644806
0.7820000 0.8179261
0.7830000 67.2985077
0.7840000 -23.9038582
0.7850000 89.8905106
0.7860000 -19.9273376
0.7870000 33.8514709
0.7880000 28.3831444
0.7890000 33.4506912
0.7900000 -73.6759186
0.7910000 -67.1399994
0.7920000 48.6176262
0.7930000 26.1705055
0.7940000 86.9596710
0.7950000 9.7311363
0.7960000 36.3010406
0.7970000 -11.7538824
0.7980000 23.0230007
0.7990000 6.8735232
0.8000000 6.1805530
0.8010000 5.2513041
0.8020000 20.3488693
0.8030000 6.0448446
0.8040000 24.4421272
0.8050000 7.2680717
0.8060000 15.9492998
0.8070000 14.4166555
0.8080000 -8.3680515
0.8090000 -2.6686258
0.8100000 -7.9530864
0.8110000 3.8677495
0.8120000 -15.2225227
0.8130000 49.0874901
0.8140000 55.3737144
0.8150000 -77.9382629
0.8160000 10.7942743
0.8170000 32.7731209
0.8180000 -34.3825455
0.8190000 -77.2589645
0.8200000 -18.3873100
0.8210000 -57.4073906
0.8220000 -60.8054695
0.8230000 21.2832317
0.8240000 -25.7059898
0.8250000 12.7654686
0.8260000 -64.5510406
0.8270000 -19.4841137
0.8280000 8.4774513
0.8290000 54.4936142
0.8300000 19.0724831
0.8310000 66.2571564
0.8320000 -61.9138947
0.8330000 -42.0430374
0.8340000 33.3323631
0.8350000 -17.0458145
0.8360000 -27.6577435
0.8370000 28.7651482
0.8380000 53.2413521
0.8390000 -35.9531593
0.8400000 -33.1739006
0.8410000 -43.6726532
0.8420000 7.1077161
0.8430000 -4.4116497
0.8440000 42.7361183
0.8450000 11.0177088
0.8460000 16.5430584
0.8470000 18.5627193
0.8480000 -7.6916447
0.8490000 18.0730762
0.8500000 52.9175949
0.8510000 9.3630581
0.8520000 17.5356579
0.8530000 -19.7106552
0.8540000 37.9430046
0.8550000 -31.5449104
0.8560000 67.8968201
0.8570000 20.3852730
0.8580000 -29.5492916
0.8590000 9.2040291
0.8600000 5.5119205
0.8610000 -30.6750851
0.8620000 27.4323540
0.8630000 -7.1671410
0.8640000 14.2293530
0.8650000 42.4711838
0.8660000 -36.1020927
0.8670000 -26.7827682
0.8680000 51.0177689
0.8690000 28.6576309
0.8700000 22.9719391
0.8710000 5.1378102
0.8720000 72.1639709
0.8730000 16.0792789
0.8740000 -48.6954613
0.8750000 20.3810825
0.8760000 -42.1666603
0.8770000 -12.1105795
0.8780000 -24.0852604
0.8790000 63.5886917
0.8800000 -19.8114529
0.8810000 35.2610664
0.8820000 -43.4592056
0.8830000 -23.4291229
0.8840000 47.5848083
0.8850000 35.6149254
0.8860000 37.1241760
0.8870000 52.7072716
0.8880000 26.4966354
0.8890000 19.7080021
0.8900000 -57.1454544
0.8910000 -21.4292660
0.8920000 -17.2239742
0.8930000 -16.3121490
0.8940000 2.0525811
0.8950000 64.4992905
0.8960000 -20.9351501
0.8970000 92.9248810
0.8980000 -1.0373091
0.8990000 4.6758780
0.9000000 4.0844111
0.9010000 45.6827621
0.9020000 -27.8631401
0.9030000 37.6825943
0.9040000 49.6848946
0.9050000 8.4549046
0.9060000 -60.2090492
0.9070000 7.5488372
0.9080000 -44.8589096
0.9090000 51.5319481
0.9100000 -43.3837891
0.9110000 18.8393288
0.9120000 -49.8681717
0.9130000 75.5702438
0.9140000 -23.7809086
0.9150000 -26.4511681
0.9160000 42.7618065
0.9170000 21.7870655
0.9180000 -33.5654182
0.9190000 -77.8994141
0.9200000 -48.0667801
0.9210000 2.9086316
0.9220000 68.7661209
0.9230000 -53.7259521
0.9240000 37.5918655
0.9250000 -19.8815594
0.9260000 34.2022552
0.9270000 11.4646902
0.9280000 -79.6026001
0.9290000 -10.5147057
0.9300000 -12.6624212
0.9310000 -27.0527897
0.9320000 -32.3204536
0.9330000 -47.9009132
0.9340000 24.8323536
0.9350000 30.6054382
0.9360000 40.0562897
0.9370000 -1.6284636
0.9380000 -15.5222406
0.9390000 42.9107819
0.9400000 4.4818501
0.9410000 -1.3876613
0.9420000 18.5678787
0.9430000 4.0595889
0.9440000 68.2869415
0.9450000 21.7715797
0.9460000 38.8725662
0.9470000 63.8666000
0.9480000 -6.1241708
0.9490000 -52.4222260
0.9500000 -30.7325401
0.9510000 -10.3103647
0.9520000 107.8064651
0.9530000 6.1490979
0.9540000 -37.4738197
0.9550000 7.1178236
0.9560000 -48.2030945
0.9570000 2.4250162
0.9580000 -3.4042642
0.9590000 -28.7861729
0.9600000 15.7623444
0.9610000 0.1138666
0.9620000 -44.3315849
0.9630000 -16.3296795
0.9640000 32.2106552
0.9650000 33.3797264
0.9660000 -28.5264893
0.9670000 18.8169899
0.9680000 56.0386047
0.9690000 -57.3330879
0.9700000 -6.6286454
0.9710000 -38.9145927
0.9720000 -36.3965149
0.9730000 28.1380329
0.9740000 38.3235741
0.9750000 -30.0553303
0.9760000 -81.7424011
0.9770000 28.2271423
0.9780000 78.8024902
0.9790000 42.4312592
0.9800000 -1.7038300
0.9810000 14.0035419
0.9820000 -29.5729637
0.9830000 -11.0839310
0.9840000 49.6200256
0.9850000 49.0727997
0.9860000 27.2829208
0.9870000 19.7066383
0.9880000 -0.7910901
0.9890000 9.5006342
0.9900000 18.7348518
0.9910000 -40.1580009
0.9920000 -14.8510647
0.9930000 -9.0565434
0.9940000 -4.6396775
0.9950000 -3.5089953
0.9960000 18.5856209
0.9970000 -23.5912342
0.9980000 -41.9930458
0.9990000 28.5540600
