0.0000000 -29.0442791
0.0010000 -64.8526611
0.0020000 -5.2338667
0.0030000 9.7798786
0.0040000 -6.9333630
0.0050000 25.7124138
0.0060000 -11.6732130
0.0070000 15.4024916
0.0080000 27.9335155
0.0090000 -13.9354687
0.0100000 -5.4960275
0.0110000 -34.9566841
0.0120000 20.0046539
0.0130000 -11.4699497
0.0140000 -33.9249687
0.0150000 -105.2427139
0.0160000 50.5012054
0.0170000 14.2096424
0.0180000 96.6208572
0.0190000 21.0099316
0.0200000 -39.9431915
0.0210000 -42.7912025
0.0220000 -20.5163364
0.0230000 88.4593964
0.0240000 -8.8248920
0.0250000 -13.8007269
0.0260000 31.7427025
0.0270000 -8.4052277
0.0280000 33.1460266
0.0290000 -13.3584585
0.0300000 -16.3732605
0.0310000 40.2806778
0.0320000 61.3906670
0.0330000 -56.6908417
0.0340000 -30.1177902
0.0350000 -28.6558247
0.0360000 16.3054466
0.0370000 -57.6770020
0.0380000 55.5458183
0.0390000 -6.2161937
0.0400000 31.3813019
0.0410000 -11.1789160
0.0420000 -33.2038040
0.0430000 13.1391439
0.0440000 14.7480278
0.0450000 49.1184425
0.0460000 -0.1873298
0.0470000 10.8713369
0.0480000 6.4323487
0.0490000 54.7058868
0.0500000 -18.0402832
0.0510000 -62.7404976
0.0520000 -1.4672620
0.0530000 17.1128082
0.0540000 -116.3179245
0.0550000 -3.0428975
0.0560000 -8.0626001
0.0570000 2.6798458
0.0580000 -1.2504419
0.0590000 10.4438562
0.0600000 10.3491621
0.0610000 -5.7805429
0.0620000 -20.2503891
0.0630000 -8.8823833
0.0640000 -44.2433929
0.0650000 -41.1284637
0.0660000 -16.3650436
0.0670000 41.0830994
0.0680000 32.7811890
0.0690000 -2.1089554
0.0700000 -52.5986328
0.0710000 -15.6973391
0.0720000 -17.2383747
0.0730000 -29.2827778
0.0740000 28.7400475
0.0750000 -16.6878052
0.0760000 -0.0666438
0.0770000 -26.3548336
0.0780000 -24.8316593
0.0790000 25.1905441
0.0800000 60.6468658
0.0810000 54.5129509
0.0820000 -3.3124616
0.0830000 -2.3936696
0.0840000 -29.2903156
0.0850000 7.6934652
0.0860000 13.7271042
0.0870000 -2.3235612
0.0880000 47.1350327
0.0890000 17.4518700
0.0900000 -23.4706497
0.0910000 17.4352856
0.0920000 -63.6333389
0.0930000 3.9654102
0.0940000 -65.9408493
0.0950000 21.5183544
0.0960000 -41.6661530
0.0970000 28.9272270
0.0980000 -57.0230789
0.0990000 35.0707130
0.1000000 53.5802383
0.1010000 -10.3321247
0.1020000 11.2553701
0.1030000 -6.1256423
0.1040000 -8.4389057
0.1050000 -30.5203457
0.1060000 -24.8047276
0.1070000 5.8048186
0.1080000 54.1861420
0.1090000 -47.2734566
0.1100000 -0.6691251
0.1110000 -3.3561463
0.1120000 -12.5445356
0.1130000 -2.8881209
0.1140000 -12.3382235
0.1150000 -2.0769417
0.1160000 6.7081113
0.1170000 -50.5270309
0.1180000 -22.5403976
0.1190000 8.6949348
0.1200000 -17.0562191
0.1210000 43.6728821
0.1220000 25.5786762
0.1230000 15.4554920
0.1240000 -29.3333988
0.1250000 4.6039619
0.1260000 41.7700195
0.1270000 -77.6750946
0.1280000 9.2075481
0.1290000 -26.8743973
0.1300000 25.5031776
0.1310000 -39.4968643
0.1320000 -15.3920603
0.1330000 -12.1696053
0.1340000 -13.9462976
0.1350000 33.3384247
0.1360000 79.4338760
0.1370000 3.9022350
0.1380000 63.1157227
0.1390000 -63.0721550
0.1400000 0.5659415
0.1410000 -34.1934624
0.1420000 5.4498944
0.1430000 -35.1370392
0.1440000 66.6269302
0.1450000 -6.5095901
0.1460000 8.8060131
0.1470000 -6.3779950
0.1480000 38.2271233
0.1490000 -1.2177317
0.1500000 -73.4915771
0.1510000 -12.5589819
0.1520000 8.0016108
0.1530000 25.1217403
0.1540000 -24.1554241
0.1550000 56.4348145
0.1560000 -13.2778330
0.1570000 -76.2875443
0.1580000 -56.1587334
0.1590000 -80.7854385
0.1600000 58.2320976
0.1610000 25.1391125
0.1620000 -35.7960968
0.1630000 32.1892853
0.1640000 -34.8055916
0.1650000 14.5621300
0.1660000 47.6016273
0.1670000 -25.3038960
0.1680000 -21.8613930
0.1690000 -17.5380630
0.1700000 -27.3037262
0.1710000 -53.6801071
0.1720000 19.2793140
0.1730000 -46.3919220
0.1740000 2.1928225
0.1750000 -24.0968781
0.1760000 -33.8353615
0.1770000 7.7572460
0.1780000 47.5038948
0.1790000 -37.2436256
0.1800000 1.1746324
0.1810000 -22.5708122
0.1820000 50.0008240
0.1830000 17.3378601
0.1840000 -49.7636757
0.1850000 37.3036270
0.1860000 61.0658760
0.1870000 -13.0098543
0.1880000 2.1368527
0.1890000 34.1190987
0.1900000 17.5684891
0.1910000 4.6766853
0.1920000 8.1488304
0.1930000 20.4355164
0.1940000 59.8464928
0.1950000 -96.2357254
0.1960000 -29.8236160
0.1970000 -31.9887772
0.1980000 -73.7487411
0.1990000 -4.8788795
0.2000000 -1.7098036
0.2010000 -32.2588730
0.2020000 -4.1443934
0.2030000 22.8659763
0.2040000 13.4467506
0.2050000 -35.3873634
0.2060000 -32.6964951
0.2070000 -25.4492493
0.2080000 -44.7625923
0.2090000 -21.4947186
0.2100000 24.0801449
0.2110000 -0.1323852
0.2120000 33.4337959
0.2130000 66.1341476
0.2140000 -52.7177467
0.2150000 -27.0364685
0.2160000 11.5271435
0.2170000 3.1300242
0.2180000 -31.8785248
0.2190000 4.3546267
0.2200000 2.9126956
0.2210000 -66.3442612
0.2220000 33.0238228
0.2230000 -23.3390160
0.2240000 -30.8922615
0.2250000 -36.0345039
0.2260000 5.7055178
0.2270000 5.8274140
0.2280000 31.2562199
0.2290000 1.0316716
0.2300000 -41.4087601
0.2310000 -16.2987995
0.2320000 19.0941887
0.2330000 28.7207451
0.2340000 -9.5162458
0.2350000 37.6231499
0.2360000 -8.6140652
0.2370000 43.7282677
0.2380000 25.7006626
0.2390000 18.7324047
0.2400000 40.0694847
0.2410000 25.2726707
0.2420000 -60.1408310
0.2430000 17.3995762
0.2440000 24.2193127
0.2450000 64.2415924
0.2460000 -63.8213196
0.2470000 -30.8797150
0.2480000 71.9048691
0.2490000 0.8987086
0.2500000 29.2809429
0.2510000 -5.7203102
0.2520000 -55.2299957
0.2530000 -28.8982410
0.2540000 16.5255623
0.2550000 -12.1197147
0.2560000 21.7312622
0.2570000 3.3476338
0.2580000 -29.9818954
0.2590000 -31.7618046
0.2600000 0.9872046
0.2610000 35.8812103
0.2620000 35.0853233
0.2630000 -12.8132744
0.2640000 -6.6983428
0.2650000 16.0407505
0.2660000 35.4104462
0.2670000 -48.1339569
0.2680000 -82.5708694
0.2690000 74.2195511
0.2700000 -43.6303215
0.2710000 -44.5987549
0.2720000 11.5349045
0.2730000 -54.7466164
0.2740000 -31.2077446
0.2750000 16.6792221
0.2760000 -11.1643820
0.2770000 44.7223969
0.2780000 -34.6711693
0.2790000 -43.1802826
0.2800000 36.0344009
0.2810000 -14.1932802
0.2820000 52.6209831
0.2830000 -34.5874367
0.2840000 34.0565186
0.2850000 37.6117516
0.2860000 -7.3538685
0.2870000 5.6225114
0.2880000 -35.0424080
0.2890000 41.3639374
0.2900000 -27.3387184
0.2910000 41.5927734
0.2920000 56.2941513
0.2930000 -27.0844383
0.2940000 -45.0043640
0.2950000 -21.8160381
0.2960000 21.3756123
0.2970000 7.1859865
0.2980000 7.4380522
0.2990000 -21.1934414
0.3000000 55.2777176
0.3010000 27.0397739
0.3020000 -8.1216450
0.3030000 -13.7540178
0.3040000 -35.3722229
0.3050000 7.2514033
0.3060000 -10.8381672
0.3070000 -64.7347488
0.3080000 4.1190104
0.3090000 8.5869379
0.3100000 -38.5766907
0.3110000 -61.1156883
0.3120000 49.9681129
0.3130000 2.8185515
0.3140000 14.6954651
0.3150000 -88.8680496
0.3160000 -19.6476879
0.3170000 27.6341686
0.3180000 0.4091132
0.3190000 -51.8081970
0.3200000 15.8064375
0.3210000 -11.1400642
0.3220000 -5.4298711
0.3230000 -18.7585754
0.3240000 41.9176559
0.3250000 94.5375595
0.3260000 -4.6714621
0.3270000 17.2896175
0.3280000 10.1923018
0.3290000 -26.2694321
0.3300000 -67.6363602
0.3310000 29.5669060
0.3320000 12.0958786
0.3330000 31.8239346
0.3340000 -12.8026018
0.3350000 39.0389671
0.3360000 -28.8560390
0.3370000 15.5378075
0.3380000 -21.5730324
0.3390000 -61.3097725
0.3400000 -19.2077217
0.3410000 -16.8430748
0.3420000 -37.1388512
0.3430000 5.4867058
0.3440000 6.9095478
0.3450000 -6.9336843
0.3460000 -6.9373860
0.3470000 4.2029309
0.3480000 32.7611351
0.3490000 -65.7567139
0.3500000 -19.9792519
0.3510000 -28.4843407
0.3520000 0.1205311
0.3530000 -22.6891079
0.3540000 90.5565796
0.3550000 20.6600990
0.3560000 45.8374329
0.3570000 16.3774071
0.3580000 -45.1071129
0.3590000 16.6721497
0.3600000 -17.7715645
0.3610000 32.9649734
0.3620000 24.9477139
0.3630000 -18.7145519
0.3640000 27.1026001
0.3650000 -26.7828960
0.3660000 -14.8039837
0.3670000 -20.6811886
0.3680000 -7.8908343
0.3690000 1.2030672
0.3700000 -18.9448471
0.3710000 -11.9591475
0.3720000 -21.3118649
0.3730000 -40.4538383
0.3740000 -14.1471109
0.3750000 3.9431124
0.3760000 9.2440777
0.3770000 -32.1474571
0.3780000 -32.7152214
0.3790000 32.8900642
0.3800000 10.0240154
0.3810000 -1.8244822
0.3820000 -11.2875633
0.3830000 14.2502499
0.3840000 -26.9713459
0.3850000 -31.3789310
0.3860000 -38.4523277
0.3870000 -11.7039452
0.3880000 36.4740677
0.3890000 -8.5543108
0.3900000 8.8615580
0.3910000 -53.3540726
0.3920000 59.9204102
0.3930000 17.3233986
0.3940000 38.0580788
0.3950000 0.8076018
0.3960000 22.8023415
0.3970000 -6.3806934
0.3980000 -55.1268463
0.3990000 -115.1060486
0.4000000 53.6629639
0.4010000 -28.9382076
0.4020000 -1.9488155
0.4030000 -32.0756874
0.4040000 -13.0056477
0.4050000 3.3954732
0.4060000 32.9781799
0.4070000 30.3819752
0.4080000 58.7278137
0.4090000 -4.4203382
0.4100000 -36.6148300
0.4110000 33.9895935
0.4120000 -10.3984175
0.4130000 49.5117378
0.4140000 -11.4281111
0.4150000 1.8966748
0.4160000 -2.1296313
0.4170000 57.2464447
0.4180000 110.9401627
0.4190000 -47.6551361
0.4200000 60.7681007
0.4210000 -10.0148048
0.4220000 -41.2535019
0.4230000 12.9495192
0.4240000 32.1463432
0.4250000 52.5587311
0.4260000 -21.4811611
0.4270000 -33.1488647
0.4280000 31.3127918
0.4290000 -0.4023856
0.4300000 -23.0405502
0.4310000 -54.0629120
0.4320000 -22.2521381
0.4330000 90.8167114
0.4340000 -53.4622459
0.4350000 -14.5820160
0.4360000 51.1994133
0.4370000 -19.5582008
0.4380000 -5.9784279
0.4390000 39.2387810
0.4400000 -21.5773754
0.4410000 11.8870497
0.4420000 -30.4916325
0.4430000 -3.7043083
0.4440000 21.0302887
0.4450000 57.0476341
0.4460000 -20.0540791
0.4470000 73.8699722
0.4480000 5.8235159
0.4490000 22.6810322
0.4500000 3.2472034
0.4510000 -12.7062635
0.4520000 -23.5379238
0.4530000 52.2710533
0.4540000 -6.4247336
0.4550000 30.7969170
0.4560000 26.8455639
0.4570000 -56.8527107
0.4580000 -29.0974331
0.4590000 -62.9666405
0.4600000 6.0439091
0.4610000 -23.6079998
0.4620000 -48.8136063
0.4630000 -7.3294630
0.4640000 -64.8946381
0.4650000 -67.1530762
0.4660000 -101.1436157
0.4670000 32.0223770
0.4680000 24.6132374
0.4690000 -35.3635979
0.4700000 -20.6003990
0.4710000 61.0232582
0.4720000 -8.3271160
0.4730000 -22.2702465
0.4740000 102.4189911
0.4750000 -5.9840388
0.4760000 -41.3666420
0.4770000 54.8606300
0.4780000 27.2345829
0.4790000 -27.0873318
0.4800000 41.0830345
0.4810000 -40.5852165
0.4820000 -27.2801247
0.4830000 10.3761015
0.4840000 -12.5391073
0.4850000 -16.8373737
0.4860000 -38.4188690
0.4870000 -11.6379480
0.4880000 -8.2672129
0.4890000 45.8735771
0.4900000 18.6786366
0.4910000 71.9141922
0.4920000 13.6462507
0.4930000 -22.1455479
0.4940000 31.0156364
0.4950000 -10.9137583
0.4960000 13.8947010
0.4970000 84.5732422
0.4980000 1.9858651
0.4990000 -23.9268150
0.5000000 42.4369888
0.5010000 -58.0068398
0.5020000 -65.0384293
0.5030000 33.5213966
0.5040000 -3.0210474
0.5050000 -44.9371567
0.5060000 -0.4783161
0.5070000 56.5073395
0.5080000 1.5027512
0.5090000 24.9911022
0.5100000 61.9646072
0.5110000 -20.2687721
0.5120000 62.5104637
0.5130000 29.8201466
0.5140000 10.5571918
0.5150000 6.9479046
0.5160000 7.0258598
0.5170000 30.1406269
0.5180000 -59.3467369
0.5190000 31.3055534
0.5200000 -42.4869766
0.5210000 21.6775780
0.5220000 -26.8447895
0.5230000 88.0885544
0.5240000 4.4705038
0.5250000 11.0229549
0.5260000 -15.6358967
0.5270000 14.1341162
0.5280000 85.4223709
0.5290000 22.0108643
0.5300000 -49.8187370
0.5310000 -4.0290337
0.5320000 -35.7322769
0.5330000 19.2015629
0.5340000 -45.1717720
0.5350000 0.9872735
0.5360000 63.6727600
0.5370000 -7.8293390
0.5380000 32.2205467
0.5390000 94.9900589
0.5400000 12.5939074
0.5410000 7.0614996
0.5420000 1.8744003
0.5430000 -1.9081001
0.5440000 14.3530159
0.5450000 -21.1391735
0.5460000 -31.1712093
0.5470000 -84.0494385
0.5480000 -39.9384346
0.5490000 28.4186668
0.5500000 22.7585030
0.5510000 -5.9742846
0.5520000 -25.8028698
0.5530000 -31.5042038
0.5540000 51.2053871
0.5550000 9.4539099
0.5560000 -5.6932454
0.5570000 48.8700218
0.5580000 41.2891579
0.5590000 -1.6811090
0.5600000 16.6658401
0.5610000 5.8476458
0.5620000 9.7791252
0.5630000 11.2839699
0.5640000 63.4974327
0.5650000 -75.1377029
0.5660000 8.7450781
0.5670000 6.1587648
0.5680000 16.2882309
0.5690000 48.5683517
0.5700000 -17.6700439
0.5710000 -14.2837076
0.5720000 10.1485796
0.5730000 -3.6374705
0.5740000 -28.8770370
0.5750000 -14.0065880
0.5760000 -40.8800278
0.5770000 10.6742630
0.5780000 68.9377823
0.5790000 -47.8111382
0.5800000 -18.0628490
0.5810000 -16.9537640
0.5820000 -70.0800552
0.5830000 -28.1377258
0.5840000 -49.7315979
0.5850000 29.2299004
0.5860000 5.6729813
0.5870000 7.9724507
0.5880000 4.0493946
0.5890000 -11.4357882
0.5900000 -27.8691578
0.5910000 -10.8871002
0.5920000 -0.5558922
0.5930000 -16.7800198
0.5940000 -57.0819931
0.5950000 9.3710442
0.5960000 -78.1155090
0.5970000 -68.3381424
0.5980000 31.8864498
0.5990000 -7.5786266
0.6000000 -39.4871902
0.6010000 23.0353451
0.6020000 26.8802185
0.6030000 -25.5969162
0.6040000 9.1788006
0.6050000 -21.9839325
0.6060000 -27.2518368
0.6070000 -43.8366089
0.6080000 -22.3837414
0.6090000 21.8193665
0.6100000 16.6105747
0.6110000 -12.0363770
0.6120000 80.1420670
0.6130000 -37.1876450
0.6140000 -4.4106755
0.6150000 41.9630241
0.6160000 5.4766583
0.6170000 9.2191401
0.6180000 -40.1897583
0.6190000 48.9544258
0.6200000 33.4422226
0.6210000 31.8929329
0.6220000 19.9911118
0.6230000 -24.5004063
0.6240000 -47.9151268
0.6250000 -20.5456676
0.6260000 -48.0938721
0.6270000 55.3206863
0.6280000 1.3704647
0.6290000 2.3727469
0.6300000 25.0543022
0.6310000 16.1228123
0.6320000 -0.8391772
0.6330000 -3.6551437
0.6340000 -11.8444023
0.6350000 29.5712719
0.6360000 -45.5725975
0.6370000 -9.4239960
0.6380000 16.2237835
0.6390000 38.2061424
0.6400000 35.9082832
0.6410000 -45.7347794
0.6420000 -36.7698097
0.6430000 82.5261536
0.6440000 12.5629263
0.6450000 21.0245399
0.6460000 -24.8729115
0.6470000 -35.8041611
0.6480000 -12.6039848
0.6490000 -34.8418121
0.6500000 -92.3946228
0.6510000 14.4992800
0.6520000 9.1863842
0.6530000 -25.0600433
0.6540000 -16.8046150
0.6550000 33.3562126
0.6560000 33.3288879
0.6570000 79.3166733
0.6580000 27.2837543
0.6590000 3.8348846
0.6600000 -11.5510874
0.6610000 -13.2399864
0.6620000 -5.9195724
0.6630000 -7.3013926
0.6640000 42.0502281
0.6650000 11.4134264
0.6660000 -31.7380791
0.6670000 -16.3412685
0.6680000 -13.1594830
0.6690000 21.2476482
0.6700000 -5.6192932
0.6710000 -12.8300238
0.6720000 -34.1636696
0.6730000 -43.8530235
0.6740000 14.9211636
0.6750000 25.8451195
0.6760000 -43.8950615
0.6770000 -39.0954514
0.6780000 11.9848700
0.6790000 21.2957802
0.6800000 8.1744661
0.6810000 -94.9623184
0.6820000 -24.7704010
0.6830000 20.4627876
0.6840000 22.0187321
0.6850000 -4.0148664
0.6860000 -58.5723114
0.6870000 -68.0031738
0.6880000 41.3972740
0.6890000 7.9094009
0.6900000 24.8106937
0.6910000 -10.8083582
0.6920000 -28.1927032
0.6930000 -2.6105287
0.6940000 -2.0555439
0.6950000 8.0357752
0.6960000 61.0573540
0.6970000 -9.1027365
0.6980000 16.3956470
0.6990000 -33.8726501
0.7000000 -13.1014900
0.7010000 -35.5501137
0.7020000 23.1617928
0.7030000 29.4645805
0.7040000 7.9113927
0.7050000 54.9672928
0.7060000 -0.8736825
0.7070000 -32.5803261
0.7080000 -5.8998947
0.7090000 -4.6577449
0.7100000 -12.3861094
0.7110000 -14.8087873
0.7120000 -22.5827656
0.7130000 -48.1645012
0.7140000 -0.7913651
0.7150000 49.6972008
0.7160000 23.7047768
0.7170000 -22.3092308
0.7180000 -5.3478050
0.7190000 -47.0531349
0.7200000 -59.4827499
0.7210000 35.5271759
0.7220000 72.1975937
0.7230000 5.4289474
0.7240000 23.4249287
0.7250000 25.7525997
0.7260000 31.7604694
0.7270000 -107.1501694
0.7280000 -44.5995865
0.7290000 -43.1661377
0.7300000 84.6066055
0.7310000 -37.3211823
0.7320000 -58.2143288
0.7330000 -38.7709923
0.7340000 7.1444650
0.7350000 -28.1581573
0.7360000 53.1917801
0.7370000 24.6083622
0.7380000 -8.7888079
0.7390000 48.5630417
0.7400000 -21.0616131
0.7410000 -26.6668148
0.7420000 19.0764694
0.7430000 -5.4398699
0.7440000 2.4106946
0.7450000 -18.3434124
0.7460000 -15.0713711
0.7470000 -64.6857758
0.7480000 -6.7768006
0.7490000 27.0145206
0.7500000 -19.7520027
0.7510000 26.8645859
0.7520000 52.3773994
0.7530000 5.1229820
0.7540000 -11.5695744
0.7550000 38.0450439
0.7560000 -11.6571064
0.7570000 -11.9999800
0.7580000 -0.1284053
0.7590000 -1.6869022
0.7600000 15.4559631
0.7610000 -14.6071053
0.7620000 48.4565697
0.7630000 22.0978527
0.7640000 7.7459416
0.7650000 -16.7680302
0.7660000 -24.5066185
0.7670000 6.1604934
0.7680000 -58.4744606
0.7690000 43.8168831
0.7700000 -12.0466747
0.7710000 13.8356791
0.7720000 18.2710896
0.7730000 -66.6887360
0.7740000 -38.4419060
0.7750000 9.7710295
0.7760000 -67.4579010
0.7770000 -32.1413231
0.7780000 -49.3180923
0.7790000 -6.4088635
0.7800000 3.7012689
0.7810000 44.7554207
0.7820000 -40.1460381
0.7830000 54.5849609
0.7840000 -7.4563842
0.7850000 21.1463585
0.7860000 -27.3465424
0.7870000 29.4296150
0.7880000 -7.0578141
0.7890000 88.3435440
0.7900000 29.1208878
0.7910000 6.1913486
0.7920000 38.5024147
0.7930000 32.3328400
0.7940000 19.2030907
0.7950000 21.6224098
0.7960000 64.2945480
0.7970000 7.5701513
0.7980000 -12.9360857
0.7990000 87.0592499
0.8000000 29.6966228
0.8010000 26.9412308
0.8020000 7.2194428
0.8030000 44.9730797
0.8040000 -4.5183778
0.8050000 -7.8874502
0.8060000 -19.2268486
0.8070000 -23.4791985
0.8080000 11.4029446
0.8090000 41.4769173
0.8100000 -35.0307350
0.8110000 -47.4028549
0.8120000 4.6797423
0.8130000 55.7137222
0.8140000 -3.4684925
0.8150000 15.4498568
0.8160000 -42.6726799
0.8170000 22.5796623
0.8180000 70.2521744
0.8190000 -4.6732473
0.8200000 16.3378811
0.8210000 51.2621498
0.8220000 24.7970276
0.8230000 19.9865150
0.8240000 24.3144245
0.8250000 -18.8357086
0.8260000 -0.6358476
0.8270000 46.4130707
0.8280000 1.9267106
0.8290000 -55.3141136
0.8300000 81.5436172
0.8310000 -41.4117012
0.8320000 1.3306837
0.8330000 46.4919052
0.8340000 9.1260529
0.8350000 -4.0890303
0.8360000 -16.2270336
0.8370000 46.7454109
0.8380000 -32.7374535
0.8390000 -3.9565024
0.8400000 6.9519324
0.8410000 -14.4274025
0.8420000 45.7797661
0.8430000 5.1693754
0.8440000 38.2213860
0.8450000 -32.2069244
0.8460000 -68.5814743
0.8470000 11.4705601
0.8480000 29.7516556
0.8490000 53.7393913
0.8500000 31.0795956
0.8510000 40.6905098
0.8520000 -103.2740479
0.8530000 -6.9303370
0.8540000 30.8367672
0.8550000 -46.1248245
0.8560000 10.9321947
0.8570000 -2.6139238
0.8580000 48.6241264
0.8590000 47.7982979
0.8600000 -13.9704866
0.8610000 10.5120735
0.8620000 59.2344551
0.8630000 38.3686981
0.8640000 -13.4515600
0.8650000 33.4972534
0.8660000 15.1757507
0.8670000 20.5773735
0.8680000 -17.2790680
0.8690000 10.5238199
0.8700000 -14.8805046
0.8710000 -41.9177856
0.8720000 76.3604965
0.8730000 39.8734665
0.8740000 -2.2348776
0.8750000 22.1164074
0.8760000 45.3766251
0.8770000 -4.6748257
0.8780000 -4.9491973
0.8790000 68.6011581
0.8800000 -10.3229170
0.8810000 36.6332970
0.8820000 21.6642056
0.8830000 49.0447083
0.8840000 -47.8965569
0.8850000 36.2408142
0.8860000 -3.8579874
0.8870000 2.1493530
0.8880000 42.0812187
0.8890000 15.0920725
0.8900000 1.3824168
0.8910000 -11.0206575
0.8920000 -0.9946107
0.8930000 -3.5257924
0.8940000 -53.1084442
0.8950000 2.7156925
0.8960000 -5.0465665
0.8970000 32.7250328
0.8980000 -38.9372482
0.8990000 -2.2236729
0.9000000 -16.9535255
0.9010000 48.6993294
0.9020000 41.0589600
0.9030000 -31.0214138
0.9040000 -27.0304089
0.9050000 -15.3892298
0.9060000 -6.4288139
0.9070000 -4.4093156
0.9080000 38.2709846
0.9090000 -82.6842804
0.9100000 -59.1657333
0.9110000 28.7029018
0.9120000 -13.2329750
0.9130000 12.9511452
0.9140000 -4.8785701
0.9150000 -49.6247864
0.9160000 -4.6569576
0.9170000 -12.8618040
0.9180000 9.6851721
0.9190000 54.4673462
0.9200000 -41.6152573
0.9210000 44.9657936
0.9220000 5.7286735
0.9230000 -2.6218286
0.9240000 1.2649900
0.9250000 -15.9513321
0.9260000 -72.6288528
0.9270000 0.8309186
0.9280000 -13.8920507
0.9290000 -35.7883987
0.9300000 -3.5925078
0.9310000 -16.1606998
0.9320000 -11.7371273
0.9330000 -4.5807004
0.9340000 -5.7418666
0.9350000 -20.2657681
0.9360000 -77.1197968
0.9370000 -34.4322548
0.9380000 -22.0300865
0.9390000 27.9678993
0.9400000 -17.0236664
0.9410000 -47.6205673
0.9420000 -10.8913326
0.9430000 -31.4636955
0.9440000 11.3645344
0.9450000 -61.4432259
0.9460000 5.4628801
0.9470000 -14.4705648
0.9480000 19.6855412
0.9490000 12.7290077
0.9500000 -25.6492920
0.9510000 16.9866753
0.9520000 -2.0801449
0.9530000 6.7215910
0.9540000 11.6920443
0.9550000 41.0160942
0.9560000 25.4213047
0.9570000 55.8096352
0.9580000 -57.7810135
0.9590000 -20.6488686
0.9600000 -4.7251391
0.9610000 3.2460556
0.9620000 -7.4322381
0.9630000 -29.3869762
0.9640000 20.8194828
0.9650000 3.1413608
0.9660000 57.4051208
0.9670000 -22.4660339
0.9680000 -33.4502525
0.9690000 -45.4205170
0.9700000 14.4011831
0.9710000 -3.8913009
0.9720000 48.9210892
0.9730000 40.1459770
0.9740000 -70.0617371
0.9750000 16.1566792
0.9760000 -34.4431419
0.9770000 3.0442355
0.9780000 4.1403065
0.9790000 -4.6885567
0.9800000 19.3717899
0.9810000 -6.0217061
0.9820000 -12.9246750
0.9830000 -2.4475696
0.9840000 33.4470558
0.9850000 21.7417793
0.9860000 -53.2490349
0.9870000 19.4741364
0.9880000 58.5748596
0.9890000 3.5118721
0.9900000 2.4830928
0.9910000 70.2643204
0.9920000 -26.1420937
0.9930000 0.4482838
0.9940000 -20.4723263
0.9950000 35.8330269
0.9960000 39.5410385
0.9970000 -35.7301064
0.9980000 -21.8683109
0.9990000 55.3915977
