0.0000000 -6.5546212
0.0010000 -3.9604270
0.0020000 -41.8946571
0.0030000 -32.8240967
0.0040000 30.0168762
0.0050000 24.8919411
0.0060000 -10.5042334
0.0070000 -16.9510002
0.0080000 -46.3779030
0.0090000 -43.7947311
0.0100000 -4.1126285
0.0110000 53.9192085
0.0120000 0.2331101
0.0130000 5.4470053
0.0140000 -65.5414505
0.0150000 -94.0874023
0.0160000 -29.2734337
0.0170000 40.9296188
0.0180000 26.1619492
0.0190000 23.2197819
0.0200000 53.2835655
0.0210000 14.2817659
0.0220000 -40.9061890
0.0230000 41.6391640
0.0240000 27.5730095
0.0250000 30.0878963
0.0260000 -10.9675608
0.0270000 -11.6280289
0.0280000 77.8450012
0.0290000 -8.0674973
0.0300000 -2.3941870
0.0310000 33.8798637
0.0320000 -61.0207443
0.0330000 5.9130526
0.0340000 43.2640305
0.0350000 6.5652895
0.0360000 -12.0659790
0.0370000 -1.8434465
0.0380000 8.4972820
0.0390000 96.4900360
0.0400000 50.3446045
0.0410000 -50.2967339
0.0420000 44.9439392
0.0430000 58.6271744
0.0440000 17.1402454
0.0450000 87.1344376
0.0460000 18.9255257
0.0470000 4.0471749
0.0480000 4.8868818
0.0490000 67.9586792
0.0500000 18.7927990
0.0510000 -4.3993793
0.0520000 -33.5997658
0.0530000 -15.8281116
0.0540000 -46.3912849
0.0550000 -34.3222809
0.0560000 62.6855583
0.0570000 32.2542534
0.0580000 24.4046822
0.0590000 64.2723541
0.0600000 31.1079998
0.0610000 31.6208611
0.0620000 6.8489404
0.0630000 -3.2260797
0.0640000 -57.0151749
0.0650000 14.4316225
0.0660000 37.0168152
0.0670000 27.3390827
0.0680000 40.5765495
0.0690000 -33.8238564
0.0700000 17.0216522
0.0710000 0.3634924
0.0720000 19.5699310
0.0730000 -12.9372663
0.0740000 -51.3718643
0.0750000 -51.2882538
0.0760000 21.5303974
0.0770000 -2.9046099
0.0780000 -40.3960381
0.0790000 -19.6863174
0.0800000 21.7127647
0.0810000 -20.9448414
0.0820000 5.7209506
0.0830000 -76.1128464
0.0840000 -9.3541193
0.0850000 -12.8136196
0.0860000 -25.6035137
0.0870000 -49.0727348
0.0880000 31.6792278
0.0890000 -9.6916618
0.0900000 19.0331154
0.0910000 -14.8486042
0.0920000 17.6422501
0.0930000 2.8119290
0.0940000 -55.1785622
0.0950000 -2.8218462
0.0960000 39.4150696
0.0970000 -12.2914476
0.0980000 66.6599808
0.0990000 19.3664227
0.1000000 14.4443941
0.1010000 63.6636925
0.1020000 12.5356369
0.1030000 30.3265877
0.1040000 -0.6508080
0.1050000 -24.6582146
0.1060000 -74.2613678
0.1070000 -15.0578251
0.1080000 -15.3253460
0.1090000 -3.7732954
0.1100000 9.8162508
0.1110000 -0.2129680
0.1120000 -56.9895210
0.1130000 -26.7209663
0.1140000 -0.0959318
0.1150000 48.5229378
0.1160000 31.8339844
0.1170000 26.6207619
0.1180000 2.3293054
0.1190000 -54.6499252
0.1200000 41.1837158
0.1210000 -12.4867172
0.1220000 -1.6866543
0.1230000 -73.6645813
0.1240000 -9.2241764
0.1250000 24.7683849
0.1260000 -6.0458980
0.1270000 2.2320082
0.1280000 -11.7054529
0.1290000 10.3278761
0.1300000 6.1081133
0.1310000 42.3310127
0.1320000 31.7606640
0.1330000 20.9959106
0.1340000 4.7927499
0.1350000 11.9688034
0.1360000 51.2129898
0.1370000 9.8256731
0.1380000 -8.1937962
0.1390000 -13.1877766
0.1400000 49.1736412
0.1410000 25.6667023
0.1420000 -17.5121670
0.1430000 72.9279785
0.1440000 0.7725132
0.1450000 -4.0288987
0.1460000 26.2514553
0.1470000 45.5067711
0.1480000 33.2714005
0.1490000 -16.8716888
0.1500000 18.0642414
0.1510000 -0.0011195
0.1520000 58.9385147
0.1530000 4.6195879
0.1540000 41.4502945
0.1550000 28.9498653
0.1560000 -55.6907959
0.1570000 -35.7318764
0.1580000 3.7163198
0.1590000 42.4242172
0.1600000 -46.1694107
0.1610000 -20.4595280
0.1620000 -32.3829346
0.1630000 58.2948265
0.1640000 18.5680275
0.1650000 -31.8829269
0.1660000 -20.6669331
0.1670000 49.5441055
0.1680000 44.6150055
0.1690000 -7.3905902
0.1700000 17.0124283
0.1710000 52.9087219
0.1720000 -39.4346542
0.1730000 -25.7309551
0.1740000 -15.7880249
0.1750000 -78.9594040
0.1760000 43.1048508
0.1770000 -4.8111653
0.1780000 3.8853242
0.1790000 -29.7947521
0.1800000 -106.8354187
0.1810000 46.7960625
0.1820000 2.8154988
0.1830000 -2.5763538
0.1840000 7.7345190
0.1850000 67.8487473
0.1860000 -26.4670715
0.1870000 -9.6750669
0.1880000 -40.7302589
0.1890000 24.9327049
0.1900000 36.1732521
0.1910000 -26.0359364
0.1920000 8.3004389
0.1930000 -41.3484955
0.1940000 10.6441488
0.1950000 -7.7039771
0.1960000 13.4630051
0.1970000 -25.1286869
0.1980000 25.1022491
0.1990000 -64.1423645
0.2000000 -2.6394632
0.2010000 35.9620819
0.2020000 87.3971481
0.2030000 38.7895775
0.2040000 -5.2430730
0.2050000 -57.6482010
0.2060000 -34.7286911
0.2070000 3.0531354
0.2080000 -2.8387442
0.2090000 14.0893669
0.2100000 15.6612930
0.2110000 6.7378001
0.2120000 -10.0147400
0.2130000 5.2148957
0.2140000 29.1241302
0.2150000 43.1019478
0.2160000 -26.3781586
0.2170000 -19.7474041
0.2180000 -34.3776360
0.2190000 17.8664646
0.2200000 -11.1031427
0.2210000 -25.8097839
0.2220000 -3.2512445
0.2230000 -5.3132906
0.2240000 -2.7180755
0.2250000 18.2318325
0.2260000 -17.5241508
0.2270000 13.7779837
0.2280000 33.8280296
0.2290000 12.0183268
0.2300000 21.4026604
0.2310000 20.2985859
0.2320000 16.5316639
0.2330000 -8.9165764
0.2340000 2.5169647
0.2350000 40.0837250
0.2360000 32.4502335
0.2370000 -41.2125854
0.2380000 54.1772423
0.2390000 11.0063353
0.2400000 11.6676378
0.2410000 -36.4913635
0.2420000 -0.9103744
0.2430000 11.8034706
0.2440000 -11.2757473
0.2450000 1.8017527
0.2460000 -6.0328927
0.2470000 31.9876575
0.2480000 -1.8044120
0.2490000 -5.7908206
0.2500000 -15.3306999
0.2510000 20.4695778
0.2520000 -3.9562891
0.2530000 66.6657562
0.2540000 -1.0231012
0.2550000 -17.5597630
0.2560000 36.5004578
0.2570000 -31.6711864
0.2580000 -62.9375343
0.2590000 42.9258194
0.2600000 67.4263763
0.2610000 66.6859894
0.2620000 77.6328735
0.2630000 -24.5439606
0.2640000 -6.1035686
0.2650000 62.6238060
0.2660000 -14.2277699
0.2670000 -14.5194588
0.2680000 64.1038589
0.2690000 63.1619759
0.2700000 60.9460182
0.2710000 -38.1277199
0.2720000 28.7387180
0.2730000 -15.7112494
0.2740000 -37.0554199
0.2750000 35.0139923
0.2760000 11.8330536
0.2770000 56.7088890
0.2780000 -20.7715378
0.2790000 9.7082510
0.2800000 14.9247227
0.2810000 -12.1942596
0.2820000 -49.0916443
0.2830000 6.8203964
0.2840000 -2.1497457
0.2850000 9.6413584
0.2860000 52.0555191
0.2870000 24.8115463
0.2880000 -6.8463244
0.2890000 36.9172440
0.2900000 -28.5366936
0.2910000 9.2915201
0.2920000 62.8550987
0.2930000 60.2446938
0.2940000 -39.1458969
0.2950000 48.1230049
0.2960000 -15.3103361
0.2970000 -8.2468319
0.2980000 -36.9064751
0.2990000 -52.9281120
0.3000000 4.1451931
0.3010000 -93.4890213
0.3020000 -7.2611151
0.3030000 -18.9603786
0.3040000 18.1338253
0.3050000 40.0583916
0.3060000 -29.7086124
0.3070000 25.8370895
0.3080000 36.5808029
0.3090000 13.6937599
0.3100000 -66.4538116
0.3110000 -45.5774803
0.3120000 -49.0423546
0.3130000 2.6592808
0.3140000 11.6843500
0.3150000 2.5150728
0.3160000 -31.0126266
0.3170000 -34.3540459
0.3180000 48.7677841
0.3190000 50.8931808
0.3200000 15.2896547
0.3210000 -10.7359257
0.3220000 -1.9440109
0.3230000 -8.2438231
0.3240000 36.9217796
0.3250000 22.1370525
0.3260000 68.3531113
0.3270000 -21.8653450
0.3280000 12.5187035
0.3290000 42.1785736
0.3300000 19.0610447
0.3310000 7.5252938
0.3320000 39.4448662
0.3330000 6.7901354
0.3340000 18.4922047
0.3350000 -22.6919193
0.3360000 31.8632565
0.3370000 -25.9967995
0.3380000 78.8871231
0.3390000 29.2146187
0.3400000 -8.3507214
0.3410000 33.3797302
0.3420000 -35.9410095
0.3430000 12.5372849
0.3440000 15.4145336
0.3450000 18.3412151
0.3460000 -11.7650537
0.3470000 -5.5243344
0.3480000 58.5351715
0.3490000 2.2791653
0.3500000 -20.6746464
0.3510000 -25.7016983
0.3520000 54.4944725
0.3530000 21.1225986
0.3540000 28.7478542
0.3550000 14.0231237
0.3560000 10.7541924
0.3570000 -44.5592995
0.3580000 -35.9975777
0.3590000 46.7735710
0.3600000 12.6911030
0.3610000 14.8479061
0.3620000 -47.6675873
0.3630000 1.0533789
0.3640000 -15.3923454
0.3650000 5.1422291
0.3660000 -68.4923172
0.3670000 -40.4161987
0.3680000 0.4722717
0.3690000 7.6736269
0.3700000 -5.5208397
0.3710000 10.9149456
0.3720000 18.0589752
0.3730000 -61.2808952
0.3740000 20.9719772
0.3750000 55.2249069
0.3760000 18.0265179
0.3770000 -7.7511683
0.3780000 -0.4547031
0.3790000 -33.1396141
0.3800000 62.7979813
0.3810000 -11.5221920
0.3820000 -12.2145824
0.3830000 -5.2957048
0.3840000 23.5805187
0.3850000 -26.9722557
0.3860000 51.2318649
0.3870000 -43.8042641
0.3880000 -21.2106991
0.3890000 -0.0089549
0.3900000 -41.3506546
0.3910000 -28.9847240
0.3920000 -5.8919306
0.3930000 -7.9217253
0.3940000 6.5334387
0.3950000 -60.7379074
0.3960000 -20.4691505
0.3970000 -26.6302090
0.3980000 -103.6756973
0.3990000 -29.9483948
0.4000000 -38.1191826
0.4010000 11.3604679
0.4020000 0.7583451
0.4030000 -40.1527863
0.4040000 -38.8342628
0.4050000 6.6471844
0.4060000 -21.1450367
0.4070000 -5.7220812
0.4080000 -8.4070921
0.4090000 -65.4896698
0.4100000 65.7469254
0.4110000 -6.5329189
0.4120000 -63.3186569
0.4130000 69.3578644
0.4140000 47.0189247
0.4150000 11.6422071
0.4160000 -49.0435028
0.4170000 0.1308033
0.4180000 21.5835037
0.4190000 18.6085434
0.4200000 6.1212053
0.4210000 -37.2680740
0.4220000 -52.9930878
0.4230000 59.3618965
0.4240000 -11.4760838
0.4250000 -42.6330261
0.4260000 3.5204000
0.4270000 -35.0534821
0.4280000 16.7451859
0.4290000 34.5638123
0.4300000 32.9670830
0.4310000 16.4262142
0.4320000 83.9375534
0.4330000 19.5086765
0.4340000 5.6378717
0.4350000 -10.9801254
0.4360000 56.1509132
0.4370000 46.4243469
0.4380000 35.0815544
0.4390000 4.3285909
0.4400000 17.8424530
0.4410000 58.8968048
0.4420000 14.2085419
0.4430000 -1.7336119
0.4440000 4.4839735
0.4450000 -6.0335989
0.4460000 -28.8784199
0.4470000 16.3516922
0.4480000 127.3223267
0.4490000 -19.6715736
0.4500000 24.3082886
0.4510000 28.5584507
0.4520000 16.6599770
0.4530000 28.5386295
0.4540000 -20.2090092
0.4550000 -44.2583389
0.4560000 42.8466911
0.4570000 1.9086437
0.4580000 -45.9425735
0.4590000 28.2789955
0.4600000 23.5286160
0.4610000 -41.7515106
0.4620000 -23.0634594
0.4630000 -8.8458796
0.4640000 -7.2204351
0.4650000 -10.9639473
0.4660000 -49.6931000
0.4670000 -5.3244791
0.4680000 22.6919384
0.4690000 34.3165016
0.4700000 1.6321372
0.4710000 -16.8677864
0.4720000 29.2222443
0.4730000 -35.1610565
0.4740000 -9.9200020
0.4750000 13.0903730
0.4760000 -6.0729008
0.4770000 -24.6791325
0.4780000 -16.6223145
0.4790000 12.6963797
0.4800000 -44.0102463
0.4810000 34.4235306
0.4820000 51.5290298
0.4830000 38.7816696
0.4840000 23.7809563
0.4850000 -12.1139116
0.4860000 -27.3887520
0.4870000 -44.3665276
0.4880000 -31.0215549
0.4890000 41.0479164
0.4900000 6.5542727
0.4910000 -34.7052841
0.4920000 2.2257118
0.4930000 -37.0981178
0.4940000 -31.2998695
0.4950000 -23.2097549
0.4960000 5.7641940
0.4970000 31.9456444
0.4980000 38.9021568
0.4990000 -21.0412865
0.5000000 -60.8022614
0.5010000 38.4434280
0.5020000 8.1471682
0.5030000 -16.3445721
0.5040000 -92.4335938
0.5050000 38.8860092
0.5060000 13.0592432
0.5070000 -25.1604195
0.5080000 4.0578299
0.5090000 -12.4082737
0.5100000 24.6911430
0.5110000 -9.8503332
0.5120000 31.9395790
0.5130000 13.5446119
0.5140000 -6.8275242
0.5150000 34.0472260
0.5160000 -49.8841400
0.5170000 -21.8437195
0.5180000 16.1498680
0.5190000 7.1798024
0.5200000 -45.0373306
0.5210000 -49.1175537
0.5220000 -16.1753502
0.5230000 -13.7070627
0.5240000 -6.8621140
0.5250000 34.5683899
0.5260000 -30.7610722
0.5270000 38.7246780
0.5280000 -16.3632221
0.5290000 9.6072702
0.5300000 28.4438553
0.5310000 20.6205273
0.5320000 -59.2810745
0.5330000 14.5196533
0.5340000 -37.6480598
0.5350000 13.7340269
0.5360000 31.8989143
0.5370000 14.3622732
0.5380000 -1.9193714
0.5390000 7.8674965
0.5400000 17.7165184
0.5410000 88.4281464
0.5420000 -81.4973907
0.5430000 -16.1397877
0.5440000 -30.5096245
0.5450000 -50.1745911
0.5460000 42.3591042
0.5470000 18.8254681
0.5480000 -12.0986872
0.5490000 -34.8208694
0.5500000 53.9272957
0.5510000 -32.5352364
0.5520000 -18.8026142
0.5530000 2.0304136
0.5540000 4.1498780
0.5550000 5.1097980
0.5560000 103.6306229
0.5570000 17.0324802
0.5580000 21.5525322
0.5590000 0.5624825
0.5600000 -12.6270542
0.5610000 -49.0568504
0.5620000 -20.8339005
0.5630000 82.3366623
0.5640000 10.8299284
0.5650000 -62.9312401
0.5660000 46.8407440
0.5670000 2.3740554
0.5680000 41.4363213
0.5690000 7.2359600
0.5700000 40.5711937
0.5710000 71.1588898
0.5720000 -62.0047073
0.5730000 68.9019241
0.5740000 -6.0670357
0.5750000 35.8276176
0.5760000 -25.5165386
0.5770000 41.6643257
0.5780000 -1.7664698
0.5790000 -50.6460648
0.5800000 -2.1082125
0.5810000 -5.4092765
0.5820000 -27.8787174
0.5830000 -3.6839545
0.5840000 -22.2140408
0.5850000 -22.0445938
0.5860000 -28.8202477
0.5870000 1.8046798
0.5880000 2.6014969
0.5890000 -32.2297058
0.5900000 39.3454094
0.5910000 -15.1412535
0.5920000 55.2656326
0.5930000 42.0940666
0.5940000 -8.4353886
0.5950000 -30.1019745
0.5960000 37.1963120
0.5970000 69.3384323
0.5980000 -19.8428173
0.5990000 46.0755615
0.6000000 3.8018777
0.6010000 33.3571434
0.6020000 -15.9084921
0.6030000 9.2773943
0.6040000 27.4112282
0.6050000 -73.3590012
0.6060000 33.2757797
0.6070000 -12.4777565
0.6080000 27.5431137
0.6090000 -0.4576716
0.6100000 -16.3071213
0.6110000 -21.9831657
0.6120000 33.9556389
0.6130000 26.1015644
0.6140000 -16.1345234
0.6150000 -1.7381775
0.6160000 -15.3618498
0.6170000 -24.5095787
0.6180000 -19.4895725
0.6190000 11.7570906
0.6200000 -60.9484253
0.6210000 -4.5306935
0.6220000 14.9560890
0.6230000 1.7668430
0.6240000 -47.9304008
0.6250000 -37.2013702
0.6260000 9.4904613
0.6270000 -21.8010921
0.6280000 17.1897297
0.6290000 -9.9580107
0.6300000 -0.4456275
0.6310000 -5.6274500
0.6320000 -59.7293129
0.6330000 6.4480972
0.6340000 63.8184509
0.6350000 -63.0099716
0.6360000 -15.0762348
0.6370000 41.9200211
0.6380000 -16.9463291
0.6390000 -16.3644962
0.6400000 -15.7055340
0.6410000 5.0006351
0.6420000 42.6356087
0.6430000 38.2185326
0.6440000 55.2827187
0.6450000 9.5205107
0.6460000 -34.0851593
0.6470000 -46.5590019
0.6480000 -35.9410591
0.6490000 40.0959549
0.6500000 13.6741991
0.6510000 -38.8248940
0.6520000 51.1956596
0.6530000 -15.6117792
0.6540000 14.4424133
0.6550000 -4.9079690
0.6560000 5.7633204
0.6570000 6.1567507
0.6580000 -13.8662605
0.6590000 23.0946217
0.6600000 -36.2523232
0.6610000 -3.0938160
0.6620000 60.3989449
0.6630000 -2.9318900
0.6640000 -23.6989861
0.6650000 -29.8492432
0.6660000 19.5923672
0.6670000 -42.7094383
0.6680000 11.8321819
0.6690000 -12.9918060
0.6700000 14.1835709
0.6710000 9.0381975
0.6720000 -31.3587532
0.6730000 26.1572037
0.6740000 48.8068848
0.6750000 37.7260742
0.6760000 25.6463432
0.6770000 25.3750248
0.6780000 -24.8891048
0.6790000 -32.8910332
0.6800000 -27.2113438
0.6810000 -25.3715649
0.6820000 15.8077936
0.6830000 9.9653549
0.6840000 -5.0861773
0.6850000 22.8750591
0.6860000 -19.2283344
0.6870000 -20.6324787
0.6880000 22.5120354
0.6890000 -21.9732628
0.6900000 35.8424225
0.6910000 -26.9528103
0.6920000 52.7156334
0.6930000 26.1188736
0.6940000 58.4750824
0.6950000 56.3781509
0.6960000 -3.9351661
0.6970000 -5.0517840
0.6980000 -46.7886505
0.6990000 -36.7103119
0.7000000 40.0841637
0.7010000 66.6285172
0.7020000 34.3334808
0.7030000 -3.7763214
0.7040000 -86.7823944
0.7050000 13.8947020
0.7060000 12.6957417
0.7070000 -86.9866486
0.7080000 -12.7974501
0.7090000 -23.9083328
0.7100000 -27.9298744
0.7110000 -21.3805408
0.7120000 -41.1551323
0.7130000 6.8064394
0.7140000 -27.0051041
0.7150000 -32.0873337
0.7160000 -36.6070747
0.7170000 44.2755013
0.7180000 41.9228477
0.7190000 -37.1954536
0.7200000 -38.9361382
0.7210000 -7.6304750
0.7220000 -40.9077568
0.7230000 -12.2018566
0.7240000 -50.5204697
0.7250000 -20.4546661
0.7260000 9.8723183
0.7270000 21.8537426
0.7280000 -45.6036377
0.7290000 -9.8296366
0.7300000 -44.8164825
0.7310000 -32.5241776
0.7320000 -4.7008715
0.7330000 16.3464584
0.7340000 -0.6445424
0.7350000 -63.6051140
0.7360000 40.4853477
0.7370000 23.8798199
0.7380000 24.6598663
0.7390000 -27.2227993
0.7400000 -13.2337284
0.7410000 -14.1604357
0.7420000 -15.9707832
0.7430000 -31.7349644
0.7440000 29.6257000
0.7450000 -35.8008232
0.7460000 -50.1680222
0.7470000 -14.2456999
0.7480000 15.3364344
0.7490000 -24.1494846
0.7500000 10.4002752
0.7510000 -4.3620362
0.7520000 -47.0045815
0.7530000 22.3791294
0.7540000 -9.0508394
0.7550000 -39.6775131
0.7560000 -13.7588806
0.7570000 -36.6644707
0.7580000 -64.7455597
0.7590000 32.7648735
0.7600000 -32.1443787
0.7610000 33.1726875
0.7620000 58.5668335
0.7630000 -47.4535141
0.7640000 -18.3754101
0.7650000 -2.7151155
0.7660000 71.9813004
0.7670000 -12.7947550
0.7680000 34.6408806
0.7690000 -41.1265717
0.7700000 25.4001026
0.7710000 -32.0542107
0.7720000 -38.3491287
0.7730000 25.0755405
0.7740000 -13.3607254
0.7750000 -39.1283607
0.7760000 59.5516586
0.7770000 -5.5724802
0.7780000 18.5481339
0.7790000 2.0520263
0.7800000 25.9924240
0.7810000 31.1392956
0.7820000 50.5384064
0.7830000 14.1728668
0.7840000 -51.7459984
0.7850000 17.7971268
0.7860000 -1.4885209
0.7870000 -13.4712906
0.7880000 -14.7167645
0.7890000 -36.3994446
0.7900000 -58.5500374
0.7910000 26.1575413
0.7920000 -64.8071136
0.7930000 30.3985462
0.7940000 -36.3438454
0.7950000 11.4659653
0.7960000 3.5944963
0.7970000 4.7442646
0.7980000 -4.5588641
0.7990000 -10.3392353
0.8000000 -10.7763042
0.8010000 50.5601006
0.8020000 -58.6810150
0.8030000 -22.3574352
0.8040000 23.1659107
0.8050000 -12.0996208
0.8060000 26.5383987
0.8070000 12.9647608
0.8080000 -33.4854126
0.8090000 49.7798424
0.8100000 30.9107857
0.8110000 -9.7587786
0.8120000 38.3562622
0.8130000 48.3964577
0.8140000 25.1587124
0.8150000 -21.1112919
0.8160000 -39.6318092
0.8170000 -51.6619949
0.8180000 -35.9636917
0.8190000 -34.2038002
0.8200000 5.3448734
0.8210000 19.4540310
0.8220000 10.3535452
0.8230000 21.5652504
0.8240000 7.3373437
0.8250000 27.5841942
0.8260000 -18.9755516
0.8270000 -4.4986019
0.8280000 23.5120697
0.8290000 -31.9227180
0.8300000 -53.8382301
0.8310000 18.9259682
0.8320000 -17.0280533
0.8330000 -39.9495125
0.8340000 -13.7790174
0.8350000 -6.3269043
0.8360000 43.5414047
0.8370000 -7.7539434
0.8380000 3.6966898
0.8390000 43.2017822
0.8400000 -4.9024177
0.8410000 -2.6050067
0.8420000 -46.3885231
0.8430000 -31.8574924
0.8440000 39.3246613
0.8450000 -44.8987503
0.8460000 -2.9331329
0.8470000 -55.3144836
0.8480000 17.1129818
0.8490000 -3.1676717
0.8500000 -22.8152695
0.8510000 -18.4638195
0.8520000 47.6411591
0.8530000 -8.2600994
0.8540000 -43.4554672
0.8550000 -4.8452001
0.8560000 -45.2219772
0.8570000 40.6818008
0.8580000 -32.0730247
0.8590000 75.0863647
0.8600000 -35.7892838
0.8610000 11.7200823
0.8620000 -25.9468460
0.8630000 -61.3692703
0.8640000 -59.1966248
0.8650000 48.8956680
0.8660000 60.5333786
0.8670000 -23.0625839
0.8680000 15.8710651
0.8690000 56.2869530
0.8700000 -26.1741467
0.8710000 36.0454826
0.8720000 -40.7044640
0.8730000 -16.6140366
0.8740000 -15.8784018
0.8750000 7.1123939
0.8760000 34.0980835
0.8770000 -19.9272690
0.8780000 -38.8680038
0.8790000 -22.1967869
0.8800000 38.6149368
0.8810000 4.2826915
0.8820000 3.4327617
0.8830000 -70.9783478
0.8840000 -13.0550518
0.8850000 -6.8950853
0.8860000 -42.9952469
0.8870000 -52.5278816
0.8880000 71.9943924
0.8890000 -12.3051577
0.8900000 -68.8430328
0.8910000 20.1320000
0.8920000 10.0052147
0.8930000 12.5750484
0.8940000 32.7691460
0.8950000 38.0819550
0.8960000 52.7557678
0.8970000 11.6969166
0.8980000 -30.7380810
0.8990000 59.4677315
0.9000000 24.6997814
0.9010000 6.6531372
0.9020000 -22.9638958
0.9030000 19.0225468
0.9040000 48.7412338
0.9050000 30.0223598
0.9060000 78.4589996
0.9070000 40.6500626
0.9080000 1.4564008
0.9090000 8.1171341
0.9100000 42.7550812
0.9110000 -17.7206745
0.9120000 11.2815046
0.9130000 61.7059555
0.9140000 -64.2315292
0.9150000 12.2114534
0.9160000 8.3090563
0.9170000 13.4098139
0.9180000 -1.3299129
0.9190000 13.7572308
0.9200000 -38.7623978
0.9210000 -3.4506431
0.9220000 -34.6914444
0.9230000 58.2368469
0.9240000 -25.4090710
0.9250000 -3.7258623
0.9260000 -56.3188210
0.9270000 -16.5056362
0.9280000 18.6701317
0.9290000 -28.2019234
0.9300000 20.6892700
0.9310000 -22.2232189
0.9320000 -7.6499996
0.9330000 -56.6908340
0.9340000 -9.6344786
0.9350000 6.2350907
0.9360000 12.1171093
0.9370000 -12.9904633
0.9380000 -1.5003614
0.9390000 11.5673981
0.9400000 21.6251469
0.9410000 8.0976887
0.9420000 -13.8366728
0.9430000 -8.5722122
0.9440000 -2.0069904
0.9450000 -21.0665169
0.9460000 37.2871361
0.9470000 -23.6802464
0.9480000 4.8560405
0.9490000 26.0271053
0.9500000 -7.0217843
0.9510000 -14.7353868
0.9520000 -27.3375053
0.9530000 22.9570904
0.9540000 -58.9033623
0.9550000 -40.3040771
0.9560000 32.1737747
0.9570000 0.7965021
0.9580000 32.5455971
0.9590000 24.7892361
0.9600000 33.6992378
0.9610000 -1.2778949
0.9620000 -16.9514103
0.9630000 -23.3637810
0.9640000 29.3880405
0.9650000 -43.2490158
0.9660000 -67.5796051
0.9670000 -1.6098737
0.9680000 -28.5897655
0.9690000 3.6780319
0.9700000 -29.6045780
0.9710000 63.4841728
0.9720000 1.7882011
0.9730000 4.2794604
0.9740000 27.5141258
0.9750000 -25.8817062
0.9760000 8.9445791
0.9770000 19.8260231
0.9780000 30.3830986
0.9790000 17.4910755
0.9800000 -32.5421104
0.9810000 4.1924782
0.9820000 -2.9530418
0.9830000 -60.3184891
0.9840000 -24.2839088
0.9850000 52.7147369
0.9860000 -10.3598518
0.9870000 -53.7660904
0.9880000 -21.2023239
0.9890000 41.1723824
0.9900000 67.2656784
0.9910000 -46.7054520
0.9920000 78.4247818
0.9930000 -71.0314331
0.9940000 -42.5846481
0.9950000 -2.1547215
0.9960000 45.7894783
0.9970000 -10.6738119
0.9980000 -32.5754852
0.9990000 -41.4000931
