0.0000000 -28.6358948
0.0010000 -30.7177811
0.0020000 40.0113831
0.0030000 29.6620255
0.0040000 -61.3678665
0.0050000 -32.7454147
0.0060000 -29.3777142
0.0070000 -35.3424072
0.0080000 -6.3091388
0.0090000 -63.9123230
0.0100000 -55.2862282
0.0110000 -46.9029732
0.0120000 -12.4725018
0.0130000 -9.0780411
0.0140000 25.2505970
0.0150000 49.4970741
0.0160000 -13.1484404
0.0170000 -57.9243393
0.0180000 31.4781742
0.0190000 36.4194756
0.0200000 -4.1758757
0.0210000 2.9345684
0.0220000 -41.7361069
0.0230000 -41.0640335
0.0240000 44.9069672
0.0250000 -6.5543909
0.0260000 10.5760136
0.0270000 -3.2752967
0.0280000 11.6270704
0.0290000 -39.1514397
0.0300000 -30.5958519
0.0310000 -30.1203423
0.0320000 50.5947800
0.0330000 -4.3920822
0.0340000 -19.9086857
0.0350000 44.5369415
0.0360000 4.6397438
0.0370000 -7.2551665
0.0380000 -32.3694572
0.0390000 -51.6868210
0.0400000 2.2507985
0.0410000 -35.4772720
0.0420000 32.2741852
0.0430000 -1.4416882
0.0440000 12.7887154
0.0450000 -51.0630074
0.0460000 -0.8888354
0.0470000 52.6309204
0.0480000 48.1233826
0.0490000 -5.9486723
0.0500000 -43.5426598
0.0510000 -25.6280193
0.0520000 1.4207625
0.0530000 1.1776881
0.0540000 4.5105925
0.0550000 20.1010895
0.0560000 -4.0579967
0.0570000 8.5448561
0.0580000 7.0675449
0.0590000 24.8247967
0.0600000 25.8163929
0.0610000 -18.1800079
0.0620000 -38.6879654
0.0630000 -0.4397351
0.0640000 20.0050678
0.0650000 68.0374603
0.0660000 -46.3670807
0.0670000 -1.0600470
0.0680000 -24.9563370
0.0690000 0.6759204
0.0700000 23.1741486
0.0710000 -28.4526405
0.0720000 35.4721947
0.0730000 27.3667927
0.0740000 47.9086342
0.0750000 -0.5298277
0.0760000 -30.7962322
0.0770000 1.3844930
0.0780000 37.6108131
0.0790000 -10.6245680
0.0800000 14.3050928
0.0810000 21.7040329
0.0820000 15.9016829
0.0830000 4.4696593
0.0840000 -28.3331661
0.0850000 25.2643356
0.0860000 -8.9786491
0.0870000 20.8517895
0.0880000 -25.2217178
0.0890000 -54.5734863
0.0900000 18.6129150
0.0910000 -32.6739082
0.0920000 37.8859062
0.0930000 -15.0823002
0.0940000 38.4370308
0.0950000 -19.3670139
0.0960000 7.3386698
0.0970000 25.3568363
0.0980000 -10.6031075
0.0990000 11.1855183
0.1000000 62.9395981
0.1010000 -23.7584038
0.1020000 15.1473160
0.1030000 6.7502203
0.1040000 12.8305683
0.1050000 -36.0869026
0.1060000 -37.4060211
0.1070000 39.7627831
0.1080000 -61.5885315
0.1090000 19.5441284
0.1100000 -68.6598053
0.1110000 -33.9138412
0.1120000 35.7249489
0.1130000 30.8740005
0.1140000 -6.7185321
0.1150000 69.7913513
0.1160000 -3.7174423
0.1170000 -39.8942757
0.1180000 22.2570667
0.1190000 -53.2298965
0.1200000 -17.3452435
0.1210000 10.6289091
0.1220000 59.6828346
0.1230000 0.7659695
0.1240000 67.1271896
0.1250000 33.3118172
0.1260000 -4.9194908
0.1270000 10.4720192
0.1280000 -11.2878590
0.1290000 59.4204597
0.1300000 -12.5756721
0.1310000 9.4366188
0.1320000 -12.9059305
0.1330000 -23.7607307
0.1340000 41.1102943
0.1350000 -2.7123024
0.1360000 -54.7340202
0.1370000 3.6353841
0.1380000 -37.7459259
0.1390000 51.3320389
0.1400000 7.6254101
0.1410000 38.4847717
0.1420000 -26.4636784
0.1430000 -55.1294403
0.1440000 -17.5342274
0.1450000 27.8550930
0.1460000 9.1815443
0.1470000 -18.0153275
0.1480000 22.7647457
0.1490000 112.9579086
0.1500000 -33.2217674
0.1510000 -26.5548820
0.1520000 27.3863621
0.1530000 12.2624950
0.1540000 77.1459198
0.1550000 37.6918869
0.1560000 -48.0621452
0.1570000 9.0988274
0.1580000 -54.9582558
0.1590000 4.9784026
0.1600000 -75.4318390
0.1610000 10.7865467
0.1620000 -52.9219742
0.1630000 -13.1515074
0.1640000 -2.8227265
0.1650000 12.2278328
0.1660000 -17.1403446
0.1670000 -40.8611603
0.1680000 -2.1903625
0.1690000 -16.9483433
0.1700000 35.9453163
0.1710000 -3.9004548
0.1720000 79.5994644
0.1730000 -22.4193478
0.1740000 32.0569382
0.1750000 -14.3961983
0.1760000 34.3639183
0.1770000 -40.4707527
0.1780000 11.2209873
0.1790000 -32.7064400
0.1800000 -71.8655396
0.1810000 18.6867847
0.1820000 30.4480247
0.1830000 13.3193026
0.1840000 23.0128117
0.1850000 -35.4342232
0.1860000 56.6565590
0.1870000 20.2063541
0.1880000 58.6506004
0.1890000 -11.2567024
0.1900000 -7.1648850
0.1910000 -29.9352589
0.1920000 10.3740578
0.1930000 -48.2024879
0.1940000 -6.0558696
0.1950000 14.1974449
0.1960000 -21.5899620
0.1970000 -34.6080475
0.1980000 16.9646378
0.1990000 -1.8251007
0.2000000 68.0017548
0.2010000 -6.2161412
0.2020000 71.7570114
0.2030000 -113.7798538
0.2040000 29.6140823
0.2050000 45.1306381
0.2060000 -28.6421795
0.2070000 -49.0306892
0.2080000 -22.2477760
0.2090000 16.7441750
0.2100000 21.5711555
0.2110000 -28.8302269
0.2120000 -47.9263687
0.2130000 -26.8025303
0.2140000 43.0375710
0.2150000 -21.3880157
0.2160000 13.1489649
0.2170000 -36.5572472
0.2180000 -56.3896866
0.2190000 12.5784950
0.2200000 31.6856194
0.2210000 -31.0469151
0.2220000 -13.2092161
0.2230000 22.2178898
0.2240000 1.5645442
0.2250000 -32.0003853
0.2260000 -63.1143379
0.2270000 0.0239991
0.2280000 19.0257301
0.2290000 -75.1913376
0.2300000 -26.7808323
0.2310000 -49.8494797
0.2320000 -34.2872696
0.2330000 14.6891651
0.2340000 -62.6089897
0.2350000 59.5741463
0.2360000 -30.3738708
0.2370000 30.0718765
0.2380000 64.0599289
0.2390000 73.6003113
0.2400000 33.0810127
0.2410000 -5.7203360
0.2420000 -0.9140880
0.2430000 17.8949165
0.2440000 -18.2046776
0.2450000 -56.1664505
0.2460000 2.7580969
0.2470000 7.3647008
0.2480000 35.0580254
0.2490000 -27.3020897
0.2500000 10.9526024
0.2510000 -7.4126015
0.2520000 10.3188467
0.2530000 -37.3407707
0.2540000 -2.0335348
0.2550000 13.7651281
0.2560000 -34.6386833
0.2570000 63.9606743
0.2580000 -75.0773621
0.2590000 45.7573624
0.2600000 11.8823805
0.2610000 40.6352463
0.2620000 -73.9691696
0.2630000 66.5365982
0.2640000 -4.0535293
0.2650000 30.7550316
0.2660000 31.1236038
0.2670000 -38.2431412
0.2680000 47.1205750
0.2690000 -48.8188438
0.2700000 15.7733564
0.2710000 -25.2843399
0.2720000 -53.9144020
0.2730000 -8.2160692
0.2740000 32.9717140
0.2750000 -33.3428268
0.2760000 -36.1099358
0.2770000 38.2724419
0.2780000 -70.6748123
0.2790000 -39.6587563
0.2800000 32.0853920
0.2810000 -5.3160272
0.2820000 3.7278128
0.2830000 60.0522270
0.2840000 0.9833582
0.2850000 -2.6793580
0.2860000 -36.6338768
0.2870000 67.5011139
0.2880000 6.9625201
0.2890000 -25.5947437
0.2900000 -67.8339691
0.2910000 -23.2402897
0.2920000 -41.4796867
0.2930000 -57.2236404
0.2940000 -49.9757919
0.2950000 51.0766792
0.2960000 28.6042995
0.2970000 49.4722748
0.2980000 -49.2993851
0.2990000 -3.0614080
0.3000000 -3.6346076
0.3010000 12.7909231
0.3020000 31.8870850
0.3030000 19.1494923
0.3040000 -48.0457268
0.3050000 30.4536400
0.3060000 -13.8446808
0.3070000 28.1745129
0.3080000 -67.1176147
0.3090000 65.0463943
0.3100000 -14.0076017
0.3110000 79.0632172
0.3120000 -48.9900627
0.3130000 0.9699869
0.3140000 -11.5979910
0.3150000 24.1353588
0.3160000 -34.4135475
0.3170000 -81.3138657
0.3180000 -21.4443817
0.3190000 -13.2741766
0.3200000 -4.3650498
0.3210000 -16.5278912
0.3220000 49.4976234
0.3230000 -11.5501957
0.3240000 -12.2801781
0.3250000 -14.7845860
0.3260000 -25.0586147
0.3270000 15.6568270
0.3280000 3.7639084
0.3290000 -49.7450981
0.3300000 -13.4437990
0.3310000 49.6147575
0.3320000 22.2189560
0.3330000 -31.0469398
0.3340000 18.3362617
0.3350000 -43.1180115
0.3360000 22.1898041
0.3370000 38.0520134
0.3380000 -27.3253822
0.3390000 0.9861706
0.3400000 -59.4466743
0.3410000 14.1730700
0.3420000 -24.0196190
0.3430000 -22.7102947
0.3440000 31.7407780
0.3450000 56.2176819
0.3460000 -8.5297117
0.3470000 -18.3561859
0.3480000 0.4822491
0.3490000 -2.3118632
0.3500000 -21.0134640
0.3510000 47.0382195
0.3520000 46.2018623
0.3530000 35.0817909
0.3540000 55.2094612
0.3550000 -53.8679237
0.3560000 -13.0442247
0.3570000 13.2421141
0.3580000 -81.4440079
0.3590000 -10.0221090
0.3600000 12.8534765
0.3610000 -20.0651951
0.3620000 -10.8590660
0.3630000 -45.1082993
0.3640000 42.7060509
0.3650000 53.8921852
0.3660000 36.8268204
0.3670000 -9.8606758
0.3680000 -15.1641407
0.3690000 24.5709229
0.3700000 6.7492790
0.3710000 -26.3673611
0.3720000 35.5293541
0.3730000 14.3479872
0.3740000 -1.3933479
0.3750000 -37.7065353
0.3760000 23.2238522
0.3770000 -33.3624763
0.3780000 -0.0753421
0.3790000 1.3264869
0.3800000 27.9979897
0.3810000 -54.8998985
0.3820000 -20.1761913
0.3830000 -47.6999855
0.3840000 4.6437316
0.3850000 -24.9691601
0.3860000 0.2081328
0.3870000 -19.6834793
0.3880000 11.2042542
0.3890000 -10.4658413
0.3900000 -34.1258583
0.3910000 41.2773094
0.3920000 -32.2319489
0.3930000 8.5372639
0.3940000 45.4513054
0.3950000 -45.3866158
0.3960000 11.7352486
0.3970000 -36.2360687
0.3980000 -22.5722198
0.3990000 41.3661613
0.4000000 53.9460335
0.4010000 -30.3857117
0.4020000 64.7057266
0.4030000 -25.2575226
0.4040000 -39.7019882
0.4050000 3.4316201
0.4060000 18.0574837
0.4070000 -17.6340580
0.4080000 -39.9025002
0.4090000 -21.7893810
0.4100000 -15.4236383
0.4110000 -34.4003220
0.4120000 -15.5651293
0.4130000 51.3629875
0.4140000 -87.3170547
0.4150000 -83.4834290
0.4160000 -4.7017632
0.4170000 61.4727364
0.4180000 -80.9884109
0.4190000 -37.3704720
0.4200000 41.5414276
0.4210000 11.7547464
0.4220000 29.8402042
0.4230000 -78.4302444
0.4240000 -7.3455276
0.4250000 -3.7874455
0.4260000 -29.9258022
0.4270000 0.2155388
0.4280000 62.7805481
0.4290000 6.2847104
0.4300000 -14.5446320
0.4310000 22.0345020
0.4320000 -21.1018372
0.4330000 4.6306105
0.4340000 -20.5408154
0.4350000 -47.3468094
0.4360000 -2.0651934
0.4370000 -59.4867477
0.4380000 19.4913158
0.4390000 1.4170877
0.4400000 -24.7588863
0.4410000 -14.4472094
0.4420000 -28.7672234
0.4430000 14.0128288
0.4440000 -24.1808395
0.4450000 -43.9036598
0.4460000 -0.1858806
0.4470000 18.1144028
0.4480000 -50.4506836
0.4490000 -21.3360023
0.4500000 20.2683048
0.4510000 -5.1963944
0.4520000 45.7272339
0.4530000 -18.7863235
0.4540000 29.9560452
0.4550000 1.1570653
0.4560000 -7.7655811
0.4570000 13.7913151
0.4580000 -26.6305466
0.4590000 43.6134148
0.4600000 -33.4443016
0.4610000 2.4336927
0.4620000 1.5199770
0.4630000 49.1513062
0.4640000 -56.9283562
0.4650000 3.6350992
0.4660000 24.7688808
0.4670000 48.2711983
0.4680000 31.8469677
0.4690000 -32.4001007
0.4700000 -11.9024124
0.4710000 67.9170303
0.4720000 -18.2362728
0.4730000 32.9989395
0.4740000 27.5971050
0.4750000 76.9583969
0.4760000 31.8760262
0.4770000 18.9906826
0.4780000 6.8025908
0.4790000 0.7799906
0.4800000 -15.9962797
0.4810000 -16.3056831
0.4820000 19.0140800
0.4830000 -9.7024565
0.4840000 1.0951787
0.4850000 7.7253823
0.4860000 -17.5772591
0.4870000 -51.4096870
0.4880000 3.1843951
0.4890000 -0.6143734
0.4900000 7.9126391
0.4910000 -87.9497528
0.4920000 -2.3491454
0.4930000 -6.0630999
0.4940000 -5.7042971
0.4950000 -2.7946563
0.4960000 8.7225447
0.4970000 39.7170219
0.4980000 -4.6484957
0.4990000 -41.2178917
0.5000000 10.8348866
0.5010000 -43.3403511
0.5020000 -3.3060257
0.5030000 13.1901779
0.5040000 37.5465508
0.5050000 8.3563662
0.5060000 1.3395439
0.5070000 -0.5508987
0.5080000 16.3883495
0.5090000 -23.0983543
0.5100000 -43.8877754
0.5110000 -12.8154974
0.5120000 -7.3353195
0.5130000 35.3420982
0.5140000 24.9114170
0.5150000 2.8722231
0.5160000 28.7632275
0.5170000 -69.4280167
0.5180000 52.4524193
0.5190000 -58.8680229
0.5200000 11.5985270
0.5210000 -33.4046173
0.5220000 50.4652061
0.5230000 21.1558170
0.5240000 5.4044199
0.5250000 -19.6425896
0.5260000 39.0885124
0.5270000 8.4731894
0.5280000 3.3698065
0.5290000 -50.0109329
0.5300000 -38.6229897
0.5310000 8.1172543
0.5320000 -41.4843788
0.5330000 2.2544472
0.5340000 1.4831098
0.5350000 50.2158279
0.5360000 6.7996478
0.5370000 -0.7527530
0.5380000 -23.1813908
0.5390000 24.8244896
0.5400000 3.6992593
0.5410000 -19.4654541
0.5420000 -40.8278503
0.5430000 39.5379524
0.5440000 -42.1474800
0.5450000 29.9470387
0.5460000 6.3237052
0.5470000 8.5099392
0.5480000 -14.1721878
0.5490000 23.1513023
0.5500000 -67.0352097
0.5510000 -36.0501366
0.5520000 -0.5819098
0.5530000 -5.7727075
0.5540000 54.4196930
0.5550000 -23.2328320
0.5560000 2.6096520
0.5570000 -45.8351288
0.5580000 35.8753929
0.5590000 62.8694077
0.5600000 31.3181210
0.5610000 19.0174713
0.5620000 -39.5176201
0.5630000 3.4122524
0.5640000 -30.9196815
0.5650000 -5.3412895
0.5660000 1.3085716
0.5670000 -13.8069725
0.5680000 -41.8841934
0.5690000 48.8060036
0.5700000 51.5136375
0.5710000 23.1872215
0.5720000 14.3037472
0.5730000 -14.6168261
0.5740000 -39.1412048
0.5750000 -8.2607489
0.5760000 37.0595589
0.5770000 -2.5748019
0.5780000 -76.8920898
0.5790000 60.6167450
0.5800000 12.4026337
0.5810000 -64.7139587
0.5820000 23.3513069
0.5830000 -0.2198094
0.5840000 20.1940613
0.5850000 15.3075714
0.5860000 45.7624245
0.5870000 -15.3491049
0.5880000 -6.9692564
0.5890000 4.1008449
0.5900000 -7.3653417
0.5910000 -36.8326340
0.5920000 -67.0257416
0.5930000 -51.1972008
0.5940000 -26.6433449
0.5950000 36.0109329
0.5960000 41.3334007
0.5970000 -7.0437536
0.5980000 -45.5225296
0.5990000 44.8924599
0.6000000 -32.9204330
0.6010000 -117.1582565
0.6020000 31.5440140
0.6030000 4.8457971
0.6040000 -20.1365662
0.6050000 -10.4709988
0.6060000 12.4116535
0.6070000 6.7371545
0.6080000 -26.7022209
0.6090000 13.9478254
0.6100000 -34.9163284
0.6110000 32.9713554
0.6120000 4.1195078
0.6130000 1.4279079
0.6140000 -33.1636505
0.6150000 -79.4142227
0.6160000 43.4891510
0.6170000 41.9427261
0.6180000 -14.7612762
0.6190000 -75.9588470
0.6200000 -8.7542906
0.6210000 -43.4743233
0.6220000 12.2449160
0.6230000 32.1107903
0.6240000 -35.4619102
0.6250000 -50.9586716
0.6260000 -11.6740789
0.6270000 19.6028595
0.6280000 -27.0890903
0.6290000 27.3768082
0.6300000 7.7626629
0.6310000 21.6643276
0.6320000 -20.6157780
0.6330000 -10.6098804
0.6340000 -34.3882370
0.6350000 -7.3282304
0.6360000 38.4331055
0.6370000 -35.4188042
0.6380000 2.1572230
0.6390000 2.5367851
0.6400000 14.8161526
0.6410000 22.9848537
0.6420000 -42.3309975
0.6430000 13.3479757
0.6440000 -38.8504295
0.6450000 13.2163801
0.6460000 -5.0561175
0.6470000 24.4742317
0.6480000 16.4595680
0.6490000 33.8791199
0.6500000 1.3088241
0.6510000 -13.4978647
0.6520000 -100.5377579
0.6530000 12.7370024
0.6540000 56.3530998
0.6550000 -31.3609867
0.6560000 27.3412743
0.6570000 52.7452469
0.6580000 5.3921428
0.6590000 -2.4897518
0.6600000 25.0074043
0.6610000 -4.2997842
0.6620000 10.5729828
0.6630000 9.3658428
0.6640000 -40.3859024
0.6650000 -38.8617096
0.6660000 -1.0721791
0.6670000 -33.5276947
0.6680000 -12.0972462
0.6690000 22.4142227
0.6700000 -8.0379839
0.6710000 31.3217850
0.6720000 -14.6016846
0.6730000 14.1118059
0.6740000 17.3080883
0.6750000 2.7039311
0.6760000 -17.0287590
0.6770000 -32.9609833
0.6780000 7.0983543
0.6790000 -3.1338320
0.6800000 -2.4091973
0.6810000 19.7699394
0.6820000 -8.1379805
0.6830000 -30.5703239
0.6840000 -23.7421303
0.6850000 -8.8781281
0.6860000 26.7278881
0.6870000 22.7516499
0.6880000 51.4454918
0.6890000 24.4959507
0.6900000 -73.6267624
0.6910000 46.5469360
0.6920000 -9.8214159
0.6930000 20.7862873
0.6940000 -48.7712631
0.6950000 -20.6780090
0.6960000 26.9350967
0.6970000 -0.6190303
0.6980000 6.6335411
0.6990000 -20.4797535
0.7000000 15.0447159
0.7010000 -2.9445729
0.7020000 -0.2442747
0.7030000 29.2482986
0.7040000 -38.4303131
0.7050000 -31.0603981
0.7060000 6.3127594
0.7070000 3.6741490
0.7080000 -51.9256248
0.7090000 9.2812805
0.7100000 5.6272430
0.7110000 50.3589211
0.7120000 -29.4428062
0.7130000 11.7158356
0.7140000 -59.4737854
0.7150000 29.8754578
0.7160000 -4.0203218
0.7170000 9.7554502
0.7180000 36.3768539
0.7190000 24.6625671
0.7200000 -17.6956406
0.7210000 -19.4932079
0.7220000 3.2597706
0.7230000 41.5680237
0.7240000 33.3196106
0.7250000 -39.3196220
0.7260000 -31.1574535
0.7270000 -9.5261240
0.7280000 -54.2063293
0.7290000 41.4821091
0.7300000 -1.1444236
0.7310000 34.3880920
0.7320000 -32.7240715
0.7330000 -32.9601364
0.7340000 10.9918079
0.7350000 6.4246855
0.7360000 -58.2653313
0.7370000 -12.2425098
0.7380000 12.7025728
0.7390000 -37.3104897
0.7400000 -37.9194145
0.7410000 -7.2218208
0.7420000 5.5145526
0.7430000 -40.2883644
0.7440000 -8.2495508
0.7450000 -56.4870491
0.7460000 -24.1400490
0.7470000 30.5216751
0.7480000 14.8434200
0.7490000 -28.6291580
0.7500000 56.3289223
0.7510000 -10.1647615
0.7520000 -45.9564819
0.7530000 -14.8402042
0.7540000 29.6377907
0.7550000 48.9092216
0.7560000 15.6544828
0.7570000 0.7133783
0.7580000 86.3677139
0.7590000 -55.8696098
0.7600000 -25.1093559
0.7610000 -45.8528862
0.7620000 50.1453171
0.7630000 -1.8972065
0.7640000 -48.9444275
0.7650000 -57.3039856
0.7660000 1.6180115
0.7670000 -48.1420174
0.7680000 -26.4205914
0.7690000 1.5114371
0.7700000 7.9048529
0.7710000 -20.3930359
0.7720000 -63.2163048
0.7730000 51.0291595
0.7740000 -1.3809266
0.7750000 -3.5606289
0.7760000 7.3154049
0.7770000 -24.1774025
0.7780000 37.5729523
0.7790000 20.1455631
0.7800000 -18.1327286
0.7810000 -29.8199081
0.7820000 -1.0189750
0.7830000 2.1417334
0.7840000 16.7304440
0.7850000 -20.1090717
0.7860000 -7.1387534
0.7870000 -5.1634145
0.7880000 -24.2656441
0.7890000 2.6474514
0.7900000 -15.9077673
0.7910000 11.4994993
0.7920000 -4.1383119
0.7930000 -23.4026737
0.7940000 -32.4160500
0.7950000 115.9608231
0.7960000 6.0569196
0.7970000 2.6013119
0.7980000 -49.6290741
0.7990000 9.1426821
0.8000000 -15.1940517
0.8010000 17.6454411
0.8020000 20.6270027
0.8030000 -32.6740112
0.8040000 46.3411636
0.8050000 38.0374756
0.8060000 17.3408031
0.8070000 67.4133301
0.8080000 40.4407501
0.8090000 8.5913935
0.8100000 27.3969517
0.8110000 41.5648918
0.8120000 -1.9674361
0.8130000 5.1201477
0.8140000 28.3115005
0.8150000 -28.0457134
0.8160000 -10.6270266
0.8170000 39.8982124
0.8180000 -18.7800159
0.8190000 12.3848677
0.8200000 10.5265360
0.8210000 -5.7366290
0.8220000 -5.1631594
0.8230000 47.8023186
0.8240000 29.0891972
0.8250000 1.1143153
0.8260000 -0.5272949
0.8270000 -3.2309122
0.8280000 -27.8979816
0.8290000 26.1690674
0.8300000 4.4191694
0.8310000 101.7618637
0.8320000 -13.3219080
0.8330000 -59.3301964
0.8340000 18.2821751
0.8350000 67.9101257
0.8360000 14.5425138
0.8370000 -91.1206512
0.8380000 19.8945293
0.8390000 -21.8333111
0.8400000 -16.6425934
0.8410000 -20.9128819
0.8420000 -14.3046083
0.8430000 23.4083443
0.8440000 -25.7442951
0.8450000 26.3164635
0.8460000 43.8116951
0.8470000 -30.4394665
0.8480000 -1.2403759
0.8490000 -20.9763680
0.8500000 -54.3824043
0.8510000 33.5335541
0.8520000 -27.7124481
0.8530000 -9.3226366
0.8540000 -44.5628052
0.8550000 28.4517708
0.8560000 52.0941429
0.8570000 -24.9306831
0.8580000 -68.9645157
0.8590000 -24.1445770
0.8600000 5.5739765
0.8610000 -34.2711029
0.8620000 24.2818584
0.8630000 -1.7497549
0.8640000 39.3774185
0.8650000 -4.9403467
0.8660000 27.9553394
0.8670000 13.8077240
0.8680000 33.0232086
0.8690000 31.3282223
0.8700000 2.8080680
0.8710000 17.3643188
0.8720000 -30.3805923
0.8730000 37.5186081
0.8740000 -12.2790165
0.8750000 87.0575256
0.8760000 -121.7831802
0.8770000 3.6699507
0.8780000 -96.5558395
0.8790000 -17.6787949
0.8800000 -46.1515617
0.8810000 69.8182602
0.8820000 -15.3847361
0.8830000 -41.0899658
0.8840000 -52.6799126
0.8850000 34.6722336
0.8860000 -5.3393502
0.8870000 -48.2226562
0.8880000 28.5424919
0.8890000 25.4950581
0.8900000 -41.3234863
0.8910000 36.6886177
0.8920000 -21.7259941
0.8930000 7.8929234
0.8940000 3.8304169
0.8950000 4.4064322
0.8960000 3.0298705
0.8970000 46.7999191
0.8980000 -12.0217876
0.8990000 17.2304802
0.9000000 10.2624149
0.9010000 -1.6539986
0.9020000 12.6833382
0.9030000 -24.2388535
0.9040000 -24.7542553
0.9050000 -19.2908859
0.9060000 7.1413522
0.9070000 -38.4100037
0.9080000 7.4215951
0.9090000 -18.3182716
0.9100000 17.5733280
0.9110000 -25.4750195
0.9120000 -14.6323442
0.9130000 -40.9089508
0.9140000 12.8785086
0.9150000 75.7639847
0.9160000 -5.6115236
0.9170000 -12.4497528
0.9180000 -30.4242249
0.9190000 19.8975964
0.9200000 -41.4040833
0.9210000 -17.4043484
0.9220000 20.6779480
0.9230000 -20.0533714
0.9240000 -0.0810052
0.9250000 -5.1829000
0.9260000 -18.5570107
0.9270000 23.3142338
0.9280000 -4.6832066
0.9290000 -21.8394089
0.9300000 -18.6668434
0.9310000 -11.1874113
0.9320000 49.5833778
0.9330000 57.5221634
0.9340000 19.9633942
0.9350000 -35.2893944
0.9360000 -55.0396385
0.9370000 2.3875387
0.9380000 -4.5751882
0.9390000 37.7086525
0.9400000 -14.5429907
0.9410000 -23.0210857
0.9420000 -60.5907669
0.9430000 -15.7102261
0.9440000 -26.6354427
0.9450000 21.2981491
0.9460000 -24.4738979
0.9470000 11.5542374
0.9480000 -33.3226814
0.9490000 45.5025330
0.9500000 15.4238777
0.9510000 -5.0604143
0.9520000 33.8511238
0.9530000 -44.3500862
0.9540000 -37.6952095
0.9550000 -4.6486831
0.9560000 14.7693434
0.9570000 55.2385330
0.9580000 33.0205574
0.9590000 -43.0200958
0.9600000 -21.0995770
0.9610000 7.3921337
0.9620000 19.0932980
0.9630000 -21.2522163
0.9640000 -46.3309860
0.9650000 -5.5738692
0.9660000 7.4724355
0.9670000 -6.4492688
0.9680000 -46.4342575
0.9690000 68.0878906
0.9700000 91.6148224
0.9710000 78.1045990
0.9720000 -43.8164444
0.9730000 7.3957505
0.9740000 -23.6791439
0.9750000 -52.3989983
0.9760000 -50.9939804
0.9770000 8.7774200
0.9780000 7.8813248
0.9790000 4.4061313
0.9800000 -69.5492477
0.9810000 0.6058268
0.9820000 -8.5634432
0.9830000 36.3752747
0.9840000 -11.8923807
0.9850000 10.4321108
0.9860000 8.6119957
0.9870000 22.2917652
0.9880000 46.5016212
0.9890000 -33.5270348
0.9900000 44.5312691
0.9910000 -26.2526646
0.9920000 18.9034710
0.9930000 -30.6820545
0.9940000 28.6604080
0.9950000 50.3854713
0.9960000 -3.3814671
0.9970000 18.8559895
0.9980000 -40.3497467
0.9990000 -21.0098934
