0.0000000 13.9811354
0.0010000 63.8234711
0.0020000 -1.0089740
0.0030000 -5.0570564
0.0040000 40.1534920
0.0050000 -59.0641899
0.0060000 -29.7017708
0.0070000 -15.9924746
0.0080000 31.3428917
0.0090000 -38.8643761
0.0100000 -6.9988279
0.0110000 37.2030487
0.0120000 -40.9200439
0.0130000 -20.5233746
0.0140000 -25.2592430
0.0150000 -1.7416545
0.0160000 -64.1253586
0.0170000 -9.3627520
0.0180000 27.2947769
0.0190000 29.1444244
0.0200000 7.8153968
0.0210000 -41.6259270
0.0220000 -28.5100861
0.0230000 -8.3898220
0.0240000 15.7085485
0.0250000 -20.8430328
0.0260000 -51.6270599
0.0270000 12.7054138
0.0280000 -49.3739471
0.0290000 -56.1621056
0.0300000 6.1559711
0.0310000 35.3703575
0.0320000 17.9469318
0.0330000 22.3598099
0.0340000 -33.4383240
0.0350000 -51.0749969
0.0360000 -19.2360115
0.0370000 -2.9644923
0.0380000 -48.2094803
0.0390000 26.2561893
0.0400000 -74.1718979
0.0410000 68.6732941
0.0420000 -5.6800308
0.0430000 -37.7773132
0.0440000 33.8894081
0.0450000 17.2398624
0.0460000 -39.2419968
0.0470000 32.7446518
0.0480000 5.6855779
0.0490000 13.9256411
0.0500000 62.1009598
0.0510000 -27.4327278
0.0520000 21.8524017
0.0530000 -43.6296844
0.0540000 -10.5801907
0.0550000 34.1699524
0.0560000 -23.0849152
0.0570000 -0.4568534
0.0580000 24.3078442
0.0590000 40.8722725
0.0600000 44.9899559
0.0610000 28.5135231
0.0620000 -39.0408096
0.0630000 -21.9215527
0.0640000 17.0463333
0.0650000 -43.6608734
0.0660000 41.9529457
0.0670000 -7.4724355
0.0680000 -61.9220657
0.0690000 -20.8801174
0.0700000 -34.9066849
0.0710000 18.7115269
0.0720000 -5.2915702
0.0730000 14.9591694
0.0740000 -18.7916851
0.0750000 17.5481491
0.0760000 -0.8668959
0.0770000 -61.2765961
0.0780000 -5.1584148
0.0790000 -36.3941002
0.0800000 41.4643669
0.0810000 -43.8845978
0.0820000 62.0927544
0.0830000 -43.4367943
0.0840000 -66.2304764
0.0850000 -49.8669319
0.0860000 51.8405342
0.0870000 17.6359005
0.0880000 15.7944756
0.0890000 -18.8124084
0.0900000 15.4934988
0.0910000 15.5709286
0.0920000 -28.7940769
0.0930000 -53.7866402
0.0940000 63.9904175
0.0950000 -26.8513947
0.0960000 14.8198547
0.0970000 -24.9941406
0.0980000 53.0875282
0.0990000 8.9432039
0.1000000 11.0103464
0.1010000 45.3498383
0.1020000 19.1904831
0.1030000 95.7097473
0.1040000 -18.5590801
0.1050000 31.8740711
0.1060000 -19.1771717
0.1070000 -66.0572128
0.1080000 -62.5278854
0.1090000 -4.2763133
0.1100000 17.5101013
0.1110000 -52.0448494
0.1120000 -2.2434595
0.1130000 -36.9954262
0.1140000 30.2809982
0.1150000 23.1422024
0.1160000 -9.3019581
0.1170000 44.0654373
0.1180000 -28.9217186
0.1190000 -93.0151749
0.1200000 -6.6141582
0.1210000 -6.0848193
0.1220000 27.8917828
0.1230000 8.1893826
0.1240000 23.6146297
0.1250000 -12.6995726
0.1260000 45.1606865
0.1270000 -38.7242317
0.1280000 -43.9001579
0.1290000 -52.8849602
0.1300000 17.6955299
0.1310000 -13.8774958
0.1320000 13.7023487
0.1330000 9.0083399
0.1340000 -6.1953645
0.1350000 -20.3272095
0.1360000 38.6383705
0.1370000 -78.7116394
0.1380000 -9.8774529
0.1390000 6.6023207
0.1400000 -35.9825211
0.1410000 -19.0347118
0.1420000 -15.5122881
0.1430000 28.3620987
0.1440000 67.2788925
0.1450000 2.4334202
0.1460000 -6.0200663
0.1470000 7.9521337
0.1480000 46.6973724
0.1490000 24.3549595
0.1500000 -20.1348438
0.1510000 27.3654232
0.1520000 5.1356001
0.1530000 -49.6406326
0.1540000 19.5647736
0.1550000 43.9268799
0.1560000 70.1750946
0.1570000 -9.4400864
0.1580000 5.2863774
0.1590000 -41.1955414
0.1600000 -82.7516785
0.1610000 3.9415603
0.1620000 29.4335003
0.1630000 -56.9540901
0.1640000 92.4081268
0.1650000 -14.7012434
0.1660000 -7.2558255
0.1670000 6.1861119
0.1680000 -15.4042234
0.1690000 44.4909973
0.1700000 14.6743746
0.1710000 133.8138885
0.1720000 30.7787819
0.1730000 -7.0225797
0.1740000 49.9454155
0.1750000 -2.7198660
0.1760000 31.9844055
0.1770000 -3.7833698
0.1780000 -11.3452168
0.1790000 -40.9789314
0.1800000 -37.8586082
0.1810000 28.9167557
0.1820000 20.2061214
0.1830000 -31.5470810
0.1840000 -46.9102020
0.1850000 -20.3848820
0.1860000 -27.5660496
0.1870000 -40.4466248
0.1880000 0.6029330
0.1890000 -58.3163414
0.1900000 -76.4142075
0.1910000 17.6119461
0.1920000 5.2572622
0.1930000 30.0277939
0.1940000 -3.8746819
0.1950000 -10.2177401
0.1960000 19.3836937
0.1970000 -45.7719421
0.1980000 37.2315865
0.1990000 36.8655701
0.2000000 0.0744708
0.2010000 15.0345716
0.2020000 -50.0150299
0.2030000 -31.9133930
0.2040000 -33.4688263
0.2050000 33.0459900
0.2060000 -38.1463013
0.2070000 12.4888391
0.2080000 -61.8931999
0.2090000 -43.9096222
0.2100000 73.3195038
0.2110000 -14.9846582
0.2120000 -20.5277100
0.2130000 -29.0054760
0.2140000 16.7378063
0.2150000 -2.4514022
0.2160000 -55.2925224
0.2170000 15.3220024
0.2180000 -1.5789583
0.2190000 -35.6355705
0.2200000 63.7958984
0.2210000 -8.3461685
0.2220000 56.1393433
0.2230000 42.8468590
0.2240000 12.3194208
0.2250000 -12.8802032
0.2260000 14.1008682
0.2270000 41.9246674
0.2280000 7.0950623
0.2290000 -18.0669651
0.2300000 -41.9307213
0.2310000 -18.1371212
0.2320000 -1.7404609
0.2330000 41.5001984
0.2340000 18.4702702
0.2350000 -43.7087135
0.2360000 -19.1362305
0.2370000 20.1154785
0.2380000 66.2382202
0.2390000 -40.1245537
0.2400000 6.7287564
0.2410000 -37.5378799
0.2420000 -23.5776787
0.2430000 7.6601458
0.2440000 -61.4733162
0.2450000 -17.0881615
0.2460000 7.9164324
0.2470000 -3.3029857
0.2480000 15.7363253
0.2490000 -7.9196248
0.2500000 -8.8323193
0.2510000 28.9800472
0.2520000 1.7937281
0.2530000 54.9938164
0.2540000 33.0115204
0.2550000 -11.0807114
0.2560000 -34.2445335
0.2570000 -0.8526362
0.2580000 25.5471230
0.2590000 11.7384739
0.2600000 -42.0130692
0.2610000 19.0109444
0.2620000 19.3150635
0.2630000 5.8020992
0.2640000 44.6691818
0.2650000 12.2744865
0.2660000 24.6718597
0.2670000 23.3042107
0.2680000 -25.4249935
0.2690000 38.6936989
0.2700000 -37.7047081
0.2710000 15.7058659
0.2720000 -39.6875687
0.2730000 7.7338672
0.2740000 -36.1060257
0.2750000 -65.0325699
0.2760000 -50.7827072
0.2770000 2.0957346
0.2780000 -33.5168076
0.2790000 -5.2961235
0.2800000 -26.5010929
0.2810000 24.2258358
0.2820000 -0.4777130
0.2830000 -6.0997295
0.2840000 -34.3079529
0.2850000 -19.9099541
0.2860000 -7.6553521
0.2870000 -6.3758879
0.2880000 30.5997295
0.2890000 8.1237564
0.2900000 -23.2338886
0.2910000 46.0105133
0.2920000 -0.8628736
0.2930000 45.8356552
0.2940000 41.0798721
0.2950000 0.6106306
0.2960000 112.0142288
0.2970000 -10.0091705
0.2980000 -70.2322845
0.2990000 -51.9235420
0.3000000 5.7506890
0.3010000 -56.7025833
0.3020000 -30.1584377
0.3030000 21.7917175
0.3040000 39.6034012
0.3050000 -12.1923027
0.3060000 1.6321074
0.3070000 -4.9036059
0.3080000 -38.1617508
0.3090000 29.2533512
0.3100000 58.4809036
0.3110000 15.7488804
0.3120000 4.9103856
0.3130000 -21.0184555
0.3140000 -2.6776745
0.3150000 9.7895164
0.3160000 31.7271996
0.3170000 -27.2256184
0.3180000 -24.2863464
0.3190000 -10.2987690
0.3200000 19.3383980
0.3210000 38.4031906
0.3220000 -38.6499329
0.3230000 -16.7894478
0.3240000 -4.5883727
0.3250000 -60.9920921
0.3260000 6.8585482
0.3270000 40.4852791
0.3280000 -49.8159866
0.3290000 -11.8394670
0.3300000 -33.5433044
0.3310000 -39.7778053
0.3320000 -13.0577316
0.3330000 -18.4515877
0.3340000 7.7418995
0.3350000 31.9081821
0.3360000 -5.4260726
0.3370000 -51.5661545
0.3380000 -19.9924316
0.3390000 -34.7558937
0.3400000 13.7662077
0.3410000 1.2041301
0.3420000 35.6565895
0.3430000 35.2008743
0.3440000 9.0325775
0.3450000 -47.4343987
0.3460000 48.6376801
0.3470000 14.9659920
0.3480000 2.4184246
0.3490000 -28.4110126
0.3500000 3.5577972
0.3510000 52.3922882
0.3520000 -32.7797203
0.3530000 4.0342398
0.3540000 -19.2358799
0.3550000 -7.9585533
0.3560000 67.1726761
0.3570000 -10.7475843
0.3580000 -22.1432953
0.3590000 -2.3791358
0.3600000 22.9016342
0.3610000 4.7297282
0.3620000 -16.1595631
0.3630000 55.1623497
0.3640000 29.2376156
0.3650000 42.4823036
0.3660000 60.1346092
0.3670000 -36.6888351
0.3680000 -26.5133553
0.3690000 -12.2386389
0.3700000 -47.9928589
0.3710000 -13.0709848
0.3720000 9.2494364
0.3730000 -56.2342377
0.3740000 -25.1391525
0.3750000 13.9054546
0.3760000 9.0524197
0.3770000 30.6455936
0.3780000 69.0498886
0.3790000 -36.0433083
0.3800000 19.6908760
0.3810000 -7.3257337
0.3820000 -40.9073067
0.3830000 -68.1250839
0.3840000 -32.9723969
0.3850000 28.0901833
0.3860000 34.0659752
0.3870000 10.9246960
0.3880000 25.9546108
0.3890000 43.3641396
0.3900000 9.7690191
0.3910000 46.6877861
0.3920000 10.7493668
0.3930000 -0.6915906
0.3940000 -55.7752266
0.3950000 -28.4634895
0.3960000 58.0354691
0.3970000 -6.5695238
0.3980000 -11.9877453
0.3990000 11.8011293
0.4000000 -6.0063620
0.4010000 9.0794907
0.4020000 36.0077171
0.4030000 -13.9449596
0.4040000 41.9527473
0.4050000 37.0763321
0.4060000 31.8627186
0.4070000 32.5285568
0.4080000 -6.8263392
0.4090000 -18.2634640
0.4100000 -22.1298561
0.4110000 27.8045139
0.4120000 5.8307557
0.4130000 -16.2280369
0.4140000 -26.1579323
0.4150000 41.1727448
0.4160000 -18.8986797
0.4170000 5.6090875
0.4180000 77.2773361
0.4190000 81.0061493
0.4200000 -57.5551033
0.4210000 -0.3435996
0.4220000 13.2708054
0.4230000 8.7698765
0.4240000 -70.2769318
0.4250000 25.0371094
0.4260000 41.1340408
0.4270000 -2.6699831
0.4280000 12.4248734
0.4290000 34.6209908
0.4300000 -50.5009422
0.4310000 1.0494910
0.4320000 36.4875107
0.4330000 21.8166065
0.4340000 -28.6048565
0.4350000 -47.3255424
0.4360000 6.5165987
0.4370000 46.2098236
0.4380000 39.0232773
0.4390000 -4.5784044
0.4400000 -33.7087631
0.4410000 22.0579586
0.4420000 84.7012329
0.4430000 -27.5894203
0.4440000 10.0416040
0.4450000 -24.7985134
0.4460000 -29.8155289
0.4470000 -41.4332047
0.4480000 12.8154602
0.4490000 -33.8536949
0.4500000 -3.4194047
0.4510000 5.1006551
0.4520000 -28.1128178
0.4530000 -30.9748764
0.4540000 8.4796019
0.4550000 -3.0807197
0.4560000 34.8733673
0.4570000 18.1397667
0.4580000 42.5884438
0.4590000 -8.8337612
0.4600000 32.9869041
0.4610000 -20.2806911
0.4620000 34.9683952
0.4630000 -68.6672287
0.4640000 -22.0679226
0.4650000 -7.8711843
0.4660000 -1.3155372
0.4670000 49.3973961
0.4680000 103.2705231
0.4690000 -43.8603821
0.4700000 -52.6215248
0.4710000 -20.6601505
0.4720000 25.3427887
0.4730000 8.4140310
0.4740000 29.6298008
0.4750000 70.2894211
0.4760000 -10.3181152
0.4770000 -32.7532463
0.4780000 -15.7059469
0.4790000 -36.1022987
0.4800000 56.6490440
0.4810000 -30.7235641
0.4820000 44.9809685
0.4830000 10.9604836
0.4840000 14.0909185
0.4850000 37.2108192
0.4860000 33.4178505
0.4870000 -61.8796921
0.4880000 -2.1224329
0.4890000 24.3755264
0.4900000 -5.4839354
0.4910000 71.4654617
0.4920000 -13.3877211
0.4930000 -20.0401249
0.4940000 27.2231808
0.4950000 8.7398129
0.4960000 1.9328582
0.4970000 -39.5440445
0.4980000 -14.6105204
0.4990000 -27.2604561
0.5000000 -32.2809029
0.5010000 1.6557698
0.5020000 -0.3644476
0.5030000 20.2715378
0.5040000 -27.6519737
0.5050000 -14.5641193
0.5060000 -41.9749641
0.5070000 2.8038480
0.5080000 37.3168106
0.5090000 -21.9052944
0.5100000 -7.8164740
0.5110000 6.0404425
0.5120000 23.7038631
0.5130000 9.5280924
0.5140000 -11.9986019
0.5150000 -10.5228739
0.5160000 -28.1725578
0.5170000 -23.5716534
0.5180000 27.1910057
0.5190000 -25.9068851
0.5200000 -2.0153081
0.5210000 62.5346527
0.5220000 9.8688364
0.5230000 -14.3449221
0.5240000 37.1698723
0.5250000 2.8097031
0.5260000 -38.0587883
0.5270000 21.6216583
0.5280000 39.4817276
0.5290000 -83.1300735
0.5300000 -8.0118933
0.5310000 5.6613846
0.5320000 28.2140770
0.5330000 4.2622337
0.5340000 -25.3747215
0.5350000 7.0258970
0.5360000 -1.6663626
0.5370000 9.5253878
0.5380000 63.3621330
0.5390000 81.9004745
0.5400000 3.6255050
0.5410000 13.0060225
0.5420000 -7.7634678
0.5430000 -12.4359951
0.5440000 57.6392975
0.5450000 42.6217499
0.5460000 -45.2501907
0.5470000 -24.8391094
0.5480000 47.1021881
0.5490000 -18.2787838
0.5500000 24.8158875
0.5510000 21.5563316
0.5520000 -48.2275467
0.5530000 8.2808275
0.5540000 -40.2721634
0.5550000 -5.5927100
0.5560000 -55.5510559
0.5570000 39.1924858
0.5580000 -19.6449566
0.5590000 60.2067833
0.5600000 57.0216789
0.5610000 -24.9149132
0.5620000 31.2669373
0.5630000 51.9097328
0.5640000 27.9849949
0.5650000 36.6854630
0.5660000 -3.6877558
0.5670000 -40.4511299
0.5680000 35.4748955
0.5690000 -12.7388449
0.5700000 36.6941261
0.5710000 -3.8750565
0.5720000 -34.5875702
0.5730000 -44.8569069
0.5740000 -8.6715240
0.5750000 8.5317259
0.5760000 -44.4307137
0.5770000 -76.4582901
0.5780000 -16.8146591
0.5790000 26.2704411
0.5800000 -1.9844633
0.5810000 -7.4578910
0.5820000 29.4249172
0.5830000 -67.8283386
0.5840000 28.9393864
0.5850000 -30.2555466
0.5860000 42.3134613
0.5870000 33.0985146
0.5880000 -31.9389706
0.5890000 5.2061763
0.5900000 19.5484238
0.5910000 15.2272758
0.5920000 -33.6249046
0.5930000 -42.9592056
0.5940000 -27.0605240
0.5950000 -1.2144309
0.5960000 71.9793854
0.5970000 -9.7578421
0.5980000 -70.5945511
0.5990000 -5.0112233
0.6000000 48.7224350
0.6010000 58.1926346
0.6020000 -54.5430260
0.6030000 -0.1094932
0.6040000 -25.0183907
0.6050000 -55.1024628
0.6060000 38.3072357
0.6070000 -12.2376480
0.6080000 59.2639389
0.6090000 42.8219528
0.6100000 36.4683914
0.6110000 28.6012802
0.6120000 -64.8467636
0.6130000 8.7637644
0.6140000 -25.0109100
0.6150000 30.6545887
0.6160000 13.4261341
0.6170000 5.7724166
0.6180000 -8.3574543
0.6190000 19.3223667
0.6200000 81.8538818
0.6210000 -23.9296265
0.6220000 32.5335007
0.6230000 52.5412369
0.6240000 44.9134865
0.6250000 53.9733009
0.6260000 22.0837212
0.6270000 -4.6462755
0.6280000 -26.0026131
0.6290000 -16.4172153
0.6300000 -32.4944382
0.6310000 21.6913338
0.6320000 -8.2516975
0.6330000 -45.4493866
0.6340000 3.0811768
0.6350000 37.5126839
0.6360000 -0.4628255
0.6370000 -19.3948441
0.6380000 34.3041153
0.6390000 11.8064260
0.6400000 27.0994434
0.6410000 -54.9787292
0.6420000 -37.7529182
0.6430000 18.0546989
0.6440000 60.5429306
0.6450000 -27.0578403
0.6460000 -10.4557257
0.6470000 28.6931953
0.6480000 -4.1899657
0.6490000 70.5364456
0.6500000 -51.1957130
0.6510000 -23.3952045
0.6520000 -9.5961819
0.6530000 -31.9766426
0.6540000 15.1600046
0.6550000 -4.0328865
0.6560000 24.2909851
0.6570000 -16.4362144
0.6580000 -1.5983666
0.6590000 -36.6701431
0.6600000 58.5061798
0.6610000 19.4252300
0.6620000 -48.9822845
0.6630000 23.3249187
0.6640000 -38.3792839
0.6650000 -1.6302830
0.6660000 55.3415642
0.6670000 5.4866033
0.6680000 -3.8978126
0.6690000 -1.1216009
0.6700000 -27.7399578
0.6710000 25.9319820
0.6720000 -26.4264507
0.6730000 3.2373250
0.6740000 15.5164690
0.6750000 -0.9812464
0.6760000 5.4035654
0.6770000 20.0535297
0.6780000 51.1631165
0.6790000 13.6724043
0.6800000 23.6656361
0.6810000 -50.2022438
0.6820000 -48.0552902
0.6830000 -83.0004807
0.6840000 19.9128971
0.6850000 11.5954609
0.6860000 25.4501343
0.6870000 -48.0058823
0.6880000 87.2767563
0.6890000 -42.8726883
0.6900000 26.4876900
0.6910000 0.5511791
0.6920000 31.3331604
0.6930000 -46.9468002
0.6940000 48.5353622
0.6950000 3.8358142
0.6960000 8.5003328
0.6970000 -3.1452696
0.6980000 7.2670646
0.6990000 36.2334023
0.7000000 -53.3925819
0.7010000 -19.6520329
0.7020000 10.1214571
0.7030000 -2.1280077
0.7040000 -51.8721581
0.7050000 11.1466312
0.7060000 -24.2238083
0.7070000 -25.9081554
0.7080000 9.2736616
0.7090000 -0.9756611
0.7100000 -2.6013114
0.7110000 -14.4409046
0.7120000 6.3957281
0.7130000 29.3251896
0.7140000 44.1401367
0.7150000 -8.7835426
0.7160000 -31.8531475
0.7170000 -0.9596522
0.7180000 21.8756809
0.7190000 -58.4416084
0.7200000 -7.1277657
0.7210000 12.8068790
0.7220000 53.4671783
0.7230000 -7.1867332
0.7240000 11.1042671
0.7250000 -39.7776375
0.7260000 32.8821754
0.7270000 -4.3160677
0.7280000 30.5006332
0.7290000 -28.7979050
0.7300000 81.9458542
0.7310000 -17.9954529
0.7320000 95.7787552
0.7330000 -9.9762468
0.7340000 -35.4103775
0.7350000 -11.4595242
0.7360000 -56.4466667
0.7370000 25.6614456
0.7380000 14.0080156
0.7390000 -44.3072319
0.7400000 5.8730831
0.7410000 -11.7028732
0.7420000 11.7904520
0.7430000 -55.7641907
0.7440000 -2.4771473
0.7450000 -51.9857903
0.7460000 -41.7699890
0.7470000 -38.5640488
0.7480000 -0.7713284
0.7490000 33.8728523
0.7500000 -80.6810303
0.7510000 5.2220039
0.7520000 2.3184872
0.7530000 -40.5958214
0.7540000 -24.6733379
0.7550000 34.8676109
0.7560000 10.0469131
0.7570000 19.2074890
0.7580000 26.8969612
0.7590000 29.6387539
0.7600000 -24.1751461
0.7610000 -31.8397617
0.7620000 80.0516815
0.7630000 -42.6417236
0.7640000 18.5842686
0.7650000 -49.0888748
0.7660000 -62.0371552
0.7670000 -3.7566411
0.7680000 30.9380760
0.7690000 5.7106638
0.7700000 26.8978710
0.7710000 -1.8449568
0.7720000 -16.7635117
0.7730000 -4.0726504
0.7740000 -13.4170837
0.7750000 58.4523964
0.7760000 13.9358139
0.7770000 -53.1260719
0.7780000 15.9128542
0.7790000 9.0412750
0.7800000 15.5482578
0.7810000 -0.1801393
0.7820000 -21.6257420
0.7830000 87.5955353
0.7840000 40.0914726
0.7850000 10.4684858
0.7860000 20.0910149
0.7870000 18.4163399
0.7880000 -23.3812809
0.7890000 61.5406380
0.7900000 2.0256171
0.7910000 28.2186375
0.7920000 -12.9638052
0.7930000 1.0526735
0.7940000 -29.3148403
0.7950000 10.1774473
0.7960000 -25.1369343
0.7970000 -40.7574501
0.7980000 6.2406955
0.7990000 30.3003120
0.8000000 -14.4899149
0.8010000 -15.8402243
0.8020000 18.8770313
0.8030000 34.7105064
0.8040000 30.6963310
0.8050000 58.2528725
0.8060000 -46.6896820
0.8070000 16.7743683
0.8080000 12.1759968
0.8090000 -11.3795996
0.8100000 -21.4060574
0.8110000 -5.0348210
0.8120000 -0.3791133
0.8130000 -16.2703819
0.8140000 -21.3956699
0.8150000 15.4142733
0.8160000 36.4269867
0.8170000 -10.6201134
0.8180000 -52.6105614
0.8190000 0.4394479
0.8200000 57.3923035
0.8210000 1.4353981
0.8220000 8.2797213
0.8230000 -11.9987860
0.8240000 -48.8337364
0.8250000 -31.6324539
0.8260000 -0.1042774
0.8270000 -12.3009596
0.8280000 -35.2933846
0.8290000 11.6532927
0.8300000 -19.7595882
0.8310000 -55.9194260
0.8320000 14.9841547
0.8330000 61.2928772
0.8340000 -13.6033792
0.8350000 37.9987183
0.8360000 29.6422920
0.8370000 40.0223312
0.8380000 -8.9710093
0.8390000 24.0612583
0.8400000 -18.4483967
0.8410000 17.5144291
0.8420000 -102.4613190
0.8430000 -43.0843620
0.8440000 -15.4149227
0.8450000 27.3445339
0.8460000 -22.6099586
0.8470000 -31.4381218
0.8480000 -50.0151520
0.8490000 -40.5260124
0.8500000 24.3689442
0.8510000 -9.8809786
0.8520000 -65.2651215
0.8530000 18.2141075
0.8540000 11.1968946
0.8550000 7.3709898
0.8560000 -1.8089767
0.8570000 45.5308838
0.8580000 18.3182240
0.8590000 -16.5355263
0.8600000 31.0959949
0.8610000 26.9747524
0.8620000 -12.7494221
0.8630000 -81.9299469
0.8640000 24.4265118
0.8650000 -37.2188072
0.8660000 -45.2710114
0.8670000 -3.7043576
0.8680000 10.0167198
0.8690000 -2.1952915
0.8700000 4.7002611
0.8710000 13.3498230
0.8720000 4.6659245
0.8730000 -13.0814075
0.8740000 42.0639381
0.8750000 12.8698740
0.8760000 -21.3665390
0.8770000 42.9821701
0.8780000 35.7969971
0.8790000 -44.5397835
0.8800000 15.0349960
0.8810000 15.7508316
0.8820000 -32.7463989
0.8830000 -63.0850067
0.8840000 -48.9522018
0.8850000 23.0329895
0.8860000 -12.5155020
0.8870000 -54.9950333
0.8880000 12.6710243
0.8890000 -2.3099296
0.8900000 38.0337791
0.8910000 10.1378460
0.8920000 -23.4419403
0.8930000 15.5131760
0.8940000 51.8239861
0.8950000 18.8892689
0.8960000 -12.3824186
0.8970000 49.9795494
0.8980000 -11.6414022
0.8990000 -3.3332481
0.9000000 30.9355774
0.9010000 -39.5024338
0.9020000 17.3947411
0.9030000 0.8058063
0.9040000 -35.7499542
0.9050000 -45.4476891
0.9060000 -56.0267372
0.9070000 -8.9293242
0.9080000 5.7188735
0.9090000 47.9710426
0.9100000 51.7755432
0.9110000 -22.9969826
0.9120000 -45.5504646
0.9130000 -22.5980377
0.9140000 -36.1043854
0.9150000 9.1811628
0.9160000 -26.2105045
0.9170000 18.3688583
0.9180000 -13.2433729
0.9190000 52.8395996
0.9200000 25.6781025
0.9210000 -34.2017250
0.9220000 -23.1072540
0.9230000 -3.7947478
0.9240000 -50.0991249
0.9250000 -21.1537933
0.9260000 51.1406364
0.9270000 23.2892704
0.9280000 25.2779827
0.9290000 -11.3712463
0.9300000 -13.0896168
0.9310000 -1.0707642
0.9320000 -13.2643213
0.9330000 5.3044963
0.9340000 -10.5846195
0.9350000 22.4071751
0.9360000 -66.8488007
0.9370000 1.0790527
0.9380000 -45.4711342
0.9390000 24.8915291
0.9400000 46.7192574
0.9410000 73.9455185
0.9420000 -9.2721739
0.9430000 75.0026855
0.9440000 11.7644892
0.9450000 9.8150473
0.9460000 7.3547497
0.9470000 -27.4600391
0.9480000 0.5007813
0.9490000 -21.7701015
0.9500000 46.7870445
0.9510000 10.5151262
0.9520000 -1.5953119
0.9530000 -9.4217930
0.9540000 44.9993973
0.9550000 -4.4545546
0.9560000 29.9184036
0.9570000 -45.3822899
0.9580000 -25.6847095
0.9590000 17.4186459
0.9600000 -40.3417206
0.9610000 47.9737206
0.9620000 -46.0352020
0.9630000 -3.1129332
0.9640000 18.8523655
0.9650000 -36.1660500
0.9660000 4.1244302
0.9670000 52.7756004
0.9680000 -19.3445759
0.9690000 45.4392738
0.9700000 89.4490891
0.9710000 17.4218788
0.9720000 -15.4489422
0.9730000 -46.7942505
0.9740000 -15.9055777
0.9750000 -38.0513954
0.9760000 -49.2211685
0.9770000 4.7431989
0.9780000 30.1637268
0.9790000 14.8816595
0.9800000 -37.6215973
0.9810000 -57.6732750
0.9820000 -13.1620255
0.9830000 -12.5844851
0.9840000 -65.6496735
0.9850000 57.9775963
0.9860000 48.6628685
0.9870000 -87.2832947
0.9880000 -56.3743515
0.9890000 -14.4248009
0.9900000 6.0524182
0.9910000 19.6322956
0.9920000 -5.9197178
0.9930000 5.9750214
0.9940000 13.6286612
0.9950000 10.0513363
0.9960000 90.5760651
0.9970000 18.6370659
0.9980000 51.3556252
0.9990000 32.6273003
