0.0000000 -44.7440147
0.0010000 36.3790131
0.0020000 16.5697155
0.0030000 50.2441673
0.0040000 14.1293850
0.0050000 -19.6423187
0.0060000 37.0059319
0.0070000 36.8635902
0.0080000 14.3959274
0.0090000 20.4930420
0.0100000 -4.5784812
0.0110000 -30.5679836
0.0120000 9.7627096
0.0130000 -7.8522453
0.0140000 62.8746681
0.0150000 -21.2396507
0.0160000 0.0544927
0.0170000 11.2257099
0.0180000 12.7912416
0.0190000 -55.9875755
0.0200000 0.6043556
0.0210000 -9.3469658
0.0220000 24.6536694
0.0230000 29.9313831
0.0240000 -0.6186053
0.0250000 11.6077271
0.0260000 29.1504555
0.0270000 44.8950996
0.0280000 -33.5692635
0.0290000 -15.7371302
0.0300000 15.9419184
0.0310000 69.7354279
0.0320000 -9.3426895
0.0330000 3.1205478
0.0340000 -0.9551769
0.0350000 11.4219675
0.0360000 -34.5216904
0.0370000 -3.2066479
0.0380000 -25.0799179
0.0390000 5.9676738
0.0400000 15.7571688
0.0410000 78.8267899
0.0420000 79.4355240
0.0430000 8.6878080
0.0440000 10.8921251
0.0450000 83.8091202
0.0460000 42.0316696
0.0470000 11.9407558
0.0480000 -4.8651204
0.0490000 16.1586895
0.0500000 1.5877872
0.0510000 1.4814806
0.0520000 38.7768669
0.0530000 15.2717590
0.0540000 -32.0361061
0.0550000 -14.6021938
0.0560000 29.8129616
0.0570000 56.4621391
0.0580000 -22.6187611
0.0590000 -59.2988739
0.0600000 48.7354584
0.0610000 -7.5582232
0.0620000 25.5060387
0.0630000 6.7449589
0.0640000 -41.7525368
0.0650000 47.4270782
0.0660000 28.5618496
0.0670000 9.6021700
0.0680000 71.8103256
0.0690000 36.2067566
0.0700000 79.5963898
0.0710000 -15.5221710
0.0720000 46.2847404
0.0730000 -58.6586533
0.0740000 20.6117096
0.0750000 14.2243423
0.0760000 -9.0221272
0.0770000 -0.7179305
0.0780000 -20.6423950
0.0790000 -15.2814512
0.0800000 -18.0582027
0.0810000 7.8102031
0.0820000 -1.7298923
0.0830000 -6.2282019
0.0840000 10.4509172
0.0850000 -6.8483348
0.0860000 -10.2361164
0.0870000 84.3474121
0.0880000 -83.1122971
0.0890000 -4.0345001
0.0900000 -33.3018379
0.0910000 62.4664574
0.0920000 30.6340351
0.0930000 37.5747337
0.0940000 -13.5701180
0.0950000 3.6443667
0.0960000 -1.0185095
0.0970000 -37.9161263
0.0980000 38.5084381
0.0990000 32.9808884
0.1000000 -3.6716712
0.1010000 -71.4866104
0.1020000 -6.4162097
0.1030000 47.1298752
0.1040000 56.5184212
0.1050000 -0.5608098
0.1060000 -10.0730324
0.1070000 36.3426208
0.1080000 35.6603470
0.1090000 -85.9477997
0.1100000 -10.0950241
0.1110000 -2.1843143
0.1120000 57.2657013
0.1130000 23.4792423
0.1140000 19.2438641
0.1150000 43.5697212
0.1160000 15.9349957
0.1170000 73.1162186
0.1180000 -68.2988663
0.1190000 22.1674747
0.1200000 -6.7267942
0.1210000 -29.1739063
0.1220000 37.0574608
0.1230000 -23.4588928
0.1240000 34.7641716
0.1250000 -14.7390919
0.1260000 -1.7086548
0.1270000 56.5649376
0.1280000 -62.1898117
0.1290000 6.3224864
0.1300000 -19.0346565
0.1310000 15.7617378
0.1320000 -21.7991276
0.1330000 -14.0730467
0.1340000 -27.9458466
0.1350000 32.3765488
0.1360000 8.1910954
0.1370000 44.5115051
0.1380000 2.8629651
0.1390000 -6.8580656
0.1400000 112.2035904
0.1410000 -53.2120705
0.1420000 29.6477051
0.1430000 -29.5391178
0.1440000 63.9830322
0.1450000 6.4722176
0.1460000 2.9799476
0.1470000 38.0904312
0.1480000 -3.3748677
0.1490000 -24.0676212
0.1500000 -10.5783739
0.1510000 -52.4503822
0.1520000 -34.0331993
0.1530000 -8.2888365
0.1540000 39.3803749
0.1550000 31.7571411
0.1560000 19.1023045
0.1570000 -25.1344795
0.1580000 12.8445034
0.1590000 12.5402822
0.1600000 19.1742401
0.1610000 5.6923871
0.1620000 4.5236387
0.1630000 27.7745972
0.1640000 12.0093603
0.1650000 -1.8273633
0.1660000 -2.1321888
0.1670000 46.7543144
0.1680000 18.6253223
0.1690000 -42.1056976
0.1700000 40.5788498
0.1710000 37.5261154
0.1720000 9.3705807
0.1730000 55.5763931
0.1740000 -2.8595037
0.1750000 -24.8217392
0.1760000 -39.9286194
0.1770000 32.1313553
0.1780000 -13.7287521
0.1790000 -8.8242674
0.1800000 42.4437561
0.1810000 6.1544018
0.1820000 18.0826168
0.1830000 -1.6553402
0.1840000 -39.5546989
0.1850000 -38.4692612
0.1860000 -21.8333435
0.1870000 10.5666008
0.1880000 -38.8409805
0.1890000 4.3992834
0.1900000 -67.4961014
0.1910000 57.0400238
0.1920000 -6.3532658
0.1930000 -39.9637108
0.1940000 48.4646072
0.1950000 -20.3790417
0.1960000 -7.9566345
0.1970000 -53.6431580
0.1980000 -42.9659615
0.1990000 4.7090516
0.2000000 20.8906803
0.2010000 2.2836256
0.2020000 -67.3080292
0.2030000 37.7569771
0.2040000 -0.6610373
0.2050000 -34.2124939
0.2060000 31.6101456
0.2070000 -19.5688381
0.2080000 -23.6575584
0.2090000 -13.9046898
0.2100000 -68.8338089
0.2110000 -44.9760361
0.2120000 -17.3187008
0.2130000 28.0223961
0.2140000 -19.7888355
0.2150000 -9.6474190
0.2160000 26.4148006
0.2170000 36.4548492
0.2180000 32.0568695
0.2190000 -12.8864660
0.2200000 -25.0103970
0.2210000 44.3005714
0.2220000 -0.0569760
0.2230000 -25.8776264
0.2240000 3.1378391
0.2250000 49.1684723
0.2260000 -35.6173134
0.2270000 -1.7322968
0.2280000 16.4302731
0.2290000 20.3956318
0.2300000 47.2981949
0.2310000 53.6308708
0.2320000 -55.3112030
0.2330000 71.0172882
0.2340000 4.4429741
0.2350000 27.8519459
0.2360000 -51.0440521
0.2370000 3.6827557
0.2380000 -54.6530685
0.2390000 -15.0618362
0.2400000 -24.5764942
0.2410000 8.7405596
0.2420000 60.3250923
0.2430000 -10.9346066
0.2440000 3.3993733
0.2450000 126.2799454
0.2460000 7.0344205
0.2470000 1.1273351
0.2480000 3.3301523
0.2490000 5.3172297
0.2500000 23.1002216
0.2510000 18.2114906
0.2520000 -30.0741043
0.2530000 21.7872047
0.2540000 42.1582451
0.2550000 11.2087421
0.2560000 -26.5883369
0.2570000 -8.9789810
0.2580000 1.4861650
0.2590000 27.2152042
0.2600000 -70.2976685
0.2610000 49.3369064
0.2620000 23.3268757
0.2630000 49.5730019
0.2640000 -0.5228068
0.2650000 14.0101185
0.2660000 -34.5545425
0.2670000 55.0937843
0.2680000 7.9941487
0.2690000 3.7165046
0.2700000 21.3469658
0.2710000 -7.0509501
0.2720000 25.6105156
0.2730000 20.1501446
0.2740000 34.1876144
0.2750000 11.2947044
0.2760000 -22.9956264
0.2770000 -51.6293259
0.2780000 -42.6944618
0.2790000 7.3477921
0.2800000 100.9812927
0.2810000 86.0363235
0.2820000 22.3398647
0.2830000 92.1535187
0.2840000 -9.4942064
0.2850000 26.3965797
0.2860000 -58.0239410
0.2870000 -39.0037079
0.2880000 18.8951550
0.2890000 29.0608902
0.2900000 -42.4278412
0.2910000 -28.1089859
0.2920000 -56.5421295
0.2930000 -35.2852402
0.2940000 -5.6950817
0.2950000 -54.3238182
0.2960000 20.6250267
0.2970000 -36.5715103
0.2980000 9.8648806
0.2990000 13.9907551
0.3000000 -1.1915270
0.3010000 -89.9780884
0.3020000 -23.7469635
0.3030000 20.1469803
0.3040000 2.7021208
0.3050000 29.1069717
0.3060000 59.7414703
0.3070000 -13.9952965
0.3080000 44.8912659
0.3090000 0.1113612
0.3100000 5.8799028
0.3110000 -21.4573383
0.3120000 -4.7131667
0.3130000 12.1034527
0.3140000 -16.1327496
0.3150000 -18.1793461
0.3160000 2.4509060
0.3170000 -6.5658612
0.3180000 48.5189323
0.3190000 -14.0592566
0.3200000 -26.3194962
0.3210000 -59.2154503
0.3220000 -8.8356390
0.3230000 -12.3587437
0.3240000 -48.3744278
0.3250000 -18.8683376
0.3260000 -46.0170631
0.3270000 48.2684479
0.3280000 -28.3208408
0.3290000 -49.5176430
0.3300000 -21.6530609
0.3310000 -5.8586259
0.3320000 -20.5085087
0.3330000 15.3904734
0.3340000 -33.8528633
0.3350000 -58.5916824
0.3360000 41.2291260
0.3370000 -3.7390673
0.3380000 -15.9656858
0.3390000 47.9849091
0.3400000 -19.6677551
0.3410000 3.0775907
0.3420000 -19.3680992
0.3430000 24.5768108
0.3440000 -17.1753998
0.3450000 14.1817513
0.3460000 22.8634701
0.3470000 -21.1000557
0.3480000 34.2847939
0.3490000 23.3205566
0.3500000 -8.2812834
0.3510000 20.0719395
0.3520000 24.4838104
0.3530000 15.9117908
0.3540000 -9.4975576
0.3550000 -57.6936073
0.3560000 -39.4002190
0.3570000 -2.8723338
0.3580000 -27.6236877
0.3590000 -19.7131481
0.3600000 -38.4717712
0.3610000 7.8706326
0.3620000 -14.2084827
0.3630000 -4.7719493
0.3640000 42.2037086
0.3650000 1.8937837
0.3660000 81.9528427
0.3670000 -17.6790066
0.3680000 -78.9532166
0.3690000 -5.7610202
0.3700000 -9.7029829
0.3710000 11.0349646
0.3720000 37.8188095
0.3730000 -7.8233557
0.3740000 56.1380196
0.3750000 -40.1367607
0.3760000 24.3172626
0.3770000 18.7283821
0.3780000 -54.4571762
0.3790000 -41.2690544
0.3800000 6.4185963
0.3810000 -17.0142498
0.3820000 -33.1921349
0.3830000 -33.1866837
0.3840000 -63.4275093
0.3850000 -13.9149103
0.3860000 5.8271575
0.3870000 -45.6261787
0.3880000 20.5670605
0.3890000 21.5121784
0.3900000 -9.0517235
0.3910000 16.6382046
0.3920000 63.7335968
0.3930000 -24.9767094
0.3940000 -15.5924883
0.3950000 51.0612564
0.3960000 16.9816265
0.3970000 38.8911095
0.3980000 51.3929329
0.3990000 -23.8226376
0.4000000 23.8022938
0.4010000 -19.0852757
0.4020000 22.6642246
0.4030000 -26.2575912
0.4040000 17.8650551
0.4050000 -44.3661766
0.4060000 -87.3568497
0.4070000 17.3774452
0.4080000 -54.3309479
0.4090000 -9.0076609
0.4100000 -8.0995245
0.4110000 19.3180790
0.4120000 -8.6087923
0.4130000 -16.2076817
0.4140000 8.0780087
0.4150000 12.2054691
0.4160000 -21.6612034
0.4170000 -22.3236408
0.4180000 -22.4075928
0.4190000 -45.4238739
0.4200000 59.7918510
0.4210000 -31.9557762
0.4220000 -14.3290882
0.4230000 17.8333855
0.4240000 29.9608459
0.4250000 8.0522490
0.4260000 -73.0400314
0.4270000 57.0666466
0.4280000 40.9264717
0.4290000 -52.0342674
0.4300000 7.5674648
0.4310000 -28.4492264
0.4320000 -3.1878340
0.4330000 5.6457825
0.4340000 -5.1279249
0.4350000 -38.0986176
0.4360000 -44.0956154
0.4370000 -25.4145012
0.4380000 32.4424133
0.4390000 27.6191788
0.4400000 27.3408642
0.4410000 -22.3621426
0.4420000 13.3583241
0.4430000 17.0674362
0.4440000 -27.0531578
0.4450000 -40.0596428
0.4460000 10.2894421
0.4470000 -4.6774688
0.4480000 61.6446991
0.4490000 57.3525429
0.4500000 -5.2732010
0.4510000 -6.0928369
0.4520000 6.2070751
0.4530000 1.3868399
0.4540000 11.5990152
0.4550000 24.3077278
0.4560000 -28.5612907
0.4570000 42.2610207
0.4580000 13.1711540
0.4590000 48.7913208
0.4600000 -11.7600336
0.4610000 -22.9527721
0.4620000 -26.9036770
0.4630000 -31.5949955
0.4640000 -22.2618523
0.4650000 -30.0898762
0.4660000 -14.8687963
0.4670000 13.2415648
0.4680000 -14.2776451
0.4690000 -3.2867339
0.4700000 3.6600227
0.4710000 5.7262201
0.4720000 13.5456371
0.4730000 -34.1008263
0.4740000 -47.4326324
0.4750000 -14.7007103
0.4760000 30.4653244
0.4770000 23.6115379
0.4780000 -54.6747627
0.4790000 6.0718417
0.4800000 30.1132641
0.4810000 56.3547554
0.4820000 -23.6909466
0.4830000 -9.1225157
0.4840000 13.0597029
0.4850000 52.0654221
0.4860000 -9.9895678
0.4870000 -20.3082294
0.4880000 37.7792969
0.4890000 -27.4318142
0.4900000 -10.3804445
0.4910000 14.6371737
0.4920000 64.3922043
0.4930000 23.4928818
0.4940000 -21.5930080
0.4950000 -36.5483170
0.4960000 -5.7032166
0.4970000 -6.3218346
0.4980000 63.2727165
0.4990000 -25.1213264
0.5000000 8.6328220
0.5010000 -16.5105553
0.5020000 -21.2617779
0.5030000 -46.8890915
0.5040000 -110.2502213
0.5050000 -0.0602661
0.5060000 -39.5115852
0.5070000 18.1632805
0.5080000 9.7973871
0.5090000 -37.6637955
0.5100000 -2.3237269
0.5110000 -23.1636887
0.5120000 -36.9091530
0.5130000 -0.3515285
0.5140000 -18.0567818
0.5150000 7.8823695
0.5160000 2.9277008
0.5170000 38.8371849
0.5180000 -34.2725563
0.5190000 43.6341476
0.5200000 -51.6449089
0.5210000 50.0141182
0.5220000 23.2887173
0.5230000 -5.3281155
0.5240000 -30.2750721
0.5250000 -7.4582024
0.5260000 -110.8396225
0.5270000 -27.0395184
0.5280000 61.2451057
0.5290000 24.5165024
0.5300000 -2.4921434
0.5310000 -19.3826771
0.5320000 -51.5218620
0.5330000 1.3683356
0.5340000 -58.9005013
0.5350000 22.2493477
0.5360000 -42.9753075
0.5370000 -11.7310362
0.5380000 -18.4271355
0.5390000 -80.9882507
0.5400000 38.5758324
0.5410000 55.1904068
0.5420000 4.0637393
0.5430000 -6.1515622
0.5440000 27.5287743
0.5450000 -84.3331070
0.5460000 7.2026892
0.5470000 -59.7150116
0.5480000 9.4520922
0.5490000 51.0659409
0.5500000 -6.6063070
0.5510000 -7.8149605
0.5520000 42.6959305
0.5530000 7.7632093
0.5540000 -35.2184258
0.5550000 -13.3797140
0.5560000 -49.0852432
0.5570000 -8.4925871
0.5580000 12.4486895
0.5590000 -9.5661516
0.5600000 4.1547952
0.5610000 -29.7319965
0.5620000 3.2753980
0.5630000 40.7343445
0.5640000 -67.4749298
0.5650000 6.8598509
0.5660000 -52.9139671
0.5670000 15.7106466
0.5680000 -22.2224693
0.5690000 8.9194860
0.5700000 28.4901104
0.5710000 54.5032959
0.5720000 32.5153122
0.5730000 13.3979530
0.5740000 36.7376251
0.5750000 77.4726105
0.5760000 -3.0046122
0.5770000 -14.9414864
0.5780000 -71.1067810
0.5790000 35.4202652
0.5800000 -32.6179848
0.5810000 60.2433548
0.5820000 -27.7719669
0.5830000 19.3982277
0.5840000 7.2145519
0.5850000 -44.7402725
0.5860000 49.4208908
0.5870000 10.2346916
0.5880000 46.4595871
0.5890000 12.9659090
0.5900000 -53.4979706
0.5910000 18.2442398
0.5920000 5.9664078
0.5930000 54.5388374
0.5940000 18.2598705
0.5950000 -16.4982510
0.5960000 14.4929132
0.5970000 -5.7302504
0.5980000 -3.9624028
0.5990000 42.7461205
0.6000000 30.9988785
0.6010000 75.5631866
0.6020000 -43.1574211
0.6030000 5.9344087
0.6040000 2.0308530
0.6050000 3.5721951
0.6060000 4.2139306
0.6070000 34.0570297
0.6080000 -0.8455310
0.6090000 -58.4656906
0.6100000 -12.4418173
0.6110000 -43.0535851
0.6120000 90.4086456
0.6130000 61.6887207
0.6140000 -25.4424286
0.6150000 -2.9004757
0.6160000 47.4516983
0.6170000 25.1902466
0.6180000 -2.5918343
0.6190000 1.3427230
0.6200000 34.1481628
0.6210000 -52.7392693
0.6220000 -44.5383682
0.6230000 50.9992905
0.6240000 38.5471191
0.6250000 -52.6572075
0.6260000 61.1194649
0.6270000 82.6791611
0.6280000 0.1964695
0.6290000 12.9112768
0.6300000 -4.6044211
0.6310000 8.6477203
0.6320000 39.0114365
0.6330000 -27.5109844
0.6340000 22.9392109
0.6350000 -55.2854500
0.6360000 63.2867203
0.6370000 -19.1578541
0.6380000 12.5438023
0.6390000 -16.2040176
0.6400000 11.6768789
0.6410000 35.8725739
0.6420000 17.1498909
0.6430000 5.7726178
0.6440000 1.7633533
0.6450000 53.9537659
0.6460000 34.2616158
0.6470000 24.9123611
0.6480000 12.1856050
0.6490000 35.6043510
0.6500000 23.1571426
0.6510000 -1.7489530
0.6520000 -94.1741333
0.6530000 4.1176338
0.6540000 -17.8678169
0.6550000 9.3227463
0.6560000 -46.3871956
0.6570000 20.7340870
0.6580000 -23.2661839
0.6590000 6.6064906
0.6600000 -36.5218735
0.6610000 -36.7077789
0.6620000 1.3128023
0.6630000 -17.2712402
0.6640000 9.7183485
0.6650000 -33.8885231
0.6660000 -18.9731407
0.6670000 -45.9628639
0.6680000 -30.3482933
0.6690000 10.9540339
0.6700000 35.1750908
0.6710000 3.1078131
0.6720000 34.1651421
0.6730000 16.6691265
0.6740000 31.4047699
0.6750000 48.2736511
0.6760000 -44.2985802
0.6770000 -6.6046386
0.6780000 27.5963688
0.6790000 49.9931679
0.6800000 12.6435528
0.6810000 -1.2677742
0.6820000 -6.1704578
0.6830000 15.0534058
0.6840000 26.1414204
0.6850000 21.2611923
0.6860000 -18.9860363
0.6870000 5.3361053
0.6880000 6.6237926
0.6890000 -22.7721157
0.6900000 0.9468720
0.6910000 -24.6068401
0.6920000 -69.7649612
0.6930000 -5.7418280
0.6940000 54.7038460
0.6950000 -9.6876469
0.6960000 -10.6050825
0.6970000 57.5742607
0.6980000 14.2808466
0.6990000 68.9119720
0.7000000 57.6857033
0.7010000 -12.2625160
0.7020000 14.4411840
0.7030000 -47.1007614
0.7040000 -3.8881593
0.7050000 -23.1174545
0.7060000 -25.7099037
0.7070000 -49.6142311
0.7080000 -39.7283630
0.7090000 -66.0385590
0.7100000 -90.1952133
0.7110000 -38.7683144
0.7120000 11.4782352
0.7130000 -26.2182102
0.7140000 83.4362793
0.7150000 -11.4437046
0.7160000 57.4863930
0.7170000 -12.2085991
0.7180000 -11.9977341
0.7190000 -44.0687027
0.7200000 29.0815201
0.7210000 -16.6604805
0.7220000 -8.8946333
0.7230000 35.6775246
0.7240000 -10.2244368
0.7250000 -22.9653473
0.7260000 -37.8627892
0.7270000 45.0270309
0.7280000 -9.0072937
0.7290000 4.3431625
0.7300000 34.8127441
0.7310000 25.4694214
0.7320000 12.1760406
0.7330000 2.6543570
0.7340000 -2.4498515
0.7350000 10.1224031
0.7360000 19.6304226
0.7370000 -77.2809143
0.7380000 29.8465538
0.7390000 -15.2831268
0.7400000 51.7086334
0.7410000 24.2469292
0.7420000 -37.8703461
0.7430000 -2.6308913
0.7440000 -2.1741354
0.7450000 94.7698517
0.7460000 -13.2261133
0.7470000 58.7999649
0.7480000 -19.8344746
0.7490000 52.5286636
0.7500000 10.9004173
0.7510000 3.3821352
0.7520000 47.4151306
0.7530000 39.7447319
0.7540000 30.1438847
0.7550000 7.4397407
0.7560000 -6.1844769
0.7570000 -40.5576286
0.7580000 -23.1510944
0.7590000 17.1766148
0.7600000 -9.1266308
0.7610000 22.2788372
0.7620000 6.4755116
0.7630000 -13.7126551
0.7640000 12.3694544
0.7650000 -26.8816433
0.7660000 54.2754669
0.7670000 25.9262295
0.7680000 41.4894791
0.7690000 -54.0755730
0.7700000 7.3030267
0.7710000 -23.0950394
0.7720000 40.6487160
0.7730000 15.2860680
0.7740000 14.1198978
0.7750000 78.3694153
0.7760000 47.8297195
0.7770000 -17.6984234
0.7780000 4.1721096
0.7790000 -27.8649025
0.7800000 12.7881088
0.7810000 23.6832447
0.7820000 63.1196022
0.7830000 -50.8651276
0.7840000 -28.0183830
0.7850000 26.2553673
0.7860000 -21.2525787
0.7870000 9.6782799
0.7880000 50.0766640
0.7890000 88.9684753
0.7900000 8.3410740
0.7910000 -0.1936212
0.7920000 0.3711171
0.7930000 -42.0837479
0.7940000 78.4532166
0.7950000 -47.3548470
0.7960000 16.9844875
0.7970000 15.7013636
0.7980000 -58.3924408
0.7990000 6.2556672
0.8000000 11.1860914
0.8010000 -24.8335514
0.8020000 -22.1166420
0.8030000 -96.0845413
0.8040000 13.4153357
0.8050000 -7.0230718
0.8060000 0.3761449
0.8070000 17.4342709
0.8080000 58.7352753
0.8090000 15.6835527
0.8100000 -50.2050934
0.8110000 -2.8346658
0.8120000 70.0466766
0.8130000 -2.7988570
0.8140000 -4.5286875
0.8150000 -30.4457741
0.8160000 50.0612679
0.8170000 17.5364342
0.8180000 32.4695702
0.8190000 -47.6720657
0.8200000 -20.9967194
0.8210000 -45.1450729
0.8220000 -36.7109604
0.8230000 -68.8831024
0.8240000 -54.9715385
0.8250000 13.4550743
0.8260000 48.8260231
0.8270000 13.8608408
0.8280000 20.0514526
0.8290000 21.3652477
0.8300000 22.6076756
0.8310000 7.9175816
0.8320000 -0.3097121
0.8330000 3.7187986
0.8340000 -21.5373878
0.8350000 18.3242855
0.8360000 -10.3297815
0.8370000 30.8285580
0.8380000 -27.7836895
0.8390000 -18.4732914
0.8400000 -11.1973476
0.8410000 18.7254295
0.8420000 18.1887245
0.8430000 -18.9059429
0.8440000 -3.3001692
0.8450000 63.1518402
0.8460000 44.6451607
0.8470000 -63.9485016
0.8480000 -33.9336052
0.8490000 3.9334605
0.8500000 -2.6726503
0.8510000 45.8107719
0.8520000 83.1897278
0.8530000 8.3508081
0.8540000 12.7347422
0.8550000 -2.3448548
0.8560000 -33.5726776
0.8570000 -6.3574572
0.8580000 -25.4230995
0.8590000 -14.1540661
0.8600000 -52.6772614
0.8610000 -17.7284184
0.8620000 77.2663651
0.8630000 -5.8301859
0.8640000 29.9274960
0.8650000 77.1608429
0.8660000 -12.1817455
0.8670000 19.3457985
0.8680000 30.7624130
0.8690000 -56.1388855
0.8700000 -75.1050491
0.8710000 -23.3908463
0.8720000 -9.8189259
0.8730000 -26.0234413
0.8740000 -18.6140442
0.8750000 7.0569863
0.8760000 101.7422562
0.8770000 -8.4826126
0.8780000 12.2525387
0.8790000 -33.5855408
0.8800000 -17.8960648
0.8810000 72.7316818
0.8820000 -2.0426383
0.8830000 2.1517253
0.8840000 -40.9631538
0.8850000 -10.8673639
0.8860000 23.8487015
0.8870000 23.3428497
0.8880000 -26.5364227
0.8890000 -2.5870712
0.8900000 -29.9243488
0.8910000 -16.6162796
0.8920000 -26.0301476
0.8930000 7.5029578
0.8940000 -55.8095169
0.8950000 8.8291330
0.8960000 27.4392948
0.8970000 15.6218548
0.8980000 -34.7250175
0.8990000 -24.3936138
0.9000000 37.8409309
0.9010000 13.7261553
0.9020000 -1.2681757
0.9030000 -9.0622778
0.9040000 -2.3816209
0.9050000 10.7396269
0.9060000 -65.0241776
0.9070000 -54.1524696
0.9080000 30.2605343
0.9090000 -0.3462578
0.9100000 9.2419453
0.9110000 27.1592541
0.9120000 -49.8324432
0.9130000 35.8501282
0.9140000 19.7276382
0.9150000 -42.0647621
0.9160000 -7.4587483
0.9170000 46.5210342
0.9180000 -32.8973618
0.9190000 -13.7667713
0.9200000 -4.6956053
0.9210000 -34.8823662
0.9220000 -20.2890949
0.9230000 -96.5838013
0.9240000 43.0136909
0.9250000 -14.4410286
0.9260000 -0.1075521
0.9270000 -55.0989914
0.9280000 0.0077411
0.9290000 -37.2951469
0.9300000 12.5371227
0.9310000 66.7923431
0.9320000 41.2717819
0.9330000 -36.6389771
0.9340000 -23.6671104
0.9350000 11.5780573
0.9360000 -42.6320038
0.9370000 30.2371159
0.9380000 20.7844315
0.9390000 -58.1349449
0.9400000 48.6819077
0.9410000 -21.6303959
0.9420000 -8.6171265
0.9430000 2.1613562
0.9440000 -21.9325542
0.9450000 57.2451172
0.9460000 11.7221050
0.9470000 -22.7974796
0.9480000 -37.6875191
0.9490000 1.2401048
0.9500000 -2.3459322
0.9510000 -16.3350945
0.9520000 7.0185084
0.9530000 5.3693342
0.9540000 -9.7030468
0.9550000 35.0200768
0.9560000 32.9214706
0.9570000 33.0725250
0.9580000 -3.4240530
0.9590000 -6.5764794
0.9600000 -54.8413773
0.9610000 29.1388416
0.9620000 -37.1700554
0.9630000 15.9108629
0.9640000 20.4521179
0.9650000 -2.4276390
0.9660000 5.5418735
0.9670000 35.9182091
0.9680000 12.6349220
0.9690000 -47.3666725
0.9700000 6.0949287
0.9710000 15.1584225
0.9720000 -3.6303377
0.9730000 37.8984795
0.9740000 8.2141714
0.9750000 -30.3145027
0.9760000 23.9043636
0.9770000 100.3170929
0.9780000 68.3628769
0.9790000 54.2962418
0.9800000 -30.7667980
0.9810000 -83.7666855
0.9820000 -42.8643761
0.9830000 -46.3447266
0.9840000 38.9913406
0.9850000 34.6560593
0.9860000 -15.9668074
0.9870000 35.3594017
0.9880000 -10.7029104
0.9890000 -29.0685940
0.9900000 -23.6736431
0.9910000 85.5728378
0.9920000 7.0546646
0.9930000 45.5029335
0.9940000 14.9835758
0.9950000 4.6386700
0.9960000 15.4795485
0.9970000 11.9235477
0.9980000 54.1785774
0.9990000 32.1687164
