0.0000000 -33.9126091
0.0010000 13.2570305
0.0020000 1.6695402
0.0030000 -12.5066252
0.0040000 -4.7811260
0.0050000 -12.2195044
0.0060000 -29.9494553
0.0070000 53.8504333
0.0080000 -8.2298784
0.0090000 69.3173294
0.0100000 29.8084793
0.0110000 10.0811052
0.0120000 18.8638477
0.0130000 -57.8415794
0.0140000 -76.3306122
0.0150000 30.1862755
0.0160000 39.3214951
0.0170000 17.6399899
0.0180000 -41.7789497
0.0190000 -29.0692196
0.0200000 25.2152996
0.0210000 -6.1707344
0.0220000 -14.7634249
0.0230000 4.1645746
0.0240000 -22.2799397
0.0250000 27.1282139
0.0260000 35.1608696
0.0270000 23.8794060
0.0280000 37.9028015
0.0290000 -26.5845871
0.0300000 31.7692242
0.0310000 31.6964016
0.0320000 47.4079399
0.0330000 -27.9751034
0.0340000 -23.0883923
0.0350000 2.2164488
0.0360000 -32.6781883
0.0370000 5.1461620
0.0380000 -49.9755287
0.0390000 26.5830498
0.0400000 76.4522858
0.0410000 31.9137611
0.0420000 27.7787590
0.0430000 49.4682236
0.0440000 -0.9166784
0.0450000 -45.5801773
0.0460000 -2.7683694
0.0470000 -45.6906052
0.0480000 3.2106550
0.0490000 19.6936436
0.0500000 -7.3532472
0.0510000 20.3994713
0.0520000 21.3967514
0.0530000 -41.5274773
0.0540000 13.6415930
0.0550000 4.7165627
0.0560000 -12.7090559
0.0570000 -84.3129959
0.0580000 -14.4881792
0.0590000 20.8223362
0.0600000 -3.4954100
0.0610000 13.1430502
0.0620000 -57.8183327
0.0630000 30.0831757
0.0640000 -30.8765659
0.0650000 13.7740440
0.0660000 52.3264198
0.0670000 -33.8056602
0.0680000 37.0569649
0.0690000 51.6119270
0.0700000 -29.4069519
0.0710000 70.3291626
0.0720000 40.7086105
0.0730000 -5.7565322
0.0740000 -41.2186317
0.0750000 13.0771446
0.0760000 -24.7514629
0.0770000 31.2784004
0.0780000 22.2343578
0.0790000 -28.3371410
0.0800000 -1.3163135
0.0810000 95.9302368
0.0820000 -11.4303493
0.0830000 86.1108704
0.0840000 64.8609467
0.0850000 26.6685658
0.0860000 -18.1692238
0.0870000 16.5242157
0.0880000 107.6956482
0.0890000 -60.2314987
0.0900000 -14.0192976
0.0910000 24.2122421
0.0920000 -12.2413397
0.0930000 -15.3015566
0.0940000 -58.4603310
0.0950000 -31.4570484
0.0960000 -28.5309181
0.0970000 -15.3965664
0.0980000 9.6217031
0.0990000 29.9042683
0.1000000 38.6015472
0.1010000 -0.1833184
0.1020000 -11.8020267
0.1030000 -53.5387344
0.1040000 37.4700890
0.1050000 -32.4427071
0.1060000 -97.5394440
0.1070000 -61.5247078
0.1080000 6.0331249
0.1090000 10.3789129
0.1100000 -4.3961387
0.1110000 46.4077988
0.1120000 28.0417423
0.1130000 5.8057928
0.1140000 -39.5308380
0.1150000 69.3033981
0.1160000 26.6674976
0.1170000 58.7773018
0.1180000 -30.1853046
0.1190000 -13.1880474
0.1200000 52.9772987
0.1210000 -7.9209723
0.1220000 -15.8682680
0.1230000 23.1092205
0.1240000 2.0668159
0.1250000 -47.4404182
0.1260000 4.5797715
0.1270000 64.8995285
0.1280000 -1.1868950
0.1290000 -31.7182941
0.1300000 23.9428997
0.1310000 40.0290260
0.1320000 -31.8070087
0.1330000 2.6199808
0.1340000 -50.9390755
0.1350000 -12.4537296
0.1360000 -63.9383316
0.1370000 7.0054626
0.1380000 2.1367285
0.1390000 -0.6087955
0.1400000 14.9006405
0.1410000 11.1885710
0.1420000 11.7507687
0.1430000 66.2231216
0.1440000 -18.6646214
0.1450000 39.4096451
0.1460000 -54.5222931
0.1470000 -12.3134632
0.1480000 21.6190052
0.1490000 -47.5121307
0.1500000 -17.6453438
0.1510000 -42.7558594
0.1520000 -26.0205688
0.1530000 -46.1132126
0.1540000 51.1055756
0.1550000 39.8472977
0.1560000 -44.7288704
0.1570000 -17.7355461
0.1580000 -13.6501102
0.1590000 2.2732613
0.1600000 1.0823865
0.1610000 -2.8274801
0.1620000 -44.7560616
0.1630000 -27.5069675
0.1640000 18.5055199
0.1650000 33.0977974
0.1660000 -4.8863711
0.1670000 -9.7548666
0.1680000 79.1408997
0.1690000 -64.9803772
0.1700000 -25.2523937
0.1710000 22.4469109
0.1720000 20.0645428
0.1730000 -34.2983322
0.1740000 44.5947342
0.1750000 -16.9498501
0.1760000 -3.4066422
0.1770000 -3.6693485
0.1780000 9.6773605
0.1790000 -11.6522818
0.1800000 9.6060886
0.1810000 -43.4062958
0.1820000 38.3405724
0.1830000 -4.3806648
0.1840000 19.5007305
0.1850000 16.9799805
0.1860000 26.0279465
0.1870000 -48.6314735
0.1880000 -50.1180573
0.1890000 -3.8275874
0.1900000 17.5770092
0.1910000 -12.9129095
0.1920000 0.5400493
0.1930000 94.6078415
0.1940000 -10.8864050
0.1950000 8.1545439
0.1960000 -77.7512894
0.1970000 -15.9818506
0.1980000 -32.2782822
0.1990000 21.2523422
0.2000000 7.9901481
0.2010000 -2.2421539
0.2020000 3.8843443
0.2030000 -48.0367546
0.2040000 6.3672280
0.2050000 17.9677238
0.2060000 -53.0321770
0.2070000 -10.7181578
0.2080000 -6.2886920
0.2090000 -3.3494689
0.2100000 -66.7023849
0.2110000 -6.9054956
0.2120000 19.9699631
0.2130000 -61.9699783
0.2140000 -17.8782215
0.2150000 20.9114342
0.2160000 11.5953465
0.2170000 20.8516388
0.2180000 28.4716148
0.2190000 -24.5887661
0.2200000 -43.8813171
0.2210000 -1.4131967
0.2220000 -26.1058006
0.2230000 -3.9177613
0.2240000 -13.9754744
0.2250000 -33.7660141
0.2260000 -35.0856667
0.2270000 -6.3088894
0.2280000 16.2435284
0.2290000 -15.9155989
0.2300000 -0.0194804
0.2310000 3.0242147
0.2320000 -25.0368347
0.2330000 -15.1419401
0.2340000 -50.6105881
0.2350000 -13.0779572
0.2360000 26.2380447
0.2370000 54.2198868
0.2380000 -63.6598511
0.2390000 -86.9246445
0.2400000 47.7651787
0.2410000 35.8636246
0.2420000 35.5963478
0.2430000 45.1979752
0.2440000 -12.8335505
0.2450000 -32.8865623
0.2460000 -0.8646269
0.2470000 26.5567265
0.2480000 9.4614191
0.2490000 -59.8766899
0.2500000 -15.9117785
0.2510000 52.8224792
0.2520000 -1.6376634
0.2530000 24.7500992
0.2540000 -23.8877068
0.2550000 -14.1741066
0.2560000 -7.5861325
0.2570000 -0.2505179
0.2580000 45.5594711
0.2590000 -53.3553543
0.2600000 -20.9405022
0.2610000 -13.7371693
0.2620000 2.0475760
0.2630000 28.0364532
0.2640000 33.8196411
0.2650000 8.8357153
0.2660000 27.5720654
0.2670000 30.4581757
0.2680000 -16.4856110
0.2690000 -5.5540719
0.2700000 -50.1426277
0.2710000 -64.3899841
0.2720000 -33.7407265
0.2730000 0.0952499
0.2740000 -37.6369858
0.2750000 85.7934723
0.2760000 28.8013783
0.2770000 12.3063822
0.2780000 14.4393129
0.2790000 6.1869054
0.2800000 -92.6483002
0.2810000 -39.0464554
0.2820000 13.8794870
0.2830000 18.2911015
0.2840000 -10.9392624
0.2850000 112.4410782
0.2860000 -2.8711908
0.2870000 13.1227551
0.2880000 -2.2320492
0.2890000 -27.5986118
0.2900000 22.6415920
0.2910000 -12.2485056
0.2920000 21.8965816
0.2930000 -25.8973446
0.2940000 55.6175804
0.2950000 -15.8774261
0.2960000 21.9882088
0.2970000 5.7911148
0.2980000 -11.5316944
0.2990000 -30.8379002
0.3000000 -5.4534988
0.3010000 35.4790688
0.3020000 14.1980419
0.3030000 -8.7887554
0.3040000 -38.2804794
0.3050000 -36.8362885
0.3060000 -26.8836460
0.3070000 51.0417366
0.3080000 -19.5683174
0.3090000 -42.6322289
0.3100000 -33.6134300
0.3110000 20.6920624
0.3120000 -20.6972351
0.3130000 29.1411037
0.3140000 38.3396721
0.3150000 -37.0771217
0.3160000 31.9523964
0.3170000 8.1187887
0.3180000 -2.6572962
0.3190000 55.3652382
0.3200000 -16.9472332
0.3210000 -36.7010460
0.3220000 9.9149799
0.3230000 -10.9783087
0.3240000 -17.6437664
0.3250000 11.7150488
0.3260000 -128.0625763
0.3270000 -19.5099030
0.3280000 4.5662317
0.3290000 8.0283079
0.3300000 29.5520210
0.3310000 4.7026005
0.3320000 -12.9665995
0.3330000 0.3630762
0.3340000 14.3241720
0.3350000 39.9653511
0.3360000 -62.5269547
0.3370000 2.7616727
0.3380000 64.2005463
0.3390000 -42.3690758
0.3400000 -50.6048050
0.3410000 -19.7624454
0.3420000 13.9150839
0.3430000 -17.1296597
0.3440000 10.1407080
0.3450000 41.7163696
0.3460000 57.0450516
0.3470000 -78.8838272
0.3480000 20.3648758
0.3490000 38.5097656
0.3500000 -8.5476904
0.3510000 -66.7401352
0.3520000 21.1131668
0.3530000 8.0123997
0.3540000 13.4364367
0.3550000 -33.8605843
0.3560000 -20.6302128
0.3570000 -23.4378796
0.3580000 -11.0807943
0.3590000 -28.5455933
0.3600000 -60.8605347
0.3610000 35.5024071
0.3620000 101.8429337
0.3630000 -31.5223866
0.3640000 6.8363385
0.3650000 -9.1064863
0.3660000 -44.3821716
0.3670000 -33.9884071
0.3680000 -11.1075144
0.3690000 -28.0101967
0.3700000 73.8115311
0.3710000 31.2577858
0.3720000 -58.2575226
0.3730000 -43.4597130
0.3740000 23.9348888
0.3750000 58.9941826
0.3760000 -11.4985094
0.3770000 -19.7563782
0.3780000 -24.4933014
0.3790000 9.9146338
0.3800000 32.3638802
0.3810000 -24.6808109
0.3820000 -20.2626247
0.3830000 40.6073647
0.3840000 24.3194313
0.3850000 35.2116356
0.3860000 -51.7755394
0.3870000 -18.8006516
0.3880000 -2.8346727
0.3890000 -3.0696959
0.3900000 -19.5644684
0.3910000 -16.1640167
0.3920000 5.4347901
0.3930000 8.3327398
0.3940000 62.4970016
0.3950000 -14.9749651
0.3960000 -46.7160988
0.3970000 64.3020859
0.3980000 79.0942078
0.3990000 14.1647930
0.4000000 47.0220642
0.4010000 12.8618240
0.4020000 -20.7871628
0.4030000 6.0090489
0.4040000 -37.0217514
0.4050000 -20.3072701
0.4060000 -16.2629681
0.4070000 -23.1688976
0.4080000 -10.5581818
0.4090000 17.4963970
0.4100000 -16.7726727
0.4110000 -61.6601715
0.4120000 71.4806747
0.4130000 -35.7499046
0.4140000 34.6004448
0.4150000 -58.5362244
0.4160000 22.7006588
0.4170000 -64.0255737
0.4180000 29.9660511
0.4190000 -13.3147840
0.4200000 14.8670282
0.4210000 -48.0263977
0.4220000 15.7950335
0.4230000 5.7338219
0.4240000 -25.0228996
0.4250000 -10.4543018
0.4260000 88.2705612
0.4270000 -95.9410324
0.4280000 10.2360249
0.4290000 -37.6325111
0.4300000 -6.8156204
0.4310000 -72.2108002
0.4320000 69.9126892
0.4330000 17.6913300
0.4340000 -56.7060776
0.4350000 -30.0814953
0.4360000 87.7149887
0.4370000 33.1361313
0.4380000 57.5524063
0.4390000 -0.6284454
0.4400000 -72.8579865
0.4410000 22.9542408
0.4420000 41.1934738
0.4430000 7.9355183
0.4440000 -26.6456547
0.4450000 10.1487083
0.4460000 -5.6490173
0.4470000 10.0909624
0.4480000 38.1757507
0.4490000 14.7110376
0.4500000 -69.3275375
0.4510000 7.4246540
0.4520000 76.9604950
0.4530000 5.5959682
0.4540000 -2.2168870
0.4550000 -54.2828712
0.4560000 -17.1465874
0.4570000 50.5298920
0.4580000 24.4184723
0.4590000 38.8328056
0.4600000 -5.3735271
0.4610000 0.7631842
0.4620000 -24.5879002
0.4630000 29.2894630
0.4640000 -4.8401814
0.4650000 11.5552416
0.4660000 35.5529480
0.4670000 -30.2691612
0.4680000 -9.1336050
0.4690000 -42.4898872
0.4700000 -19.9740524
0.4710000 7.8308291
0.4720000 -9.0303841
0.4730000 71.1189041
0.4740000 -33.2543488
0.4750000 -50.7063255
0.4760000 22.1304436
0.4770000 60.6577950
0.4780000 47.9598274
0.4790000 12.6447382
0.4800000 11.9286461
0.4810000 -39.0126266
0.4820000 60.7874680
0.4830000 11.8101311
0.4840000 6.9233470
0.4850000 -9.2548285
0.4860000 -4.2829728
0.4870000 -32.3342438
0.4880000 -24.8402424
0.4890000 18.6369724
0.4900000 -69.0114670
0.4910000 -16.3823700
0.4920000 -16.5112629
0.4930000 12.3588943
0.4940000 9.8021688
0.4950000 -21.4454117
0.4960000 -48.7400284
0.4970000 19.0595703
0.4980000 -42.6557388
0.4990000 10.5613823
0.5000000 -39.7720070
0.5010000 -16.6531258
0.5020000 -14.1886044
0.5030000 36.1356544
0.5040000 -39.6330528
0.5050000 50.8832741
0.5060000 33.0212326
0.5070000 47.0332413
0.5080000 80.4530182
0.5090000 -15.9736090
0.5100000 22.0792217
0.5110000 -14.0361843
0.5120000 9.2994871
0.5130000 14.7739449
0.5140000 -1.0178622
0.5150000 -64.9006119
0.5160000 51.9224014
0.5170000 -22.5380783
0.5180000 4.5148783
0.5190000 -0.9567432
0.5200000 7.3110352
0.5210000 52.1922455
0.5220000 1.3308077
0.5230000 -12.2671137
0.5240000 10.2044964
0.5250000 77.5810394
0.5260000 -14.3083448
0.5270000 13.9536724
0.5280000 -22.1251392
0.5290000 -42.9608421
0.5300000 55.2345886
0.5310000 35.3967018
0.5320000 6.3786192
0.5330000 -11.8447847
0.5340000 -12.2079649
0.5350000 22.6530933
0.5360000 -29.3045177
0.5370000 -31.7357922
0.5380000 -0.9881538
0.5390000 31.6702213
0.5400000 55.6669769
0.5410000 42.3036079
0.5420000 37.0055695
0.5430000 35.7975006
0.5440000 -16.2257175
0.5450000 -34.5017204
0.5460000 7.2297859
0.5470000 8.8552380
0.5480000 15.1503325
0.5490000 6.1027794
0.5500000 34.3885727
0.5510000 -41.5920296
0.5520000 18.4059372
0.5530000 -22.2218895
0.5540000 23.3642883
0.5550000 -50.5203285
0.5560000 44.9953499
0.5570000 48.0127831
0.5580000 23.7197666
0.5590000 -30.1060600
0.5600000 50.0541115
0.5610000 29.9037991
0.5620000 1.7042066
0.5630000 -21.7816467
0.5640000 22.1890354
0.5650000 -4.2662053
0.5660000 -18.4748039
0.5670000 -15.2706423
0.5680000 43.0010452
0.5690000 -52.8270226
0.5700000 -3.0910096
0.5710000 30.5827484
0.5720000 42.8008499
0.5730000 -60.6360054
0.5740000 6.3370094
0.5750000 46.9787216
0.5760000 -0.0481812
0.5770000 61.0171928
0.5780000 76.0210037
0.5790000 14.4830666
0.5800000 52.1358948
0.5810000 -15.0585098
0.5820000 52.5775261
0.5830000 46.4704475
0.5840000 9.7260704
0.5850000 -76.8326263
0.5860000 20.3029156
0.5870000 -42.2848587
0.5880000 12.3468409
0.5890000 5.5568714
0.5900000 5.5892501
0.5910000 -8.5070038
0.5920000 0.6890948
0.5930000 -6.2682209
0.5940000 -44.1605873
0.5950000 -28.4062042
0.5960000 -50.3428040
0.5970000 41.5903816
0.5980000 29.7390041
0.5990000 11.6357718
0.6000000 -20.9572697
0.6010000 -4.7851944
0.6020000 22.2605381
0.6030000 49.1905975
0.6040000 -17.8362064
0.6050000 -50.6972923
0.6060000 -28.8839798
0.6070000 20.6700649
0.6080000 19.9627075
0.6090000 97.0268402
0.6100000 9.5293579
0.6110000 -67.6850433
0.6120000 3.0586152
0.6130000 39.6711769
0.6140000 -95.6788940
0.6150000 33.1493568
0.6160000 47.8104897
0.6170000 -24.6923008
0.6180000 -8.3223629
0.6190000 -48.8032341
0.6200000 -42.9518547
0.6210000 5.7382674
0.6220000 14.9334812
0.6230000 -6.8572063
0.6240000 28.1961136
0.6250000 35.8555756
0.6260000 -28.1181240
0.6270000 31.3271217
0.6280000 8.6806078
0.6290000 30.1708450
0.6300000 7.4054313
0.6310000 19.7950497
0.6320000 5.8103356
0.6330000 -62.2225914
0.6340000 16.7159138
0.6350000 11.6131611
0.6360000 4.7719116
0.6370000 -53.6518135
0.6380000 0.9729138
0.6390000 71.6356049
0.6400000 5.3871808
0.6410000 25.1933937
0.6420000 13.8100834
0.6430000 73.1831436
0.6440000 1.8280817
0.6450000 40.0700531
0.6460000 -24.4555283
0.6470000 -4.0754585
0.6480000 13.6252861
0.6490000 1.0423205
0.6500000 2.5003469
0.6510000 -48.3385201
0.6520000 3.3300219
0.6530000 -72.4206314
0.6540000 47.2724113
0.6550000 33.3555069
0.6560000 7.8920884
0.6570000 34.6567459
0.6580000 6.6046128
0.6590000 3.5283954
0.6600000 -10.4613895
0.6610000 22.1870384
0.6620000 -46.3979874
0.6630000 -0.7315158
0.6640000 -3.9763136
0.6650000 -16.2832603
0.6660000 21.8107281
0.6670000 90.3883209
0.6680000 -12.0136681
0.6690000 -38.2982483
0.6700000 42.3900223
0.6710000 12.7828264
0.6720000 13.5388670
0.6730000 45.0814781
0.6740000 -23.2405529
0.6750000 40.5057945
0.6760000 -1.2584748
0.6770000 22.6276894
0.6780000 -13.9157190
0.6790000 22.7021027
0.6800000 25.4093437
0.6810000 4.1686277
0.6820000 -0.7467020
0.6830000 24.4628086
0.6840000 -30.8376751
0.6850000 40.7113991
0.6860000 31.6565590
0.6870000 -63.3429489
0.6880000 18.0535450
0.6890000 51.0395164
0.6900000 -31.4585495
0.6910000 -85.7775650
0.6920000 61.8607712
0.6930000 -4.3043895
0.6940000 -49.4833107
0.6950000 -33.5862541
0.6960000 -50.5101013
0.6970000 -0.1249918
0.6980000 -26.9651737
0.6990000 12.1688881
0.7000000 -84.4103241
0.7010000 28.4232197
0.7020000 21.3724613
0.7030000 15.2841454
0.7040000 -28.4377689
0.7050000 40.8518143
0.7060000 -45.1483574
0.7070000 38.7466125
0.7080000 39.5206146
0.7090000 57.2164040
0.7100000 10.6310749
0.7110000 26.4121590
0.7120000 42.1343307
0.7130000 -45.6268883
0.7140000 -8.8634262
0.7150000 -14.9138079
0.7160000 34.6443825
0.7170000 -30.8987484
0.7180000 24.6819096
0.7190000 -13.1659126
0.7200000 -25.4174557
0.7210000 -10.5915470
0.7220000 21.0745411
0.7230000 37.6691322
0.7240000 -34.6903801
0.7250000 -1.5750020
0.7260000 -2.0446277
0.7270000 40.8760223
0.7280000 -20.4843884
0.7290000 -32.8887215
0.7300000 -52.2641106
0.7310000 10.9890251
0.7320000 -35.7883263
0.7330000 -37.5705910
0.7340000 -22.8433247
0.7350000 37.2900467
0.7360000 -25.6039410
0.7370000 1.2898470
0.7380000 33.6647186
0.7390000 -2.2721283
0.7400000 -11.7920752
0.7410000 -7.1887493
0.7420000 52.3269348
0.7430000 -62.3098068
0.7440000 20.9804497
0.7450000 24.7333279
0.7460000 -13.5352201
0.7470000 8.9963970
0.7480000 52.2706642
0.7490000 18.5435276
0.7500000 -13.3111305
0.7510000 -8.9239588
0.7520000 -37.9638443
0.7530000 -33.9400368
0.7540000 -27.2337990
0.7550000 26.8664932
0.7560000 -57.7222900
0.7570000 -12.5371571
0.7580000 39.7688484
0.7590000 -11.2882147
0.7600000 46.5230980
0.7610000 17.9692230
0.7620000 -34.4199448
0.7630000 -13.0135927
0.7640000 -47.3869667
0.7650000 -12.5431719
0.7660000 7.8086948
0.7670000 24.9849720
0.7680000 -43.7596550
0.7690000 37.9699936
0.7700000 -1.6954023
0.7710000 55.3286972
0.7720000 -52.7327805
0.7730000 35.9339676
0.7740000 -73.5278015
0.7750000 27.7801647
0.7760000 -36.5447121
0.7770000 -37.6590424
0.7780000 -27.3084812
0.7790000 -37.8775711
0.7800000 3.1278999
0.7810000 9.0553484
0.7820000 53.9199791
0.7830000 48.1812859
0.7840000 -20.9826164
0.7850000 -19.1077881
0.7860000 25.5803738
0.7870000 -15.1733475
0.7880000 24.2127266
0.7890000 -7.2979312
0.7900000 24.5977325
0.7910000 11.6907024
0.7920000 -37.9616013
0.7930000 -42.7363205
0.7940000 28.1456337
0.7950000 37.1755104
0.7960000 24.5495815
0.7970000 2.5572727
0.7980000 -48.5696335
0.7990000 22.5177288
0.8000000 -0.8440992
0.8010000 -6.4226222
0.8020000 -0.7730467
0.8030000 -43.0833702
0.8040000 10.5957708
0.8050000 -12.4908257
0.8060000 83.8783875
0.8070000 2.8134141
0.8080000 -38.0988770
0.8090000 13.4002295
0.8100000 29.5619469
0.8110000 0.9476102
0.8120000 -2.5177846
0.8130000 26.0531502
0.8140000 7.3121071
0.8150000 65.3728867
0.8160000 61.8445053
0.8170000 38.0000954
0.8180000 -47.1604118
0.8190000 -22.6019230
0.8200000 11.2551527
0.8210000 -34.9654808
0.8220000 14.1327953
0.8230000 -38.3891144
0.8240000 -7.7445130
0.8250000 -7.8331203
0.8260000 -12.4133234
0.8270000 -6.3400383
0.8280000 -47.9870720
0.8290000 -2.2118528
0.8300000 -25.9062138
0.8310000 -39.6730614
0.8320000 -28.7904053
0.8330000 -4.1119967
0.8340000 -43.1229210
0.8350000 31.9222412
0.8360000 -34.8252792
0.8370000 14.4781532
0.8380000 31.0777073
0.8390000 41.5465431
0.8400000 61.1856117
0.8410000 -64.5721817
0.8420000 -20.9496784
0.8430000 30.9044476
0.8440000 12.9285192
0.8450000 13.5012789
0.8460000 59.8249359
0.8470000 23.9140434
0.8480000 -32.2981033
0.8490000 -3.2296896
0.8500000 89.3606949
0.8510000 14.4096441
0.8520000 -58.1578102
0.8530000 35.1421280
0.8540000 2.0395622
0.8550000 5.3348150
0.8560000 -51.4882660
0.8570000 -13.2874460
0.8580000 32.3350067
0.8590000 4.0193100
0.8600000 -36.9546509
0.8610000 -13.2516317
0.8620000 -2.1938615
0.8630000 -46.0803528
0.8640000 32.6002922
0.8650000 45.0486679
0.8660000 5.3716855
0.8670000 -52.1540451
0.8680000 -37.6508636
0.8690000 -51.7905197
0.8700000 19.9723282
0.8710000 -0.6242955
0.8720000 10.7100286
0.8730000 21.9501305
0.8740000 -61.2339134
0.8750000 18.3698978
0.8760000 50.4707794
0.8770000 14.0953264
0.8780000 -47.9319992
0.8790000 -43.9647179
0.8800000 21.2143440
0.8810000 31.4539413
0.8820000 -12.5371952
0.8830000 5.8619113
0.8840000 14.5644522
0.8850000 80.7673798
0.8860000 23.2466393
0.8870000 -22.1092548
0.8880000 15.2365732
0.8890000 10.1617565
0.8900000 -7.3989453
0.8910000 22.1455784
0.8920000 -12.0049257
0.8930000 38.7059174
0.8940000 -4.8461928
0.8950000 7.6880178
0.8960000 -11.4033060
0.8970000 9.5699091
0.8980000 -25.5990334
0.8990000 1.2674991
0.9000000 -23.0333900
0.9010000 39.3064270
0.9020000 -34.5239563
0.9030000 0.2641499
0.9040000 -7.2095294
0.9050000 6.6650414
0.9060000 -24.2279549
0.9070000 -47.8370705
0.9080000 -2.5189393
0.9090000 -8.4119997
0.9100000 -36.6944275
0.9110000 51.2122498
0.9120000 47.9485092
0.9130000 -36.8793068
0.9140000 -0.5535374
0.9150000 -12.2931995
0.9160000 86.4378052
0.9170000 -15.5530968
0.9180000 4.3249049
0.9190000 -18.8097687
0.9200000 10.8111553
0.9210000 26.4054337
0.9220000 -28.7855816
0.9230000 18.1175861
0.9240000 -4.7265949
0.9250000 28.3673096
0.9260000 -5.8965650
0.9270000 -29.1784992
0.9280000 -5.9100451
0.9290000 58.3496590
0.9300000 13.5604668
0.9310000 -49.8206749
0.9320000 -24.2956581
0.9330000 43.8516159
0.9340000 24.6440239
0.9350000 38.3369331
0.9360000 -75.6378708
0.9370000 -24.4016228
0.9380000 3.2775071
0.9390000 -16.0179367
0.9400000 -9.7032986
0.9410000 -37.7105331
0.9420000 10.0731220
0.9430000 -17.9290237
0.9440000 22.5297871
0.9450000 1.3958791
0.9460000 -25.3251209
0.9470000 -12.0174913
0.9480000 9.6020346
0.9490000 -94.7991791
0.9500000 -14.8011417
0.9510000 -49.5259552
0.9520000 2.9910371
0.9530000 6.3442960
0.9540000 53.8863068
0.9550000 -14.3188963
0.9560000 16.3719540
0.9570000 23.2271576
0.9580000 17.2226410
0.9590000 87.9424362
0.9600000 -35.5620155
0.9610000 26.4071255
0.9620000 56.3242264
0.9630000 -34.2334824
0.9640000 47.8783646
0.9650000 21.7000542
0.9660000 -34.5146141
0.9670000 -4.9766774
0.9680000 31.1491852
0.9690000 9.3943110
0.9700000 -44.1654549
0.9710000 24.7041492
0.9720000 -32.0897331
0.9730000 -18.5558777
0.9740000 -10.5014172
0.9750000 17.3340225
0.9760000 -6.4014072
0.9770000 28.8307285
0.9780000 6.5156431
0.9790000 -12.5522804
0.9800000 79.4070358
0.9810000 20.0141335
0.9820000 3.7956672
0.9830000 26.2663059
0.9840000 -36.7183418
0.9850000 4.6441345
0.9860000 -18.1650562
0.9870000 -30.3085880
0.9880000 45.7890778
0.9890000 -65.9280014
0.9900000 41.9763603
0.9910000 -50.8328018
0.9920000 -16.4289818
0.9930000 18.2808762
0.9940000 21.7286148
0.9950000 -32.5540237
0.9960000 -39.9838219
0.9970000 10.3023148
0.9980000 36.1260300
0.9990000 -92.3240128
