0.0000000 49.2932091
0.0010000 -19.2617435
0.0020000 -34.0678368
0.0030000 15.0186977
0.0040000 28.0479755
0.0050000 -20.5460796
0.0060000 31.4690437
0.0070000 3.7832682
0.0080000 7.4359260
0.0090000 -15.5394573
0.0100000 2.3919210
0.0110000 36.7525749
0.0120000 4.1319032
0.0130000 -14.6889877
0.0140000 -47.8294640
0.0150000 -61.5865860
0.0160000 71.9081726
0.0170000 -47.7075386
0.0180000 -25.8691578
0.0190000 -15.9991159
0.0200000 3.4760439
0.0210000 -33.0633507
0.0220000 -8.7981367
0.0230000 -3.1874990
0.0240000 28.0893631
0.0250000 -8.0949631
0.0260000 -35.9647369
0.0270000 37.0115128
0.0280000 6.8446093
0.0290000 -43.1452599
0.0300000 -34.2582016
0.0310000 19.7241726
0.0320000 55.8158264
0.0330000 -55.4854317
0.0340000 45.1962624
0.0350000 -29.8646870
0.0360000 3.5720308
0.0370000 -41.7175560
0.0380000 64.9789276
0.0390000 20.8981419
0.0400000 -29.4851341
0.0410000 -27.4409962
0.0420000 45.6136017
0.0430000 12.3871651
0.0440000 -12.8217163
0.0450000 -31.9810886
0.0460000 9.8375568
0.0470000 -28.2245007
0.0480000 -17.2047386
0.0490000 88.9592896
0.0500000 -22.1457005
0.0510000 -12.7711000
0.0520000 56.2709389
0.0530000 35.4508629
0.0540000 -35.0694962
0.0550000 55.9578667
0.0560000 11.9159632
0.0570000 -37.8133316
0.0580000 -6.5603313
0.0590000 51.1512184
0.0600000 11.4466190
0.0610000 -6.1720386
0.0620000 -54.8902130
0.0630000 -11.0947399
0.0640000 3.7568746
0.0650000 63.1720238
0.0660000 42.5458603
0.0670000 6.0136032
0.0680000 48.8130760
0.0690000 19.7922802
0.0700000 -37.1255264
0.0710000 -66.0155563
0.0720000 -72.9259338
0.0730000 -11.0997353
0.0740000 47.2090149
0.0750000 55.4170380
0.0760000 23.8006287
0.0770000 3.2505720
0.0780000 -19.2131901
0.0790000 28.9824562
0.0800000 -34.1569366
0.0810000 -9.1311092
0.0820000 42.2562561
0.0830000 27.6405125
0.0840000 -6.9852452
0.0850000 -22.6648560
0.0860000 27.3716450
0.0870000 70.4979019
0.0880000 101.4602966
0.0890000 -61.7843437
0.0900000 27.6448765
0.0910000 -11.7225628
0.0920000 -40.1372986
0.0930000 37.9949188
0.0940000 -8.6317883
0.0950000 44.2992897
0.0960000 -10.3442392
0.0970000 -41.4472389
0.0980000 15.5912180
0.0990000 -55.6806831
0.1000000 43.3468323
0.1010000 -28.3339005
0.1020000 12.9683399
0.1030000 71.8547516
0.1040000 -40.6328163
0.1050000 -2.1098766
0.1060000 32.6768456
0.1070000 11.2323542
0.1080000 -16.0556164
0.1090000 26.4754620
0.1100000 67.2440796
0.1110000 -23.6633739
0.1120000 36.3533745
0.1130000 3.8025939
0.1140000 30.0874844
0.1150000 -30.7724915
0.1160000 -21.9613781
0.1170000 16.3827591
0.1180000 40.4330597
0.1190000 -2.6197255
0.1200000 -3.6651409
0.1210000 34.2202644
0.1220000 -42.3711395
0.1230000 -7.9319921
0.1240000 38.2612267
0.1250000 54.5169373
0.1260000 32.4942398
0.1270000 52.2087440
0.1280000 22.0378551
0.1290000 57.7910957
0.1300000 62.1362686
0.1310000 9.4509611
0.1320000 -72.2863998
0.1330000 -10.1265736
0.1340000 11.2937927
0.1350000 30.4749451
0.1360000 27.7415886
0.1370000 38.0198784
0.1380000 10.6733723
0.1390000 -16.9343166
0.1400000 -0.7537410
0.1410000 34.2197876
0.1420000 -14.1550150
0.1430000 0.8348364
0.1440000 -38.7771454
0.1450000 -59.8137207
0.1460000 -37.9765091
0.1470000 -25.1084137
0.1480000 -20.9398384
0.1490000 26.8816910
0.1500000 8.2067385
0.1510000 -3.4424596
0.1520000 -37.7312431
0.1530000 10.8925591
0.1540000 -17.3657875
0.1550000 32.1592026
0.1560000 27.2044334
0.1570000 21.2885704
0.1580000 -70.6356735
0.1590000 55.0934982
0.1600000 -9.0430813
0.1610000 -81.6317291
0.1620000 -49.7496834
0.1630000 1.0498657
0.1640000 3.7366850
0.1650000 -40.1380997
0.1660000 73.4045029
0.1670000 -22.4351692
0.1680000 41.8546829
0.1690000 -30.3894825
0.1700000 14.0857639
0.1710000 -37.3744278
0.1720000 21.3410225
0.1730000 -14.6755123
0.1740000 -33.0748367
0.1750000 -8.1578341
0.1760000 66.7310181
0.1770000 -54.6198082
0.1780000 31.5482082
0.1790000 -58.0607185
0.1800000 -61.6803436
0.1810000 -57.9608307
0.1820000 -55.4595528
0.1830000 -2.4059589
0.1840000 41.3389664
0.1850000 13.6741524
0.1860000 -4.6358757
0.1870000 8.9713297
0.1880000 -61.7921257
0.1890000 59.1262283
0.1900000 -5.1459384
0.1910000 -50.1385117
0.1920000 12.4542427
0.1930000 -20.8950405
0.1940000 23.4775772
0.1950000 -29.7732468
0.1960000 23.2594681
0.1970000 -17.9822388
0.1980000 -61.0960426
0.1990000 -12.2398748
0.2000000 -50.6767578
0.2010000 -27.0169697
0.2020000 72.4519806
0.2030000 -11.4414816
0.2040000 9.9498768
0.2050000 -7.2770424
0.2060000 49.2536469
0.2070000 1.4592277
0.2080000 35.8950844
0.2090000 50.7519913
0.2100000 16.3419018
0.2110000 -26.0980358
0.2120000 -38.8177719
0.2130000 -94.3094482
0.2140000 1.9568926
0.2150000 -31.8554802
0.2160000 -22.0109615
0.2170000 -38.2330399
0.2180000 -30.6452789
0.2190000 -42.8554916
0.2200000 -9.5359116
0.2210000 -25.7919064
0.2220000 -5.2035499
0.2230000 20.4293766
0.2240000 6.2281556
0.2250000 -20.3734684
0.2260000 -49.1540298
0.2270000 -10.2109127
0.2280000 -8.7918701
0.2290000 13.4363537
0.2300000 -41.9276505
0.2310000 -73.9305191
0.2320000 40.3320007
0.2330000 -1.7307866
0.2340000 -12.5434446
0.2350000 -48.6805573
0.2360000 44.3614502
0.2370000 -4.7208929
0.2380000 -23.9318371
0.2390000 72.8026505
0.2400000 18.2194347
0.2410000 -34.6358986
0.2420000 -48.6341362
0.2430000 53.8064079
0.2440000 -3.6825435
0.2450000 12.7856827
0.2460000 32.3602905
0.2470000 29.5812016
0.2480000 -6.3084469
0.2490000 7.5817814
0.2500000 39.8984337
0.2510000 22.0928612
0.2520000 -1.9041629
0.2530000 52.1922722
0.2540000 -10.2875996
0.2550000 -42.1232071
0.2560000 -56.7484169
0.2570000 -5.3032484
0.2580000 37.9934120
0.2590000 -17.7265854
0.2600000 61.0296211
0.2610000 65.2086029
0.2620000 -47.8008537
0.2630000 36.8078461
0.2640000 29.6010284
0.2650000 -37.4104309
0.2660000 46.4757462
0.2670000 53.4108887
0.2680000 -9.9272003
0.2690000 6.7228603
0.2700000 -59.9169998
0.2710000 30.0710125
0.2720000 35.6955872
0.2730000 -26.0497055
0.2740000 28.6799927
0.2750000 -12.2456102
0.2760000 -22.7866192
0.2770000 -45.2336655
0.2780000 72.5408859
0.2790000 43.4099731
0.2800000 30.6446304
0.2810000 -7.5951428
0.2820000 -17.8855133
0.2830000 1.0188643
0.2840000 -23.5329647
0.2850000 -0.7372992
0.2860000 -36.0957718
0.2870000 -26.8858814
0.2880000 -42.8875465
0.2890000 -0.2854873
0.2900000 -19.6574974
0.2910000 -27.7032337
0.2920000 14.1750126
0.2930000 6.1890273
0.2940000 -31.8559151
0.2950000 -9.6278152
0.2960000 -0.6297739
0.2970000 -14.7455788
0.2980000 65.5203323
0.2990000 22.6864491
0.3000000 -10.5532951
0.3010000 -45.3595314
0.3020000 -57.2609558
0.3030000 -7.9423389
0.3040000 7.6920733
0.3050000 -7.2071667
0.3060000 24.6182251
0.3070000 54.6461754
0.3080000 27.5652370
0.3090000 -62.3690834
0.3100000 -25.4611111
0.3110000 5.8237085
0.3120000 -34.9457397
0.3130000 44.8005943
0.3140000 7.6527944
0.3150000 26.8633614
0.3160000 -36.4263573
0.3170000 6.0136657
0.3180000 78.8814545
0.3190000 21.3344116
0.3200000 16.7552109
0.3210000 32.1998940
0.3220000 43.4785538
0.3230000 30.5848637
0.3240000 38.8825760
0.3250000 23.4470978
0.3260000 -14.5195503
0.3270000 -4.7289577
0.3280000 44.0829468
0.3290000 -24.8463364
0.3300000 -19.9190178
0.3310000 -2.1689267
0.3320000 -46.4848213
0.3330000 -23.3313370
0.3340000 17.2558289
0.3350000 -51.2171936
0.3360000 -11.7388487
0.3370000 53.0385132
0.3380000 -31.0339680
0.3390000 -8.4939032
0.3400000 35.0988312
0.3410000 19.0334282
0.3420000 -6.1252923
0.3430000 29.7637405
0.3440000 -1.6541762
0.3450000 3.7594514
0.3460000 10.9521532
0.3470000 -12.3692055
0.3480000 34.2613754
0.3490000 22.1204166
0.3500000 32.3749390
0.3510000 35.6340714
0.3520000 5.0819650
0.3530000 -26.7673454
0.3540000 22.6321564
0.3550000 -8.9486828
0.3560000 -5.7849503
0.3570000 41.0967102
0.3580000 -110.9452896
0.3590000 65.4774857
0.3600000 0.5957503
0.3610000 -10.0457058
0.3620000 33.2516212
0.3630000 50.9649467
0.3640000 -22.9359264
0.3650000 -57.7442360
0.3660000 1.1375958
0.3670000 8.7735615
0.3680000 18.0123844
0.3690000 28.0251808
0.3700000 -49.9600067
0.3710000 11.8321667
0.3720000 -65.7356110
0.3730000 28.1583691
0.3740000 19.1554260
0.3750000 -10.7177162
0.3760000 5.5928555
0.3770000 -31.3116302
0.3780000 -10.5841951
0.3790000 9.6798859
0.3800000 50.9859085
0.3810000 5.7241316
0.3820000 10.4743099
0.3830000 18.1675491
0.3840000 66.1698303
0.3850000 23.6854610
0.3860000 -15.1500731
0.3870000 43.7828941
0.3880000 -74.5223389
0.3890000 43.3975945
0.3900000 -19.9818745
0.3910000 -17.8073196
0.3920000 39.0583420
0.3930000 -8.4392529
0.3940000 -5.1053576
0.3950000 -85.1355209
0.3960000 -57.1978264
0.3970000 -33.5617714
0.3980000 32.2284927
0.3990000 37.8807373
0.4000000 -43.0635910
0.4010000 1.1591733
0.4020000 -19.5877762
0.4030000 -20.6827202
0.4040000 37.8073540
0.4050000 -9.3706245
0.4060000 -28.9143410
0.4070000 -57.7406425
0.4080000 22.0789433
0.4090000 4.2162657
0.4100000 25.1976414
0.4110000 -5.5454721
0.4120000 65.7509308
0.4130000 -26.1359730
0.4140000 6.9713407
0.4150000 27.1806164
0.4160000 61.5100288
0.4170000 -18.1775284
0.4180000 13.7677879
0.4190000 -1.3463295
0.4200000 -19.6774406
0.4210000 60.5217438
0.4220000 -56.5824013
0.4230000 30.8998165
0.4240000 -48.5834122
0.4250000 -37.5447502
0.4260000 7.7232037
0.4270000 -32.2668571
0.4280000 7.6993551
0.4290000 15.7073250
0.4300000 -33.0646095
0.4310000 0.5874712
0.4320000 -38.9207153
0.4330000 -42.7550087
0.4340000 1.6237165
0.4350000 -61.9168358
0.4360000 -13.5330715
0.4370000 -2.2851462
0.4380000 31.7806587
0.4390000 24.0825443
0.4400000 35.4650154
0.4410000 63.8894539
0.4420000 -61.9863129
0.4430000 -27.4105930
0.4440000 -67.3775864
0.4450000 -16.6432056
0.4460000 14.3735266
0.4470000 30.8869514
0.4480000 41.9093437
0.4490000 -26.2747002
0.4500000 -25.1504726
0.4510000 1.5446047
0.4520000 11.8575106
0.4530000 -31.2252522
0.4540000 20.1960239
0.4550000 29.6414242
0.4560000 8.0264263
0.4570000 -28.0926075
0.4580000 12.8005753
0.4590000 87.6136093
0.4600000 15.4325457
0.4610000 17.5363007
0.4620000 -4.9275579
0.4630000 -22.7170544
0.4640000 -12.7002478
0.4650000 3.2938552
0.4660000 16.9591198
0.4670000 3.2019660
0.4680000 -9.9796019
0.4690000 -9.2293158
0.4700000 68.2982330
0.4710000 -43.6116333
0.4720000 -7.9507642
0.4730000 43.2053375
0.4740000 -2.7142980
0.4750000 -36.9355049
0.4760000 51.1348419
0.4770000 -72.6975708
0.4780000 59.7434273
0.4790000 4.5230618
0.4800000 19.0977440
0.4810000 22.8261757
0.4820000 -19.3643684
0.4830000 61.2710152
0.4840000 17.9906540
0.4850000 -31.0790482
0.4860000 -44.8901024
0.4870000 8.0596056
0.4880000 36.6232834
0.4890000 24.9016571
0.4900000 -9.6527681
0.4910000 13.5606565
0.4920000 -19.3969250
0.4930000 -5.2742906
0.4940000 -54.0130615
0.4950000 -55.9824486
0.4960000 67.9597015
0.4970000 50.2113838
0.4980000 17.7515297
0.4990000 -3.0129271
0.5000000 18.5448551
0.5010000 36.9194107
0.5020000 39.9424667
0.5030000 -16.9613018
0.5040000 28.2827110
0.5050000 45.3695831
0.5060000 66.7475586
0.5070000 -4.9013000
0.5080000 42.9172325
0.5090000 22.3870850
0.5100000 4.6707106
0.5110000 -8.9353533
0.5120000 48.5822716
0.5130000 25.7003136
0.5140000 -9.9685898
0.5150000 -55.3074074
0.5160000 33.4198265
0.5170000 6.0089889
0.5180000 52.4475365
0.5190000 -10.7646494
0.5200000 -49.3351479
0.5210000 22.1767063
0.5220000 44.6408386
0.5230000 -19.8285713
0.5240000 -2.0448878
0.5250000 58.3675308
0.5260000 -41.4771500
0.5270000 -16.9046135
0.5280000 38.2534218
0.5290000 -19.9624577
0.5300000 15.7586937
0.5310000 49.1247940
0.5320000 11.2698889
0.5330000 -31.4558010
0.5340000 77.1602783
0.5350000 0.5778950
0.5360000 -5.7049365
0.5370000 15.4265232
0.5380000 77.9793320
0.5390000 -2.2421398
0.5400000 10.9819641
0.5410000 -21.1138210
0.5420000 0.2146645
0.5430000 -57.3813553
0.5440000 6.8193159
0.5450000 -7.8363609
0.5460000 -71.7497940
0.5470000 -15.3108578
0.5480000 11.5197859
0.5490000 28.7535648
0.5500000 27.6265125
0.5510000 0.4199861
0.5520000 29.2659893
0.5530000 36.6978378
0.5540000 33.8082619
0.5550000 -67.0383835
0.5560000 -7.6202664
0.5570000 -59.0492401
0.5580000 -59.8195038
0.5590000 3.3263450
0.5600000 30.8735256
0.5610000 70.0025558
0.5620000 8.7504606
0.5630000 52.3434029
0.5640000 -61.5351524
0.5650000 42.5609894
0.5660000 -11.1008329
0.5670000 49.1655312
0.5680000 46.5484352
0.5690000 -26.7376747
0.5700000 33.2200012
0.5710000 -12.1021833
0.5720000 -24.3722248
0.5730000 27.6118412
0.5740000 -25.9323769
0.5750000 -38.8949280
0.5760000 49.8241653
0.5770000 -24.5053654
0.5780000 -9.1591387
0.5790000 23.8411903
0.5800000 -74.6375122
0.5810000 -34.6623726
0.5820000 3.0692301
0.5830000 1.8911775
0.5840000 23.1465340
0.5850000 57.1192703
0.5860000 16.3024178
0.5870000 -42.9663239
0.5880000 -9.5445337
0.5890000 -7.0285153
0.5900000 -0.7848169
0.5910000 14.2011232
0.5920000 -11.9754362
0.5930000 17.3560867
0.5940000 -17.0580540
0.5950000 9.3235550
0.5960000 14.1469803
0.5970000 -14.7071886
0.5980000 41.3011589
0.5990000 4.8659964
0.6000000 16.1838188
0.6010000 4.0638280
0.6020000 6.6408777
0.6030000 -9.0281773
0.6040000 -23.3052063
0.6050000 11.7117243
0.6060000 26.8713264
0.6070000 11.6954832
0.6080000 -15.0866432
0.6090000 0.6148299
0.6100000 -2.0839906
0.6110000 -47.9286499
0.6120000 18.6337872
0.6130000 -41.5171127
0.6140000 -6.8743300
0.6150000 19.4876003
0.6160000 19.6661739
0.6170000 -4.8681045
0.6180000 8.5618649
0.6190000 -12.2758875
0.6200000 -34.8228798
0.6210000 -21.7246819
0.6220000 -28.3629818
0.6230000 -15.3241968
0.6240000 14.4663734
0.6250000 -50.7476463
0.6260000 50.6601219
0.6270000 7.9931798
0.6280000 18.4725113
0.6290000 39.0501404
0.6300000 26.9033546
0.6310000 -47.2211723
0.6320000 -18.4777069
0.6330000 -23.7074547
0.6340000 27.5279408
0.6350000 -6.4508286
0.6360000 -33.8783531
0.6370000 45.0580750
0.6380000 -56.0279121
0.6390000 -38.8621750
0.6400000 26.2006187
0.6410000 -12.8602428
0.6420000 35.5153656
0.6430000 2.8743885
0.6440000 -5.0600624
0.6450000 -71.2532806
0.6460000 20.5373192
0.6470000 -3.5295188
0.6480000 -26.1563435
0.6490000 0.0211432
0.6500000 67.0443268
0.6510000 -2.0623038
0.6520000 27.8057079
0.6530000 3.1503122
0.6540000 -69.5559082
0.6550000 24.4018669
0.6560000 60.1497269
0.6570000 -51.2197495
0.6580000 -15.9720955
0.6590000 18.5756626
0.6600000 -60.8880310
0.6610000 48.4726295
0.6620000 6.1163964
0.6630000 -53.9581375
0.6640000 -5.4447446
0.6650000 23.7485943
0.6660000 14.4590969
0.6670000 45.5548325
0.6680000 1.4154027
0.6690000 -25.0188408
0.6700000 -6.9509711
0.6710000 -50.4857178
0.6720000 58.8888016
0.6730000 9.3296003
0.6740000 36.7650146
0.6750000 -22.8147640
0.6760000 -5.9300790
0.6770000 -17.2448826
0.6780000 51.1910210
0.6790000 28.6724186
0.6800000 -4.4266429
0.6810000 11.6858807
0.6820000 2.2615685
0.6830000 -13.5285892
0.6840000 23.8533936
0.6850000 -1.4193635
0.6860000 -45.2436676
0.6870000 -1.8440738
0.6880000 -28.5816860
0.6890000 -6.8597517
0.6900000 -32.8361206
0.6910000 -17.6640224
0.6920000 -19.2187939
0.6930000 52.5510216
0.6940000 23.6876583
0.6950000 8.8474531
0.6960000 43.8473206
0.6970000 21.0734081
0.6980000 -35.6235275
0.6990000 -29.6064930
0.7000000 20.8044949
0.7010000 37.1204681
0.7020000 37.3040924
0.7030000 28.3124199
0.7040000 20.3154812
0.7050000 -2.6126401
0.7060000 -17.0894699
0.7070000 -5.1645093
0.7080000 -10.2951860
0.7090000 -13.5428066
0.7100000 -11.7584953
0.7110000 6.9419298
0.7120000 -33.7872467
0.7130000 -14.3243036
0.7140000 -22.3768768
0.7150000 6.3460865
0.7160000 -6.5948453
0.7170000 77.6080017
0.7180000 -62.9219513
0.7190000 -4.1417532
0.7200000 -31.4863186
0.7210000 23.3589783
0.7220000 -54.0880623
0.7230000 35.8953056
0.7240000 -16.6853504
0.7250000 60.5552673
0.7260000 -48.0067291
0.7270000 15.9269218
0.7280000 -80.7895432
0.7290000 16.3080196
0.7300000 28.1491737
0.7310000 3.4456975
0.7320000 25.3155079
0.7330000 43.3303108
0.7340000 -1.9277307
0.7350000 -54.1597023
0.7360000 26.6212044
0.7370000 67.8590164
0.7380000 57.2901382
0.7390000 9.1893930
0.7400000 39.7418442
0.7410000 33.7428551
0.7420000 -5.2310615
0.7430000 -32.0435753
0.7440000 -39.8914948
0.7450000 -49.6684723
0.7460000 -22.7870998
0.7470000 -29.2939034
0.7480000 56.7205734
0.7490000 11.1953192
0.7500000 24.4434242
0.7510000 35.2300072
0.7520000 -13.6722670
0.7530000 -4.7647514
0.7540000 15.4977102
0.7550000 -58.1206169
0.7560000 13.4635859
0.7570000 -15.0198765
0.7580000 3.4737880
0.7590000 -17.1901970
0.7600000 -49.5821724
0.7610000 -1.1751716
0.7620000 27.1620922
0.7630000 -6.8474450
0.7640000 47.4315414
0.7650000 -21.1009045
0.7660000 -45.1329308
0.7670000 -25.2114487
0.7680000 -42.1415024
0.7690000 3.1068265
0.7700000 7.7683229
0.7710000 -66.6811066
0.7720000 -25.5467072
0.7730000 -25.4858952
0.7740000 -8.5021839
0.7750000 -31.7070827
0.7760000 2.0995913
0.7770000 34.2693214
0.7780000 -40.2310448
0.7790000 -43.7972984
0.7800000 -74.4265594
0.7810000 8.0473099
0.7820000 9.9953747
0.7830000 -0.5710197
0.7840000 29.4262180
0.7850000 -1.6233728
0.7860000 -2.2249308
0.7870000 -26.8002243
0.7880000 -13.9874620
0.7890000 30.6461182
0.7900000 10.0289888
0.7910000 33.6262360
0.7920000 87.9506378
0.7930000 -24.1091728
0.7940000 55.1880035
0.7950000 30.1600800
0.7960000 -40.4642830
0.7970000 1.4268829
0.7980000 -8.7889233
0.7990000 49.7221756
0.8000000 11.9636736
0.8010000 6.4534159
0.8020000 -108.2306519
0.8030000 61.0637436
0.8040000 -7.1062713
0.8050000 -27.2615337
0.8060000 -60.0491219
0.8070000 -40.6903419
0.8080000 4.3634310
0.8090000 16.6186085
0.8100000 -55.3398247
0.8110000 -10.5636311
0.8120000 -7.9761891
0.8130000 18.7558136
0.8140000 -49.9023361
0.8150000 -18.6592865
0.8160000 33.9571152
0.8170000 36.9751663
0.8180000 -26.6810112
0.8190000 -3.3904853
0.8200000 -35.1265678
0.8210000 12.3713617
0.8220000 28.4836903
0.8230000 40.6968613
0.8240000 19.3895664
0.8250000 77.1062012
0.8260000 50.7706871
0.8270000 -18.0994225
0.8280000 -44.6233597
0.8290000 13.4730654
0.8300000 -9.2817450
0.8310000 18.9987583
0.8320000 13.2761049
0.8330000 21.5036869
0.8340000 -26.4435577
0.8350000 43.2044067
0.8360000 37.7772789
0.8370000 -55.0017319
0.8380000 -25.1036148
0.8390000 45.9362526
0.8400000 12.2948742
0.8410000 41.1513176
0.8420000 23.7423573
0.8430000 -2.0417721
0.8440000 -51.7644882
0.8450000 -59.7727737
0.8460000 63.0018044
0.8470000 73.7904968
0.8480000 -51.5314255
0.8490000 -32.2199593
0.8500000 -6.9014463
0.8510000 -16.2300873
0.8520000 2.8643441
0.8530000 58.0309258
0.8540000 -67.4251404
0.8550000 -12.7359123
0.8560000 30.5577469
0.8570000 12.4383583
0.8580000 -4.4759116
0.8590000 -17.0843010
0.8600000 -5.6476450
0.8610000 17.2181244
0.8620000 11.8638725
0.8630000 8.1954002
0.8640000 34.3482628
0.8650000 -41.8288765
0.8660000 -2.7576740
0.8670000 8.5595284
0.8680000 -43.2079353
0.8690000 -35.4487343
0.8700000 6.5646911
0.8710000 40.8246269
0.8720000 -34.8091049
0.8730000 -60.0528831
0.8740000 13.4560966
0.8750000 -8.5430145
0.8760000 29.9244308
0.8770000 -66.8492584
0.8780000 87.9168549
0.8790000 14.4916801
0.8800000 -44.6572571
0.8810000 -22.5973492
0.8820000 -24.9272938
0.8830000 53.1516914
0.8840000 4.2979870
0.8850000 -11.0887337
0.8860000 -22.2036743
0.8870000 6.9531131
0.8880000 -14.0959806
0.8890000 -18.7640686
0.8900000 3.8547456
0.8910000 56.6546631
0.8920000 -20.5580711
0.8930000 -43.3237839
0.8940000 -36.3275375
0.8950000 -5.0565057
0.8960000 -40.6266098
0.8970000 40.9528770
0.8980000 27.4532204
0.8990000 -42.3241844
0.9000000 0.0350094
0.9010000 -18.8719597
0.9020000 50.6960297
0.9030000 16.1312256
0.9040000 -18.1234283
0.9050000 35.3845940
0.9060000 -7.0755677
0.9070000 -4.6859078
0.9080000 -52.0388031
0.9090000 -51.0936546
0.9100000 -46.8202438
0.9110000 3.8552306
0.9120000 -22.0210133
0.9130000 -8.9966145
0.9140000 -14.1929693
0.9150000 38.3844185
0.9160000 -45.3000832
0.9170000 -36.3207321
0.9180000 -13.9054117
0.9190000 -5.5401301
0.9200000 8.5461636
0.9210000 -41.4056091
0.9220000 5.4626937
0.9230000 1.6080447
0.9240000 -18.2555981
0.9250000 30.7799129
0.9260000 -36.6114082
0.9270000 12.3008661
0.9280000 18.7035503
0.9290000 13.6209860
0.9300000 -40.4854851
0.9310000 4.4830699
0.9320000 24.2444057
0.9330000 -7.9888434
0.9340000 -2.5764966
0.9350000 -27.5977364
0.9360000 -47.0791359
0.9370000 -17.4731064
0.9380000 -12.3622799
0.9390000 -18.4788532
0.9400000 -92.8348618
0.9410000 -25.5128593
0.9420000 -42.4834328
0.9430000 -24.6338444
0.9440000 -1.5494518
0.9450000 53.9766502
0.9460000 46.8583984
0.9470000 11.4438972
0.9480000 39.0769119
0.9490000 -15.3428755
0.9500000 9.9331331
0.9510000 -8.2071753
0.9520000 5.5024753
0.9530000 -36.9672318
0.9540000 -24.5266991
0.9550000 22.2057190
0.9560000 -10.2159672
0.9570000 -3.5058694
0.9580000 56.1140823
0.9590000 -50.4561729
0.9600000 69.1796570
0.9610000 59.3293648
0.9620000 -65.2106628
0.9630000 10.6331663
0.9640000 9.9132347
0.9650000 16.8604984
0.9660000 -11.1457739
0.9670000 -7.1794262
0.9680000 -27.1286640
0.9690000 39.5465012
0.9700000 16.8335342
0.9710000 12.7167873
0.9720000 13.1371775
0.9730000 -34.5286636
0.9740000 29.6135387
0.9750000 56.1690140
0.9760000 9.6487894
0.9770000 12.3706951
0.9780000 23.1244850
0.9790000 75.7911987
0.9800000 38.5421677
0.9810000 -16.6478615
0.9820000 15.2776051
0.9830000 3.7819571
0.9840000 33.2324867
0.9850000 -5.0234909
0.9860000 61.5910835
0.9870000 -2.9296103
0.9880000 -41.6254845
0.9890000 20.5420265
0.9900000 -23.3397789
0.9910000 -40.5244064
0.9920000 10.2944689
0.9930000 -49.0205841
0.9940000 28.6766605
0.9950000 -23.0398369
0.9960000 -59.2179146
0.9970000 17.7438679
0.9980000 60.7488289
0.9990000 -46.2741051
