0.0000000 10.5941277
0.0010000 33.8497124
0.0020000 10.2806768
0.0030000 -57.9558563
0.0040000 21.8973942
0.0050000 44.0202065
0.0060000 -28.7910690
0.0070000 35.4309807
0.0080000 22.8246403
0.0090000 -7.6816688
0.0100000 9.3980494
0.0110000 -14.7781105
0.0120000 -16.6772652
0.0130000 79.9758301
0.0140000 30.2997799
0.0150000 39.4372444
0.0160000 16.3721294
0.0170000 14.9975424
0.0180000 -34.7218475
0.0190000 -19.0456944
0.0200000 67.0058289
0.0210000 -38.6825142
0.0220000 25.0720215
0.0230000 -44.4316902
0.0240000 11.5832891
0.0250000 -23.3451614
0.0260000 22.4930134
0.0270000 -15.4067211
0.0280000 -37.4417572
0.0290000 36.3588943
0.0300000 -20.1783352
0.0310000 -62.0125351
0.0320000 53.3210220
0.0330000 -0.8056944
0.0340000 14.5614920
0.0350000 1.0446353
0.0360000 -3.1421385
0.0370000 39.0793991
0.0380000 -1.9299431
0.0390000 -3.1812513
0.0400000 -25.2111740
0.0410000 -12.7803135
0.0420000 30.7805214
0.0430000 -12.5080290
0.0440000 59.7181396
0.0450000 -11.6678066
0.0460000 -11.3802834
0.0470000 10.8392467
0.0480000 11.9831438
0.0490000 46.7309608
0.0500000 53.7351913
0.0510000 -1.6004033
0.0520000 -34.6914749
0.0530000 -28.3197727
0.0540000 22.7811852
0.0550000 -4.4285946
0.0560000 53.6540375
0.0570000 -0.7245475
0.0580000 -20.9914455
0.0590000 57.5366364
0.0600000 -57.5771217
0.0610000 34.6316185
0.0620000 50.1681480
0.0630000 -20.5424671
0.0640000 -60.2885933
0.0650000 12.9445047
0.0660000 -66.9212341
0.0670000 -49.2682648
0.0680000 43.6936455
0.0690000 -40.3246536
0.0700000 -55.1737938
0.0710000 -31.0324841
0.0720000 19.9050045
0.0730000 -23.5192509
0.0740000 -32.8669968
0.0750000 -50.3427048
0.0760000 11.3688250
0.0770000 44.2986603
0.0780000 30.0264130
0.0790000 14.9688749
0.0800000 -50.1522179
0.0810000 -7.3969374
0.0820000 -13.1506681
0.0830000 -20.8373489
0.0840000 32.1263542
0.0850000 26.9682999
0.0860000 -13.0534325
0.0870000 -13.2514153
0.0880000 40.7117920
0.0890000 10.4552927
0.0900000 -15.0443258
0.0910000 -78.9550323
0.0920000 -33.1227798
0.0930000 -39.0067062
0.0940000 -65.5683212
0.0950000 45.7059593
0.0960000 -10.5599937
0.0970000 36.1945572
0.0980000 -42.3555603
0.0990000 -19.0414562
0.1000000 0.5450392
0.1010000 45.9644852
0.1020000 13.1870909
0.1030000 62.3125572
0.1040000 36.0184669
0.1050000 -25.6772938
0.1060000 -51.1550369
0.1070000 28.3816833
0.1080000 33.6811638
0.1090000 29.7381725
0.1100000 48.5530090
0.1110000 -27.4311142
0.1120000 -12.4955692
0.1130000 -38.2350769
0.1140000 21.5975552
0.1150000 -36.4225197
0.1160000 -23.4612503
0.1170000 -7.9375715
0.1180000 1.2491839
0.1190000 -14.5660715
0.1200000 22.2878437
0.1210000 -7.5549369
0.1220000 -53.5153275
0.1230000 11.3223276
0.1240000 -26.8466854
0.1250000 62.3544807
0.1260000 -27.8033600
0.1270000 9.9909601
0.1280000 25.9530392
0.1290000 -14.5086489
0.1300000 43.0414925
0.1310000 -23.0950718
0.1320000 12.6191177
0.1330000 60.1032600
0.1340000 4.0259242
0.1350000 15.4082661
0.1360000 80.1598969
0.1370000 41.6985359
0.1380000 64.1328278
0.1390000 -33.9302368
0.1400000 -24.9326725
0.1410000 -0.7110623
0.1420000 -4.4356856
0.1430000 -27.8134041
0.1440000 -0.1694803
0.1450000 -55.9962654
0.1460000 17.8775387
0.1470000 -23.2089367
0.1480000 -57.6569405
0.1490000 30.3184357
0.1500000 11.0263472
0.1510000 -18.3636913
0.1520000 23.5508137
0.1530000 -11.7753077
0.1540000 -53.9599495
0.1550000 -23.6858444
0.1560000 19.1523933
0.1570000 36.0119896
0.1580000 12.1052599
0.1590000 4.6677322
0.1600000 1.1895515
0.1610000 40.2590866
0.1620000 13.8625937
0.1630000 -6.6587553
0.1640000 -4.7707272
0.1650000 -1.8963263
0.1660000 37.7592545
0.1670000 -26.0994625
0.1680000 -80.1524582
0.1690000 -22.2830276
0.1700000 -54.5941696
0.1710000 -29.6380615
0.1720000 -29.8153667
0.1730000 -20.9992867
0.1740000 -8.0316629
0.1750000 5.6888547
0.1760000 -47.1951408
0.1770000 23.1148434
0.1780000 -22.3857212
0.1790000 8.7174616
0.1800000 -14.7928953
0.1810000 4.4297318
0.1820000 -8.0194397
0.1830000 40.5003738
0.1840000 -63.1814156
0.1850000 66.1440353
0.1860000 -46.7939034
0.1870000 37.2471352
0.1880000 13.5916176
0.1890000 -15.8580093
0.1900000 5.8433638
0.1910000 -12.8321295
0.1920000 -2.2920907
0.1930000 -106.2248535
0.1940000 -37.5965996
0.1950000 -1.8030425
0.1960000 -20.2819481
0.1970000 61.6470490
0.1980000 -24.4113388
0.1990000 2.1936357
0.2000000 -14.1556292
0.2010000 13.4028778
0.2020000 -22.3589973
0.2030000 -10.7974310
0.2040000 23.0651493
0.2050000 -12.8791170
0.2060000 49.6368484
0.2070000 20.3426590
0.2080000 -13.0977097
0.2090000 -14.5621719
0.2100000 1.4297622
0.2110000 -29.5073109
0.2120000 -55.1093597
0.2130000 -10.0218601
0.2140000 58.4672432
0.2150000 10.1474009
0.2160000 -2.8386924
0.2170000 10.6710844
0.2180000 36.3828125
0.2190000 -44.5692978
0.2200000 40.6338692
0.2210000 -118.4594955
0.2220000 -28.7674236
0.2230000 14.6432524
0.2240000 87.2104492
0.2250000 -10.6384029
0.2260000 4.7333288
0.2270000 61.5093422
0.2280000 16.3473873
0.2290000 -28.6178856
0.2300000 74.7258072
0.2310000 43.2918739
0.2320000 -16.6878357
0.2330000 -16.4614391
0.2340000 -8.1564465
0.2350000 1.6448739
0.2360000 26.1355495
0.2370000 -22.4788666
0.2380000 -59.1187325
0.2390000 69.8883514
0.2400000 -6.9526367
0.2410000 8.2358160
0.2420000 10.3165016
0.2430000 -0.5156366
0.2440000 -46.9543152
0.2450000 -12.0171137
0.2460000 30.4660683
0.2470000 -26.8542309
0.2480000 16.5678730
0.2490000 7.6429577
0.2500000 -5.5130525
0.2510000 111.9972458
0.2520000 24.7364292
0.2530000 -0.4377422
0.2540000 5.6918340
0.2550000 77.7785645
0.2560000 34.7613869
0.2570000 -32.2728081
0.2580000 26.2862625
0.2590000 34.8776855
0.2600000 37.9804382
0.2610000 4.3158088
0.2620000 96.7686234
0.2630000 -6.2619019
0.2640000 33.7166519
0.2650000 -88.7002640
0.2660000 -6.0565996
0.2670000 49.1972198
0.2680000 -39.2056694
0.2690000 -25.2115574
0.2700000 10.5987978
0.2710000 18.4151955
0.2720000 36.7480507
0.2730000 -14.8703651
0.2740000 -31.3978806
0.2750000 21.4396591
0.2760000 18.9027348
0.2770000 8.4253635
0.2780000 32.8301239
0.2790000 14.5628138
0.2800000 -7.3852096
0.2810000 -19.4929180
0.2820000 -47.1396523
0.2830000 55.2328911
0.2840000 15.3257332
0.2850000 3.6189628
0.2860000 -52.2181702
0.2870000 -57.2709732
0.2880000 -1.5647206
0.2890000 -64.0799561
0.2900000 23.9611473
0.2910000 -12.1648445
0.2920000 33.1950607
0.2930000 7.6912570
0.2940000 -12.2467337
0.2950000 -7.6341529
0.2960000 40.9671783
0.2970000 19.9335861
0.2980000 -21.3877068
0.2990000 3.7668850
0.3000000 -42.8803673
0.3010000 19.7964935
0.3020000 -83.4078140
0.3030000 4.8114734
0.3040000 -9.3268509
0.3050000 -19.4578552
0.3060000 14.2711172
0.3070000 -18.9609013
0.3080000 -4.0358953
0.3090000 -26.0830631
0.3100000 18.1975784
0.3110000 33.6229591
0.3120000 -50.6284370
0.3130000 -21.6571312
0.3140000 -19.1869469
0.3150000 33.1889954
0.3160000 10.6935482
0.3170000 38.4334068
0.3180000 60.2446861
0.3190000 -8.3208723
0.3200000 -22.7851181
0.3210000 88.0853271
0.3220000 -9.5655746
0.3230000 48.9186859
0.3240000 -35.1924477
0.3250000 -20.7569885
0.3260000 14.3502712
0.3270000 24.0048466
0.3280000 44.1601372
0.3290000 3.8383980
0.3300000 -21.6235085
0.3310000 70.8755569
0.3320000 34.7742310
0.3330000 -1.7174486
0.3340000 64.0873566
0.3350000 -27.4795227
0.3360000 46.1533699
0.3370000 -6.3099604
0.3380000 -55.6639214
0.3390000 44.4045677
0.3400000 16.1157722
0.3410000 -10.7638235
0.3420000 58.0388527
0.3430000 33.1123772
0.3440000 19.5713978
0.3450000 22.8146152
0.3460000 9.5001888
0.3470000 -47.1775475
0.3480000 -58.3179398
0.3490000 43.6724815
0.3500000 1.8674536
0.3510000 -43.0940819
0.3520000 20.3023262
0.3530000 1.5974250
0.3540000 31.4725494
0.3550000 -8.9631882
0.3560000 37.9086456
0.3570000 -39.3372650
0.3580000 21.6227074
0.3590000 20.5108681
0.3600000 -89.7624130
0.3610000 24.6627388
0.3620000 -46.8001442
0.3630000 35.6006584
0.3640000 7.2775254
0.3650000 -14.3982038
0.3660000 70.0018539
0.3670000 -31.8696079
0.3680000 -22.8981857
0.3690000 -16.4101429
0.3700000 -15.2313404
0.3710000 88.0910110
0.3720000 -65.9246979
0.3730000 17.9821072
0.3740000 37.2418671
0.3750000 20.9168835
0.3760000 -19.9271374
0.3770000 9.8679838
0.3780000 14.6495724
0.3790000 63.9093895
0.3800000 2.5138791
0.3810000 25.4456367
0.3820000 7.6750493
0.3830000 -70.4100952
0.3840000 -49.4269714
0.3850000 -19.4344501
0.3860000 -19.6870117
0.3870000 -6.1581435
0.3880000 10.1087866
0.3890000 -13.7728300
0.3900000 0.0731542
0.3910000 16.5413342
0.3920000 25.8991547
0.3930000 20.1904907
0.3940000 -38.4426956
0.3950000 3.6590474
0.3960000 -23.3672504
0.3970000 6.1300187
0.3980000 -42.5624390
0.3990000 -4.1952348
0.4000000 -20.5129414
0.4010000 16.5764465
0.4020000 -20.7178650
0.4030000 -23.5338402
0.4040000 -15.7836704
0.4050000 27.9240704
0.4060000 25.7089615
0.4070000 -23.7577000
0.4080000 -26.7324562
0.4090000 21.7686958
0.4100000 -8.9226065
0.4110000 -32.5574760
0.4120000 26.7252636
0.4130000 -42.1277924
0.4140000 -17.8884220
0.4150000 -110.1937408
0.4160000 -45.0791321
0.4170000 -60.3466301
0.4180000 49.9446640
0.4190000 -39.9705849
0.4200000 -24.7849045
0.4210000 25.9084320
0.4220000 -6.8754034
0.4230000 7.7167077
0.4240000 5.5759764
0.4250000 -2.5985477
0.4260000 -18.4169483
0.4270000 23.6223736
0.4280000 22.7917595
0.4290000 45.7975121
0.4300000 57.3540611
0.4310000 -22.3496323
0.4320000 49.0141716
0.4330000 -33.2460251
0.4340000 0.4416718
0.4350000 -35.6148224
0.4360000 -7.1276808
0.4370000 12.1143627
0.4380000 22.7775764
0.4390000 5.1343002
0.4400000 30.9390106
0.4410000 67.0688934
0.4420000 -16.2886772
0.4430000 75.8274460
0.4440000 -44.4290390
0.4450000 -70.2444687
0.4460000 18.5639877
0.4470000 11.7924633
0.4480000 1.4152995
0.4490000 8.8872013
0.4500000 -21.2048168
0.4510000 -75.2063599
0.4520000 35.7102966
0.4530000 13.9877882
0.4540000 -46.0123825
0.4550000 -29.3568974
0.4560000 57.9544182
0.4570000 3.3796527
0.4580000 48.7807770
0.4590000 -68.1540375
0.4600000 5.0483499
0.4610000 -25.9531651
0.4620000 23.6374779
0.4630000 1.7716968
0.4640000 16.1658421
0.4650000 26.6949100
0.4660000 -2.9429069
0.4670000 16.2728119
0.4680000 57.5211716
0.4690000 1.8385166
0.4700000 25.5101433
0.4710000 43.8468781
0.4720000 65.3805237
0.4730000 -28.1721611
0.4740000 -8.7715731
0.4750000 14.8489599
0.4760000 7.9054313
0.4770000 14.1124630
0.4780000 34.9267693
0.4790000 -15.9811010
0.4800000 42.3404160
0.4810000 12.5228777
0.4820000 9.7487307
0.4830000 19.6956978
0.4840000 -4.9755583
0.4850000 2.2068191
0.4860000 -7.6822877
0.4870000 58.5971870
0.4880000 -32.0342979
0.4890000 67.6647110
0.4900000 19.1075764
0.4910000 -3.9415243
0.4920000 17.9132156
0.4930000 -29.4326801
0.4940000 7.9386687
0.4950000 -3.6989260
0.4960000 -15.1031399
0.4970000 -29.6270847
0.4980000 22.8860474
0.4990000 -13.9128580
0.5000000 -25.3295517
0.5010000 11.0979233
0.5020000 -21.8337021
0.5030000 -9.0295467
0.5040000 -15.2976580
0.5050000 -14.2426395
0.5060000 -59.7127419
0.5070000 13.4342651
0.5080000 -11.5846071
0.5090000 -37.7301178
0.5100000 -20.5652180
0.5110000 -11.4631557
0.5120000 -2.7816849
0.5130000 -52.5018578
0.5140000 -7.0875440
0.5150000 -30.2643623
0.5160000 -9.4648705
0.5170000 -42.5066605
0.5180000 -11.4366646
0.5190000 55.7685585
0.5200000 55.1419792
0.5210000 -36.7663918
0.5220000 58.1826630
0.5230000 -41.9141884
0.5240000 7.7073269
0.5250000 1.3425580
0.5260000 -11.5408087
0.5270000 18.3989964
0.5280000 23.2133160
0.5290000 1.1298804
0.5300000 27.1842251
0.5310000 -55.4535675
0.5320000 -16.9219532
0.5330000 32.6305466
0.5340000 2.3409920
0.5350000 79.3934784
0.5360000 1.5004264
0.5370000 -2.0502405
0.5380000 -16.1747875
0.5390000 23.7101421
0.5400000 17.2043419
0.5410000 24.3287945
0.5420000 65.3822632
0.5430000 -42.6398163
0.5440000 13.6651230
0.5450000 11.7071486
0.5460000 -2.8480396
0.5470000 -20.2682476
0.5480000 -61.7452927
0.5490000 -7.0962243
0.5500000 36.2088318
0.5510000 -20.7693520
0.5520000 8.3960247
0.5530000 -55.8050575
0.5540000 -4.3457937
0.5550000 38.2223549
0.5560000 66.2842255
0.5570000 48.4245758
0.5580000 2.2824423
0.5590000 40.2419395
0.5600000 -19.6393757
0.5610000 27.8732128
0.5620000 -43.3812180
0.5630000 14.3522596
0.5640000 -8.8396769
0.5650000 30.0348320
0.5660000 31.5904732
0.5670000 66.0245132
0.5680000 15.8875751
0.5690000 -56.0169868
0.5700000 10.8493309
0.5710000 33.9821625
0.5720000 10.1557684
0.5730000 -50.7642479
0.5740000 1.9028138
0.5750000 0.4903599
0.5760000 32.7786713
0.5770000 -1.2075205
0.5780000 40.9378090
0.5790000 3.0735373
0.5800000 15.3696985
0.5810000 -3.5644736
0.5820000 36.2209435
0.5830000 -67.7824860
0.5840000 -24.1141243
0.5850000 32.5014114
0.5860000 -24.0605946
0.5870000 17.2699566
0.5880000 19.0708294
0.5890000 -43.5245476
0.5900000 13.5757217
0.5910000 -51.9780693
0.5920000 -4.3499341
0.5930000 28.3830471
0.5940000 32.5469246
0.5950000 3.9900336
0.5960000 -33.0263100
0.5970000 8.6719494
0.5980000 1.7218802
0.5990000 -36.0244942
0.6000000 -3.9118686
0.6010000 -3.7806780
0.6020000 -15.9685211
0.6030000 21.6184540
0.6040000 10.2700338
0.6050000 -19.7898865
0.6060000 18.5302944
0.6070000 -26.7455559
0.6080000 -45.7207870
0.6090000 -37.1796112
0.6100000 -39.2317390
0.6110000 3.1737742
0.6120000 42.2627411
0.6130000 -63.9010124
0.6140000 -31.3703918
0.6150000 18.4891701
0.6160000 -31.9413586
0.6170000 -6.5154762
0.6180000 39.3655396
0.6190000 -37.1350861
0.6200000 -31.1799355
0.6210000 -5.4549456
0.6220000 17.6772175
0.6230000 -8.9569740
0.6240000 27.3598824
0.6250000 -16.1940994
0.6260000 -4.5210314
0.6270000 50.2138176
0.6280000 -0.7426279
0.6290000 -41.8610077
0.6300000 3.0322220
0.6310000 38.0816574
0.6320000 -28.4415874
0.6330000 -49.2867661
0.6340000 -1.6289495
0.6350000 9.1514578
0.6360000 10.7869434
0.6370000 -37.1748276
0.6380000 25.6662998
0.6390000 88.9961395
0.6400000 -51.2676849
0.6410000 -4.9242921
0.6420000 -17.2975502
0.6430000 23.2885685
0.6440000 -37.9423866
0.6450000 36.8934288
0.6460000 2.1954658
0.6470000 1.9073619
0.6480000 -23.9392948
0.6490000 5.5047369
0.6500000 8.8002253
0.6510000 -21.5822239
0.6520000 8.5245895
0.6530000 -39.3450356
0.6540000 27.8166828
0.6550000 27.1007347
0.6560000 42.3827515
0.6570000 -9.1918097
0.6580000 1.1845282
0.6590000 31.3525047
0.6600000 64.9865723
0.6610000 19.7080498
0.6620000 -90.8316116
0.6630000 -1.9438844
0.6640000 22.8360310
0.6650000 -11.5142221
0.6660000 31.7980080
0.6670000 6.3827124
0.6680000 9.2666626
0.6690000 10.6286526
0.6700000 -36.1636734
0.6710000 -38.1507416
0.6720000 51.8753319
0.6730000 14.5302677
0.6740000 16.0926323
0.6750000 -6.0429177
0.6760000 -5.8037009
0.6770000 -6.6841540
0.6780000 52.3849716
0.6790000 -6.5753202
0.6800000 23.2764320
0.6810000 -60.9114876
0.6820000 31.9197807
0.6830000 21.4676762
0.6840000 8.8692112
0.6850000 -20.7792511
0.6860000 -16.5049763
0.6870000 38.6009064
0.6880000 -14.8056984
0.6890000 -9.6598234
0.6900000 -46.4090614
0.6910000 23.1843510
0.6920000 35.4431458
0.6930000 -16.8674088
0.6940000 18.6462612
0.6950000 52.4486504
0.6960000 36.5411797
0.6970000 -21.2276630
0.6980000 86.1957703
0.6990000 -5.8064051
0.7000000 83.8935852
0.7010000 22.9807625
0.7020000 13.5496645
0.7030000 -49.6919937
0.7040000 15.0079794
0.7050000 32.5965576
0.7060000 -21.4510422
0.7070000 -12.7573404
0.7080000 -8.6915407
0.7090000 22.5951633
0.7100000 -61.1778450
0.7110000 11.8263884
0.7120000 -4.1068015
0.7130000 -68.3102493
0.7140000 -35.9601402
0.7150000 -29.2787971
0.7160000 -37.5154877
0.7170000 41.8116379
0.7180000 15.1361256
0.7190000 -41.5338478
0.7200000 30.4972897
0.7210000 60.1339417
0.7220000 -10.6096306
0.7230000 -6.6589880
0.7240000 -16.1907005
0.7250000 5.7489419
0.7260000 -86.3846893
0.7270000 -12.4905138
0.7280000 -25.7838192
0.7290000 6.6336870
0.7300000 -62.1916962
0.7310000 16.8633327
0.7320000 -2.5059438
0.7330000 -29.6784229
0.7340000 -24.8853359
0.7350000 56.3615952
0.7360000 -71.1618652
0.7370000 45.1554947
0.7380000 3.0667925
0.7390000 -2.4566665
0.7400000 15.4446602
0.7410000 -26.0771008
0.7420000 9.3267899
0.7430000 30.1997757
0.7440000 36.9645538
0.7450000 4.7098641
0.7460000 -8.7294312
0.7470000 41.6424332
0.7480000 -26.1033401
0.7490000 52.7029991
0.7500000 59.7350502
0.7510000 0.5074512
0.7520000 -22.9078846
0.7530000 51.2197189
0.7540000 -39.8629379
0.7550000 -10.8720446
0.7560000 -18.8705273
0.7570000 29.7105408
0.7580000 -3.6526928
0.7590000 -31.2033157
0.7600000 53.1290703
0.7610000 10.9406700
0.7620000 -12.1555653
0.7630000 34.0257187
0.7640000 -16.2055817
0.7650000 -14.0513678
0.7660000 14.7088881
0.7670000 -1.0908712
0.7680000 -75.1737289
0.7690000 -31.9130249
0.7700000 -69.1034622
0.7710000 49.0678139
0.7720000 -16.7040977
0.7730000 23.8316002
0.7740000 -18.1884689
0.7750000 -48.6648827
0.7760000 -55.2525558
0.7770000 26.1419086
0.7780000 58.4247284
0.7790000 -12.1978045
0.7800000 -52.4680595
0.7810000 -6.3866510
0.7820000 -12.2544193
0.7830000 -5.4056859
0.7840000 5.2394500
0.7850000 7.2775202
0.7860000 94.9728470
0.7870000 -12.2130480
0.7880000 -41.5336571
0.7890000 12.4137936
0.7900000 8.9969797
0.7910000 14.9350042
0.7920000 4.5005021
0.7930000 23.2283421
0.7940000 -58.1881485
0.7950000 25.8092613
0.7960000 26.9705467
0.7970000 77.6017685
0.7980000 -76.2150421
0.7990000 -12.1853828
0.8000000 13.0096321
0.8010000 -26.4438267
0.8020000 42.0337334
0.8030000 83.4374695
0.8040000 -37.0558548
0.8050000 -43.0570793
0.8060000 60.4633408
0.8070000 -3.3819940
0.8080000 -34.6181488
0.8090000 12.7892380
0.8100000 -36.4513817
0.8110000 50.1475945
0.8120000 11.8840294
0.8130000 26.4511185
0.8140000 42.4243622
0.8150000 8.0477343
0.8160000 -9.5839281
0.8170000 8.8654871
0.8180000 30.5945168
0.8190000 28.7873363
0.8200000 -49.5393105
0.8210000 27.6844826
0.8220000 36.9525642
0.8230000 -7.6991282
0.8240000 3.7014112
0.8250000 -28.2923527
0.8260000 -3.6107841
0.8270000 19.8538265
0.8280000 57.0179176
0.8290000 35.1493492
0.8300000 -26.8835506
0.8310000 -58.7563934
0.8320000 -0.3855068
0.8330000 26.6691055
0.8340000 -30.1666126
0.8350000 9.6526642
0.8360000 -65.6920166
0.8370000 38.0696449
0.8380000 13.3904858
0.8390000 16.1645985
0.8400000 -2.1310961
0.8410000 -26.2797298
0.8420000 -14.6037397
0.8430000 -78.9323273
0.8440000 -30.6839542
0.8450000 11.3837862
0.8460000 15.3255119
0.8470000 -51.9474258
0.8480000 17.9981537
0.8490000 -32.6031837
0.8500000 20.4697151
0.8510000 7.3771701
0.8520000 11.7621317
0.8530000 55.7711525
0.8540000 -20.9833546
0.8550000 16.4101810
0.8560000 30.2715950
0.8570000 -29.7594376
0.8580000 2.1198800
0.8590000 39.4468803
0.8600000 7.6557007
0.8610000 1.8224499
0.8620000 -12.9389858
0.8630000 79.0143280
0.8640000 23.0281334
0.8650000 8.5281916
0.8660000 7.8229275
0.8670000 -80.2088699
0.8680000 13.0803375
0.8690000 0.6640901
0.8700000 38.4993668
0.8710000 5.6085377
0.8720000 5.0988975
0.8730000 77.3968964
0.8740000 22.3912735
0.8750000 14.4341364
0.8760000 -44.7385712
0.8770000 -0.2336495
0.8780000 -26.3721790
0.8790000 1.4346684
0.8800000 0.4050628
0.8810000 17.2339725
0.8820000 29.3987236
0.8830000 58.9237633
0.8840000 -54.0385780
0.8850000 -20.7469902
0.8860000 -12.4607553
0.8870000 28.0441837
0.8880000 12.7877426
0.8890000 -70.3022232
0.8900000 25.5410595
0.8910000 14.6831884
0.8920000 -13.4016085
0.8930000 29.5380669
0.8940000 -7.2975888
0.8950000 21.9547157
0.8960000 18.8744278
0.8970000 -5.0370712
0.8980000 -3.4304454
0.8990000 0.1763560
0.9000000 1.2941173
0.9010000 -42.5733109
0.9020000 -15.0431395
0.9030000 8.5153961
0.9040000 33.0339546
0.9050000 28.0486469
0.9060000 43.3809395
0.9070000 64.4314728
0.9080000 -9.7185469
0.9090000 38.7636375
0.9100000 -16.7875614
0.9110000 11.2998991
0.9120000 43.0323486
0.9130000 6.9645133
0.9140000 -63.5962486
0.9150000 0.9626323
0.9160000 -3.1098506
0.9170000 -83.7555923
0.9180000 21.4527664
0.9190000 58.5010834
0.9200000 -43.8515930
0.9210000 -41.7854042
0.9220000 -21.1279926
0.9230000 -17.8730125
0.9240000 11.9932833
0.9250000 21.9947128
0.9260000 -11.4851780
0.9270000 -7.1347957
0.9280000 38.1327553
0.9290000 -17.5610046
0.9300000 -5.6668644
0.9310000 -74.0760956
0.9320000 55.2787399
0.9330000 -2.6815035
0.9340000 -34.5679893
0.9350000 -6.9870815
0.9360000 -8.5998526
0.9370000 -7.4620023
0.9380000 -18.2047005
0.9390000 13.1114244
0.9400000 88.2887039
0.9410000 -23.7795868
0.9420000 22.7587605
0.9430000 -38.9368973
0.9440000 9.7960281
0.9450000 23.5217419
0.9460000 -7.2884517
0.9470000 -41.6882172
0.9480000 -22.9086819
0.9490000 -24.8995419
0.9500000 -2.5369701
0.9510000 29.8990078
0.9520000 -37.1830978
0.9530000 37.6607819
0.9540000 12.4983921
0.9550000 49.2223053
0.9560000 21.7544479
0.9570000 -30.5751286
0.9580000 -12.0248260
0.9590000 18.0373631
0.9600000 32.4279213
0.9610000 -22.8150749
0.9620000 -18.3794479
0.9630000 -33.3153954
0.9640000 2.6415544
0.9650000 -23.9062576
0.9660000 80.3741150
0.9670000 13.8996201
0.9680000 8.0200186
0.9690000 -30.3237247
0.9700000 -11.8380089
0.9710000 -29.0614357
0.9720000 18.8747635
0.9730000 25.9264793
0.9740000 14.2936649
0.9750000 80.9898529
0.9760000 44.9625359
0.9770000 29.8637676
0.9780000 14.9378500
0.9790000 31.7007141
0.9800000 -10.3376493
0.9810000 58.1344070
0.9820000 32.9206543
0.9830000 -40.7441368
0.9840000 10.2137489
0.9850000 -8.8951569
0.9860000 -4.0062208
0.9870000 -34.9916687
0.9880000 -7.6828151
0.9890000 21.5679131
0.9900000 -16.2785892
0.9910000 -14.1639366
0.9920000 -39.3279953
0.9930000 -17.5260201
0.9940000 36.0600586
0.9950000 6.2085199
0.9960000 41.7749138
0.9970000 -0.1953774
0.9980000 -48.8660965
0.9990000 -70.0944901
