0.0000000 -4.0953989
0.0010000 -37.4220276
0.0020000 -19.2446308
0.0030000 -12.1932087
0.0040000 -23.5774937
0.0050000 -23.1792431
0.0060000 -31.4112911
0.0070000 41.4341583
0.0080000 -6.8355565
0.0090000 -4.4819050
0.0100000 60.7581635
0.0110000 17.7581253
0.0120000 -0.1774856
0.0130000 22.6686096
0.0140000 14.0435905
0.0150000 50.6987190
0.0160000 9.9950151
0.0170000 -22.9359455
0.0180000 -6.4854884
0.0190000 15.5747786
0.0200000 -31.0219059
0.0210000 19.8303394
0.0220000 28.0489616
0.0230000 -33.4234772
0.0240000 49.8961792
0.0250000 -28.0554714
0.0260000 -13.2267237
0.0270000 6.0100894
0.0280000 -5.8504453
0.0290000 -21.0960770
0.0300000 -19.9063091
0.0310000 -25.7800426
0.0320000 47.5329475
0.0330000 23.1732941
0.0340000 30.4659424
0.0350000 16.4765816
0.0360000 4.1310167
0.0370000 5.5412040
0.0380000 -34.4327202
0.0390000 -24.7700710
0.0400000 -11.1333914
0.0410000 -32.4915581
0.0420000 -15.0159063
0.0430000 -4.4096742
0.0440000 -40.1312027
0.0450000 25.1933632
0.0460000 21.0233974
0.0470000 20.2410450
0.0480000 59.0487366
0.0490000 -16.6855488
0.0500000 18.9166508
0.0510000 32.4569473
0.0520000 4.4120264
0.0530000 -3.4751983
0.0540000 40.8738899
0.0550000 -3.6913602
0.0560000 -39.2836761
0.0570000 25.4801311
0.0580000 -22.7092304
0.0590000 21.9018230
0.0600000 3.9334223
0.0610000 -65.5482407
0.0620000 -17.7499485
0.0630000 -44.9483871
0.0640000 45.7768288
0.0650000 23.5650311
0.0660000 -7.1153445
0.0670000 17.1674614
0.0680000 -25.0895615
0.0690000 20.6237926
0.0700000 -30.7151890
0.0710000 7.0472126
0.0720000 39.2647209
0.0730000 12.5557013
0.0740000 -30.5979176
0.0750000 1.7346702
0.0760000 36.9563484
0.0770000 58.8366852
0.0780000 41.5523186
0.0790000 30.4383144
0.0800000 2.3880084
0.0810000 -14.1926708
0.0820000 -15.2279930
0.0830000 -58.0871696
0.0840000 31.0448017
0.0850000 37.2196960
0.0860000 3.7655661
0.0870000 -7.9501677
0.0880000 -72.0935898
0.0890000 47.1858711
0.0900000 -1.9956758
0.0910000 28.3699760
0.0920000 -19.8388958
0.0930000 -23.1294060
0.0940000 13.3325615
0.0950000 -10.4872875
0.0960000 48.6732941
0.0970000 -4.7712731
0.0980000 8.0105114
0.0990000 -14.0216064
0.1000000 6.7492795
0.1010000 16.9725838
0.1020000 16.7483730
0.1030000 13.6081839
0.1040000 -27.2279549
0.1050000 -11.6197224
0.1060000 -21.9901657
0.1070000 10.4837580
0.1080000 12.6737347
0.1090000 38.7713585
0.1100000 18.5176258
0.1110000 19.3756886
0.1120000 -1.9092107
0.1130000 17.2463551
0.1140000 -0.9121247
0.1150000 47.0142326
0.1160000 59.8039894
0.1170000 -20.9866924
0.1180000 -74.1136932
0.1190000 28.0544338
0.1200000 23.8255234
0.1210000 7.8132200
0.1220000 -29.8323326
0.1230000 -8.6852512
0.1240000 8.1012821
0.1250000 -35.2978172
0.1260000 40.8369064
0.1270000 -17.8134174
0.1280000 -49.0611343
0.1290000 -59.1797218
0.1300000 64.5903397
0.1310000 -37.2676163
0.1320000 11.7324133
0.1330000 -25.0794296
0.1340000 39.9423027
0.1350000 -11.1500854
0.1360000 3.9294491
0.1370000 27.8179932
0.1380000 9.0050278
0.1390000 -92.8596115
0.1400000 -17.1194382
0.1410000 -80.9110184
0.1420000 -14.7802410
0.1430000 -19.7741547
0.1440000 10.7345295
0.1450000 -9.6997128
0.1460000 60.8555984
0.1470000 15.7749777
0.1480000 -6.1710119
0.1490000 57.8834381
0.1500000 -16.7152023
0.1510000 -18.9410496
0.1520000 -20.9655533
0.1530000 -71.2503586
0.1540000 -7.8739657
0.1550000 -19.0582085
0.1560000 -8.9569492
0.1570000 -6.2134967
0.1580000 3.2770433
0.1590000 -0.5108830
0.1600000 0.8010876
0.1610000 20.6949940
0.1620000 17.3998680
0.1630000 61.7206039
0.1640000 36.1091080
0.1650000 -71.4273224
0.1660000 -5.0892916
0.1670000 -55.3198853
0.1680000 -73.8761444
0.1690000 45.7492180
0.1700000 5.5775704
0.1710000 -10.3452988
0.1720000 43.3343582
0.1730000 -22.2404385
0.1740000 12.4595661
0.1750000 -24.8156605
0.1760000 -38.9962654
0.1770000 -16.1704865
0.1780000 20.0804672
0.1790000 -40.7828331
0.1800000 -9.9562778
0.1810000 47.2210617
0.1820000 29.9993114
0.1830000 4.7092953
0.1840000 36.8496513
0.1850000 19.1848812
0.1860000 -12.2556629
0.1870000 -42.4264450
0.1880000 -28.5269890
0.1890000 -22.4763374
0.1900000 32.7888908
0.1910000 20.0709476
0.1920000 -45.3757668
0.1930000 -16.7297897
0.1940000 -25.1314220
0.1950000 35.0663261
0.1960000 6.6459713
0.1970000 -18.4951229
0.1980000 -17.1626930
0.1990000 -7.6435518
0.2000000 10.8608751
0.2010000 26.1773472
0.2020000 -8.3728714
0.2030000 -2.5971146
0.2040000 -29.9926987
0.2050000 16.1220398
0.2060000 9.0413179
0.2070000 7.4943213
0.2080000 9.8449364
0.2090000 -42.1731987
0.2100000 21.8337193
0.2110000 -6.9594498
0.2120000 -64.8909073
0.2130000 -0.3723877
0.2140000 -11.7624960
0.2150000 37.0411873
0.2160000 -6.3970270
0.2170000 -19.6239948
0.2180000 23.0589428
0.2190000 26.6024818
0.2200000 -5.3314047
0.2210000 5.2851920
0.2220000 -14.8234940
0.2230000 -0.1093991
0.2240000 -20.3306580
0.2250000 15.4409161
0.2260000 -43.7079391
0.2270000 -21.6678467
0.2280000 26.6471386
0.2290000 -4.2341366
0.2300000 30.8795986
0.2310000 1.8443547
0.2320000 -3.9420385
0.2330000 79.9745636
0.2340000 5.6707616
0.2350000 20.3050365
0.2360000 4.2641783
0.2370000 -39.0514679
0.2380000 30.2784252
0.2390000 -0.2103553
0.2400000 -14.9199390
0.2410000 -14.4846067
0.2420000 -25.0117111
0.2430000 -19.8003139
0.2440000 31.5402908
0.2450000 15.8678751
0.2460000 -1.3493991
0.2470000 -57.6883621
0.2480000 57.7203026
0.2490000 16.1281605
0.2500000 -2.4697835
0.2510000 -36.0335007
0.2520000 -4.9862914
0.2530000 -24.8963318
0.2540000 -51.0253983
0.2550000 -31.9628773
0.2560000 9.9003410
0.2570000 73.0808411
0.2580000 -25.7333050
0.2590000 24.5757923
0.2600000 8.9059343
0.2610000 9.6811647
0.2620000 58.7788963
0.2630000 51.2579651
0.2640000 -11.6232815
0.2650000 -57.2598000
0.2660000 -7.3834162
0.2670000 83.1902924
0.2680000 34.1540031
0.2690000 37.4479904
0.2700000 0.7536666
0.2710000 -1.7194084
0.2720000 -14.9443102
0.2730000 2.1208637
0.2740000 -59.3142471
0.2750000 0.0264659
0.2760000 -27.2775497
0.2770000 -29.9447994
0.2780000 17.0076389
0.2790000 19.4469299
0.2800000 23.3288231
0.2810000 -38.9524040
0.2820000 21.0154667
0.2830000 -19.1066113
0.2840000 61.2178421
0.2850000 -0.6082266
0.2860000 -28.3097839
0.2870000 -5.0459085
0.2880000 61.9531250
0.2890000 6.9003086
0.2900000 44.1824455
0.2910000 0.4512825
0.2920000 -54.9190025
0.2930000 -52.4969254
0.2940000 -44.9905853
0.2950000 -4.4201617
0.2960000 -6.7675366
0.2970000 -86.3513947
0.2980000 -2.1625285
0.2990000 -59.9724197
0.3000000 -2.2776325
0.3010000 -34.7772560
0.3020000 -17.0294304
0.3030000 -47.2242317
0.3040000 19.5406151
0.3050000 9.5129948
0.3060000 20.2830811
0.3070000 -9.5164642
0.3080000 -23.8930225
0.3090000 -30.9037647
0.3100000 -48.3109474
0.3110000 4.4722219
0.3120000 38.9951210
0.3130000 35.9749718
0.3140000 54.7634277
0.3150000 67.1128922
0.3160000 25.0831032
0.3170000 33.3728371
0.3180000 32.4617920
0.3190000 -47.0612297
0.3200000 60.8978844
0.3210000 -23.4228382
0.3220000 9.9112253
0.3230000 19.5380020
0.3240000 4.3237314
0.3250000 -22.8421803
0.3260000 -18.3714123
0.3270000 -25.7965221
0.3280000 -54.0273170
0.3290000 42.5286026
0.3300000 36.1564713
0.3310000 -13.9728003
0.3320000 33.2452278
0.3330000 -16.5122509
0.3340000 -27.4453220
0.3350000 12.0631237
0.3360000 58.6725883
0.3370000 -17.4058018
0.3380000 -19.2760296
0.3390000 22.4812050
0.3400000 -28.3333015
0.3410000 11.9744024
0.3420000 82.2947845
0.3430000 -15.9107580
0.3440000 20.4161224
0.3450000 60.7124672
0.3460000 36.7298088
0.3470000 32.6879005
0.3480000 18.6170673
0.3490000 -38.1606979
0.3500000 -33.4310570
0.3510000 -26.8730736
0.3520000 15.5110435
0.3530000 20.8837109
0.3540000 -34.0375099
0.3550000 -30.2134399
0.3560000 -39.2942848
0.3570000 2.3531475
0.3580000 -48.5539932
0.3590000 5.3851528
0.3600000 41.9619598
0.3610000 9.5885563
0.3620000 23.1397533
0.3630000 33.1129532
0.3640000 53.5168419
0.3650000 28.7135830
0.3660000 26.7933922
0.3670000 42.6578293
0.3680000 -2.8880975
0.3690000 -14.9643106
0.3700000 44.5889015
0.3710000 46.4771957
0.3720000 51.8280830
0.3730000 8.0671978
0.3740000 97.7778244
0.3750000 14.7042513
0.3760000 -33.3723640
0.3770000 25.5623093
0.3780000 -1.3449942
0.3790000 3.5648868
0.3800000 -42.4863396
0.3810000 -12.0585213
0.3820000 7.5314717
0.3830000 87.8137894
0.3840000 17.0258999
0.3850000 64.1629486
0.3860000 -20.9034595
0.3870000 33.0256653
0.3880000 -10.2701330
0.3890000 1.1455181
0.3900000 62.1408005
0.3910000 18.7949944
0.3920000 -36.9644737
0.3930000 -19.5058270
0.3940000 9.1367378
0.3950000 26.7621975
0.3960000 49.6157150
0.3970000 -52.7153053
0.3980000 -9.3169298
0.3990000 56.5007172
0.4000000 34.9548721
0.4010000 -7.6159778
0.4020000 -41.1034393
0.4030000 -56.0541306
0.4040000 -17.4418011
0.4050000 -56.8968811
0.4060000 19.4813995
0.4070000 21.4464264
0.4080000 -9.1406097
0.4090000 -0.8572071
0.4100000 -6.6583438
0.4110000 -71.7522049
0.4120000 82.1889114
0.4130000 8.3064299
0.4140000 27.8546238
0.4150000 -4.1549678
0.4160000 31.0392284
0.4170000 17.0868912
0.4180000 54.5254250
0.4190000 63.5042419
0.4200000 -44.4548607
0.4210000 73.3783569
0.4220000 3.1936491
0.4230000 -17.0293274
0.4240000 22.4341583
0.4250000 13.3559780
0.4260000 73.8983765
0.4270000 5.3347654
0.4280000 8.1729984
0.4290000 46.9439049
0.4300000 26.3252754
0.4310000 36.1566124
0.4320000 34.3477020
0.4330000 41.2501831
0.4340000 -45.1394615
0.4350000 -96.2250443
0.4360000 -10.8815289
0.4370000 -0.9487646
0.4380000 20.9303188
0.4390000 21.1006985
0.4400000 51.8154259
0.4410000 -49.9201050
0.4420000 -17.2891197
0.4430000 47.7837181
0.4440000 4.5235577
0.4450000 9.1445427
0.4460000 -32.8170815
0.4470000 10.6769304
0.4480000 21.4840393
0.4490000 6.7776256
0.4500000 42.7921295
0.4510000 25.3342152
0.4520000 -37.9520378
0.4530000 22.7623711
0.4540000 -20.6199627
0.4550000 86.8665543
0.4560000 30.5513287
0.4570000 -55.0392418
0.4580000 69.4769745
0.4590000 -4.3991928
0.4600000 34.1665802
0.4610000 -11.4851551
0.4620000 47.7522736
0.4630000 -88.3492050
0.4640000 5.7473712
0.4650000 -57.8594742
0.4660000 -27.2750854
0.4670000 25.9291477
0.4680000 -28.5457268
0.4690000 -52.9380836
0.4700000 -55.8079720
0.4710000 4.7293839
0.4720000 21.9042416
0.4730000 -17.3620548
0.4740000 -62.0496826
0.4750000 10.0721569
0.4760000 7.5555081
0.4770000 53.3638229
0.4780000 23.0033150
0.4790000 -4.3094244
0.4800000 19.0599098
0.4810000 21.9828014
0.4820000 63.3170547
0.4830000 -13.2585316
0.4840000 35.9153900
0.4850000 -16.8631420
0.4860000 -23.8758717
0.4870000 -29.9642754
0.4880000 38.4544296
0.4890000 -60.0684090
0.4900000 -9.2362375
0.4910000 8.0251350
0.4920000 4.1961021
0.4930000 18.7396011
0.4940000 -58.2271996
0.4950000 -57.3101616
0.4960000 -12.3980732
0.4970000 9.7447166
0.4980000 -27.6297588
0.4990000 74.3160858
0.5000000 15.0239124
0.5010000 49.8364525
0.5020000 60.3598442
0.5030000 -64.9373093
0.5040000 51.2264977
0.5050000 -45.1410179
0.5060000 8.8269939
0.5070000 -31.5551395
0.5080000 27.6109257
0.5090000 -21.7654362
0.5100000 -24.3496857
0.5110000 21.8281116
0.5120000 28.3411942
0.5130000 48.9767303
0.5140000 -9.6879511
0.5150000 -1.9392511
0.5160000 36.5312767
0.5170000 6.1198730
0.5180000 20.1839333
0.5190000 -52.6218071
0.5200000 2.8222454
0.5210000 24.1548042
0.5220000 -29.2770729
0.5230000 -1.0023073
0.5240000 2.0427597
0.5250000 -23.2797394
0.5260000 0.9183424
0.5270000 9.7351341
0.5280000 46.0090637
0.5290000 -24.2421303
0.5300000 -33.1719742
0.5310000 3.7452548
0.5320000 41.4233475
0.5330000 -19.2617531
0.5340000 -75.3050690
0.5350000 1.6959034
0.5360000 3.4250786
0.5370000 -47.4883537
0.5380000 -19.5314503
0.5390000 -28.0758629
0.5400000 -13.5679655
0.5410000 -63.0628128
0.5420000 13.5677404
0.5430000 14.4942465
0.5440000 65.5445862
0.5450000 1.0600905
0.5460000 -35.4820633
0.5470000 24.3667107
0.5480000 -15.5750284
0.5490000 -52.2236481
0.5500000 68.0597382
0.5510000 -6.1292610
0.5520000 12.9036322
0.5530000 -35.6155624
0.5540000 15.5380983
0.5550000 -0.6431904
0.5560000 -1.9124994
0.5570000 18.0576668
0.5580000 10.1456318
0.5590000 25.7389126
0.5600000 42.7241974
0.5610000 -23.7473965
0.5620000 -42.3201714
0.5630000 5.9333968
0.5640000 -6.3815184
0.5650000 -92.1307678
0.5660000 76.5113983
0.5670000 -15.7925749
0.5680000 -32.0891647
0.5690000 16.3236694
0.5700000 -49.3703918
0.5710000 -39.4377708
0.5720000 34.4378128
0.5730000 33.2851143
0.5740000 -29.3522625
0.5750000 3.8500702
0.5760000 34.1793060
0.5770000 -17.0403023
0.5780000 55.2389565
0.5790000 16.9113693
0.5800000 -38.7736893
0.5810000 13.8177853
0.5820000 -32.8426514
0.5830000 37.0729904
0.5840000 50.2130623
0.5850000 0.5463968
0.5860000 -16.2954330
0.5870000 46.3191109
0.5880000 29.0405426
0.5890000 -17.1645184
0.5900000 40.5756035
0.5910000 -16.1082134
0.5920000 55.3666344
0.5930000 23.5383034
0.5940000 2.3344133
0.5950000 25.5610733
0.5960000 12.7203121
0.5970000 -34.3962364
0.5980000 -41.0271950
0.5990000 -16.7333183
0.6000000 37.4281693
0.6010000 72.0344391
0.6020000 2.8536069
0.6030000 -20.0813770
0.6040000 2.5258372
0.6050000 16.7755432
0.6060000 29.6311302
0.6070000 -8.6436768
0.6080000 -40.7326012
0.6090000 -60.8766289
0.6100000 16.1123238
0.6110000 -21.3801517
0.6120000 -40.0894623
0.6130000 39.1328888
0.6140000 -38.9687309
0.6150000 -85.3723526
0.6160000 9.7462502
0.6170000 -13.2548227
0.6180000 13.3322067
0.6190000 -1.6978118
0.6200000 6.0132508
0.6210000 26.6559162
0.6220000 -29.0572872
0.6230000 59.4989891
0.6240000 -62.1168861
0.6250000 0.5814898
0.6260000 3.2523427
0.6270000 27.3047791
0.6280000 1.6423481
0.6290000 -52.7305794
0.6300000 -3.0086446
0.6310000 -32.7757568
0.6320000 -7.9420605
0.6330000 -24.3821220
0.6340000 24.2190628
0.6350000 -31.6571865
0.6360000 -26.4354572
0.6370000 -27.9877224
0.6380000 20.4347382
0.6390000 -10.2604923
0.6400000 -5.7010798
0.6410000 6.6706181
0.6420000 -14.7738800
0.6430000 17.1508465
0.6440000 -31.4660168
0.6450000 57.1998558
0.6460000 38.2864151
0.6470000 13.9783096
0.6480000 -54.1602859
0.6490000 13.5136967
0.6500000 8.5647926
0.6510000 2.6190934
0.6520000 -2.1620858
0.6530000 83.1868134
0.6540000 37.0342026
0.6550000 -21.9095879
0.6560000 -18.3199368
0.6570000 -39.2941246
0.6580000 -37.3603401
0.6590000 3.1870914
0.6600000 43.4672432
0.6610000 41.8611336
0.6620000 -5.3236942
0.6630000 36.4263496
0.6640000 10.1078281
0.6650000 0.1217945
0.6660000 63.0094185
0.6670000 -32.5958252
0.6680000 30.0981045
0.6690000 29.1086884
0.6700000 34.0209503
0.6710000 13.3685064
0.6720000 -7.3594012
0.6730000 9.0070343
0.6740000 10.3651304
0.6750000 -46.3680649
0.6760000 42.8091087
0.6770000 37.6956100
0.6780000 62.0358315
0.6790000 55.1663475
0.6800000 -12.6827183
0.6810000 25.3001747
0.6820000 9.6258259
0.6830000 83.9928131
0.6840000 52.1732254
0.6850000 24.6141815
0.6860000 -70.6265411
0.6870000 97.9047089
0.6880000 11.9141932
0.6890000 -35.9173088
0.6900000 32.7941284
0.6910000 10.5728817
0.6920000 74.7713852
0.6930000 -92.9430161
0.6940000 45.8255997
0.6950000 32.2623291
0.6960000 33.9544868
0.6970000 -2.0097244
0.6980000 5.4845939
0.6990000 10.7835665
0.7000000 21.4958801
0.7010000 -50.6544418
0.7020000 6.3022647
0.7030000 -8.4486399
0.7040000 24.8986435
0.7050000 2.8072855
0.7060000 9.9562559
0.7070000 32.4490242
0.7080000 -4.1371636
0.7090000 -45.2907181
0.7100000 -34.4064980
0.7110000 49.9218864
0.7120000 -4.1079397
0.7130000 -56.3324203
0.7140000 -46.9579582
0.7150000 -29.9169292
0.7160000 63.7399788
0.7170000 0.0431119
0.7180000 14.9590712
0.7190000 -6.6320953
0.7200000 28.7200279
0.7210000 29.0487480
0.7220000 -19.6502151
0.7230000 -59.4918289
0.7240000 -20.1831226
0.7250000 -29.3628712
0.7260000 31.5217304
0.7270000 -20.6155052
0.7280000 24.0459442
0.7290000 -52.1466789
0.7300000 -20.4338017
0.7310000 14.3626184
0.7320000 -8.6758318
0.7330000 36.6890144
0.7340000 30.1139240
0.7350000 33.2425957
0.7360000 27.6769791
0.7370000 39.2578163
0.7380000 6.0453529
0.7390000 19.0881100
0.7400000 49.0926514
0.7410000 19.6954918
0.7420000 -4.7031422
0.7430000 24.2795467
0.7440000 -3.0806184
0.7450000 23.5441914
0.7460000 62.9285469
0.7470000 -37.2939949
0.7480000 -1.0356654
0.7490000 65.5175934
0.7500000 0.9703237
0.7510000 31.9052696
0.7520000 16.4288387
0.7530000 -50.8641739
0.7540000 18.9854450
0.7550000 -58.9889565
0.7560000 -19.2966995
0.7570000 19.2186337
0.7580000 9.3371563
0.7590000 24.4253864
0.7600000 12.5057716
0.7610000 -8.2651005
0.7620000 -0.2316348
0.7630000 -55.5577698
0.7640000 -37.1017227
0.7650000 -55.2095757
0.7660000 -0.7836600
0.7670000 10.1553679
0.7680000 -25.8446522
0.7690000 40.2136688
0.7700000 -19.6187515
0.7710000 -30.2819786
0.7720000 9.9446726
0.7730000 -6.6723747
0.7740000 32.5156898
0.7750000 -62.0748100
0.7760000 27.7862816
0.7770000 -11.7267113
0.7780000 -21.7743702
0.7790000 23.4231071
0.7800000 7.2428484
0.7810000 -2.2427907
0.7820000 -28.2776833
0.7830000 -51.9564438
0.7840000 -9.8905449
0.7850000 12.1743517
0.7860000 -8.1975002
0.7870000 -31.5273323
0.7880000 -21.3322945
0.7890000 -13.7291365
0.7900000 -5.6630926
0.7910000 -14.3359461
0.7920000 -22.9680958
0.7930000 89.0158539
0.7940000 55.6618118
0.7950000 -28.9834080
0.7960000 33.9337807
0.7970000 25.3660946
0.7980000 17.6887417
0.7990000 16.1932468
0.8000000 6.1963983
0.8010000 67.6221466
0.8020000 -3.1538918
0.8030000 23.8506222
0.8040000 31.0697365
0.8050000 -46.7780457
0.8060000 -78.0301590
0.8070000 41.4402428
0.8080000 76.0750656
0.8090000 0.4867314
0.8100000 14.9326038
0.8110000 27.0839901
0.8120000 25.1950817
0.8130000 -21.6081600
0.8140000 10.5391426
0.8150000 36.4451561
0.8160000 22.1115208
0.8170000 33.9856682
0.8180000 15.8777876
0.8190000 30.2366562
0.8200000 -0.7023576
0.8210000 -3.3578110
0.8220000 -42.9710426
0.8230000 65.0087280
0.8240000 -24.9849167
0.8250000 -15.9440718
0.8260000 -17.6002502
0.8270000 1.8577572
0.8280000 -29.3327904
0.8290000 45.4969749
0.8300000 -0.5051201
0.8310000 33.0217476
0.8320000 13.9026260
0.8330000 33.0253410
0.8340000 44.1136017
0.8350000 14.9476347
0.8360000 -2.4156861
0.8370000 -29.6638660
0.8380000 -28.6441422
0.8390000 10.6039371
0.8400000 9.8472919
0.8410000 10.0791492
0.8420000 22.0345364
0.8430000 -20.7499504
0.8440000 -11.7304296
0.8450000 9.8449554
0.8460000 -51.7266426
0.8470000 48.3643684
0.8480000 58.8502846
0.8490000 45.7292938
0.8500000 1.2143012
0.8510000 -75.0772934
0.8520000 -1.0032500
0.8530000 0.8788689
0.8540000 26.4734707
0.8550000 -15.7205439
0.8560000 -43.9569626
0.8570000 -11.9330492
0.8580000 -40.1096001
0.8590000 -19.6285477
0.8600000 -10.5148726
0.8610000 -28.0761909
0.8620000 -14.2639923
0.8630000 40.1375046
0.8640000 -16.2287712
0.8650000 17.5783043
0.8660000 16.0037308
0.8670000 6.1850429
0.8680000 29.6331234
0.8690000 -14.5965672
0.8700000 87.5436096
0.8710000 -29.8604736
0.8720000 54.2948341
0.8730000 -35.9388199
0.8740000 -5.0816903
0.8750000 51.0309563
0.8760000 39.4147339
0.8770000 -5.9819126
0.8780000 0.8456312
0.8790000 2.8724082
0.8800000 -17.0038891
0.8810000 8.5766125
0.8820000 -39.1086998
0.8830000 -36.0327988
0.8840000 -24.1582489
0.8850000 -22.6089478
0.8860000 42.1916847
0.8870000 -17.3488445
0.8880000 -31.1784134
0.8890000 9.5521135
0.8900000 -9.5999985
0.8910000 46.5128670
0.8920000 16.6005325
0.8930000 1.2617611
0.8940000 -19.3025570
0.8950000 -0.0594996
0.8960000 26.7132378
0.8970000 40.1550713
0.8980000 43.0773239
0.8990000 -11.5063725
0.9000000 -49.8050537
0.9010000 -13.5347567
0.9020000 -32.2465515
0.9030000 -23.5029831
0.9040000 -18.7033920
0.9050000 29.0196819
0.9060000 3.2724681
0.9070000 -42.5492706
0.9080000 -5.3639264
0.9090000 22.3046284
0.9100000 -50.9700012
0.9110000 -24.6765499
0.9120000 7.2421327
0.9130000 40.1635513
0.9140000 19.3170052
0.9150000 -46.0934906
0.9160000 -69.2287292
0.9170000 5.9943399
0.9180000 26.3871880
0.9190000 -0.2653810
0.9200000 29.9190998
0.9210000 10.1703510
0.9220000 55.0966034
0.9230000 9.1090174
0.9240000 70.3166351
0.9250000 -20.7916603
0.9260000 35.1543503
0.9270000 -28.8277569
0.9280000 -11.0373278
0.9290000 -7.0103011
0.9300000 27.9310780
0.9310000 -16.5921822
0.9320000 -0.1474299
0.9330000 9.1106424
0.9340000 42.3339157
0.9350000 -14.5236540
0.9360000 4.9485974
0.9370000 0.8356563
0.9380000 55.2846031
0.9390000 -27.1697769
0.9400000 -56.3457146
0.9410000 -2.3763027
0.9420000 24.9717236
0.9430000 -53.1048775
0.9440000 4.2174096
0.9450000 -20.2890530
0.9460000 -53.9578094
0.9470000 -28.1510963
0.9480000 -2.3855696
0.9490000 -10.1389761
0.9500000 17.4113979
0.9510000 -65.4407272
0.9520000 -5.0174351
0.9530000 -2.1940145
0.9540000 32.4684181
0.9550000 11.4602499
0.9560000 -3.2532709
0.9570000 -17.3524990
0.9580000 39.7374382
0.9590000 -38.6818123
0.9600000 55.3987961
0.9610000 -41.7749825
0.9620000 -42.7819481
0.9630000 3.0677965
0.9640000 42.1266518
0.9650000 -29.7728386
0.9660000 16.2959881
0.9670000 7.7122235
0.9680000 8.1564054
0.9690000 35.9844322
0.9700000 -29.4329777
0.9710000 14.3803949
0.9720000 -26.5000057
0.9730000 -15.0448923
0.9740000 52.2454224
0.9750000 -53.4464874
0.9760000 14.5866919
0.9770000 -43.9450073
0.9780000 19.5334892
0.9790000 -31.0181122
0.9800000 -25.6929207
0.9810000 -61.6236725
0.9820000 -46.4257698
0.9830000 -30.0914879
0.9840000 39.0393066
0.9850000 46.5642319
0.9860000 5.4969525
0.9870000 -52.0555191
0.9880000 11.9149618
0.9890000 25.4490261
0.9900000 3.4607527
0.9910000 -57.6341972
0.9920000 -15.9851799
0.9930000 -6.0949001
0.9940000 -13.1132832
0.9950000 39.4880028
0.9960000 2.8065820
0.9970000 27.6074505
0.9980000 17.4176769
0.9990000 11.2745390
