0.0000000 -7.6522174
0.0010000 2.1164455
0.0020000 -6.3837070
0.0030000 -89.8751526
0.0040000 -29.1235294
0.0050000 7.8861480
0.0060000 12.9937372
0.0070000 -7.8433499
0.0080000 11.0136881
0.0090000 -63.0482559
0.0100000 14.0663900
0.0110000 -12.5358438
0.0120000 2.0951450
0.0130000 -56.5125427
0.0140000 4.2985749
0.0150000 89.4478607
0.0160000 -21.1990471
0.0170000 23.7066612
0.0180000 16.3197880
0.0190000 -21.6092205
0.0200000 -22.0271130
0.0210000 54.2153816
0.0220000 -18.6639557
0.0230000 87.2343674
0.0240000 -12.0582056
0.0250000 10.0119028
0.0260000 -8.9233370
0.0270000 -69.0564651
0.0280000 30.1558990
0.0290000 -40.7472916
0.0300000 23.1493740
0.0310000 59.5440636
0.0320000 7.0695295
0.0330000 4.7795606
0.0340000 18.2713509
0.0350000 5.6440091
0.0360000 48.7489014
0.0370000 54.1863289
0.0380000 77.8015594
0.0390000 -64.2518082
0.0400000 -16.8212051
0.0410000 67.7253418
0.0420000 0.4587978
0.0430000 50.9789047
0.0440000 -0.2544064
0.0450000 25.4420166
0.0460000 5.8702245
0.0470000 -43.9910049
0.0480000 -46.7606430
0.0490000 42.9241600
0.0500000 10.7356462
0.0510000 8.9082346
0.0520000 15.6396141
0.0530000 -14.2421427
0.0540000 62.0953102
0.0550000 1.1762058
0.0560000 11.4296389
0.0570000 24.4437160
0.0580000 -15.4710321
0.0590000 19.6402168
0.0600000 -48.3145180
0.0610000 -0.3278573
0.0620000 54.5968742
0.0630000 -68.6918488
0.0640000 -66.2461166
0.0650000 55.9311829
0.0660000 40.0887680
0.0670000 -16.9779472
0.0680000 30.8811722
0.0690000 -33.2766190
0.0700000 -12.7299986
0.0710000 -25.8486633
0.0720000 13.8750525
0.0730000 -34.1670074
0.0740000 -59.1558037
0.0750000 51.7076225
0.0760000 -19.2728462
0.0770000 36.2837448
0.0780000 55.8000908
0.0790000 12.3861189
0.0800000 41.0205116
0.0810000 -47.3303261
0.0820000 16.0327740
0.0830000 -6.2357974
0.0840000 -8.3219995
0.0850000 45.3786316
0.0860000 -43.4457130
0.0870000 -48.4326630
0.0880000 46.9183617
0.0890000 24.3711529
0.0900000 -32.9385071
0.0910000 38.4297371
0.0920000 4.6337495
0.0930000 -38.1603661
0.0940000 18.6994133
0.0950000 9.7138996
0.0960000 43.7296867
0.0970000 -44.1009789
0.0980000 37.8462143
0.0990000 1.1430993
0.1000000 31.2975807
0.1010000 -10.1721106
0.1020000 -90.1611938
0.1030000 26.1573410
0.1040000 21.4249172
0.1050000 -14.8617125
0.1060000 8.6031456
0.1070000 -14.8203526
0.1080000 13.5761127
0.1090000 -13.1789579
0.1100000 -10.2622433
0.1110000 -43.6287079
0.1120000 22.8694916
0.1130000 -7.2132483
0.1140000 -47.4169121
0.1150000 -24.6757164
0.1160000 82.6801376
0.1170000 -3.8914011
0.1180000 38.9443474
0.1190000 -28.5512123
0.1200000 -13.3603802
0.1210000 0.4299758
0.1220000 -9.9136381
0.1230000 0.4932226
0.1240000 3.2813089
0.1250000 57.1860275
0.1260000 57.3140373
0.1270000 -38.9644623
0.1280000 -85.0514755
0.1290000 -20.7196293
0.1300000 30.8809338
0.1310000 8.5792990
0.1320000 5.7791176
0.1330000 73.7679672
0.1340000 54.3219147
0.1350000 -26.9122353
0.1360000 1.4832987
0.1370000 17.3570194
0.1380000 -15.6778297
0.1390000 -20.8735294
0.1400000 6.9136748
0.1410000 0.2617686
0.1420000 62.2033539
0.1430000 -26.2247410
0.1440000 23.3252335
0.1450000 0.2961586
0.1460000 66.1689606
0.1470000 15.5543356
0.1480000 -14.6728201
0.1490000 0.7207921
0.1500000 -32.5664062
0.1510000 29.6578598
0.1520000 57.5687256
0.1530000 -6.2147207
0.1540000 -64.1856689
0.1550000 -32.3552055
0.1560000 2.5579243
0.1570000 -29.4956150
0.1580000 -18.2698860
0.1590000 54.8778648
0.1600000 -11.3312006
0.1610000 13.1364431
0.1620000 -23.9700241
0.1630000 36.9683952
0.1640000 14.4821987
0.1650000 25.5774097
0.1660000 -11.9555931
0.1670000 -28.9599228
0.1680000 -43.3144760
0.1690000 2.5564423
0.1700000 -42.3657761
0.1710000 44.7439423
0.1720000 64.9319839
0.1730000 44.7707825
0.1740000 8.7706594
0.1750000 -45.0378914
0.1760000 46.0278893
0.1770000 15.2418547
0.1780000 30.7139740
0.1790000 35.8485909
0.1800000 14.4508591
0.1810000 -23.1617928
0.1820000 -44.3465462
0.1830000 -51.4636726
0.1840000 7.7508955
0.1850000 6.4417515
0.1860000 -4.3496690
0.1870000 -67.5234528
0.1880000 6.9607806
0.1890000 -7.4534473
0.1900000 -18.2734280
0.1910000 15.1213751
0.1920000 20.2440357
0.1930000 -36.5072136
0.1940000 -29.1563568
0.1950000 -0.9192945
0.1960000 72.1694107
0.1970000 -23.2484970
0.1980000 42.7804375
0.1990000 -9.7624426
0.2000000 -71.5655518
0.2010000 25.6641827
0.2020000 -8.3835516
0.2030000 28.5515766
0.2040000 -36.8891220
0.2050000 38.0066299
0.2060000 4.5228443
0.2070000 -6.8538828
0.2080000 -14.8897495
0.2090000 -3.7063167
0.2100000 63.5125046
0.2110000 18.1507607
0.2120000 57.2885132
0.2130000 -48.1032677
0.2140000 -27.4258614
0.2150000 -29.4728355
0.2160000 5.3782482
0.2170000 -28.0797367
0.2180000 -16.8772583
0.2190000 -23.5618763
0.2200000 28.1627808
0.2210000 25.2642250
0.2220000 16.8833141
0.2230000 78.8003540
0.2240000 -6.7323637
0.2250000 42.1877022
0.2260000 -36.1132431
0.2270000 12.7798815
0.2280000 26.5948391
0.2290000 45.7696190
0.2300000 -2.2742984
0.2310000 -33.0535202
0.2320000 30.3958778
0.2330000 25.5420818
0.2340000 5.1830812
0.2350000 26.8825035
0.2360000 27.5425873
0.2370000 -90.8243866
0.2380000 -11.8315649
0.2390000 57.6373329
0.2400000 32.2609253
0.2410000 -38.6842918
0.2420000 -24.9912872
0.2430000 28.5094337
0.2440000 12.2504520
0.2450000 -7.5011539
0.2460000 6.3262606
0.2470000 -18.0975571
0.2480000 11.9065256
0.2490000 33.3275223
0.2500000 55.0108490
0.2510000 14.8586607
0.2520000 1.6697018
0.2530000 6.7936945
0.2540000 -27.5725670
0.2550000 10.3038950
0.2560000 -41.5912323
0.2570000 -36.0825768
0.2580000 27.3401356
0.2590000 28.4555683
0.2600000 -3.7564058
0.2610000 -12.0609770
0.2620000 32.8224754
0.2630000 12.5924826
0.2640000 -42.0722656
0.2650000 -14.0684919
0.2660000 -43.0250053
0.2670000 59.4008904
0.2680000 12.7055845
0.2690000 46.8024750
0.2700000 -10.2615700
0.2710000 4.3434286
0.2720000 19.2095966
0.2730000 -7.8901749
0.2740000 29.5227699
0.2750000 5.3969345
0.2760000 23.1820602
0.2770000 35.9638405
0.2780000 -5.4582772
0.2790000 30.9192295
0.2800000 -14.8099995
0.2810000 -70.6086426
0.2820000 8.5260515
0.2830000 -60.5630493
0.2840000 -24.4906101
0.2850000 -12.1300545
0.2860000 36.5604019
0.2870000 4.9374661
0.2880000 -20.2806530
0.2890000 -0.9194411
0.2900000 -31.8548985
0.2910000 -49.4142265
0.2920000 -16.8046970
0.2930000 15.8516417
0.2940000 -41.7534218
0.2950000 -20.7555218
0.2960000 12.0332975
0.2970000 34.0236969
0.2980000 47.9756775
0.2990000 -23.8460217
0.3000000 -6.4727159
0.3010000 1.8381103
0.3020000 17.7021732
0.3030000 6.3931885
0.3040000 31.3594933
0.3050000 37.3730927
0.3060000 33.0891571
0.3070000 48.6126022
0.3080000 11.6839037
0.3090000 1.5419382
0.3100000 22.6485443
0.3110000 8.1798840
0.3120000 17.2572899
0.3130000 -4.7273355
0.3140000 27.8275433
0.3150000 51.1498146
0.3160000 -3.9965413
0.3170000 -14.6920977
0.3180000 3.4355333
0.3190000 -0.8474906
0.3200000 17.0739059
0.3210000 -24.5381470
0.3220000 -23.4537449
0.3230000 -5.5632625
0.3240000 -35.4600945
0.3250000 -35.9346046
0.3260000 -32.5434189
0.3270000 10.3025980
0.3280000 -40.5406494
0.3290000 5.8898482
0.3300000 -43.8990059
0.3310000 -88.0728760
0.3320000 -36.1539879
0.3330000 -15.8575258
0.3340000 -22.8592529
0.3350000 -4.9470534
0.3360000 39.7109566
0.3370000 -14.2965155
0.3380000 22.9064693
0.3390000 -0.0968378
0.3400000 -25.1138058
0.3410000 5.2975526
0.3420000 36.2984581
0.3430000 -22.3248310
0.3440000 64.1240005
0.3450000 -12.7565079
0.3460000 8.0192080
0.3470000 24.3199444
0.3480000 -10.9875174
0.3490000 -16.2689972
0.3500000 12.6581984
0.3510000 -50.5056076
0.3520000 -35.0666847
0.3530000 57.4586487
0.3540000 79.2409744
0.3550000 -4.9159827
0.3560000 21.7354145
0.3570000 81.8044434
0.3580000 -21.5036831
0.3590000 -12.4626455
0.3600000 36.0944633
0.3610000 -35.7740364
0.3620000 44.8734322
0.3630000 -13.8841066
0.3640000 -9.2804804
0.3650000 56.7823982
0.3660000 -18.9136810
0.3670000 18.4378185
0.3680000 -26.8432770
0.3690000 -3.1330230
0.3700000 -3.9112320
0.3710000 -65.3209305
0.3720000 -13.4269276
0.3730000 -78.8412857
0.3740000 7.2861924
0.3750000 14.4177523
0.3760000 23.6517677
0.3770000 44.1678810
0.3780000 22.3102913
0.3790000 15.2900620
0.3800000 34.9716606
0.3810000 -15.1981859
0.3820000 -18.1958447
0.3830000 -55.0207558
0.3840000 -75.7051926
0.3850000 24.9191780
0.3860000 -3.5158274
0.3870000 -10.3067331
0.3880000 -57.1249542
0.3890000 76.3373337
0.3900000 -14.2485352
0.3910000 -42.6640434
0.3920000 -6.2118206
0.3930000 42.3586311
0.3940000 -37.3639793
0.3950000 -27.4075737
0.3960000 -17.4842873
0.3970000 28.6596260
0.3980000 10.1302099
0.3990000 53.1593704
0.4000000 -22.9745064
0.4010000 -28.7325611
0.4020000 -9.4484386
0.4030000 -5.6525178
0.4040000 75.3499680
0.4050000 -60.4695168
0.4060000 -20.6879005
0.4070000 -11.5194311
0.4080000 -7.8059864
0.4090000 -7.3375602
0.4100000 55.9740562
0.4110000 -74.2080917
0.4120000 -56.2173691
0.4130000 -89.4021912
0.4140000 9.9865799
0.4150000 12.7941246
0.4160000 -11.8480453
0.4170000 -5.3300138
0.4180000 -20.0571594
0.4190000 17.8551521
0.4200000 -5.3227768
0.4210000 22.3607483
0.4220000 -6.4355268
0.4230000 -39.2714806
0.4240000 11.1734095
0.4250000 -41.2360420
0.4260000 16.8033314
0.4270000 67.9795685
0.4280000 19.8847885
0.4290000 2.0580375
0.4300000 18.4447689
0.4310000 9.6495981
0.4320000 -22.4627304
0.4330000 -1.2880170
0.4340000 -62.8704567
0.4350000 -70.4640884
0.4360000 -21.5804539
0.4370000 -39.7977104
0.4380000 -40.6417122
0.4390000 -25.6130428
0.4400000 -13.3985167
0.4410000 41.7525749
0.4420000 87.3698425
0.4430000 15.0667057
0.4440000 -11.6227398
0.4450000 -15.5381508
0.4460000 36.6788673
0.4470000 38.9063110
0.4480000 85.1736603
0.4490000 -1.8907417
0.4500000 -32.8068390
0.4510000 -39.8814583
0.4520000 -1.9775730
0.4530000 -29.6437492
0.4540000 17.7065411
0.4550000 1.0526294
0.4560000 27.7074146
0.4570000 31.5448723
0.4580000 5.9781308
0.4590000 -25.2481289
0.4600000 37.0045853
0.4610000 46.7368813
0.4620000 -61.7833786
0.4630000 -57.5969315
0.4640000 8.2011328
0.4650000 -18.1183662
0.4660000 -66.5112228
0.4670000 60.1352615
0.4680000 30.3937931
0.4690000 20.6288643
0.4700000 99.3158722
0.4710000 8.7154236
0.4720000 29.3942947
0.4730000 -46.9288940
0.4740000 -32.3852654
0.4750000 44.2292557
0.4760000 -11.1594353
0.4770000 -15.7261772
0.4780000 25.1473331
0.4790000 -58.8846741
0.4800000 -9.2025423
0.4810000 2.5557966
0.4820000 49.3902969
0.4830000 -57.2561150
0.4840000 -18.3225307
0.4850000 17.8147316
0.4860000 -7.7076263
0.4870000 37.3761635
0.4880000 7.8026118
0.4890000 -3.9808066
0.4900000 69.0092697
0.4910000 47.3172684
0.4920000 39.8943748
0.4930000 12.2753153
0.4940000 -17.0343723
0.4950000 24.2070580
0.4960000 39.0951309
0.4970000 20.5413723
0.4980000 -16.5150738
0.4990000 -45.1323357
0.5000000 -3.0657034
0.5010000 14.7089577
0.5020000 1.9961295
0.5030000 20.4048996
0.5040000 23.1440392
0.5050000 -3.7736225
0.5060000 9.9691162
0.5070000 41.6896439
0.5080000 38.4389343
0.5090000 -19.9183922
0.5100000 -9.3747892
0.5110000 -11.3566694
0.5120000 -14.0034332
0.5130000 6.9278679
0.5140000 -51.6540222
0.5150000 -33.1255722
0.5160000 3.4006081
0.5170000 20.7215767
0.5180000 -53.8438301
0.5190000 0.1838022
0.5200000 38.6000710
0.5210000 15.1170807
0.5220000 -21.6572456
0.5230000 37.0525513
0.5240000 -2.5599048
0.5250000 -23.1993675
0.5260000 -33.3426247
0.5270000 -22.6696663
0.5280000 -14.0935564
0.5290000 2.5066280
0.5300000 -4.0191388
0.5310000 34.3930092
0.5320000 39.7419205
0.5330000 8.7823353
0.5340000 52.8736458
0.5350000 -13.3217030
0.5360000 29.4591236
0.5370000 -22.7962837
0.5380000 70.8472366
0.5390000 -54.9116058
0.5400000 6.1260138
0.5410000 -8.0540991
0.5420000 1.7121764
0.5430000 6.1863751
0.5440000 -15.3713274
0.5450000 14.6210165
0.5460000 -67.4821320
0.5470000 -89.4872894
0.5480000 32.9405823
0.5490000 -26.7971916
0.5500000 4.6997185
0.5510000 -53.0739632
0.5520000 6.3033323
0.5530000 55.2530899
0.5540000 -13.6836109
0.5550000 -25.0677738
0.5560000 -17.0275383
0.5570000 20.6806393
0.5580000 -3.3863075
0.5590000 31.1948147
0.5600000 26.4627647
0.5610000 -6.8756456
0.5620000 14.3154421
0.5630000 15.0957212
0.5640000 -29.8348713
0.5650000 -6.2640057
0.5660000 -1.5287535
0.5670000 27.3970413
0.5680000 -21.8761005
0.5690000 30.1180649
0.5700000 51.5907402
0.5710000 13.1561985
0.5720000 3.0548949
0.5730000 -35.5718994
0.5740000 30.9257774
0.5750000 79.3559875
0.5760000 -35.2540894
0.5770000 -9.9169722
0.5780000 -63.1654243
0.5790000 -21.1049042
0.5800000 6.0307550
0.5810000 11.8123026
0.5820000 -24.9434757
0.5830000 -4.2736611
0.5840000 28.1538372
0.5850000 -43.2461967
0.5860000 30.1211433
0.5870000 -0.6051765
0.5880000 -6.5385780
0.5890000 -5.4498601
0.5900000 -39.5574570
0.5910000 -9.0715866
0.5920000 -34.9399605
0.5930000 4.1347218
0.5940000 29.6319847
0.5950000 8.8380299
0.5960000 29.6146603
0.5970000 -4.6856327
0.5980000 77.7012024
0.5990000 -75.5486832
0.6000000 -68.4134216
0.6010000 41.2130928
0.6020000 -11.3863363
0.6030000 11.7423573
0.6040000 2.1820760
0.6050000 -71.3302536
0.6060000 -30.5245953
0.6070000 -17.6330166
0.6080000 73.4620285
0.6090000 -34.3357925
0.6100000 30.9553471
0.6110000 4.2740860
0.6120000 -20.0399151
0.6130000 -98.8974075
0.6140000 51.5320473
0.6150000 9.0752602
0.6160000 77.2291336
0.6170000 -13.6136093
0.6180000 45.7916565
0.6190000 38.0514679
0.6200000 -32.5773201
0.6210000 54.8255920
0.6220000 -7.6037765
0.6230000 16.2368011
0.6240000 13.7667246
0.6250000 7.0937343
0.6260000 -16.0284843
0.6270000 38.1351128
0.6280000 30.9863777
0.6290000 37.9618263
0.6300000 -8.4677076
0.6310000 -3.8946042
0.6320000 3.7717173
0.6330000 5.6285253
0.6340000 57.6241493
0.6350000 -41.5708122
0.6360000 7.5439606
0.6370000 75.2097931
0.6380000 -26.0245056
0.6390000 85.4323807
0.6400000 56.6638985
0.6410000 -83.5643158
0.6420000 -17.8236847
0.6430000 -22.4917355
0.6440000 14.3701782
0.6450000 -12.8140564
0.6460000 -35.1932106
0.6470000 45.6998367
0.6480000 27.5566578
0.6490000 -13.3865471
0.6500000 -52.0540009
0.6510000 -17.5906258
0.6520000 17.2030220
0.6530000 57.6653214
0.6540000 1.1154221
0.6550000 -26.6718330
0.6560000 -14.3503704
0.6570000 -67.3009186
0.6580000 46.5920067
0.6590000 0.7048327
0.6600000 15.8824358
0.6610000 20.7453117
0.6620000 4.5805435
0.6630000 68.5527802
0.6640000 -24.6229057
0.6650000 -5.3068018
0.6660000 -25.5553417
0.6670000 -29.1395931
0.6680000 33.0710297
0.6690000 -2.8759384
0.6700000 38.4872856
0.6710000 -91.0568466
0.6720000 -0.5069052
0.6730000 33.5058479
0.6740000 -35.1290283
0.6750000 -4.2357054
0.6760000 -39.5578461
0.6770000 -42.7766571
0.6780000 99.3868637
0.6790000 108.4951859
0.6800000 1.6578705
0.6810000 44.2111626
0.6820000 -37.9844398
0.6830000 79.9497757
0.6840000 3.7793105
0.6850000 -12.2291927
0.6860000 -31.0308456
0.6870000 51.1911392
0.6880000 -0.1213430
0.6890000 27.0940990
0.6900000 -0.6174725
0.6910000 16.9054623
0.6920000 16.2131310
0.6930000 -65.9558640
0.6940000 -18.8855801
0.6950000 -9.8773193
0.6960000 51.2598534
0.6970000 -1.3572218
0.6980000 -36.5388565
0.6990000 -62.4207382
0.7000000 41.6447105
0.7010000 77.1048584
0.7020000 -32.4909363
0.7030000 2.2328141
0.7040000 -25.0213909
0.7050000 34.5061760
0.7060000 13.3746853
0.7070000 -7.2913728
0.7080000 -23.6471100
0.7090000 -2.6664071
0.7100000 26.4982605
0.7110000 -44.3577042
0.7120000 -30.3356991
0.7130000 -42.7975807
0.7140000 22.3844013
0.7150000 -46.1861229
0.7160000 5.6595187
0.7170000 -8.5197659
0.7180000 -92.6815796
0.7190000 -40.4056778
0.7200000 -26.4481239
0.7210000 -1.5162642
0.7220000 55.0153618
0.7230000 -7.3127227
0.7240000 3.1462486
0.7250000 59.3469543
0.7260000 -3.4628060
0.7270000 29.1549873
0.7280000 45.8057289
0.7290000 13.5804224
0.7300000 27.4984970
0.7310000 -8.6548071
0.7320000 10.6537199
0.7330000 -34.5317688
0.7340000 -26.0804691
0.7350000 58.5708084
0.7360000 -11.0006933
0.7370000 -18.7107334
0.7380000 -35.2473373
0.7390000 -68.7576981
0.7400000 -18.6990929
0.7410000 -46.6978912
0.7420000 -15.4892979
0.7430000 -16.1121674
0.7440000 -27.1129360
0.7450000 -32.4500198
0.7460000 -27.5452290
0.7470000 -57.2509041
0.7480000 64.8829498
0.7490000 -18.2579956
0.7500000 -7.7789798
0.7510000 -66.1719131
0.7520000 21.4040604
0.7530000 0.6662149
0.7540000 5.8221488
0.7550000 -34.9848137
0.7560000 14.9710102
0.7570000 24.3369865
0.7580000 34.4883766
0.7590000 2.5397675
0.7600000 31.7374229
0.7610000 -9.6283121
0.7620000 2.5578468
0.7630000 -26.5195122
0.7640000 -29.3417263
0.7650000 2.5739181
0.7660000 10.5906916
0.7670000 -24.4741879
0.7680000 8.3371162
0.7690000 -72.1835709
0.7700000 13.8061752
0.7710000 -23.6720314
0.7720000 -15.1690226
0.7730000 13.5581751
0.7740000 7.3381109
0.7750000 52.0060425
0.7760000 32.6920815
0.7770000 22.6299820
0.7780000 46.4642525
0.7790000 -19.3883476
0.7800000 55.5456619
0.7810000 27.7876949
0.7820000 7.0187411
0.7830000 -54.9834862
0.7840000 -16.7192631
0.7850000 -46.7781677
0.7860000 -33.1722984
0.7870000 26.2646351
0.7880000 -12.2842474
0.7890000 -32.5335732
0.7900000 -54.1501579
0.7910000 63.5278702
0.7920000 -25.0626717
0.7930000 33.2025528
0.7940000 61.3025551
0.7950000 19.8071594
0.7960000 29.9921703
0.7970000 30.4204311
0.7980000 -12.8626480
0.7990000 -8.3390989
0.8000000 60.2157135
0.8010000 -54.7340279
0.8020000 -1.1470314
0.8030000 -28.6119995
0.8040000 25.5656414
0.8050000 25.8528080
0.8060000 57.3917847
0.8070000 -3.9792430
0.8080000 12.0202484
0.8090000 -23.5380459
0.8100000 69.0487366
0.8110000 -41.6887207
0.8120000 13.0768108
0.8130000 65.8531418
0.8140000 -9.8637600
0.8150000 4.6518030
0.8160000 -15.1520367
0.8170000 -14.6530266
0.8180000 -38.1442719
0.8190000 37.8409805
0.8200000 -17.5183144
0.8210000 -33.4638901
0.8220000 -53.6121712
0.8230000 -9.4861832
0.8240000 25.2443523
0.8250000 20.5104923
0.8260000 -81.2773972
0.8270000 -69.9867096
0.8280000 39.4607658
0.8290000 35.2502365
0.8300000 -20.8588142
0.8310000 -27.3018246
0.8320000 30.0530033
0.8330000 23.2854519
0.8340000 43.5907059
0.8350000 10.6448164
0.8360000 7.0502963
0.8370000 -19.1454067
0.8380000 -5.7126107
0.8390000 30.2566071
0.8400000 22.7589512
0.8410000 -36.2099228
0.8420000 -7.7697096
0.8430000 -7.7016406
0.8440000 4.5044870
0.8450000 32.9702606
0.8460000 -26.9726028
0.8470000 -3.8440366
0.8480000 29.2744980
0.8490000 -76.5340652
0.8500000 14.4003572
0.8510000 49.6744690
0.8520000 -10.2110205
0.8530000 0.6963727
0.8540000 23.2139568
0.8550000 -16.7027130
0.8560000 9.5174274
0.8570000 9.7657642
0.8580000 -22.1312561
0.8590000 -22.3450623
0.8600000 -52.0126228
0.8610000 -9.9928856
0.8620000 13.7129784
0.8630000 -10.5425043
0.8640000 -32.3821983
0.8650000 88.0467072
0.8660000 21.9554939
0.8670000 26.8200474
0.8680000 35.6741791
0.8690000 9.0953407
0.8700000 14.2176828
0.8710000 51.0304680
0.8720000 6.1493568
0.8730000 24.3969879
0.8740000 27.3943329
0.8750000 -27.7143974
0.8760000 -7.6415906
0.8770000 27.8230553
0.8780000 4.3417921
0.8790000 -61.8994560
0.8800000 -10.1807003
0.8810000 -12.0431499
0.8820000 1.9481149
0.8830000 -13.1509075
0.8840000 -46.6299820
0.8850000 -25.3451557
0.8860000 -25.8421192
0.8870000 9.3558950
0.8880000 45.2197075
0.8890000 -26.2272606
0.8900000 -42.4228363
0.8910000 -1.1406391
0.8920000 -31.7612610
0.8930000 -10.5440035
0.8940000 -24.7389679
0.8950000 -47.9687920
0.8960000 77.6911240
0.8970000 -37.8229027
0.8980000 -30.4655285
0.8990000 11.7755260
0.9000000 -49.1653023
0.9010000 -49.3586769
0.9020000 43.1052170
0.9030000 44.1948242
0.9040000 40.3508873
0.9050000 18.7598095
0.9060000 -10.7892084
0.9070000 38.8190079
0.9080000 10.5934143
0.9090000 -10.4987717
0.9100000 -43.9351349
0.9110000 1.1225597
0.9120000 -31.2882404
0.9130000 59.5067978
0.9140000 58.3115158
0.9150000 1.9694659
0.9160000 14.8802128
0.9170000 -5.1639585
0.9180000 72.8055496
0.9190000 40.9730301
0.9200000 23.9798317
0.9210000 30.6438599
0.9220000 -54.9002113
0.9230000 -43.4175186
0.9240000 -24.9514732
0.9250000 19.5266018
0.9260000 -16.4293232
0.9270000 7.1133375
0.9280000 4.8489261
0.9290000 6.2116942
0.9300000 -18.3493786
0.9310000 7.2804375
0.9320000 -0.2305283
0.9330000 -30.7307854
0.9340000 54.2219582
0.9350000 -46.7771721
0.9360000 2.3220773
0.9370000 -21.1760159
0.9380000 23.1853580
0.9390000 9.6141157
0.9400000 10.9301510
0.9410000 2.6613801
0.9420000 3.2222378
0.9430000 39.1754913
0.9440000 -56.3538971
0.9450000 -10.6409769
0.9460000 3.0093231
0.9470000 -36.9463692
0.9480000 16.2373238
0.9490000 -26.8906441
0.9500000 -94.3754196
0.9510000 -1.2033153
0.9520000 42.3861198
0.9530000 -36.6780128
0.9540000 7.6576924
0.9550000 63.2999916
0.9560000 5.6675835
0.9570000 -22.3031311
0.9580000 21.6048641
0.9590000 -48.0680046
0.9600000 -61.0680466
0.9610000 -21.7705021
0.9620000 -4.8655243
0.9630000 -19.8658905
0.9640000 -2.7724528
0.9650000 80.0285339
0.9660000 -26.7148190
0.9670000 -33.1871376
0.9680000 58.3407860
0.9690000 -10.6924047
0.9700000 -57.6082535
0.9710000 24.3924141
0.9720000 -25.5929451
0.9730000 -9.2469168
0.9740000 0.7090186
0.9750000 0.2450054
0.9760000 8.9495945
0.9770000 -53.1793785
0.9780000 8.9929399
0.9790000 35.6537399
0.9800000 -16.2261620
0.9810000 38.8689537
0.9820000 79.8057938
0.9830000 14.5887966
0.9840000 77.0365372
0.9850000 -45.1915817
0.9860000 -9.5376062
0.9870000 -9.3883934
0.9880000 25.6405506
0.9890000 4.0078273
0.9900000 10.0891037
0.9910000 74.5546341
0.9920000 -6.2729144
0.9930000 -12.1341953
0.9940000 -36.5129242
0.9950000 -65.6329880
0.9960000 2.8938806
0.9970000 48.3091202
0.9980000 -13.3384619
0.9990000 5.5489182
