0.0000000 77.5563126
0.0010000 40.1892319
0.0020000 -21.9269581
0.0030000 51.0003510
0.0040000 3.6769083
0.0050000 39.2585220
0.0060000 7.6145415
0.0070000 10.9954357
0.0080000 -39.7807617
0.0090000 18.0066204
0.0100000 43.7844086
0.0110000 -33.5791969
0.0120000 39.7566719
0.0130000 -35.3364487
0.0140000 -1.1724250
0.0150000 20.8810921
0.0160000 -28.2465515
0.0170000 -33.3013649
0.0180000 47.3034515
0.0190000 -7.3666930
0.0200000 -20.0878277
0.0210000 6.8919320
0.0220000 -22.3188934
0.0230000 3.4930210
0.0240000 12.2941446
0.0250000 74.3895035
0.0260000 -28.7697468
0.0270000 53.4451714
0.0280000 68.8646164
0.0290000 2.3938949
0.0300000 -23.4875774
0.0310000 -3.1074893
0.0320000 -73.9814835
0.0330000 -16.0896492
0.0340000 -1.1204339
0.0350000 -7.5907559
0.0360000 -38.6318893
0.0370000 43.5255318
0.0380000 0.2267726
0.0390000 11.8306351
0.0400000 21.4542561
0.0410000 34.6397514
0.0420000 -8.7955351
0.0430000 3.0544324
0.0440000 4.2217345
0.0450000 1.7478437
0.0460000 -8.7507601
0.0470000 1.4627719
0.0480000 -44.7251244
0.0490000 2.9277864
0.0500000 24.3953876
0.0510000 26.9910603
0.0520000 30.9215279
0.0530000 15.0769682
0.0540000 -24.6370640
0.0550000 14.0705061
0.0560000 12.9198704
0.0570000 39.0145378
0.0580000 12.6107292
0.0590000 -42.6583939
0.0600000 -58.7022362
0.0610000 -42.7426949
0.0620000 -20.2676430
0.0630000 22.0041523
0.0640000 -47.9254570
0.0650000 -33.6880989
0.0660000 -6.1648178
0.0670000 31.6463280
0.0680000 -9.7174282
0.0690000 -32.6948586
0.0700000 -26.7808533
0.0710000 17.3065472
0.0720000 -38.4177704
0.0730000 12.7366552
0.0740000 -29.9682064
0.0750000 43.5407906
0.0760000 -6.2468233
0.0770000 54.3781319
0.0780000 -21.4853153
0.0790000 -49.3002129
0.0800000 -49.9858398
0.0810000 35.3624496
0.0820000 13.8790112
0.0830000 52.5862503
0.0840000 -1.8871608
0.0850000 2.1548159
0.0860000 1.9934640
0.0870000 19.0431786
0.0880000 -13.8059731
0.0890000 10.2724762
0.0900000 -34.1832237
0.0910000 29.5060406
0.0920000 -44.1606140
0.0930000 20.7485008
0.0940000 43.0789871
0.0950000 12.6480961
0.0960000 -17.4258881
0.0970000 0.1497918
0.0980000 -84.9569626
0.0990000 -7.3602223
0.1000000 8.5150375
0.1010000 -40.6611404
0.1020000 19.0682850
0.1030000 32.0623016
0.1040000 -1.8781189
0.1050000 7.8845029
0.1060000 -10.6418781
0.1070000 -22.2303028
0.1080000 11.8880110
0.1090000 -7.9097066
0.1100000 54.0236969
0.1110000 12.8778591
0.1120000 36.0211563
0.1130000 2.8101325
0.1140000 -16.4995480
0.1150000 -34.6789322
0.1160000 38.5869751
0.1170000 -26.0760193
0.1180000 17.3576069
0.1190000 -52.6727676
0.1200000 -9.7152691
0.1210000 4.9838881
0.1220000 62.4446907
0.1230000 -3.5880926
0.1240000 63.9379539
0.1250000 7.2147012
0.1260000 10.1790028
0.1270000 -47.6093559
0.1280000 -29.9602528
0.1290000 43.9539528
0.1300000 33.5911713
0.1310000 0.5968550
0.1320000 -45.9110718
0.1330000 4.1019831
0.1340000 51.7752457
0.1350000 93.2967377
0.1360000 82.5423889
0.1370000 9.7713356
0.1380000 -55.2607079
0.1390000 32.2519455
0.1400000 8.5878992
0.1410000 -24.1729908
0.1420000 13.9375048
0.1430000 -12.7823553
0.1440000 30.2904415
0.1450000 48.9141769
0.1460000 16.0111790
0.1470000 -12.1770954
0.1480000 46.1048660
0.1490000 -21.6282616
0.1500000 1.0888917
0.1510000 -5.3206382
0.1520000 49.2982674
0.1530000 5.7046633
0.1540000 -3.5203907
0.1550000 19.5840149
0.1560000 46.3596916
0.1570000 -0.2936549
0.1580000 -0.9458425
0.1590000 -39.4753723
0.1600000 -74.6914062
0.1610000 45.1137466
0.1620000 17.1396217
0.1630000 31.8510647
0.1640000 13.4540911
0.1650000 -10.9228582
0.1660000 21.7767010
0.1670000 -4.2671843
0.1680000 52.0833130
0.1690000 89.2254791
0.1700000 1.8333802
0.1710000 20.8957920
0.1720000 -31.5120163
0.1730000 -43.2608566
0.1740000 68.6508179
0.1750000 -47.1261978
0.1760000 -45.9743233
0.1770000 -39.2926712
0.1780000 -28.0192757
0.1790000 20.9716682
0.1800000 -6.1640158
0.1810000 -12.0341721
0.1820000 56.7672882
0.1830000 64.0657730
0.1840000 -28.5585213
0.1850000 23.8665504
0.1860000 -10.3754320
0.1870000 -30.8962593
0.1880000 -0.5767084
0.1890000 -1.4908707
0.1900000 -3.0006237
0.1910000 21.1763134
0.1920000 -5.4853835
0.1930000 -12.4306231
0.1940000 16.8619423
0.1950000 33.1769600
0.1960000 16.4043446
0.1970000 -14.7874804
0.1980000 21.0000725
0.1990000 6.3112206
0.2000000 61.6631584
0.2010000 -88.5904007
0.2020000 15.8047504
0.2030000 19.7245598
0.2040000 -7.9452624
0.2050000 -48.7098274
0.2060000 50.8322411
0.2070000 -8.0644979
0.2080000 -5.6101871
0.2090000 21.6672802
0.2100000 -15.4688082
0.2110000 -48.3242378
0.2120000 -38.3512573
0.2130000 -42.1542740
0.2140000 5.4928718
0.2150000 15.9307632
0.2160000 -35.3456078
0.2170000 13.2403431
0.2180000 -56.1117477
0.2190000 11.6125364
0.2200000 1.2460990
0.2210000 23.4697037
0.2220000 -14.6060982
0.2230000 -11.6544542
0.2240000 30.4043560
0.2250000 25.3973637
0.2260000 20.7849331
0.2270000 12.8129959
0.2280000 89.1634903
0.2290000 22.2678299
0.2300000 -74.0525131
0.2310000 36.0648918
0.2320000 26.5099201
0.2330000 -30.5678234
0.2340000 -3.7930100
0.2350000 -26.2047977
0.2360000 -43.3821030
0.2370000 -2.2184904
0.2380000 -34.0363922
0.2390000 -25.1248627
0.2400000 32.3190193
0.2410000 -9.6824760
0.2420000 12.9588642
0.2430000 31.1089153
0.2440000 -16.6330585
0.2450000 19.7856388
0.2460000 -29.1888123
0.2470000 -44.3850365
0.2480000 29.2884903
0.2490000 55.7792473
0.2500000 -41.3813934
0.2510000 -34.8313141
0.2520000 57.1334076
0.2530000 42.2698669
0.2540000 -16.6001339
0.2550000 -42.0725212
0.2560000 -17.1799011
0.2570000 -38.7633133
0.2580000 6.9875464
0.2590000 -16.5628109
0.2600000 33.4179382
0.2610000 16.0873413
0.2620000 52.9097900
0.2630000 41.5309525
0.2640000 54.2580872
0.2650000 -4.8299284
0.2660000 -48.5447540
0.2670000 27.1521702
0.2680000 18.8682117
0.2690000 10.0888224
0.2700000 -27.5302258
0.2710000 21.2088737
0.2720000 22.9963055
0.2730000 -7.4062643
0.2740000 67.7647781
0.2750000 -33.6524811
0.2760000 62.9541664
0.2770000 -13.4657183
0.2780000 2.3756003
0.2790000 -48.9469109
0.2800000 50.5311279
0.2810000 21.1225262
0.2820000 -49.4980774
0.2830000 -16.9813366
0.2840000 83.5816498
0.2850000 31.0905247
0.2860000 -23.6828766
0.2870000 17.3540840
0.2880000 -11.7845192
0.2890000 4.2419028
0.2900000 49.3647156
0.2910000 -66.0761490
0.2920000 1.6169997
0.2930000 -8.4206581
0.2940000 9.4618282
0.2950000 27.7387981
0.2960000 -27.3072281
0.2970000 -4.2198224
0.2980000 -38.2373505
0.2990000 -17.2020550
0.3000000 -19.8660450
0.3010000 -25.2547836
0.3020000 -60.4274712
0.3030000 -0.2388393
0.3040000 22.5691414
0.3050000 57.4894028
0.3060000 27.7894745
0.3070000 -12.2059097
0.3080000 -8.1831484
0.3090000 -37.1439476
0.3100000 -52.3768234
0.3110000 -27.1319675
0.3120000 71.9620132
0.3130000 -42.2829475
0.3140000 -10.5195236
0.3150000 3.5999811
0.3160000 -38.7906303
0.3170000 -52.0969162
0.3180000 21.9024353
0.3190000 41.5741806
0.3200000 -53.6397285
0.3210000 3.8727505
0.3220000 16.5980129
0.3230000 25.2906799
0.3240000 23.4970722
0.3250000 7.9511018
0.3260000 -36.0615845
0.3270000 -28.2538662
0.3280000 21.6034946
0.3290000 2.0972905
0.3300000 5.7857232
0.3310000 6.8820410
0.3320000 -5.5700278
0.3330000 19.9050350
0.3340000 -33.1438141
0.3350000 13.0775452
0.3360000 5.3187456
0.3370000 16.2901630
0.3380000 -8.9319239
0.3390000 -6.4942970
0.3400000 28.8707523
0.3410000 9.8043842
0.3420000 51.9968147
0.3430000 57.7983246
0.3440000 23.5432167
0.3450000 -12.0160065
0.3460000 -25.4276905
0.3470000 -64.0203552
0.3480000 68.8323669
0.3490000 -17.6920986
0.3500000 12.3191891
0.3510000 33.5774002
0.3520000 16.9032879
0.3530000 32.8028221
0.3540000 15.4307127
0.3550000 27.0424595
0.3560000 -32.2140656
0.3570000 60.9925385
0.3580000 96.2047043
0.3590000 -48.3651810
0.3600000 39.3449249
0.3610000 34.6514549
0.3620000 41.5307159
0.3630000 43.7433319
0.3640000 9.7887163
0.3650000 22.7574024
0.3660000 -27.2544308
0.3670000 -5.9999022
0.3680000 -12.9981728
0.3690000 -7.5030761
0.3700000 24.0972824
0.3710000 66.3344650
0.3720000 31.6175957
0.3730000 23.4226665
0.3740000 9.8227005
0.3750000 -27.0817394
0.3760000 35.6974373
0.3770000 41.9366341
0.3780000 -79.5786514
0.3790000 2.3206773
0.3800000 14.9050913
0.3810000 36.8047104
0.3820000 17.5130768
0.3830000 0.1125264
0.3840000 -16.4663620
0.3850000 32.0544167
0.3860000 -37.7685204
0.3870000 -54.3414383
0.3880000 -0.0956042
0.3890000 1.0907656
0.3900000 0.8478938
0.3910000 -1.0732695
0.3920000 -20.8367271
0.3930000 31.8282223
0.3940000 -33.8133659
0.3950000 55.7328911
0.3960000 18.7941914
0.3970000 -42.7991333
0.3980000 -12.1278801
0.3990000 90.9452133
0.4000000 61.3036804
0.4010000 51.7303658
0.4020000 -21.2146664
0.4030000 -13.9028597
0.4040000 -3.7490129
0.4050000 -18.2143192
0.4060000 -58.1691856
0.4070000 44.9767799
0.4080000 35.8240700
0.4090000 41.6623688
0.4100000 25.2372799
0.4110000 67.8296738
0.4120000 -56.9179192
0.4130000 -35.1414185
0.4140000 24.1741390
0.4150000 43.5869255
0.4160000 -9.8722477
0.4170000 34.9596291
0.4180000 -47.0472794
0.4190000 23.4793758
0.4200000 -53.2052422
0.4210000 20.8458176
0.4220000 -9.6736126
0.4230000 9.3261414
0.4240000 5.3918867
0.4250000 -82.2181473
0.4260000 1.5624377
0.4270000 45.1310005
0.4280000 6.5781155
0.4290000 -15.5992689
0.4300000 4.5773783
0.4310000 31.6209393
0.4320000 29.8741341
0.4330000 -31.5595436
0.4340000 -31.7806587
0.4350000 47.1402054
0.4360000 42.8398590
0.4370000 -39.7459526
0.4380000 57.3756065
0.4390000 23.9750748
0.4400000 -34.2949104
0.4410000 11.5385647
0.4420000 -35.6469841
0.4430000 24.1140747
0.4440000 -3.7440412
0.4450000 -7.8466496
0.4460000 27.0231686
0.4470000 18.7755661
0.4480000 42.2350044
0.4490000 -21.6763535
0.4500000 -79.5158691
0.4510000 32.0502319
0.4520000 12.9842806
0.4530000 -18.9215717
0.4540000 2.7217228
0.4550000 1.3662752
0.4560000 0.3988122
0.4570000 32.9440536
0.4580000 -49.5180893
0.4590000 53.7948837
0.4600000 9.0027637
0.4610000 13.6217270
0.4620000 -33.3780823
0.4630000 52.9744377
0.4640000 -17.5217876
0.4650000 -0.6347836
0.4660000 33.3159637
0.4670000 18.2737122
0.4680000 -99.0474854
0.4690000 28.3863716
0.4700000 -40.5435333
0.4710000 -11.0871077
0.4720000 38.5435066
0.4730000 7.9273686
0.4740000 -18.2488441
0.4750000 -0.7914214
0.4760000 49.7242851
0.4770000 57.3273125
0.4780000 40.5185509
0.4790000 -41.3890839
0.4800000 20.1864300
0.4810000 77.0157776
0.4820000 -29.0183334
0.4830000 -8.6460285
0.4840000 28.9888649
0.4850000 26.3456440
0.4860000 -9.3811693
0.4870000 -19.2216206
0.4880000 -59.5648499
0.4890000 -64.8120346
0.4900000 53.6840973
0.4910000 66.7722778
0.4920000 4.8194275
0.4930000 -47.4561234
0.4940000 -38.5805435
0.4950000 -38.6378250
0.4960000 6.2582831
0.4970000 -33.2892265
0.4980000 2.2625134
0.4990000 -54.4736633
0.5000000 22.6933537
0.5010000 -12.3119841
0.5020000 -7.1981406
0.5030000 35.7758064
0.5040000 -68.8615189
0.5050000 11.5664768
0.5060000 10.3261471
0.5070000 -14.1328650
0.5080000 -11.3939705
0.5090000 16.7327366
0.5100000 -6.8193855
0.5110000 -20.9113140
0.5120000 76.3778992
0.5130000 -68.1610489
0.5140000 17.2364693
0.5150000 49.8551445
0.5160000 -30.0313282
0.5170000 12.7045860
0.5180000 -10.2225580
0.5190000 31.3549004
0.5200000 -29.1563091
0.5210000 -12.7954750
0.5220000 -41.3097916
0.5230000 -5.2494674
0.5240000 -4.2618365
0.5250000 -35.2665825
0.5260000 41.5024605
0.5270000 -54.2322388
0.5280000 -22.4679775
0.5290000 -36.4477348
0.5300000 17.2105865
0.5310000 -27.8024902
0.5320000 -48.9983444
0.5330000 -1.4196981
0.5340000 -3.7875323
0.5350000 -18.3742638
0.5360000 -22.6047077
0.5370000 31.9221344
0.5380000 -49.3127251
0.5390000 32.0163994
0.5400000 4.1326861
0.5410000 16.9751606
0.5420000 -16.1385593
0.5430000 -12.9225435
0.5440000 -36.2794342
0.5450000 -15.3161526
0.5460000 18.5906391
0.5470000 23.1417809
0.5480000 -24.5673313
0.5490000 -32.5399780
0.5500000 16.0828609
0.5510000 7.0311379
0.5520000 77.7376785
0.5530000 -12.9077473
0.5540000 5.4271407
0.5550000 31.5383415
0.5560000 78.5763397
0.5570000 -42.3537331
0.5580000 16.4762039
0.5590000 17.3886642
0.5600000 -43.0424194
0.5610000 -33.1795044
0.5620000 1.7202458
0.5630000 -13.1678286
0.5640000 -22.3131332
0.5650000 -5.5127139
0.5660000 2.8153617
0.5670000 2.8381884
0.5680000 8.8225679
0.5690000 -25.2044888
0.5700000 55.5571365
0.5710000 -22.5154171
0.5720000 -97.2785263
0.5730000 -43.5607491
0.5740000 17.1430397
0.5750000 -58.2328682
0.5760000 44.0856743
0.5770000 -10.3853588
0.5780000 -76.2342682
0.5790000 -64.1731186
0.5800000 -52.3409348
0.5810000 38.2500000
0.5820000 2.3782382
0.5830000 38.7386971
0.5840000 33.4798241
0.5850000 -7.7803464
0.5860000 -23.1336308
0.5870000 -17.3875198
0.5880000 15.4390755
0.5890000 -18.3373165
0.5900000 -56.7523613
0.5910000 44.7861748
0.5920000 -52.3340759
0.5930000 8.5957909
0.5940000 29.7910423
0.5950000 44.9935036
0.5960000 -1.0881037
0.5970000 16.9495773
0.5980000 71.8712082
0.5990000 33.9125786
0.6000000 26.6187611
0.6010000 -31.5444317
0.6020000 -1.5998117
0.6030000 30.5058117
0.6040000 -40.2164383
0.6050000 52.7765808
0.6060000 -58.4908447
0.6070000 -6.2102156
0.6080000 6.2298894
0.6090000 50.8349800
0.6100000 -34.4669762
0.6110000 2.9465826
0.6120000 82.2722473
0.6130000 2.0839775
0.6140000 0.2967762
0.6150000 3.8408768
0.6160000 -6.8933420
0.6170000 19.1833820
0.6180000 -17.7785454
0.6190000 26.8514214
0.6200000 5.3894067
0.6210000 -29.7748070
0.6220000 -49.7001495
0.6230000 13.0386820
0.6240000 23.4046783
0.6250000 7.2577834
0.6260000 -12.1334066
0.6270000 1.6078541
0.6280000 4.2961349
0.6290000 33.7537155
0.6300000 -2.8399000
0.6310000 19.8374729
0.6320000 -26.6509552
0.6330000 -42.2632561
0.6340000 -4.4974651
0.6350000 -15.3113890
0.6360000 8.7246504
0.6370000 16.5088463
0.6380000 19.1715240
0.6390000 21.1358871
0.6400000 14.9318886
0.6410000 -2.3461244
0.6420000 32.9784851
0.6430000 5.3912044
0.6440000 -32.4749794
0.6450000 19.7045574
0.6460000 21.1694851
0.6470000 78.7223358
0.6480000 -0.5037965
0.6490000 -15.7667370
0.6500000 -19.6674366
0.6510000 -6.7555103
0.6520000 43.2324562
0.6530000 -13.5095072
0.6540000 6.3100471
0.6550000 -14.4228153
0.6560000 60.8955460
0.6570000 5.4537492
0.6580000 -21.1912003
0.6590000 -48.9337006
0.6600000 -7.8036437
0.6610000 31.2348022
0.6620000 6.4258161
0.6630000 128.1142426
0.6640000 -38.3893127
0.6650000 -17.1687088
0.6660000 25.0211353
0.6670000 40.5462112
0.6680000 -48.7386169
0.6690000 8.4368324
0.6700000 -35.0661354
0.6710000 -15.1873398
0.6720000 -5.8954043
0.6730000 -0.0136490
0.6740000 28.1283455
0.6750000 -13.7339296
0.6760000 20.3832626
0.6770000 -12.5554333
0.6780000 18.7418766
0.6790000 30.7247410
0.6800000 -63.2520981
0.6810000 42.1606598
0.6820000 -11.6240120
0.6830000 9.3451509
0.6840000 -0.1749118
0.6850000 24.9124641
0.6860000 -45.0822105
0.6870000 10.3840837
0.6880000 -32.4805298
0.6890000 8.6187630
0.6900000 -58.3776131
0.6910000 32.0654564
0.6920000 31.7335320
0.6930000 34.7775269
0.6940000 -3.0397418
0.6950000 37.4900093
0.6960000 1.3670881
0.6970000 70.5871964
0.6980000 -14.9377842
0.6990000 -12.5992508
0.7000000 -36.8411674
0.7010000 11.8552504
0.7020000 23.1059170
0.7030000 26.6465855
0.7040000 -30.8227386
0.7050000 -115.6449127
0.7060000 59.5682487
0.7070000 47.9503288
0.7080000 -6.1811590
0.7090000 -5.4322090
0.7100000 -53.6756134
0.7110000 60.4385071
0.7120000 21.2874146
0.7130000 -9.4909878
0.7140000 11.2859888
0.7150000 28.6569767
0.7160000 23.5321789
0.7170000 -20.9405460
0.7180000 -50.2036247
0.7190000 46.9139214
0.7200000 89.3052826
0.7210000 -36.7231750
0.7220000 8.3405895
0.7230000 -14.2043209
0.7240000 -37.4807854
0.7250000 39.6249580
0.7260000 -39.4045105
0.7270000 45.5465355
0.7280000 -42.8461533
0.7290000 -41.2033043
0.7300000 -12.8459072
0.7310000 22.4565639
0.7320000 -15.2990990
0.7330000 21.3527222
0.7340000 -5.3848038
0.7350000 -0.5941340
0.7360000 -29.5918636
0.7370000 56.6940002
0.7380000 66.4013367
0.7390000 50.9525642
0.7400000 -11.8171072
0.7410000 1.7560012
0.7420000 -36.0781593
0.7430000 40.1566048
0.7440000 -28.5686169
0.7450000 -4.2719145
0.7460000 -12.5785255
0.7470000 -29.9741402
0.7480000 -32.0708923
0.7490000 -43.3996010
0.7500000 -22.5104980
0.7510000 8.9023266
0.7520000 6.1823421
0.7530000 -13.1094675
0.7540000 -4.3579574
0.7550000 24.5552292
0.7560000 -51.6635017
0.7570000 -25.9634819
0.7580000 13.9931631
0.7590000 47.5004349
0.7600000 -35.4866943
0.7610000 -25.5949917
0.7620000 -59.3113823
0.7630000 6.6235695
0.7640000 -7.2297850
0.7650000 -9.4560604
0.7660000 -44.2299614
0.7670000 -8.8401299
0.7680000 14.8513746
0.7690000 73.4292755
0.7700000 106.9433365
0.7710000 -89.3282394
0.7720000 40.6674156
0.7730000 -28.1171932
0.7740000 -10.7750511
0.7750000 6.0020885
0.7760000 28.4383583
0.7770000 -83.3169174
0.7780000 -25.7862148
0.7790000 -38.7569084
0.7800000 32.4428368
0.7810000 -73.7379456
0.7820000 -17.5406761
0.7830000 -17.1497746
0.7840000 -13.8636551
0.7850000 30.9336319
0.7860000 -9.4605465
0.7870000 -9.1199436
0.7880000 -11.3850832
0.7890000 4.7029543
0.7900000 33.4452934
0.7910000 -47.2858276
0.7920000 -5.4955325
0.7930000 -17.2159424
0.7940000 50.0759392
0.7950000 -47.5842514
0.7960000 46.3451080
0.7970000 -3.8335299
0.7980000 29.4468460
0.7990000 -16.6490555
0.8000000 3.2865462
0.8010000 21.4719582
0.8020000 -49.7581749
0.8030000 -4.6804805
0.8040000 -59.6176529
0.8050000 -14.7959433
0.8060000 -5.6677079
0.8070000 -6.7568235
0.8080000 55.0892563
0.8090000 -18.3151245
0.8100000 -1.5577204
0.8110000 -20.5849152
0.8120000 -24.0742664
0.8130000 64.8132324
0.8140000 24.3743954
0.8150000 -40.1125603
0.8160000 67.2610855
0.8170000 -70.2618484
0.8180000 13.5892944
0.8190000 -12.4501019
0.8200000 -65.0469055
0.8210000 -24.6067104
0.8220000 -18.2916241
0.8230000 36.4616699
0.8240000 36.6933212
0.8250000 13.0905542
0.8260000 -35.7018051
0.8270000 20.3327293
0.8280000 -1.3488097
0.8290000 5.6118512
0.8300000 -40.0425453
0.8310000 -7.0483241
0.8320000 -72.3834381
0.8330000 19.5945110
0.8340000 2.2611959
0.8350000 19.7919312
0.8360000 -13.7448664
0.8370000 -18.2249165
0.8380000 -29.1125679
0.8390000 7.7988644
0.8400000 -33.1889992
0.8410000 21.5759869
0.8420000 56.4047165
0.8430000 -38.2036667
0.8440000 -29.4654942
0.8450000 3.3506112
0.8460000 85.5152206
0.8470000 -21.8970680
0.8480000 16.5761013
0.8490000 -7.9170237
0.8500000 24.0121994
0.8510000 -3.0596306
0.8520000 22.7264957
0.8530000 1.2120379
0.8540000 -13.6781187
0.8550000 -32.5654068
0.8560000 -18.0271740
0.8570000 11.3562098
0.8580000 -34.8072624
0.8590000 61.9852257
0.8600000 43.6109505
0.8610000 21.8380966
0.8620000 -35.1521606
0.8630000 -33.8883705
0.8640000 46.2557106
0.8650000 52.5798264
0.8660000 47.9767189
0.8670000 -49.7574501
0.8680000 -24.6327000
0.8690000 -19.8481178
0.8700000 -15.2128878
0.8710000 -14.4600048
0.8720000 42.9213676
0.8730000 -0.3041933
0.8740000 20.7925148
0.8750000 43.0852585
0.8760000 -3.1725736
0.8770000 -12.6998453
0.8780000 -75.4496155
0.8790000 27.3468132
0.8800000 -25.7176018
0.8810000 11.2379961
0.8820000 -71.0588455
0.8830000 22.9639282
0.8840000 -9.6753378
0.8850000 16.4902477
0.8860000 19.7349434
0.8870000 -38.4143829
0.8880000 -29.5453663
0.8890000 18.3063812
0.8900000 -4.2513065
0.8910000 -33.7674522
0.8920000 76.7840576
0.8930000 28.1902370
0.8940000 73.4283524
0.8950000 -4.3084660
0.8960000 12.5444355
0.8970000 -10.9854975
0.8980000 32.0958061
0.8990000 -18.9649773
0.9000000 -46.5721321
0.9010000 10.4825459
0.9020000 -20.1989861
0.9030000 29.2968941
0.9040000 6.3644710
0.9050000 23.9583759
0.9060000 2.7244737
0.9070000 -44.4694901
0.9080000 38.3607101
0.9090000 -59.0687027
0.9100000 -2.4321456
0.9110000 -30.8540859
0.9120000 -27.7800045
0.9130000 -29.3704319
0.9140000 -25.8742332
0.9150000 17.9213276
0.9160000 -41.0803909
0.9170000 -28.4226818
0.9180000 93.0820312
0.9190000 -7.9710007
0.9200000 -3.0968847
0.9210000 -53.6963234
0.9220000 20.8504505
0.9230000 -36.7049599
0.9240000 32.7368774
0.9250000 -3.7022700
0.9260000 57.1625519
0.9270000 8.9991083
0.9280000 23.7123909
0.9290000 35.1964340
0.9300000 18.9928665
0.9310000 -18.0389690
0.9320000 36.1860809
0.9330000 -53.7080307
0.9340000 -4.2713923
0.9350000 -19.2499561
0.9360000 -37.4572182
0.9370000 0.7792795
0.9380000 29.2775497
0.9390000 5.9871516
0.9400000 41.0386047
0.9410000 23.1892014
0.9420000 -21.6616669
0.9430000 12.6926012
0.9440000 21.4585495
0.9450000 -6.3109975
0.9460000 13.7669735
0.9470000 -26.8830509
0.9480000 -4.7123470
0.9490000 -4.6052060
0.9500000 -13.5489807
0.9510000 6.4640379
0.9520000 -40.9916306
0.9530000 42.7274551
0.9540000 63.6901665
0.9550000 13.8192339
0.9560000 -4.5116439
0.9570000 -17.4767685
0.9580000 7.0461102
0.9590000 -6.2876487
0.9600000 -41.2011185
0.9610000 -26.0252094
0.9620000 52.9161034
0.9630000 13.1136770
0.9640000 -55.1852646
0.9650000 -8.7035551
0.9660000 51.7523994
0.9670000 29.2386398
0.9680000 -7.6304064
0.9690000 46.2420387
0.9700000 86.8363800
0.9710000 8.0251474
0.9720000 60.7107506
0.9730000 19.4477329
0.9740000 22.2896748
0.9750000 97.0122757
0.9760000 28.4713783
0.9770000 18.6995182
0.9780000 0.8033717
0.9790000 11.2512617
0.9800000 -31.6746845
0.9810000 1.4975739
0.9820000 -8.5157003
0.9830000 99.9777603
0.9840000 -15.7413483
0.9850000 -21.1775856
0.9860000 15.9262562
0.9870000 -47.5108185
0.9880000 -73.6623001
0.9890000 75.9451065
0.9900000 23.4908066
0.9910000 -21.6583023
0.9920000 3.8759809
0.9930000 58.9631844
0.9940000 30.0952091
0.9950000 -26.3235874
0.9960000 41.9770470
0.9970000 18.8648338
0.9980000 20.2699223
0.9990000 -2.0368547
