0.0000000 12.0499792
0.0010000 -14.1823664
0.0020000 -14.9823627
0.0030000 -16.4459724
0.0040000 -10.5138311
0.0050000 -12.6722145
0.0060000 -11.7765923
0.0070000 -44.6551437
0.0080000 -39.3501625
0.0090000 -43.1945610
0.0100000 23.2499084
0.0110000 -21.7702541
0.0120000 15.2374506
0.0130000 78.2831192
0.0140000 2.9991040
0.0150000 -26.8277416
0.0160000 -53.3997116
0.0170000 54.6992416
0.0180000 11.1912651
0.0190000 -0.9784887
0.0200000 0.2157950
0.0210000 -0.1921202
0.0220000 -1.4162316
0.0230000 15.0535507
0.0240000 28.3396454
0.0250000 -24.3900185
0.0260000 -33.8934822
0.0270000 -69.9418335
0.0280000 -115.6446838
0.0290000 -16.4736977
0.0300000 27.8798447
0.0310000 -1.8661149
0.0320000 -19.3356094
0.0330000 -25.9713039
0.0340000 -34.4857979
0.0350000 -48.8673248
0.0360000 11.3568125
0.0370000 -32.6317329
0.0380000 15.0528765
0.0390000 10.6877995
0.0400000 -5.5896754
0.0410000 25.4647789
0.0420000 40.9609909
0.0430000 4.2956939
0.0440000 -10.1254673
0.0450000 -48.5041466
0.0460000 -29.6699429
0.0470000 -25.6410313
0.0480000 26.2020512
0.0490000 -29.8988914
0.0500000 -9.1870003
0.0510000 67.5065613
0.0520000 -16.4776382
0.0530000 0.1875701
0.0540000 28.8049946
0.0550000 -16.1616058
0.0560000 -38.8678017
0.0570000 -18.6211834
0.0580000 10.9952698
0.0590000 21.2184601
0.0600000 -44.8067856
0.0610000 -23.8705750
0.0620000 -11.4661274
0.0630000 11.6896887
0.0640000 33.5708466
0.0650000 -44.2767143
0.0660000 12.9209747
0.0670000 -61.2209625
0.0680000 3.7919850
0.0690000 45.3677788
0.0700000 11.8208427
0.0710000 43.1709747
0.0720000 -29.6933613
0.0730000 -12.6154671
0.0740000 -9.7654476
0.0750000 -22.9682674
0.0760000 32.9296341
0.0770000 -7.1732841
0.0780000 -40.3954582
0.0790000 -22.0374489
0.0800000 59.7630730
0.0810000 -76.7488785
0.0820000 62.0448837
0.0830000 -5.5050187
0.0840000 -36.2399979
0.0850000 55.1675262
0.0860000 25.0078125
0.0870000 13.8652306
0.0880000 0.9695153
0.0890000 19.9750214
0.0900000 -29.5796356
0.0910000 -31.2668266
0.0920000 35.0966797
0.0930000 -31.3182201
0.0940000 32.4220924
0.0950000 -13.3354025
0.0960000 53.4826088
0.0970000 -6.9130507
0.0980000 19.6299763
0.0990000 24.3827477
0.1000000 64.4171829
0.1010000 29.7517281
0.1020000 -30.1604900
0.1030000 -15.7886906
0.1040000 0.2133505
0.1050000 -62.1101456
0.1060000 -8.1877317
0.1070000 74.7125931
0.1080000 -27.4996033
0.1090000 -15.3440189
0.1100000 -86.2192154
0.1110000 -5.9838047
0.1120000 33.8087769
0.1130000 -34.7009125
0.1140000 2.8321900
0.1150000 -0.8396408
0.1160000 0.0443807
0.1170000 7.2444472
0.1180000 53.6726112
0.1190000 -58.2477188
0.1200000 -25.4754620
0.1210000 85.0233307
0.1220000 0.4790919
0.1230000 -7.8688178
0.1240000 2.9312198
0.1250000 -23.7662792
0.1260000 10.7787428
0.1270000 -8.7561979
0.1280000 -5.1368093
0.1290000 10.1653290
0.1300000 -30.1564903
0.1310000 7.2303815
0.1320000 50.9593582
0.1330000 73.8333206
0.1340000 -14.5316982
0.1350000 2.4619229
0.1360000 -9.8474627
0.1370000 -45.3078346
0.1380000 -5.2546339
0.1390000 -56.9522095
0.1400000 -14.8051491
0.1410000 97.5415802
0.1420000 50.5038872
0.1430000 -56.9489136
0.1440000 -45.7447243
0.1450000 -38.6175385
0.1460000 -9.3167095
0.1470000 -12.1592951
0.1480000 -17.6583862
0.1490000 -11.6165333
0.1500000 -18.3329926
0.1510000 12.5571756
0.1520000 -6.3890743
0.1530000 85.5799103
0.1540000 -0.0185371
0.1550000 -43.0019493
0.1560000 -65.4564362
0.1570000 23.3409729
0.1580000 12.3605642
0.1590000 -17.8675079
0.1600000 73.3817368
0.1610000 47.1622543
0.1620000 0.6881157
0.1630000 11.8126936
0.1640000 -2.5801952
0.1650000 -28.0926056
0.1660000 22.1938000
0.1670000 -12.6409979
0.1680000 -74.4176941
0.1690000 4.4930153
0.1700000 38.0490952
0.1710000 -5.2806091
0.1720000 33.6698608
0.1730000 51.8776436
0.1740000 19.1596527
0.1750000 28.1153736
0.1760000 -28.9567318
0.1770000 -24.0944424
0.1780000 -23.7515278
0.1790000 -18.9594383
0.1800000 -16.8555431
0.1810000 35.0961952
0.1820000 7.7867503
0.1830000 3.0520704
0.1840000 51.2228470
0.1850000 35.7573624
0.1860000 15.0208321
0.1870000 23.6861706
0.1880000 -25.0349102
0.1890000 12.2076769
0.1900000 -27.5669785
0.1910000 -14.2342138
0.1920000 -33.8264580
0.1930000 -48.4128418
0.1940000 -22.6471062
0.1950000 -22.1798496
0.1960000 -16.2163563
0.1970000 -52.0926857
0.1980000 -62.8095779
0.1990000 1.8742090
0.2000000 -26.1600609
0.2010000 86.8378983
0.2020000 -23.2996597
0.2030000 -47.0812912
0.2040000 -21.3606911
0.2050000 -55.4068756
0.2060000 -1.8391055
0.2070000 42.7634239
0.2080000 -22.9964314
0.2090000 -6.0808215
0.2100000 0.6981511
0.2110000 -16.4728470
0.2120000 -29.1070309
0.2130000 39.0688972
0.2140000 48.8645439
0.2150000 -20.9126587
0.2160000 44.2466850
0.2170000 -16.8002014
0.2180000 -24.9022102
0.2190000 17.5039864
0.2200000 44.6975212
0.2210000 5.2331738
0.2220000 10.3573551
0.2230000 38.6906548
0.2240000 -7.7612438
0.2250000 -21.0655041
0.2260000 9.5529804
0.2270000 -1.2209176
0.2280000 55.9550018
0.2290000 -6.4872298
0.2300000 18.4146290
0.2310000 25.7821083
0.2320000 32.2818527
0.2330000 3.0408177
0.2340000 -14.7215643
0.2350000 2.0353472
0.2360000 50.9119186
0.2370000 1.3944657
0.2380000 5.1482000
0.2390000 37.1106491
0.2400000 79.5761032
0.2410000 -63.0643272
0.2420000 -12.2652626
0.2430000 -19.4898243
0.2440000 -32.3522453
0.2450000 -34.2870369
0.2460000 -14.1696224
0.2470000 -76.8493347
0.2480000 -8.8416395
0.2490000 -3.3015125
0.2500000 -3.5134821
0.2510000 49.2264900
0.2520000 12.4991856
0.2530000 14.5513830
0.2540000 -13.3354120
0.2550000 -27.9914036
0.2560000 -4.6001472
0.2570000 41.4320908
0.2580000 35.2404251
0.2590000 0.1257274
0.2600000 -84.5226746
0.2610000 8.5852814
0.2620000 55.5568085
0.2630000 6.8511100
0.2640000 -61.7615509
0.2650000 12.9693899
0.2660000 56.0255127
0.2670000 22.5625153
0.2680000 -15.1685543
0.2690000 61.9065361
0.2700000 9.4695692
0.2710000 -45.4816628
0.2720000 -3.5636995
0.2730000 -54.7267838
0.2740000 7.5028181
0.2750000 40.3654289
0.2760000 53.4563026
0.2770000 -93.6404266
0.2780000 -12.5387583
0.2790000 -33.9679527
0.2800000 6.9639077
0.2810000 -25.6899815
0.2820000 -73.5014191
0.2830000 -39.5098610
0.2840000 -35.3566818
0.2850000 4.0074630
0.2860000 33.8352928
0.2870000 -12.3624010
0.2880000 35.9878654
0.2890000 10.9448538
0.2900000 17.2507648
0.2910000 1.0092664
0.2920000 -9.2467012
0.2930000 3.8661661
0.2940000 7.7936645
0.2950000 13.7827787
0.2960000 11.2801523
0.2970000 -70.7828522
0.2980000 -88.4641037
0.2990000 10.0333910
0.3000000 11.1035872
0.3010000 -19.0745926
0.3020000 23.1278534
0.3030000 14.0567675
0.3040000 13.4950142
0.3050000 8.2550077
0.3060000 13.1552582
0.3070000 -26.9334202
0.3080000 16.4137402
0.3090000 -73.3261719
0.3100000 -22.0494270
0.3110000 21.2838039
0.3120000 -21.2981110
0.3130000 21.6226997
0.3140000 0.6080387
0.3150000 -0.2513401
0.3160000 1.1463246
0.3170000 20.7938366
0.3180000 -12.9186115
0.3190000 37.7457047
0.3200000 42.2568588
0.3210000 -15.0999584
0.3220000 95.0515289
0.3230000 -46.2195091
0.3240000 -46.0836906
0.3250000 0.1086630
0.3260000 -24.8512669
0.3270000 -56.9771004
0.3280000 -56.9643402
0.3290000 14.8150234
0.3300000 -13.8924475
0.3310000 -30.2331676
0.3320000 17.6644192
0.3330000 11.7436752
0.3340000 42.9239426
0.3350000 52.2108383
0.3360000 -30.9832172
0.3370000 26.1320667
0.3380000 -30.8959103
0.3390000 38.4833107
0.3400000 -77.1497574
0.3410000 -0.1853016
0.3420000 -55.0726357
0.3430000 -22.9215813
0.3440000 -9.7201290
0.3450000 -19.3073540
0.3460000 40.9856148
0.3470000 28.2586384
0.3480000 49.2312698
0.3490000 14.6297159
0.3500000 -19.9305801
0.3510000 -8.1962376
0.3520000 -6.3207631
0.3530000 -27.0252819
0.3540000 -30.0895329
0.3550000 -24.8536148
0.3560000 27.6542873
0.3570000 -4.4261298
0.3580000 -18.0249138
0.3590000 -30.1887074
0.3600000 -5.9194655
0.3610000 8.2097178
0.3620000 -24.8861542
0.3630000 39.2529030
0.3640000 25.2516747
0.3650000 -16.3434029
0.3660000 -34.1758080
0.3670000 -4.0858927
0.3680000 -21.6210155
0.3690000 -46.3183975
0.3700000 -25.3130360
0.3710000 6.5963130
0.3720000 -22.3674450
0.3730000 19.1832390
0.3740000 -68.5753174
0.3750000 -36.5731125
0.3760000 -19.3973694
0.3770000 -26.0758057
0.3780000 -4.4918847
0.3790000 -3.6759210
0.3800000 -40.8610840
0.3810000 -46.1421509
0.3820000 -41.8620491
0.3830000 -1.6654620
0.3840000 -58.2391548
0.3850000 -32.5876122
0.3860000 13.1227026
0.3870000 -18.9522457
0.3880000 41.3352585
0.3890000 -56.3558083
0.3900000 57.4423218
0.3910000 57.5540085
0.3920000 29.6378269
0.3930000 -5.4204550
0.3940000 13.7468147
0.3950000 63.3258667
0.3960000 51.8607216
0.3970000 -4.0513186
0.3980000 -44.3028259
0.3990000 4.7072067
0.4000000 27.1515636
0.4010000 -50.3746300
0.4020000 44.2706642
0.4030000 -29.7035313
0.4040000 11.1094742
0.4050000 16.2966614
0.4060000 22.8100338
0.4070000 22.4277267
0.4080000 -4.6576643
0.4090000 -10.0253582
0.4100000 2.4767268
0.4110000 -33.3918381
0.4120000 14.9786053
0.4130000 -26.7614994
0.4140000 -37.4985886
0.4150000 -54.9900780
0.4160000 -45.2954025
0.4170000 27.9492779
0.4180000 0.4716529
0.4190000 -23.9972839
0.4200000 47.0184669
0.4210000 29.0674820
0.4220000 29.2481022
0.4230000 9.1397038
0.4240000 38.0474548
0.4250000 -36.9973106
0.4260000 31.3935738
0.4270000 0.7305390
0.4280000 -23.7327633
0.4290000 -2.5128155
0.4300000 -45.7832985
0.4310000 48.7474709
0.4320000 45.6301041
0.4330000 6.2059550
0.4340000 22.5347481
0.4350000 -27.2606831
0.4360000 -57.4459915
0.4370000 -19.6598682
0.4380000 -0.7714937
0.4390000 8.1253071
0.4400000 -28.5783005
0.4410000 5.5158095
0.4420000 -38.6591148
0.4430000 31.2565289
0.4440000 -46.9888458
0.4450000 -11.9869862
0.4460000 28.1538868
0.4470000 -6.5867658
0.4480000 41.0575638
0.4490000 16.5792789
0.4500000 -1.2604611
0.4510000 34.2689590
0.4520000 -40.9433632
0.4530000 9.6781368
0.4540000 41.7693291
0.4550000 5.7511640
0.4560000 54.9628029
0.4570000 -35.5586052
0.4580000 4.0262794
0.4590000 -33.1384392
0.4600000 33.0663681
0.4610000 8.3151379
0.4620000 31.3540840
0.4630000 -26.7998104
0.4640000 -38.0022011
0.4650000 -8.6107645
0.4660000 -12.9694929
0.4670000 35.3826218
0.4680000 -30.8301487
0.4690000 -42.4179688
0.4700000 -5.2444401
0.4710000 -45.9573402
0.4720000 -3.4060109
0.4730000 15.9010439
0.4740000 -6.6010747
0.4750000 13.2416677
0.4760000 -33.2948914
0.4770000 -63.0523033
0.4780000 57.5973701
0.4790000 62.5962868
0.4800000 -15.7595301
0.4810000 -2.9547343
0.4820000 -14.4007654
0.4830000 -12.2337980
0.4840000 -16.7697830
0.4850000 45.4344902
0.4860000 58.1924591
0.4870000 -57.6917534
0.4880000 -54.1185646
0.4890000 -2.6716933
0.4900000 16.1389694
0.4910000 51.6159058
0.4920000 -15.6221790
0.4930000 15.9235201
0.4940000 -7.7652407
0.4950000 -10.0406017
0.4960000 -41.1577187
0.4970000 -43.0082359
0.4980000 -13.7158985
0.4990000 27.6507931
0.5000000 -21.5217113
0.5010000 -0.7733295
0.5020000 15.9866734
0.5030000 -16.3562183
0.5040000 4.7044749
0.5050000 0.8813872
0.5060000 -34.3842354
0.5070000 -11.6058645
0.5080000 2.5293860
0.5090000 -34.0310936
0.5100000 -60.6985474
0.5110000 10.8992863
0.5120000 -52.0584335
0.5130000 44.4606133
0.5140000 -17.0872631
0.5150000 -3.0414650
0.5160000 42.9550896
0.5170000 -18.4130917
0.5180000 36.7545547
0.5190000 35.5814667
0.5200000 81.6944199
0.5210000 30.7598553
0.5220000 -9.9322462
0.5230000 -75.3023605
0.5240000 -27.1185226
0.5250000 -34.5129051
0.5260000 -6.4472537
0.5270000 16.9017563
0.5280000 -17.1130486
0.5290000 -4.1418982
0.5300000 34.1625862
0.5310000 -31.7484818
0.5320000 56.7148895
0.5330000 43.0828094
0.5340000 36.2079086
0.5350000 -71.3964691
0.5360000 -28.4915085
0.5370000 -18.8793945
0.5380000 22.5972328
0.5390000 -2.0946720
0.5400000 -25.8163948
0.5410000 70.3097305
0.5420000 8.8092127
0.5430000 -12.6381454
0.5440000 14.3415594
0.5450000 38.9877243
0.5460000 -1.1361265
0.5470000 -24.7995796
0.5480000 66.1254349
0.5490000 -44.8235664
0.5500000 11.2053595
0.5510000 -1.8847804
0.5520000 7.5911398
0.5530000 -20.5917950
0.5540000 -1.9760715
0.5550000 11.1172886
0.5560000 30.5339699
0.5570000 36.7023506
0.5580000 -40.3635750
0.5590000 -25.4750671
0.5600000 -18.7461586
0.5610000 17.8624306
0.5620000 -4.7955856
0.5630000 51.0969238
0.5640000 -11.2369604
0.5650000 -11.3362465
0.5660000 -49.4136925
0.5670000 43.7058983
0.5680000 -18.9470921
0.5690000 29.4527912
0.5700000 29.6974831
0.5710000 33.5897980
0.5720000 -31.5959320
0.5730000 42.8468704
0.5740000 -7.2917185
0.5750000 -30.5717564
0.5760000 -17.9504738
0.5770000 7.8740249
0.5780000 77.2857132
0.5790000 76.7676620
0.5800000 0.4308349
0.5810000 -6.6396155
0.5820000 7.1807504
0.5830000 33.8564339
0.5840000 13.9536705
0.5850000 -21.1720505
0.5860000 42.5117950
0.5870000 -26.1061897
0.5880000 -58.8823853
0.5890000 11.0613079
0.5900000 -13.5584621
0.5910000 -10.7203960
0.5920000 -49.3529472
0.5930000 46.8328018
0.5940000 30.2410908
0.5950000 -8.9429083
0.5960000 1.7398156
0.5970000 73.0324020
0.5980000 61.4675064
0.5990000 32.3347549
0.6000000 -27.2526169
0.6010000 27.0792465
0.6020000 -6.5947661
0.6030000 -55.4439011
0.6040000 -56.3791046
0.6050000 -2.5363607
0.6060000 8.5165825
0.6070000 -2.8196323
0.6080000 22.5711937
0.6090000 -15.1799517
0.6100000 8.0159988
0.6110000 -29.7664795
0.6120000 -49.6433182
0.6130000 -50.8718185
0.6140000 -5.2227392
0.6150000 -7.9816132
0.6160000 21.0933342
0.6170000 36.0700035
0.6180000 2.9930568
0.6190000 -11.5354700
0.6200000 -37.2505569
0.6210000 -46.6051102
0.6220000 47.6535912
0.6230000 -35.6161842
0.6240000 50.8949738
0.6250000 37.5485268
0.6260000 -49.5073013
0.6270000 69.5100555
0.6280000 -29.7173653
0.6290000 -20.4006634
0.6300000 -43.7962418
0.6310000 13.9265947
0.6320000 17.8902340
0.6330000 -2.3287849
0.6340000 25.8360138
0.6350000 37.6453133
0.6360000 -16.2220192
0.6370000 -8.5696106
0.6380000 21.9998512
0.6390000 11.0937014
0.6400000 52.5096931
0.6410000 39.3810234
0.6420000 40.3203773
0.6430000 -43.5200577
0.6440000 -3.3691974
0.6450000 -39.4111786
0.6460000 -53.8163261
0.6470000 -28.0002022
0.6480000 -43.6555824
0.6490000 12.0811634
0.6500000 -79.6833038
0.6510000 -34.2409630
0.6520000 -6.2988801
0.6530000 39.1157608
0.6540000 -12.7643900
0.6550000 -8.7753983
0.6560000 -2.7614560
0.6570000 27.7337074
0.6580000 16.8413486
0.6590000 -37.2752686
0.6600000 -17.8699322
0.6610000 27.4601460
0.6620000 -15.2792273
0.6630000 7.4297214
0.6640000 -24.0332222
0.6650000 -18.3976097
0.6660000 -4.2342925
0.6670000 -4.7274308
0.6680000 19.0552483
0.6690000 39.6139908
0.6700000 -38.0193443
0.6710000 -71.7371216
0.6720000 -12.4728413
0.6730000 -56.7227249
0.6740000 16.1117401
0.6750000 66.4881897
0.6760000 3.2876687
0.6770000 62.4510002
0.6780000 -33.7444611
0.6790000 -40.7817802
0.6800000 -38.3494987
0.6810000 -12.7058487
0.6820000 7.0536232
0.6830000 -28.8165283
0.6840000 -5.0503278
0.6850000 -33.0744171
0.6860000 2.7474673
0.6870000 8.4858732
0.6880000 13.2919016
0.6890000 32.3484535
0.6900000 10.2895393
0.6910000 20.9353771
0.6920000 -35.0865898
0.6930000 -2.6296415
0.6940000 50.8552399
0.6950000 6.4258413
0.6960000 -71.3926926
0.6970000 27.4162769
0.6980000 50.9591141
0.6990000 -35.2400055
0.7000000 -7.8296399
0.7010000 -6.1925092
0.7020000 -61.7830887
0.7030000 13.5206575
0.7040000 22.4340534
0.7050000 -38.0288200
0.7060000 -36.8377075
0.7070000 6.0374165
0.7080000 54.7657433
0.7090000 -6.4119120
0.7100000 0.6097200
0.7110000 46.5714607
0.7120000 7.7878728
0.7130000 -44.8516846
0.7140000 -51.3135338
0.7150000 -39.1359138
0.7160000 34.4485664
0.7170000 23.1452236
0.7180000 10.2477369
0.7190000 8.0378437
0.7200000 -41.8743744
0.7210000 -76.4166031
0.7220000 -51.0866585
0.7230000 15.3482332
0.7240000 51.9373398
0.7250000 -78.8626938
0.7260000 -23.6437225
0.7270000 53.7419548
0.7280000 27.5792618
0.7290000 21.9526920
0.7300000 -9.6571484
0.7310000 45.2578964
0.7320000 18.3065948
0.7330000 -10.2090693
0.7340000 12.7104788
0.7350000 10.9435711
0.7360000 -10.1508627
0.7370000 11.9491434
0.7380000 45.0029716
0.7390000 16.0975513
0.7400000 -2.2043877
0.7410000 -1.0905935
0.7420000 37.4532814
0.7430000 65.7436371
0.7440000 -4.0102558
0.7450000 81.7759018
0.7460000 -12.6690598
0.7470000 -33.7716141
0.7480000 60.3192215
0.7490000 -21.0876694
0.7500000 12.6605368
0.7510000 55.4230652
0.7520000 28.3862267
0.7530000 -17.7165165
0.7540000 -18.9883728
0.7550000 26.0843983
0.7560000 39.3702316
0.7570000 33.0423508
0.7580000 -20.9173164
0.7590000 8.2066641
0.7600000 37.1375618
0.7610000 78.2096100
0.7620000 50.2399826
0.7630000 40.3346176
0.7640000 -40.1966629
0.7650000 25.8003483
0.7660000 93.2672043
0.7670000 -106.5444794
0.7680000 44.5355606
0.7690000 -47.4913139
0.7700000 -64.9331818
0.7710000 -29.4457664
0.7720000 96.9454880
0.7730000 17.7094078
0.7740000 -8.9926271
0.7750000 0.5661211
0.7760000 75.1869736
0.7770000 -7.2281504
0.7780000 34.7850990
0.7790000 -24.8868256
0.7800000 16.0100727
0.7810000 1.7211909
0.7820000 24.2861958
0.7830000 4.8422933
0.7840000 58.8319168
0.7850000 -14.7584295
0.7860000 2.7850854
0.7870000 51.1446609
0.7880000 -7.8201251
0.7890000 38.0824013
0.7900000 -49.7201881
0.7910000 10.3372211
0.7920000 -79.8065948
0.7930000 -74.1887970
0.7940000 6.2218041
0.7950000 -4.8438091
0.7960000 39.9821014
0.7970000 -50.8354225
0.7980000 -4.1660886
0.7990000 -26.7680340
0.8000000 39.9134674
0.8010000 70.6420593
0.8020000 -34.3277855
0.8030000 46.3394203
0.8040000 -23.4084492
0.8050000 11.1049614
0.8060000 -0.6023526
0.8070000 -54.9954567
0.8080000 6.6824613
0.8090000 15.6722794
0.8100000 -23.3073807
0.8110000 -21.1924171
0.8120000 -5.6310282
0.8130000 33.0803719
0.8140000 -33.7393799
0.8150000 -19.5179844
0.8160000 -37.8725548
0.8170000 4.3075495
0.8180000 36.6902122
0.8190000 68.0910034
0.8200000 18.4398479
0.8210000 2.2158463
0.8220000 -15.8553762
0.8230000 -1.3912902
0.8240000 53.6827736
0.8250000 20.6859627
0.8260000 31.7885590
0.8270000 1.2433114
0.8280000 -50.8416481
0.8290000 31.7567520
0.8300000 -31.3906174
0.8310000 -9.0957937
0.8320000 27.9573212
0.8330000 37.6783142
0.8340000 36.3744774
0.8350000 21.7947273
0.8360000 20.8219700
0.8370000 46.3494835
0.8380000 -18.2183990
0.8390000 -72.7056351
0.8400000 36.8886147
0.8410000 -41.7184792
0.8420000 3.5242932
0.8430000 16.9734440
0.8440000 10.9712124
0.8450000 -13.6405964
0.8460000 48.6558838
0.8470000 10.3769789
0.8480000 -26.7614040
0.8490000 -33.2291832
0.8500000 75.6859970
0.8510000 19.7311058
0.8520000 -42.9927101
0.8530000 -20.8748932
0.8540000 -49.0756111
0.8550000 25.7265301
0.8560000 75.0598984
0.8570000 -0.6062748
0.8580000 -23.9236507
0.8590000 -22.8903503
0.8600000 77.1759872
0.8610000 -40.0577431
0.8620000 11.8718748
0.8630000 47.9073372
0.8640000 -28.3323727
0.8650000 -2.6566191
0.8660000 -42.8041382
0.8670000 14.4065342
0.8680000 -39.3197060
0.8690000 -23.1951694
0.8700000 1.9213966
0.8710000 -29.9158001
0.8720000 -32.8589439
0.8730000 6.7286201
0.8740000 58.2366371
0.8750000 16.9273090
0.8760000 76.7447510
0.8770000 -50.5655632
0.8780000 0.9768943
0.8790000 5.6180825
0.8800000 -37.1385269
0.8810000 13.3400660
0.8820000 15.4684820
0.8830000 0.5108789
0.8840000 -50.1632118
0.8850000 90.1005554
0.8860000 -11.8615561
0.8870000 33.8768311
0.8880000 32.1074219
0.8890000 25.1966934
0.8900000 54.9305115
0.8910000 -3.7099190
0.8920000 24.8628387
0.8930000 6.7944031
0.8940000 -40.4118538
0.8950000 43.1995354
0.8960000 23.1046181
0.8970000 -38.6629028
0.8980000 45.9639435
0.8990000 -2.6074460
0.9000000 -15.6170530
0.9010000 -18.1616535
0.9020000 33.0707245
0.9030000 13.9652662
0.9040000 7.5731492
0.9050000 -24.7321835
0.9060000 -30.7299061
0.9070000 -3.8750818
0.9080000 31.0612297
0.9090000 -19.6900368
0.9100000 31.5175934
0.9110000 -65.0612564
0.9120000 26.8258362
0.9130000 18.7695770
0.9140000 18.9801712
0.9150000 46.9340630
0.9160000 33.1079712
0.9170000 -4.8696866
0.9180000 9.2422647
0.9190000 57.2201271
0.9200000 20.6864758
0.9210000 -12.4914722
0.9220000 52.4324150
0.9230000 36.9151154
0.9240000 -47.5885544
0.9250000 50.8686790
0.9260000 -42.2490768
0.9270000 -42.5763245
0.9280000 -12.6800747
0.9290000 2.8165293
0.9300000 -18.2404118
0.9310000 41.5788803
0.9320000 -5.0066080
0.9330000 4.9116902
0.9340000 -49.2619896
0.9350000 -5.6692557
0.9360000 -31.8375683
0.9370000 15.9846926
0.9380000 -2.6079140
0.9390000 -53.8369179
0.9400000 -52.4318314
0.9410000 58.1539955
0.9420000 12.1281548
0.9430000 -81.0183258
0.9440000 -60.7164612
0.9450000 33.2072372
0.9460000 -20.6979465
0.9470000 -33.1898041
0.9480000 -40.0597343
0.9490000 9.2345419
0.9500000 1.6721237
0.9510000 -21.3700848
0.9520000 -27.0136566
0.9530000 12.4882460
0.9540000 22.9861736
0.9550000 -18.8139572
0.9560000 -33.7429199
0.9570000 -40.1332283
0.9580000 -11.6954689
0.9590000 -31.7478008
0.9600000 -28.7803020
0.9610000 37.2907906
0.9620000 -50.8735733
0.9630000 0.4590009
0.9640000 29.0326538
0.9650000 -3.5272222
0.9660000 4.0705709
0.9670000 -30.7841244
0.9680000 29.1008587
0.9690000 -39.1843567
0.9700000 5.0828404
0.9710000 49.1973267
0.9720000 -10.2729235
0.9730000 -62.4753685
0.9740000 -15.7149591
0.9750000 -34.8041725
0.9760000 -17.6616020
0.9770000 71.8439941
0.9780000 16.6316013
0.9790000 -0.4290271
0.9800000 28.4126625
0.9810000 26.4484138
0.9820000 -60.5665741
0.9830000 -7.1989355
0.9840000 19.7602367
0.9850000 11.0979700
0.9860000 -51.2390518
0.9870000 25.4795208
0.9880000 17.5860672
0.9890000 -32.7032280
0.9900000 -13.6989059
0.9910000 7.4220271
0.9920000 1.3963425
0.9930000 4.8931875
0.9940000 2.4486198
0.9950000 7.7258701
0.9960000 16.7719822
0.9970000 -37.5611038
0.9980000 3.2753546
0.9990000 -33.4061775
