0.0000000 -24.4678383
0.0010000 4.7960982
0.0020000 -42.6170540
0.0030000 -37.1920471
0.0040000 -16.1432190
0.0050000 8.4555111
0.0060000 -22.5557842
0.0070000 28.1888828
0.0080000 -19.3403511
0.0090000 43.1143799
0.0100000 23.7137356
0.0110000 3.2879217
0.0120000 53.6740189
0.0130000 49.5124168
0.0140000 13.5883255
0.0150000 -22.2729397
0.0160000 -8.7163858
0.0170000 -2.4498985
0.0180000 9.0009346
0.0190000 8.4846087
0.0200000 -11.8909388
0.0210000 33.5185699
0.0220000 -22.3779106
0.0230000 31.9836769
0.0240000 41.3535767
0.0250000 -2.3720822
0.0260000 1.4850073
0.0270000 23.5956612
0.0280000 50.7609444
0.0290000 -22.1415920
0.0300000 -75.0282135
0.0310000 53.0112190
0.0320000 82.3972092
0.0330000 -64.1286240
0.0340000 8.6787100
0.0350000 22.0056477
0.0360000 -1.0819727
0.0370000 -29.3274632
0.0380000 7.8960843
0.0390000 43.7781219
0.0400000 -6.7987261
0.0410000 2.1153944
0.0420000 -20.7201195
0.0430000 -99.5845642
0.0440000 -27.1716270
0.0450000 -51.6909332
0.0460000 58.3996353
0.0470000 47.0334320
0.0480000 -59.7690468
0.0490000 -20.7747707
0.0500000 -77.2298355
0.0510000 8.4172993
0.0520000 49.7213860
0.0530000 26.8313198
0.0540000 13.6369238
0.0550000 -32.3133202
0.0560000 -28.4689617
0.0570000 -11.8757763
0.0580000 16.1011353
0.0590000 -24.4635963
0.0600000 0.7522717
0.0610000 -71.2750854
0.0620000 68.2923279
0.0630000 -28.1987076
0.0640000 18.9622421
0.0650000 -17.9516430
0.0660000 -22.2165890
0.0670000 -29.1152592
0.0680000 -57.8110657
0.0690000 61.4290390
0.0700000 49.3903236
0.0710000 67.8029175
0.0720000 8.3399801
0.0730000 -24.2523460
0.0740000 -10.2380142
0.0750000 -28.1746998
0.0760000 13.5831194
0.0770000 43.0938568
0.0780000 -19.3453293
0.0790000 16.2036686
0.0800000 33.5823517
0.0810000 -30.7508297
0.0820000 -17.6502495
0.0830000 1.3261015
0.0840000 34.4479752
0.0850000 41.8843498
0.0860000 -27.0300388
0.0870000 -5.1517692
0.0880000 -21.8056564
0.0890000 -9.3637466
0.0900000 -21.2153149
0.0910000 3.3258727
0.0920000 -33.6501923
0.0930000 -30.7658405
0.0940000 -43.1281891
0.0950000 76.7528992
0.0960000 25.5381012
0.0970000 37.7888451
0.0980000 3.1349981
0.0990000 -16.7098045
0.1000000 -34.8739700
0.1010000 -42.4569168
0.1020000 -81.1313553
0.1030000 18.9170284
0.1040000 -17.0690346
0.1050000 -22.2852097
0.1060000 55.1615410
0.1070000 35.0726967
0.1080000 -5.7438817
0.1090000 25.3469086
0.1100000 23.5783348
0.1110000 97.1142502
0.1120000 10.5575085
0.1130000 -15.0206413
0.1140000 -2.2865090
0.1150000 16.1219158
0.1160000 -52.8139305
0.1170000 -29.5222054
0.1180000 -34.9968834
0.1190000 8.7469997
0.1200000 -21.0607243
0.1210000 -8.1401167
0.1220000 -29.4666843
0.1230000 -9.2286425
0.1240000 -19.9407330
0.1250000 36.8425446
0.1260000 -10.9932232
0.1270000 -12.7427969
0.1280000 85.4191208
0.1290000 -20.9571438
0.1300000 36.4310417
0.1310000 55.2864418
0.1320000 29.0292988
0.1330000 32.0876617
0.1340000 -53.8019714
0.1350000 -22.3981609
0.1360000 -4.7914643
0.1370000 4.0329752
0.1380000 -78.9369202
0.1390000 -3.0024481
0.1400000 -37.5817642
0.1410000 56.1504097
0.1420000 28.4797058
0.1430000 -64.5813522
0.1440000 42.2881851
0.1450000 -35.7441559
0.1460000 -6.5217667
0.1470000 20.1672935
0.1480000 -24.9025326
0.1490000 19.6313190
0.1500000 5.0802398
0.1510000 26.8937664
0.1520000 -18.9501305
0.1530000 -28.5445461
0.1540000 -27.5839748
0.1550000 -27.9769058
0.1560000 -1.5041215
0.1570000 -11.3500128
0.1580000 31.3850861
0.1590000 28.9754372
0.1600000 34.8801231
0.1610000 -42.5845451
0.1620000 -7.7566676
0.1630000 -49.2831764
0.1640000 13.8238144
0.1650000 58.7463036
0.1660000 -18.9488029
0.1670000 -7.8784676
0.1680000 -22.8041782
0.1690000 -11.5287266
0.1700000 -38.1243973
0.1710000 46.7836990
0.1720000 14.5103474
0.1730000 39.7735901
0.1740000 -17.9162197
0.1750000 37.1054268
0.1760000 16.4196224
0.1770000 -29.3505764
0.1780000 -11.3277388
0.1790000 30.5551147
0.1800000 -10.9878855
0.1810000 8.4856062
0.1820000 10.9169130
0.1830000 9.8842697
0.1840000 9.9076691
0.1850000 -27.4924355
0.1860000 6.7438140
0.1870000 -19.0763321
0.1880000 18.6015491
0.1890000 9.9700603
0.1900000 -35.1152420
0.1910000 0.5179580
0.1920000 58.3880463
0.1930000 53.5537262
0.1940000 50.9030838
0.1950000 -58.0810013
0.1960000 -14.2485247
0.1970000 37.0142479
0.1980000 -16.9998131
0.1990000 -51.5220528
0.2000000 28.0290890
0.2010000 -24.3852253
0.2020000 -32.5552902
0.2030000 30.5541191
0.2040000 33.2672043
0.2050000 -51.1156616
0.2060000 32.5075912
0.2070000 19.4748058
0.2080000 -64.4955215
0.2090000 -54.1879501
0.2100000 5.0872407
0.2110000 -12.4981318
0.2120000 45.3712387
0.2130000 33.4952812
0.2140000 -16.5813293
0.2150000 28.4909668
0.2160000 38.4285126
0.2170000 47.7811127
0.2180000 7.6246243
0.2190000 14.4717121
0.2200000 -6.7810206
0.2210000 50.2336121
0.2220000 8.8972378
0.2230000 9.3156977
0.2240000 0.7317727
0.2250000 -2.2982776
0.2260000 45.9557533
0.2270000 -36.9184608
0.2280000 2.5054717
0.2290000 -13.5057154
0.2300000 -11.9964962
0.2310000 23.0993938
0.2320000 7.9337482
0.2330000 28.0221081
0.2340000 -19.1611862
0.2350000 -20.4881096
0.2360000 -5.8774734
0.2370000 -17.4153481
0.2380000 39.5587044
0.2390000 9.0481606
0.2400000 -2.4721284
0.2410000 -42.0885582
0.2420000 -10.4264784
0.2430000 38.7078514
0.2440000 20.4318905
0.2450000 37.2174339
0.2460000 10.1331701
0.2470000 10.5863924
0.2480000 -47.3655968
0.2490000 4.6116343
0.2500000 30.8684731
0.2510000 26.8283310
0.2520000 40.3531418
0.2530000 -20.9401569
0.2540000 2.5655847
0.2550000 37.2823219
0.2560000 -38.6085358
0.2570000 -32.9806252
0.2580000 26.7820816
0.2590000 -8.5958300
0.2600000 -49.1016617
0.2610000 -17.0935001
0.2620000 -0.8911292
0.2630000 -19.2162228
0.2640000 15.4098463
0.2650000 21.6426868
0.2660000 42.3272400
0.2670000 -22.4640636
0.2680000 17.5079384
0.2690000 -45.1099930
0.2700000 9.6151819
0.2710000 54.4543571
0.2720000 40.3785095
0.2730000 -56.6881561
0.2740000 -39.0645905
0.2750000 -27.9149952
0.2760000 -1.6840109
0.2770000 7.7476654
0.2780000 58.0621872
0.2790000 6.2318163
0.2800000 -46.0727005
0.2810000 -31.8145580
0.2820000 30.0287113
0.2830000 -34.0259132
0.2840000 33.9172554
0.2850000 -88.2298431
0.2860000 -55.2480278
0.2870000 -46.5196686
0.2880000 35.0775871
0.2890000 27.6529713
0.2900000 15.8241215
0.2910000 -48.1024857
0.2920000 -14.5942678
0.2930000 -27.9384518
0.2940000 -8.4959574
0.2950000 15.2444954
0.2960000 34.7168427
0.2970000 5.4387369
0.2980000 40.2391891
0.2990000 0.8507771
0.3000000 -18.3014374
0.3010000 -24.5359001
0.3020000 3.3261917
0.3030000 50.0300064
0.3040000 -3.5661998
0.3050000 75.3799133
0.3060000 -31.9928551
0.3070000 19.0682259
0.3080000 13.5085068
0.3090000 -4.2842655
0.3100000 -2.2228227
0.3110000 -5.1940675
0.3120000 30.8957844
0.3130000 -35.6679611
0.3140000 -22.1173134
0.3150000 -10.3974171
0.3160000 18.3034420
0.3170000 1.0535101
0.3180000 14.2221527
0.3190000 33.6383705
0.3200000 -15.2871656
0.3210000 109.4585114
0.3220000 20.3491402
0.3230000 30.3392086
0.3240000 -36.4425392
0.3250000 -23.8577652
0.3260000 -74.2415924
0.3270000 -29.5190411
0.3280000 -8.0378065
0.3290000 -3.1316946
0.3300000 -14.4357758
0.3310000 46.6402740
0.3320000 55.9296608
0.3330000 2.6757476
0.3340000 -6.6834493
0.3350000 -8.3557816
0.3360000 -17.2179871
0.3370000 3.4215195
0.3380000 13.0474615
0.3390000 -9.4589748
0.3400000 -33.4560356
0.3410000 52.4505692
0.3420000 -17.7800770
0.3430000 -20.7757874
0.3440000 -26.4260159
0.3450000 -30.8977585
0.3460000 5.7344880
0.3470000 31.2876911
0.3480000 -10.0049429
0.3490000 -10.1082697
0.3500000 -32.8379974
0.3510000 -3.6799114
0.3520000 49.3395348
0.3530000 66.9673920
0.3540000 41.5045509
0.3550000 22.1651440
0.3560000 -21.7267342
0.3570000 -9.2315521
0.3580000 -19.3211708
0.3590000 -2.8524008
0.3600000 -26.4086933
0.3610000 32.0269318
0.3620000 49.7172813
0.3630000 40.9687157
0.3640000 19.0264454
0.3650000 17.0523109
0.3660000 17.5101852
0.3670000 -1.7717170
0.3680000 13.9012508
0.3690000 -16.8649731
0.3700000 -27.4371986
0.3710000 -14.7427893
0.3720000 -7.0513458
0.3730000 8.1876345
0.3740000 15.4511595
0.3750000 -24.9247952
0.3760000 -37.0558472
0.3770000 19.3676243
0.3780000 22.7356949
0.3790000 27.0143147
0.3800000 -38.0121155
0.3810000 22.8947334
0.3820000 -5.5409889
0.3830000 18.2876587
0.3840000 19.1275501
0.3850000 6.7688818
0.3860000 -44.5057449
0.3870000 17.1659279
0.3880000 4.7036982
0.3890000 54.5456619
0.3900000 -37.7078552
0.3910000 5.0446200
0.3920000 17.2006645
0.3930000 5.2670999
0.3940000 58.1731148
0.3950000 68.9204025
0.3960000 63.5199242
0.3970000 -37.7316170
0.3980000 -0.7864612
0.3990000 21.8061810
0.4000000 -18.4969463
0.4010000 14.0669270
0.4020000 -44.5910912
0.4030000 -21.3248367
0.4040000 60.9751511
0.4050000 -2.0136709
0.4060000 5.5464187
0.4070000 12.4416275
0.4080000 -32.0796509
0.4090000 -20.2008953
0.4100000 -11.6858454
0.4110000 -64.8232269
0.4120000 -8.6727982
0.4130000 13.6219654
0.4140000 -86.0279694
0.4150000 1.8866001
0.4160000 6.2699351
0.4170000 -22.0998535
0.4180000 12.8525429
0.4190000 56.1632309
0.4200000 -12.3001823
0.4210000 12.0953484
0.4220000 -0.2864972
0.4230000 31.7869949
0.4240000 -31.0160236
0.4250000 33.5686417
0.4260000 -42.4925880
0.4270000 59.4227028
0.4280000 26.8300781
0.4290000 -52.3131943
0.4300000 31.2300301
0.4310000 -33.1070518
0.4320000 -20.8613758
0.4330000 -14.6888895
0.4340000 97.0679321
0.4350000 39.1328964
0.4360000 82.6136398
0.4370000 7.8113222
0.4380000 -65.1653137
0.4390000 -58.8500290
0.4400000 26.6585083
0.4410000 -68.8311920
0.4420000 -36.5613213
0.4430000 5.1241379
0.4440000 0.1871223
0.4450000 -20.2711964
0.4460000 5.1155272
0.4470000 -58.7558670
0.4480000 41.1085968
0.4490000 -47.8090286
0.4500000 -19.8078575
0.4510000 -27.8336983
0.4520000 30.9499683
0.4530000 37.3319550
0.4540000 70.2466278
0.4550000 34.3552437
0.4560000 24.6009769
0.4570000 -9.9250231
0.4580000 11.2535629
0.4590000 -19.5557575
0.4600000 -35.0371284
0.4610000 10.0171986
0.4620000 2.2536135
0.4630000 22.5638046
0.4640000 9.7062759
0.4650000 -3.0844326
0.4660000 53.3749657
0.4670000 57.4839478
0.4680000 -13.8832455
0.4690000 42.2868690
0.4700000 -34.6448822
0.4710000 -4.1494637
0.4720000 51.5815392
0.4730000 4.5660548
0.4740000 48.8382072
0.4750000 21.8706093
0.4760000 -0.3043427
0.4770000 21.0940742
0.4780000 17.2514858
0.4790000 -19.2123241
0.4800000 5.4424510
0.4810000 -41.6980782
0.4820000 68.1852570
0.4830000 -72.7224808
0.4840000 3.2779577
0.4850000 35.5055084
0.4860000 22.4529896
0.4870000 14.2122955
0.4880000 1.4446280
0.4890000 -10.8857670
0.4900000 -44.0747414
0.4910000 41.7202110
0.4920000 -51.5094948
0.4930000 7.9508600
0.4940000 36.3170433
0.4950000 -21.6479244
0.4960000 -20.8583889
0.4970000 4.2523270
0.4980000 1.3584254
0.4990000 8.2237654
0.5000000 -31.4445362
0.5010000 -27.9876022
0.5020000 -25.6197472
0.5030000 64.3527603
0.5040000 5.3054705
0.5050000 -50.3846512
0.5060000 4.3490434
0.5070000 41.0641861
0.5080000 9.6671219
0.5090000 -0.0751337
0.5100000 32.8178978
0.5110000 -4.4197369
0.5120000 -63.3982964
0.5130000 -31.4182320
0.5140000 24.3141785
0.5150000 12.0453863
0.5160000 70.0041046
0.5170000 5.6006660
0.5180000 -15.2708635
0.5190000 -26.9089088
0.5200000 23.1188278
0.5210000 -9.5897980
0.5220000 41.7350769
0.5230000 -1.7509012
0.5240000 -42.4044762
0.5250000 -29.9218826
0.5260000 37.3050575
0.5270000 45.6005325
0.5280000 -54.9209671
0.5290000 -10.8221607
0.5300000 -4.2093382
0.5310000 -13.4520540
0.5320000 -35.3905754
0.5330000 30.8420734
0.5340000 -43.0824585
0.5350000 -32.4025993
0.5360000 12.4524593
0.5370000 -67.1768417
0.5380000 -26.4525108
0.5390000 -33.3669281
0.5400000 0.2176821
0.5410000 47.0835266
0.5420000 -61.0043793
0.5430000 -32.1903572
0.5440000 46.1139412
0.5450000 -47.1879921
0.5460000 6.4754372
0.5470000 0.6985838
0.5480000 -11.3055038
0.5490000 22.5204239
0.5500000 16.1142979
0.5510000 -3.6185935
0.5520000 44.0610695
0.5530000 -52.6668854
0.5540000 26.9419174
0.5550000 -3.4381087
0.5560000 -49.9898949
0.5570000 -35.6017342
0.5580000 -92.5764236
0.5590000 -36.0414047
0.5600000 17.1776543
0.5610000 41.4056511
0.5620000 69.5929031
0.5630000 41.4586601
0.5640000 -14.3905878
0.5650000 -17.4817314
0.5660000 -13.8494434
0.5670000 39.5290756
0.5680000 17.9409199
0.5690000 10.4235964
0.5700000 33.4906654
0.5710000 5.0523014
0.5720000 -39.5277252
0.5730000 -19.6821346
0.5740000 -44.4019737
0.5750000 17.6393204
0.5760000 -24.5567665
0.5770000 3.2476687
0.5780000 8.1875467
0.5790000 36.5880547
0.5800000 -12.0443001
0.5810000 20.8494911
0.5820000 -70.1792908
0.5830000 -19.2792130
0.5840000 37.8737679
0.5850000 -27.5728703
0.5860000 0.3333556
0.5870000 39.4618149
0.5880000 -21.2930355
0.5890000 -41.0584106
0.5900000 -33.5731201
0.5910000 11.7964029
0.5920000 10.5076313
0.5930000 29.6635418
0.5940000 -10.6761370
0.5950000 -12.2347860
0.5960000 -3.4879081
0.5970000 82.6585846
0.5980000 -29.9203186
0.5990000 33.9708023
0.6000000 28.1247005
0.6010000 31.4256096
0.6020000 6.3251891
0.6030000 -4.4530210
0.6040000 -27.8440666
0.6050000 8.4775381
0.6060000 36.3030319
0.6070000 1.5861614
0.6080000 33.3801117
0.6090000 -12.0450621
0.6100000 6.6992631
0.6110000 22.8611240
0.6120000 28.1034470
0.6130000 -41.8180008
0.6140000 -41.4636307
0.6150000 -13.7111721
0.6160000 16.4798584
0.6170000 44.5537834
0.6180000 54.6199303
0.6190000 -15.5637951
0.6200000 5.9882050
0.6210000 22.8405018
0.6220000 21.7184715
0.6230000 -41.2154770
0.6240000 40.9825974
0.6250000 -15.2650442
0.6260000 36.6348419
0.6270000 23.9561863
0.6280000 -9.3299189
0.6290000 63.6671219
0.6300000 -53.0274658
0.6310000 22.6520863
0.6320000 12.7518559
0.6330000 41.8283653
0.6340000 -0.4931497
0.6350000 28.4076881
0.6360000 -11.1757984
0.6370000 23.5276604
0.6380000 -4.9092908
0.6390000 14.2679386
0.6400000 31.1468754
0.6410000 -38.4076958
0.6420000 57.2284889
0.6430000 0.8433663
0.6440000 41.1637344
0.6450000 16.6687660
0.6460000 -45.8047905
0.6470000 50.8625145
0.6480000 -9.7550392
0.6490000 -77.2488556
0.6500000 18.3078880
0.6510000 7.7123713
0.6520000 36.2423592
0.6530000 43.3680038
0.6540000 23.0995998
0.6550000 1.4719141
0.6560000 -23.2446995
0.6570000 6.5940599
0.6580000 24.8475857
0.6590000 53.6573029
0.6600000 60.2465248
0.6610000 62.3658218
0.6620000 41.6011047
0.6630000 51.1857834
0.6640000 12.8508511
0.6650000 61.6401825
0.6660000 -9.8436823
0.6670000 6.0275574
0.6680000 0.4498569
0.6690000 6.6105647
0.6700000 0.1641306
0.6710000 32.6815834
0.6720000 -71.7971039
0.6730000 36.8625946
0.6740000 28.6873016
0.6750000 10.8830814
0.6760000 25.4491940
0.6770000 19.9022751
0.6780000 19.6200676
0.6790000 62.0164528
0.6800000 70.2230606
0.6810000 -7.7515531
0.6820000 -25.3959560
0.6830000 6.1134682
0.6840000 21.9894428
0.6850000 37.3844299
0.6860000 -52.1739731
0.6870000 45.2444420
0.6880000 14.3143988
0.6890000 -48.4920120
0.6900000 -38.4977798
0.6910000 28.0974731
0.6920000 32.9569397
0.6930000 89.5028458
0.6940000 -65.3381424
0.6950000 15.6651983
0.6960000 -46.6291351
0.6970000 -21.5479183
0.6980000 -0.5901265
0.6990000 -5.9476051
0.7000000 6.9950309
0.7010000 -10.2835226
0.7020000 -27.5307732
0.7030000 49.9845390
0.7040000 13.3358288
0.7050000 12.2086086
0.7060000 -37.9104576
0.7070000 9.2431240
0.7080000 28.5521564
0.7090000 -47.8435555
0.7100000 26.2971516
0.7110000 -0.0955523
0.7120000 35.7505112
0.7130000 -34.0020714
0.7140000 55.9066048
0.7150000 -12.5796280
0.7160000 -8.7311440
0.7170000 -8.7275238
0.7180000 4.1056538
0.7190000 -34.3174171
0.7200000 -5.3937368
0.7210000 48.9890938
0.7220000 25.1214085
0.7230000 -20.0425301
0.7240000 -19.3409157
0.7250000 -49.9501038
0.7260000 -1.2612429
0.7270000 -4.2482915
0.7280000 21.0289192
0.7290000 -4.6556249
0.7300000 -34.9110069
0.7310000 -1.4510928
0.7320000 -26.4588242
0.7330000 -23.6661453
0.7340000 68.6807022
0.7350000 -29.1932182
0.7360000 14.0391264
0.7370000 -8.8782654
0.7380000 38.0396843
0.7390000 -68.7925797
0.7400000 -74.2217331
0.7410000 54.2439117
0.7420000 -20.0877857
0.7430000 -28.8997211
0.7440000 -23.4903069
0.7450000 -20.5303612
0.7460000 71.0798798
0.7470000 -39.1644859
0.7480000 60.3772011
0.7490000 39.4535561
0.7500000 10.4577675
0.7510000 -52.8240967
0.7520000 -5.2415285
0.7530000 -0.0810753
0.7540000 -24.6325607
0.7550000 -27.4239464
0.7560000 -1.1445355
0.7570000 -24.4826088
0.7580000 7.2417855
0.7590000 61.4781952
0.7600000 41.8889008
0.7610000 -31.9545650
0.7620000 34.5195732
0.7630000 -33.3901558
0.7640000 -78.3717194
0.7650000 -7.7013860
0.7660000 -15.5767403
0.7670000 -47.8226852
0.7680000 -59.5228043
0.7690000 7.4409885
0.7700000 22.7309361
0.7710000 -39.9850769
0.7720000 -32.8153687
0.7730000 -21.2785454
0.7740000 -5.8383183
0.7750000 0.1142181
0.7760000 -29.9818153
0.7770000 10.6903334
0.7780000 -15.4383993
0.7790000 41.7156906
0.7800000 27.9015903
0.7810000 7.8821411
0.7820000 -24.2980843
0.7830000 -75.4436798
0.7840000 -44.9337044
0.7850000 -4.2495284
0.7860000 12.8367405
0.7870000 -50.8094406
0.7880000 18.6837616
0.7890000 4.6521821
0.7900000 0.6687673
0.7910000 -23.9104176
0.7920000 7.0682368
0.7930000 -21.1006222
0.7940000 -5.8568149
0.7950000 -37.6158333
0.7960000 -21.2446690
0.7970000 -11.4375086
0.7980000 44.6060143
0.7990000 -7.3240957
0.8000000 -28.4778500
0.8010000 -17.3412113
0.8020000 28.1381893
0.8030000 -7.6422606
0.8040000 14.7042646
0.8050000 -22.6792870
0.8060000 -4.1269026
0.8070000 25.3412209
0.8080000 31.1339283
0.8090000 -47.1868019
0.8100000 25.9613895
0.8110000 -74.8498230
0.8120000 -10.9690971
0.8130000 7.0531454
0.8140000 -42.0723228
0.8150000 -10.9203224
0.8160000 -26.0398884
0.8170000 36.7423515
0.8180000 36.9668884
0.8190000 -28.7500229
0.8200000 20.1527100
0.8210000 -24.8261356
0.8220000 51.9602509
0.8230000 42.3248520
0.8240000 -10.7551842
0.8250000 -39.6109047
0.8260000 17.0809174
0.8270000 1.4569947
0.8280000 3.8859570
0.8290000 21.3672428
0.8300000 -19.9909058
0.8310000 33.1289940
0.8320000 19.8519459
0.8330000 -2.9606903
0.8340000 26.4531345
0.8350000 -13.8002939
0.8360000 31.6689720
0.8370000 -15.6885109
0.8380000 -15.7309628
0.8390000 25.7136307
0.8400000 -28.0409489
0.8410000 -27.6303291
0.8420000 2.6063433
0.8430000 -47.2254066
0.8440000 -27.5982018
0.8450000 -61.4768639
0.8460000 16.9488716
0.8470000 10.5206375
0.8480000 7.5816159
0.8490000 12.8173981
0.8500000 16.5473938
0.8510000 -4.6213675
0.8520000 -23.6813602
0.8530000 49.1139793
0.8540000 7.2471871
0.8550000 28.7500172
0.8560000 2.7693470
0.8570000 8.5779591
0.8580000 8.0466948
0.8590000 10.6064520
0.8600000 13.4619350
0.8610000 20.0282230
0.8620000 9.2497578
0.8630000 23.5606651
0.8640000 36.1875763
0.8650000 -39.3391190
0.8660000 32.7366638
0.8670000 -70.5020981
0.8680000 -27.2716560
0.8690000 -89.6292953
0.8700000 27.4279976
0.8710000 33.3258018
0.8720000 -39.2975616
0.8730000 9.4135847
0.8740000 1.1277579
0.8750000 -65.1157303
0.8760000 42.1244202
0.8770000 -8.3421841
0.8780000 19.4590511
0.8790000 32.9715843
0.8800000 46.1535454
0.8810000 -34.4787598
0.8820000 0.3861406
0.8830000 14.9402685
0.8840000 -49.7315331
0.8850000 34.0131340
0.8860000 55.5089874
0.8870000 -60.5303154
0.8880000 41.7093925
0.8890000 11.6868792
0.8900000 12.2386284
0.8910000 26.5816727
0.8920000 59.9971161
0.8930000 -1.0036032
0.8940000 -5.7021790
0.8950000 -35.4016151
0.8960000 -16.6221199
0.8970000 -46.9672508
0.8980000 48.9400177
0.8990000 57.6708565
0.9000000 47.6987915
0.9010000 -60.7263680
0.9020000 0.3506328
0.9030000 30.8487053
0.9040000 24.9988289
0.9050000 32.8099213
0.9060000 68.9205322
0.9070000 14.7187719
0.9080000 -7.0226569
0.9090000 25.6373997
0.9100000 14.3152304
0.9110000 -45.5224800
0.9120000 -13.5222149
0.9130000 40.7507172
0.9140000 -32.4177971
0.9150000 -4.6490684
0.9160000 -24.2071533
0.9170000 -26.2644253
0.9180000 -40.4351273
0.9190000 -16.7577629
0.9200000 -6.0034132
0.9210000 34.1590080
0.9220000 31.7685432
0.9230000 33.2287521
0.9240000 -55.0651398
0.9250000 -69.5614243
0.9260000 -6.5493174
0.9270000 43.7644882
0.9280000 -48.3103790
0.9290000 -59.9980049
0.9300000 60.4060783
0.9310000 50.8026123
0.9320000 -36.5534134
0.9330000 24.8066730
0.9340000 38.0390701
0.9350000 54.8545380
0.9360000 25.5855923
0.9370000 -26.7136002
0.9380000 31.7384548
0.9390000 -18.5401020
0.9400000 27.4267349
0.9410000 24.4092636
0.9420000 8.5219784
0.9430000 -29.2945709
0.9440000 -46.8627090
0.9450000 34.3005524
0.9460000 -83.3271179
0.9470000 0.0284806
0.9480000 30.1945839
0.9490000 -52.1624374
0.9500000 -11.8083229
0.9510000 -10.6218472
0.9520000 36.8294220
0.9530000 -46.6981850
0.9540000 19.4259338
0.9550000 33.6778679
0.9560000 -9.4558029
0.9570000 53.4849243
0.9580000 -38.4622307
0.9590000 12.4174232
0.9600000 -31.6476021
0.9610000 -43.0283623
0.9620000 -15.3284569
0.9630000 -20.6905613
0.9640000 -27.6570930
0.9650000 -31.3716888
0.9660000 7.8093400
0.9670000 -33.3113899
0.9680000 1.0267158
0.9690000 -5.3602109
0.9700000 52.6187859
0.9710000 -24.7612896
0.9720000 35.8888092
0.9730000 -23.8782349
0.9740000 5.0058055
0.9750000 -43.7078323
0.9760000 -6.3591123
0.9770000 16.0845509
0.9780000 -8.0192566
0.9790000 22.9803257
0.9800000 -80.1221466
0.9810000 23.7364693
0.9820000 -37.6129150
0.9830000 35.7420769
0.9840000 -3.6661751
0.9850000 -4.6525865
0.9860000 -13.8009014
0.9870000 -29.1871185
0.9880000 7.8640075
0.9890000 -11.4487543
0.9900000 -17.6635036
0.9910000 9.1338587
0.9920000 -4.7970223
0.9930000 18.0137577
0.9940000 -6.1325517
0.9950000 -41.9604836
0.9960000 -40.7056885
0.9970000 12.7767076
0.9980000 -56.5661545
0.9990000 -17.1464939
