0.0000000 64.6694565
0.0010000 -47.5606880
0.0020000 22.0520782
0.0030000 19.4263554
0.0040000 45.7077141
0.0050000 -3.7973440
0.0060000 15.0936756
0.0070000 80.5729141
0.0080000 59.5181923
0.0090000 34.6859627
0.0100000 18.8354988
0.0110000 32.3860893
0.0120000 12.4713383
0.0130000 -49.7125854
0.0140000 -51.8574867
0.0150000 57.0248947
0.0160000 5.4239688
0.0170000 -63.6695328
0.0180000 -3.6326978
0.0190000 -33.7804337
0.0200000 -55.4411163
0.0210000 28.5100365
0.0220000 -36.6913605
0.0230000 1.9569737
0.0240000 38.5697899
0.0250000 3.8259637
0.0260000 -37.2760162
0.0270000 28.0526237
0.0280000 -27.5249939
0.0290000 2.3106148
0.0300000 19.3338890
0.0310000 -16.2328796
0.0320000 -28.1119499
0.0330000 -63.9108315
0.0340000 -1.6186810
0.0350000 -17.4304523
0.0360000 9.7807961
0.0370000 9.8778944
0.0380000 28.8092747
0.0390000 15.5411062
0.0400000 3.0781183
0.0410000 -66.1331940
0.0420000 35.1317215
0.0430000 21.2551975
0.0440000 56.8870087
0.0450000 -11.6658525
0.0460000 -4.7193484
0.0470000 7.1850586
0.0480000 22.3223591
0.0490000 -35.4303970
0.0500000 56.9236450
0.0510000 -39.1746902
0.0520000 -27.9273987
0.0530000 -25.3833942
0.0540000 -34.9362335
0.0550000 24.4165382
0.0560000 0.9161389
0.0570000 -18.5300579
0.0580000 -50.0749588
0.0590000 -17.0146999
0.0600000 -28.0194359
0.0610000 79.1373444
0.0620000 61.2658691
0.0630000 -2.3551319
0.0640000 -89.8292999
0.0650000 24.7313232
0.0660000 38.4316216
0.0670000 34.2191696
0.0680000 -67.2227173
0.0690000 -9.1696701
0.0700000 20.6842270
0.0710000 2.9016707
0.0720000 -25.0568523
0.0730000 -29.7490368
0.0740000 -59.6829147
0.0750000 40.0096359
0.0760000 60.2696152
0.0770000 20.7309685
0.0780000 3.5224280
0.0790000 -46.7854271
0.0800000 -3.6536250
0.0810000 44.3265305
0.0820000 -13.1980524
0.0830000 19.1194878
0.0840000 42.5299911
0.0850000 25.6888046
0.0860000 9.5026999
0.0870000 45.2282791
0.0880000 -5.1908784
0.0890000 15.1068468
0.0900000 -1.3707187
0.0910000 22.0840931
0.0920000 9.4689465
0.0930000 47.1190910
0.0940000 1.0595617
0.0950000 -82.8507919
0.0960000 10.2620325
0.0970000 67.3555222
0.0980000 82.5386353
0.0990000 29.7681389
0.1000000 -13.4422226
0.1010000 60.3059082
0.1020000 27.8761635
0.1030000 15.5351334
0.1040000 1.5433791
0.1050000 57.2266922
0.1060000 10.0989103
0.1070000 -93.9793320
0.1080000 51.5976868
0.1090000 17.1981773
0.1100000 33.1442413
0.1110000 7.5030794
0.1120000 -34.3142433
0.1130000 -13.6059008
0.1140000 -1.5499643
0.1150000 0.3391775
0.1160000 -39.6805954
0.1170000 -6.3164625
0.1180000 4.5752258
0.1190000 -7.8445888
0.1200000 30.4206219
0.1210000 -15.5878296
0.1220000 -52.2220497
0.1230000 34.9363327
0.1240000 71.9482117
0.1250000 -10.6711597
0.1260000 -15.0302200
0.1270000 1.4331069
0.1280000 23.4029121
0.1290000 -15.2758427
0.1300000 -5.3796949
0.1310000 18.6137848
0.1320000 66.6192551
0.1330000 -14.7337132
0.1340000 -19.3827286
0.1350000 9.2396107
0.1360000 13.3793869
0.1370000 14.6547565
0.1380000 -42.6530113
0.1390000 -23.8524265
0.1400000 -29.5449390
0.1410000 8.7956047
0.1420000 17.9099693
0.1430000 -58.6626091
0.1440000 13.2741756
0.1450000 20.5146332
0.1460000 -9.8420725
0.1470000 -6.8550682
0.1480000 43.9933891
0.1490000 -11.3937311
0.1500000 68.6973495
0.1510000 9.3114491
0.1520000 -14.3609037
0.1530000 18.6545467
0.1540000 -13.1472149
0.1550000 81.2371979
0.1560000 31.3788261
0.1570000 12.5839100
0.1580000 -2.9269257
0.1590000 -68.7420120
0.1600000 -1.6853273
0.1610000 24.7055378
0.1620000 48.3162003
0.1630000 -20.4508572
0.1640000 65.3316345
0.1650000 25.8465786
0.1660000 -9.6482773
0.1670000 -10.8489742
0.1680000 -25.6016598
0.1690000 -37.2932434
0.1700000 80.6281281
0.1710000 -67.3851700
0.1720000 4.5569081
0.1730000 -24.3982525
0.1740000 -10.5640335
0.1750000 -26.7427845
0.1760000 12.3141899
0.1770000 4.2705550
0.1780000 7.8273411
0.1790000 -2.3134785
0.1800000 -44.5876465
0.1810000 2.2807961
0.1820000 -18.2426720
0.1830000 4.0596781
0.1840000 51.9294090
0.1850000 17.6473904
0.1860000 -17.0781937
0.1870000 -25.7249603
0.1880000 -42.8719330
0.1890000 -11.9329290
0.1900000 92.6711731
0.1910000 8.2894230
0.1920000 -2.0826609
0.1930000 21.2727604
0.1940000 -4.6485744
0.1950000 0.9165342
0.1960000 -84.9645386
0.1970000 43.9593658
0.1980000 54.5520630
0.1990000 -18.6597748
0.2000000 52.4802246
0.2010000 59.2291946
0.2020000 5.1253319
0.2030000 17.2600250
0.2040000 -11.1307583
0.2050000 -26.4085445
0.2060000 4.0884709
0.2070000 55.0410156
0.2080000 -5.5064673
0.2090000 28.6181717
0.2100000 12.1284294
0.2110000 -30.9193459
0.2120000 50.4432259
0.2130000 15.0420303
0.2140000 -9.3996553
0.2150000 -20.6708889
0.2160000 -30.6922131
0.2170000 -37.7932396
0.2180000 -2.8561857
0.2190000 51.1442566
0.2200000 -30.9354897
0.2210000 -8.0959558
0.2220000 33.0899315
0.2230000 29.8300056
0.2240000 7.7055292
0.2250000 12.5169325
0.2260000 -16.2051430
0.2270000 -1.4908702
0.2280000 24.3538494
0.2290000 -55.9893074
0.2300000 26.6879044
0.2310000 21.1239777
0.2320000 -16.9824295
0.2330000 -22.5669651
0.2340000 32.1704330
0.2350000 -46.7752686
0.2360000 -29.4401588
0.2370000 39.5419388
0.2380000 15.0587006
0.2390000 -27.4547901
0.2400000 -64.5666199
0.2410000 5.4823465
0.2420000 8.8262148
0.2430000 67.7733841
0.2440000 -31.1124020
0.2450000 -18.3386612
0.2460000 -24.8006516
0.2470000 12.7180967
0.2480000 19.8538361
0.2490000 22.7231407
0.2500000 -41.4044075
0.2510000 10.2661734
0.2520000 14.8187656
0.2530000 22.8118668
0.2540000 34.9146538
0.2550000 30.4354839
0.2560000 2.9004121
0.2570000 6.4133515
0.2580000 -0.5952235
0.2590000 9.2992210
0.2600000 -11.8204536
0.2610000 1.1689916
0.2620000 -42.2084427
0.2630000 -50.5442505
0.2640000 -10.4157619
0.2650000 60.5977097
0.2660000 -28.4370956
0.2670000 -48.5330429
0.2680000 65.5858383
0.2690000 63.3120422
0.2700000 13.6936369
0.2710000 -42.8053131
0.2720000 19.1682568
0.2730000 -7.3351231
0.2740000 3.4465551
0.2750000 -46.9200897
0.2760000 0.1834017
0.2770000 -40.1068192
0.2780000 0.7322634
0.2790000 -3.5970187
0.2800000 22.1749268
0.2810000 70.4844666
0.2820000 28.4399395
0.2830000 23.5369568
0.2840000 -12.1608591
0.2850000 28.8113556
0.2860000 -20.4951744
0.2870000 -42.1733437
0.2880000 -6.6774058
0.2890000 -20.4281235
0.2900000 -9.5477886
0.2910000 31.6239986
0.2920000 -15.1268454
0.2930000 21.3501320
0.2940000 79.6347351
0.2950000 -45.9538460
0.2960000 -5.4298649
0.2970000 -36.7335510
0.2980000 -25.1830578
0.2990000 -15.7845602
0.3000000 3.1786499
0.3010000 25.7733097
0.3020000 -14.3069124
0.3030000 -34.1686707
0.3040000 44.5418701
0.3050000 43.3426132
0.3060000 -62.0171204
0.3070000 36.2292061
0.3080000 29.5996227
0.3090000 49.3627129
0.3100000 -3.9075983
0.3110000 15.5214548
0.3120000 89.4113770
0.3130000 -31.9953613
0.3140000 -17.9702282
0.3150000 -28.1158333
0.3160000 30.5434608
0.3170000 4.6448803
0.3180000 -3.6124277
0.3190000 -2.6882846
0.3200000 33.6777153
0.3210000 16.5907078
0.3220000 -3.0515201
0.3230000 -23.5477657
0.3240000 16.3859558
0.3250000 -12.3724470
0.3260000 32.5308304
0.3270000 12.5078936
0.3280000 20.1245346
0.3290000 32.8932648
0.3300000 41.7254486
0.3310000 -2.6066430
0.3320000 -34.1586533
0.3330000 -70.2343063
0.3340000 34.2924614
0.3350000 12.5012903
0.3360000 16.4442825
0.3370000 -33.5697517
0.3380000 -2.3097708
0.3390000 -30.0837059
0.3400000 -22.2505512
0.3410000 20.1659603
0.3420000 17.1997585
0.3430000 -6.6604142
0.3440000 -12.1124296
0.3450000 5.7254720
0.3460000 -8.5832405
0.3470000 -70.1334076
0.3480000 -9.3339825
0.3490000 67.6339645
0.3500000 -17.8855495
0.3510000 11.8238535
0.3520000 24.8939819
0.3530000 48.0008545
0.3540000 -8.2129164
0.3550000 -46.8355522
0.3560000 -32.7304230
0.3570000 -59.7419243
0.3580000 -51.1865273
0.3590000 54.9203720
0.3600000 -20.6328754
0.3610000 -32.9914436
0.3620000 23.5304432
0.3630000 5.6103168
0.3640000 5.6701679
0.3650000 -3.7576449
0.3660000 26.3196640
0.3670000 -5.9182076
0.3680000 -4.8877211
0.3690000 -1.3063015
0.3700000 -1.0957083
0.3710000 -4.9964023
0.3720000 -43.9615517
0.3730000 22.3644581
0.3740000 0.7932410
0.3750000 11.1243582
0.3760000 8.6146469
0.3770000 4.0682783
0.3780000 -11.9495449
0.3790000 -80.3153152
0.3800000 -11.4554567
0.3810000 -16.3872547
0.3820000 10.9008121
0.3830000 -0.4572545
0.3840000 13.7079515
0.3850000 -24.0106506
0.3860000 34.8945007
0.3870000 -9.4483967
0.3880000 -42.3175621
0.3890000 11.2665854
0.3900000 -10.4310293
0.3910000 43.7419586
0.3920000 -14.0530348
0.3930000 -74.4193878
0.3940000 3.4440556
0.3950000 -57.2608757
0.3960000 -25.9059639
0.3970000 3.3120465
0.3980000 -27.4694614
0.3990000 -5.2759962
0.4000000 -12.1159964
0.4010000 -37.9769478
0.4020000 86.0722122
0.4030000 21.7970295
0.4040000 4.3991179
0.4050000 24.8458576
0.4060000 -28.1710587
0.4070000 -14.5513859
0.4080000 -33.4091988
0.4090000 14.7997179
0.4100000 -8.3803234
0.4110000 1.7962576
0.4120000 -5.9621987
0.4130000 -19.2173462
0.4140000 8.0403824
0.4150000 65.4898224
0.4160000 6.8970976
0.4170000 48.4897614
0.4180000 -4.6305165
0.4190000 -75.3936081
0.4200000 41.3337479
0.4210000 37.7576790
0.4220000 -84.0426178
0.4230000 -26.8115730
0.4240000 -44.8361588
0.4250000 -23.0305901
0.4260000 37.1407242
0.4270000 -4.5435452
0.4280000 -38.0787659
0.4290000 -42.0292778
0.4300000 84.5619125
0.4310000 -12.5659142
0.4320000 -37.0601234
0.4330000 -41.1771126
0.4340000 42.1393394
0.4350000 12.3350582
0.4360000 -14.8542261
0.4370000 -3.8514032
0.4380000 16.2744751
0.4390000 -43.0320702
0.4400000 -9.5698738
0.4410000 -57.3814278
0.4420000 -15.3094997
0.4430000 -37.4488220
0.4440000 -13.8063631
0.4450000 23.8881969
0.4460000 -21.6873055
0.4470000 -26.5576649
0.4480000 26.1002045
0.4490000 -7.3226714
0.4500000 -41.2131996
0.4510000 -47.4080429
0.4520000 -11.6893797
0.4530000 -12.7592239
0.4540000 -33.9884987
0.4550000 10.8266220
0.4560000 -43.0108604
0.4570000 95.0714188
0.4580000 -22.9087276
0.4590000 66.7374802
0.4600000 17.3504124
0.4610000 6.2806153
0.4620000 4.8714628
0.4630000 22.4970303
0.4640000 8.0179825
0.4650000 31.4958019
0.4660000 66.0623322
0.4670000 30.2079296
0.4680000 -24.3493900
0.4690000 -41.5439796
0.4700000 -25.6089382
0.4710000 28.4282150
0.4720000 -31.9165554
0.4730000 33.0968132
0.4740000 19.2146034
0.4750000 8.2243948
0.4760000 -51.5455093
0.4770000 24.0817719
0.4780000 -7.2316532
0.4790000 4.6883044
0.4800000 -5.9397688
0.4810000 -40.7166443
0.4820000 -45.3778648
0.4830000 17.4276600
0.4840000 41.4809532
0.4850000 -18.6635475
0.4860000 13.5523243
0.4870000 17.7807865
0.4880000 13.0148706
0.4890000 72.2792892
0.4900000 32.8719788
0.4910000 41.1232452
0.4920000 27.7841225
0.4930000 -40.0786629
0.4940000 30.4566326
0.4950000 -17.5776558
0.4960000 -13.3668327
0.4970000 -10.9788857
0.4980000 20.1384125
0.4990000 15.4511423
0.5000000 45.5263786
0.5010000 -0.0264412
0.5020000 -26.6142921
0.5030000 -34.6587105
0.5040000 -17.4938602
0.5050000 28.2826805
0.5060000 -12.6860428
0.5070000 -35.5174751
0.5080000 31.0780125
0.5090000 -24.5472660
0.5100000 56.1865768
0.5110000 -66.1892471
0.5120000 -11.9675045
0.5130000 -18.1963959
0.5140000 -20.3501301
0.5150000 31.7143593
0.5160000 -64.3723907
0.5170000 37.6952591
0.5180000 47.9804497
0.5190000 -44.1711769
0.5200000 -16.8129158
0.5210000 -28.5313015
0.5220000 34.5374146
0.5230000 11.3338099
0.5240000 10.7514877
0.5250000 -25.7201099
0.5260000 85.3681946
0.5270000 -2.6793902
0.5280000 59.6176910
0.5290000 -17.0848866
0.5300000 -60.7802200
0.5310000 16.0479755
0.5320000 8.9536905
0.5330000 12.4236422
0.5340000 -56.6889572
0.5350000 -4.9993887
0.5360000 7.9369574
0.5370000 28.3446312
0.5380000 43.1845436
0.5390000 3.8912709
0.5400000 -18.6940231
0.5410000 -6.8215203
0.5420000 5.9786229
0.5430000 -58.2921295
0.5440000 -7.2336087
0.5450000 5.0821619
0.5460000 29.6522865
0.5470000 -45.3019524
0.5480000 -15.6249285
0.5490000 24.8682823
0.5500000 -13.0611687
0.5510000 31.6937122
0.5520000 53.0522423
0.5530000 15.8846884
0.5540000 27.5859509
0.5550000 47.5006523
0.5560000 64.3710022
0.5570000 9.3773651
0.5580000 -45.5423965
0.5590000 -21.2361660
0.5600000 -30.4531021
0.5610000 -1.8513371
0.5620000 -12.6426811
0.5630000 6.9951019
0.5640000 2.3268600
0.5650000 3.7494700
0.5660000 -37.5293999
0.5670000 30.2729721
0.5680000 -44.8637428
0.5690000 -28.0452843
0.5700000 -8.9080114
0.5710000 21.4285946
0.5720000 -16.2782955
0.5730000 4.6846061
0.5740000 0.4935282
0.5750000 16.1152916
0.5760000 33.3189163
0.5770000 -2.7608488
0.5780000 -10.2177677
0.5790000 16.0071220
0.5800000 -24.6294270
0.5810000 42.7397079
0.5820000 -6.2940965
0.5830000 -6.9447637
0.5840000 6.2244387
0.5850000 72.9649963
0.5860000 -49.8566818
0.5870000 9.6282005
0.5880000 -25.2585869
0.5890000 -30.2866192
0.5900000 -30.1179428
0.5910000 -12.8346329
0.5920000 36.8169212
0.5930000 57.8087921
0.5940000 -14.3804674
0.5950000 -34.5295525
0.5960000 48.0388603
0.5970000 35.1550331
0.5980000 -21.8358974
0.5990000 15.9591198
0.6000000 21.0506859
0.6010000 -26.6428776
0.6020000 -21.6105461
0.6030000 27.4281845
0.6040000 71.1150818
0.6050000 -13.2012539
0.6060000 -41.2128143
0.6070000 -27.6941204
0.6080000 31.8094883
0.6090000 -4.7342768
0.6100000 -15.8439560
0.6110000 -25.0438004
0.6120000 -17.0524120
0.6130000 24.5390949
0.6140000 6.9931207
0.6150000 -3.5898058
0.6160000 -32.8772163
0.6170000 -23.2795143
0.6180000 22.3809013
0.6190000 -38.2577362
0.6200000 -32.2481651
0.6210000 20.4398689
0.6220000 6.8120322
0.6230000 25.1622658
0.6240000 39.5130653
0.6250000 -29.0234718
0.6260000 -19.1328850
0.6270000 -54.6355209
0.6280000 25.4219894
0.6290000 35.3627357
0.6300000 -9.4030628
0.6310000 40.2028770
0.6320000 22.5076065
0.6330000 -54.7403336
0.6340000 -26.9937878
0.6350000 45.9890823
0.6360000 50.4977150
0.6370000 4.6915936
0.6380000 24.6186829
0.6390000 -47.3875237
0.6400000 -21.3652153
0.6410000 -0.3391327
0.6420000 61.1558380
0.6430000 46.7479973
0.6440000 13.9422503
0.6450000 1.9009717
0.6460000 19.7887096
0.6470000 22.4173946
0.6480000 37.2940979
0.6490000 -12.0718393
0.6500000 -50.8714256
0.6510000 -31.2032566
0.6520000 -28.3141556
0.6530000 -32.6948280
0.6540000 25.7429104
0.6550000 21.3362026
0.6560000 -31.8712616
0.6570000 5.1049809
0.6580000 42.8552208
0.6590000 6.8777966
0.6600000 25.2220192
0.6610000 32.4033279
0.6620000 27.4948750
0.6630000 -44.5631561
0.6640000 11.4255676
0.6650000 16.2585106
0.6660000 46.3640366
0.6670000 -50.1541710
0.6680000 -23.2076569
0.6690000 24.1633644
0.6700000 -6.3190651
0.6710000 43.4880409
0.6720000 38.3637810
0.6730000 32.6528549
0.6740000 -15.8134327
0.6750000 -5.0599885
0.6760000 69.0064468
0.6770000 -1.4012339
0.6780000 12.8457327
0.6790000 13.3551950
0.6800000 15.5939760
0.6810000 12.9823275
0.6820000 -43.2415619
0.6830000 -35.8669243
0.6840000 71.4906921
0.6850000 23.6282959
0.6860000 56.5293579
0.6870000 28.0801563
0.6880000 -24.0295277
0.6890000 18.3194542
0.6900000 3.9919894
0.6910000 -3.4541228
0.6920000 -13.7716761
0.6930000 -17.2766190
0.6940000 4.5558267
0.6950000 -6.4797382
0.6960000 -86.7645569
0.6970000 13.1947184
0.6980000 -32.0418854
0.6990000 49.4908791
0.7000000 -68.3063965
0.7010000 2.1830897
0.7020000 54.6430588
0.7030000 7.2537131
0.7040000 30.7055168
0.7050000 4.3964658
0.7060000 12.9999247
0.7070000 66.9366760
0.7080000 -18.4193745
0.7090000 19.7831497
0.7100000 12.0950108
0.7110000 -1.5023533
0.7120000 -14.4570980
0.7130000 28.4994774
0.7140000 6.8501983
0.7150000 -22.8393669
0.7160000 40.9278374
0.7170000 12.3360319
0.7180000 24.9670143
0.7190000 -75.3099213
0.7200000 20.2197590
0.7210000 38.6211967
0.7220000 -6.8246999
0.7230000 20.2511673
0.7240000 67.7288818
0.7250000 30.4348984
0.7260000 -21.5869274
0.7270000 2.1562548
0.7280000 -5.7044649
0.7290000 -22.0311718
0.7300000 0.9988328
0.7310000 108.2245941
0.7320000 28.1305161
0.7330000 -33.1150360
0.7340000 -51.1390266
0.7350000 23.4427090
0.7360000 -59.1637650
0.7370000 -4.2321734
0.7380000 63.5921440
0.7390000 27.3967228
0.7400000 -22.2632637
0.7410000 31.2778511
0.7420000 -63.1842422
0.7430000 -35.7688484
0.7440000 -28.8077335
0.7450000 59.2359238
0.7460000 -22.5476036
0.7470000 -14.5560122
0.7480000 42.5279388
0.7490000 -45.7139168
0.7500000 -78.1340561
0.7510000 -47.3187218
0.7520000 -38.7337608
0.7530000 -4.1673155
0.7540000 27.8839741
0.7550000 38.5264282
0.7560000 -1.7529153
0.7570000 18.4439125
0.7580000 -11.1582432
0.7590000 -9.5657558
0.7600000 -38.9774742
0.7610000 21.1735153
0.7620000 -113.1980057
0.7630000 -48.1979752
0.7640000 -0.6650961
0.7650000 -30.6409206
0.7660000 -26.2955227
0.7670000 1.1000620
0.7680000 75.5043259
0.7690000 15.3732300
0.7700000 -22.1677380
0.7710000 -4.0784993
0.7720000 18.6821308
0.7730000 20.5094204
0.7740000 14.0596352
0.7750000 9.3675413
0.7760000 -30.5011406
0.7770000 -66.1985779
0.7780000 -5.4546766
0.7790000 20.1855602
0.7800000 68.2429504
0.7810000 -24.3645058
0.7820000 -49.2173538
0.7830000 40.4278374
0.7840000 -43.6268349
0.7850000 -41.6970329
0.7860000 39.5573730
0.7870000 -3.0687468
0.7880000 -14.8051434
0.7890000 -28.7522945
0.7900000 -34.6708488
0.7910000 5.6748805
0.7920000 38.2760353
0.7930000 -7.0213051
0.7940000 -46.6542969
0.7950000 -7.4006896
0.7960000 -18.6094933
0.7970000 -38.4071350
0.7980000 37.3641739
0.7990000 15.7235823
0.8000000 56.1895180
0.8010000 -26.6402626
0.8020000 -65.5034103
0.8030000 -79.9744568
0.8040000 25.2297192
0.8050000 41.9873924
0.8060000 -40.6980400
0.8070000 -69.0113297
0.8080000 -37.1998749
0.8090000 32.2866364
0.8100000 22.9713326
0.8110000 -8.7813988
0.8120000 11.3196411
0.8130000 10.3945141
0.8140000 -15.7253933
0.8150000 28.1712608
0.8160000 -24.0813599
0.8170000 15.6683235
0.8180000 -19.8604889
0.8190000 27.1351891
0.8200000 41.0002251
0.8210000 -17.8937893
0.8220000 -24.0720043
0.8230000 -45.2972069
0.8240000 -26.6615944
0.8250000 3.1100814
0.8260000 -22.9224987
0.8270000 23.6727333
0.8280000 6.4978166
0.8290000 57.9985504
0.8300000 -8.1898603
0.8310000 16.7743301
0.8320000 -41.4748459
0.8330000 35.3431396
0.8340000 -3.2339113
0.8350000 -2.5739810
0.8360000 13.4603682
0.8370000 -10.7765293
0.8380000 -28.9941196
0.8390000 -27.8306770
0.8400000 37.0105515
0.8410000 -9.1127329
0.8420000 38.5336380
0.8430000 -47.4899025
0.8440000 10.0565443
0.8450000 -27.2055149
0.8460000 48.2176208
0.8470000 -16.1509171
0.8480000 -20.7341576
0.8490000 -18.5019608
0.8500000 -58.3580971
0.8510000 26.9175587
0.8520000 41.6578979
0.8530000 -45.5762634
0.8540000 -20.9506359
0.8550000 7.7270818
0.8560000 14.8672733
0.8570000 -1.0727882
0.8580000 98.8870010
0.8590000 60.1021690
0.8600000 -5.4255910
0.8610000 -46.0861397
0.8620000 25.1123428
0.8630000 33.0360565
0.8640000 10.0715961
0.8650000 -31.3802700
0.8660000 -40.8718147
0.8670000 -2.5517554
0.8680000 -14.3978014
0.8690000 -3.2241099
0.8700000 -34.4245338
0.8710000 34.5615845
0.8720000 -4.1467638
0.8730000 -3.1755037
0.8740000 -25.1771030
0.8750000 -11.5639954
0.8760000 -55.5235786
0.8770000 27.0311718
0.8780000 -2.4803269
0.8790000 4.6940970
0.8800000 -16.5342064
0.8810000 -11.8471975
0.8820000 -15.7480583
0.8830000 -5.7615104
0.8840000 -36.0998344
0.8850000 33.7461967
0.8860000 64.3944092
0.8870000 1.1954796
0.8880000 0.2644224
0.8890000 46.0488853
0.8900000 -29.0001431
0.8910000 54.6052628
0.8920000 -44.9221802
0.8930000 26.5518875
0.8940000 9.4922266
0.8950000 34.7398300
0.8960000 16.3509655
0.8970000 -41.2749252
0.8980000 2.0654185
0.8990000 -60.9982834
0.9000000 97.1130295
0.9010000 -10.5054350
0.9020000 -15.2180500
0.9030000 45.1168976
0.9040000 30.9222527
0.9050000 -22.1935234
0.9060000 -25.5876217
0.9070000 25.9428349
0.9080000 -0.4743194
0.9090000 18.5459213
0.9100000 9.5739574
0.9110000 -51.0648842
0.9120000 -28.6154881
0.9130000 21.5297432
0.9140000 -41.6870270
0.9150000 54.3885345
0.9160000 -33.1325188
0.9170000 -27.0102348
0.9180000 24.8764973
0.9190000 -12.6806412
0.9200000 18.7164841
0.9210000 3.0355709
0.9220000 20.5205212
0.9230000 -44.9258499
0.9240000 51.6386948
0.9250000 75.0006943
0.9260000 8.9843369
0.9270000 -13.2967186
0.9280000 15.1647158
0.9290000 20.0500698
0.9300000 13.4390993
0.9310000 14.4775372
0.9320000 -4.5500431
0.9330000 15.7384024
0.9340000 -20.3845215
0.9350000 24.8741226
0.9360000 -118.2324448
0.9370000 56.3534317
0.9380000 18.3646317
0.9390000 -2.4439518
0.9400000 14.8630466
0.9410000 -23.6556568
0.9420000 20.8199959
0.9430000 -28.9264030
0.9440000 35.4053650
0.9450000 48.0885620
0.9460000 -47.1946831
0.9470000 -5.7637873
0.9480000 -11.1121092
0.9490000 -17.7970448
0.9500000 25.9802017
0.9510000 34.8116150
0.9520000 16.0478001
0.9530000 20.9356213
0.9540000 56.9649773
0.9550000 -66.2689896
0.9560000 -13.3522749
0.9570000 -55.3309593
0.9580000 14.5976124
0.9590000 51.4156990
0.9600000 -25.7134857
0.9610000 43.1060905
0.9620000 -54.5525398
0.9630000 15.5290213
0.9640000 20.0238972
0.9650000 -48.3115768
0.9660000 -0.1327517
0.9670000 -29.1674252
0.9680000 -0.5667314
0.9690000 -5.5425372
0.9700000 48.3914528
0.9710000 -15.3288488
0.9720000 -33.9270706
0.9730000 -29.6370506
0.9740000 -8.6519299
0.9750000 -16.1347160
0.9760000 -5.3176847
0.9770000 -67.3706894
0.9780000 1.0024241
0.9790000 -37.1258316
0.9800000 1.2532020
0.9810000 -18.2342033
0.9820000 4.0644217
0.9830000 -41.3652802
0.9840000 14.7781725
0.9850000 -61.1050110
0.9860000 26.9779358
0.9870000 18.1369152
0.9880000 -11.7067766
0.9890000 -46.7010269
0.9900000 68.8164902
0.9910000 1.2728925
0.9920000 12.0285835
0.9930000 -44.4757538
0.9940000 6.4939718
0.9950000 62.5290489
0.9960000 -15.4437141
0.9970000 13.6017141
0.9980000 53.3867493
0.9990000 29.1084156
