0.0000000 5.4147243
0.0010000 38.0202522
0.0020000 -41.2876625
0.0030000 -11.6500206
0.0040000 5.8179674
0.0050000 -41.9294281
0.0060000 16.7597656
0.0070000 24.3468513
0.0080000 61.0542603
0.0090000 -35.2304001
0.0100000 60.0945282
0.0110000 26.1365547
0.0120000 21.9751778
0.0130000 -7.5036597
0.0140000 -28.0944939
0.0150000 4.5483241
0.0160000 6.1731229
0.0170000 -13.4318485
0.0180000 -10.4690857
0.0190000 -4.8430943
0.0200000 50.9522209
0.0210000 -11.7419033
0.0220000 7.0542707
0.0230000 31.4469395
0.0240000 -3.5419700
0.0250000 26.5937195
0.0260000 -35.6871948
0.0270000 20.3988113
0.0280000 -30.1728859
0.0290000 -7.7372036
0.0300000 -5.1821132
0.0310000 -79.3782883
0.0320000 30.6274605
0.0330000 -17.9257812
0.0340000 3.2079966
0.0350000 -0.4203469
0.0360000 -4.5205984
0.0370000 -39.9617844
0.0380000 40.3609543
0.0390000 -15.1083746
0.0400000 27.3507786
0.0410000 44.3044128
0.0420000 -55.2539215
0.0430000 46.0652962
0.0440000 -20.2486210
0.0450000 -18.0944443
0.0460000 51.7320786
0.0470000 15.0488348
0.0480000 16.5591908
0.0490000 -9.1193686
0.0500000 -12.3452024
0.0510000 4.2337370
0.0520000 37.0938873
0.0530000 -15.5788269
0.0540000 -41.7674751
0.0550000 -18.1429291
0.0560000 26.8056870
0.0570000 85.7332993
0.0580000 -35.8869209
0.0590000 41.4901352
0.0600000 -32.6219025
0.0610000 36.4720993
0.0620000 -19.6496162
0.0630000 -39.8535652
0.0640000 -36.0371056
0.0650000 -2.0015988
0.0660000 -30.9051838
0.0670000 30.8777695
0.0680000 -8.5754271
0.0690000 42.1637115
0.0700000 15.1518269
0.0710000 39.5092773
0.0720000 0.3171078
0.0730000 -40.5222015
0.0740000 36.8055801
0.0750000 -24.1103745
0.0760000 7.8388405
0.0770000 -46.3540382
0.0780000 -21.6816425
0.0790000 43.7498970
0.0800000 -4.0455470
0.0810000 29.5144367
0.0820000 20.2756310
0.0830000 -56.9082298
0.0840000 -50.4285889
0.0850000 -36.1946182
0.0860000 19.0954018
0.0870000 4.7406597
0.0880000 12.8288336
0.0890000 11.3330889
0.0900000 -24.0186653
0.0910000 3.2804079
0.0920000 31.3836708
0.0930000 7.5415373
0.0940000 -17.9725933
0.0950000 -22.9951954
0.0960000 -24.2250290
0.0970000 23.5055580
0.0980000 22.0408325
0.0990000 1.7827429
0.1000000 49.6248245
0.1010000 37.5517502
0.1020000 -4.0995331
0.1030000 -9.3278008
0.1040000 11.5939016
0.1050000 34.3321686
0.1060000 75.6815872
0.1070000 15.6801491
0.1080000 -64.0555801
0.1090000 -14.1296043
0.1100000 -32.4786987
0.1110000 -6.7708116
0.1120000 2.0864272
0.1130000 -19.4571152
0.1140000 -33.5563927
0.1150000 -40.3342743
0.1160000 49.6031380
0.1170000 -10.0541935
0.1180000 -43.9137726
0.1190000 -44.8928070
0.1200000 44.3610802
0.1210000 -42.7454643
0.1220000 35.5167809
0.1230000 39.0687561
0.1240000 -32.7558632
0.1250000 -3.6663935
0.1260000 28.1278114
0.1270000 -13.2790518
0.1280000 -2.1273310
0.1290000 -12.3360319
0.1300000 37.4133492
0.1310000 -25.5554390
0.1320000 -37.9023285
0.1330000 47.2972336
0.1340000 -1.2110806
0.1350000 -13.6408167
0.1360000 57.5862694
0.1370000 -39.4968987
0.1380000 -46.2703209
0.1390000 40.9820023
0.1400000 63.9691620
0.1410000 -10.1461706
0.1420000 39.1283112
0.1430000 12.7052164
0.1440000 46.9693336
0.1450000 57.1063461
0.1460000 -6.7324562
0.1470000 -25.1850986
0.1480000 24.0790634
0.1490000 55.6801910
0.1500000 48.7845879
0.1510000 28.1876125
0.1520000 20.9495850
0.1530000 17.2408886
0.1540000 1.4505026
0.1550000 33.7535782
0.1560000 -18.2778358
0.1570000 -19.0657291
0.1580000 -45.8117332
0.1590000 -44.5810356
0.1600000 2.4541638
0.1610000 12.1128054
0.1620000 19.8962231
0.1630000 -17.7823181
0.1640000 1.2226132
0.1650000 79.0373764
0.1660000 0.4104425
0.1670000 -61.5754089
0.1680000 4.3101630
0.1690000 -49.9561043
0.1700000 27.2218742
0.1710000 0.0999377
0.1720000 31.6482048
0.1730000 -8.8374348
0.1740000 -3.4500310
0.1750000 16.2990074
0.1760000 -43.6638222
0.1770000 -26.2909393
0.1780000 -41.1181450
0.1790000 -44.2062721
0.1800000 25.7328167
0.1810000 -24.9016819
0.1820000 29.3382683
0.1830000 -19.2719460
0.1840000 -0.7150955
0.1850000 -58.4914894
0.1860000 -21.2705135
0.1870000 52.8417511
0.1880000 -2.8778458
0.1890000 -44.5896988
0.1900000 -29.5026054
0.1910000 7.9080243
0.1920000 32.6225510
0.1930000 29.7895813
0.1940000 -12.0888443
0.1950000 -13.4717159
0.1960000 39.5828056
0.1970000 2.6922975
0.1980000 11.8939905
0.1990000 97.0283279
0.2000000 -43.2357979
0.2010000 22.8358269
0.2020000 -17.4442883
0.2030000 -68.6553268
0.2040000 -86.1144638
0.2050000 -41.5151215
0.2060000 12.2141199
0.2070000 -12.0605936
0.2080000 11.1645336
0.2090000 13.3090172
0.2100000 8.4476814
0.2110000 -12.6242886
0.2120000 12.7016859
0.2130000 50.2509804
0.2140000 37.1534500
0.2150000 0.8713428
0.2160000 -36.0741882
0.2170000 -1.0945883
0.2180000 44.4610634
0.2190000 -2.7160735
0.2200000 17.4554634
0.2210000 -51.9313698
0.2220000 -15.3078022
0.2230000 48.9335403
0.2240000 20.6029186
0.2250000 -23.9013290
0.2260000 29.8911228
0.2270000 -23.2714138
0.2280000 -54.5014877
0.2290000 -2.1895223
0.2300000 34.5594368
0.2310000 1.4543340
0.2320000 71.8430786
0.2330000 18.6113091
0.2340000 -34.7630577
0.2350000 25.0119953
0.2360000 -1.6990263
0.2370000 72.1646347
0.2380000 22.2639141
0.2390000 -0.5568023
0.2400000 -15.5959005
0.2410000 -31.1129036
0.2420000 16.1046429
0.2430000 -12.5299072
0.2440000 -39.5727615
0.2450000 -18.1194458
0.2460000 21.9552021
0.2470000 -68.5887985
0.2480000 -60.4514847
0.2490000 -3.4425104
0.2500000 -50.5141449
0.2510000 -0.8782427
0.2520000 31.0256615
0.2530000 25.4999752
0.2540000 7.5005894
0.2550000 -8.4910822
0.2560000 26.8196926
0.2570000 59.3437729
0.2580000 22.0625973
0.2590000 -25.2290592
0.2600000 -2.7583845
0.2610000 12.6673412
0.2620000 32.0205803
0.2630000 -9.3027725
0.2640000 -14.5245533
0.2650000 -8.5324860
0.2660000 -12.2877598
0.2670000 -21.0810471
0.2680000 -30.4759121
0.2690000 14.6101761
0.2700000 -25.7490425
0.2710000 -24.7260685
0.2720000 -2.2043858
0.2730000 -24.5275822
0.2740000 17.8514977
0.2750000 2.5626547
0.2760000 -89.8330460
0.2770000 -53.7477112
0.2780000 -41.7448349
0.2790000 -17.9866962
0.2800000 -56.2922134
0.2810000 27.1928272
0.2820000 -56.0482788
0.2830000 41.2230453
0.2840000 -3.2324097
0.2850000 -34.8740082
0.2860000 65.3620911
0.2870000 -34.7050438
0.2880000 -7.6507339
0.2890000 -13.5816126
0.2900000 -5.7651916
0.2910000 18.4040318
0.2920000 66.3150101
0.2930000 4.4074006
0.2940000 -11.7172050
0.2950000 -3.9952493
0.2960000 -12.7687855
0.2970000 -48.8936462
0.2980000 58.3521118
0.2990000 -47.5360184
0.3000000 -21.7534943
0.3010000 33.0339241
0.3020000 5.2207875
0.3030000 -66.5880051
0.3040000 -37.1518707
0.3050000 25.6398430
0.3060000 -15.6504078
0.3070000 -17.6617470
0.3080000 -7.5439034
0.3090000 21.7625351
0.3100000 2.5927613
0.3110000 24.2743187
0.3120000 -7.8732657
0.3130000 5.0736108
0.3140000 -17.2854805
0.3150000 -25.9927959
0.3160000 51.1375465
0.3170000 -2.2552624
0.3180000 -77.3899689
0.3190000 -87.6411133
0.3200000 -45.2412758
0.3210000 -29.7844410
0.3220000 8.5066118
0.3230000 -31.8732357
0.3240000 5.1845903
0.3250000 -10.9186087
0.3260000 24.5873241
0.3270000 -22.2435436
0.3280000 -7.7814908
0.3290000 -33.1390533
0.3300000 47.4640694
0.3310000 -36.1166229
0.3320000 30.8607483
0.3330000 4.1287031
0.3340000 -5.2605877
0.3350000 -32.8611794
0.3360000 -23.9949188
0.3370000 7.1773190
0.3380000 53.3579865
0.3390000 -13.7431498
0.3400000 -52.6012917
0.3410000 86.9084930
0.3420000 20.9468384
0.3430000 -17.9939651
0.3440000 -18.5562401
0.3450000 -10.6729479
0.3460000 21.1627846
0.3470000 46.0236969
0.3480000 -42.1708603
0.3490000 -9.8806820
0.3500000 1.0763570
0.3510000 92.5404434
0.3520000 34.6816673
0.3530000 -40.6992874
0.3540000 -104.0455933
0.3550000 3.4042213
0.3560000 5.9235191
0.3570000 17.8130169
0.3580000 53.0969276
0.3590000 1.5490443
0.3600000 28.8486691
0.3610000 -22.6668015
0.3620000 13.6516685
0.3630000 58.8875999
0.3640000 0.6701736
0.3650000 28.0055637
0.3660000 49.8964577
0.3670000 66.4427109
0.3680000 14.6526947
0.3690000 27.0048809
0.3700000 -62.3905182
0.3710000 -28.0451145
0.3720000 -1.9775040
0.3730000 -14.0043612
0.3740000 -27.8074474
0.3750000 -28.9131031
0.3760000 32.2757111
0.3770000 12.7028017
0.3780000 21.7283287
0.3790000 28.3606033
0.3800000 13.6480570
0.3810000 25.0201015
0.3820000 4.4952917
0.3830000 2.8609259
0.3840000 -8.6701612
0.3850000 -32.0122643
0.3860000 -14.3192768
0.3870000 0.4872473
0.3880000 6.6534543
0.3890000 -32.5666733
0.3900000 -31.0203438
0.3910000 -72.8151474
0.3920000 -53.5676041
0.3930000 46.9011345
0.3940000 -3.7336383
0.3950000 -28.1967602
0.3960000 -53.7233772
0.3970000 -34.8665733
0.3980000 3.3051562
0.3990000 -47.1587296
0.4000000 14.5524359
0.4010000 17.3353844
0.4020000 44.9288483
0.4030000 69.5244827
0.4040000 -1.8266193
0.4050000 -13.1030512
0.4060000 -20.9840202
0.4070000 5.8603439
0.4080000 -11.7852030
0.4090000 -4.2495422
0.4100000 1.3650702
0.4110000 19.3508873
0.4120000 -16.6286411
0.4130000 -8.0764885
0.4140000 -42.5563583
0.4150000 0.0678485
0.4160000 55.8756676
0.4170000 64.2163620
0.4180000 -63.3635521
0.4190000 49.0416946
0.4200000 33.1473923
0.4210000 -23.2914963
0.4220000 -33.0834579
0.4230000 43.4586983
0.4240000 -12.5967054
0.4250000 -56.2297630
0.4260000 -8.4532080
0.4270000 -11.1935911
0.4280000 -51.9832840
0.4290000 -20.0245953
0.4300000 -72.4651642
0.4310000 12.4882116
0.4320000 9.8068390
0.4330000 46.4555893
0.4340000 38.9948196
0.4350000 -43.7897110
0.4360000 106.3084564
0.4370000 -22.4560814
0.4380000 0.4374672
0.4390000 -0.7832523
0.4400000 -5.8902779
0.4410000 59.8883247
0.4420000 13.8317842
0.4430000 27.2055130
0.4440000 40.6507378
0.4450000 -1.3139935
0.4460000 -37.3059921
0.4470000 -62.5298119
0.4480000 8.2403660
0.4490000 8.4733000
0.4500000 -101.3104782
0.4510000 -31.7395229
0.4520000 34.7096710
0.4530000 16.2490158
0.4540000 17.6134186
0.4550000 -3.8229020
0.4560000 9.3198366
0.4570000 -41.7573624
0.4580000 35.0351753
0.4590000 25.1940327
0.4600000 14.4415274
0.4610000 38.7104721
0.4620000 14.7132015
0.4630000 7.9406486
0.4640000 -54.7053795
0.4650000 27.2193165
0.4660000 -43.1525917
0.4670000 -57.5882301
0.4680000 -36.4317894
0.4690000 58.7516060
0.4700000 -28.6286087
0.4710000 3.1902854
0.4720000 50.0681534
0.4730000 12.4531670
0.4740000 13.7086658
0.4750000 -1.1681304
0.4760000 -4.6742563
0.4770000 -31.6181107
0.4780000 38.7972679
0.4790000 -15.5335979
0.4800000 -5.8480649
0.4810000 0.4318915
0.4820000 -36.4089432
0.4830000 24.6670094
0.4840000 48.6112671
0.4850000 59.4920006
0.4860000 -40.4897079
0.4870000 2.3645458
0.4880000 -32.9113197
0.4890000 -59.5268822
0.4900000 37.9482956
0.4910000 -0.3661572
0.4920000 34.1222687
0.4930000 3.8024149
0.4940000 16.2527161
0.4950000 -42.5262947
0.4960000 46.7598534
0.4970000 -29.4184418
0.4980000 -13.6370478
0.4990000 28.9121628
0.5000000 10.2219296
0.5010000 21.6857166
0.5020000 7.6328301
0.5030000 11.6065273
0.5040000 23.8411522
0.5050000 -21.1849461
0.5060000 -11.3112183
0.5070000 18.5066566
0.5080000 14.1238012
0.5090000 -15.6264000
0.5100000 1.4785706
0.5110000 55.7365761
0.5120000 -1.7340314
0.5130000 -27.1331139
0.5140000 1.0587847
0.5150000 -15.1222229
0.5160000 -39.8931847
0.5170000 -40.4114952
0.5180000 63.3973465
0.5190000 29.8653069
0.5200000 10.8565092
0.5210000 -38.0125275
0.5220000 -65.1019058
0.5230000 69.0627747
0.5240000 -18.8401489
0.5250000 -21.4921722
0.5260000 36.4340477
0.5270000 -41.1008224
0.5280000 -41.4216766
0.5290000 66.4060822
0.5300000 -7.7068834
0.5310000 -69.2003403
0.5320000 -29.1209831
0.5330000 -45.0987244
0.5340000 44.6439896
0.5350000 16.7968674
0.5360000 84.5411758
0.5370000 -59.2882652
0.5380000 -56.9872665
0.5390000 -65.0231400
0.5400000 -27.0179043
0.5410000 -12.5491886
0.5420000 -9.9917183
0.5430000 1.6685694
0.5440000 9.5671577
0.5450000 -37.8321533
0.5460000 -44.6086273
0.5470000 18.2018585
0.5480000 7.4915385
0.5490000 -19.0333214
0.5500000 40.8828926
0.5510000 -70.9530869
0.5520000 28.8398323
0.5530000 23.6621513
0.5540000 14.2437906
0.5550000 5.0112214
0.5560000 -36.1125412
0.5570000 1.3761212
0.5580000 -43.7249527
0.5590000 34.9940720
0.5600000 17.0358734
0.5610000 -19.9996719
0.5620000 -8.8369741
0.5630000 -33.4054184
0.5640000 19.8404217
0.5650000 -4.1637201
0.5660000 27.7102337
0.5670000 34.7807732
0.5680000 -28.6519241
0.5690000 26.9367046
0.5700000 8.3604259
0.5710000 3.9912100
0.5720000 -0.3436163
0.5730000 -7.9151154
0.5740000 -4.4685216
0.5750000 61.7820892
0.5760000 -5.1861081
0.5770000 -55.8007507
0.5780000 -0.4429624
0.5790000 21.0452137
0.5800000 48.9143829
0.5810000 27.8905392
0.5820000 -60.5348969
0.5830000 -17.4067268
0.5840000 -28.3924656
0.5850000 33.5924492
0.5860000 64.5871277
0.5870000 -2.5267305
0.5880000 -35.1570740
0.5890000 1.5104903
0.5900000 -45.7411499
0.5910000 22.6942158
0.5920000 7.2008505
0.5930000 18.3637199
0.5940000 -47.2246780
0.5950000 11.6041794
0.5960000 48.9198112
0.5970000 94.3124542
0.5980000 3.4168310
0.5990000 31.6910534
0.6000000 12.8200111
0.6010000 -55.2223587
0.6020000 17.5178013
0.6030000 -2.8723202
0.6040000 -22.6933212
0.6050000 1.7207364
0.6060000 25.2898521
0.6070000 -18.4751930
0.6080000 2.9545488
0.6090000 -3.3083887
0.6100000 -36.6923599
0.6110000 16.0253601
0.6120000 -1.8929421
0.6130000 -36.7823944
0.6140000 40.8653297
0.6150000 -63.0059433
0.6160000 -10.1210899
0.6170000 -18.4269981
0.6180000 16.6717949
0.6190000 6.0864763
0.6200000 37.4822273
0.6210000 10.5456200
0.6220000 -64.4005814
0.6230000 -47.9788780
0.6240000 -2.7287712
0.6250000 -28.5377293
0.6260000 26.0252609
0.6270000 53.8134422
0.6280000 -16.8074322
0.6290000 5.2983503
0.6300000 -17.8583851
0.6310000 -24.0150299
0.6320000 -58.0196762
0.6330000 57.3983498
0.6340000 3.6574624
0.6350000 44.8271370
0.6360000 43.9231873
0.6370000 -15.6879034
0.6380000 23.6070976
0.6390000 14.9046488
0.6400000 -25.0033455
0.6410000 -54.1137161
0.6420000 -24.0446205
0.6430000 17.5251122
0.6440000 24.7264977
0.6450000 -30.2507877
0.6460000 -7.1491427
0.6470000 4.8794556
0.6480000 2.6305199
0.6490000 -20.9622784
0.6500000 29.3953304
0.6510000 -32.7285728
0.6520000 -7.5000648
0.6530000 -34.9716568
0.6540000 -3.6551728
0.6550000 30.3633842
0.6560000 -10.6113691
0.6570000 6.7412724
0.6580000 -13.5987368
0.6590000 34.6443138
0.6600000 -77.6841278
0.6610000 -48.9502068
0.6620000 -8.3427715
0.6630000 34.2286148
0.6640000 7.0445662
0.6650000 -1.4619038
0.6660000 8.9223604
0.6670000 -28.2797050
0.6680000 41.8051720
0.6690000 4.9207187
0.6700000 35.9886208
0.6710000 5.8760204
0.6720000 -49.8577042
0.6730000 -3.5933123
0.6740000 -8.0820761
0.6750000 9.8185816
0.6760000 -80.9309235
0.6770000 14.4886198
0.6780000 15.1596107
0.6790000 -15.8278780
0.6800000 -28.7530594
0.6810000 -13.0639048
0.6820000 38.8853035
0.6830000 -18.1544437
0.6840000 -6.3626742
0.6850000 -22.6460552
0.6860000 -3.9652138
0.6870000 -20.0186462
0.6880000 -58.2037315
0.6890000 2.8226418
0.6900000 25.5202103
0.6910000 -26.5222912
0.6920000 -9.2834244
0.6930000 -8.9780941
0.6940000 2.8106225
0.6950000 41.6457253
0.6960000 -2.0105186
0.6970000 -27.0867004
0.6980000 65.9399490
0.6990000 -13.3371973
0.7000000 -12.2471924
0.7010000 27.7455654
0.7020000 -3.2526422
0.7030000 -33.9264145
0.7040000 14.5237846
0.7050000 -23.9309673
0.7060000 -2.6336060
0.7070000 21.5603504
0.7080000 -16.7924786
0.7090000 4.3625040
0.7100000 1.1772399
0.7110000 -7.6460719
0.7120000 -26.9838161
0.7130000 -36.9039459
0.7140000 31.5656662
0.7150000 29.3759747
0.7160000 6.9982219
0.7170000 34.3045464
0.7180000 41.3445396
0.7190000 -36.9541245
0.7200000 -58.8144913
0.7210000 -9.5308304
0.7220000 -2.2828400
0.7230000 -16.2497349
0.7240000 41.3004189
0.7250000 16.3347836
0.7260000 20.9121571
0.7270000 -82.3815231
0.7280000 -33.2002411
0.7290000 7.6709433
0.7300000 38.3508339
0.7310000 26.0888710
0.7320000 -16.9031086
0.7330000 -36.5281639
0.7340000 -71.5845947
0.7350000 -36.3709488
0.7360000 -23.5649433
0.7370000 21.8042126
0.7380000 -26.0284367
0.7390000 38.5494652
0.7400000 21.0229607
0.7410000 39.1876602
0.7420000 79.8948059
0.7430000 41.4300575
0.7440000 8.8822803
0.7450000 34.2949753
0.7460000 -47.2294197
0.7470000 25.1612358
0.7480000 -23.2503834
0.7490000 56.7381058
0.7500000 -4.3326502
0.7510000 -30.8688736
0.7520000 -45.4232597
0.7530000 3.2452557
0.7540000 31.7564373
0.7550000 6.1412354
0.7560000 -15.4828949
0.7570000 -24.5197411
0.7580000 88.6466827
0.7590000 -36.1928253
0.7600000 -56.6176529
0.7610000 30.7864876
0.7620000 43.7724800
0.7630000 -5.1006284
0.7640000 -13.0400944
0.7650000 25.4985542
0.7660000 -36.8851089
0.7670000 -14.1621218
0.7680000 2.4634933
0.7690000 51.1320801
0.7700000 -23.8645248
0.7710000 50.9420204
0.7720000 27.2729301
0.7730000 26.9486828
0.7740000 -59.4863281
0.7750000 -57.3635101
0.7760000 46.1210556
0.7770000 3.4270754
0.7780000 -45.0608673
0.7790000 -12.4005508
0.7800000 -37.9679680
0.7810000 16.6067390
0.7820000 -42.9401016
0.7830000 -46.1728210
0.7840000 4.3726811
0.7850000 -31.7680511
0.7860000 38.1073227
0.7870000 30.3180466
0.7880000 -32.2782974
0.7890000 12.7346325
0.7900000 10.0032225
0.7910000 6.2757978
0.7920000 34.9447098
0.7930000 33.6428146
0.7940000 13.4180489
0.7950000 60.2953796
0.7960000 -59.5617676
0.7970000 32.9210014
0.7980000 -40.1098595
0.7990000 -26.0158348
0.8000000 18.3799210
0.8010000 -45.4431648
0.8020000 -49.7990265
0.8030000 -22.4983768
0.8040000 30.1610432
0.8050000 6.6483665
0.8060000 -2.6024234
0.8070000 -29.5165977
0.8080000 -33.4675140
0.8090000 -1.8668319
0.8100000 -36.0443687
0.8110000 -37.0221977
0.8120000 -8.6187086
0.8130000 6.4238887
0.8140000 -36.2447701
0.8150000 30.2510586
0.8160000 60.6835709
0.8170000 45.7230911
0.8180000 7.6617765
0.8190000 -25.8697548
0.8200000 16.0957394
0.8210000 21.8838882
0.8220000 10.9848356
0.8230000 -39.5136032
0.8240000 -4.6193151
0.8250000 44.1838913
0.8260000 47.0126495
0.8270000 37.4855576
0.8280000 -23.8334141
0.8290000 13.3197565
0.8300000 22.9183369
0.8310000 -6.7656755
0.8320000 40.1606789
0.8330000 -8.8824902
0.8340000 22.0886402
0.8350000 19.6813431
0.8360000 32.7653580
0.8370000 35.6213417
0.8380000 -4.1849093
0.8390000 -25.2763805
0.8400000 47.4051590
0.8410000 31.0149651
0.8420000 47.6271439
0.8430000 2.2344358
0.8440000 44.7461357
0.8450000 6.8082767
0.8460000 -12.9020176
0.8470000 -77.8802185
0.8480000 20.5083618
0.8490000 -42.6356888
0.8500000 -28.2059593
0.8510000 26.8438339
0.8520000 -42.0365524
0.8530000 -5.0338306
0.8540000 -49.4171104
0.8550000 26.5848465
0.8560000 51.6121063
0.8570000 16.8549480
0.8580000 1.5947281
0.8590000 12.9368906
0.8600000 15.8143234
0.8610000 21.4834385
0.8620000 15.0132685
0.8630000 16.8751717
0.8640000 -52.9503593
0.8650000 3.5020568
0.8660000 -23.0707531
0.8670000 -6.4051991
0.8680000 -13.2399435
0.8690000 -6.8845615
0.8700000 5.1941185
0.8710000 -35.3534660
0.8720000 -16.5230579
0.8730000 -18.5123615
0.8740000 -38.8439331
0.8750000 -13.0242853
0.8760000 40.1624527
0.8770000 42.8002510
0.8780000 -4.9983048
0.8790000 30.4770050
0.8800000 55.6417542
0.8810000 -33.7927055
0.8820000 -32.5280037
0.8830000 -62.1036491
0.8840000 -3.7161417
0.8850000 -62.8144722
0.8860000 3.3144181
0.8870000 -40.9571419
0.8880000 -32.0238075
0.8890000 6.2695122
0.8900000 -14.0909424
0.8910000 1.7320980
0.8920000 51.6338043
0.8930000 32.8600311
0.8940000 40.4598503
0.8950000 -7.9748425
0.8960000 -7.0180874
0.8970000 -38.7173080
0.8980000 -38.6366158
0.8990000 -8.3472004
0.9000000 10.9054842
0.9010000 -50.8781395
0.9020000 -41.8310204
0.9030000 26.2087021
0.9040000 -12.1268845
0.9050000 22.4868965
0.9060000 2.0948427
0.9070000 16.3800926
0.9080000 -20.7008343
0.9090000 26.2915916
0.9100000 -22.0348473
0.9110000 24.8841858
0.9120000 39.3721619
0.9130000 8.3372641
0.9140000 -20.7274799
0.9150000 -23.0205479
0.9160000 -53.4244690
0.9170000 -43.2788048
0.9180000 43.7360725
0.9190000 -26.9179592
0.9200000 15.2974281
0.9210000 45.3571434
0.9220000 25.7873173
0.9230000 2.5195875
0.9240000 56.3806915
0.9250000 -53.4775467
0.9260000 40.8308830
0.9270000 0.3611768
0.9280000 15.0969934
0.9290000 11.8279572
0.9300000 55.5062637
0.9310000 -41.6299553
0.9320000 -24.3217354
0.9330000 -58.6673279
0.9340000 17.4678097
0.9350000 -63.9680176
0.9360000 17.0535164
0.9370000 -4.8662248
0.9380000 -22.3224297
0.9390000 1.7406188
0.9400000 -47.4526291
0.9410000 3.5114996
0.9420000 -17.5437889
0.9430000 46.0848351
0.9440000 -65.5072937
0.9450000 49.1552315
0.9460000 -52.3277359
0.9470000 34.2114143
0.9480000 -7.0528493
0.9490000 -25.4917183
0.9500000 -1.1387731
0.9510000 42.8051796
0.9520000 33.1688614
0.9530000 -56.6403732
0.9540000 -37.9154739
0.9550000 1.5716654
0.9560000 -31.4987984
0.9570000 -7.4694352
0.9580000 -10.8238125
0.9590000 38.4556923
0.9600000 -11.6748753
0.9610000 -1.7615995
0.9620000 -42.8689728
0.9630000 12.5513716
0.9640000 -30.3032875
0.9650000 28.7398129
0.9660000 24.4023113
0.9670000 51.1770859
0.9680000 2.6556838
0.9690000 -11.8752928
0.9700000 -1.6017160
0.9710000 25.6326180
0.9720000 41.7212715
0.9730000 -14.4302301
0.9740000 4.2081504
0.9750000 27.2280045
0.9760000 -26.0446720
0.9770000 34.2477798
0.9780000 -4.4576263
0.9790000 -60.1159821
0.9800000 -55.0772896
0.9810000 -64.3298798
0.9820000 -9.2790241
0.9830000 -10.3370934
0.9840000 -2.5805471
0.9850000 -24.1171341
0.9860000 50.0639038
0.9870000 -39.6012650
0.9880000 50.8906784
0.9890000 15.8132668
0.9900000 27.3930702
0.9910000 24.2918549
0.9920000 -47.5062065
0.9930000 -39.3960190
0.9940000 6.9088936
0.9950000 -11.6605434
0.9960000 25.6799526
0.9970000 -30.7779217
0.9980000 61.4027290
0.9990000 6.0971460
