0.0000000 30.8822632
0.0010000 -16.9164829
0.0020000 79.3110809
0.0030000 -12.4362879
0.0040000 -46.0790749
0.0050000 26.3229847
0.0060000 80.5713196
0.0070000 1.3197420
0.0080000 -4.6573515
0.0090000 13.5394211
0.0100000 -114.7294464
0.0110000 -20.6684475
0.0120000 20.0517941
0.0130000 40.6236687
0.0140000 -9.3358269
0.0150000 18.2153625
0.0160000 38.2732582
0.0170000 20.7754173
0.0180000 28.5673637
0.0190000 36.1662216
0.0200000 -67.8709793
0.0210000 -8.0956783
0.0220000 45.9423141
0.0230000 7.0462666
0.0240000 -59.2136803
0.0250000 -5.6491613
0.0260000 29.1559982
0.0270000 23.5727730
0.0280000 -36.0730591
0.0290000 -34.7645569
0.0300000 29.8875942
0.0310000 66.2058945
0.0320000 20.1010265
0.0330000 14.7492809
0.0340000 -71.4216003
0.0350000 14.1742535
0.0360000 -30.0128326
0.0370000 -58.4670830
0.0380000 28.1983356
0.0390000 -61.6689148
0.0400000 3.9387403
0.0410000 -2.2060065
0.0420000 -26.6134300
0.0430000 -63.9253998
0.0440000 40.3969498
0.0450000 18.7218533
0.0460000 5.6354303
0.0470000 -21.7046909
0.0480000 -10.1809425
0.0490000 -62.5874634
0.0500000 1.9146106
0.0510000 -4.3987970
0.0520000 64.0779419
0.0530000 32.9389038
0.0540000 -117.1087341
0.0550000 5.2398577
0.0560000 -29.5745735
0.0570000 -3.7352157
0.0580000 -47.4904060
0.0590000 -26.9496384
0.0600000 45.4058228
0.0610000 -54.6534538
0.0620000 -52.9435272
0.0630000 53.7723732
0.0640000 -44.2115211
0.0650000 17.0061398
0.0660000 53.3564949
0.0670000 -19.7853374
0.0680000 14.9317780
0.0690000 -46.4537773
0.0700000 4.9668713
0.0710000 -22.0500793
0.0720000 72.8717346
0.0730000 -66.2781830
0.0740000 14.1031208
0.0750000 -29.7730846
0.0760000 -51.8405457
0.0770000 29.2209225
0.0780000 21.6198692
0.0790000 5.1917257
0.0800000 -9.2141752
0.0810000 20.0074253
0.0820000 -0.1867694
0.0830000 7.8875117
0.0840000 20.8719730
0.0850000 -47.2584038
0.0860000 -38.5057602
0.0870000 -54.7019005
0.0880000 -1.7503049
0.0890000 1.7002428
0.0900000 4.2545295
0.0910000 -24.4185352
0.0920000 10.1672411
0.0930000 47.8811722
0.0940000 -5.5784025
0.0950000 -51.8096237
0.0960000 31.1292763
0.0970000 -39.8039169
0.0980000 -4.2371001
0.0990000 27.2608089
0.1000000 -27.4482269
0.1010000 -13.5548429
0.1020000 18.5799561
0.1030000 -53.7855797
0.1040000 22.3983364
0.1050000 10.1125164
0.1060000 -28.9517193
0.1070000 21.4735241
0.1080000 -30.1130085
0.1090000 -23.1963978
0.1100000 25.6791344
0.1110000 40.4238205
0.1120000 -36.7035675
0.1130000 -32.5497093
0.1140000 -2.4070346
0.1150000 5.0807390
0.1160000 -15.0687790
0.1170000 -43.3237190
0.1180000 11.7644138
0.1190000 -25.8936806
0.1200000 -45.3325729
0.1210000 -53.6731682
0.1220000 41.8070641
0.1230000 3.0630050
0.1240000 -0.8959341
0.1250000 17.4820576
0.1260000 -7.3618650
0.1270000 -23.6232853
0.1280000 4.0446324
0.1290000 5.9004612
0.1300000 13.5925188
0.1310000 13.4171162
0.1320000 20.0032196
0.1330000 -56.9440002
0.1340000 101.1872940
0.1350000 26.1541576
0.1360000 -43.7593842
0.1370000 12.3679094
0.1380000 9.6895981
0.1390000 4.0673432
0.1400000 24.8848324
0.1410000 10.0129395
0.1420000 -71.2475891
0.1430000 -35.6190033
0.1440000 32.6017570
0.1450000 -22.9079475
0.1460000 -48.3862686
0.1470000 17.3053131
0.1480000 20.5618248
0.1490000 -5.3135886
0.1500000 24.6175919
0.1510000 -27.7035980
0.1520000 40.4358253
0.1530000 30.3350048
0.1540000 8.3666000
0.1550000 34.5955124
0.1560000 -59.4573555
0.1570000 -21.1285286
0.1580000 58.5012321
0.1590000 -47.6436119
0.1600000 58.8870544
0.1610000 0.4233007
0.1620000 26.2199154
0.1630000 33.6131973
0.1640000 -21.0651283
0.1650000 -62.1362190
0.1660000 -46.9693298
0.1670000 -4.1665978
0.1680000 13.4096394
0.1690000 -7.9241886
0.1700000 -22.2813225
0.1710000 4.1228199
0.1720000 34.8714752
0.1730000 24.1680584
0.1740000 -32.4783630
0.1750000 -29.2629223
0.1760000 -25.6275387
0.1770000 50.3986130
0.1780000 -46.7571373
0.1790000 -25.9829006
0.1800000 -11.9789104
0.1810000 -35.8997726
0.1820000 5.8322239
0.1830000 -3.6263237
0.1840000 -13.0712852
0.1850000 10.8010855
0.1860000 1.3031454
0.1870000 -57.9793015
0.1880000 -39.5012436
0.1890000 1.4504857
0.1900000 26.5873852
0.1910000 23.5462704
0.1920000 -3.3181477
0.1930000 -19.9682884
0.1940000 -4.8832364
0.1950000 -45.4211693
0.1960000 -47.1673775
0.1970000 -34.2033844
0.1980000 -4.2701306
0.1990000 0.4007751
0.2000000 -53.1235428
0.2010000 -11.2027283
0.2020000 26.6053314
0.2030000 43.1777916
0.2040000 -46.0562096
0.2050000 42.6137619
0.2060000 -7.2936430
0.2070000 -9.9623775
0.2080000 24.0237274
0.2090000 -7.9525838
0.2100000 -15.9428234
0.2110000 -1.5321594
0.2120000 -12.8252144
0.2130000 24.1833744
0.2140000 -50.3025894
0.2150000 -27.5951881
0.2160000 9.5846233
0.2170000 25.8355446
0.2180000 -65.0711746
0.2190000 -75.0869827
0.2200000 6.1077728
0.2210000 10.4996920
0.2220000 42.8340569
0.2230000 -18.3541393
0.2240000 -67.7906647
0.2250000 -25.3082218
0.2260000 34.4233856
0.2270000 -42.1742516
0.2280000 -4.1498413
0.2290000 -82.7195053
0.2300000 53.1805344
0.2310000 -21.8875065
0.2320000 2.1485934
0.2330000 -26.0724163
0.2340000 1.2227113
0.2350000 -49.1193085
0.2360000 19.1541958
0.2370000 5.0542188
0.2380000 31.9726658
0.2390000 8.0376348
0.2400000 23.9398804
0.2410000 73.2713165
0.2420000 -17.5746670
0.2430000 -20.3318806
0.2440000 29.4286098
0.2450000 39.9419823
0.2460000 32.3631210
0.2470000 -35.8499222
0.2480000 -91.2720261
0.2490000 -8.8627205
0.2500000 -7.1240129
0.2510000 25.6619778
0.2520000 -50.4737740
0.2530000 -51.8164673
0.2540000 51.8525696
0.2550000 6.5178127
0.2560000 8.8536329
0.2570000 -23.3775482
0.2580000 13.3745003
0.2590000 -5.3651314
0.2600000 26.4413910
0.2610000 45.2849617
0.2620000 -48.4874268
0.2630000 13.1634712
0.2640000 -24.3492069
0.2650000 11.3277454
0.2660000 -80.6234207
0.2670000 7.9746170
0.2680000 47.8569183
0.2690000 -5.4565225
0.2700000 -48.2360458
0.2710000 -44.1387444
0.2720000 21.0013733
0.2730000 15.5971813
0.2740000 8.5759506
0.2750000 29.5750885
0.2760000 28.0566311
0.2770000 -81.2005692
0.2780000 21.6205349
0.2790000 69.5124664
0.2800000 -44.2718315
0.2810000 -49.8749428
0.2820000 -42.2339592
0.2830000 92.2610474
0.2840000 76.8373947
0.2850000 -66.2784424
0.2860000 -1.1188754
0.2870000 28.0294151
0.2880000 -34.6649742
0.2890000 18.8722706
0.2900000 17.9593029
0.2910000 49.7213287
0.2920000 -13.1583405
0.2930000 23.4779968
0.2940000 -7.1130486
0.2950000 46.0247765
0.2960000 73.7772903
0.2970000 25.3311844
0.2980000 10.6436167
0.2990000 -31.0279102
0.3000000 1.4948314
0.3010000 -57.0851097
0.3020000 -37.4797745
0.3030000 -1.1290854
0.3040000 -21.3286095
0.3050000 23.5888767
0.3060000 -4.6183028
0.3070000 -40.6017265
0.3080000 -4.3853192
0.3090000 -23.9466724
0.3100000 22.2318840
0.3110000 5.9907990
0.3120000 24.0455208
0.3130000 5.9527588
0.3140000 -37.6248894
0.3150000 -81.4243698
0.3160000 -9.8979416
0.3170000 -46.2689705
0.3180000 53.1821060
0.3190000 -13.6780977
0.3200000 11.6584444
0.3210000 -8.4905872
0.3220000 5.2553978
0.3230000 -21.9194374
0.3240000 -18.2430229
0.3250000 39.0850563
0.3260000 67.5792847
0.3270000 -7.8479333
0.3280000 -26.5836983
0.3290000 -80.8317642
0.3300000 21.8827953
0.3310000 -12.3739662
0.3320000 -13.5342827
0.3330000 -36.7978363
0.3340000 61.2277565
0.3350000 -45.6500511
0.3360000 -25.9963093
0.3370000 48.0517960
0.3380000 44.1884575
0.3390000 16.6209202
0.3400000 0.8542124
0.3410000 -23.6241913
0.3420000 14.8548717
0.3430000 -7.0980020
0.3440000 -55.4143486
0.3450000 -35.7176743
0.3460000 22.6291218
0.3470000 -41.8727608
0.3480000 37.7594490
0.3490000 -35.8595352
0.3500000 18.2961273
0.3510000 -23.2256870
0.3520000 56.3934593
0.3530000 49.5343704
0.3540000 3.1390862
0.3550000 41.6277618
0.3560000 -1.0038869
0.3570000 -64.3304214
0.3580000 -64.1804733
0.3590000 -30.5893211
0.3600000 -69.5393372
0.3610000 -45.1297646
0.3620000 16.5078831
0.3630000 44.1462631
0.3640000 16.3696289
0.3650000 -22.8658447
0.3660000 48.9384918
0.3670000 -73.2461929
0.3680000 -20.1523533
0.3690000 -41.5245590
0.3700000 -29.2337551
0.3710000 -1.4859568
0.3720000 -12.5398130
0.3730000 -35.0416183
0.3740000 -36.7007866
0.3750000 -24.2641182
0.3760000 13.8044462
0.3770000 28.3140278
0.3780000 1.0428450
0.3790000 24.7839756
0.3800000 14.6520939
0.3810000 10.0519438
0.3820000 16.0297070
0.3830000 -29.2760601
0.3840000 4.4814739
0.3850000 49.6737328
0.3860000 1.9158039
0.3870000 -5.5958867
0.3880000 8.9992933
0.3890000 22.8005085
0.3900000 25.2390385
0.3910000 -29.6436615
0.3920000 13.0749159
0.3930000 51.0186310
0.3940000 14.7130089
0.3950000 -16.9255219
0.3960000 -0.6318339
0.3970000 -14.9551430
0.3980000 30.9510593
0.3990000 -10.2166748
0.4000000 -8.3012199
0.4010000 48.1777763
0.4020000 49.0218658
0.4030000 0.0448034
0.4040000 8.9109907
0.4050000 -21.9109516
0.4060000 -5.7393122
0.4070000 -5.1806636
0.4080000 6.0889459
0.4090000 -35.3370285
0.4100000 -42.4377785
0.4110000 -21.8554592
0.4120000 -5.4305496
0.4130000 4.9396944
0.4140000 -14.7656746
0.4150000 -74.2790527
0.4160000 59.3367767
0.4170000 -51.9691238
0.4180000 55.3325920
0.4190000 33.8340187
0.4200000 -35.6871490
0.4210000 -17.9919720
0.4220000 14.6046963
0.4230000 23.2496586
0.4240000 -80.9017410
0.4250000 48.6512642
0.4260000 47.5829887
0.4270000 -43.0911942
0.4280000 -27.9095383
0.4290000 46.1291962
0.4300000 14.9700193
0.4310000 -19.7311840
0.4320000 -29.3636723
0.4330000 28.4750977
0.4340000 -0.2372211
0.4350000 -45.9624825
0.4360000 4.2701039
0.4370000 18.9903679
0.4380000 18.2777615
0.4390000 5.3398323
0.4400000 -31.6711712
0.4410000 -39.9671402
0.4420000 60.2624474
0.4430000 -11.2611122
0.4440000 14.1336031
0.4450000 -74.8273697
0.4460000 -11.6235352
0.4470000 36.5890732
0.4480000 -20.8705273
0.4490000 -18.6688995
0.4500000 2.1724708
0.4510000 17.2788887
0.4520000 9.9072323
0.4530000 -29.6576862
0.4540000 31.2662926
0.4550000 68.8215485
0.4560000 -25.2851410
0.4570000 -10.4312840
0.4580000 -43.9531670
0.4590000 -8.6903458
0.4600000 -52.0858421
0.4610000 -90.0011673
0.4620000 -8.8321896
0.4630000 94.7364655
0.4640000 -22.0114460
0.4650000 -12.9203424
0.4660000 -30.2609062
0.4670000 35.9693184
0.4680000 -9.6096783
0.4690000 7.1357384
0.4700000 30.4695454
0.4710000 0.9712338
0.4720000 -43.2372093
0.4730000 78.2170868
0.4740000 13.1302490
0.4750000 -65.8905563
0.4760000 43.3787231
0.4770000 -28.0279980
0.4780000 28.4528618
0.4790000 24.2866383
0.4800000 -9.9154682
0.4810000 -18.5089893
0.4820000 -32.7206879
0.4830000 -59.0962524
0.4840000 -44.1333046
0.4850000 -28.3770046
0.4860000 -31.1575794
0.4870000 43.9285355
0.4880000 83.4827271
0.4890000 33.3672142
0.4900000 -39.4130745
0.4910000 -10.4146929
0.4920000 -16.8535709
0.4930000 52.6283379
0.4940000 52.5012245
0.4950000 63.5433006
0.4960000 33.1977730
0.4970000 13.5464191
0.4980000 8.4263334
0.4990000 20.9858932
0.5000000 27.4050369
0.5010000 10.7817469
0.5020000 -3.6016934
0.5030000 -64.7846603
0.5040000 31.9673595
0.5050000 -25.1469154
0.5060000 -35.4997749
0.5070000 43.6487007
0.5080000 -3.6156492
0.5090000 36.0265503
0.5100000 -13.3595228
0.5110000 14.5744934
0.5120000 -73.2867813
0.5130000 37.8418236
0.5140000 29.1396027
0.5150000 14.4711580
0.5160000 15.1621056
0.5170000 7.2668333
0.5180000 -2.2445872
0.5190000 -24.1154270
0.5200000 2.7377119
0.5210000 -29.4056473
0.5220000 -37.0331993
0.5230000 33.3748207
0.5240000 14.1974297
0.5250000 7.3604426
0.5260000 -8.0080261
0.5270000 15.1041660
0.5280000 -45.5080528
0.5290000 -18.9515781
0.5300000 15.6766710
0.5310000 71.3846207
0.5320000 -1.1100308
0.5330000 -10.0025244
0.5340000 -0.8337404
0.5350000 13.4419374
0.5360000 -5.1272764
0.5370000 -38.4671021
0.5380000 28.6421795
0.5390000 -34.8102722
0.5400000 18.4165192
0.5410000 -25.9958286
0.5420000 3.0237348
0.5430000 -45.6181679
0.5440000 27.9410324
0.5450000 -7.4652295
0.5460000 -53.8978157
0.5470000 -2.3537273
0.5480000 17.1334362
0.5490000 40.9856796
0.5500000 -1.6232771
0.5510000 -25.4693394
0.5520000 -76.3866501
0.5530000 40.0162582
0.5540000 -72.9717636
0.5550000 -29.5497131
0.5560000 46.1633606
0.5570000 -74.6404037
0.5580000 17.9304810
0.5590000 21.0848083
0.5600000 -8.9875984
0.5610000 26.8874168
0.5620000 -44.9103546
0.5630000 -7.2442722
0.5640000 24.0848255
0.5650000 -14.7060289
0.5660000 -18.2178726
0.5670000 -82.7941360
0.5680000 -83.0911636
0.5690000 -18.3643703
0.5700000 60.7721176
0.5710000 14.1544981
0.5720000 -29.2023621
0.5730000 58.9845924
0.5740000 8.0076113
0.5750000 -16.6027508
0.5760000 -14.5935917
0.5770000 -32.2452965
0.5780000 -64.6221237
0.5790000 61.3195534
0.5800000 -33.0860252
0.5810000 15.9705000
0.5820000 -11.9594555
0.5830000 16.8153858
0.5840000 59.0290565
0.5850000 -8.1227255
0.5860000 -5.7184796
0.5870000 88.2867661
0.5880000 7.8838305
0.5890000 -32.7405357
0.5900000 -35.7072411
0.5910000 -11.3240652
0.5920000 -20.6224804
0.5930000 -20.7806492
0.5940000 -2.3341565
0.5950000 -26.7438679
0.5960000 -13.1110573
0.5970000 -1.2649182
0.5980000 40.8090706
0.5990000 -14.7148743
0.6000000 69.4166870
0.6010000 27.5203991
0.6020000 54.3466797
0.6030000 -13.0954199
0.6040000 -42.5349312
0.6050000 10.5531921
0.6060000 16.8781090
0.6070000 37.4756546
0.6080000 -9.3586636
0.6090000 -9.1856623
0.6100000 33.6339760
0.6110000 7.3668122
0.6120000 8.4274807
0.6130000 -38.0152512
0.6140000 18.2750263
0.6150000 15.2298393
0.6160000 32.8193932
0.6170000 1.9769821
0.6180000 23.1774998
0.6190000 10.7895412
0.6200000 -16.0855865
0.6210000 -4.9263787
0.6220000 -12.4408817
0.6230000 16.7457104
0.6240000 34.2642708
0.6250000 7.9534674
0.6260000 0.4206573
0.6270000 20.0480194
0.6280000 -15.6322813
0.6290000 -0.9327781
0.6300000 -60.5460739
0.6310000 44.1707649
0.6320000 -20.4045238
0.6330000 -13.2859392
0.6340000 1.4174732
0.6350000 -9.2513885
0.6360000 6.6867208
0.6370000 7.9089632
0.6380000 -22.8349190
0.6390000 -0.8915118
0.6400000 10.8080711
0.6410000 -70.8527908
0.6420000 17.1766472
0.6430000 -36.0862999
0.6440000 25.7890320
0.6450000 50.2600746
0.6460000 31.6639500
0.6470000 13.3932981
0.6480000 -0.6030447
0.6490000 -35.7278938
0.6500000 21.0560741
0.6510000 -20.5998058
0.6520000 30.0511646
0.6530000 57.2413635
0.6540000 -25.0216808
0.6550000 21.4376068
0.6560000 4.6568370
0.6570000 18.4210453
0.6580000 71.7510605
0.6590000 29.3141556
0.6600000 11.1582489
0.6610000 -77.9823914
0.6620000 49.1035843
0.6630000 -52.7776718
0.6640000 4.3764691
0.6650000 17.7189293
0.6660000 -90.2502823
0.6670000 12.0474768
0.6680000 -22.5751591
0.6690000 -3.1127217
0.6700000 47.9628067
0.6710000 19.8661575
0.6720000 -21.6765747
0.6730000 -9.7464170
0.6740000 -60.5430489
0.6750000 -22.9244080
0.6760000 35.5444908
0.6770000 -25.3603439
0.6780000 35.6822281
0.6790000 -31.4470749
0.6800000 15.2766962
0.6810000 25.2647858
0.6820000 5.1140995
0.6830000 38.4854584
0.6840000 -5.6856213
0.6850000 -6.6273479
0.6860000 11.3038645
0.6870000 -6.4515986
0.6880000 -62.9628525
0.6890000 -78.5670013
0.6900000 31.9759045
0.6910000 -7.1408792
0.6920000 -46.8708954
0.6930000 17.2803192
0.6940000 18.6050510
0.6950000 -11.2545290
0.6960000 -14.6249866
0.6970000 33.6915436
0.6980000 -21.5449619
0.6990000 12.0444403
0.7000000 -49.2956467
0.7010000 63.4750099
0.7020000 -19.8799496
0.7030000 32.8382912
0.7040000 -40.0038910
0.7050000 40.3129234
0.7060000 26.6219139
0.7070000 -34.0154419
0.7080000 -54.4606438
0.7090000 9.5348902
0.7100000 -29.7358875
0.7110000 -36.1639633
0.7120000 -37.3709335
0.7130000 -41.8317299
0.7140000 -32.6037102
0.7150000 48.0437393
0.7160000 -12.0961037
0.7170000 10.0768471
0.7180000 14.1469412
0.7190000 51.9717751
0.7200000 10.3611984
0.7210000 -80.4185486
0.7220000 -5.4687219
0.7230000 -13.6418037
0.7240000 16.8208885
0.7250000 -3.8532081
0.7260000 -27.6888752
0.7270000 -19.0931664
0.7280000 -55.1580009
0.7290000 -6.7426071
0.7300000 69.1260605
0.7310000 23.7472076
0.7320000 -20.6589794
0.7330000 -8.9878902
0.7340000 -28.9964352
0.7350000 -25.2321796
0.7360000 58.7666016
0.7370000 -60.5129128
0.7380000 5.6257696
0.7390000 -31.7863121
0.7400000 -36.5410728
0.7410000 39.3099098
0.7420000 6.3706241
0.7430000 89.4508362
0.7440000 -10.0838623
0.7450000 68.0869598
0.7460000 8.6205091
0.7470000 -44.3774796
0.7480000 24.0349617
0.7490000 -56.8257103
0.7500000 4.0673580
0.7510000 5.1463966
0.7520000 -21.9631672
0.7530000 15.1806374
0.7540000 12.8908138
0.7550000 -62.0145798
0.7560000 19.3845501
0.7570000 -44.0168610
0.7580000 43.5359192
0.7590000 -58.9478111
0.7600000 -24.8444614
0.7610000 18.9181423
0.7620000 -40.5828247
0.7630000 5.6726227
0.7640000 -4.5176029
0.7650000 2.7059295
0.7660000 -11.2184687
0.7670000 20.5823421
0.7680000 -16.7561283
0.7690000 -10.7877455
0.7700000 -10.6310263
0.7710000 40.4338799
0.7720000 39.7131424
0.7730000 21.7951183
0.7740000 -5.6655493
0.7750000 7.6033754
0.7760000 63.5030403
0.7770000 32.4100113
0.7780000 49.6302948
0.7790000 -35.7851906
0.7800000 14.5154848
0.7810000 16.3801060
0.7820000 -82.2582016
0.7830000 44.6113396
0.7840000 9.7910099
0.7850000 -9.8679581
0.7860000 63.6003113
0.7870000 -47.4270515
0.7880000 8.7981167
0.7890000 -42.7752800
0.7900000 -2.0029647
0.7910000 -44.8002586
0.7920000 3.5601950
0.7930000 34.0919800
0.7940000 -54.4344254
0.7950000 -23.9569225
0.7960000 -11.3671923
0.7970000 -44.1533279
0.7980000 67.8197327
0.7990000 -19.5814762
0.8000000 26.3397770
0.8010000 38.6789398
0.8020000 -10.6125546
0.8030000 6.1986527
0.8040000 63.3943710
0.8050000 -2.7064466
0.8060000 -30.0001793
0.8070000 16.6295929
0.8080000 -40.4128227
0.8090000 18.5681267
0.8100000 -39.2570801
0.8110000 -53.6470909
0.8120000 25.6632004
0.8130000 13.1677885
0.8140000 22.5654449
0.8150000 36.1324692
0.8160000 20.9325218
0.8170000 -13.7197428
0.8180000 -33.0106773
0.8190000 -9.0452785
0.8200000 0.7741548
0.8210000 -30.9951401
0.8220000 0.5928152
0.8230000 -74.0260925
0.8240000 -20.8940697
0.8250000 48.5633011
0.8260000 41.7327156
0.8270000 59.4294968
0.8280000 2.4987445
0.8290000 32.3179436
0.8300000 71.2457581
0.8310000 -15.5109215
0.8320000 28.5874710
0.8330000 29.6567898
0.8340000 6.1657028
0.8350000 -20.7614937
0.8360000 46.6939621
0.8370000 6.4982610
0.8380000 -2.5811608
0.8390000 11.6164579
0.8400000 32.8957634
0.8410000 -2.5978193
0.8420000 3.4749043
0.8430000 48.9513397
0.8440000 7.4431477
0.8450000 -18.3577003
0.8460000 -20.2978172
0.8470000 -19.1620102
0.8480000 9.3948870
0.8490000 8.6033068
0.8500000 10.9315186
0.8510000 9.8396893
0.8520000 23.6136036
0.8530000 -5.4726028
0.8540000 40.6855698
0.8550000 -13.9648857
0.8560000 29.9650517
0.8570000 27.5487461
0.8580000 11.0436802
0.8590000 81.1108322
0.8600000 -55.3213310
0.8610000 -22.0249119
0.8620000 24.3722897
0.8630000 -9.0543470
0.8640000 3.2416599
0.8650000 -23.6256504
0.8660000 -58.6403275
0.8670000 5.5248170
0.8680000 41.3816414
0.8690000 11.4265203
0.8700000 -3.5400710
0.8710000 32.7794266
0.8720000 -45.5778465
0.8730000 21.8963375
0.8740000 -8.2914839
0.8750000 -22.9159851
0.8760000 -4.5878725
0.8770000 8.1024895
0.8780000 39.6796837
0.8790000 23.9734306
0.8800000 -11.2287111
0.8810000 -1.8845003
0.8820000 3.5399513
0.8830000 -25.9972458
0.8840000 -3.9333403
0.8850000 -44.5671005
0.8860000 -47.4712067
0.8870000 -27.0255547
0.8880000 -9.3912687
0.8890000 -24.1406517
0.8900000 6.0926952
0.8910000 45.4342690
0.8920000 21.3182144
0.8930000 26.7438488
0.8940000 -43.4044647
0.8950000 18.7359257
0.8960000 -7.9793940
0.8970000 -36.2974854
0.8980000 -19.5470886
0.8990000 -28.5926819
0.9000000 17.3136425
0.9010000 -1.0873499
0.9020000 -23.9259510
0.9030000 -15.2193785
0.9040000 8.4412260
0.9050000 9.7577238
0.9060000 -26.4467468
0.9070000 16.5180969
0.9080000 -3.5708971
0.9090000 -18.1714954
0.9100000 53.3298645
0.9110000 -1.0615307
0.9120000 9.3540974
0.9130000 41.1142197
0.9140000 -21.1543541
0.9150000 12.0020514
0.9160000 30.9291592
0.9170000 -1.9031266
0.9180000 7.2386923
0.9190000 52.0695229
0.9200000 51.7826424
0.9210000 35.5416870
0.9220000 -23.6187592
0.9230000 6.7550645
0.9240000 -24.0320301
0.9250000 -5.1651020
0.9260000 -8.4067507
0.9270000 1.9813108
0.9280000 16.0700245
0.9290000 53.8883324
0.9300000 11.0545473
0.9310000 -55.5187836
0.9320000 -101.7262268
0.9330000 61.3768921
0.9340000 47.0907135
0.9350000 -11.5611916
0.9360000 2.7545877
0.9370000 16.3202953
0.9380000 -28.7987061
0.9390000 2.2351906
0.9400000 -12.4228392
0.9410000 -65.6640015
0.9420000 49.8161659
0.9430000 -41.5743828
0.9440000 -43.0496178
0.9450000 -67.5578613
0.9460000 -12.7154140
0.9470000 15.5545454
0.9480000 32.1699028
0.9490000 13.0116282
0.9500000 28.7290936
0.9510000 -21.5682182
0.9520000 23.8088322
0.9530000 7.0351520
0.9540000 -20.9448795
0.9550000 -62.1092072
0.9560000 10.5250473
0.9570000 -57.8411713
0.9580000 -24.5161324
0.9590000 -38.4689560
0.9600000 -43.4887009
0.9610000 -58.1263504
0.9620000 21.3685532
0.9630000 -29.5854816
0.9640000 -10.4430819
0.9650000 -63.0929413
0.9660000 84.6362534
0.9670000 -30.0784454
0.9680000 77.8768768
0.9690000 -19.1649227
0.9700000 72.3245316
0.9710000 -1.4805912
0.9720000 37.2759056
0.9730000 -32.0958328
0.9740000 -14.5463114
0.9750000 -6.0375323
0.9760000 -6.8914390
0.9770000 20.4958096
0.9780000 18.9213486
0.9790000 -44.3264618
0.9800000 -36.5144958
0.9810000 20.9160271
0.9820000 61.0388641
0.9830000 20.5800056
0.9840000 61.1780777
0.9850000 -11.7463455
0.9860000 -25.8113651
0.9870000 44.7755013
0.9880000 11.7278814
0.9890000 -69.6259384
0.9900000 44.3096581
0.9910000 -8.0961075
0.9920000 29.1805191
0.9930000 -6.0811729
0.9940000 50.5719643
0.9950000 22.6424599
0.9960000 -10.0061798
0.9970000 -30.1986961
0.9980000 -25.8550549
0.9990000 -48.8868942
