0.0000000 -65.8141479
0.0010000 -14.4014225
0.0020000 12.5370550
0.0030000 -18.1802101
0.0040000 -4.9885197
0.0050000 17.5441437
0.0060000 -35.1759300
0.0070000 31.6325188
0.0080000 -48.2515068
0.0090000 -28.6358376
0.0100000 28.6707115
0.0110000 73.2557602
0.0120000 -8.0982113
0.0130000 43.8512383
0.0140000 24.6202183
0.0150000 -6.6473579
0.0160000 -9.2812128
0.0170000 -27.6249943
0.0180000 40.3206367
0.0190000 -16.9079647
0.0200000 11.6058397
0.0210000 39.7103577
0.0220000 14.2024441
0.0230000 40.4530449
0.0240000 -20.5760765
0.0250000 2.0636032
0.0260000 15.2246771
0.0270000 -17.8954277
0.0280000 -47.8208694
0.0290000 40.3133354
0.0300000 13.9590006
0.0310000 -1.5123307
0.0320000 39.4289131
0.0330000 35.7609253
0.0340000 9.0692053
0.0350000 -51.0276260
0.0360000 61.5478249
0.0370000 36.0958900
0.0380000 30.8343449
0.0390000 11.3556547
0.0400000 25.8247719
0.0410000 0.6307109
0.0420000 13.4893875
0.0430000 -14.3689785
0.0440000 -15.6550465
0.0450000 -16.4199409
0.0460000 34.0476875
0.0470000 59.9299202
0.0480000 26.4450512
0.0490000 52.1489449
0.0500000 -12.1840601
0.0510000 24.1872730
0.0520000 43.5105057
0.0530000 23.7564430
0.0540000 8.2574930
0.0550000 -4.7161961
0.0560000 24.7809010
0.0570000 -10.7600727
0.0580000 -9.0546188
0.0590000 24.7157631
0.0600000 63.6979942
0.0610000 8.2181578
0.0620000 26.9974251
0.0630000 -4.1880403
0.0640000 10.1989794
0.0650000 48.1043930
0.0660000 10.9792557
0.0670000 -21.5575466
0.0680000 3.9305742
0.0690000 26.9665241
0.0700000 51.3295670
0.0710000 -6.0595160
0.0720000 7.2515802
0.0730000 26.3721809
0.0740000 49.3753967
0.0750000 56.0712814
0.0760000 -29.7991962
0.0770000 2.5533688
0.0780000 -30.8095970
0.0790000 -30.8017025
0.0800000 24.4575939
0.0810000 13.6183338
0.0820000 -6.0843854
0.0830000 16.4767475
0.0840000 -23.5443134
0.0850000 -16.8631668
0.0860000 55.9853401
0.0870000 34.2368469
0.0880000 -75.2556839
0.0890000 80.5107193
0.0900000 -45.9084892
0.0910000 10.4796629
0.0920000 33.3468285
0.0930000 84.9773102
0.0940000 9.7764025
0.0950000 -21.8114281
0.0960000 -25.4090919
0.0970000 -13.8586769
0.0980000 0.9290434
0.0990000 0.5783390
0.1000000 103.4730988
0.1010000 34.5259361
0.1020000 -15.7014580
0.1030000 -2.8079703
0.1040000 32.6987534
0.1050000 -15.9721289
0.1060000 -20.7188225
0.1070000 -57.2715797
0.1080000 -11.0128355
0.1090000 4.8471479
0.1100000 41.1583862
0.1110000 -27.8730354
0.1120000 58.1975174
0.1130000 -24.7196712
0.1140000 -45.0107613
0.1150000 23.7986355
0.1160000 -24.2641678
0.1170000 32.9284973
0.1180000 62.2182083
0.1190000 24.5547409
0.1200000 36.4527435
0.1210000 39.3128014
0.1220000 37.0953636
0.1230000 -28.9222507
0.1240000 44.6137543
0.1250000 -33.9075508
0.1260000 -14.3731909
0.1270000 -41.8667679
0.1280000 41.2980042
0.1290000 93.1780701
0.1300000 -24.6646347
0.1310000 35.5313950
0.1320000 52.0816345
0.1330000 -22.7305183
0.1340000 8.0373316
0.1350000 -12.4722147
0.1360000 49.6128693
0.1370000 -27.1818409
0.1380000 -69.8778381
0.1390000 44.3291664
0.1400000 -1.4173578
0.1410000 1.1599573
0.1420000 47.3197708
0.1430000 33.1836967
0.1440000 13.1356907
0.1450000 51.4234390
0.1460000 50.8075752
0.1470000 -94.6997070
0.1480000 5.6546440
0.1490000 -51.9547615
0.1500000 -71.4754410
0.1510000 7.8531375
0.1520000 -32.6247978
0.1530000 -13.0907125
0.1540000 11.1933289
0.1550000 20.9850368
0.1560000 -5.4920626
0.1570000 -4.7911458
0.1580000 -4.3489232
0.1590000 -53.1666374
0.1600000 -20.7694302
0.1610000 -7.4232020
0.1620000 1.2052705
0.1630000 -17.1758118
0.1640000 19.1127377
0.1650000 -24.2941837
0.1660000 -21.3815327
0.1670000 -54.8862114
0.1680000 14.4261208
0.1690000 7.1768799
0.1700000 35.8284111
0.1710000 37.5104980
0.1720000 5.0537968
0.1730000 -5.1905417
0.1740000 -22.7087917
0.1750000 15.8118038
0.1760000 53.2623634
0.1770000 63.4633255
0.1780000 48.7355804
0.1790000 -47.4685287
0.1800000 -75.9381180
0.1810000 -15.9016724
0.1820000 -29.9439640
0.1830000 -40.0820808
0.1840000 97.6547089
0.1850000 44.2835350
0.1860000 -3.9692900
0.1870000 3.8823824
0.1880000 -24.7605152
0.1890000 27.1037178
0.1900000 18.8045368
0.1910000 -5.5445948
0.1920000 6.2713342
0.1930000 25.7135525
0.1940000 3.4043739
0.1950000 -4.5417838
0.1960000 -51.0985069
0.1970000 -33.4410667
0.1980000 20.2027740
0.1990000 -5.1013374
0.2000000 44.8366127
0.2010000 15.9810333
0.2020000 6.9323125
0.2030000 10.1571522
0.2040000 31.1551437
0.2050000 -10.4460039
0.2060000 1.6198716
0.2070000 84.0748062
0.2080000 15.4396763
0.2090000 54.8376045
0.2100000 -18.0564899
0.2110000 -10.5685835
0.2120000 -1.8281525
0.2130000 -12.7180653
0.2140000 -13.8575335
0.2150000 46.6745300
0.2160000 39.3153343
0.2170000 60.4365654
0.2180000 8.5255566
0.2190000 15.0647345
0.2200000 51.1913414
0.2210000 36.9777374
0.2220000 66.1821594
0.2230000 -12.7484655
0.2240000 12.7400579
0.2250000 33.3024368
0.2260000 -58.1330757
0.2270000 27.1177197
0.2280000 0.1877798
0.2290000 -29.3853874
0.2300000 34.1442871
0.2310000 24.9855328
0.2320000 3.9211032
0.2330000 18.6107407
0.2340000 87.2751770
0.2350000 17.2106266
0.2360000 4.6383500
0.2370000 42.0108376
0.2380000 -17.1474800
0.2390000 -31.5955601
0.2400000 -28.1237564
0.2410000 0.5972163
0.2420000 72.0374069
0.2430000 1.2193521
0.2440000 37.6808128
0.2450000 -3.3851736
0.2460000 -25.7879505
0.2470000 32.1905251
0.2480000 -29.6406574
0.2490000 20.7830276
0.2500000 0.7981762
0.2510000 -31.3612690
0.2520000 -25.9788265
0.2530000 57.7220879
0.2540000 36.6358833
0.2550000 -6.7839789
0.2560000 37.1293488
0.2570000 -24.8595810
0.2580000 -39.6367912
0.2590000 -11.5999908
0.2600000 -17.5211239
0.2610000 -37.4583130
0.2620000 -1.6556733
0.2630000 7.9071341
0.2640000 -24.3141804
0.2650000 15.1332798
0.2660000 -22.7624130
0.2670000 -19.2310658
0.2680000 2.0175633
0.2690000 -7.4115233
0.2700000 -65.1257858
0.2710000 -4.5490956
0.2720000 18.2295914
0.2730000 7.9376640
0.2740000 6.7985134
0.2750000 -18.0708122
0.2760000 -0.8202202
0.2770000 -36.2341576
0.2780000 -38.3948593
0.2790000 11.2793779
0.2800000 19.4151554
0.2810000 -63.6718941
0.2820000 -28.5409126
0.2830000 40.3582191
0.2840000 -13.7498446
0.2850000 44.9066238
0.2860000 36.8253975
0.2870000 -81.7043991
0.2880000 16.4515381
0.2890000 5.5521126
0.2900000 35.3741341
0.2910000 -9.5597401
0.2920000 -42.3716812
0.2930000 -18.2833748
0.2940000 46.6688271
0.2950000 25.3026924
0.2960000 103.0107193
0.2970000 24.0515270
0.2980000 68.1879272
0.2990000 -8.6969948
0.3000000 2.5502446
0.3010000 -74.1157913
0.3020000 31.6961346
0.3030000 7.2239151
0.3040000 -25.3521843
0.3050000 15.2129850
0.3060000 17.7934361
0.3070000 79.8793945
0.3080000 31.9075241
0.3090000 26.8996086
0.3100000 14.4358673
0.3110000 -13.4759722
0.3120000 -53.1707802
0.3130000 -25.8882828
0.3140000 -21.3400269
0.3150000 -34.7469215
0.3160000 1.8716729
0.3170000 -15.2559519
0.3180000 -9.2476435
0.3190000 14.3791094
0.3200000 41.3296509
0.3210000 -20.6789436
0.3220000 -31.0208149
0.3230000 9.0627794
0.3240000 -18.4033871
0.3250000 65.2590942
0.3260000 65.9609146
0.3270000 33.8640137
0.3280000 3.4474852
0.3290000 35.0250168
0.3300000 37.4332733
0.3310000 -25.7609901
0.3320000 13.6886110
0.3330000 51.5949821
0.3340000 -0.4555677
0.3350000 -13.5302315
0.3360000 -36.0028839
0.3370000 1.5836406
0.3380000 17.8201199
0.3390000 -8.7527027
0.3400000 -15.7519159
0.3410000 12.1597700
0.3420000 31.7045403
0.3430000 -1.7406071
0.3440000 62.7937584
0.3450000 -0.8571962
0.3460000 -49.6154785
0.3470000 61.3027458
0.3480000 -77.4085617
0.3490000 7.0041981
0.3500000 -42.7625618
0.3510000 -24.1315727
0.3520000 37.7382698
0.3530000 4.1846194
0.3540000 42.2347717
0.3550000 4.0398021
0.3560000 -5.9630914
0.3570000 14.8679562
0.3580000 -23.2844296
0.3590000 26.2105732
0.3600000 2.5105507
0.3610000 13.3430824
0.3620000 92.8411255
0.3630000 -16.1552467
0.3640000 57.9780083
0.3650000 21.8916798
0.3660000 -24.6194229
0.3670000 8.0095034
0.3680000 47.9112701
0.3690000 101.7769318
0.3700000 49.1253891
0.3710000 -12.8277693
0.3720000 -6.7380929
0.3730000 61.2204475
0.3740000 -2.9660864
0.3750000 20.7091236
0.3760000 -25.9986172
0.3770000 -66.9023438
0.3780000 3.5942533
0.3790000 -32.4358749
0.3800000 35.2356911
0.3810000 2.2598104
0.3820000 3.7045021
0.3830000 -25.6387348
0.3840000 63.4269409
0.3850000 -33.9226036
0.3860000 -44.4847412
0.3870000 20.2098389
0.3880000 83.1889267
0.3890000 29.5986977
0.3900000 -54.6136818
0.3910000 -6.6055713
0.3920000 66.5872345
0.3930000 -17.5119820
0.3940000 46.0654602
0.3950000 -4.8578181
0.3960000 26.4742889
0.3970000 6.1969028
0.3980000 -25.1272392
0.3990000 28.9526768
0.4000000 72.4779968
0.4010000 38.9379807
0.4020000 9.5230198
0.4030000 -53.5206375
0.4040000 -46.1605225
0.4050000 -9.8768578
0.4060000 -5.1540842
0.4070000 37.6476097
0.4080000 26.7487965
0.4090000 -8.3258047
0.4100000 50.4190750
0.4110000 -21.0655670
0.4120000 -2.9440181
0.4130000 27.3990116
0.4140000 -25.2329998
0.4150000 -18.8901825
0.4160000 15.6089764
0.4170000 44.4305916
0.4180000 8.5353680
0.4190000 69.8108902
0.4200000 77.3041916
0.4210000 -51.8119812
0.4220000 -46.8374138
0.4230000 5.4037814
0.4240000 23.1468525
0.4250000 25.0570354
0.4260000 8.5863333
0.4270000 -14.4965906
0.4280000 0.4005231
0.4290000 7.4798002
0.4300000 -22.6339931
0.4310000 14.0523767
0.4320000 44.2267380
0.4330000 61.9243126
0.4340000 16.4416809
0.4350000 -12.6149578
0.4360000 46.9305038
0.4370000 -23.3287220
0.4380000 -54.4626503
0.4390000 -22.5374908
0.4400000 31.2255497
0.4410000 -14.3158102
0.4420000 -28.6975822
0.4430000 61.2632751
0.4440000 9.3535175
0.4450000 -62.2585564
0.4460000 -77.8022003
0.4470000 -35.4786644
0.4480000 -11.2989912
0.4490000 13.1699333
0.4500000 -27.4173641
0.4510000 38.9494972
0.4520000 -54.7062111
0.4530000 30.6644306
0.4540000 7.7846484
0.4550000 60.7810745
0.4560000 -23.7651405
0.4570000 -40.2510910
0.4580000 21.7606621
0.4590000 -8.1701832
0.4600000 29.5644817
0.4610000 11.9875870
0.4620000 12.5924463
0.4630000 -3.2463088
0.4640000 63.2158928
0.4650000 46.7622261
0.4660000 31.8116760
0.4670000 -2.2105112
0.4680000 -19.7798424
0.4690000 44.0863914
0.4700000 3.8515198
0.4710000 -25.8987026
0.4720000 10.5306921
0.4730000 -13.0064487
0.4740000 49.7031898
0.4750000 -21.4579182
0.4760000 -59.2487335
0.4770000 -22.1033974
0.4780000 10.2497368
0.4790000 -33.8277321
0.4800000 -4.7898254
0.4810000 9.5724478
0.4820000 14.8558493
0.4830000 -47.2829247
0.4840000 -55.5143852
0.4850000 46.5339127
0.4860000 5.9068575
0.4870000 31.7433643
0.4880000 68.9188309
0.4890000 6.5386062
0.4900000 -43.1680069
0.4910000 -35.9619751
0.4920000 -41.5544777
0.4930000 5.6581459
0.4940000 -20.7214146
0.4950000 -28.7445927
0.4960000 -40.2805367
0.4970000 -13.5563431
0.4980000 -11.3124352
0.4990000 -36.8783798
0.5000000 -6.2275887
0.5010000 -3.5449271
0.5020000 -0.3135428
0.5030000 -36.8007126
0.5040000 3.2129948
0.5050000 39.2228851
0.5060000 20.8478813
0.5070000 15.5429344
0.5080000 66.9572220
0.5090000 -99.6048584
0.5100000 14.8618193
0.5110000 -6.2282038
0.5120000 -26.5409794
0.5130000 27.4825783
0.5140000 8.3270445
0.5150000 15.0031691
0.5160000 10.3958521
0.5170000 44.5446930
0.5180000 39.2372589
0.5190000 -37.0544205
0.5200000 -38.7279282
0.5210000 12.7161446
0.5220000 -19.9218826
0.5230000 58.6975822
0.5240000 -46.0145035
0.5250000 -17.6712570
0.5260000 77.6674881
0.5270000 -31.9094772
0.5280000 44.1680183
0.5290000 33.0023155
0.5300000 -7.6012230
0.5310000 5.5532608
0.5320000 -14.2446699
0.5330000 -17.9649944
0.5340000 -6.8215842
0.5350000 -55.5278969
0.5360000 -59.8361664
0.5370000 -5.0467710
0.5380000 -1.9524943
0.5390000 -10.7206402
0.5400000 15.1660566
0.5410000 -19.8173752
0.5420000 33.8005943
0.5430000 35.1124840
0.5440000 32.7005005
0.5450000 -20.3341999
0.5460000 21.9058132
0.5470000 19.2178535
0.5480000 38.1363602
0.5490000 20.2061787
0.5500000 21.2529240
0.5510000 76.3920670
0.5520000 -12.2953339
0.5530000 27.9786739
0.5540000 52.5202789
0.5550000 39.9451370
0.5560000 -14.7798967
0.5570000 4.9695773
0.5580000 42.8958702
0.5590000 29.4191132
0.5600000 -51.3642387
0.5610000 -15.4584360
0.5620000 21.2754517
0.5630000 53.6106148
0.5640000 -4.9314661
0.5650000 -17.9748573
0.5660000 -23.8049984
0.5670000 -2.2608373
0.5680000 7.5804000
0.5690000 -17.4050789
0.5700000 -54.3426704
0.5710000 24.1720943
0.5720000 7.2038531
0.5730000 58.5690155
0.5740000 -81.3261719
0.5750000 -21.4754829
0.5760000 -17.2317104
0.5770000 -61.4812546
0.5780000 0.7678962
0.5790000 -17.5488739
0.5800000 19.6993217
0.5810000 18.5454922
0.5820000 29.0510159
0.5830000 -95.9567413
0.5840000 12.6350803
0.5850000 -20.9015446
0.5860000 18.8905659
0.5870000 -2.1564205
0.5880000 18.8416882
0.5890000 52.5667763
0.5900000 50.0352783
0.5910000 18.9099064
0.5920000 40.6379013
0.5930000 -13.9971113
0.5940000 -18.4228363
0.5950000 54.3384094
0.5960000 -7.8133078
0.5970000 31.6872234
0.5980000 31.8254452
0.5990000 21.7230816
0.6000000 21.0004807
0.6010000 34.9469833
0.6020000 28.6567173
0.6030000 74.0687866
0.6040000 -2.0181019
0.6050000 -47.2218742
0.6060000 25.8414707
0.6070000 69.7807770
0.6080000 6.3810844
0.6090000 -57.4180298
0.6100000 -1.6976460
0.6110000 -2.1868098
0.6120000 18.4305553
0.6130000 46.6082115
0.6140000 -14.2164268
0.6150000 -36.3990479
0.6160000 -8.7377024
0.6170000 21.1409969
0.6180000 2.3812931
0.6190000 5.7486157
0.6200000 -71.6721649
0.6210000 -34.6507111
0.6220000 2.5791895
0.6230000 1.5062554
0.6240000 -9.3276825
0.6250000 -16.9116783
0.6260000 -21.3786240
0.6270000 -31.7113647
0.6280000 -59.0664825
0.6290000 5.8611822
0.6300000 -16.5854225
0.6310000 51.2891808
0.6320000 -9.0151453
0.6330000 48.3855820
0.6340000 26.6216908
0.6350000 76.7950974
0.6360000 26.7428398
0.6370000 1.4483476
0.6380000 21.9793682
0.6390000 -21.2853985
0.6400000 64.5550385
0.6410000 -13.3948154
0.6420000 16.6275444
0.6430000 23.2597389
0.6440000 -16.3907013
0.6450000 -20.1498451
0.6460000 16.1955280
0.6470000 37.0936394
0.6480000 44.7664833
0.6490000 17.2762280
0.6500000 37.3477821
0.6510000 38.5753517
0.6520000 -38.8890991
0.6530000 43.6995049
0.6540000 -27.7870579
0.6550000 -26.9450989
0.6560000 27.5384026
0.6570000 31.3417454
0.6580000 9.3891659
0.6590000 -18.7988834
0.6600000 0.1077076
0.6610000 69.7488632
0.6620000 24.0705051
0.6630000 -40.6059914
0.6640000 -67.7928467
0.6650000 25.4680328
0.6660000 -28.7640953
0.6670000 15.6072283
0.6680000 21.5004768
0.6690000 20.7685337
0.6700000 61.8891487
0.6710000 -43.1596031
0.6720000 -56.8588753
0.6730000 -34.3343124
0.6740000 48.0231247
0.6750000 60.0929337
0.6760000 -13.7438622
0.6770000 68.0767365
0.6780000 28.2710266
0.6790000 7.5887074
0.6800000 43.9901085
0.6810000 -17.3178082
0.6820000 -40.2338257
0.6830000 -5.4597197
0.6840000 17.3173409
0.6850000 -55.2047729
0.6860000 -10.7702475
0.6870000 -0.5106190
0.6880000 32.0878105
0.6890000 -57.2789917
0.6900000 -50.4872780
0.6910000 -38.1149368
0.6920000 31.9784012
0.6930000 -15.0578375
0.6940000 36.2263947
0.6950000 37.9260788
0.6960000 26.3929710
0.6970000 34.8015518
0.6980000 23.6855412
0.6990000 7.0005360
0.7000000 -3.6889307
0.7010000 -2.7276392
0.7020000 36.3185349
0.7030000 11.8076897
0.7040000 -19.4320965
0.7050000 5.3049331
0.7060000 9.1836967
0.7070000 1.9997382
0.7080000 -27.6254425
0.7090000 -21.4470348
0.7100000 4.9678087
0.7110000 27.9331245
0.7120000 36.5148125
0.7130000 -7.3422022
0.7140000 16.0284958
0.7150000 9.9063845
0.7160000 41.9348640
0.7170000 96.2030106
0.7180000 -20.0164356
0.7190000 -42.2417564
0.7200000 60.1797638
0.7210000 -19.9867630
0.7220000 -41.5620308
0.7230000 18.2209759
0.7240000 9.6438370
0.7250000 -36.7098122
0.7260000 53.7957268
0.7270000 19.9278297
0.7280000 -28.0265350
0.7290000 -46.0100594
0.7300000 18.7304707
0.7310000 -28.9897766
0.7320000 12.6214657
0.7330000 -3.2523270
0.7340000 16.8961849
0.7350000 47.7691422
0.7360000 -31.9190674
0.7370000 17.8785095
0.7380000 -13.6989746
0.7390000 -29.5397358
0.7400000 -21.4169903
0.7410000 -100.3293610
0.7420000 37.5723228
0.7430000 -41.1356506
0.7440000 61.2635117
0.7450000 -11.6075792
0.7460000 17.6724434
0.7470000 45.7180634
0.7480000 -7.3315454
0.7490000 -27.8578129
0.7500000 11.1545477
0.7510000 64.5664444
0.7520000 -49.3703957
0.7530000 -38.9462585
0.7540000 50.3364182
0.7550000 -2.9393003
0.7560000 30.0822563
0.7570000 -23.3227310
0.7580000 -16.0067596
0.7590000 38.2150497
0.7600000 -3.0400996
0.7610000 -39.6366997
0.7620000 -33.6873932
0.7630000 9.8409853
0.7640000 -14.6865158
0.7650000 85.6491547
0.7660000 -29.0101833
0.7670000 -46.4027481
0.7680000 -17.9857769
0.7690000 -18.1129055
0.7700000 -17.1783447
0.7710000 35.5797729
0.7720000 -17.4509373
0.7730000 19.5044975
0.7740000 22.3514614
0.7750000 -30.4612942
0.7760000 -7.6118703
0.7770000 26.0250187
0.7780000 34.5958366
0.7790000 1.7077247
0.7800000 6.6737819
0.7810000 -20.5278435
0.7820000 -50.6390686
0.7830000 -34.6034164
0.7840000 -5.5864954
0.7850000 28.2122116
0.7860000 40.5254478
0.7870000 -10.3790836
0.7880000 -49.3451385
0.7890000 -5.9589968
0.7900000 -53.0006447
0.7910000 28.3626728
0.7920000 -30.2871609
0.7930000 -6.7575440
0.7940000 9.7841835
0.7950000 37.6905136
0.7960000 -14.6644516
0.7970000 -27.2656078
0.7980000 -64.7045593
0.7990000 -14.8036489
0.8000000 40.0247726
0.8010000 9.0205002
0.8020000 -56.5085678
0.8030000 -34.3281403
0.8040000 28.5305843
0.8050000 7.5023179
0.8060000 -50.1801949
0.8070000 -3.4132829
0.8080000 -42.7032471
0.8090000 -45.7308006
0.8100000 -1.9276836
0.8110000 15.6246414
0.8120000 6.4687238
0.8130000 30.1167145
0.8140000 -33.1679611
0.8150000 -25.8853340
0.8160000 -27.1464748
0.8170000 41.9978561
0.8180000 2.1080546
0.8190000 69.1504669
0.8200000 -18.8322144
0.8210000 -48.6335068
0.8220000 37.8048935
0.8230000 7.0099549
0.8240000 -48.0973816
0.8250000 3.3064561
0.8260000 4.6813722
0.8270000 92.0819168
0.8280000 31.6574726
0.8290000 27.6333008
0.8300000 -22.8204498
0.8310000 24.8377781
0.8320000 14.4761181
0.8330000 -1.0160217
0.8340000 -13.9987411
0.8350000 10.8143740
0.8360000 -19.8213997
0.8370000 -11.8606148
0.8380000 14.8640213
0.8390000 14.4814119
0.8400000 -47.1747475
0.8410000 58.0726013
0.8420000 40.1722946
0.8430000 -5.7326198
0.8440000 -32.2548370
0.8450000 -4.2386422
0.8460000 -50.4692383
0.8470000 48.6309662
0.8480000 10.6720762
0.8490000 37.0287437
0.8500000 -24.1457138
0.8510000 -65.0849609
0.8520000 36.8359337
0.8530000 -49.2122421
0.8540000 16.5632572
0.8550000 22.7592144
0.8560000 -32.7813148
0.8570000 -40.2098389
0.8580000 16.2042236
0.8590000 -3.4276590
0.8600000 23.5436935
0.8610000 -13.9180393
0.8620000 5.5159388
0.8630000 51.0705299
0.8640000 73.0583267
0.8650000 14.7239475
0.8660000 -33.7992058
0.8670000 -15.5554209
0.8680000 -6.9407477
0.8690000 33.1910896
0.8700000 -35.9476509
0.8710000 -2.6726561
0.8720000 -9.9583817
0.8730000 21.1756001
0.8740000 -25.7128410
0.8750000 -3.8872795
0.8760000 40.8052101
0.8770000 -40.3997421
0.8780000 -40.4175758
0.8790000 11.8464909
0.8800000 -2.5151188
0.8810000 -3.8303437
0.8820000 -38.2600937
0.8830000 -35.5115204
0.8840000 -2.2334435
0.8850000 8.2207069
0.8860000 3.1922648
0.8870000 -13.0229616
0.8880000 4.9073310
0.8890000 -19.7473030
0.8900000 -17.1084995
0.8910000 36.8378716
0.8920000 -18.3805370
0.8930000 7.5017543
0.8940000 -39.3138428
0.8950000 -49.8153572
0.8960000 -10.4434643
0.8970000 23.3861160
0.8980000 -21.2744579
0.8990000 20.7447357
0.9000000 -36.7774467
0.9010000 -18.0303078
0.9020000 79.9806747
0.9030000 9.0051546
0.9040000 16.2100334
0.9050000 18.9223957
0.9060000 -16.1532478
0.9070000 -10.6406908
0.9080000 -15.8582506
0.9090000 -9.7687321
0.9100000 42.4713783
0.9110000 -53.4965782
0.9120000 60.6617546
0.9130000 56.8674507
0.9140000 -32.9515991
0.9150000 -2.1088688
0.9160000 12.1003838
0.9170000 26.7283440
0.9180000 7.0651960
0.9190000 -22.6336174
0.9200000 75.8191986
0.9210000 -8.4373875
0.9220000 -2.2132561
0.9230000 2.7767260
0.9240000 -48.7023277
0.9250000 -8.9049530
0.9260000 -73.3781967
0.9270000 48.4114723
0.9280000 6.8854532
0.9290000 -42.4899292
0.9300000 -2.0385685
0.9310000 6.0695181
0.9320000 -95.0948257
0.9330000 1.5601052
0.9340000 -8.2538910
0.9350000 0.4968171
0.9360000 2.5865207
0.9370000 24.7886372
0.9380000 68.3840485
0.9390000 9.6250105
0.9400000 -16.3602791
0.9410000 34.2212448
0.9420000 7.3681583
0.9430000 -33.7371559
0.9440000 9.6096182
0.9450000 11.8027630
0.9460000 10.4811716
0.9470000 -13.1679983
0.9480000 -16.9571342
0.9490000 -1.2260833
0.9500000 -43.9515839
0.9510000 41.1330948
0.9520000 -75.1908188
0.9530000 -5.9117303
0.9540000 -55.1942215
0.9550000 13.5378809
0.9560000 -7.7608767
0.9570000 -85.5888290
0.9580000 9.5777988
0.9590000 65.4431915
0.9600000 14.0820513
0.9610000 -54.1320381
0.9620000 -23.4798679
0.9630000 17.3905773
0.9640000 -64.4051819
0.9650000 27.2165031
0.9660000 6.5505495
0.9670000 -29.8658924
0.9680000 52.4816856
0.9690000 14.7898531
0.9700000 -12.0585136
0.9710000 -27.3155975
0.9720000 -44.2739143
0.9730000 27.2138062
0.9740000 6.7487273
0.9750000 82.9562836
0.9760000 -32.5066719
0.9770000 -11.2167597
0.9780000 41.5246658
0.9790000 -7.5396376
0.9800000 -3.3327868
0.9810000 16.5085926
0.9820000 6.4213767
0.9830000 42.8944511
0.9840000 13.9636841
0.9850000 3.6536474
0.9860000 28.9435024
0.9870000 -32.1879616
0.9880000 -31.1340733
0.9890000 2.0753882
0.9900000 51.8114738
0.9910000 -10.0880041
0.9920000 0.3931217
0.9930000 43.1272659
0.9940000 20.5403957
0.9950000 -22.6287041
0.9960000 30.7735329
0.9970000 22.6201077
0.9980000 -8.8249521
0.9990000 -31.5208778
