0.0000000 -12.7371502
0.0010000 21.4936886
0.0020000 -2.5591927
0.0030000 -33.8002777
0.0040000 -30.5490551
0.0050000 21.3191471
0.0060000 -20.8860435
0.0070000 -2.3944070
0.0080000 20.0183220
0.0090000 -46.6321182
0.0100000 -41.0444832
0.0110000 5.6961532
0.0120000 -2.8051257
0.0130000 -8.3773088
0.0140000 -80.4879684
0.0150000 -12.6862669
0.0160000 49.0433502
0.0170000 -10.2170334
0.0180000 27.2386112
0.0190000 -31.6431675
0.0200000 21.1203766
0.0210000 8.2032986
0.0220000 31.4501915
0.0230000 42.3546143
0.0240000 24.6790371
0.0250000 -31.6554546
0.0260000 -45.1161385
0.0270000 18.8431721
0.0280000 5.5640631
0.0290000 -2.6343374
0.0300000 77.8202896
0.0310000 21.5771885
0.0320000 -42.5012932
0.0330000 -42.1543503
0.0340000 -11.1481771
0.0350000 -1.9918348
0.0360000 35.8292427
0.0370000 54.6870537
0.0380000 -18.4746456
0.0390000 1.4888376
0.0400000 -13.4012022
0.0410000 -56.4177246
0.0420000 31.7811069
0.0430000 24.7604103
0.0440000 -31.4699516
0.0450000 -29.5115795
0.0460000 21.4158268
0.0470000 -5.7861719
0.0480000 17.8617535
0.0490000 1.0134912
0.0500000 -10.7384033
0.0510000 6.2361436
0.0520000 -27.2583599
0.0530000 25.6570644
0.0540000 19.8050213
0.0550000 82.4109344
0.0560000 -13.9810534
0.0570000 26.8980122
0.0580000 -72.0940628
0.0590000 40.9243279
0.0600000 24.7807083
0.0610000 -49.8786011
0.0620000 67.8868332
0.0630000 -48.0878830
0.0640000 35.0816917
0.0650000 -35.0694542
0.0660000 -29.8347073
0.0670000 -73.1112595
0.0680000 -9.6766443
0.0690000 -47.8876495
0.0700000 -39.0423126
0.0710000 -39.7331161
0.0720000 38.7290344
0.0730000 -30.7805882
0.0740000 -18.7293110
0.0750000 18.0401592
0.0760000 -15.1108313
0.0770000 15.5879517
0.0780000 14.8365231
0.0790000 -13.8548536
0.0800000 -16.5792656
0.0810000 48.2986259
0.0820000 58.2933769
0.0830000 -27.8260136
0.0840000 -7.7765346
0.0850000 -25.3828831
0.0860000 4.9144597
0.0870000 35.3453674
0.0880000 -34.2329063
0.0890000 -6.8994136
0.0900000 24.2801456
0.0910000 16.5717087
0.0920000 -19.9064865
0.0930000 -17.6857319
0.0940000 1.6890101
0.0950000 2.0815036
0.0960000 -2.9720185
0.0970000 -30.3744831
0.0980000 32.5820465
0.0990000 -45.3690643
0.1000000 -42.3564262
0.1010000 -15.3469830
0.1020000 -7.8281026
0.1030000 -7.3782325
0.1040000 6.9783225
0.1050000 -58.1321335
0.1060000 41.5599899
0.1070000 41.3123856
0.1080000 -43.5135994
0.1090000 29.2168331
0.1100000 -96.2536621
0.1110000 65.3158798
0.1120000 -53.8396072
0.1130000 10.5129461
0.1140000 -94.1729507
0.1150000 7.2183146
0.1160000 13.2527037
0.1170000 -44.5080719
0.1180000 20.0159512
0.1190000 -13.3091717
0.1200000 12.6479301
0.1210000 93.3619156
0.1220000 -47.3190460
0.1230000 52.5523872
0.1240000 23.0248470
0.1250000 -48.6943512
0.1260000 25.6423588
0.1270000 -47.8827019
0.1280000 13.9267759
0.1290000 25.1311836
0.1300000 21.7664261
0.1310000 -18.2626896
0.1320000 -34.3099556
0.1330000 -4.6683712
0.1340000 -8.6952581
0.1350000 -16.7971478
0.1360000 15.3568192
0.1370000 17.0139694
0.1380000 53.1156235
0.1390000 -3.2444739
0.1400000 57.3367538
0.1410000 -9.5282583
0.1420000 27.4843884
0.1430000 -24.7519417
0.1440000 46.5075111
0.1450000 -32.8757515
0.1460000 59.2758675
0.1470000 -33.6783180
0.1480000 -6.3680730
0.1490000 -9.0734644
0.1500000 -21.7233086
0.1510000 33.7036552
0.1520000 -45.4039459
0.1530000 -31.2600441
0.1540000 -4.4651618
0.1550000 15.2962704
0.1560000 23.2933979
0.1570000 8.1779833
0.1580000 -1.3983982
0.1590000 -9.3897648
0.1600000 5.9563746
0.1610000 -26.9568577
0.1620000 -9.9458323
0.1630000 33.8891563
0.1640000 -11.0664444
0.1650000 -34.7534103
0.1660000 -9.6955242
0.1670000 57.0172157
0.1680000 10.2033911
0.1690000 18.1844635
0.1700000 -7.2976594
0.1710000 -51.8803787
0.1720000 12.5393190
0.1730000 -13.9028234
0.1740000 15.6702356
0.1750000 -28.6967678
0.1760000 -4.6227360
0.1770000 74.2006531
0.1780000 -20.7833500
0.1790000 -12.8324194
0.1800000 -24.5985279
0.1810000 19.0381737
0.1820000 -40.2465630
0.1830000 -62.1318970
0.1840000 -61.2513351
0.1850000 -48.5941658
0.1860000 1.1550981
0.1870000 15.5297956
0.1880000 8.5110512
0.1890000 61.9878349
0.1900000 -4.8890023
0.1910000 9.8506594
0.1920000 -21.3103943
0.1930000 -16.2333241
0.1940000 38.1840096
0.1950000 22.3939953
0.1960000 6.8558555
0.1970000 -32.7568626
0.1980000 -28.5705357
0.1990000 20.2516346
0.2000000 3.5380151
0.2010000 -51.8429146
0.2020000 -19.4031792
0.2030000 41.4520302
0.2040000 32.4204597
0.2050000 49.1243019
0.2060000 45.1711655
0.2070000 33.6424789
0.2080000 59.1025925
0.2090000 15.1000195
0.2100000 -34.0816536
0.2110000 27.5642624
0.2120000 -56.2090263
0.2130000 14.3150597
0.2140000 -70.3350220
0.2150000 -75.4549561
0.2160000 -31.7034855
0.2170000 64.0824432
0.2180000 52.3148117
0.2190000 14.1266117
0.2200000 -57.6950760
0.2210000 80.5588913
0.2220000 -10.9037304
0.2230000 34.0704422
0.2240000 -42.4855690
0.2250000 1.5510516
0.2260000 -8.1114035
0.2270000 -9.9352379
0.2280000 11.1027956
0.2290000 -42.3503952
0.2300000 30.7142506
0.2310000 -2.0504980
0.2320000 3.8605149
0.2330000 13.7485065
0.2340000 -20.6698189
0.2350000 -10.7351227
0.2360000 -2.5113473
0.2370000 -65.0943909
0.2380000 22.0093575
0.2390000 13.2299776
0.2400000 25.9236393
0.2410000 48.5276146
0.2420000 17.2923603
0.2430000 0.4083795
0.2440000 -5.9997191
0.2450000 -15.1357803
0.2460000 -24.5485229
0.2470000 -22.8723831
0.2480000 -6.4028611
0.2490000 47.6346664
0.2500000 -9.2360258
0.2510000 2.3154719
0.2520000 70.9529572
0.2530000 -32.5642815
0.2540000 -13.7646246
0.2550000 -30.6419296
0.2560000 -32.8722649
0.2570000 37.9277344
0.2580000 -58.2453766
0.2590000 -18.7000961
0.2600000 -21.9819756
0.2610000 -20.9296265
0.2620000 14.3671303
0.2630000 -24.6730156
0.2640000 2.0553715
0.2650000 -4.4592328
0.2660000 28.3120899
0.2670000 51.7514572
0.2680000 -30.8095455
0.2690000 13.6928101
0.2700000 63.9453468
0.2710000 37.2191887
0.2720000 26.0053139
0.2730000 -2.8054516
0.2740000 20.5007954
0.2750000 -46.2219620
0.2760000 32.9364014
0.2770000 -21.0445061
0.2780000 2.4783106
0.2790000 4.1050768
0.2800000 -6.3820128
0.2810000 -9.5770302
0.2820000 -69.1193237
0.2830000 -7.3763938
0.2840000 -0.3566103
0.2850000 28.8075790
0.2860000 -31.4085312
0.2870000 -80.0716782
0.2880000 37.6827354
0.2890000 -18.1695232
0.2900000 9.4588528
0.2910000 1.6645002
0.2920000 -84.5917969
0.2930000 -8.7610846
0.2940000 27.5620575
0.2950000 14.7530184
0.2960000 -62.2559624
0.2970000 6.6881952
0.2980000 32.0835114
0.2990000 23.2847309
0.3000000 -84.3260117
0.3010000 -38.1902428
0.3020000 11.0574913
0.3030000 32.0434608
0.3040000 -30.5349274
0.3050000 -57.8499298
0.3060000 -14.7902746
0.3070000 20.1564178
0.3080000 49.6433411
0.3090000 -22.1443939
0.3100000 -72.5376358
0.3110000 -21.5130291
0.3120000 69.0018234
0.3130000 -49.9003372
0.3140000 65.4230652
0.3150000 -6.9851522
0.3160000 51.2270317
0.3170000 -32.7222633
0.3180000 4.4395251
0.3190000 14.9618645
0.3200000 36.6931381
0.3210000 -11.0503187
0.3220000 9.1850204
0.3230000 5.3953209
0.3240000 -23.9113598
0.3250000 -9.3299103
0.3260000 17.2680111
0.3270000 -11.0930882
0.3280000 -28.8005257
0.3290000 3.1289835
0.3300000 23.9361820
0.3310000 5.8503461
0.3320000 30.8071899
0.3330000 12.3388624
0.3340000 49.6576614
0.3350000 16.3220043
0.3360000 23.4069386
0.3370000 64.4331360
0.3380000 -25.7004356
0.3390000 17.7283783
0.3400000 -41.8740845
0.3410000 -39.2945099
0.3420000 23.9884834
0.3430000 24.1538448
0.3440000 18.1765156
0.3450000 -65.7856064
0.3460000 1.3251238
0.3470000 27.1334515
0.3480000 -51.0631523
0.3490000 -61.6451912
0.3500000 -37.1187401
0.3510000 -24.0160236
0.3520000 29.8966007
0.3530000 43.0454636
0.3540000 12.3127260
0.3550000 16.7695751
0.3560000 13.5043306
0.3570000 23.8336563
0.3580000 -14.7990112
0.3590000 28.1080685
0.3600000 -29.8791122
0.3610000 18.0801525
0.3620000 -16.7986526
0.3630000 -2.8062937
0.3640000 11.3229408
0.3650000 -68.1157837
0.3660000 -9.2519407
0.3670000 58.4906158
0.3680000 42.9445915
0.3690000 -46.0064354
0.3700000 -22.0100880
0.3710000 -2.5441983
0.3720000 -1.9269135
0.3730000 -37.5264091
0.3740000 12.5179358
0.3750000 27.3855438
0.3760000 -19.9379768
0.3770000 -13.3283930
0.3780000 -35.7587585
0.3790000 -49.5367470
0.3800000 28.1693745
0.3810000 -18.8443089
0.3820000 1.5311854
0.3830000 -82.2151413
0.3840000 -31.2961559
0.3850000 9.5630331
0.3860000 -71.1704407
0.3870000 -7.4519091
0.3880000 -62.7352257
0.3890000 -68.9620209
0.3900000 -19.1665306
0.3910000 4.5546598
0.3920000 44.6073380
0.3930000 -28.1005802
0.3940000 23.6863060
0.3950000 18.4279404
0.3960000 46.6882286
0.3970000 -7.0283914
0.3980000 50.6576614
0.3990000 -1.7590930
0.4000000 6.4393430
0.4010000 104.9141388
0.4020000 -55.0352859
0.4030000 69.6852646
0.4040000 -21.5254974
0.4050000 -18.8321629
0.4060000 -5.3007145
0.4070000 -8.0018663
0.4080000 -30.3035831
0.4090000 33.6818123
0.4100000 6.3343382
0.4110000 -18.3668480
0.4120000 29.0366821
0.4130000 23.4672050
0.4140000 -9.5224466
0.4150000 -28.2739429
0.4160000 14.2417336
0.4170000 10.3070211
0.4180000 -16.0409737
0.4190000 -23.4393578
0.4200000 4.0856843
0.4210000 71.4826736
0.4220000 -67.1103745
0.4230000 33.0313110
0.4240000 36.0648804
0.4250000 0.8362947
0.4260000 45.6111374
0.4270000 -36.2708473
0.4280000 35.0073814
0.4290000 48.9291687
0.4300000 -1.7343322
0.4310000 33.1566315
0.4320000 -1.9671849
0.4330000 -2.3609154
0.4340000 -28.9687424
0.4350000 50.3252335
0.4360000 28.4913292
0.4370000 -48.2265892
0.4380000 35.6051636
0.4390000 49.0729523
0.4400000 -50.2316856
0.4410000 -30.2651348
0.4420000 0.3650862
0.4430000 -36.6063042
0.4440000 -20.4292030
0.4450000 9.2062054
0.4460000 54.9583321
0.4470000 12.3607950
0.4480000 -27.9604778
0.4490000 19.4615917
0.4500000 1.0775360
0.4510000 40.0415535
0.4520000 -30.9908695
0.4530000 3.5930448
0.4540000 34.2068939
0.4550000 -17.2056541
0.4560000 -5.2686520
0.4570000 -48.6870689
0.4580000 16.1838112
0.4590000 -64.0870514
0.4600000 -12.5251799
0.4610000 -56.1985893
0.4620000 -17.1250858
0.4630000 -0.5438778
0.4640000 3.7392898
0.4650000 31.5584545
0.4660000 -12.3259058
0.4670000 -15.9387655
0.4680000 -57.1830177
0.4690000 31.8934212
0.4700000 33.3005447
0.4710000 48.3379593
0.4720000 34.6013870
0.4730000 -15.8371210
0.4740000 2.9158528
0.4750000 -90.3790588
0.4760000 -39.7168846
0.4770000 12.0173292
0.4780000 58.1632690
0.4790000 55.9207611
0.4800000 14.7507372
0.4810000 4.2222624
0.4820000 -4.1020198
0.4830000 21.8762035
0.4840000 10.0630741
0.4850000 20.9450817
0.4860000 32.3786011
0.4870000 47.1532631
0.4880000 38.3977509
0.4890000 64.7912750
0.4900000 -45.8790855
0.4910000 -7.5941548
0.4920000 -39.5745735
0.4930000 -51.9435806
0.4940000 36.5057411
0.4950000 -45.5597038
0.4960000 1.3249025
0.4970000 -32.2368584
0.4980000 -26.4522476
0.4990000 -29.9687786
0.5000000 -8.5417185
0.5010000 7.4437532
0.5020000 1.6334367
0.5030000 0.0952597
0.5040000 -43.6102409
0.5050000 7.9453006
0.5060000 -1.4445298
0.5070000 -69.6117020
0.5080000 15.9066248
0.5090000 19.6427746
0.5100000 46.6102638
0.5110000 -17.1900082
0.5120000 22.4214878
0.5130000 -0.8183268
0.5140000 -6.5937386
0.5150000 -8.9780464
0.5160000 -17.5211086
0.5170000 75.9086380
0.5180000 104.8521271
0.5190000 -8.7884893
0.5200000 -27.1361122
0.5210000 -1.2180961
0.5220000 -2.0330496
0.5230000 -22.2940979
0.5240000 45.9980316
0.5250000 25.6225739
0.5260000 18.6006565
0.5270000 46.1633492
0.5280000 -1.3384500
0.5290000 -4.2316651
0.5300000 -35.6555023
0.5310000 -47.5467186
0.5320000 -16.2845268
0.5330000 27.1928539
0.5340000 43.5499954
0.5350000 24.2555561
0.5360000 41.3388405
0.5370000 94.0302200
0.5380000 -39.5895500
0.5390000 12.0647612
0.5400000 56.3243752
0.5410000 -17.0127392
0.5420000 38.7207642
0.5430000 20.8013802
0.5440000 3.4563920
0.5450000 36.1665497
0.5460000 -43.0069351
0.5470000 38.3763504
0.5480000 46.5396881
0.5490000 61.1525917
0.5500000 -35.3618088
0.5510000 -3.7932856
0.5520000 40.7380447
0.5530000 -19.8163280
0.5540000 -74.6325912
0.5550000 -39.5624733
0.5560000 -4.9680223
0.5570000 12.1239939
0.5580000 7.4551797
0.5590000 -32.7997093
0.5600000 30.7728882
0.5610000 -12.5988436
0.5620000 -13.2192192
0.5630000 2.2727895
0.5640000 -7.8965578
0.5650000 38.3513985
0.5660000 54.8409882
0.5670000 8.1291561
0.5680000 7.2381825
0.5690000 -18.1798496
0.5700000 -30.7772808
0.5710000 -27.6907463
0.5720000 -28.5254345
0.5730000 -15.6179581
0.5740000 38.0724106
0.5750000 -2.4645085
0.5760000 -7.0090003
0.5770000 30.4480534
0.5780000 -6.0683441
0.5790000 21.5041618
0.5800000 -0.5926157
0.5810000 -33.4858665
0.5820000 18.4159145
0.5830000 46.8234673
0.5840000 5.7259226
0.5850000 63.7885780
0.5860000 26.1092453
0.5870000 -44.3787613
0.5880000 31.7399368
0.5890000 24.4434662
0.5900000 62.4338760
0.5910000 -4.5047736
0.5920000 -10.1748161
0.5930000 14.0358095
0.5940000 -30.8884010
0.5950000 -20.7599773
0.5960000 23.1898422
0.5970000 -3.6638579
0.5980000 -8.1053123
0.5990000 45.5636253
0.6000000 26.5616417
0.6010000 14.5381975
0.6020000 -17.3844852
0.6030000 -6.7025990
0.6040000 -79.0077209
0.6050000 4.8020244
0.6060000 -42.8704948
0.6070000 -9.6654720
0.6080000 44.6822853
0.6090000 -9.3445482
0.6100000 -1.5214465
0.6110000 -0.1506104
0.6120000 -14.6349192
0.6130000 47.7016792
0.6140000 24.8127937
0.6150000 5.0005803
0.6160000 15.9825907
0.6170000 27.3517666
0.6180000 -33.6089401
0.6190000 -50.5340805
0.6200000 -18.7101269
0.6210000 -49.0933609
0.6220000 6.2727995
0.6230000 70.3025208
0.6240000 23.0531788
0.6250000 19.7452259
0.6260000 11.9612741
0.6270000 4.2430625
0.6280000 -28.3945389
0.6290000 -6.4828129
0.6300000 -7.4218388
0.6310000 5.3026314
0.6320000 -40.0452156
0.6330000 60.9834595
0.6340000 12.6469994
0.6350000 3.8983481
0.6360000 -49.8377953
0.6370000 5.0495648
0.6380000 -80.9118729
0.6390000 -42.7175217
0.6400000 -4.6333795
0.6410000 21.5393906
0.6420000 14.0630188
0.6430000 8.0871239
0.6440000 28.0514183
0.6450000 -8.3767185
0.6460000 -3.5841694
0.6470000 -49.6594429
0.6480000 -49.6885300
0.6490000 23.6755962
0.6500000 -5.8354530
0.6510000 16.4334278
0.6520000 -99.8540039
0.6530000 9.7100792
0.6540000 -30.7624950
0.6550000 -15.1461887
0.6560000 -38.0342293
0.6570000 20.9723511
0.6580000 -4.9329500
0.6590000 -11.5012064
0.6600000 36.8464088
0.6610000 55.2774773
0.6620000 -9.6169987
0.6630000 13.8004665
0.6640000 21.1095009
0.6650000 30.7364006
0.6660000 42.5888138
0.6670000 -26.9409580
0.6680000 56.8005180
0.6690000 -6.9704022
0.6700000 27.6965332
0.6710000 18.3937435
0.6720000 -25.9747276
0.6730000 11.6340084
0.6740000 -29.8519993
0.6750000 63.3574448
0.6760000 -39.4141884
0.6770000 -49.0166512
0.6780000 5.4317517
0.6790000 -10.1543036
0.6800000 46.2496681
0.6810000 4.2426248
0.6820000 53.9021606
0.6830000 -18.7318802
0.6840000 9.8010979
0.6850000 -20.2390575
0.6860000 -9.4434700
0.6870000 22.7262878
0.6880000 8.7579632
0.6890000 -6.5579638
0.6900000 -59.8903809
0.6910000 -14.7476091
0.6920000 -0.4255359
0.6930000 -42.3344612
0.6940000 -27.1584511
0.6950000 4.9417405
0.6960000 28.7011642
0.6970000 11.1460505
0.6980000 6.3585567
0.6990000 -22.8213711
0.7000000 -57.2833138
0.7010000 49.3030090
0.7020000 -56.0741501
0.7030000 -6.5626125
0.7040000 -20.0037460
0.7050000 -28.2418652
0.7060000 53.8600159
0.7070000 45.7887192
0.7080000 19.0948219
0.7090000 -80.1145172
0.7100000 -93.5259552
0.7110000 25.6569920
0.7120000 15.8113451
0.7130000 20.7064724
0.7140000 -25.8121834
0.7150000 36.7321434
0.7160000 -13.6178207
0.7170000 -28.8732891
0.7180000 23.9919453
0.7190000 29.0299873
0.7200000 36.0907288
0.7210000 -25.1879482
0.7220000 -3.1857810
0.7230000 -14.6612549
0.7240000 -7.2886496
0.7250000 6.2439532
0.7260000 -46.6217575
0.7270000 -16.0542717
0.7280000 -4.2329617
0.7290000 -31.6181126
0.7300000 6.0735087
0.7310000 23.7455616
0.7320000 61.5905495
0.7330000 19.7147312
0.7340000 -20.8492336
0.7350000 42.5697327
0.7360000 -33.7340508
0.7370000 -21.0164127
0.7380000 0.2484342
0.7390000 12.9692478
0.7400000 -71.9000854
0.7410000 15.0462370
0.7420000 -8.5887337
0.7430000 6.5835757
0.7440000 -32.5679893
0.7450000 -17.7794228
0.7460000 -28.0865421
0.7470000 -17.5634518
0.7480000 18.6055946
0.7490000 -41.4873276
0.7500000 1.3306820
0.7510000 6.1131997
0.7520000 -24.7577629
0.7530000 9.6776447
0.7540000 -15.5265713
0.7550000 23.4811096
0.7560000 21.6997986
0.7570000 -13.2194700
0.7580000 18.8314743
0.7590000 -39.6452103
0.7600000 -9.4908171
0.7610000 4.1482768
0.7620000 29.4839954
0.7630000 -9.4491568
0.7640000 -29.2867355
0.7650000 26.8452663
0.7660000 -27.4076157
0.7670000 -22.2588539
0.7680000 34.2342606
0.7690000 -49.2677422
0.7700000 -1.7070714
0.7710000 -23.4077034
0.7720000 -3.8558502
0.7730000 11.4344234
0.7740000 36.2718506
0.7750000 -75.6332474
0.7760000 -3.3231514
0.7770000 -18.6966190
0.7780000 63.0043755
0.7790000 7.5825338
0.7800000 -36.8331299
0.7810000 14.8992128
0.7820000 -9.5886297
0.7830000 -52.2246513
0.7840000 -3.4447739
0.7850000 -29.0466156
0.7860000 11.1547213
0.7870000 -26.1913223
0.7880000 6.1299877
0.7890000 5.3655925
0.7900000 -89.7962799
0.7910000 10.0005665
0.7920000 37.0231895
0.7930000 -57.8456039
0.7940000 42.0472755
0.7950000 41.2346535
0.7960000 -24.7745457
0.7970000 -5.8494573
0.7980000 -65.5405121
0.7990000 8.9605131
0.8000000 8.0303202
0.8010000 27.3256512
0.8020000 16.4543133
0.8030000 -12.4977160
0.8040000 -41.3402367
0.8050000 31.5166969
0.8060000 52.8141899
0.8070000 21.4769058
0.8080000 17.7150269
0.8090000 6.5654907
0.8100000 -28.3326836
0.8110000 50.8846245
0.8120000 -20.4939137
0.8130000 21.7195759
0.8140000 -27.8055668
0.8150000 -22.7957325
0.8160000 2.1742148
0.8170000 -26.1705894
0.8180000 40.4924774
0.8190000 25.7520618
0.8200000 66.4688492
0.8210000 12.3349075
0.8220000 -28.9743004
0.8230000 48.6680145
0.8240000 124.1774063
0.8250000 7.9068365
0.8260000 2.3622015
0.8270000 -22.3577824
0.8280000 -69.8665924
0.8290000 20.0656605
0.8300000 28.0628910
0.8310000 -14.1792154
0.8320000 23.9382267
0.8330000 -26.2124805
0.8340000 -26.9455357
0.8350000 -26.2528839
0.8360000 -19.3331795
0.8370000 -12.1843519
0.8380000 12.4036045
0.8390000 17.4105530
0.8400000 -15.2249794
0.8410000 -4.9247909
0.8420000 -12.1121721
0.8430000 46.7926369
0.8440000 -86.9856110
0.8450000 0.0834779
0.8460000 6.5998621
0.8470000 -5.8735662
0.8480000 26.1297512
0.8490000 8.1804361
0.8500000 36.6387939
0.8510000 -94.7371521
0.8520000 39.7748184
0.8530000 -17.8080215
0.8540000 10.3681288
0.8550000 -23.2163754
0.8560000 -3.8523598
0.8570000 5.7138968
0.8580000 81.5033493
0.8590000 -28.7471943
0.8600000 16.4045429
0.8610000 -7.9009848
0.8620000 3.2304695
0.8630000 -35.3612518
0.8640000 -30.5390034
0.8650000 0.7038414
0.8660000 -18.6760521
0.8670000 -2.0083160
0.8680000 7.5942469
0.8690000 -3.8394415
0.8700000 11.3756971
0.8710000 -1.4498968
0.8720000 -33.3603897
0.8730000 -16.3841248
0.8740000 -13.9978495
0.8750000 -40.5126724
0.8760000 56.5235558
0.8770000 -58.6737328
0.8780000 -16.1964626
0.8790000 -10.6950197
0.8800000 24.7508030
0.8810000 87.5084229
0.8820000 -21.0632648
0.8830000 16.1319103
0.8840000 -15.2709255
0.8850000 4.4005060
0.8860000 17.9995365
0.8870000 -37.9308472
0.8880000 37.9904251
0.8890000 -28.0658340
0.8900000 14.8329124
0.8910000 -42.3138809
0.8920000 -7.2910099
0.8930000 -48.9653435
0.8940000 5.1837802
0.8950000 -12.4935837
0.8960000 -67.2299957
0.8970000 39.9755516
0.8980000 7.9558821
0.8990000 -3.0987549
0.9000000 17.3106079
0.9010000 79.5057068
0.9020000 -38.4274483
0.9030000 -32.8865089
0.9040000 4.5126047
0.9050000 31.2472591
0.9060000 -7.1770921
0.9070000 -5.1838789
0.9080000 1.9107872
0.9090000 -28.9970360
0.9100000 38.3533630
0.9110000 19.4021339
0.9120000 -21.9618073
0.9130000 22.0492496
0.9140000 8.3566360
0.9150000 -62.9234238
0.9160000 36.6161995
0.9170000 -46.0344505
0.9180000 63.1861038
0.9190000 10.7905512
0.9200000 -20.8260441
0.9210000 -24.9763088
0.9220000 78.7510300
0.9230000 -81.9594803
0.9240000 -73.0194626
0.9250000 20.4796753
0.9260000 -20.8468399
0.9270000 20.5001030
0.9280000 55.7288628
0.9290000 -61.2539139
0.9300000 51.9137459
0.9310000 -91.5886078
0.9320000 26.7083836
0.9330000 17.2124043
0.9340000 -1.8773884
0.9350000 26.7679062
0.9360000 -6.5856686
0.9370000 -3.6545949
0.9380000 -31.8552876
0.9390000 -46.2092781
0.9400000 9.1379843
0.9410000 -32.9343452
0.9420000 73.5234985
0.9430000 -22.1119022
0.9440000 8.3993597
0.9450000 -1.6872071
0.9460000 2.9297523
0.9470000 -30.1584396
0.9480000 -41.4260025
0.9490000 48.2918625
0.9500000 54.8164749
0.9510000 -61.7225189
0.9520000 -16.3127537
0.9530000 10.8041735
0.9540000 14.9366550
0.9550000 12.5679493
0.9560000 -23.9761009
0.9570000 -38.4634666
0.9580000 5.6725435
0.9590000 -14.5423594
0.9600000 16.8111725
0.9610000 -16.1215935
0.9620000 42.4466400
0.9630000 -8.9040699
0.9640000 43.3921852
0.9650000 -63.0416756
0.9660000 -23.9253120
0.9670000 2.8311884
0.9680000 -61.7098885
0.9690000 -37.8042297
0.9700000 48.3776131
0.9710000 -10.4340219
0.9720000 35.0100136
0.9730000 -33.2354355
0.9740000 16.0938034
0.9750000 -23.2257423
0.9760000 -26.8693962
0.9770000 30.0011253
0.9780000 16.5144596
0.9790000 -44.0703506
0.9800000 30.7115002
0.9810000 29.9143543
0.9820000 0.1754859
0.9830000 -46.2232475
0.9840000 -8.4875021
0.9850000 28.9590282
0.9860000 48.6783905
0.9870000 -55.6255112
0.9880000 13.5117779
0.9890000 37.8584290
0.9900000 -20.3752518
0.9910000 -65.4181519
0.9920000 -11.8269606
0.9930000 -38.8572121
0.9940000 -13.1112795
0.9950000 -14.8455954
0.9960000 -18.5498981
0.9970000 48.7698936
0.9980000 -44.9714775
0.9990000 -7.1207352
