0.0000000 -2.2859287
0.0010000 -8.9138403
0.0020000 23.8562355
0.0030000 48.9444504
0.0040000 2.9473581
0.0050000 50.6583633
0.0060000 28.7039776
0.0070000 9.3728380
0.0080000 6.6052566
0.0090000 26.3250847
0.0100000 -6.8314719
0.0110000 -17.5398235
0.0120000 20.7088623
0.0130000 56.8282890
0.0140000 -2.7977400
0.0150000 -18.4265995
0.0160000 -3.0341594
0.0170000 8.1222219
0.0180000 -18.0425186
0.0190000 47.6982651
0.0200000 -72.9892197
0.0210000 52.4940605
0.0220000 36.0617027
0.0230000 35.2761803
0.0240000 9.5312252
0.0250000 21.9948406
0.0260000 6.9396830
0.0270000 -2.5308123
0.0280000 4.4050565
0.0290000 10.4556103
0.0300000 11.4067392
0.0310000 20.3909760
0.0320000 24.2450962
0.0330000 9.0357141
0.0340000 12.5759516
0.0350000 -0.7049784
0.0360000 14.1771860
0.0370000 -27.0581532
0.0380000 30.7356396
0.0390000 -27.5957031
0.0400000 -57.7126694
0.0410000 -8.4153309
0.0420000 -12.4704084
0.0430000 -8.2533579
0.0440000 32.4031754
0.0450000 76.1436691
0.0460000 8.8487949
0.0470000 -21.2938805
0.0480000 -39.3581810
0.0490000 -42.6207466
0.0500000 28.4657764
0.0510000 0.5269635
0.0520000 36.5934334
0.0530000 65.0977402
0.0540000 45.6405602
0.0550000 24.7579556
0.0560000 -25.8565426
0.0570000 30.4585075
0.0580000 -29.0775108
0.0590000 26.9610310
0.0600000 -10.4791679
0.0610000 -6.0851336
0.0620000 29.9135075
0.0630000 17.2341022
0.0640000 -22.4104900
0.0650000 52.6287994
0.0660000 31.2472057
0.0670000 34.8677330
0.0680000 1.3337716
0.0690000 11.5912647
0.0700000 11.5266371
0.0710000 -41.2530479
0.0720000 13.2367239
0.0730000 6.5777907
0.0740000 -8.7355671
0.0750000 -18.7323112
0.0760000 0.6548630
0.0770000 26.8595772
0.0780000 -16.9240627
0.0790000 -49.9575653
0.0800000 18.2576675
0.0810000 -1.0205318
0.0820000 77.6050262
0.0830000 12.7352343
0.0840000 -22.0476074
0.0850000 13.5738287
0.0860000 -35.3093910
0.0870000 41.1862411
0.0880000 -32.9372978
0.0890000 -40.4432526
0.0900000 26.0311642
0.0910000 7.3774881
0.0920000 5.3932824
0.0930000 -4.7340889
0.0940000 -20.6079388
0.0950000 20.9852467
0.0960000 -39.2645454
0.0970000 -44.5491753
0.0980000 -38.5934067
0.0990000 -78.1141510
0.1000000 -5.3353968
0.1010000 -20.7861004
0.1020000 -58.1986008
0.1030000 3.2282660
0.1040000 -53.8040771
0.1050000 -11.1751671
0.1060000 -18.4629230
0.1070000 -15.4910727
0.1080000 -42.1360626
0.1090000 11.6887274
0.1100000 11.2682190
0.1110000 -4.9489145
0.1120000 -24.3239346
0.1130000 -32.4972420
0.1140000 -15.6776323
0.1150000 42.8365631
0.1160000 -19.4253483
0.1170000 -2.9288034
0.1180000 48.4020844
0.1190000 -30.1299019
0.1200000 -14.9752026
0.1210000 29.0971909
0.1220000 28.8682880
0.1230000 -14.8603268
0.1240000 -27.6195621
0.1250000 -31.5270958
0.1260000 28.7689247
0.1270000 -64.0231247
0.1280000 6.4907055
0.1290000 32.1890259
0.1300000 12.6116114
0.1310000 18.6962109
0.1320000 11.7921410
0.1330000 -50.6026649
0.1340000 37.2273903
0.1350000 17.1859245
0.1360000 -35.5034485
0.1370000 24.7599049
0.1380000 -30.0744362
0.1390000 17.7550488
0.1400000 19.0812073
0.1410000 -9.0499287
0.1420000 20.3243961
0.1430000 -19.8030033
0.1440000 2.3504298
0.1450000 1.7654245
0.1460000 21.4141808
0.1470000 -12.2245407
0.1480000 16.3953285
0.1490000 -17.7608871
0.1500000 64.7736053
0.1510000 14.9734097
0.1520000 22.6551018
0.1530000 -74.9475021
0.1540000 -18.8886738
0.1550000 70.9942245
0.1560000 20.6125774
0.1570000 6.2323298
0.1580000 -52.2660446
0.1590000 -13.3926029
0.1600000 -23.0919228
0.1610000 41.2254333
0.1620000 -79.9917068
0.1630000 -33.5385132
0.1640000 -11.8807840
0.1650000 -45.7704010
0.1660000 58.2742157
0.1670000 -11.8702192
0.1680000 -19.8338184
0.1690000 15.9017029
0.1700000 48.8739090
0.1710000 -28.3525429
0.1720000 27.0704403
0.1730000 -46.9230499
0.1740000 50.9499664
0.1750000 -6.9828081
0.1760000 -12.2181702
0.1770000 -27.6030483
0.1780000 9.8881435
0.1790000 -24.5613022
0.1800000 32.4301529
0.1810000 18.9740391
0.1820000 -28.5766354
0.1830000 51.6930771
0.1840000 -70.3390732
0.1850000 -32.7150612
0.1860000 -79.4158020
0.1870000 18.4208317
0.1880000 33.4451485
0.1890000 68.6024780
0.1900000 4.4489136
0.1910000 -10.4430847
0.1920000 -11.5183640
0.1930000 -17.0363255
0.1940000 22.2341404
0.1950000 39.7152939
0.1960000 -35.3319855
0.1970000 -39.3825569
0.1980000 -52.2726173
0.1990000 35.0827332
0.2000000 -12.2408285
0.2010000 -33.0668335
0.2020000 -29.0712166
0.2030000 25.2334461
0.2040000 -47.1647034
0.2050000 13.9377766
0.2060000 -42.9322166
0.2070000 35.7311554
0.2080000 -55.8523712
0.2090000 -16.0907917
0.2100000 -34.7453880
0.2110000 5.0689712
0.2120000 -10.0259686
0.2130000 17.6269894
0.2140000 14.0069466
0.2150000 13.1659746
0.2160000 20.7864113
0.2170000 15.4674597
0.2180000 -29.7544346
0.2190000 -12.6762171
0.2200000 -8.6727285
0.2210000 40.4706268
0.2220000 71.1618729
0.2230000 14.1328611
0.2240000 -73.7359009
0.2250000 12.9931755
0.2260000 -45.9077377
0.2270000 19.9018173
0.2280000 -52.6964417
0.2290000 -6.0756292
0.2300000 -62.5000229
0.2310000 41.5994873
0.2320000 -21.7566414
0.2330000 -61.2643394
0.2340000 -29.7983189
0.2350000 16.0864964
0.2360000 -16.3775082
0.2370000 17.7703037
0.2380000 -13.5218849
0.2390000 -45.0457458
0.2400000 7.2952342
0.2410000 -13.1272745
0.2420000 -10.7696781
0.2430000 -58.8871346
0.2440000 60.0395546
0.2450000 14.7893753
0.2460000 -25.7259235
0.2470000 -13.2052450
0.2480000 -28.3541660
0.2490000 -66.8843231
0.2500000 -12.1259203
0.2510000 38.7952309
0.2520000 9.6260796
0.2530000 20.5188141
0.2540000 68.0131989
0.2550000 12.4596748
0.2560000 32.6753082
0.2570000 1.7200407
0.2580000 -8.6240263
0.2590000 12.7987938
0.2600000 -4.2263284
0.2610000 15.1572752
0.2620000 -29.1911507
0.2630000 3.1473126
0.2640000 39.1265106
0.2650000 -8.2737217
0.2660000 26.5580006
0.2670000 -30.9849892
0.2680000 -20.8129807
0.2690000 16.5641460
0.2700000 -36.7838936
0.2710000 10.8831539
0.2720000 -22.8230648
0.2730000 71.0924683
0.2740000 55.9055862
0.2750000 -48.6303673
0.2760000 20.6961269
0.2770000 9.1785593
0.2780000 -25.0539398
0.2790000 -12.3135996
0.2800000 -70.0728989
0.2810000 11.2805605
0.2820000 -12.2676096
0.2830000 22.1037922
0.2840000 50.3518524
0.2850000 -29.3468723
0.2860000 66.3652573
0.2870000 37.2397842
0.2880000 69.7193146
0.2890000 -23.7610092
0.2900000 3.8849821
0.2910000 18.5534954
0.2920000 -4.8828411
0.2930000 -88.9276047
0.2940000 6.9208221
0.2950000 -3.9162390
0.2960000 -26.6444721
0.2970000 40.7311172
0.2980000 -6.0035543
0.2990000 -7.3989625
0.3000000 38.6389313
0.3010000 31.4946346
0.3020000 -28.8282833
0.3030000 -30.1956024
0.3040000 -38.1381302
0.3050000 -19.7758865
0.3060000 34.5717964
0.3070000 -33.5293579
0.3080000 -63.5960083
0.3090000 0.8425813
0.3100000 65.0266418
0.3110000 17.0354900
0.3120000 12.6455145
0.3130000 -74.4010239
0.3140000 -19.5720978
0.3150000 -31.0287762
0.3160000 7.1454144
0.3170000 -47.5962067
0.3180000 10.4092493
0.3190000 -21.0574570
0.3200000 -33.5455017
0.3210000 -23.2126312
0.3220000 -18.0456238
0.3230000 -42.3817978
0.3240000 7.1976523
0.3250000 35.0376053
0.3260000 88.2712326
0.3270000 34.8092041
0.3280000 -27.5191994
0.3290000 -13.2987690
0.3300000 29.1770954
0.3310000 22.6140823
0.3320000 18.3725586
0.3330000 -47.5109406
0.3340000 48.5612030
0.3350000 0.6939647
0.3360000 33.8283730
0.3370000 -5.1296992
0.3380000 -4.2494764
0.3390000 0.2265317
0.3400000 12.4407539
0.3410000 -21.8013573
0.3420000 -28.4316711
0.3430000 -37.1489601
0.3440000 8.3634815
0.3450000 44.8173409
0.3460000 21.5889816
0.3470000 5.4340525
0.3480000 82.7005920
0.3490000 -24.4283924
0.3500000 34.6284142
0.3510000 37.6744728
0.3520000 -98.9799881
0.3530000 -12.4432030
0.3540000 -61.3518753
0.3550000 42.9791412
0.3560000 -0.3015176
0.3570000 31.5184460
0.3580000 62.0090408
0.3590000 -63.4598198
0.3600000 -3.1046801
0.3610000 -52.8932533
0.3620000 4.1386018
0.3630000 12.4519835
0.3640000 25.1067524
0.3650000 15.4226170
0.3660000 20.9079189
0.3670000 93.2102737
0.3680000 41.0844955
0.3690000 -72.0810165
0.3700000 -42.6309814
0.3710000 38.4400558
0.3720000 8.4331293
0.3730000 -16.9562225
0.3740000 -26.4262390
0.3750000 42.7623444
0.3760000 -40.5631180
0.3770000 -69.7776489
0.3780000 41.8509293
0.3790000 13.7064743
0.3800000 42.4930954
0.3810000 46.9226341
0.3820000 1.6160566
0.3830000 2.4077301
0.3840000 6.4059157
0.3850000 0.4590385
0.3860000 -82.2231750
0.3870000 -86.8227768
0.3880000 -39.2067070
0.3890000 -42.5945053
0.3900000 30.3087673
0.3910000 -11.1213188
0.3920000 9.4580679
0.3930000 -9.1901827
0.3940000 23.2870579
0.3950000 23.2037544
0.3960000 3.7725854
0.3970000 -40.4244041
0.3980000 52.2587967
0.3990000 0.1088381
0.4000000 -41.9265823
0.4010000 23.4888344
0.4020000 -0.6929240
0.4030000 30.8166943
0.4040000 14.8409929
0.4050000 -51.4321976
0.4060000 -37.7731667
0.4070000 21.3057003
0.4080000 44.5661697
0.4090000 26.2245045
0.4100000 0.2717169
0.4110000 -36.5120850
0.4120000 17.0968056
0.4130000 -45.7282143
0.4140000 41.0608139
0.4150000 -21.3108921
0.4160000 45.0148201
0.4170000 -11.3339605
0.4180000 42.5303612
0.4190000 -65.5425186
0.4200000 42.5166855
0.4210000 50.3889618
0.4220000 26.0073986
0.4230000 36.6741829
0.4240000 64.3440094
0.4250000 -24.1704273
0.4260000 -41.8094521
0.4270000 -23.3930244
0.4280000 35.1599388
0.4290000 10.2055912
0.4300000 -5.6760321
0.4310000 25.1612034
0.4320000 -33.8832092
0.4330000 27.8637409
0.4340000 0.6259750
0.4350000 -5.4895735
0.4360000 -33.9983063
0.4370000 48.1413078
0.4380000 6.4923687
0.4390000 -0.1656302
0.4400000 14.1320801
0.4410000 2.8273513
0.4420000 54.6868324
0.4430000 -16.6215343
0.4440000 13.7070990
0.4450000 -10.7646103
0.4460000 -85.6162033
0.4470000 55.4936523
0.4480000 -32.0067101
0.4490000 -55.6100883
0.4500000 -4.2141805
0.4510000 -5.3066902
0.4520000 -0.5837959
0.4530000 49.9893608
0.4540000 -10.9634314
0.4550000 50.2895012
0.4560000 -13.6879740
0.4570000 1.1455481
0.4580000 21.4616394
0.4590000 -37.4859924
0.4600000 -0.2281032
0.4610000 -28.6492004
0.4620000 -17.4971027
0.4630000 -14.4536190
0.4640000 -68.4790649
0.4650000 -57.0329895
0.4660000 -44.0521393
0.4670000 23.9018383
0.4680000 48.9488335
0.4690000 46.2473907
0.4700000 4.0657678
0.4710000 -12.1637001
0.4720000 81.9329453
0.4730000 23.3802872
0.4740000 -43.9477615
0.4750000 -55.8773422
0.4760000 14.4384565
0.4770000 12.7586851
0.4780000 78.4382935
0.4790000 -6.5756845
0.4800000 14.8300695
0.4810000 -8.8207598
0.4820000 4.9725022
0.4830000 -21.0166759
0.4840000 -34.9320908
0.4850000 -46.0281448
0.4860000 -17.8935928
0.4870000 54.5372467
0.4880000 32.3360901
0.4890000 7.4208317
0.4900000 7.2651639
0.4910000 46.3137245
0.4920000 -28.4057236
0.4930000 18.1025944
0.4940000 -52.8388863
0.4950000 42.8957024
0.4960000 -59.1815071
0.4970000 -98.6470108
0.4980000 3.0693617
0.4990000 29.5210571
0.5000000 -25.3804321
0.5010000 -11.7062073
0.5020000 -11.7335768
0.5030000 16.2735252
0.5040000 15.8897572
0.5050000 12.7644119
0.5060000 16.3744583
0.5070000 3.2997451
0.5080000 50.5876007
0.5090000 67.5366745
0.5100000 1.1710010
0.5110000 -12.4109669
0.5120000 -0.7529357
0.5130000 13.3738575
0.5140000 29.9437428
0.5150000 -21.1000156
0.5160000 -6.8403711
0.5170000 -21.6540890
0.5180000 28.8058949
0.5190000 29.5883198
0.5200000 25.4642429
0.5210000 -49.8556099
0.5220000 36.0149155
0.5230000 -40.8686600
0.5240000 44.9754143
0.5250000 13.6567364
0.5260000 -37.9895020
0.5270000 -2.6114829
0.5280000 -0.0762525
0.5290000 8.3033752
0.5300000 34.7398682
0.5310000 -41.8079529
0.5320000 63.3570557
0.5330000 -65.5168762
0.5340000 -41.2852325
0.5350000 -6.4067140
0.5360000 -13.9303951
0.5370000 24.1685028
0.5380000 38.3987007
0.5390000 48.1443596
0.5400000 -41.0062981
0.5410000 -44.1834946
0.5420000 11.4302340
0.5430000 -27.1599426
0.5440000 -8.6445951
0.5450000 -52.7708778
0.5460000 23.6752567
0.5470000 -35.6571541
0.5480000 13.3315954
0.5490000 4.1488528
0.5500000 -10.2866411
0.5510000 1.4925866
0.5520000 -29.7582150
0.5530000 48.9136238
0.5540000 -17.4915771
0.5550000 37.8768921
0.5560000 -24.6864815
0.5570000 19.0826130
0.5580000 12.7523508
0.5590000 -41.3270607
0.5600000 58.7943726
0.5610000 18.2596989
0.5620000 -54.9735146
0.5630000 -51.1724052
0.5640000 52.6017876
0.5650000 8.6804295
0.5660000 -34.7666512
0.5670000 -8.1670265
0.5680000 8.8242073
0.5690000 -44.2645645
0.5700000 1.6014374
0.5710000 -5.0034747
0.5720000 -25.5956306
0.5730000 56.8495598
0.5740000 8.6610174
0.5750000 19.7319660
0.5760000 23.0775776
0.5770000 -1.0042232
0.5780000 16.5478230
0.5790000 5.3261166
0.5800000 17.3820019
0.5810000 -3.4721575
0.5820000 -24.9264431
0.5830000 7.2580299
0.5840000 -31.2192020
0.5850000 -24.6660423
0.5860000 -19.5567265
0.5870000 -35.8539009
0.5880000 -7.1756186
0.5890000 -15.6575327
0.5900000 40.1903687
0.5910000 34.6738243
0.5920000 44.3158646
0.5930000 -6.9988127
0.5940000 2.6935396
0.5950000 17.9471016
0.5960000 -61.6543999
0.5970000 23.8737888
0.5980000 -12.7073641
0.5990000 19.9769058
0.6000000 -48.5733376
0.6010000 4.4222760
0.6020000 -30.9201431
0.6030000 -87.0785980
0.6040000 9.7278671
0.6050000 -49.5780106
0.6060000 -33.7895775
0.6070000 28.6658268
0.6080000 -1.8015848
0.6090000 42.0738258
0.6100000 -25.1319695
0.6110000 -36.3803444
0.6120000 -15.0147810
0.6130000 18.4554157
0.6140000 10.3664179
0.6150000 -42.0335884
0.6160000 7.4837241
0.6170000 28.0721607
0.6180000 39.3054428
0.6190000 -65.6645432
0.6200000 -60.2857018
0.6210000 2.7120399
0.6220000 -9.4535999
0.6230000 -57.5444374
0.6240000 54.2452507
0.6250000 38.7099800
0.6260000 49.3204308
0.6270000 -39.6532707
0.6280000 -26.0461235
0.6290000 -85.5118408
0.6300000 35.2314034
0.6310000 31.6159935
0.6320000 27.9425220
0.6330000 -14.4300241
0.6340000 -16.9850330
0.6350000 -2.0757160
0.6360000 -17.9463882
0.6370000 11.2515059
0.6380000 -31.4799480
0.6390000 5.3880939
0.6400000 4.3456464
0.6410000 81.5056992
0.6420000 30.5343475
0.6430000 -19.0193958
0.6440000 -28.4549389
0.6450000 -36.0174332
0.6460000 -72.6257629
0.6470000 -17.2089386
0.6480000 46.8936310
0.6490000 -7.8437376
0.6500000 -2.9184124
0.6510000 -21.8605518
0.6520000 -23.8040638
0.6530000 60.3139229
0.6540000 38.1122360
0.6550000 6.8064394
0.6560000 -11.5722504
0.6570000 20.1024303
0.6580000 20.3631191
0.6590000 16.9023170
0.6600000 40.7625313
0.6610000 -29.3497963
0.6620000 24.3054237
0.6630000 59.6672516
0.6640000 -13.2345743
0.6650000 -20.7201824
0.6660000 -2.2384641
0.6670000 -2.0248299
0.6680000 18.4646759
0.6690000 -18.9625988
0.6700000 7.0149083
0.6710000 -4.4932303
0.6720000 -13.5120707
0.6730000 -59.9293976
0.6740000 -4.8748522
0.6750000 -5.2437549
0.6760000 28.6545029
0.6770000 -55.7677040
0.6780000 46.4948006
0.6790000 49.6821327
0.6800000 14.3767986
0.6810000 -42.4534149
0.6820000 22.6414814
0.6830000 -23.5679226
0.6840000 49.3377190
0.6850000 -43.3043251
0.6860000 -33.2386971
0.6870000 -6.4921184
0.6880000 6.1689286
0.6890000 22.1250420
0.6900000 -11.8159552
0.6910000 -2.2526448
0.6920000 -27.0531750
0.6930000 -25.9660778
0.6940000 -0.5358948
0.6950000 -44.1161728
0.6960000 17.0138245
0.6970000 -8.4813681
0.6980000 -60.7363968
0.6990000 -3.7165847
0.7000000 -6.3210011
0.7010000 3.1198761
0.7020000 -4.5335741
0.7030000 -58.2791824
0.7040000 7.9754219
0.7050000 15.9002695
0.7060000 12.5270834
0.7070000 -4.5001869
0.7080000 24.9497509
0.7090000 -13.9491024
0.7100000 64.5659790
0.7110000 2.3937650
0.7120000 20.3873100
0.7130000 -44.5494194
0.7140000 -51.0829124
0.7150000 -9.6324072
0.7160000 7.5196576
0.7170000 43.4191093
0.7180000 18.6062965
0.7190000 -4.3524866
0.7200000 -4.6284103
0.7210000 30.0104198
0.7220000 -13.6388474
0.7230000 37.8749733
0.7240000 85.3063507
0.7250000 25.2143021
0.7260000 50.5411758
0.7270000 -6.0355716
0.7280000 -29.0728531
0.7290000 -29.1413383
0.7300000 -18.4692574
0.7310000 -48.1175308
0.7320000 2.5105000
0.7330000 -58.9334679
0.7340000 -24.6689148
0.7350000 22.9328270
0.7360000 52.9678040
0.7370000 -11.9653568
0.7380000 -12.1406984
0.7390000 -96.3428802
0.7400000 -11.0834007
0.7410000 -14.9942245
0.7420000 26.2377281
0.7430000 -19.6180153
0.7440000 -50.6246071
0.7450000 61.3360062
0.7460000 -16.2361279
0.7470000 14.9393225
0.7480000 33.5177803
0.7490000 -3.4502840
0.7500000 -53.4969025
0.7510000 37.7727280
0.7520000 16.2621613
0.7530000 -28.9053249
0.7540000 27.5352783
0.7550000 -30.6356831
0.7560000 33.5671043
0.7570000 -31.1697922
0.7580000 41.6111336
0.7590000 62.5537910
0.7600000 -5.8024545
0.7610000 -39.5610542
0.7620000 -11.6636086
0.7630000 73.3433685
0.7640000 -54.9576225
0.7650000 50.4378891
0.7660000 -24.9145985
0.7670000 -13.7731342
0.7680000 31.0116234
0.7690000 1.0966049
0.7700000 30.0771236
0.7710000 -74.7192154
0.7720000 -32.2711258
0.7730000 -10.7250280
0.7740000 -54.3042221
0.7750000 -34.0837555
0.7760000 -27.5570107
0.7770000 -6.8230367
0.7780000 22.9656944
0.7790000 -41.4287071
0.7800000 18.4175091
0.7810000 53.7997284
0.7820000 9.5655403
0.7830000 -6.8970199
0.7840000 0.7994529
0.7850000 -9.5804243
0.7860000 8.1253614
0.7870000 -31.4438744
0.7880000 49.8867111
0.7890000 49.5909805
0.7900000 -7.0111074
0.7910000 20.3244991
0.7920000 1.4107950
0.7930000 31.4653091
0.7940000 48.9095535
0.7950000 -16.4669380
0.7960000 -25.7853146
0.7970000 41.5114899
0.7980000 18.4780331
0.7990000 36.4025803
0.8000000 -21.4525909
0.8010000 6.1949964
0.8020000 32.9822235
0.8030000 6.3026686
0.8040000 -11.1796942
0.8050000 -40.9235382
0.8060000 -51.5042839
0.8070000 -34.2120514
0.8080000 -9.2098398
0.8090000 -3.5339789
0.8100000 -12.5803137
0.8110000 -12.7644472
0.8120000 40.4182930
0.8130000 -58.6977005
0.8140000 -47.1478958
0.8150000 17.7072144
0.8160000 116.6277390
0.8170000 11.3717041
0.8180000 -56.0332603
0.8190000 -1.7971617
0.8200000 36.2094193
0.8210000 7.6335850
0.8220000 35.7639008
0.8230000 -36.5979691
0.8240000 15.0843563
0.8250000 -13.6009779
0.8260000 17.4530182
0.8270000 54.6528893
0.8280000 -13.0578041
0.8290000 22.0124207
0.8300000 18.1144943
0.8310000 11.9192410
0.8320000 5.3118949
0.8330000 32.7261810
0.8340000 5.3733664
0.8350000 -52.9538498
0.8360000 19.5544567
0.8370000 -37.9030609
0.8380000 55.3692818
0.8390000 -14.4043751
0.8400000 -10.1646643
0.8410000 -43.1825638
0.8420000 13.3826656
0.8430000 56.0403404
0.8440000 23.2733746
0.8450000 0.1186185
0.8460000 -15.3381290
0.8470000 6.0504913
0.8480000 1.1355680
0.8490000 20.0125008
0.8500000 -16.1773281
0.8510000 -22.4863338
0.8520000 -23.4613838
0.8530000 -46.3895569
0.8540000 109.6138000
0.8550000 38.3851738
0.8560000 27.5216370
0.8570000 -56.1558304
0.8580000 18.2895184
0.8590000 22.8376465
0.8600000 9.8677607
0.8610000 8.5154943
0.8620000 5.2734852
0.8630000 48.2213287
0.8640000 5.2653670
0.8650000 6.0425544
0.8660000 -75.0585098
0.8670000 25.4300022
0.8680000 -31.0170498
0.8690000 9.7635698
0.8700000 -53.9151154
0.8710000 -23.4733181
0.8720000 15.7268057
0.8730000 -19.4818802
0.8740000 -14.8240881
0.8750000 48.3044434
0.8760000 -22.2010975
0.8770000 -29.3109055
0.8780000 -6.1986928
0.8790000 31.4975681
0.8800000 59.9006844
0.8810000 -29.2164783
0.8820000 -17.8817329
0.8830000 6.3129783
0.8840000 -70.2205124
0.8850000 77.4393539
0.8860000 -62.7633743
0.8870000 38.5233574
0.8880000 0.0630053
0.8890000 -15.2590122
0.8900000 -77.4070816
0.8910000 -48.1899376
0.8920000 0.3245240
0.8930000 51.3135643
0.8940000 -42.5120811
0.8950000 -6.9048810
0.8960000 -31.3532352
0.8970000 -5.4812908
0.8980000 67.7506714
0.8990000 39.1822166
0.9000000 5.9423995
0.9010000 -7.2329483
0.9020000 24.5177422
0.9030000 18.5629005
0.9040000 12.4498415
0.9050000 13.0902538
0.9060000 -44.9017105
0.9070000 47.0190315
0.9080000 35.8900871
0.9090000 58.0192871
0.9100000 37.9278870
0.9110000 3.0943708
0.9120000 -13.2844524
0.9130000 -75.4842072
0.9140000 71.2523804
0.9150000 13.9758263
0.9160000 15.9059792
0.9170000 -16.5961533
0.9180000 -4.6665955
0.9190000 -1.1350983
0.9200000 14.0959377
0.9210000 -30.4671917
0.9220000 -42.5699158
0.9230000 26.0669441
0.9240000 15.3113461
0.9250000 10.9498310
0.9260000 -54.1306496
0.9270000 -61.2391930
0.9280000 -37.1363792
0.9290000 34.7023163
0.9300000 6.3291774
0.9310000 6.0312390
0.9320000 -24.2112389
0.9330000 36.8158646
0.9340000 -23.9536228
0.9350000 23.9535255
0.9360000 7.4140868
0.9370000 3.5717878
0.9380000 -7.1933146
0.9390000 -26.1335697
0.9400000 14.9970665
0.9410000 -36.3758621
0.9420000 -47.5812187
0.9430000 -40.9749756
0.9440000 -34.0985870
0.9450000 -17.3453941
0.9460000 33.4555473
0.9470000 13.3045921
0.9480000 -13.4243898
0.9490000 34.4643784
0.9500000 -12.8863001
0.9510000 -44.9211578
0.9520000 -19.0601158
0.9530000 21.4401207
0.9540000 32.3630180
0.9550000 -3.1534772
0.9560000 -10.2630215
0.9570000 -0.7367020
0.9580000 40.9016647
0.9590000 3.8922522
0.9600000 11.5244160
0.9610000 11.1739397
0.9620000 32.7681427
0.9630000 44.4050865
0.9640000 -49.6730118
0.9650000 -18.6473484
0.9660000 22.9404755
0.9670000 -42.9264526
0.9680000 25.1348743
0.9690000 45.3383026
0.9700000 -13.1050043
0.9710000 -71.7237320
0.9720000 30.0906734
0.9730000 22.2145939
0.9740000 57.5848656
0.9750000 56.6270103
0.9760000 13.3195047
0.9770000 -40.6590080
0.9780000 -63.2364502
0.9790000 32.0015450
0.9800000 31.2192726
0.9810000 62.1164169
0.9820000 5.7787118
0.9830000 17.3129311
0.9840000 13.3669519
0.9850000 -0.2406590
0.9860000 -5.6905994
0.9870000 -51.8542671
0.9880000 13.1376762
0.9890000 19.8469524
0.9900000 -5.5563307
0.9910000 18.5611191
0.9920000 15.2353563
0.9930000 -63.6904678
0.9940000 -25.6906910
0.9950000 -38.2679367
0.9960000 -23.1797504
0.9970000 14.3638382
0.9980000 -74.6968689
0.9990000 35.5890541
