0.0000000 74.8747253
0.0010000 -8.1084404
0.0020000 -2.6629708
0.0030000 39.5625420
0.0040000 -28.7768822
0.0050000 -19.4480572
0.0060000 -4.1279211
0.0070000 -44.3705559
0.0080000 32.1783714
0.0090000 39.0607986
0.0100000 19.4691372
0.0110000 -41.2771912
0.0120000 20.2722626
0.0130000 4.4662576
0.0140000 27.6296635
0.0150000 0.2368860
0.0160000 36.5325203
0.0170000 2.5935855
0.0180000 11.6558971
0.0190000 7.8856902
0.0200000 4.3229618
0.0210000 51.8693085
0.0220000 -42.8849716
0.0230000 26.7784977
0.0240000 -35.0296707
0.0250000 27.2599316
0.0260000 -6.9585304
0.0270000 -39.1124611
0.0280000 35.0365181
0.0290000 -117.4240494
0.0300000 51.2919731
0.0310000 4.9549332
0.0320000 66.7778473
0.0330000 34.5007744
0.0340000 -10.4580231
0.0350000 -42.2088966
0.0360000 -4.5855651
0.0370000 62.3545685
0.0380000 -2.0503204
0.0390000 22.4211769
0.0400000 37.6142426
0.0410000 -60.0252380
0.0420000 -24.9046040
0.0430000 -44.5128975
0.0440000 -22.4449348
0.0450000 -16.0540600
0.0460000 -22.9410553
0.0470000 -48.3643303
0.0480000 13.4123526
0.0490000 23.9620476
0.0500000 -18.1562481
0.0510000 -27.8073120
0.0520000 -46.2653923
0.0530000 24.1650753
0.0540000 -20.1110592
0.0550000 -0.3916413
0.0560000 -7.5227680
0.0570000 17.2776356
0.0580000 -69.7217178
0.0590000 27.8461571
0.0600000 -6.4024687
0.0610000 -64.8241196
0.0620000 -24.6358929
0.0630000 6.4013658
0.0640000 -50.4787560
0.0650000 -27.2961102
0.0660000 28.6630630
0.0670000 23.6674690
0.0680000 -33.8073730
0.0690000 -11.8407240
0.0700000 32.6555138
0.0710000 93.6781693
0.0720000 11.3671694
0.0730000 1.7498455
0.0740000 -57.7045212
0.0750000 10.6351461
0.0760000 11.8265409
0.0770000 -25.4703350
0.0780000 -10.5828972
0.0790000 34.3380470
0.0800000 17.2231102
0.0810000 -19.0832119
0.0820000 4.8960400
0.0830000 0.1221583
0.0840000 -28.4859791
0.0850000 29.7592144
0.0860000 5.1192775
0.0870000 58.2126846
0.0880000 -16.0112152
0.0890000 31.0013466
0.0900000 38.1185760
0.0910000 -1.1288019
0.0920000 32.7649574
0.0930000 -39.5611954
0.0940000 -56.9162254
0.0950000 8.2050495
0.0960000 -5.0286374
0.0970000 -18.9420471
0.0980000 94.8192368
0.0990000 32.4772873
0.1000000 34.8727570
0.1010000 -30.7575321
0.1020000 30.4755974
0.1030000 -4.8073201
0.1040000 -3.8229740
0.1050000 -2.9918633
0.1060000 6.5202336
0.1070000 -19.0212803
0.1080000 26.2193966
0.1090000 7.0837379
0.1100000 5.6239939
0.1110000 34.1668472
0.1120000 -44.1066513
0.1130000 -9.3413439
0.1140000 18.5769253
0.1150000 -7.7211285
0.1160000 6.8830991
0.1170000 -11.2353773
0.1180000 5.0849471
0.1190000 66.6674271
0.1200000 -58.6952820
0.1210000 20.5064602
0.1220000 -7.1216898
0.1230000 -15.3681145
0.1240000 -25.4657803
0.1250000 -54.8227310
0.1260000 51.3995438
0.1270000 30.9101543
0.1280000 -17.8109455
0.1290000 33.4523773
0.1300000 -17.1203594
0.1310000 23.7284336
0.1320000 1.9642270
0.1330000 34.8236694
0.1340000 11.1769495
0.1350000 42.6282806
0.1360000 -2.8017604
0.1370000 58.2087288
0.1380000 -19.2938194
0.1390000 -43.5583076
0.1400000 -5.8978143
0.1410000 30.8143368
0.1420000 -1.1504688
0.1430000 -16.3461475
0.1440000 73.6072083
0.1450000 70.9927139
0.1460000 15.0880480
0.1470000 -6.2097468
0.1480000 -31.3738613
0.1490000 -52.1438179
0.1500000 8.8649883
0.1510000 30.8443928
0.1520000 -29.9139442
0.1530000 53.0845413
0.1540000 -26.8458939
0.1550000 31.7610722
0.1560000 -70.5666733
0.1570000 -4.6053724
0.1580000 -18.2972107
0.1590000 11.4533520
0.1600000 -11.0507307
0.1610000 18.0810852
0.1620000 -13.9521027
0.1630000 2.7802222
0.1640000 -83.7295456
0.1650000 55.5366859
0.1660000 37.8614349
0.1670000 -33.4868774
0.1680000 28.2350502
0.1690000 -12.0206661
0.1700000 -21.8471298
0.1710000 -42.9052124
0.1720000 19.4985294
0.1730000 14.4582891
0.1740000 -40.2379990
0.1750000 -6.5013981
0.1760000 40.5164375
0.1770000 47.5324020
0.1780000 -18.5292912
0.1790000 10.7428083
0.1800000 -89.4465332
0.1810000 25.7654266
0.1820000 -66.6203156
0.1830000 18.7066250
0.1840000 -17.6899986
0.1850000 112.3258286
0.1860000 -29.0679779
0.1870000 15.9977655
0.1880000 29.6502438
0.1890000 32.1015472
0.1900000 64.4328079
0.1910000 -4.3764639
0.1920000 -48.5749283
0.1930000 49.2567215
0.1940000 65.1506348
0.1950000 -19.7272949
0.1960000 -39.8666382
0.1970000 23.6952095
0.1980000 -23.1913624
0.1990000 -25.7018375
0.2000000 -0.7011169
0.2010000 -0.8841298
0.2020000 -13.4785938
0.2030000 55.2293739
0.2040000 4.5453205
0.2050000 30.7621937
0.2060000 -27.7671528
0.2070000 14.3463087
0.2080000 27.3600330
0.2090000 -11.6178923
0.2100000 86.9509583
0.2110000 -49.8607254
0.2120000 4.3119607
0.2130000 72.3920441
0.2140000 42.3347740
0.2150000 -17.5684147
0.2160000 32.9620132
0.2170000 26.0759201
0.2180000 50.3906479
0.2190000 4.8001246
0.2200000 -3.8415923
0.2210000 -18.4689102
0.2220000 -69.6854553
0.2230000 19.1873989
0.2240000 48.6657982
0.2250000 80.5540314
0.2260000 16.3199711
0.2270000 -9.9323378
0.2280000 5.6605811
0.2290000 35.2138214
0.2300000 15.9497280
0.2310000 -14.0544815
0.2320000 21.4310627
0.2330000 31.6105995
0.2340000 -15.1673746
0.2350000 -16.0872707
0.2360000 -22.5022831
0.2370000 -29.3750038
0.2380000 37.7627449
0.2390000 -4.6422367
0.2400000 -50.9583397
0.2410000 -31.1729813
0.2420000 22.8782730
0.2430000 -20.9161263
0.2440000 -59.9498329
0.2450000 60.7197495
0.2460000 27.4347191
0.2470000 1.9853237
0.2480000 24.1338482
0.2490000 -56.8613777
0.2500000 -11.8125515
0.2510000 -47.0999832
0.2520000 -4.5333290
0.2530000 6.6979756
0.2540000 -16.7820778
0.2550000 -31.1906471
0.2560000 -56.1301651
0.2570000 39.9677773
0.2580000 8.3328075
0.2590000 14.4258747
0.2600000 -50.1194763
0.2610000 -76.0278702
0.2620000 -0.4026505
0.2630000 44.0247917
0.2640000 -64.6000977
0.2650000 -29.9990311
0.2660000 1.5627742
0.2670000 30.6001854
0.2680000 -29.5489750
0.2690000 16.7538033
0.2700000 -1.7237792
0.2710000 -52.6966438
0.2720000 -5.7343292
0.2730000 -20.8264122
0.2740000 22.7660980
0.2750000 -0.8214567
0.2760000 -34.2306290
0.2770000 11.3971539
0.2780000 35.8685036
0.2790000 -39.0521011
0.2800000 27.9147072
0.2810000 -3.0714054
0.2820000 6.4051204
0.2830000 -1.6588793
0.2840000 70.3586121
0.2850000 1.4040520
0.2860000 39.9349174
0.2870000 -12.7586365
0.2880000 6.0378685
0.2890000 13.9758015
0.2900000 5.9062462
0.2910000 -58.4867325
0.2920000 -36.0163536
0.2930000 22.1648750
0.2940000 -0.3015719
0.2950000 15.9209681
0.2960000 38.0635529
0.2970000 -45.9275627
0.2980000 0.6727279
0.2990000 -54.1503487
0.3000000 -28.6696835
0.3010000 -0.0141120
0.3020000 25.0514164
0.3030000 57.1078339
0.3040000 -10.4273577
0.3050000 -5.8017178
0.3060000 7.4013429
0.3070000 0.1592785
0.3080000 -80.2658691
0.3090000 -12.0845318
0.3100000 3.4627891
0.3110000 -24.3104439
0.3120000 -40.3248520
0.3130000 33.5765305
0.3140000 -62.5684204
0.3150000 -9.3911791
0.3160000 -32.4476204
0.3170000 76.6935654
0.3180000 29.0690517
0.3190000 -37.4918365
0.3200000 9.8711433
0.3210000 38.1834679
0.3220000 19.6599464
0.3230000 31.4734421
0.3240000 38.0331497
0.3250000 17.7378731
0.3260000 16.0658073
0.3270000 -13.2525930
0.3280000 -15.4015627
0.3290000 -3.8742120
0.3300000 29.3494320
0.3310000 -10.7632151
0.3320000 19.5444698
0.3330000 4.0167427
0.3340000 -16.1022797
0.3350000 13.3748684
0.3360000 -24.9077053
0.3370000 27.5622845
0.3380000 -19.8379955
0.3390000 55.7764893
0.3400000 33.8551636
0.3410000 5.1258211
0.3420000 36.7763901
0.3430000 25.8385963
0.3440000 48.4006996
0.3450000 66.4164581
0.3460000 27.7169857
0.3470000 -22.7646961
0.3480000 -12.9497566
0.3490000 -12.9874811
0.3500000 74.6680145
0.3510000 12.4170542
0.3520000 8.3423977
0.3530000 -6.3864136
0.3540000 -2.4989839
0.3550000 2.9827960
0.3560000 -18.3526821
0.3570000 33.9414368
0.3580000 18.5678349
0.3590000 -52.6578484
0.3600000 -12.5973625
0.3610000 65.4431610
0.3620000 -86.3205490
0.3630000 -27.5531139
0.3640000 -12.9171648
0.3650000 -5.3620267
0.3660000 -12.6971197
0.3670000 24.2036343
0.3680000 25.9010429
0.3690000 -44.8083572
0.3700000 -39.6619644
0.3710000 -16.3657017
0.3720000 -100.4106140
0.3730000 -16.0309753
0.3740000 18.3461094
0.3750000 43.2021713
0.3760000 -16.4247150
0.3770000 -12.6874418
0.3780000 -5.7243586
0.3790000 -26.1860085
0.3800000 -24.5403671
0.3810000 -31.5099697
0.3820000 42.5933609
0.3830000 8.2197132
0.3840000 -53.3362579
0.3850000 28.4494190
0.3860000 -34.6625214
0.3870000 -9.3424606
0.3880000 -4.8554730
0.3890000 -6.0186896
0.3900000 23.4059811
0.3910000 19.8762093
0.3920000 -13.8754129
0.3930000 -20.3408546
0.3940000 6.1201625
0.3950000 -33.5295792
0.3960000 -18.6672573
0.3970000 81.7647018
0.3980000 14.1614504
0.3990000 -27.5697861
0.4000000 1.4997423
0.4010000 -3.4813261
0.4020000 -37.7424507
0.4030000 20.1539841
0.4040000 21.9497585
0.4050000 -4.4860086
0.4060000 -9.3717899
0.4070000 19.0817547
0.4080000 9.1443138
0.4090000 13.0589819
0.4100000 -33.0850143
0.4110000 -37.3742256
0.4120000 -0.0961485
0.4130000 5.1439590
0.4140000 29.3955078
0.4150000 13.7153559
0.4160000 -0.8516130
0.4170000 23.6145115
0.4180000 -20.5885868
0.4190000 10.9217262
0.4200000 29.7350483
0.4210000 -39.6617928
0.4220000 10.0330944
0.4230000 -17.5109921
0.4240000 -19.7877388
0.4250000 37.4614296
0.4260000 28.6119156
0.4270000 13.1325045
0.4280000 -29.5609894
0.4290000 14.5397635
0.4300000 20.7649364
0.4310000 -44.5293236
0.4320000 16.8564091
0.4330000 -51.8859062
0.4340000 43.7948418
0.4350000 -21.5752239
0.4360000 -4.1453128
0.4370000 -0.8552807
0.4380000 -9.3817902
0.4390000 -2.1740196
0.4400000 -22.8920727
0.4410000 29.5529575
0.4420000 29.2545929
0.4430000 -1.7360510
0.4440000 -10.5414495
0.4450000 -17.0324936
0.4460000 -17.7314434
0.4470000 21.1206532
0.4480000 -68.7033997
0.4490000 -22.9296818
0.4500000 -7.1384082
0.4510000 -47.1504898
0.4520000 12.4273024
0.4530000 -48.1533775
0.4540000 -41.2411957
0.4550000 -1.6645018
0.4560000 -10.2260141
0.4570000 40.8350754
0.4580000 -11.8129148
0.4590000 22.3620739
0.4600000 9.7254848
0.4610000 -36.2008591
0.4620000 -44.5363846
0.4630000 5.2210517
0.4640000 -1.8422215
0.4650000 9.8534575
0.4660000 30.2956333
0.4670000 58.6588898
0.4680000 14.0614319
0.4690000 4.8923907
0.4700000 -43.0257645
0.4710000 48.4571190
0.4720000 -37.7361374
0.4730000 67.4756622
0.4740000 22.1672001
0.4750000 11.9760809
0.4760000 20.8022518
0.4770000 5.0937200
0.4780000 7.2972074
0.4790000 -44.7165604
0.4800000 1.3169374
0.4810000 -11.0396080
0.4820000 1.5688248
0.4830000 13.4539309
0.4840000 44.2514763
0.4850000 51.3582420
0.4860000 0.1686889
0.4870000 -58.5562172
0.4880000 -16.0732555
0.4890000 -32.0942802
0.4900000 -0.7466564
0.4910000 -37.6691589
0.4920000 -6.7273045
0.4930000 -20.9799423
0.4940000 20.5732994
0.4950000 -1.2713882
0.4960000 9.0704002
0.4970000 -40.1288567
0.4980000 46.8010826
0.4990000 -15.4173851
0.5000000 25.2833080
0.5010000 5.4177303
0.5020000 -5.9603071
0.5030000 69.5119629
0.5040000 48.4008484
0.5050000 -23.8249702
0.5060000 10.9154634
0.5070000 -3.1070859
0.5080000 57.0993614
0.5090000 -21.0302544
0.5100000 34.3526535
0.5110000 27.3169231
0.5120000 -38.0890579
0.5130000 -20.2249241
0.5140000 52.9886017
0.5150000 -15.6461430
0.5160000 -23.6225395
0.5170000 73.0041351
0.5180000 -2.3528736
0.5190000 1.1290463
0.5200000 45.2070808
0.5210000 46.1096344
0.5220000 -87.8260803
0.5230000 -9.2686710
0.5240000 6.4461555
0.5250000 26.5823326
0.5260000 -14.3074207
0.5270000 29.8016682
0.5280000 -42.5760155
0.5290000 41.2489853
0.5300000 40.4591599
0.5310000 -13.9003019
0.5320000 49.2048569
0.5330000 -44.4799118
0.5340000 1.0176430
0.5350000 20.0296898
0.5360000 -30.4764175
0.5370000 2.9843681
0.5380000 -13.8491297
0.5390000 -59.5433998
0.5400000 3.5947201
0.5410000 20.2972202
0.5420000 66.0969543
0.5430000 8.7163515
0.5440000 3.5347068
0.5450000 43.2504997
0.5460000 -1.7113997
0.5470000 13.7746716
0.5480000 52.5228539
0.5490000 40.1172256
0.5500000 -21.2707634
0.5510000 -15.3757057
0.5520000 -34.8083916
0.5530000 20.9856167
0.5540000 34.3141670
0.5550000 29.3901844
0.5560000 43.9271088
0.5570000 19.4714241
0.5580000 -64.5719604
0.5590000 33.5311317
0.5600000 -6.9230671
0.5610000 6.1277575
0.5620000 17.6033745
0.5630000 20.6939907
0.5640000 -20.4218254
0.5650000 -73.2556000
0.5660000 -3.5487092
0.5670000 26.6049919
0.5680000 26.8156071
0.5690000 14.2597589
0.5700000 -19.1017094
0.5710000 31.7700500
0.5720000 -4.0626998
0.5730000 15.2772293
0.5740000 -38.6938896
0.5750000 57.3770905
0.5760000 -26.9501991
0.5770000 45.5573769
0.5780000 6.1010780
0.5790000 40.1645584
0.5800000 -9.6831179
0.5810000 -74.4388733
0.5820000 89.1733551
0.5830000 10.9960279
0.5840000 -47.6345863
0.5850000 76.2188492
0.5860000 -30.9048119
0.5870000 9.3919697
0.5880000 -47.0250473
0.5890000 25.9292393
0.5900000 -28.0599022
0.5910000 -19.2288017
0.5920000 26.2344131
0.5930000 13.9686546
0.5940000 -1.6655681
0.5950000 -41.3767662
0.5960000 45.4215240
0.5970000 -28.2390156
0.5980000 -21.6285534
0.5990000 48.1272087
0.6000000 -77.0833130
0.6010000 -38.9671478
0.6020000 -46.1949806
0.6030000 -9.5519876
0.6040000 -36.8220406
0.6050000 -34.1511116
0.6060000 27.3891239
0.6070000 14.7892170
0.6080000 44.7668381
0.6090000 -37.4598656
0.6100000 32.7678947
0.6110000 39.6155968
0.6120000 23.4544678
0.6130000 -1.4987109
0.6140000 49.8904495
0.6150000 29.9137726
0.6160000 45.8455238
0.6170000 -15.6709452
0.6180000 -17.0528049
0.6190000 3.3743312
0.6200000 -23.5533810
0.6210000 28.6292572
0.6220000 19.0741100
0.6230000 53.8546486
0.6240000 15.2361126
0.6250000 -16.0537872
0.6260000 -52.2780380
0.6270000 40.1112785
0.6280000 -92.3001556
0.6290000 0.2099671
0.6300000 -52.6525841
0.6310000 30.9556236
0.6320000 40.8063622
0.6330000 -14.5893507
0.6340000 -40.3981667
0.6350000 19.2320786
0.6360000 45.5766792
0.6370000 11.1130695
0.6380000 -16.5914555
0.6390000 63.2526894
0.6400000 68.4026794
0.6410000 62.8358917
0.6420000 44.1527672
0.6430000 -38.4110336
0.6440000 -18.9364719
0.6450000 6.7228489
0.6460000 74.8476562
0.6470000 31.9447422
0.6480000 38.6209717
0.6490000 -43.2765274
0.6500000 34.9475517
0.6510000 49.7322922
0.6520000 11.1138248
0.6530000 24.2678242
0.6540000 32.5232048
0.6550000 6.1214457
0.6560000 12.7351675
0.6570000 6.0380006
0.6580000 4.9120226
0.6590000 19.6603374
0.6600000 -50.2556992
0.6610000 -64.1386337
0.6620000 19.4622936
0.6630000 -48.0701447
0.6640000 16.0095482
0.6650000 -42.5534401
0.6660000 25.7228241
0.6670000 -27.9809246
0.6680000 -13.1787510
0.6690000 -35.6185570
0.6700000 8.4239397
0.6710000 13.6591301
0.6720000 41.6072769
0.6730000 -25.1399479
0.6740000 -30.0766602
0.6750000 -24.0902195
0.6760000 28.7027817
0.6770000 2.7799339
0.6780000 42.5724144
0.6790000 -1.3524574
0.6800000 42.1554413
0.6810000 8.6770172
0.6820000 13.9625425
0.6830000 -27.1127472
0.6840000 -21.6836796
0.6850000 33.8809090
0.6860000 -18.6621723
0.6870000 0.9538015
0.6880000 -17.6184120
0.6890000 -43.8058014
0.6900000 -5.3938022
0.6910000 -8.8307104
0.6920000 90.7341690
0.6930000 37.0111046
0.6940000 0.8301432
0.6950000 -38.5569649
0.6960000 15.7926483
0.6970000 -15.6666842
0.6980000 29.7890644
0.6990000 33.1682243
0.7000000 -19.2108364
0.7010000 31.7638588
0.7020000 -32.0702400
0.7030000 -13.1793356
0.7040000 -1.6589961
0.7050000 11.8769474
0.7060000 -37.5576782
0.7070000 21.2359219
0.7080000 -1.7254180
0.7090000 -12.4238472
0.7100000 -10.7455835
0.7110000 12.8811998
0.7120000 -30.0031033
0.7130000 -84.9709930
0.7140000 63.4380417
0.7150000 -36.4703102
0.7160000 -20.5634480
0.7170000 -26.0103722
0.7180000 -9.5766945
0.7190000 -19.8222256
0.7200000 -6.4289680
0.7210000 -25.2254391
0.7220000 -27.0870152
0.7230000 -17.2181931
0.7240000 38.7568512
0.7250000 54.6128197
0.7260000 36.1354866
0.7270000 -22.1767979
0.7280000 -41.6315613
0.7290000 7.3558688
0.7300000 11.7571526
0.7310000 -51.2275505
0.7320000 -21.2187252
0.7330000 -27.2060661
0.7340000 0.9198177
0.7350000 0.0686082
0.7360000 58.8842430
0.7370000 4.7254486
0.7380000 46.3135376
0.7390000 7.8832765
0.7400000 -0.8912744
0.7410000 -41.9448318
0.7420000 93.0710068
0.7430000 0.0722607
0.7440000 -41.2426376
0.7450000 7.6598191
0.7460000 -82.9700317
0.7470000 27.8042164
0.7480000 -40.2001801
0.7490000 -13.1846886
0.7500000 -4.1161780
0.7510000 -34.2164955
0.7520000 1.5411289
0.7530000 14.2219992
0.7540000 16.8817139
0.7550000 -21.0164509
0.7560000 29.8492794
0.7570000 -38.0472870
0.7580000 23.5206566
0.7590000 12.5711718
0.7600000 1.4097323
0.7610000 19.3156319
0.7620000 -8.2335997
0.7630000 -12.3103409
0.7640000 9.8740349
0.7650000 22.9346428
0.7660000 -12.1669912
0.7670000 34.5189476
0.7680000 49.3318634
0.7690000 -5.1805444
0.7700000 -29.2766228
0.7710000 -21.0979462
0.7720000 -24.2810726
0.7730000 -88.4500961
0.7740000 18.3917675
0.7750000 -79.1960373
0.7760000 -65.2072525
0.7770000 -8.1967840
0.7780000 -8.4588737
0.7790000 -62.9067802
0.7800000 -30.6552734
0.7810000 36.0308380
0.7820000 -17.3709564
0.7830000 24.1020203
0.7840000 43.8425255
0.7850000 -36.3387566
0.7860000 -4.7837071
0.7870000 60.9489784
0.7880000 4.1048818
0.7890000 16.6206436
0.7900000 45.1458092
0.7910000 -28.0980721
0.7920000 2.7927759
0.7930000 -25.9561138
0.7940000 -31.1813431
0.7950000 -27.1325073
0.7960000 -24.8165226
0.7970000 -32.8635330
0.7980000 -21.9069099
0.7990000 -59.1760368
0.8000000 23.3288898
0.8010000 35.4258385
0.8020000 10.5276957
0.8030000 -23.0523739
0.8040000 3.8809962
0.8050000 23.0361519
0.8060000 59.9633675
0.8070000 59.8882713
0.8080000 -30.8641415
0.8090000 25.3108673
0.8100000 55.4331131
0.8110000 18.3837833
0.8120000 -23.1365700
0.8130000 56.2391815
0.8140000 104.8673096
0.8150000 6.1571169
0.8160000 8.6039658
0.8170000 39.4083862
0.8180000 41.4731979
0.8190000 -23.9435558
0.8200000 -34.5619354
0.8210000 -12.6627750
0.8220000 -27.7261658
0.8230000 -4.4747982
0.8240000 -14.4923887
0.8250000 -66.4507141
0.8260000 -29.2181854
0.8270000 -56.2237701
0.8280000 -9.3499212
0.8290000 -56.7433929
0.8300000 28.7679310
0.8310000 -7.6865072
0.8320000 12.0892925
0.8330000 -57.9022255
0.8340000 5.7249784
0.8350000 26.7223339
0.8360000 -4.6987743
0.8370000 -101.6253738
0.8380000 50.2332115
0.8390000 -35.8071899
0.8400000 -20.8948727
0.8410000 4.3057451
0.8420000 19.6191654
0.8430000 51.3403740
0.8440000 -4.7627935
0.8450000 15.7206764
0.8460000 25.2468300
0.8470000 1.3732986
0.8480000 -35.6589851
0.8490000 50.0026207
0.8500000 -0.4039988
0.8510000 -2.1633577
0.8520000 70.5268097
0.8530000 -27.1443920
0.8540000 -31.1386566
0.8550000 -9.6286716
0.8560000 -23.2913799
0.8570000 -4.8339000
0.8580000 -16.3601646
0.8590000 47.7811089
0.8600000 26.1368656
0.8610000 27.0559425
0.8620000 0.7910742
0.8630000 13.1472015
0.8640000 26.0529652
0.8650000 -54.4330559
0.8660000 -9.5711098
0.8670000 -17.4995728
0.8680000 20.2610798
0.8690000 21.4871883
0.8700000 27.8756886
0.8710000 5.8661370
0.8720000 -39.0078697
0.8730000 53.1740952
0.8740000 63.5750122
0.8750000 -13.2750883
0.8760000 -87.8812485
0.8770000 -21.9598942
0.8780000 -4.3660908
0.8790000 49.1464729
0.8800000 -51.5056305
0.8810000 -21.2619667
0.8820000 -30.4637794
0.8830000 1.5384665
0.8840000 55.9517517
0.8850000 31.8889160
0.8860000 -12.0044270
0.8870000 -27.0909176
0.8880000 5.7974982
0.8890000 -35.7993431
0.8900000 -42.0751076
0.8910000 36.4378929
0.8920000 15.8074322
0.8930000 -6.0054975
0.8940000 -56.2619171
0.8950000 -50.0550880
0.8960000 -10.1782627
0.8970000 -37.1815033
0.8980000 -59.6178131
0.8990000 44.7603722
0.9000000 -64.3641281
0.9010000 -9.8611279
0.9020000 -23.4311676
0.9030000 22.2354641
0.9040000 -3.6479919
0.9050000 12.3569260
0.9060000 -8.4839592
0.9070000 -10.0589142
0.9080000 43.1625900
0.9090000 -9.9434824
0.9100000 41.6381836
0.9110000 -19.7203407
0.9120000 -25.5254364
0.9130000 -53.2716637
0.9140000 10.3436394
0.9150000 -67.1883621
0.9160000 -39.2958794
0.9170000 45.7821503
0.9180000 21.8475628
0.9190000 -21.5083942
0.9200000 -16.0040245
0.9210000 6.2970214
0.9220000 -3.6203885
0.9230000 -59.0295563
0.9240000 9.2699432
0.9250000 25.1478176
0.9260000 -38.4644241
0.9270000 -52.1067657
0.9280000 40.9543457
0.9290000 -45.3961639
0.9300000 54.8431396
0.9310000 -61.8618546
0.9320000 -39.1313019
0.9330000 -18.5021687
0.9340000 23.5432014
0.9350000 -34.6575508
0.9360000 -10.8433409
0.9370000 -19.1597366
0.9380000 3.7720280
0.9390000 15.0963469
0.9400000 6.4611211
0.9410000 41.1991730
0.9420000 24.0118408
0.9430000 -16.4734402
0.9440000 -53.0743980
0.9450000 26.7995510
0.9460000 -54.2428246
0.9470000 51.9035683
0.9480000 13.0956364
0.9490000 58.0049591
0.9500000 1.0108805
0.9510000 -20.0682755
0.9520000 -26.6636925
0.9530000 -40.1291389
0.9540000 -11.3560095
0.9550000 42.5851746
0.9560000 34.4930038
0.9570000 -70.1179810
0.9580000 -3.6918197
0.9590000 -28.4185410
0.9600000 27.7758560
0.9610000 -16.6750526
0.9620000 16.7885799
0.9630000 38.8043938
0.9640000 44.6632690
0.9650000 -5.0186620
0.9660000 81.2812042
0.9670000 34.3629684
0.9680000 79.1213760
0.9690000 -109.3599930
0.9700000 15.2757940
0.9710000 9.3983088
0.9720000 31.6180668
0.9730000 89.6204071
0.9740000 100.8928070
0.9750000 -34.4374580
0.9760000 -80.9084702
0.9770000 56.6353188
0.9780000 -10.5128880
0.9790000 43.6354675
0.9800000 16.4779072
0.9810000 8.9367247
0.9820000 7.8556638
0.9830000 29.3103046
0.9840000 -62.4912300
0.9850000 32.8852272
0.9860000 -35.9072914
0.9870000 8.4666529
0.9880000 -30.4910812
0.9890000 -0.2355134
0.9900000 1.1090151
0.9910000 57.4354362
0.9920000 -62.3971024
0.9930000 27.0252151
0.9940000 20.9848804
0.9950000 -49.0895653
0.9960000 -20.3433399
0.9970000 -8.0318031
0.9980000 37.8069611
0.9990000 -5.9581513
