0.0000000 74.6153870
0.0010000 -18.8422871
0.0020000 -43.7190323
0.0030000 -29.9454708
0.0040000 19.0250721
0.0050000 -52.3510399
0.0060000 -37.6298714
0.0070000 -32.1148720
0.0080000 9.1301479
0.0090000 -29.0050716
0.0100000 -3.5690639
0.0110000 62.7141647
0.0120000 16.1183643
0.0130000 58.7445946
0.0140000 -0.2785463
0.0150000 -36.6780357
0.0160000 -15.7448225
0.0170000 -45.4336014
0.0180000 -3.1252837
0.0190000 9.1648903
0.0200000 19.7242794
0.0210000 -0.7982304
0.0220000 -52.2500420
0.0230000 -3.3386617
0.0240000 52.6780128
0.0250000 16.2079220
0.0260000 15.5657520
0.0270000 92.1480331
0.0280000 -18.7661457
0.0290000 -18.2727852
0.0300000 69.9150391
0.0310000 -39.8641319
0.0320000 43.0987625
0.0330000 -31.4172535
0.0340000 8.9468040
0.0350000 -13.1935949
0.0360000 15.4786711
0.0370000 15.8938227
0.0380000 3.1508949
0.0390000 35.4453049
0.0400000 18.3247490
0.0410000 -48.8624916
0.0420000 -51.5791779
0.0430000 39.5520515
0.0440000 21.4502850
0.0450000 -45.8369026
0.0460000 -6.7998934
0.0470000 32.6445999
0.0480000 -28.5594463
0.0490000 -11.7899275
0.0500000 -29.1664963
0.0510000 -8.2500362
0.0520000 -78.5078735
0.0530000 -28.6735497
0.0540000 30.1313400
0.0550000 42.4619751
0.0560000 16.4977627
0.0570000 40.6598282
0.0580000 45.2500000
0.0590000 -8.2645493
0.0600000 49.6578789
0.0610000 -19.7451458
0.0620000 4.6550875
0.0630000 -23.7413883
0.0640000 4.6795201
0.0650000 12.3532686
0.0660000 -14.5720339
0.0670000 -57.0086021
0.0680000 -31.9425201
0.0690000 38.8115273
0.0700000 11.3669720
0.0710000 -0.8976799
0.0720000 -31.4913120
0.0730000 50.8123550
0.0740000 56.9843025
0.0750000 42.9622040
0.0760000 47.4712982
0.0770000 24.6253586
0.0780000 21.6908379
0.0790000 -6.1272535
0.0800000 -7.0716267
0.0810000 -15.4479713
0.0820000 -52.4454041
0.0830000 -14.6936178
0.0840000 -6.4316378
0.0850000 3.8708706
0.0860000 -14.1318941
0.0870000 17.2657681
0.0880000 47.9455032
0.0890000 28.9984875
0.0900000 9.9199371
0.0910000 40.2584610
0.0920000 -65.9137573
0.0930000 23.4454803
0.0940000 -14.6369553
0.0950000 -19.3647766
0.0960000 -23.8539963
0.0970000 -16.9737682
0.0980000 22.8522835
0.0990000 -27.2996254
0.1000000 38.4025040
0.1010000 44.5883331
0.1020000 -24.3357468
0.1030000 -29.6813908
0.1040000 -48.5047379
0.1050000 4.9719605
0.1060000 41.6031380
0.1070000 -44.2676163
0.1080000 -28.8433590
0.1090000 -0.3103510
0.1100000 13.9678144
0.1110000 12.2969494
0.1120000 71.6931000
0.1130000 40.8629875
0.1140000 -74.3365860
0.1150000 26.7779236
0.1160000 -19.4586830
0.1170000 -20.3303509
0.1180000 3.2172666
0.1190000 41.1219139
0.1200000 16.4095745
0.1210000 -29.8965397
0.1220000 14.3206034
0.1230000 -70.9170914
0.1240000 -25.3843689
0.1250000 -11.1314678
0.1260000 -31.1633492
0.1270000 20.0723591
0.1280000 52.8920555
0.1290000 34.8229332
0.1300000 32.6083298
0.1310000 61.1760635
0.1320000 -51.9518356
0.1330000 2.0565448
0.1340000 14.1686363
0.1350000 -9.3061581
0.1360000 19.1517658
0.1370000 -14.5573587
0.1380000 -3.4295795
0.1390000 26.0288906
0.1400000 -10.3487787
0.1410000 2.4735324
0.1420000 -23.3316956
0.1430000 20.5485249
0.1440000 -48.2746315
0.1450000 -21.9736462
0.1460000 -15.6663446
0.1470000 89.2204361
0.1480000 26.5943317
0.1490000 -6.4452395
0.1500000 -68.0220947
0.1510000 5.9578710
0.1520000 -10.7886219
0.1530000 31.7258987
0.1540000 -30.8898315
0.1550000 2.7876821
0.1560000 -38.9848137
0.1570000 -59.2822151
0.1580000 16.0326347
0.1590000 2.0916040
0.1600000 8.9909811
0.1610000 -70.7911377
0.1620000 -21.3671341
0.1630000 -72.1385117
0.1640000 -44.9599838
0.1650000 -12.6625080
0.1660000 11.6432896
0.1670000 -4.4867272
0.1680000 28.4281158
0.1690000 -11.4654169
0.1700000 -2.5880358
0.1710000 25.0520802
0.1720000 -2.1885884
0.1730000 45.8370056
0.1740000 49.9820099
0.1750000 33.7854614
0.1760000 24.3990860
0.1770000 -6.9489026
0.1780000 -66.8814087
0.1790000 36.2057953
0.1800000 -35.0234833
0.1810000 -1.7985274
0.1820000 4.7893596
0.1830000 -2.9272056
0.1840000 -0.3094441
0.1850000 -0.0543249
0.1860000 -36.4232407
0.1870000 -107.4261322
0.1880000 40.9702072
0.1890000 47.6450844
0.1900000 27.6730824
0.1910000 39.0107613
0.1920000 17.7818279
0.1930000 -50.1684265
0.1940000 -8.8666687
0.1950000 34.2242584
0.1960000 13.0612268
0.1970000 -60.9730492
0.1980000 40.1547852
0.1990000 7.4577494
0.2000000 3.7753305
0.2010000 -61.7781372
0.2020000 20.8649502
0.2030000 -10.6453419
0.2040000 -33.3837891
0.2050000 24.4032288
0.2060000 2.0555177
0.2070000 47.9424248
0.2080000 33.8588028
0.2090000 -4.3781500
0.2100000 -30.0797882
0.2110000 -8.0110388
0.2120000 -8.5441914
0.2130000 -11.7018137
0.2140000 44.2429695
0.2150000 23.4337635
0.2160000 -6.1540570
0.2170000 69.7703857
0.2180000 19.0585690
0.2190000 49.8817863
0.2200000 46.3251076
0.2210000 -24.9397945
0.2220000 25.9175987
0.2230000 21.6200371
0.2240000 -13.3568916
0.2250000 52.2840042
0.2260000 40.9893494
0.2270000 11.9922924
0.2280000 -9.4443064
0.2290000 12.1557121
0.2300000 -80.0667038
0.2310000 -7.9569612
0.2320000 -32.3607140
0.2330000 8.5254946
0.2340000 3.8803225
0.2350000 29.7656879
0.2360000 -17.4128208
0.2370000 -15.5976763
0.2380000 70.0076065
0.2390000 -52.0794754
0.2400000 9.5701847
0.2410000 -19.3093433
0.2420000 9.6713400
0.2430000 -11.3072672
0.2440000 25.5937824
0.2450000 -35.3395920
0.2460000 35.6837502
0.2470000 10.7002373
0.2480000 -93.9541855
0.2490000 22.7625713
0.2500000 23.9167271
0.2510000 21.8156319
0.2520000 -60.4388542
0.2530000 46.7040863
0.2540000 15.5057573
0.2550000 -26.1144047
0.2560000 131.8422699
0.2570000 -18.0563869
0.2580000 -25.6251163
0.2590000 5.7134285
0.2600000 55.8286705
0.2610000 58.7890549
0.2620000 -6.7494626
0.2630000 79.4136734
0.2640000 34.7394676
0.2650000 -49.2192688
0.2660000 34.5263443
0.2670000 -12.4002790
0.2680000 2.9234118
0.2690000 30.8734093
0.2700000 -17.0384579
0.2710000 52.3802528
0.2720000 39.3852768
0.2730000 41.3400078
0.2740000 5.8675785
0.2750000 8.5388241
0.2760000 31.9363155
0.2770000 -29.4605122
0.2780000 14.3178368
0.2790000 -63.6039581
0.2800000 24.1038570
0.2810000 35.8972282
0.2820000 -69.2839203
0.2830000 -40.5536575
0.2840000 21.0848694
0.2850000 5.4017296
0.2860000 -41.4387436
0.2870000 76.3274994
0.2880000 -56.3599892
0.2890000 -17.7645817
0.2900000 -27.6238594
0.2910000 -8.5338717
0.2920000 -5.8018751
0.2930000 -8.7824793
0.2940000 -44.2508087
0.2950000 35.7983360
0.2960000 -20.3324890
0.2970000 12.6155109
0.2980000 -18.0953388
0.2990000 -6.1880794
0.3000000 -39.9798775
0.3010000 3.2151222
0.3020000 12.1663895
0.3030000 53.7102394
0.3040000 -41.7212105
0.3050000 -4.9461989
0.3060000 27.7780819
0.3070000 -19.5197468
0.3080000 51.3581085
0.3090000 -8.3007584
0.3100000 -10.7468834
0.3110000 -23.9569893
0.3120000 8.2576313
0.3130000 -5.4151697
0.3140000 -67.9461746
0.3150000 44.7253532
0.3160000 4.8440046
0.3170000 -42.1741829
0.3180000 -23.9845428
0.3190000 -12.4363556
0.3200000 -31.4122257
0.3210000 -5.5737743
0.3220000 -21.3106689
0.3230000 -14.4214535
0.3240000 -78.0632553
0.3250000 -31.7488937
0.3260000 -41.4395866
0.3270000 -41.8341255
0.3280000 2.4892061
0.3290000 24.1883030
0.3300000 34.6817398
0.3310000 -12.1026983
0.3320000 28.2965660
0.3330000 20.2296104
0.3340000 19.3887615
0.3350000 39.0586777
0.3360000 57.5805359
0.3370000 62.9222908
0.3380000 43.3171616
0.3390000 26.3677921
0.3400000 -5.4001560
0.3410000 19.8578053
0.3420000 24.3217373
0.3430000 -21.7067757
0.3440000 30.3693085
0.3450000 60.8044548
0.3460000 -3.0055380
0.3470000 10.3959370
0.3480000 17.1576023
0.3490000 -11.1685286
0.3500000 -7.0585918
0.3510000 -9.4440174
0.3520000 39.7221756
0.3530000 1.4450836
0.3540000 -16.4297256
0.3550000 -93.2593994
0.3560000 39.6222916
0.3570000 -75.3140945
0.3580000 -13.5476332
0.3590000 -78.5186920
0.3600000 14.2279339
0.3610000 -12.2795000
0.3620000 -6.6937923
0.3630000 71.6682968
0.3640000 1.1239275
0.3650000 14.0018873
0.3660000 12.9855919
0.3670000 10.9456196
0.3680000 11.2526522
0.3690000 7.1510682
0.3700000 14.6714392
0.3710000 -3.3494222
0.3720000 7.9897985
0.3730000 17.7157555
0.3740000 -6.4567423
0.3750000 -29.7424603
0.3760000 -50.2222862
0.3770000 24.2610264
0.3780000 51.5407677
0.3790000 60.7510567
0.3800000 9.8672743
0.3810000 -44.3846092
0.3820000 -23.8462353
0.3830000 -3.0305834
0.3840000 39.5043526
0.3850000 43.0311470
0.3860000 13.2607975
0.3870000 44.1491241
0.3880000 25.5582008
0.3890000 37.1353302
0.3900000 42.2876358
0.3910000 7.6898637
0.3920000 30.2727356
0.3930000 14.4530725
0.3940000 -17.8384438
0.3950000 17.6367455
0.3960000 26.3130035
0.3970000 -16.7573643
0.3980000 -95.0691223
0.3990000 26.4887676
0.4000000 -0.6411843
0.4010000 22.2772961
0.4020000 -54.0253410
0.4030000 -30.5446930
0.4040000 -6.8806739
0.4050000 46.8883438
0.4060000 -17.6403084
0.4070000 -73.9647369
0.4080000 -53.7547722
0.4090000 30.6370373
0.4100000 -11.4422512
0.4110000 61.1620750
0.4120000 38.7592430
0.4130000 24.3452682
0.4140000 -11.7980623
0.4150000 -29.3660717
0.4160000 66.5297241
0.4170000 -7.3314743
0.4180000 -45.9887199
0.4190000 10.0697289
0.4200000 -29.9950619
0.4210000 41.1299591
0.4220000 -9.4939318
0.4230000 5.8140092
0.4240000 -21.8409271
0.4250000 -53.5177116
0.4260000 -30.1115189
0.4270000 -24.1916237
0.4280000 49.2688637
0.4290000 -78.7681198
0.4300000 -61.1803703
0.4310000 -47.2508240
0.4320000 -15.7136230
0.4330000 30.8332539
0.4340000 39.9990768
0.4350000 60.4412041
0.4360000 49.8778610
0.4370000 25.6081505
0.4380000 -17.2708893
0.4390000 65.0950089
0.4400000 9.9198313
0.4410000 10.1173391
0.4420000 8.1163788
0.4430000 -48.2341232
0.4440000 49.1819458
0.4450000 18.3995132
0.4460000 -88.8041382
0.4470000 8.3591700
0.4480000 -41.7460594
0.4490000 6.2062554
0.4500000 -31.3299789
0.4510000 -26.6349545
0.4520000 109.8542328
0.4530000 46.2683487
0.4540000 -13.9681673
0.4550000 62.7124405
0.4560000 -28.6432190
0.4570000 35.2799644
0.4580000 56.6577721
0.4590000 3.6805494
0.4600000 -35.7893448
0.4610000 -41.5808868
0.4620000 37.6345940
0.4630000 20.9149036
0.4640000 17.2007732
0.4650000 -23.3513756
0.4660000 -12.2385845
0.4670000 -9.4464417
0.4680000 -0.2089602
0.4690000 -47.2222557
0.4700000 18.0932522
0.4710000 -20.9295559
0.4720000 -2.1585801
0.4730000 55.9677963
0.4740000 1.8037336
0.4750000 33.8768311
0.4760000 9.7104588
0.4770000 11.2098742
0.4780000 36.0206337
0.4790000 -54.5705605
0.4800000 42.3420944
0.4810000 52.2650375
0.4820000 -8.2246485
0.4830000 63.2877693
0.4840000 -42.3810539
0.4850000 2.1737778
0.4860000 9.3827391
0.4870000 2.7070258
0.4880000 -14.3349257
0.4890000 41.4583473
0.4900000 3.7260747
0.4910000 -13.7692614
0.4920000 21.7492924
0.4930000 70.7609024
0.4940000 55.3470421
0.4950000 44.0378036
0.4960000 27.3798428
0.4970000 5.2145104
0.4980000 41.3164444
0.4990000 40.9816246
0.5000000 9.6315031
0.5010000 5.9276013
0.5020000 -3.6985939
0.5030000 30.7871265
0.5040000 -0.3298098
0.5050000 -4.9391413
0.5060000 1.5426244
0.5070000 -10.9369030
0.5080000 -21.9921722
0.5090000 -30.2846413
0.5100000 72.1774597
0.5110000 50.7256355
0.5120000 -13.3327332
0.5130000 4.1201544
0.5140000 -23.5185776
0.5150000 -3.5214374
0.5160000 12.7194281
0.5170000 -25.3009262
0.5180000 45.8899422
0.5190000 0.8041753
0.5200000 28.2815857
0.5210000 39.4011459
0.5220000 24.8341579
0.5230000 -46.3118401
0.5240000 -10.9350882
0.5250000 -22.8659954
0.5260000 -34.3388939
0.5270000 46.8318901
0.5280000 4.4387884
0.5290000 -23.1670322
0.5300000 10.4496183
0.5310000 -9.0417280
0.5320000 -13.0073175
0.5330000 15.5911131
0.5340000 -18.4150829
0.5350000 -23.6482735
0.5360000 -7.9886465
0.5370000 25.7988243
0.5380000 -0.7662634
0.5390000 32.6672134
0.5400000 -0.7907465
0.5410000 -37.1852531
0.5420000 -37.3108177
0.5430000 -12.8987761
0.5440000 -13.3803034
0.5450000 21.7193375
0.5460000 -18.8407001
0.5470000 38.2735291
0.5480000 -16.0888119
0.5490000 -5.9842291
0.5500000 -35.8353424
0.5510000 35.9573860
0.5520000 39.9442749
0.5530000 40.4080658
0.5540000 28.7762165
0.5550000 -23.5995045
0.5560000 17.3254452
0.5570000 -15.5388536
0.5580000 36.9392281
0.5590000 23.5571957
0.5600000 -26.7492256
0.5610000 -69.0046234
0.5620000 45.9358063
0.5630000 -40.5551376
0.5640000 -51.3013878
0.5650000 -42.9114418
0.5660000 61.7754784
0.5670000 53.3950005
0.5680000 16.0812721
0.5690000 0.7308055
0.5700000 -5.0787888
0.5710000 52.0641022
0.5720000 3.9885998
0.5730000 62.7348366
0.5740000 -14.1804895
0.5750000 20.7815456
0.5760000 54.2995110
0.5770000 -46.0142860
0.5780000 -48.9984818
0.5790000 14.2392521
0.5800000 3.6453865
0.5810000 -1.5849818
0.5820000 3.0758846
0.5830000 -5.0821338
0.5840000 69.7382736
0.5850000 -1.1640828
0.5860000 35.9117813
0.5870000 -43.3983383
0.5880000 -37.1587906
0.5890000 10.3687086
0.5900000 5.9974265
0.5910000 -72.2038040
0.5920000 11.4555120
0.5930000 -36.0506973
0.5940000 80.4462814
0.5950000 -16.0818596
0.5960000 37.6263733
0.5970000 16.3337879
0.5980000 -46.6511230
0.5990000 22.0557594
0.6000000 35.5732384
0.6010000 88.2816849
0.6020000 -15.0765209
0.6030000 17.1563663
0.6040000 -35.7957001
0.6050000 -12.4204264
0.6060000 67.5073395
0.6070000 -11.1949921
0.6080000 -54.8031845
0.6090000 11.0339890
0.6100000 -17.4210453
0.6110000 -37.0669250
0.6120000 27.9838772
0.6130000 -17.0482445
0.6140000 13.6949158
0.6150000 -27.9266987
0.6160000 52.8921471
0.6170000 1.2443247
0.6180000 -19.8401833
0.6190000 -14.2124014
0.6200000 29.2489624
0.6210000 2.0306900
0.6220000 28.6100712
0.6230000 -43.4370079
0.6240000 62.1792831
0.6250000 -28.1562462
0.6260000 -31.1768856
0.6270000 -30.6962795
0.6280000 41.8513184
0.6290000 -11.1578541
0.6300000 34.0091553
0.6310000 -45.8676910
0.6320000 41.2252274
0.6330000 -4.3254752
0.6340000 10.4531612
0.6350000 9.6771994
0.6360000 60.1705666
0.6370000 21.5688019
0.6380000 18.8065624
0.6390000 46.2420349
0.6400000 -37.2581177
0.6410000 44.3896599
0.6420000 16.5427303
0.6430000 -33.9870300
0.6440000 -8.1968031
0.6450000 -69.9415512
0.6460000 9.4491405
0.6470000 33.3279533
0.6480000 25.4064903
0.6490000 37.0534935
0.6500000 15.7703886
0.6510000 -34.2719383
0.6520000 70.8815308
0.6530000 -23.2394180
0.6540000 -23.7835255
0.6550000 17.7535915
0.6560000 -41.7210426
0.6570000 -0.2879510
0.6580000 -6.9545832
0.6590000 -8.1087599
0.6600000 -23.0266876
0.6610000 -6.5066633
0.6620000 47.5610085
0.6630000 -12.8926992
0.6640000 -0.3916268
0.6650000 12.6207104
0.6660000 -31.2797203
0.6670000 50.3447609
0.6680000 -6.8066902
0.6690000 -17.3011589
0.6700000 -28.6251945
0.6710000 6.5587611
0.6720000 -6.5790210
0.6730000 -22.9292641
0.6740000 2.5058093
0.6750000 -1.7258921
0.6760000 21.1284733
0.6770000 14.9848394
0.6780000 7.7086992
0.6790000 -24.2053814
0.6800000 -1.6980478
0.6810000 -44.5830154
0.6820000 65.5313721
0.6830000 28.9487782
0.6840000 -54.5301628
0.6850000 24.8430748
0.6860000 -8.8038139
0.6870000 5.8963904
0.6880000 -71.9788055
0.6890000 -44.0928726
0.6900000 47.8027916
0.6910000 27.2710018
0.6920000 42.4248734
0.6930000 9.1071196
0.6940000 -3.0965517
0.6950000 -14.6480331
0.6960000 19.5485325
0.6970000 36.0517540
0.6980000 -68.8389053
0.6990000 -15.5265474
0.7000000 26.6745110
0.7010000 28.5141068
0.7020000 25.5118713
0.7030000 56.2197800
0.7040000 -30.5404301
0.7050000 -4.9819493
0.7060000 5.2847066
0.7070000 43.4782219
0.7080000 14.4673615
0.7090000 12.3469210
0.7100000 -31.0114651
0.7110000 -21.2930660
0.7120000 22.8740940
0.7130000 67.0806961
0.7140000 31.0389481
0.7150000 -4.5925174
0.7160000 -47.3493195
0.7170000 -42.2564659
0.7180000 14.1585588
0.7190000 -34.7033081
0.7200000 1.9927561
0.7210000 30.0251274
0.7220000 7.8452635
0.7230000 7.0102868
0.7240000 2.8841093
0.7250000 15.7610989
0.7260000 -50.3437843
0.7270000 21.8672485
0.7280000 -48.4639206
0.7290000 24.8630409
0.7300000 46.2212410
0.7310000 57.6338310
0.7320000 69.0902710
0.7330000 -8.8371849
0.7340000 2.2417300
0.7350000 19.4922256
0.7360000 -22.4155407
0.7370000 -30.8412914
0.7380000 -56.9509544
0.7390000 -1.0880051
0.7400000 36.8500023
0.7410000 14.5694904
0.7420000 -57.6385803
0.7430000 -8.5015554
0.7440000 48.2335815
0.7450000 55.6514015
0.7460000 -48.2388763
0.7470000 -44.9629326
0.7480000 -38.7428627
0.7490000 -15.4905615
0.7500000 51.7973862
0.7510000 -14.4481401
0.7520000 9.5477629
0.7530000 20.2837772
0.7540000 -4.7024684
0.7550000 43.5097389
0.7560000 -2.2231519
0.7570000 61.7985573
0.7580000 -14.0315561
0.7590000 2.6087210
0.7600000 -66.5101089
0.7610000 -23.4766769
0.7620000 -4.1624432
0.7630000 8.9943342
0.7640000 34.3044968
0.7650000 -28.4604111
0.7660000 50.5733795
0.7670000 -4.4881864
0.7680000 37.4214668
0.7690000 -19.9150009
0.7700000 17.4314537
0.7710000 -1.4962195
0.7720000 -29.4923382
0.7730000 -27.6854744
0.7740000 -5.4871616
0.7750000 13.2570734
0.7760000 -1.7257868
0.7770000 6.9381957
0.7780000 -35.4236679
0.7790000 -42.3593826
0.7800000 26.0079994
0.7810000 24.7175846
0.7820000 -67.1353531
0.7830000 -22.0929337
0.7840000 26.2261105
0.7850000 -28.6210804
0.7860000 -3.1315899
0.7870000 16.8599720
0.7880000 14.5018778
0.7890000 100.3226929
0.7900000 43.9987946
0.7910000 62.0157089
0.7920000 -2.8522773
0.7930000 30.5720406
0.7940000 41.5425682
0.7950000 3.4526300
0.7960000 -27.1964588
0.7970000 -54.3891983
0.7980000 85.0419312
0.7990000 -9.3959351
0.8000000 14.7597704
0.8010000 47.4268456
0.8020000 -52.5531044
0.8030000 -13.5183258
0.8040000 -12.5847559
0.8050000 -23.6923103
0.8060000 -3.3293371
0.8070000 -32.3250923
0.8080000 31.7826462
0.8090000 14.8788319
0.8100000 -63.8811646
0.8110000 96.6436005
0.8120000 16.1305046
0.8130000 -41.1582375
0.8140000 -17.2747688
0.8150000 19.3576946
0.8160000 2.7761765
0.8170000 21.4220963
0.8180000 -38.4677086
0.8190000 -29.2973118
0.8200000 -46.7953339
0.8210000 -9.8356638
0.8220000 33.0799294
0.8230000 -39.3454361
0.8240000 34.6612129
0.8250000 43.5095596
0.8260000 -6.4385524
0.8270000 48.0951385
0.8280000 7.3945785
0.8290000 19.9990368
0.8300000 -17.3855572
0.8310000 -69.1223831
0.8320000 32.1786461
0.8330000 -54.0792847
0.8340000 -6.6873364
0.8350000 -38.7740021
0.8360000 51.7279739
0.8370000 21.7954960
0.8380000 62.0962944
0.8390000 -36.6214256
0.8400000 27.1884575
0.8410000 -100.9825668
0.8420000 26.2247562
0.8430000 44.3603363
0.8440000 -66.7506561
0.8450000 -35.4142456
0.8460000 -37.7110672
0.8470000 2.7588148
0.8480000 -24.2298870
0.8490000 -48.4644814
0.8500000 32.1206474
0.8510000 57.9282646
0.8520000 -40.4712067
0.8530000 -19.5651379
0.8540000 -24.8046818
0.8550000 4.8442969
0.8560000 32.5049095
0.8570000 11.6276484
0.8580000 22.9390106
0.8590000 -50.1882858
0.8600000 -47.2841110
0.8610000 29.9107742
0.8620000 -8.0289993
0.8630000 41.8358040
0.8640000 29.7690887
0.8650000 -11.0316677
0.8660000 -38.4918251
0.8670000 -4.2625427
0.8680000 -64.1426620
0.8690000 6.2858620
0.8700000 -0.6232966
0.8710000 69.3211746
0.8720000 20.2106800
0.8730000 -10.8299742
0.8740000 -80.0090790
0.8750000 36.3234024
0.8760000 -18.8588753
0.8770000 73.4338455
0.8780000 -39.9584846
0.8790000 -5.1661000
0.8800000 -12.3945007
0.8810000 17.5371227
0.8820000 10.5740662
0.8830000 -38.2664719
0.8840000 -2.5827491
0.8850000 21.6041355
0.8860000 -42.0412254
0.8870000 -8.9910412
0.8880000 -4.4726090
0.8890000 -34.0538788
0.8900000 -7.2658868
0.8910000 18.5118294
0.8920000 -3.0281084
0.8930000 3.4814780
0.8940000 -32.2007980
0.8950000 -25.7305050
0.8960000 0.0376397
0.8970000 16.9790192
0.8980000 63.1875114
0.8990000 -29.1321144
0.9000000 -34.5827713
0.9010000 -68.5584030
0.9020000 7.7293034
0.9030000 -7.0482388
0.9040000 -7.2959075
0.9050000 -4.2968459
0.9060000 30.8042641
0.9070000 18.7482681
0.9080000 -66.9831543
0.9090000 30.9551392
0.9100000 9.9689045
0.9110000 -11.7777786
0.9120000 11.3992491
0.9130000 42.8366776
0.9140000 52.5757637
0.9150000 38.4244232
0.9160000 0.9776494
0.9170000 -3.8438911
0.9180000 -3.6338186
0.9190000 11.9162960
0.9200000 35.1644287
0.9210000 -55.8424072
0.9220000 22.7220707
0.9230000 -42.6412849
0.9240000 21.0450935
0.9250000 35.2149582
0.9260000 -43.2585106
0.9270000 24.5402527
0.9280000 -46.1888618
0.9290000 4.7801332
0.9300000 -48.9420395
0.9310000 0.6793899
0.9320000 -22.3532715
0.9330000 23.0484409
0.9340000 -0.0051351
0.9350000 -12.8587704
0.9360000 62.6796341
0.9370000 28.8485451
0.9380000 -4.6362839
0.9390000 84.1823044
0.9400000 -4.9595461
0.9410000 -3.2071700
0.9420000 16.6634846
0.9430000 -10.8208427
0.9440000 -84.9543152
0.9450000 14.3791552
0.9460000 -1.0929481
0.9470000 -7.2745829
0.9480000 -26.5794296
0.9490000 -40.9921532
0.9500000 35.2580605
0.9510000 -2.2986965
0.9520000 44.2074089
0.9530000 -12.9049940
0.9540000 -10.9428701
0.9550000 -85.1761856
0.9560000 29.9134407
0.9570000 3.7892265
0.9580000 -30.0020580
0.9590000 49.6994743
0.9600000 49.4459190
0.9610000 -16.9703045
0.9620000 -35.7618523
0.9630000 -53.2497253
0.9640000 -22.5192795
0.9650000 -60.1059799
0.9660000 -28.5431213
0.9670000 30.9253139
0.9680000 -0.8250389
0.9690000 -49.3577614
0.9700000 -6.9352312
0.9710000 22.2849789
0.9720000 70.0186920
0.9730000 -14.9038916
0.9740000 48.7878990
0.9750000 9.0684166
0.9760000 6.1241183
0.9770000 36.4806252
0.9780000 61.3061028
0.9790000 -33.8448944
0.9800000 -21.1472855
0.9810000 -4.9083557
0.9820000 12.8286018
0.9830000 -27.3790989
0.9840000 -54.3330231
0.9850000 -8.5556211
0.9860000 35.2889557
0.9870000 15.3041515
0.9880000 -28.9711666
0.9890000 35.7121811
0.9900000 41.0358696
0.9910000 -32.8157120
0.9920000 -44.0006256
0.9930000 -47.6326523
0.9940000 -9.7458878
0.9950000 -10.2787743
0.9960000 -15.8185472
0.9970000 2.1400390
0.9980000 53.9365578
0.9990000 52.2412758
