0.0000000 -9.0363264
0.0010000 12.0959501
0.0020000 53.1837654
0.0030000 -3.8590074
0.0040000 -61.4376450
0.0050000 22.8736706
0.0060000 -15.4153271
0.0070000 49.8975945
0.0080000 -74.6784668
0.0090000 -1.4308280
0.0100000 4.8339496
0.0110000 7.9624338
0.0120000 9.7337837
0.0130000 -5.3452353
0.0140000 19.0697269
0.0150000 23.6108208
0.0160000 15.6355476
0.0170000 -3.3637285
0.0180000 -7.1789517
0.0190000 20.0073357
0.0200000 -3.7819486
0.0210000 -34.8425903
0.0220000 77.0732574
0.0230000 -33.3970909
0.0240000 -20.5153179
0.0250000 33.8058815
0.0260000 43.3137703
0.0270000 -18.6840343
0.0280000 -4.7540483
0.0290000 -19.3241444
0.0300000 -15.6554871
0.0310000 0.4586169
0.0320000 47.8696899
0.0330000 21.1245365
0.0340000 -50.0900993
0.0350000 33.6506004
0.0360000 10.3328943
0.0370000 19.0804119
0.0380000 26.3106194
0.0390000 15.8973055
0.0400000 29.4591923
0.0410000 12.6279755
0.0420000 7.2423334
0.0430000 -5.4906297
0.0440000 -3.7981560
0.0450000 16.5178986
0.0460000 7.1922503
0.0470000 15.2437897
0.0480000 -15.7513151
0.0490000 -48.7394180
0.0500000 -30.5299759
0.0510000 -39.6375084
0.0520000 9.4999037
0.0530000 -51.8344612
0.0540000 -19.4313335
0.0550000 -34.3274422
0.0560000 10.2584505
0.0570000 -68.6407242
0.0580000 -19.0976467
0.0590000 9.5971527
0.0600000 -26.8337688
0.0610000 -20.1372356
0.0620000 14.3659744
0.0630000 52.3375397
0.0640000 -1.7076526
0.0650000 -29.9252491
0.0660000 26.1674900
0.0670000 -62.8504066
0.0680000 -25.1741390
0.0690000 -25.1998482
0.0700000 -24.2141247
0.0710000 36.4441719
0.0720000 -1.4700842
0.0730000 -30.0951252
0.0740000 -14.1441517
0.0750000 -15.7279844
0.0760000 -26.2315769
0.0770000 -5.6227708
0.0780000 -2.0569980
0.0790000 53.9380646
0.0800000 -8.8160982
0.0810000 6.9197307
0.0820000 15.6705723
0.0830000 8.1447124
0.0840000 8.8362007
0.0850000 -1.6734798
0.0860000 -32.9512291
0.0870000 35.3047943
0.0880000 -8.9664478
0.0890000 34.4420509
0.0900000 6.9686213
0.0910000 -35.3288307
0.0920000 39.7821007
0.0930000 -51.4105377
0.0940000 -67.3046494
0.0950000 -46.5019035
0.0960000 -6.8574028
0.0970000 -21.5860405
0.0980000 1.6803309
0.0990000 -40.6456871
0.1000000 -10.1550779
0.1010000 -63.8096199
0.1020000 1.3579545
0.1030000 -23.2566509
0.1040000 -80.3371735
0.1050000 -11.2174959
0.1060000 -11.4416790
0.1070000 -52.4082718
0.1080000 40.7840271
0.1090000 23.9889812
0.1100000 34.9080811
0.1110000 23.2290764
0.1120000 15.7553921
0.1130000 25.7079258
0.1140000 62.7514267
0.1150000 -69.0242615
0.1160000 -2.7655180
0.1170000 38.9859276
0.1180000 2.6888783
0.1190000 43.3277931
0.1200000 3.8230872
0.1210000 -7.0726342
0.1220000 -24.2081413
0.1230000 10.6225662
0.1240000 -16.6380138
0.1250000 -49.3709755
0.1260000 -8.9145641
0.1270000 -11.2059116
0.1280000 27.7961826
0.1290000 0.2554064
0.1300000 8.8166151
0.1310000 20.4687214
0.1320000 -22.3540916
0.1330000 65.7060318
0.1340000 -8.0310812
0.1350000 -52.7283058
0.1360000 38.2259445
0.1370000 5.5651779
0.1380000 11.7448139
0.1390000 16.8353062
0.1400000 21.9013290
0.1410000 -7.3872447
0.1420000 14.1991520
0.1430000 1.9738181
0.1440000 59.3050346
0.1450000 -20.4792538
0.1460000 -38.4341202
0.1470000 -55.8157387
0.1480000 -6.5321789
0.1490000 -48.7016106
0.1500000 -54.1167412
0.1510000 20.9250164
0.1520000 6.4102082
0.1530000 -41.6801453
0.1540000 10.0289059
0.1550000 -47.8169670
0.1560000 58.6145554
0.1570000 42.8930435
0.1580000 -45.4623604
0.1590000 -18.6753139
0.1600000 -42.8557892
0.1610000 49.4699402
0.1620000 -62.8583565
0.1630000 18.7223854
0.1640000 66.7366104
0.1650000 -16.8896561
0.1660000 44.8575974
0.1670000 33.5056534
0.1680000 9.7022686
0.1690000 -0.8610839
0.1700000 7.0087571
0.1710000 -22.4720306
0.1720000 2.9641216
0.1730000 -85.8389511
0.1740000 -48.0984001
0.1750000 42.5602837
0.1760000 -38.9928703
0.1770000 -16.4060726
0.1780000 -5.5852442
0.1790000 -23.9457912
0.1800000 -42.7983818
0.1810000 -43.6733208
0.1820000 14.2644205
0.1830000 27.2501030
0.1840000 -12.9261770
0.1850000 10.2608604
0.1860000 13.6056652
0.1870000 -17.5763836
0.1880000 -10.8654613
0.1890000 40.5454826
0.1900000 39.9061470
0.1910000 9.1151705
0.1920000 -77.0338211
0.1930000 22.9889145
0.1940000 -20.3320045
0.1950000 34.8844528
0.1960000 15.1010180
0.1970000 47.6622810
0.1980000 -75.3775024
0.1990000 7.9107924
0.2000000 50.8620491
0.2010000 -7.1612091
0.2020000 -33.0223808
0.2030000 -36.4155579
0.2040000 -10.7322721
0.2050000 -16.1421165
0.2060000 -0.1043917
0.2070000 32.0352249
0.2080000 19.4763775
0.2090000 27.3911171
0.2100000 -58.0773697
0.2110000 24.3269882
0.2120000 42.7706184
0.2130000 10.6395168
0.2140000 -31.5293007
0.2150000 52.3651314
0.2160000 5.9973965
0.2170000 -32.8315468
0.2180000 78.2399902
0.2190000 -23.5011158
0.2200000 -36.7883339
0.2210000 22.7399006
0.2220000 -56.7933502
0.2230000 22.0465240
0.2240000 -36.0186920
0.2250000 -30.6654224
0.2260000 31.5094261
0.2270000 -46.7660522
0.2280000 -21.7804775
0.2290000 -27.1132717
0.2300000 63.5401573
0.2310000 44.1892242
0.2320000 -60.4627151
0.2330000 36.3488541
0.2340000 64.9781342
0.2350000 38.6985817
0.2360000 -17.9014034
0.2370000 -33.0166626
0.2380000 12.0433092
0.2390000 3.4003601
0.2400000 -48.7237778
0.2410000 1.0325561
0.2420000 -11.4414177
0.2430000 -65.6345444
0.2440000 72.2141342
0.2450000 -21.8299484
0.2460000 -10.3330250
0.2470000 39.7814407
0.2480000 -29.9551907
0.2490000 17.1113911
0.2500000 -4.5130458
0.2510000 2.6019549
0.2520000 -32.2381744
0.2530000 31.5449543
0.2540000 -0.8186744
0.2550000 46.1079521
0.2560000 -0.7049916
0.2570000 6.5490670
0.2580000 -56.6837234
0.2590000 2.6292839
0.2600000 62.0872498
0.2610000 -30.1127205
0.2620000 -8.6241522
0.2630000 -64.4397507
0.2640000 9.4083147
0.2650000 16.3128605
0.2660000 -9.5662546
0.2670000 33.1192093
0.2680000 5.7230706
0.2690000 28.1061554
0.2700000 -34.1359406
0.2710000 29.3364258
0.2720000 -16.2747936
0.2730000 26.7847672
0.2740000 -35.6666527
0.2750000 8.8644590
0.2760000 -96.9550171
0.2770000 11.7780180
0.2780000 -70.3546448
0.2790000 35.8618050
0.2800000 0.8509063
0.2810000 -1.7371808
0.2820000 28.6835155
0.2830000 -31.5754108
0.2840000 -6.6393161
0.2850000 6.3314524
0.2860000 -37.9017105
0.2870000 28.3972359
0.2880000 -69.5971985
0.2890000 65.3464966
0.2900000 -20.9157963
0.2910000 -39.9819794
0.2920000 -18.2272034
0.2930000 -38.5431442
0.2940000 35.1142883
0.2950000 17.5840912
0.2960000 -25.7091637
0.2970000 -7.4472594
0.2980000 49.0800819
0.2990000 -7.9567823
0.3000000 33.2334557
0.3010000 -55.4389381
0.3020000 21.0308342
0.3030000 -14.7065792
0.3040000 -8.1535473
0.3050000 -8.9448929
0.3060000 27.2201576
0.3070000 -16.2907429
0.3080000 -36.2511978
0.3090000 18.1888008
0.3100000 3.6933429
0.3110000 -82.6011276
0.3120000 -38.2023735
0.3130000 -33.8414307
0.3140000 0.1434961
0.3150000 -15.0370512
0.3160000 8.6319695
0.3170000 -11.8829527
0.3180000 18.8830967
0.3190000 11.9174252
0.3200000 34.8082466
0.3210000 3.7384582
0.3220000 38.0939713
0.3230000 -5.0549698
0.3240000 -44.3809242
0.3250000 -7.0901499
0.3260000 5.8288574
0.3270000 17.9528122
0.3280000 39.9761925
0.3290000 31.9473457
0.3300000 -50.0681267
0.3310000 -8.8842535
0.3320000 -8.4312534
0.3330000 13.7266541
0.3340000 -12.1705122
0.3350000 7.3331280
0.3360000 -3.9159617
0.3370000 51.2766685
0.3380000 43.9179955
0.3390000 35.2817154
0.3400000 -23.8400440
0.3410000 26.0351601
0.3420000 -24.2265892
0.3430000 -13.6446362
0.3440000 -2.4894331
0.3450000 11.9363499
0.3460000 -16.3205738
0.3470000 18.4175262
0.3480000 17.8962879
0.3490000 8.8486719
0.3500000 -52.0932121
0.3510000 -29.1629410
0.3520000 -48.9212646
0.3530000 -56.5403061
0.3540000 17.2285519
0.3550000 45.7768631
0.3560000 23.3087254
0.3570000 46.0002136
0.3580000 -30.6057434
0.3590000 5.1492047
0.3600000 -31.8718185
0.3610000 -11.4009295
0.3620000 4.7235584
0.3630000 -17.8511314
0.3640000 -27.6170959
0.3650000 38.4790039
0.3660000 -84.7197342
0.3670000 -19.4415340
0.3680000 41.3727684
0.3690000 -7.7938814
0.3700000 -34.0294724
0.3710000 -3.1862075
0.3720000 75.9498901
0.3730000 11.0024643
0.3740000 -32.7853050
0.3750000 44.6085129
0.3760000 -25.1450710
0.3770000 -11.6177912
0.3780000 34.0531502
0.3790000 11.5443459
0.3800000 -91.1286163
0.3810000 5.2210598
0.3820000 -33.9927940
0.3830000 82.5341644
0.3840000 -46.6127396
0.3850000 57.1505623
0.3860000 12.3074083
0.3870000 20.9652328
0.3880000 65.1949081
0.3890000 53.0588875
0.3900000 7.3307295
0.3910000 -1.8223063
0.3920000 13.7882795
0.3930000 -27.7257729
0.3940000 -25.6613712
0.3950000 -8.0497026
0.3960000 -62.5443878
0.3970000 -16.8699532
0.3980000 58.2230301
0.3990000 -2.7307730
0.4000000 44.9579315
0.4010000 -22.2481880
0.4020000 20.2650948
0.4030000 28.8302917
0.4040000 36.2970161
0.4050000 -30.7253666
0.4060000 45.1678543
0.4070000 51.1973953
0.4080000 -5.4795189
0.4090000 -35.4081535
0.4100000 54.6868286
0.4110000 -45.6951675
0.4120000 11.3923454
0.4130000 45.1016846
0.4140000 -14.1312017
0.4150000 -44.2750740
0.4160000 44.3312607
0.4170000 -35.1608925
0.4180000 44.1185493
0.4190000 82.8217010
0.4200000 15.0954714
0.4210000 -22.0682907
0.4220000 29.0935001
0.4230000 32.6623306
0.4240000 -21.7152462
0.4250000 -50.0928574
0.4260000 4.6659946
0.4270000 32.8617592
0.4280000 58.1106415
0.4290000 -16.2939949
0.4300000 15.4496746
0.4310000 35.1009560
0.4320000 34.9525986
0.4330000 -40.6730003
0.4340000 22.8484344
0.4350000 -18.5896244
0.4360000 -40.0864372
0.4370000 11.0390787
0.4380000 34.6036530
0.4390000 -5.9042516
0.4400000 9.4781504
0.4410000 3.1817589
0.4420000 -23.6980705
0.4430000 -58.1796494
0.4440000 -17.7775879
0.4450000 40.3047981
0.4460000 -12.9689999
0.4470000 -8.1416731
0.4480000 -33.0984383
0.4490000 -42.6739922
0.4500000 13.4893866
0.4510000 62.8181915
0.4520000 15.6377268
0.4530000 -2.0343122
0.4540000 -1.9837152
0.4550000 0.7324542
0.4560000 84.1058044
0.4570000 26.3227024
0.4580000 -55.6906433
0.4590000 26.7143612
0.4600000 -18.6913109
0.4610000 -46.4893684
0.4620000 -28.9090462
0.4630000 -61.4230881
0.4640000 62.0096283
0.4650000 -1.7138596
0.4660000 -2.3296697
0.4670000 -0.1320585
0.4680000 -14.3274918
0.4690000 39.1169930
0.4700000 -38.8416214
0.4710000 -25.2153339
0.4720000 -6.8548694
0.4730000 8.6578808
0.4740000 3.3395257
0.4750000 28.2564240
0.4760000 -12.9685383
0.4770000 21.9416428
0.4780000 -26.1086349
0.4790000 -37.7976799
0.4800000 -9.6291351
0.4810000 -51.2381325
0.4820000 -10.2418680
0.4830000 -14.5089159
0.4840000 -10.1139517
0.4850000 -61.3455124
0.4860000 27.1525364
0.4870000 49.8513527
0.4880000 -29.7368488
0.4890000 -12.6608095
0.4900000 -12.2160254
0.4910000 38.7727547
0.4920000 -5.0299320
0.4930000 -21.6803493
0.4940000 -32.2337685
0.4950000 -42.9327469
0.4960000 22.6663952
0.4970000 -20.8456306
0.4980000 23.7224998
0.4990000 13.9344816
0.5000000 -10.3165894
0.5010000 51.0782471
0.5020000 -43.7805862
0.5030000 77.5432663
0.5040000 -19.4307518
0.5050000 -77.4925613
0.5060000 19.9796371
0.5070000 -3.3624282
0.5080000 32.0699768
0.5090000 29.1981773
0.5100000 -6.0077858
0.5110000 47.1647911
0.5120000 -21.1912079
0.5130000 -43.2750397
0.5140000 -3.2543743
0.5150000 2.4963064
0.5160000 56.3328590
0.5170000 3.7288587
0.5180000 3.0993025
0.5190000 62.0932312
0.5200000 -65.5529404
0.5210000 19.4077587
0.5220000 9.4039717
0.5230000 30.8667736
0.5240000 -18.9044151
0.5250000 12.3215456
0.5260000 14.9335003
0.5270000 -10.5689812
0.5280000 -6.1746626
0.5290000 -43.6818848
0.5300000 -34.0697403
0.5310000 3.7103050
0.5320000 41.3381538
0.5330000 -34.1892471
0.5340000 1.6948992
0.5350000 -0.3798186
0.5360000 26.3217068
0.5370000 -18.4656124
0.5380000 -6.0493474
0.5390000 -32.0254173
0.5400000 -18.3755226
0.5410000 -28.0502453
0.5420000 -29.8271599
0.5430000 70.3679886
0.5440000 -2.6968555
0.5450000 -24.4172974
0.5460000 -16.1221638
0.5470000 34.6721306
0.5480000 23.8650894
0.5490000 13.3335409
0.5500000 -43.4719620
0.5510000 -35.9657288
0.5520000 43.6753807
0.5530000 16.2046928
0.5540000 -13.4551611
0.5550000 -26.7393703
0.5560000 19.6136837
0.5570000 11.2810774
0.5580000 4.7028489
0.5590000 14.6724758
0.5600000 39.2811813
0.5610000 32.5877190
0.5620000 -49.3786545
0.5630000 8.5573111
0.5640000 3.9574373
0.5650000 -37.7374992
0.5660000 38.6374817
0.5670000 9.1441059
0.5680000 26.3993988
0.5690000 2.9902058
0.5700000 70.0356216
0.5710000 10.4326859
0.5720000 10.9142885
0.5730000 21.3840828
0.5740000 3.3374596
0.5750000 16.2866096
0.5760000 -34.1383896
0.5770000 -66.5796051
0.5780000 50.0989914
0.5790000 -13.5809536
0.5800000 80.2024155
0.5810000 34.2045517
0.5820000 24.6258411
0.5830000 85.8370132
0.5840000 -45.9963379
0.5850000 -35.0973091
0.5860000 11.2824945
0.5870000 10.1171713
0.5880000 -15.0551434
0.5890000 -7.4392228
0.5900000 19.6880951
0.5910000 17.7295532
0.5920000 -9.8110809
0.5930000 -27.5775681
0.5940000 18.3463097
0.5950000 -3.9042087
0.5960000 45.7242661
0.5970000 -12.7392435
0.5980000 -54.6460953
0.5990000 -31.7901764
0.6000000 49.8552055
0.6010000 -65.6805649
0.6020000 21.7191982
0.6030000 17.7179356
0.6040000 -9.0488157
0.6050000 15.9108849
0.6060000 -42.0026855
0.6070000 -32.6780243
0.6080000 -0.9481558
0.6090000 33.6668243
0.6100000 30.1750679
0.6110000 -7.2901363
0.6120000 -1.1857687
0.6130000 -2.7466474
0.6140000 -16.9722538
0.6150000 38.4772034
0.6160000 7.8315392
0.6170000 -11.4352112
0.6180000 -33.5159683
0.6190000 -63.8529396
0.6200000 -11.0663519
0.6210000 15.4662800
0.6220000 -29.8708191
0.6230000 31.4463425
0.6240000 -5.6169772
0.6250000 -19.7023296
0.6260000 -8.7130461
0.6270000 -73.6035156
0.6280000 -39.2258682
0.6290000 12.3355732
0.6300000 3.2610412
0.6310000 0.4049787
0.6320000 32.0883064
0.6330000 -51.6643753
0.6340000 -35.5572929
0.6350000 -7.4467783
0.6360000 -15.0900555
0.6370000 1.8916240
0.6380000 -21.5505466
0.6390000 -51.6713943
0.6400000 49.2280350
0.6410000 -24.4706631
0.6420000 46.5624809
0.6430000 -31.2080421
0.6440000 -37.7035141
0.6450000 54.3800507
0.6460000 -29.1073284
0.6470000 -15.9063549
0.6480000 -18.2648258
0.6490000 -17.3173981
0.6500000 22.0355091
0.6510000 52.1084061
0.6520000 -37.9256134
0.6530000 27.5792446
0.6540000 -17.2520332
0.6550000 -57.7492905
0.6560000 25.8264561
0.6570000 -47.6316185
0.6580000 -22.6499805
0.6590000 -28.3497620
0.6600000 -44.6714134
0.6610000 -18.0498276
0.6620000 25.3642006
0.6630000 -22.9473972
0.6640000 31.2940521
0.6650000 49.8049126
0.6660000 -77.3777313
0.6670000 30.1000671
0.6680000 -4.7868805
0.6690000 -40.1570473
0.6700000 32.1097527
0.6710000 -37.6481400
0.6720000 -28.7447014
0.6730000 -71.6995850
0.6740000 20.4404984
0.6750000 12.1736803
0.6760000 17.7168293
0.6770000 99.4353180
0.6780000 -76.7843857
0.6790000 -2.3911536
0.6800000 -34.1397934
0.6810000 -30.0798759
0.6820000 63.9021530
0.6830000 -3.5538738
0.6840000 -64.0779724
0.6850000 -16.5270767
0.6860000 32.2829208
0.6870000 -31.0609512
0.6880000 13.8595419
0.6890000 20.5039406
0.6900000 -3.8745639
0.6910000 -32.4830475
0.6920000 31.1260071
0.6930000 -47.7680855
0.6940000 -15.3040171
0.6950000 54.7609901
0.6960000 -38.1682739
0.6970000 -11.2847185
0.6980000 -37.0285454
0.6990000 -50.2149506
0.7000000 16.5017490
0.7010000 44.0468292
0.7020000 -11.1677551
0.7030000 -48.8930855
0.7040000 -5.4622226
0.7050000 -0.8863125
0.7060000 -47.4933243
0.7070000 -1.2407054
0.7080000 70.8912506
0.7090000 52.8781357
0.7100000 -2.3157046
0.7110000 -67.9430847
0.7120000 68.2950821
0.7130000 15.0027819
0.7140000 0.6648698
0.7150000 -35.7318687
0.7160000 28.9761505
0.7170000 -8.9227152
0.7180000 79.6012726
0.7190000 -20.0166206
0.7200000 18.8348694
0.7210000 53.9390640
0.7220000 -11.0595512
0.7230000 -28.0877361
0.7240000 13.6022243
0.7250000 82.3631363
0.7260000 13.7750139
0.7270000 25.7484112
0.7280000 10.7747202
0.7290000 -19.3404427
0.7300000 -19.1906090
0.7310000 1.1887110
0.7320000 -46.9143372
0.7330000 -2.7172034
0.7340000 6.6408343
0.7350000 11.1104374
0.7360000 -8.3217192
0.7370000 4.3013363
0.7380000 4.7284727
0.7390000 -92.7317047
0.7400000 -22.1219940
0.7410000 35.0452118
0.7420000 -50.5392876
0.7430000 11.7875881
0.7440000 -39.7297173
0.7450000 24.7854805
0.7460000 -9.6551256
0.7470000 32.1048317
0.7480000 48.3390770
0.7490000 17.1700535
0.7500000 -37.3746758
0.7510000 51.1776276
0.7520000 -10.4122334
0.7530000 -94.2230530
0.7540000 -25.7498112
0.7550000 -17.7107887
0.7560000 -22.0103645
0.7570000 21.0138226
0.7580000 15.2071848
0.7590000 57.1087875
0.7600000 -14.3834238
0.7610000 33.7816124
0.7620000 6.9899197
0.7630000 -24.9407921
0.7640000 7.2950969
0.7650000 -9.8954945
0.7660000 20.6002502
0.7670000 -54.3605042
0.7680000 -13.5559740
0.7690000 -30.9021015
0.7700000 15.5786381
0.7710000 -8.9748888
0.7720000 20.1899319
0.7730000 -33.1548653
0.7740000 -12.7373486
0.7750000 31.5879612
0.7760000 53.1555328
0.7770000 33.3622513
0.7780000 -34.0499382
0.7790000 -18.6268101
0.7800000 32.8126755
0.7810000 -29.5781021
0.7820000 -9.8261576
0.7830000 -42.7255173
0.7840000 -58.7717133
0.7850000 3.3362105
0.7860000 -27.7119789
0.7870000 22.5465469
0.7880000 -11.8764706
0.7890000 1.3105493
0.7900000 -40.5829582
0.7910000 -34.9177971
0.7920000 4.1532440
0.7930000 6.1695604
0.7940000 -29.3774433
0.7950000 50.8852158
0.7960000 -12.1046076
0.7970000 33.2013969
0.7980000 16.7563858
0.7990000 -18.6842823
0.8000000 -37.5853882
0.8010000 8.9909916
0.8020000 -8.4467602
0.8030000 22.8800354
0.8040000 -17.8648834
0.8050000 -14.3210726
0.8060000 38.0656700
0.8070000 -69.4084396
0.8080000 14.3097725
0.8090000 6.9235220
0.8100000 45.5828590
0.8110000 -5.0222220
0.8120000 23.4930038
0.8130000 32.7969666
0.8140000 0.8778304
0.8150000 -14.9288540
0.8160000 -3.9761994
0.8170000 12.4349909
0.8180000 -16.1677532
0.8190000 16.5499344
0.8200000 1.7400762
0.8210000 21.2865143
0.8220000 0.3796880
0.8230000 34.7440033
0.8240000 34.0130920
0.8250000 40.9972839
0.8260000 -5.1448178
0.8270000 -36.0834198
0.8280000 -11.3706951
0.8290000 -27.9313030
0.8300000 -21.0401630
0.8310000 25.2894497
0.8320000 -21.9003296
0.8330000 13.5260086
0.8340000 -24.5482941
0.8350000 44.7143555
0.8360000 50.1664467
0.8370000 -48.3680229
0.8380000 20.0682373
0.8390000 -7.8239589
0.8400000 38.9121208
0.8410000 -3.3969193
0.8420000 -36.8341484
0.8430000 -57.4981689
0.8440000 11.2703867
0.8450000 -31.5397549
0.8460000 108.5856323
0.8470000 -16.9963894
0.8480000 17.8240757
0.8490000 54.7082863
0.8500000 35.0077095
0.8510000 13.2222633
0.8520000 -13.7951975
0.8530000 21.3451710
0.8540000 17.2655849
0.8550000 -5.7032909
0.8560000 -9.8484678
0.8570000 -41.9810371
0.8580000 -49.1283417
0.8590000 44.5813751
0.8600000 28.9407539
0.8610000 66.8304596
0.8620000 -42.4692383
0.8630000 -8.8195515
0.8640000 -9.4585581
0.8650000 -4.5617905
0.8660000 -10.7138519
0.8670000 11.5785294
0.8680000 78.2007294
0.8690000 -20.2019882
0.8700000 -19.0277119
0.8710000 -8.0373507
0.8720000 -24.7291908
0.8730000 -69.1171799
0.8740000 -2.0909996
0.8750000 1.3830327
0.8760000 -9.9385004
0.8770000 -61.4524689
0.8780000 39.7450562
0.8790000 -45.2386246
0.8800000 12.2024288
0.8810000 -36.6983681
0.8820000 19.5955391
0.8830000 15.6261110
0.8840000 -8.0047226
0.8850000 31.4840603
0.8860000 15.5062160
0.8870000 10.8477764
0.8880000 -75.7345734
0.8890000 -10.8563881
0.8900000 -2.8390250
0.8910000 -37.8494148
0.8920000 51.8400764
0.8930000 41.7157631
0.8940000 -43.4193840
0.8950000 -25.0690880
0.8960000 -15.7255030
0.8970000 -78.8500824
0.8980000 -2.2100124
0.8990000 -13.5167265
0.9000000 34.5963058
0.9010000 -46.0097427
0.9020000 -43.0539551
0.9030000 24.4045582
0.9040000 -12.3467054
0.9050000 -30.2214775
0.9060000 -12.9195871
0.9070000 26.9967861
0.9080000 -12.0366383
0.9090000 34.7138138
0.9100000 8.3367920
0.9110000 -26.0129719
0.9120000 -29.9046764
0.9130000 -6.3268142
0.9140000 28.4369755
0.9150000 -39.8315353
0.9160000 22.2414093
0.9170000 -41.9376106
0.9180000 28.2116261
0.9190000 49.5166702
0.9200000 18.0416489
0.9210000 33.0516586
0.9220000 -2.5549848
0.9230000 -59.9378662
0.9240000 -21.1241245
0.9250000 28.6781559
0.9260000 14.4683704
0.9270000 -11.1131334
0.9280000 -26.4990330
0.9290000 -19.2133980
0.9300000 62.0448647
0.9310000 -10.0980148
0.9320000 -70.8960266
0.9330000 35.7673149
0.9340000 28.2781582
0.9350000 -3.6211891
0.9360000 -17.8710613
0.9370000 12.1492233
0.9380000 -53.9229851
0.9390000 -65.5924530
0.9400000 -1.2098249
0.9410000 35.6567764
0.9420000 56.2307434
0.9430000 46.0565834
0.9440000 59.0143738
0.9450000 41.1376305
0.9460000 -28.8951569
0.9470000 26.4154339
0.9480000 19.3581257
0.9490000 -46.6024551
0.9500000 -15.3095293
0.9510000 -52.0865860
0.9520000 1.5858711
0.9530000 -63.6632271
0.9540000 19.2719250
0.9550000 -20.6339474
0.9560000 -52.4341431
0.9570000 -49.2265587
0.9580000 -14.5613298
0.9590000 -10.1436567
0.9600000 -13.4062901
0.9610000 -6.3321009
0.9620000 -3.9266877
0.9630000 -18.9087563
0.9640000 48.6446915
0.9650000 -31.2429790
0.9660000 -57.7004013
0.9670000 23.9447250
0.9680000 -22.1987743
0.9690000 -9.0878201
0.9700000 -44.5226593
0.9710000 40.4876251
0.9720000 -66.9863815
0.9730000 47.0678406
0.9740000 -77.0366287
0.9750000 -4.5323019
0.9760000 0.7185897
0.9770000 46.2535667
0.9780000 21.2398777
0.9790000 72.0379181
0.9800000 18.1704674
0.9810000 -25.1182079
0.9820000 -0.7221699
0.9830000 18.9804935
0.9840000 34.8520966
0.9850000 25.6457577
0.9860000 -66.9205322
0.9870000 10.4261026
0.9880000 -16.0791779
0.9890000 10.1465340
0.9900000 29.6164303
0.9910000 -47.8287048
0.9920000 -40.2463799
0.9930000 -1.6417283
0.9940000 23.5406704
0.9950000 49.5392303
0.9960000 -31.4910469
0.9970000 -34.4036446
0.9980000 35.8369370
0.9990000 23.9376068
