0.0000000 -31.3074932
0.0010000 -35.8158760
0.0020000 42.6695137
0.0030000 -14.0453005
0.0040000 -28.9683113
0.0050000 7.9540315
0.0060000 -15.9190607
0.0070000 -5.6519299
0.0080000 -29.2799454
0.0090000 36.6518097
0.0100000 -63.9369698
0.0110000 -21.0948257
0.0120000 -52.6269569
0.0130000 0.6368998
0.0140000 36.3253899
0.0150000 12.2853861
0.0160000 22.7246857
0.0170000 62.4173164
0.0180000 -35.9624634
0.0190000 25.2028904
0.0200000 -0.7153563
0.0210000 39.0609474
0.0220000 116.7132339
0.0230000 -6.1216555
0.0240000 1.6263239
0.0250000 7.3859925
0.0260000 -1.8083723
0.0270000 8.6801567
0.0280000 104.7626724
0.0290000 7.2030349
0.0300000 -19.2753048
0.0310000 17.0905800
0.0320000 18.6363316
0.0330000 2.8386128
0.0340000 -16.2304001
0.0350000 11.7873878
0.0360000 9.4203615
0.0370000 -67.0379028
0.0380000 -47.8866844
0.0390000 -64.1573181
0.0400000 -12.5855331
0.0410000 19.9315338
0.0420000 4.0334435
0.0430000 -11.7260971
0.0440000 -28.2869244
0.0450000 64.3871841
0.0460000 -36.0908279
0.0470000 -37.9883575
0.0480000 18.0877457
0.0490000 -3.1202557
0.0500000 -1.2993292
0.0510000 0.5363346
0.0520000 -10.3639355
0.0530000 8.6339474
0.0540000 -6.6566911
0.0550000 12.6772461
0.0560000 29.0127792
0.0570000 67.8810501
0.0580000 -80.0833588
0.0590000 -43.6515465
0.0600000 15.9718084
0.0610000 23.7500439
0.0620000 24.9074879
0.0630000 39.9480019
0.0640000 -20.7108765
0.0650000 20.4448662
0.0660000 41.0867004
0.0670000 -18.6559334
0.0680000 -32.0553398
0.0690000 -13.6068792
0.0700000 59.7937660
0.0710000 -9.2092276
0.0720000 8.6062450
0.0730000 39.7295723
0.0740000 -31.0788364
0.0750000 0.5684639
0.0760000 32.9912453
0.0770000 9.0090904
0.0780000 5.1579008
0.0790000 -17.0350723
0.0800000 -14.2649021
0.0810000 42.6914253
0.0820000 -14.8760042
0.0830000 32.8110237
0.0840000 38.0492210
0.0850000 21.8485661
0.0860000 -46.8999100
0.0870000 18.8950424
0.0880000 -34.5636673
0.0890000 20.7870083
0.0900000 -1.2460457
0.0910000 -42.1539078
0.0920000 8.6257706
0.0930000 28.7260475
0.0940000 7.6221194
0.0950000 35.1004601
0.0960000 -12.5964193
0.0970000 14.7710419
0.0980000 -28.6420574
0.0990000 53.1334457
0.1000000 45.9889755
0.1010000 -27.1511078
0.1020000 44.2484512
0.1030000 -17.8790112
0.1040000 -12.0338621
0.1050000 25.5165310
0.1060000 -32.6825638
0.1070000 -18.4041004
0.1080000 -20.3821850
0.1090000 -16.0929813
0.1100000 44.4404907
0.1110000 43.4254150
0.1120000 -34.2391243
0.1130000 -60.4865341
0.1140000 2.9069061
0.1150000 -4.0855155
0.1160000 17.2318382
0.1170000 -1.2533154
0.1180000 -6.7442102
0.1190000 -13.2731094
0.1200000 50.6719704
0.1210000 1.9448266
0.1220000 28.1467457
0.1230000 9.7836447
0.1240000 -21.8705521
0.1250000 -18.5517120
0.1260000 38.8175011
0.1270000 26.3850651
0.1280000 -9.0773506
0.1290000 15.8425188
0.1300000 -40.9508514
0.1310000 12.1782255
0.1320000 -39.6420364
0.1330000 -17.5330334
0.1340000 -35.2519073
0.1350000 -17.6628742
0.1360000 -72.1105042
0.1370000 -18.7300224
0.1380000 -4.7254963
0.1390000 -30.0512638
0.1400000 -34.7686043
0.1410000 138.5555878
0.1420000 33.7538185
0.1430000 102.7372742
0.1440000 72.5966949
0.1450000 -36.3981895
0.1460000 -52.9849358
0.1470000 -62.1552696
0.1480000 -38.8558693
0.1490000 -6.7647114
0.1500000 -72.3827591
0.1510000 56.7501602
0.1520000 -7.7799926
0.1530000 71.7809525
0.1540000 84.6489258
0.1550000 -14.0847731
0.1560000 -21.5446873
0.1570000 73.4839783
0.1580000 64.7528458
0.1590000 -9.4513597
0.1600000 31.9740429
0.1610000 16.0231438
0.1620000 -2.6369097
0.1630000 -45.1423569
0.1640000 -27.5890846
0.1650000 -36.2928886
0.1660000 -34.4017258
0.1670000 31.7271709
0.1680000 0.5453491
0.1690000 0.7217492
0.1700000 -13.2033873
0.1710000 20.7660122
0.1720000 6.9290299
0.1730000 -0.7807611
0.1740000 8.3223200
0.1750000 6.3083253
0.1760000 -0.6867337
0.1770000 -34.2852440
0.1780000 6.0984750
0.1790000 -40.4051743
0.1800000 44.4495392
0.1810000 -34.7726250
0.1820000 11.7103577
0.1830000 -13.7674074
0.1840000 -18.2818012
0.1850000 -55.5547905
0.1860000 -27.4774017
0.1870000 93.8720398
0.1880000 -13.4595232
0.1890000 76.1360016
0.1900000 43.3472633
0.1910000 41.4174538
0.1920000 -70.7753448
0.1930000 -52.4826775
0.1940000 27.6431751
0.1950000 19.9969940
0.1960000 -24.9309387
0.1970000 -51.7559700
0.1980000 77.1696625
0.1990000 11.0108814
0.2000000 39.1723824
0.2010000 0.4593131
0.2020000 -46.4296494
0.2030000 -9.7961645
0.2040000 8.8266249
0.2050000 31.8811932
0.2060000 -40.2628059
0.2070000 -10.0409412
0.2080000 21.9315662
0.2090000 9.5653610
0.2100000 -46.6382828
0.2110000 1.1263274
0.2120000 -23.6534042
0.2130000 5.4112616
0.2140000 -30.8036194
0.2150000 63.4135208
0.2160000 -29.6048603
0.2170000 11.4032078
0.2180000 47.5169029
0.2190000 28.7332077
0.2200000 33.7466469
0.2210000 27.8438263
0.2220000 -58.6130486
0.2230000 36.6077118
0.2240000 41.3694115
0.2250000 -22.0733109
0.2260000 -34.5063820
0.2270000 30.6774349
0.2280000 26.1454163
0.2290000 29.1684742
0.2300000 -39.6014595
0.2310000 -16.1502323
0.2320000 -39.9048843
0.2330000 14.8692074
0.2340000 -60.0072250
0.2350000 -38.7818489
0.2360000 58.8885841
0.2370000 10.5103664
0.2380000 -20.8578129
0.2390000 29.7254581
0.2400000 8.4925194
0.2410000 43.8565712
0.2420000 -48.9042053
0.2430000 6.5183997
0.2440000 41.5446777
0.2450000 23.7652721
0.2460000 12.8484211
0.2470000 20.3365860
0.2480000 -71.4120712
0.2490000 19.3927212
0.2500000 -6.1733880
0.2510000 30.6310501
0.2520000 -14.7059975
0.2530000 -15.3849745
0.2540000 -94.3770447
0.2550000 31.8081951
0.2560000 -5.5064063
0.2570000 57.3738174
0.2580000 43.7628555
0.2590000 49.1531029
0.2600000 6.4236450
0.2610000 -15.9987249
0.2620000 -3.1247802
0.2630000 16.3247929
0.2640000 -61.8366356
0.2650000 3.1480772
0.2660000 -5.1827621
0.2670000 -1.4467896
0.2680000 -5.7944670
0.2690000 20.0523052
0.2700000 18.3403454
0.2710000 60.4165001
0.2720000 21.4211254
0.2730000 38.2872543
0.2740000 -79.7493210
0.2750000 -3.7850990
0.2760000 6.4249992
0.2770000 -44.6468773
0.2780000 2.5949922
0.2790000 -41.3092461
0.2800000 -4.5109420
0.2810000 0.4810921
0.2820000 -17.6150665
0.2830000 -37.6580200
0.2840000 -78.8009567
0.2850000 -42.8488159
0.2860000 5.4854026
0.2870000 -26.6239262
0.2880000 -23.9719715
0.2890000 4.3230119
0.2900000 20.6475544
0.2910000 -22.3955669
0.2920000 4.5543256
0.2930000 -27.4389591
0.2940000 -11.9820843
0.2950000 -24.4884338
0.2960000 -58.8041649
0.2970000 33.5881462
0.2980000 -4.7704420
0.2990000 -23.4809875
0.3000000 52.1610069
0.3010000 -35.9443321
0.3020000 -16.1107216
0.3030000 -13.3757572
0.3040000 -42.3657646
0.3050000 59.9129677
0.3060000 9.7747049
0.3070000 16.7945938
0.3080000 -14.3908587
0.3090000 -28.7767239
0.3100000 -35.3851204
0.3110000 -4.3938384
0.3120000 34.8631210
0.3130000 0.8831610
0.3140000 52.6430550
0.3150000 0.6436895
0.3160000 -5.3174024
0.3170000 -3.0757208
0.3180000 40.7359085
0.3190000 -4.5795584
0.3200000 30.0738335
0.3210000 1.4010494
0.3220000 -25.9154396
0.3230000 -76.6679535
0.3240000 5.8082500
0.3250000 0.3114708
0.3260000 -19.0335674
0.3270000 50.6849327
0.3280000 -43.7689514
0.3290000 -42.7230873
0.3300000 -8.6433697
0.3310000 -60.1127586
0.3320000 5.5132966
0.3330000 -23.8833694
0.3340000 -58.5808487
0.3350000 -61.7570038
0.3360000 -27.0056229
0.3370000 38.1950035
0.3380000 -23.0344563
0.3390000 -18.8131618
0.3400000 23.2632446
0.3410000 58.4463539
0.3420000 -14.9067335
0.3430000 -13.9377861
0.3440000 17.3423157
0.3450000 44.8202438
0.3460000 -12.8227472
0.3470000 -9.4496899
0.3480000 -16.0666752
0.3490000 -15.7973442
0.3500000 -33.2954750
0.3510000 23.1586189
0.3520000 -29.9103184
0.3530000 -33.9207535
0.3540000 -7.5015078
0.3550000 40.0676460
0.3560000 43.3791695
0.3570000 -34.9854546
0.3580000 27.9459248
0.3590000 8.4555225
0.3600000 0.5505562
0.3610000 49.3588448
0.3620000 50.4898834
0.3630000 -52.1675034
0.3640000 -27.3890591
0.3650000 42.3334007
0.3660000 -27.9191608
0.3670000 69.2252350
0.3680000 -50.0082321
0.3690000 7.1536379
0.3700000 -42.7499657
0.3710000 -34.2624550
0.3720000 -49.4974709
0.3730000 0.6437560
0.3740000 -23.7674961
0.3750000 -49.1996727
0.3760000 21.1800957
0.3770000 20.1987610
0.3780000 -11.0760231
0.3790000 74.7806931
0.3800000 23.4469013
0.3810000 10.7693062
0.3820000 -20.7446861
0.3830000 75.6448441
0.3840000 -65.6836243
0.3850000 -33.7241440
0.3860000 -5.2835007
0.3870000 -3.2372825
0.3880000 -56.0529213
0.3890000 -58.2909851
0.3900000 4.3002357
0.3910000 32.1982651
0.3920000 -48.3820419
0.3930000 34.5541153
0.3940000 6.3165402
0.3950000 0.2442541
0.3960000 13.7842636
0.3970000 -62.4378891
0.3980000 34.6173477
0.3990000 68.0211258
0.4000000 45.1593666
0.4010000 -13.0960188
0.4020000 -16.2568665
0.4030000 21.1773605
0.4040000 22.2953548
0.4050000 6.9775791
0.4060000 1.1361203
0.4070000 26.2349491
0.4080000 41.0306473
0.4090000 8.8638783
0.4100000 -35.2838860
0.4110000 -49.4506416
0.4120000 31.7037544
0.4130000 -6.2173972
0.4140000 41.1329346
0.4150000 -39.3198776
0.4160000 -4.4246645
0.4170000 -6.7197914
0.4180000 -10.1886158
0.4190000 29.6157475
0.4200000 33.4369507
0.4210000 -35.4052734
0.4220000 -11.0260620
0.4230000 -17.4374905
0.4240000 22.1754494
0.4250000 17.1219978
0.4260000 -52.3701553
0.4270000 7.8042254
0.4280000 21.3676739
0.4290000 38.4929886
0.4300000 16.1525230
0.4310000 0.9949640
0.4320000 -1.9543635
0.4330000 33.3307190
0.4340000 -56.0995560
0.4350000 -0.7850080
0.4360000 0.6176363
0.4370000 -67.8793259
0.4380000 11.7166729
0.4390000 -68.1486435
0.4400000 -15.8742476
0.4410000 -5.4294567
0.4420000 -48.5384789
0.4430000 -32.4780731
0.4440000 13.1711454
0.4450000 -25.4748764
0.4460000 34.2222366
0.4470000 58.4211197
0.4480000 -9.3741579
0.4490000 -0.1115118
0.4500000 -50.5044289
0.4510000 -9.5260487
0.4520000 15.4331121
0.4530000 33.9305954
0.4540000 -19.0427399
0.4550000 -1.8592950
0.4560000 -0.8691269
0.4570000 -14.8742867
0.4580000 -34.8317795
0.4590000 -43.0503998
0.4600000 4.2411275
0.4610000 53.6766853
0.4620000 -17.8703403
0.4630000 6.4824300
0.4640000 -35.7892151
0.4650000 1.4912748
0.4660000 6.5011487
0.4670000 -1.8275219
0.4680000 54.4077988
0.4690000 -50.4465027
0.4700000 40.9453773
0.4710000 60.1367683
0.4720000 60.1506577
0.4730000 -28.2485828
0.4740000 -68.4776459
0.4750000 -20.2865734
0.4760000 -31.7986107
0.4770000 -13.1164179
0.4780000 -10.5693150
0.4790000 55.0477829
0.4800000 14.4480057
0.4810000 16.7511349
0.4820000 -68.3787994
0.4830000 18.7964993
0.4840000 -45.2605286
0.4850000 -55.6528931
0.4860000 69.9416504
0.4870000 20.3348904
0.4880000 19.8364296
0.4890000 -21.5982800
0.4900000 31.6406956
0.4910000 36.0215683
0.4920000 -53.8189125
0.4930000 28.4795856
0.4940000 -11.8558455
0.4950000 66.8154221
0.4960000 23.5913258
0.4970000 15.6739407
0.4980000 9.0380087
0.4990000 19.1670876
0.5000000 -50.3042259
0.5010000 -14.5755959
0.5020000 -36.6893959
0.5030000 -36.1353569
0.5040000 -11.1632528
0.5050000 -28.4395332
0.5060000 -33.1112022
0.5070000 12.5365410
0.5080000 -19.7514076
0.5090000 35.6908150
0.5100000 25.2103271
0.5110000 -31.4217987
0.5120000 10.7729187
0.5130000 -69.7037201
0.5140000 -11.6155214
0.5150000 -71.5096893
0.5160000 -17.9817677
0.5170000 29.8012028
0.5180000 -38.3598099
0.5190000 -36.0786591
0.5200000 -26.9400539
0.5210000 -14.9670811
0.5220000 101.7589951
0.5230000 49.9003296
0.5240000 -41.2364197
0.5250000 -34.3235626
0.5260000 22.9484653
0.5270000 5.0219669
0.5280000 16.0103970
0.5290000 11.3783693
0.5300000 9.1245584
0.5310000 -4.3648987
0.5320000 -25.7177830
0.5330000 44.8298721
0.5340000 51.9928665
0.5350000 21.7401905
0.5360000 -33.9737282
0.5370000 -12.4535036
0.5380000 32.8414688
0.5390000 9.1927471
0.5400000 36.2556000
0.5410000 5.4611936
0.5420000 40.4743576
0.5430000 -63.0772514
0.5440000 -34.9672508
0.5450000 -19.6585331
0.5460000 13.9881582
0.5470000 40.2240334
0.5480000 23.1840420
0.5490000 12.6431923
0.5500000 9.2030306
0.5510000 61.5346069
0.5520000 -3.5282159
0.5530000 60.2445030
0.5540000 43.0457306
0.5550000 -50.8850861
0.5560000 -47.8455238
0.5570000 -30.2391682
0.5580000 17.5797634
0.5590000 19.0637989
0.5600000 -46.7416573
0.5610000 -45.2482452
0.5620000 -27.7652206
0.5630000 -18.9264603
0.5640000 -61.1903954
0.5650000 9.7551155
0.5660000 -31.3499603
0.5670000 15.4063158
0.5680000 -15.3535624
0.5690000 34.8447304
0.5700000 -2.7908714
0.5710000 -16.0186062
0.5720000 -28.7308464
0.5730000 10.2270050
0.5740000 25.0229015
0.5750000 14.6059284
0.5760000 -20.6275501
0.5770000 -103.2494659
0.5780000 -38.0097961
0.5790000 -4.0280714
0.5800000 -14.5055790
0.5810000 -8.7838039
0.5820000 15.8140011
0.5830000 15.4816866
0.5840000 4.3337893
0.5850000 5.4156675
0.5860000 -17.6921101
0.5870000 8.2150755
0.5880000 -32.5347099
0.5890000 25.8074036
0.5900000 15.6655283
0.5910000 84.0495834
0.5920000 9.8607397
0.5930000 56.4583778
0.5940000 31.4210873
0.5950000 -54.1076317
0.5960000 52.3840141
0.5970000 40.0328941
0.5980000 -11.1157475
0.5990000 -9.8623419
0.6000000 -70.4829941
0.6010000 -55.1419487
0.6020000 -16.1863632
0.6030000 -0.2236351
0.6040000 14.4678221
0.6050000 29.8264027
0.6060000 51.2874107
0.6070000 -31.2792645
0.6080000 27.9379101
0.6090000 3.3883581
0.6100000 -47.0036430
0.6110000 -16.1212425
0.6120000 -16.7054195
0.6130000 38.6178246
0.6140000 22.3318024
0.6150000 18.1193352
0.6160000 -27.8382988
0.6170000 -54.9107666
0.6180000 21.5729618
0.6190000 -14.4818621
0.6200000 24.6706047
0.6210000 31.7615967
0.6220000 -13.6926317
0.6230000 53.3984909
0.6240000 32.7376404
0.6250000 -22.2497139
0.6260000 72.5972824
0.6270000 -13.1175261
0.6280000 -37.3885651
0.6290000 -10.6084309
0.6300000 -2.2940001
0.6310000 31.1227322
0.6320000 -7.9439569
0.6330000 -9.5239439
0.6340000 -6.9349446
0.6350000 -4.4532437
0.6360000 -25.8515873
0.6370000 51.8159599
0.6380000 -1.8371595
0.6390000 -3.2745526
0.6400000 -65.6448975
0.6410000 26.1576424
0.6420000 29.8952484
0.6430000 -23.7401123
0.6440000 17.3824024
0.6450000 -20.5014458
0.6460000 -28.6753674
0.6470000 -23.7831059
0.6480000 -7.2100019
0.6490000 45.4211426
0.6500000 -1.3741482
0.6510000 45.5133286
0.6520000 -33.4525719
0.6530000 36.6270370
0.6540000 -36.1271400
0.6550000 20.0360451
0.6560000 -0.0103796
0.6570000 1.6476388
0.6580000 -0.5756612
0.6590000 -27.4005833
0.6600000 19.6533909
0.6610000 -23.5611744
0.6620000 -0.5856752
0.6630000 -70.1207962
0.6640000 45.2859726
0.6650000 18.3680191
0.6660000 -3.6082931
0.6670000 -39.0479774
0.6680000 -34.7030678
0.6690000 -3.4354973
0.6700000 -48.9835854
0.6710000 6.3691673
0.6720000 38.9736404
0.6730000 -0.1003691
0.6740000 -34.3791161
0.6750000 7.5761347
0.6760000 0.8071018
0.6770000 -11.5219545
0.6780000 -40.3111763
0.6790000 -3.3503332
0.6800000 22.4440956
0.6810000 18.0054684
0.6820000 -11.8311682
0.6830000 29.0789566
0.6840000 33.4957085
0.6850000 -32.5000725
0.6860000 -20.9237785
0.6870000 -23.3649483
0.6880000 23.4440327
0.6890000 77.3704910
0.6900000 -5.1870155
0.6910000 4.6177826
0.6920000 10.8502932
0.6930000 -37.5526848
0.6940000 49.4107666
0.6950000 9.9680443
0.6960000 24.3438091
0.6970000 -7.2724195
0.6980000 18.0104198
0.6990000 -36.4997482
0.7000000 4.4009166
0.7010000 -41.2689590
0.7020000 30.9104557
0.7030000 -16.0226288
0.7040000 -2.1850445
0.7050000 45.5461807
0.7060000 -29.1017971
0.7070000 8.0994911
0.7080000 2.9178984
0.7090000 -15.4362154
0.7100000 41.8354378
0.7110000 -31.2098904
0.7120000 -6.4604025
0.7130000 27.0313206
0.7140000 -23.6485119
0.7150000 41.2004585
0.7160000 -5.5169849
0.7170000 63.0262413
0.7180000 -39.3132210
0.7190000 -22.8954067
0.7200000 39.6042328
0.7210000 9.4453974
0.7220000 35.1571198
0.7230000 36.8951225
0.7240000 -14.0288448
0.7250000 3.3593915
0.7260000 26.9868679
0.7270000 -1.0313376
0.7280000 90.1021271
0.7290000 54.6386147
0.7300000 36.0413780
0.7310000 -57.4122009
0.7320000 -32.6325150
0.7330000 1.1827718
0.7340000 -64.6126556
0.7350000 -9.6895037
0.7360000 -0.4171815
0.7370000 24.3445492
0.7380000 -4.5835905
0.7390000 -29.5934124
0.7400000 -35.9192238
0.7410000 -26.0193176
0.7420000 -30.3246937
0.7430000 15.9093046
0.7440000 18.4113483
0.7450000 34.1942520
0.7460000 8.6111546
0.7470000 -14.4616909
0.7480000 1.2462687
0.7490000 46.7966118
0.7500000 -45.1896324
0.7510000 23.5714703
0.7520000 55.3299408
0.7530000 -6.4965653
0.7540000 33.9614754
0.7550000 12.7707758
0.7560000 -34.8840179
0.7570000 -33.6850243
0.7580000 1.0358533
0.7590000 16.1554794
0.7600000 -29.8139286
0.7610000 13.5630713
0.7620000 32.2718391
0.7630000 57.2470169
0.7640000 3.2189853
0.7650000 12.4304647
0.7660000 7.4937634
0.7670000 -6.4276886
0.7680000 28.3670750
0.7690000 11.5229254
0.7700000 12.4120283
0.7710000 8.6637421
0.7720000 -15.7884026
0.7730000 -7.3137112
0.7740000 79.8983383
0.7750000 -31.7026386
0.7760000 -8.1043653
0.7770000 -58.4691582
0.7780000 42.9673424
0.7790000 20.9237480
0.7800000 -65.1271744
0.7810000 -17.8834743
0.7820000 -50.1631927
0.7830000 58.8247795
0.7840000 -31.6493645
0.7850000 -32.4221992
0.7860000 18.6552658
0.7870000 7.7466369
0.7880000 -6.4049067
0.7890000 1.7024255
0.7900000 -31.7478275
0.7910000 -39.9436836
0.7920000 30.7863827
0.7930000 -7.5629587
0.7940000 -22.2280846
0.7950000 32.6896515
0.7960000 33.5851555
0.7970000 -35.2558136
0.7980000 14.2182369
0.7990000 -12.5896988
0.8000000 3.5253317
0.8010000 34.8071098
0.8020000 9.9093580
0.8030000 60.8245468
0.8040000 3.7797935
0.8050000 -1.2541822
0.8060000 23.6395912
0.8070000 21.8017807
0.8080000 7.4527421
0.8090000 -18.1207428
0.8100000 11.6490803
0.8110000 1.7296306
0.8120000 -7.8530598
0.8130000 -15.3389921
0.8140000 27.5866051
0.8150000 -7.4021401
0.8160000 -65.5693054
0.8170000 -71.2705841
0.8180000 -45.6772957
0.8190000 3.9555202
0.8200000 -17.0042877
0.8210000 28.0523911
0.8220000 -12.8607311
0.8230000 16.7005253
0.8240000 21.3968067
0.8250000 -66.0861206
0.8260000 -16.4629498
0.8270000 34.0058594
0.8280000 10.0263348
0.8290000 -43.1224098
0.8300000 11.5561514
0.8310000 -5.6002955
0.8320000 4.1994486
0.8330000 -15.0435619
0.8340000 -38.0187798
0.8350000 85.8995056
0.8360000 -21.0939999
0.8370000 -34.6110764
0.8380000 -85.8613358
0.8390000 -66.8793564
0.8400000 -54.0771828
0.8410000 -26.7775555
0.8420000 -50.2645226
0.8430000 -64.2879944
0.8440000 12.6759319
0.8450000 45.2129135
0.8460000 7.0964761
0.8470000 3.1537607
0.8480000 12.0448637
0.8490000 -49.9163170
0.8500000 -25.2490921
0.8510000 -7.6547680
0.8520000 2.7840524
0.8530000 -28.3708763
0.8540000 1.5536608
0.8550000 19.0977154
0.8560000 33.1057396
0.8570000 4.2139544
0.8580000 -14.1327152
0.8590000 -0.2200384
0.8600000 -35.7898483
0.8610000 3.4163015
0.8620000 13.1754780
0.8630000 33.2480202
0.8640000 -7.5167060
0.8650000 -66.6436844
0.8660000 -33.2685471
0.8670000 17.3271065
0.8680000 -23.7935429
0.8690000 51.2515030
0.8700000 18.3291283
0.8710000 -19.3404102
0.8720000 16.2318497
0.8730000 -21.5436611
0.8740000 -37.6647987
0.8750000 60.6410408
0.8760000 20.6566658
0.8770000 -1.5131177
0.8780000 -12.8051167
0.8790000 -16.2642765
0.8800000 7.9067092
0.8810000 -36.6169510
0.8820000 -102.0151978
0.8830000 -28.6185150
0.8840000 17.8683186
0.8850000 14.3165655
0.8860000 -16.2013798
0.8870000 -14.1188316
0.8880000 0.6211735
0.8890000 6.3888841
0.8900000 -76.7061615
0.8910000 37.9782944
0.8920000 73.7422485
0.8930000 45.3406677
0.8940000 -6.4520307
0.8950000 39.0271988
0.8960000 23.8891182
0.8970000 6.2086782
0.8980000 -63.7794380
0.8990000 8.8358307
0.9000000 -13.4559660
0.9010000 8.2742672
0.9020000 6.2230535
0.9030000 -45.2033272
0.9040000 -71.4901123
0.9050000 21.0421581
0.9060000 -25.2814693
0.9070000 51.7279587
0.9080000 1.1470644
0.9090000 6.9189939
0.9100000 29.5655231
0.9110000 -17.3170147
0.9120000 -38.5293388
0.9130000 49.8085022
0.9140000 -55.8359261
0.9150000 16.1083164
0.9160000 -22.1090851
0.9170000 12.4531145
0.9180000 8.2748947
0.9190000 -17.6522179
0.9200000 23.5149231
0.9210000 41.6635971
0.9220000 66.0041733
0.9230000 -59.9418221
0.9240000 -6.9178462
0.9250000 -96.3426132
0.9260000 38.8639145
0.9270000 3.1696911
0.9280000 29.9559231
0.9290000 -12.4657574
0.9300000 4.8903251
0.9310000 -18.9306793
0.9320000 16.2365952
0.9330000 9.3774261
0.9340000 -13.9993649
0.9350000 22.3822212
0.9360000 37.2192879
0.9370000 31.2763672
0.9380000 21.1785583
0.9390000 52.4961662
0.9400000 87.5671692
0.9410000 -36.2528610
0.9420000 -20.6437511
0.9430000 -55.6010399
0.9440000 55.6379089
0.9450000 12.8195724
0.9460000 -8.8372316
0.9470000 20.4097328
0.9480000 -4.9057827
0.9490000 13.0777912
0.9500000 74.4747772
0.9510000 -43.9411736
0.9520000 33.2114601
0.9530000 -42.1621323
0.9540000 8.2901125
0.9550000 -20.4901028
0.9560000 -9.5780249
0.9570000 -19.9574051
0.9580000 46.1675377
0.9590000 9.7560987
0.9600000 4.6775208
0.9610000 -30.3326035
0.9620000 4.1311812
0.9630000 -28.7823067
0.9640000 49.3058205
0.9650000 -70.8127365
0.9660000 -66.4675217
0.9670000 -73.2076492
0.9680000 12.4921265
0.9690000 -25.5968189
0.9700000 -11.6159477
0.9710000 11.9810057
0.9720000 76.1349182
0.9730000 35.5178871
0.9740000 77.4048920
0.9750000 -84.5302200
0.9760000 -25.4493065
0.9770000 -0.4657245
0.9780000 46.3446198
0.9790000 27.8392200
0.9800000 -19.8704700
0.9810000 39.8828125
0.9820000 9.2704229
0.9830000 -55.7034912
0.9840000 -18.9692650
0.9850000 -23.5699959
0.9860000 13.8728580
0.9870000 -31.5033474
0.9880000 48.2191200
0.9890000 -14.7148027
0.9900000 -12.1997261
0.9910000 32.7907143
0.9920000 40.5151482
0.9930000 -11.0635014
0.9940000 19.4963017
0.9950000 33.7854805
0.9960000 -68.4910202
0.9970000 9.4953785
0.9980000 33.3932228
0.9990000 3.3727958
