0.0000000 16.6744308
0.0010000 -56.0722160
0.0020000 -29.3265266
0.0030000 -0.7004711
0.0040000 1.6249584
0.0050000 -6.6851788
0.0060000 24.4016590
0.0070000 66.2460175
0.0080000 35.4716225
0.0090000 42.5643311
0.0100000 47.8612442
0.0110000 -38.7129593
0.0120000 19.6469803
0.0130000 62.8176041
0.0140000 33.9780502
0.0150000 -3.0760345
0.0160000 -40.5710831
0.0170000 -26.4580402
0.0180000 -17.3897552
0.0190000 21.7482605
0.0200000 8.8894300
0.0210000 21.9104805
0.0220000 1.5817721
0.0230000 4.4172368
0.0240000 -13.1064882
0.0250000 25.3514786
0.0260000 -16.9274254
0.0270000 -17.2775593
0.0280000 -50.4603920
0.0290000 78.1232605
0.0300000 17.8964729
0.0310000 -51.6894264
0.0320000 50.3484039
0.0330000 23.3972206
0.0340000 -12.1404181
0.0350000 16.2925339
0.0360000 0.2091876
0.0370000 5.8215513
0.0380000 -36.6646996
0.0390000 13.2126141
0.0400000 -46.8876572
0.0410000 103.9731216
0.0420000 -4.5555267
0.0430000 -17.6609364
0.0440000 12.2841024
0.0450000 22.7066116
0.0460000 67.3997269
0.0470000 -56.0383987
0.0480000 -56.3721581
0.0490000 -16.3037701
0.0500000 58.6678505
0.0510000 -16.7437248
0.0520000 -40.3100471
0.0530000 7.0321374
0.0540000 6.9128680
0.0550000 -7.1440859
0.0560000 -64.8713760
0.0570000 -4.4888797
0.0580000 16.5208511
0.0590000 12.0692005
0.0600000 27.2912521
0.0610000 5.8679996
0.0620000 -14.5294313
0.0630000 67.3451462
0.0640000 -32.8081512
0.0650000 -55.2544365
0.0660000 5.6027675
0.0670000 -28.1484413
0.0680000 -5.8886971
0.0690000 29.9355984
0.0700000 -16.5472908
0.0710000 2.3246057
0.0720000 -0.0056046
0.0730000 0.1128631
0.0740000 -15.0395718
0.0750000 -29.9991512
0.0760000 -33.4933014
0.0770000 -36.0102730
0.0780000 -45.4468651
0.0790000 49.1671829
0.0800000 -28.7367077
0.0810000 32.5334282
0.0820000 12.6642628
0.0830000 26.2688885
0.0840000 48.4643669
0.0850000 -4.3336248
0.0860000 -12.5613928
0.0870000 -7.4044814
0.0880000 37.1877365
0.0890000 1.6972394
0.0900000 74.6278992
0.0910000 31.5465393
0.0920000 -46.8824577
0.0930000 -17.7590256
0.0940000 42.0298691
0.0950000 -48.4179039
0.0960000 -31.4318790
0.0970000 -5.0914102
0.0980000 -25.4615345
0.0990000 -36.0727119
0.1000000 4.7887740
0.1010000 -21.1245003
0.1020000 -46.1259995
0.1030000 -25.7523155
0.1040000 -35.5584908
0.1050000 -59.8028984
0.1060000 16.2338009
0.1070000 18.7784538
0.1080000 -30.6638317
0.1090000 34.6320457
0.1100000 10.5357084
0.1110000 -41.5534019
0.1120000 16.9496231
0.1130000 -29.5503941
0.1140000 20.2165833
0.1150000 2.9764280
0.1160000 -48.1724968
0.1170000 9.1625319
0.1180000 25.6449604
0.1190000 -20.9130878
0.1200000 -19.1966400
0.1210000 -6.8746638
0.1220000 -21.8820629
0.1230000 -70.9057999
0.1240000 -30.7022915
0.1250000 -0.0645059
0.1260000 19.9380665
0.1270000 -39.6967278
0.1280000 -32.0315208
0.1290000 -36.2428627
0.1300000 -72.2749939
0.1310000 -32.5320778
0.1320000 56.2294846
0.1330000 -16.4314766
0.1340000 15.1289511
0.1350000 23.0376968
0.1360000 40.7593307
0.1370000 -48.0298691
0.1380000 33.2735291
0.1390000 16.8936806
0.1400000 -50.5526199
0.1410000 72.3369751
0.1420000 4.3192430
0.1430000 1.7779404
0.1440000 -49.2311668
0.1450000 -9.8925648
0.1460000 43.6880074
0.1470000 -35.8747787
0.1480000 -46.3902702
0.1490000 -7.0570669
0.1500000 6.3029470
0.1510000 -13.2426710
0.1520000 3.7329600
0.1530000 88.2513504
0.1540000 32.9652863
0.1550000 -12.2750626
0.1560000 -23.7547894
0.1570000 18.0846233
0.1580000 -25.0947189
0.1590000 -25.5472031
0.1600000 24.6291237
0.1610000 -6.9816594
0.1620000 -12.2251215
0.1630000 -50.6971512
0.1640000 -22.5037193
0.1650000 -22.8631668
0.1660000 -2.5674152
0.1670000 11.6252813
0.1680000 -1.5275561
0.1690000 -20.6945152
0.1700000 40.3037720
0.1710000 -58.5243568
0.1720000 -26.6727333
0.1730000 -40.4922714
0.1740000 21.4179668
0.1750000 14.6827612
0.1760000 32.5738640
0.1770000 26.2798328
0.1780000 -48.6014137
0.1790000 -41.6789627
0.1800000 -32.6066399
0.1810000 -65.2753372
0.1820000 -39.8741302
0.1830000 -31.7974033
0.1840000 27.2588749
0.1850000 25.9446888
0.1860000 -55.3546486
0.1870000 5.9543743
0.1880000 -2.8994184
0.1890000 0.2502316
0.1900000 -8.0943966
0.1910000 -40.8880310
0.1920000 -7.2070909
0.1930000 -56.9968071
0.1940000 -20.6774445
0.1950000 4.2495112
0.1960000 11.8335667
0.1970000 -42.4236870
0.1980000 -15.7655973
0.1990000 -43.7308273
0.2000000 -10.3475904
0.2010000 9.0203047
0.2020000 12.6837435
0.2030000 5.6528530
0.2040000 17.9446964
0.2050000 -4.8551087
0.2060000 -11.2975454
0.2070000 63.4716034
0.2080000 17.8524208
0.2090000 -57.6512718
0.2100000 -18.9583168
0.2110000 12.4009800
0.2120000 30.5794735
0.2130000 -19.1647263
0.2140000 -9.7993031
0.2150000 -18.2353325
0.2160000 53.7979355
0.2170000 -32.2081337
0.2180000 22.5513859
0.2190000 31.2287025
0.2200000 -42.4283066
0.2210000 13.7134447
0.2220000 -37.4897003
0.2230000 -10.7634487
0.2240000 -2.6115317
0.2250000 21.0193672
0.2260000 -26.4266739
0.2270000 12.8332710
0.2280000 57.5404549
0.2290000 -2.7929609
0.2300000 -9.5945253
0.2310000 -1.9875439
0.2320000 10.2074203
0.2330000 3.4493418
0.2340000 11.4288883
0.2350000 -37.0075264
0.2360000 17.2487392
0.2370000 -12.0778913
0.2380000 0.5705918
0.2390000 4.7318692
0.2400000 -33.1862068
0.2410000 6.2692037
0.2420000 11.6622944
0.2430000 -62.1709328
0.2440000 7.6314521
0.2450000 29.9542503
0.2460000 39.1478462
0.2470000 -55.5069237
0.2480000 3.7338314
0.2490000 -25.9124680
0.2500000 -16.5196991
0.2510000 -33.5991974
0.2520000 -81.3545303
0.2530000 33.3255272
0.2540000 32.7383881
0.2550000 -0.5726388
0.2560000 -84.0590973
0.2570000 16.8168278
0.2580000 12.7307663
0.2590000 -40.9689293
0.2600000 -26.2670593
0.2610000 -3.4881170
0.2620000 -10.5863552
0.2630000 -27.9584656
0.2640000 -44.2309875
0.2650000 -21.0818367
0.2660000 -13.0353374
0.2670000 -4.3327150
0.2680000 -1.9574811
0.2690000 4.9342861
0.2700000 -0.1136734
0.2710000 -14.9271002
0.2720000 33.4251366
0.2730000 -1.5052403
0.2740000 -65.0719147
0.2750000 1.5372714
0.2760000 18.4565220
0.2770000 -24.3351784
0.2780000 18.8782196
0.2790000 -43.9440460
0.2800000 -57.2313690
0.2810000 32.4720840
0.2820000 2.0171895
0.2830000 -45.4766960
0.2840000 -7.6148710
0.2850000 45.0391083
0.2860000 -25.2694988
0.2870000 34.4583549
0.2880000 -29.3350029
0.2890000 13.7485762
0.2900000 10.6339912
0.2910000 60.6507225
0.2920000 15.6164761
0.2930000 13.7560844
0.2940000 17.2092972
0.2950000 -23.4757500
0.2960000 -8.6311617
0.2970000 28.1214809
0.2980000 -45.4917107
0.2990000 20.4535923
0.3000000 -27.6690083
0.3010000 6.1062036
0.3020000 11.1036415
0.3030000 2.4717219
0.3040000 41.3876877
0.3050000 9.0182571
0.3060000 42.9877586
0.3070000 51.5444031
0.3080000 -29.5804443
0.3090000 -24.1688023
0.3100000 -48.0207214
0.3110000 73.1193314
0.3120000 6.2514420
0.3130000 -6.5818062
0.3140000 41.9687920
0.3150000 57.0246849
0.3160000 -15.3599663
0.3170000 42.4500084
0.3180000 1.5875913
0.3190000 65.4236832
0.3200000 16.3002224
0.3210000 -54.4127655
0.3220000 34.1404266
0.3230000 -10.1707640
0.3240000 34.5202141
0.3250000 -25.1293240
0.3260000 -7.7850533
0.3270000 14.3361893
0.3280000 99.1822510
0.3290000 42.8784180
0.3300000 -61.6569595
0.3310000 24.4120827
0.3320000 6.4671082
0.3330000 -6.4516220
0.3340000 -50.6908226
0.3350000 20.6394501
0.3360000 53.8873177
0.3370000 30.9604435
0.3380000 33.3753166
0.3390000 -36.8859863
0.3400000 66.6503983
0.3410000 53.6523819
0.3420000 -20.8255062
0.3430000 17.6860600
0.3440000 -42.4347229
0.3450000 66.5368118
0.3460000 12.6129704
0.3470000 -42.2750130
0.3480000 -7.5923829
0.3490000 16.7998104
0.3500000 -69.6488037
0.3510000 48.0074844
0.3520000 30.7338676
0.3530000 -14.1501665
0.3540000 27.2987766
0.3550000 10.1517954
0.3560000 38.3545265
0.3570000 -18.6636105
0.3580000 54.7848663
0.3590000 -30.8466473
0.3600000 -0.8941883
0.3610000 -60.8971252
0.3620000 10.7834396
0.3630000 -10.8205462
0.3640000 35.1723595
0.3650000 2.9417212
0.3660000 13.1790161
0.3670000 7.5223732
0.3680000 -27.5267544
0.3690000 22.0560608
0.3700000 11.9118032
0.3710000 30.5929260
0.3720000 -19.2804184
0.3730000 42.4579735
0.3740000 55.9417915
0.3750000 -12.5910778
0.3760000 41.6395798
0.3770000 -36.8811836
0.3780000 13.7619734
0.3790000 -8.5992975
0.3800000 -10.5349283
0.3810000 -76.7635574
0.3820000 8.2030439
0.3830000 17.2603550
0.3840000 -0.0421845
0.3850000 37.9543915
0.3860000 -37.4751587
0.3870000 -31.9171448
0.3880000 -52.4316216
0.3890000 -60.6979408
0.3900000 2.3871419
0.3910000 -27.9924431
0.3920000 1.6026642
0.3930000 40.5682755
0.3940000 -18.2058964
0.3950000 -2.6678526
0.3960000 8.0838699
0.3970000 35.7593040
0.3980000 22.8115025
0.3990000 34.0658569
0.4000000 61.2377243
0.4010000 -101.2568741
0.4020000 -24.2032795
0.4030000 -0.7993702
0.4040000 -9.1294317
0.4050000 37.0204582
0.4060000 12.0510159
0.4070000 -28.4883633
0.4080000 -112.3754807
0.4090000 8.5404348
0.4100000 -37.7851028
0.4110000 -7.2035508
0.4120000 62.7595711
0.4130000 53.9195747
0.4140000 -29.2163353
0.4150000 11.3678856
0.4160000 6.8558702
0.4170000 25.2188091
0.4180000 -7.1240711
0.4190000 7.9009500
0.4200000 -34.4222908
0.4210000 5.1160932
0.4220000 -34.3734856
0.4230000 -24.7755089
0.4240000 -21.8428078
0.4250000 -30.9727345
0.4260000 -5.5347013
0.4270000 -19.9124317
0.4280000 -13.2722645
0.4290000 53.1091194
0.4300000 19.7833138
0.4310000 -18.7621593
0.4320000 41.0912666
0.4330000 31.9557972
0.4340000 20.9874077
0.4350000 -16.4447918
0.4360000 -38.1210785
0.4370000 -5.9190650
0.4380000 13.9213848
0.4390000 22.8088207
0.4400000 -0.9132243
0.4410000 12.4829826
0.4420000 -66.8950424
0.4430000 13.8110962
0.4440000 52.2363091
0.4450000 -11.4747639
0.4460000 15.7301483
0.4470000 21.8293438
0.4480000 -30.8356647
0.4490000 -20.4045773
0.4500000 -24.2999878
0.4510000 0.5282570
0.4520000 -22.1059151
0.4530000 21.6112270
0.4540000 40.1417122
0.4550000 6.9985776
0.4560000 26.6786690
0.4570000 38.0310287
0.4580000 44.0248260
0.4590000 -21.3484783
0.4600000 20.3601837
0.4610000 38.8709068
0.4620000 -10.9084301
0.4630000 -73.9101181
0.4640000 26.8426552
0.4650000 14.9586878
0.4660000 14.9750490
0.4670000 -9.4008541
0.4680000 -6.7394924
0.4690000 39.5504112
0.4700000 36.0473785
0.4710000 -5.3169880
0.4720000 13.9865913
0.4730000 23.4820194
0.4740000 -17.6332550
0.4750000 5.8793283
0.4760000 -0.0025896
0.4770000 -18.6139736
0.4780000 42.4002800
0.4790000 6.0467825
0.4800000 -63.7112579
0.4810000 -33.2802505
0.4820000 -48.4075890
0.4830000 14.2698174
0.4840000 -1.9010596
0.4850000 -32.5573845
0.4860000 -73.0891495
0.4870000 -33.6622162
0.4880000 26.6692371
0.4890000 50.6957893
0.4900000 0.2887140
0.4910000 -10.1403856
0.4920000 -22.5815392
0.4930000 -18.2528820
0.4940000 -7.8482156
0.4950000 -12.2323437
0.4960000 46.1592712
0.4970000 -55.7970123
0.4980000 -23.3850346
0.4990000 -46.0822029
0.5000000 -3.5479963
0.5010000 60.4068108
0.5020000 -56.8050308
0.5030000 49.8657722
0.5040000 17.1941853
0.5050000 -16.8995399
0.5060000 -3.0204356
0.5070000 46.3626251
0.5080000 -19.4423428
0.5090000 14.5754395
0.5100000 -59.8557510
0.5110000 -20.0549316
0.5120000 31.9854603
0.5130000 -88.0433884
0.5140000 57.1092491
0.5150000 -69.4391861
0.5160000 -73.9056396
0.5170000 16.5776520
0.5180000 1.6768160
0.5190000 -1.8518544
0.5200000 36.5974045
0.5210000 -4.9426050
0.5220000 -18.3600025
0.5230000 17.4834957
0.5240000 27.4262524
0.5250000 -63.1071625
0.5260000 41.1997643
0.5270000 3.2107501
0.5280000 10.5042982
0.5290000 49.0121918
0.5300000 -6.9024386
0.5310000 14.1462278
0.5320000 -6.3931103
0.5330000 -37.2017860
0.5340000 19.3897190
0.5350000 22.1990395
0.5360000 30.1889591
0.5370000 22.7894211
0.5380000 36.5909462
0.5390000 -13.6865854
0.5400000 9.5398674
0.5410000 7.1588202
0.5420000 -46.3112144
0.5430000 34.7279053
0.5440000 -18.7099190
0.5450000 -10.2984610
0.5460000 48.4499893
0.5470000 -35.9439125
0.5480000 -53.8315964
0.5490000 18.6572323
0.5500000 -11.0611029
0.5510000 -72.5578079
0.5520000 -64.6517563
0.5530000 15.2748556
0.5540000 -11.6702681
0.5550000 16.3005695
0.5560000 2.5362604
0.5570000 -28.6539764
0.5580000 -15.3867741
0.5590000 -17.5054245
0.5600000 -10.6364164
0.5610000 -4.0104389
0.5620000 -4.1896596
0.5630000 37.0844650
0.5640000 -11.5604992
0.5650000 -67.7880707
0.5660000 -1.2258792
0.5670000 -49.5365105
0.5680000 -17.9410362
0.5690000 42.7674637
0.5700000 16.7093182
0.5710000 -56.7787704
0.5720000 -37.3323212
0.5730000 38.9074020
0.5740000 28.2316418
0.5750000 -39.9582710
0.5760000 26.6138840
0.5770000 -13.6945868
0.5780000 -4.8987970
0.5790000 17.0521164
0.5800000 -7.4626193
0.5810000 -13.4117861
0.5820000 58.5551109
0.5830000 14.8013725
0.5840000 -42.2445946
0.5850000 -9.9751263
0.5860000 -31.2553539
0.5870000 45.5247726
0.5880000 1.4540201
0.5890000 40.0907478
0.5900000 -4.6049633
0.5910000 57.6003075
0.5920000 -19.5732937
0.5930000 34.7694054
0.5940000 74.9076767
0.5950000 -30.6975498
0.5960000 4.6320100
0.5970000 3.9598544
0.5980000 -52.3973160
0.5990000 -6.1310191
0.6000000 -21.0604324
0.6010000 -46.3720016
0.6020000 12.7493658
0.6030000 -45.2077408
0.6040000 -11.6948614
0.6050000 -41.9750862
0.6060000 -86.4579849
0.6070000 -8.7138891
0.6080000 -22.2233486
0.6090000 10.4573784
0.6100000 9.2408352
0.6110000 -24.1694660
0.6120000 20.0683880
0.6130000 3.8296750
0.6140000 -32.2756462
0.6150000 39.1814842
0.6160000 31.4704666
0.6170000 -9.5382614
0.6180000 98.6052170
0.6190000 -6.2309999
0.6200000 -20.2653713
0.6210000 39.4807816
0.6220000 -24.2864742
0.6230000 20.2156715
0.6240000 -88.6848221
0.6250000 -25.5831547
0.6260000 -3.4721882
0.6270000 -45.7196693
0.6280000 57.6644745
0.6290000 -8.0126629
0.6300000 29.4770184
0.6310000 0.0153847
0.6320000 -1.5643089
0.6330000 2.4431472
0.6340000 -23.7629299
0.6350000 7.2788925
0.6360000 3.6714218
0.6370000 -13.1268120
0.6380000 15.2174425
0.6390000 -8.8111668
0.6400000 -73.4852829
0.6410000 -48.5725899
0.6420000 26.4383564
0.6430000 16.1475353
0.6440000 23.2198200
0.6450000 -17.8285561
0.6460000 7.2339878
0.6470000 59.9408226
0.6480000 12.0356588
0.6490000 -23.7052479
0.6500000 -6.5612760
0.6510000 1.2781146
0.6520000 80.0167923
0.6530000 16.5134506
0.6540000 -4.7233520
0.6550000 15.2879562
0.6560000 56.0959015
0.6570000 -5.9086003
0.6580000 -16.1762829
0.6590000 -9.2723608
0.6600000 26.5314770
0.6610000 19.5230846
0.6620000 52.5822258
0.6630000 -32.7790642
0.6640000 -37.4359703
0.6650000 -24.1481781
0.6660000 -14.6484222
0.6670000 22.6003323
0.6680000 -43.4001656
0.6690000 -22.5532494
0.6700000 4.8735018
0.6710000 3.4645851
0.6720000 -33.4485588
0.6730000 -41.5987244
0.6740000 -40.9754181
0.6750000 24.9119358
0.6760000 22.7233486
0.6770000 2.3961234
0.6780000 8.2188892
0.6790000 10.7830048
0.6800000 -30.3711529
0.6810000 -36.4632492
0.6820000 -5.8524508
0.6830000 15.3359070
0.6840000 -50.1154785
0.6850000 34.2698364
0.6860000 32.4058723
0.6870000 -15.7275906
0.6880000 3.6678381
0.6890000 25.2310314
0.6900000 4.3941865
0.6910000 -10.2289219
0.6920000 48.7404213
0.6930000 5.3054757
0.6940000 13.8152571
0.6950000 16.1049843
0.6960000 -16.6191406
0.6970000 25.1672573
0.6980000 -31.5073986
0.6990000 19.8729992
0.7000000 36.9436302
0.7010000 -22.0685921
0.7020000 -7.0943303
0.7030000 -43.1500778
0.7040000 5.0035071
0.7050000 -18.1449623
0.7060000 -4.2289500
0.7070000 -2.3156438
0.7080000 -13.5232983
0.7090000 41.0143738
0.7100000 28.1672802
0.7110000 -25.8314800
0.7120000 41.2286606
0.7130000 -13.3712683
0.7140000 26.6435680
0.7150000 -1.7200361
0.7160000 1.1314160
0.7170000 -33.1447182
0.7180000 16.0975914
0.7190000 -7.2170324
0.7200000 -19.2406330
0.7210000 -26.9540863
0.7220000 -5.4464459
0.7230000 1.4754982
0.7240000 -0.7296020
0.7250000 -10.2451620
0.7260000 47.5993195
0.7270000 9.0799217
0.7280000 -4.0266786
0.7290000 -5.0831809
0.7300000 9.0502567
0.7310000 18.8418674
0.7320000 -28.6106377
0.7330000 5.1849442
0.7340000 -19.7064514
0.7350000 9.5799780
0.7360000 33.5079498
0.7370000 -69.3605423
0.7380000 43.3728676
0.7390000 -4.8347287
0.7400000 11.5684423
0.7410000 -44.3969650
0.7420000 -23.6038494
0.7430000 48.8360023
0.7440000 -14.9563951
0.7450000 13.7843695
0.7460000 14.8076849
0.7470000 -5.5313663
0.7480000 47.9805527
0.7490000 -1.4970521
0.7500000 61.3126183
0.7510000 -31.6344662
0.7520000 55.5599174
0.7530000 40.1061134
0.7540000 12.1091919
0.7550000 31.2180252
0.7560000 21.0052376
0.7570000 7.6273389
0.7580000 -7.3174605
0.7590000 -68.0269318
0.7600000 18.6142673
0.7610000 -13.2775373
0.7620000 0.4137385
0.7630000 46.4318619
0.7640000 -31.0136204
0.7650000 -33.6796722
0.7660000 -34.0675316
0.7670000 -65.2528229
0.7680000 -7.7047825
0.7690000 15.4567308
0.7700000 3.8545842
0.7710000 -42.5820847
0.7720000 8.3001499
0.7730000 -57.4092636
0.7740000 -44.8927498
0.7750000 5.1143322
0.7760000 -53.9964752
0.7770000 27.7987633
0.7780000 -63.5184975
0.7790000 53.7156982
0.7800000 -29.1880894
0.7810000 41.8743706
0.7820000 13.6723614
0.7830000 8.4017563
0.7840000 11.3063335
0.7850000 79.3161926
0.7860000 -4.1954317
0.7870000 14.4503946
0.7880000 32.2952614
0.7890000 -18.0167217
0.7900000 32.5396538
0.7910000 -44.6578407
0.7920000 -28.7683525
0.7930000 -28.9605789
0.7940000 -10.3665342
0.7950000 59.7095528
0.7960000 -42.9715500
0.7970000 -31.2338390
0.7980000 12.5329447
0.7990000 -50.2907562
0.8000000 -3.5374699
0.8010000 23.9568806
0.8020000 6.4440579
0.8030000 -27.7302570
0.8040000 -14.8685627
0.8050000 86.7034988
0.8060000 -30.0253067
0.8070000 27.0431900
0.8080000 65.0329208
0.8090000 64.6387711
0.8100000 9.4214983
0.8110000 -2.9063635
0.8120000 48.9892387
0.8130000 44.1060753
0.8140000 2.4707930
0.8150000 15.4163961
0.8160000 20.7317772
0.8170000 9.5558348
0.8180000 18.5487423
0.8190000 26.0759106
0.8200000 50.5527420
0.8210000 -14.2488937
0.8220000 -20.1817856
0.8230000 -8.7668352
0.8240000 22.6917400
0.8250000 -35.9485054
0.8260000 17.7645168
0.8270000 12.4158297
0.8280000 3.4885054
0.8290000 -74.3188553
0.8300000 -12.0762672
0.8310000 -7.9214182
0.8320000 46.6850243
0.8330000 8.3412390
0.8340000 -19.8568077
0.8350000 -1.4660542
0.8360000 -15.4805126
0.8370000 -21.7738571
0.8380000 53.2976532
0.8390000 -8.7118359
0.8400000 -13.5320950
0.8410000 -27.0944328
0.8420000 2.6748109
0.8430000 47.4769249
0.8440000 -15.8124046
0.8450000 -37.3462715
0.8460000 60.2796783
0.8470000 8.5495911
0.8480000 -33.2223091
0.8490000 -70.8672867
0.8500000 -41.6053047
0.8510000 -60.5942307
0.8520000 -22.1428089
0.8530000 32.5716209
0.8540000 60.9921761
0.8550000 -2.5616188
0.8560000 80.6048965
0.8570000 8.2820406
0.8580000 20.1442089
0.8590000 31.2629013
0.8600000 76.1239319
0.8610000 -10.4792929
0.8620000 -14.2164049
0.8630000 -26.9006939
0.8640000 7.8277898
0.8650000 -19.3760624
0.8660000 6.8450189
0.8670000 70.6311569
0.8680000 -29.1621647
0.8690000 48.4901352
0.8700000 -29.5606518
0.8710000 -30.9908676
0.8720000 -43.5462761
0.8730000 49.9246864
0.8740000 30.7043648
0.8750000 18.4727573
0.8760000 -36.2151146
0.8770000 4.2649770
0.8780000 -20.3278446
0.8790000 29.7892323
0.8800000 31.5008545
0.8810000 -16.0604343
0.8820000 -58.1566086
0.8830000 30.5605564
0.8840000 -61.7127151
0.8850000 65.2311172
0.8860000 -36.0356331
0.8870000 16.0943699
0.8880000 21.8290939
0.8890000 -1.6130451
0.8900000 -38.7770882
0.8910000 28.2504311
0.8920000 4.3488960
0.8930000 56.2950706
0.8940000 -13.3399038
0.8950000 -66.6649017
0.8960000 -52.6632538
0.8970000 16.9591961
0.8980000 -63.3102074
0.8990000 4.6984110
0.9000000 -11.6709175
0.9010000 -24.7427101
0.9020000 69.6449432
0.9030000 8.9949455
0.9040000 -23.0905094
0.9050000 -13.3679457
0.9060000 -74.2739029
0.9070000 -24.7972221
0.9080000 -49.2304268
0.9090000 -6.4974723
0.9100000 -3.9123123
0.9110000 15.2520866
0.9120000 15.3259125
0.9130000 -16.7504921
0.9140000 -15.9530430
0.9150000 -63.5110550
0.9160000 37.2615814
0.9170000 -4.0478430
0.9180000 32.6611099
0.9190000 62.3100624
0.9200000 -16.3331699
0.9210000 -35.7911682
0.9220000 -16.0737972
0.9230000 40.2926903
0.9240000 -34.4767952
0.9250000 -19.1753407
0.9260000 8.8365040
0.9270000 14.8924150
0.9280000 2.0703502
0.9290000 -43.4476357
0.9300000 -64.4143066
0.9310000 -39.6944618
0.9320000 3.3389039
0.9330000 -4.6228423
0.9340000 -39.7640648
0.9350000 -24.5468769
0.9360000 -6.2819161
0.9370000 -16.5163193
0.9380000 33.6086502
0.9390000 16.8698425
0.9400000 -58.8440971
0.9410000 -41.2273712
0.9420000 19.4932079
0.9430000 43.2746086
0.9440000 32.6805534
0.9450000 22.3326893
0.9460000 0.1411733
0.9470000 6.2842779
0.9480000 -8.9683208
0.9490000 -5.4647279
0.9500000 -7.3094797
0.9510000 1.4159979
0.9520000 -10.5100470
0.9530000 -17.5206814
0.9540000 -7.7002053
0.9550000 -41.5016479
0.9560000 -31.8073006
0.9570000 -11.0997715
0.9580000 6.6352696
0.9590000 9.0810719
0.9600000 9.6778469
0.9610000 -31.3655796
0.9620000 58.5329437
0.9630000 -22.7196503
0.9640000 -6.8355060
0.9650000 38.0410423
0.9660000 -22.1939602
0.9670000 -31.2030907
0.9680000 -14.3392601
0.9690000 -47.1087646
0.9700000 5.8970737
0.9710000 -33.1306915
0.9720000 20.1083603
0.9730000 -43.8198395
0.9740000 1.5554806
0.9750000 -31.1843987
0.9760000 49.6912270
0.9770000 -3.3117905
0.9780000 26.9622879
0.9790000 -57.8866615
0.9800000 -6.8377070
0.9810000 -24.5469570
0.9820000 11.7979822
0.9830000 14.8102360
0.9840000 -47.7266273
0.9850000 -20.9701061
0.9860000 31.2497311
0.9870000 36.4878654
0.9880000 -12.5364122
0.9890000 31.6995487
0.9900000 30.4472256
0.9910000 24.3609905
0.9920000 -19.9675064
0.9930000 -23.7452278
0.9940000 -30.2231445
0.9950000 -10.5030928
0.9960000 11.7051125
0.9970000 39.8827972
0.9980000 -9.3501186
0.9990000 0.4908856
