0.0000000 16.8129025
0.0010000 11.1112490
0.0020000 -27.2966537
0.0030000 -10.8411903
0.0040000 24.2643147
0.0050000 0.0668811
0.0060000 17.5571880
0.0070000 50.7994652
0.0080000 -16.4760818
0.0090000 27.8674412
0.0100000 1.2563621
0.0110000 91.2326202
0.0120000 66.4605484
0.0130000 23.0328522
0.0140000 -57.4806023
0.0150000 7.5769382
0.0160000 -11.7258024
0.0170000 -14.6832809
0.0180000 -16.6716995
0.0190000 12.6336403
0.0200000 -4.6698956
0.0210000 -25.8773460
0.0220000 5.7659340
0.0230000 -20.4821911
0.0240000 -19.0082283
0.0250000 19.4222870
0.0260000 1.2780185
0.0270000 -62.5005188
0.0280000 12.5449848
0.0290000 -8.3968887
0.0300000 -21.3101368
0.0310000 -0.0448166
0.0320000 27.4557953
0.0330000 3.9518735
0.0340000 -19.2387848
0.0350000 35.7615204
0.0360000 -2.3774903
0.0370000 -36.7964058
0.0380000 23.7098522
0.0390000 48.2546501
0.0400000 27.4433289
0.0410000 -5.7421699
0.0420000 -35.3942986
0.0430000 42.0370483
0.0440000 19.5720596
0.0450000 -36.1256218
0.0460000 -54.7027168
0.0470000 37.5737686
0.0480000 -22.9320450
0.0490000 43.4801712
0.0500000 -25.9488125
0.0510000 -27.0641804
0.0520000 -19.7973671
0.0530000 -13.6934071
0.0540000 -34.8553886
0.0550000 23.0572929
0.0560000 19.7163067
0.0570000 -57.5529938
0.0580000 -50.2048302
0.0590000 -20.7573032
0.0600000 26.9946613
0.0610000 0.9167004
0.0620000 35.0148392
0.0630000 -21.0878048
0.0640000 -42.2629623
0.0650000 49.9112740
0.0660000 35.9565659
0.0670000 0.7470200
0.0680000 -28.1858540
0.0690000 -74.8719406
0.0700000 -36.4168396
0.0710000 34.9858971
0.0720000 -18.4545307
0.0730000 -38.0991745
0.0740000 -28.4959755
0.0750000 3.8315253
0.0760000 -35.6486931
0.0770000 31.0188713
0.0780000 17.1173496
0.0790000 -39.2225075
0.0800000 -13.4085808
0.0810000 34.9194260
0.0820000 64.6411133
0.0830000 -24.2682323
0.0840000 -37.5645752
0.0850000 -34.5924911
0.0860000 3.5794947
0.0870000 -59.0042496
0.0880000 -58.4243011
0.0890000 50.9251213
0.0900000 34.3934631
0.0910000 -50.6579742
0.0920000 -37.8273926
0.0930000 -0.4878208
0.0940000 26.8281937
0.0950000 -38.6265793
0.0960000 6.8382635
0.0970000 28.8653412
0.0980000 2.8461564
0.0990000 -0.2137813
0.1000000 3.6944625
0.1010000 -31.3361549
0.1020000 -35.6965942
0.1030000 -18.7833900
0.1040000 53.7545166
0.1050000 -44.3300400
0.1060000 37.2291145
0.1070000 42.5180550
0.1080000 12.2891359
0.1090000 -16.0843697
0.1100000 -59.0590515
0.1110000 -36.4664688
0.1120000 13.2562542
0.1130000 -28.0566692
0.1140000 -52.6685104
0.1150000 93.1489410
0.1160000 37.8346481
0.1170000 -29.8103352
0.1180000 -22.0018578
0.1190000 -6.3992114
0.1200000 -52.7876663
0.1210000 -40.6916580
0.1220000 17.3537693
0.1230000 -60.4539795
0.1240000 10.0493946
0.1250000 -1.3625284
0.1260000 3.2403166
0.1270000 32.4681435
0.1280000 -20.2976570
0.1290000 -60.1697617
0.1300000 -28.1608601
0.1310000 27.7548256
0.1320000 41.2966385
0.1330000 9.2610941
0.1340000 -88.8822174
0.1350000 -20.2250175
0.1360000 46.3854256
0.1370000 1.0619608
0.1380000 5.4346719
0.1390000 42.1488953
0.1400000 -24.9880295
0.1410000 13.7107792
0.1420000 54.2190819
0.1430000 -6.5611901
0.1440000 66.3531647
0.1450000 22.0629768
0.1460000 29.5872631
0.1470000 -53.2572174
0.1480000 -25.3026562
0.1490000 -40.9967804
0.1500000 -77.3273544
0.1510000 22.7582684
0.1520000 -60.4957542
0.1530000 -14.0033760
0.1540000 -36.7927132
0.1550000 -13.8298063
0.1560000 -46.5224876
0.1570000 -28.3281193
0.1580000 43.6897888
0.1590000 -17.4201889
0.1600000 -2.7951484
0.1610000 -24.5838089
0.1620000 -70.9298401
0.1630000 -26.1263618
0.1640000 -27.2905006
0.1650000 -2.2569845
0.1660000 -19.0071621
0.1670000 19.3687305
0.1680000 36.0441170
0.1690000 -30.2251167
0.1700000 19.1066399
0.1710000 69.9823837
0.1720000 82.9373856
0.1730000 -39.1806564
0.1740000 -17.1094875
0.1750000 -28.6288643
0.1760000 15.0650845
0.1770000 -38.3980141
0.1780000 -2.3027475
0.1790000 -17.6343632
0.1800000 -55.4184990
0.1810000 20.6222992
0.1820000 -1.9242108
0.1830000 -4.1909232
0.1840000 -53.9653206
0.1850000 -23.8727188
0.1860000 -11.5979671
0.1870000 -10.8316822
0.1880000 -91.1656418
0.1890000 -3.9341507
0.1900000 -64.2195282
0.1910000 -42.9241867
0.1920000 -8.7839031
0.1930000 43.6603317
0.1940000 -25.8823338
0.1950000 -17.2680340
0.1960000 0.7904202
0.1970000 -49.0662537
0.1980000 -53.5565910
0.1990000 17.2182331
0.2000000 11.3806524
0.2010000 -18.7848225
0.2020000 67.8183289
0.2030000 -64.7303772
0.2040000 -27.4470387
0.2050000 -21.1478043
0.2060000 1.9274020
0.2070000 32.0004616
0.2080000 -92.3028183
0.2090000 45.7803650
0.2100000 14.3803291
0.2110000 1.8194392
0.2120000 64.0425034
0.2130000 46.1277275
0.2140000 -6.6803732
0.2150000 -9.2518597
0.2160000 17.2514687
0.2170000 57.1113091
0.2180000 -5.3459158
0.2190000 59.9773712
0.2200000 -1.2818323
0.2210000 56.3428688
0.2220000 -23.5883999
0.2230000 6.8529973
0.2240000 61.5051003
0.2250000 -25.5839977
0.2260000 21.7201328
0.2270000 4.7898479
0.2280000 11.8379240
0.2290000 62.1507263
0.2300000 -17.5211201
0.2310000 35.0502319
0.2320000 -30.0618248
0.2330000 -48.3369865
0.2340000 23.9523220
0.2350000 60.9473686
0.2360000 -22.3458576
0.2370000 -38.2421913
0.2380000 -2.4179242
0.2390000 -19.0694160
0.2400000 18.0528946
0.2410000 36.5398521
0.2420000 -7.7181759
0.2430000 1.5919561
0.2440000 21.5669479
0.2450000 33.6681671
0.2460000 64.9714203
0.2470000 24.9260731
0.2480000 35.6537857
0.2490000 60.5522804
0.2500000 9.7450104
0.2510000 -55.3954315
0.2520000 -13.0336447
0.2530000 -23.8756161
0.2540000 -37.2013550
0.2550000 -47.0684166
0.2560000 -0.1209275
0.2570000 18.2503204
0.2580000 12.2688541
0.2590000 -39.1984100
0.2600000 -31.8171673
0.2610000 55.9707718
0.2620000 -20.9467316
0.2630000 45.6014366
0.2640000 -108.0008926
0.2650000 -44.3269653
0.2660000 45.8817787
0.2670000 -7.0534124
0.2680000 -40.5688171
0.2690000 32.6996956
0.2700000 -31.9115925
0.2710000 -45.0101509
0.2720000 -54.9264908
0.2730000 -30.3834343
0.2740000 35.2270393
0.2750000 -16.9268131
0.2760000 26.4714375
0.2770000 -22.3503914
0.2780000 6.7489395
0.2790000 40.6575737
0.2800000 -37.8981171
0.2810000 6.5960579
0.2820000 6.2784672
0.2830000 66.0490952
0.2840000 17.4068794
0.2850000 7.8076053
0.2860000 -32.1762772
0.2870000 45.0128632
0.2880000 0.0146162
0.2890000 59.1467133
0.2900000 9.0488853
0.2910000 -2.1117380
0.2920000 6.3162227
0.2930000 2.2936623
0.2940000 -45.2723351
0.2950000 29.4758816
0.2960000 14.8160877
0.2970000 -55.7268372
0.2980000 7.5759053
0.2990000 -0.2470045
0.3000000 -1.8209370
0.3010000 35.6882019
0.3020000 -28.3916721
0.3030000 -59.4337006
0.3040000 -18.4198303
0.3050000 -7.9689054
0.3060000 7.8946171
0.3070000 32.5293579
0.3080000 -1.0110281
0.3090000 -27.6553612
0.3100000 18.5786495
0.3110000 39.5580559
0.3120000 73.3296280
0.3130000 11.2208729
0.3140000 7.3866858
0.3150000 -65.7015762
0.3160000 4.3850689
0.3170000 -63.2577667
0.3180000 -41.9595718
0.3190000 -49.1392212
0.3200000 -86.6032028
0.3210000 26.5411797
0.3220000 7.8891816
0.3230000 -1.8035253
0.3240000 -3.0049851
0.3250000 -58.8549652
0.3260000 -13.1970882
0.3270000 -22.0688648
0.3280000 19.5331821
0.3290000 39.2076645
0.3300000 -4.4252882
0.3310000 -4.4292674
0.3320000 4.3670573
0.3330000 59.8569527
0.3340000 35.1225739
0.3350000 31.5106182
0.3360000 26.9670506
0.3370000 -20.0008678
0.3380000 41.0735550
0.3390000 -34.3029137
0.3400000 -22.4876423
0.3410000 37.2499542
0.3420000 -33.5051041
0.3430000 -11.9529982
0.3440000 13.5806208
0.3450000 -40.5642395
0.3460000 46.9039230
0.3470000 -5.5214243
0.3480000 -53.8957710
0.3490000 -18.9388237
0.3500000 51.4123383
0.3510000 21.4322205
0.3520000 69.2174835
0.3530000 33.5530281
0.3540000 -27.6670189
0.3550000 6.2425489
0.3560000 -27.0732365
0.3570000 52.5252800
0.3580000 19.3120880
0.3590000 -22.1455975
0.3600000 76.5602493
0.3610000 61.3485336
0.3620000 -1.0004383
0.3630000 66.0168076
0.3640000 -73.9158401
0.3650000 20.4945698
0.3660000 -34.3570824
0.3670000 -44.5676346
0.3680000 30.6531258
0.3690000 27.6056690
0.3700000 27.7735767
0.3710000 -25.0999603
0.3720000 -12.2230816
0.3730000 13.5513983
0.3740000 13.3511572
0.3750000 -77.3248901
0.3760000 -76.8291473
0.3770000 -4.2471566
0.3780000 35.1157570
0.3790000 -23.1867123
0.3800000 -1.1423233
0.3810000 -20.6416855
0.3820000 -19.6571636
0.3830000 -30.5050182
0.3840000 -24.0192795
0.3850000 10.4448099
0.3860000 -11.9258184
0.3870000 10.0464230
0.3880000 39.0419159
0.3890000 27.2399158
0.3900000 -15.7266006
0.3910000 -51.6615791
0.3920000 21.9478245
0.3930000 -24.1984291
0.3940000 12.7198067
0.3950000 48.4364281
0.3960000 -92.6719208
0.3970000 -18.2972698
0.3980000 -4.4565597
0.3990000 12.1260672
0.4000000 23.5232239
0.4010000 23.6086464
0.4020000 -34.0576668
0.4030000 -1.4719510
0.4040000 -36.2911224
0.4050000 -20.0208759
0.4060000 43.7767792
0.4070000 35.2670021
0.4080000 -1.9291791
0.4090000 -32.8328781
0.4100000 -6.6194901
0.4110000 34.7100830
0.4120000 44.2559776
0.4130000 -3.6117489
0.4140000 33.5290871
0.4150000 -32.1007385
0.4160000 -48.7925491
0.4170000 -4.7671242
0.4180000 54.7990875
0.4190000 51.0021019
0.4200000 -12.5317240
0.4210000 66.5286026
0.4220000 -7.6359968
0.4230000 -39.7131920
0.4240000 24.5803242
0.4250000 4.2194066
0.4260000 -15.2050047
0.4270000 14.0996113
0.4280000 52.0712395
0.4290000 15.9735250
0.4300000 -22.1297340
0.4310000 -42.0473785
0.4320000 -70.3328857
0.4330000 -29.6287270
0.4340000 -46.6717033
0.4350000 -5.5623765
0.4360000 44.5709953
0.4370000 -66.7136612
0.4380000 38.8071976
0.4390000 9.8107138
0.4400000 40.2376137
0.4410000 9.6040621
0.4420000 43.0301857
0.4430000 30.6125107
0.4440000 -1.1460309
0.4450000 -34.4738083
0.4460000 -16.1564465
0.4470000 -2.5100818
0.4480000 10.7065439
0.4490000 -7.1058798
0.4500000 -40.7162247
0.4510000 9.7709084
0.4520000 12.5270567
0.4530000 4.0479283
0.4540000 11.2711573
0.4550000 -34.1093407
0.4560000 35.3590279
0.4570000 -4.3353195
0.4580000 -12.4616261
0.4590000 14.5744781
0.4600000 -33.0045013
0.4610000 7.8138227
0.4620000 13.6213799
0.4630000 44.9473419
0.4640000 27.5261517
0.4650000 6.8543334
0.4660000 19.4886513
0.4670000 -6.8870544
0.4680000 30.5707588
0.4690000 3.4447625
0.4700000 -16.8745232
0.4710000 28.2498589
0.4720000 23.3777390
0.4730000 -17.6218910
0.4740000 35.2302437
0.4750000 12.5034676
0.4760000 34.0888214
0.4770000 33.2238045
0.4780000 4.7686162
0.4790000 -0.2504934
0.4800000 -34.8965149
0.4810000 33.0430374
0.4820000 23.0815773
0.4830000 17.7232971
0.4840000 2.7626247
0.4850000 -33.9853668
0.4860000 22.9915848
0.4870000 2.8760803
0.4880000 15.5837116
0.4890000 11.4536371
0.4900000 0.6754352
0.4910000 -25.5092087
0.4920000 -12.9318171
0.4930000 -7.8193688
0.4940000 41.6625137
0.4950000 -43.9753838
0.4960000 -53.3944588
0.4970000 -18.6050491
0.4980000 49.5028687
0.4990000 21.3292923
0.5000000 65.1589050
0.5010000 57.5213737
0.5020000 -25.5221500
0.5030000 18.8814735
0.5040000 28.2833557
0.5050000 -22.2612667
0.5060000 -85.9369125
0.5070000 -17.8742676
0.5080000 -3.7254207
0.5090000 -39.0884743
0.5100000 39.6387901
0.5110000 10.4160528
0.5120000 -4.2035232
0.5130000 -11.5713196
0.5140000 45.4533577
0.5150000 -15.7140894
0.5160000 -33.4485283
0.5170000 58.4987450
0.5180000 -16.5336456
0.5190000 28.3762474
0.5200000 -26.8778820
0.5210000 -8.1538553
0.5220000 5.3953271
0.5230000 -2.4057353
0.5240000 9.3263130
0.5250000 54.6140518
0.5260000 19.1831417
0.5270000 13.2058258
0.5280000 -29.7623215
0.5290000 -10.3823128
0.5300000 -34.6041374
0.5310000 -15.9219646
0.5320000 77.4846497
0.5330000 51.5500069
0.5340000 -28.8330040
0.5350000 -20.3483257
0.5360000 4.2333565
0.5370000 11.9680386
0.5380000 34.5737114
0.5390000 12.1540403
0.5400000 21.1181030
0.5410000 -18.8478508
0.5420000 63.5599747
0.5430000 -16.3300362
0.5440000 18.5139141
0.5450000 1.4530865
0.5460000 41.2056656
0.5470000 -72.0522995
0.5480000 -62.4403076
0.5490000 4.8728952
0.5500000 34.6845055
0.5510000 -26.1942711
0.5520000 -18.2015514
0.5530000 -27.4968853
0.5540000 2.7226648
0.5550000 -14.0913754
0.5560000 56.5826950
0.5570000 10.3925667
0.5580000 0.8913252
0.5590000 -34.1274796
0.5600000 16.5700779
0.5610000 -71.2524414
0.5620000 16.8732281
0.5630000 -84.2168198
0.5640000 59.1209869
0.5650000 19.1398849
0.5660000 46.8112259
0.5670000 -50.6439438
0.5680000 37.6473732
0.5690000 -24.3043232
0.5700000 -11.0755348
0.5710000 54.4193840
0.5720000 35.8943062
0.5730000 -6.1016092
0.5740000 -4.1282654
0.5750000 29.0719109
0.5760000 4.4088631
0.5770000 -53.8234901
0.5780000 34.7573318
0.5790000 -12.4499607
0.5800000 10.3294029
0.5810000 -12.0557060
0.5820000 -14.9365730
0.5830000 -82.3205566
0.5840000 -38.3498878
0.5850000 -23.6595764
0.5860000 -33.0940933
0.5870000 -38.6906624
0.5880000 6.6894984
0.5890000 -17.3950500
0.5900000 -23.0567341
0.5910000 -14.9521952
0.5920000 26.4049950
0.5930000 -26.6343155
0.5940000 -17.2251930
0.5950000 35.9412575
0.5960000 24.8754559
0.5970000 6.8913264
0.5980000 6.4487610
0.5990000 62.6865387
0.6000000 6.0399971
0.6010000 19.4678879
0.6020000 -24.1243267
0.6030000 -39.1174965
0.6040000 29.3507099
0.6050000 -31.0227413
0.6060000 -8.6039543
0.6070000 3.6250017
0.6080000 -19.6701374
0.6090000 42.1112900
0.6100000 -40.0043297
0.6110000 4.0712538
0.6120000 -54.5097046
0.6130000 45.1941071
0.6140000 -16.6313438
0.6150000 8.5724545
0.6160000 35.5629463
0.6170000 20.1686268
0.6180000 -4.1238847
0.6190000 18.9495525
0.6200000 -11.3700199
0.6210000 -13.3815851
0.6220000 -44.5038376
0.6230000 34.8334236
0.6240000 12.9809122
0.6250000 -10.4733810
0.6260000 -30.3000069
0.6270000 38.8032990
0.6280000 -76.8780060
0.6290000 -2.0952783
0.6300000 20.9574947
0.6310000 -4.5169182
0.6320000 -3.1314549
0.6330000 -45.7610435
0.6340000 15.1373749
0.6350000 -22.6167011
0.6360000 22.5663776
0.6370000 -47.0346451
0.6380000 12.8717804
0.6390000 -5.3074002
0.6400000 37.9967041
0.6410000 -6.7898898
0.6420000 -37.7786827
0.6430000 68.6224594
0.6440000 11.5173521
0.6450000 -1.6385791
0.6460000 -36.6417885
0.6470000 8.0278282
0.6480000 88.2874603
0.6490000 36.1004372
0.6500000 -71.2151871
0.6510000 -65.1988220
0.6520000 -53.5717850
0.6530000 4.0422192
0.6540000 -10.4282980
0.6550000 -23.9793892
0.6560000 74.0830765
0.6570000 78.6258392
0.6580000 -7.9971690
0.6590000 -29.9557953
0.6600000 0.6041576
0.6610000 -12.6081581
0.6620000 -24.7726974
0.6630000 -43.4907188
0.6640000 -19.1770859
0.6650000 19.8034153
0.6660000 -10.2314091
0.6670000 8.0446863
0.6680000 13.6807108
0.6690000 0.8193703
0.6700000 -1.1762351
0.6710000 17.0897179
0.6720000 5.4903927
0.6730000 -41.3662643
0.6740000 -21.9322739
0.6750000 5.7509427
0.6760000 35.9271049
0.6770000 -4.4846983
0.6780000 -74.7841492
0.6790000 -43.1640015
0.6800000 -2.1789639
0.6810000 12.9207678
0.6820000 -7.3673978
0.6830000 -9.9046755
0.6840000 -49.8894386
0.6850000 37.6223183
0.6860000 -45.0595245
0.6870000 -21.4450741
0.6880000 -25.4459457
0.6890000 -43.2476234
0.6900000 -16.3557472
0.6910000 2.3163686
0.6920000 -20.5547333
0.6930000 85.1532822
0.6940000 37.8238068
0.6950000 27.6090450
0.6960000 64.4824371
0.6970000 29.1092968
0.6980000 -39.6055527
0.6990000 19.4121952
0.7000000 9.1392813
0.7010000 25.3650436
0.7020000 -35.2630196
0.7030000 44.1961212
0.7040000 27.0975647
0.7050000 22.8024540
0.7060000 -44.3359489
0.7070000 2.8134074
0.7080000 49.8737144
0.7090000 66.8849792
0.7100000 8.1730404
0.7110000 -37.1409492
0.7120000 7.4536753
0.7130000 0.0132136
0.7140000 47.0688095
0.7150000 28.9138355
0.7160000 -24.3420391
0.7170000 27.3955822
0.7180000 37.6458321
0.7190000 -14.0063171
0.7200000 -61.9879799
0.7210000 31.8352852
0.7220000 -2.7335520
0.7230000 -14.2648888
0.7240000 3.3019431
0.7250000 -18.9602146
0.7260000 -21.0455666
0.7270000 -2.5832021
0.7280000 50.0807495
0.7290000 -25.9652100
0.7300000 27.2740746
0.7310000 48.7088928
0.7320000 57.8445206
0.7330000 -54.7568436
0.7340000 -3.2279601
0.7350000 -27.1838646
0.7360000 26.0894451
0.7370000 -23.2078915
0.7380000 -10.2752991
0.7390000 26.2298317
0.7400000 17.7665272
0.7410000 -47.0972557
0.7420000 29.8495083
0.7430000 -24.7355576
0.7440000 -3.6034791
0.7450000 -2.6720836
0.7460000 -13.5753469
0.7470000 25.0053177
0.7480000 16.7703094
0.7490000 -4.3755054
0.7500000 29.3335018
0.7510000 -8.1190128
0.7520000 -15.5668917
0.7530000 17.6515541
0.7540000 -19.8915825
0.7550000 -44.0157089
0.7560000 4.4250107
0.7570000 9.5234900
0.7580000 -30.9272747
0.7590000 17.0809650
0.7600000 -40.0297661
0.7610000 59.8267937
0.7620000 -39.7983284
0.7630000 -4.4963408
0.7640000 20.8545094
0.7650000 47.0283394
0.7660000 -28.9985390
0.7670000 7.8911862
0.7680000 5.7072401
0.7690000 -2.6013279
0.7700000 -21.8517761
0.7710000 -2.6457324
0.7720000 6.3931351
0.7730000 52.1147423
0.7740000 -43.5414200
0.7750000 2.1130636
0.7760000 -33.4929543
0.7770000 14.6864424
0.7780000 -16.3138237
0.7790000 -54.5746841
0.7800000 3.0515668
0.7810000 -0.0756900
0.7820000 -31.5657616
0.7830000 -40.7297478
0.7840000 -51.5140648
0.7850000 28.1767406
0.7860000 -7.5752892
0.7870000 33.2588615
0.7880000 -64.9082184
0.7890000 4.9454203
0.7900000 14.8747959
0.7910000 10.8533468
0.7920000 -26.0729160
0.7930000 -8.4361076
0.7940000 6.4661503
0.7950000 78.9173737
0.7960000 82.1293564
0.7970000 31.0391140
0.7980000 10.4701252
0.7990000 -42.6103592
0.8000000 65.5275192
0.8010000 -22.3306408
0.8020000 -25.5651379
0.8030000 14.6592607
0.8040000 -73.3807602
0.8050000 29.1833839
0.8060000 39.0786362
0.8070000 -28.9728451
0.8080000 -4.1142297
0.8090000 30.1414948
0.8100000 24.7754974
0.8110000 7.6831641
0.8120000 -36.5375786
0.8130000 -2.2486660
0.8140000 -19.5876980
0.8150000 -53.1295509
0.8160000 49.4777374
0.8170000 79.1521149
0.8180000 64.5795822
0.8190000 36.5499535
0.8200000 -14.9121904
0.8210000 -59.9135818
0.8220000 -1.9070543
0.8230000 18.6299706
0.8240000 -11.4593306
0.8250000 -2.1829271
0.8260000 22.7149830
0.8270000 -37.7111435
0.8280000 64.6101456
0.8290000 -48.1887321
0.8300000 -7.5213428
0.8310000 14.5024776
0.8320000 12.1847887
0.8330000 -82.9704819
0.8340000 18.0969772
0.8350000 25.5839233
0.8360000 -13.1717691
0.8370000 18.3719501
0.8380000 -47.1882553
0.8390000 -6.2564068
0.8400000 -13.6540861
0.8410000 -26.7362976
0.8420000 23.0713539
0.8430000 -10.4650364
0.8440000 19.4954147
0.8450000 16.4438972
0.8460000 -72.5216980
0.8470000 -1.6921531
0.8480000 23.2436543
0.8490000 23.3013401
0.8500000 -22.4860020
0.8510000 61.0822029
0.8520000 4.5154753
0.8530000 -24.0776005
0.8540000 -8.1133442
0.8550000 -60.2589798
0.8560000 -25.6939259
0.8570000 31.7377892
0.8580000 -44.2818108
0.8590000 68.1666336
0.8600000 -32.3158264
0.8610000 24.0110188
0.8620000 4.4028745
0.8630000 32.9221497
0.8640000 -51.9274597
0.8650000 56.7743950
0.8660000 -5.6472130
0.8670000 -43.2646675
0.8680000 45.4542580
0.8690000 23.9399719
0.8700000 21.7851105
0.8710000 -60.4970894
0.8720000 -40.8555336
0.8730000 -72.4797668
0.8740000 -27.0910015
0.8750000 -6.0283012
0.8760000 -35.0715179
0.8770000 -19.0519199
0.8780000 -1.9725651
0.8790000 -22.8966370
0.8800000 -71.5324020
0.8810000 44.2995453
0.8820000 11.2658386
0.8830000 20.4148827
0.8840000 -17.7582493
0.8850000 -6.4662600
0.8860000 17.2518597
0.8870000 56.7546577
0.8880000 -51.3790779
0.8890000 -68.4554214
0.8900000 17.3413181
0.8910000 -3.3050098
0.8920000 -13.9822521
0.8930000 -3.5636697
0.8940000 -33.8496666
0.8950000 46.1662025
0.8960000 -16.8009930
0.8970000 -23.4391422
0.8980000 -9.8993387
0.8990000 -22.6261482
0.9000000 -51.0242538
0.9010000 -27.3945770
0.9020000 -35.4113922
0.9030000 -25.9740944
0.9040000 -57.8546257
0.9050000 19.8936119
0.9060000 -16.2928333
0.9070000 -19.8628826
0.9080000 -84.0948181
0.9090000 -49.6913643
0.9100000 -58.5997810
0.9110000 49.7761803
0.9120000 27.9820023
0.9130000 -9.2379904
0.9140000 87.8387222
0.9150000 -69.7259293
0.9160000 -54.0061378
0.9170000 33.2444725
0.9180000 -20.7782917
0.9190000 64.3024292
0.9200000 22.2786617
0.9210000 -10.1605434
0.9220000 -13.6602516
0.9230000 -48.2042847
0.9240000 102.2841110
0.9250000 5.8328505
0.9260000 -76.5610733
0.9270000 44.9232101
0.9280000 -0.1661475
0.9290000 18.9984779
0.9300000 39.7946320
0.9310000 -22.9367809
0.9320000 -17.4297352
0.9330000 14.6313553
0.9340000 -16.3565235
0.9350000 47.3344803
0.9360000 65.2341309
0.9370000 22.6771317
0.9380000 1.2052429
0.9390000 -7.3822365
0.9400000 -47.1056480
0.9410000 18.1046429
0.9420000 21.1901512
0.9430000 33.4494476
0.9440000 35.4660187
0.9450000 20.2865658
0.9460000 52.4399605
0.9470000 -25.3992519
0.9480000 -86.7862549
0.9490000 -47.5575981
0.9500000 -38.9321136
0.9510000 0.8315884
0.9520000 -17.6186752
0.9530000 -15.0783482
0.9540000 -3.5424263
0.9550000 -7.5075345
0.9560000 -5.5652785
0.9570000 50.1008987
0.9580000 28.4766712
0.9590000 17.8639107
0.9600000 -54.7255287
0.9610000 2.9133401
0.9620000 34.1738396
0.9630000 -35.8794785
0.9640000 -29.5490570
0.9650000 -51.8731728
0.9660000 2.0469503
0.9670000 -6.3586640
0.9680000 -41.1444206
0.9690000 -2.0900371
0.9700000 -16.4846630
0.9710000 -104.7882538
0.9720000 12.0130997
0.9730000 -9.2819500
0.9740000 77.9316406
0.9750000 -116.3389816
0.9760000 2.1174803
0.9770000 -30.4649124
0.9780000 54.1094284
0.9790000 -45.9156609
0.9800000 -21.7371197
0.9810000 24.9064808
0.9820000 -52.0962830
0.9830000 5.9743910
0.9840000 9.5047541
0.9850000 3.0007453
0.9860000 -19.5028210
0.9870000 -7.2358084
0.9880000 21.2288227
0.9890000 -62.3898125
0.9900000 18.2345505
0.9910000 36.3523903
0.9920000 -37.8024178
0.9930000 -57.8898392
0.9940000 17.3624458
0.9950000 -40.4050560
0.9960000 -6.8534970
0.9970000 -32.8111916
0.9980000 -3.3884466
0.9990000 52.1393776
