0.0000000 72.8824692
0.0010000 90.8778915
0.0020000 -22.1149883
0.0030000 54.1364326
0.0040000 22.4782372
0.0050000 -53.9493256
0.0060000 -8.7900810
0.0070000 -54.5591316
0.0080000 35.1583214
0.0090000 -3.8285398
0.0100000 39.8163605
0.0110000 41.9585152
0.0120000 18.0530777
0.0130000 -26.7747364
0.0140000 32.5564537
0.0150000 42.0704994
0.0160000 -36.7016716
0.0170000 15.1527319
0.0180000 -70.9658890
0.0190000 -8.2435350
0.0200000 36.9695282
0.0210000 4.9309330
0.0220000 -23.5193539
0.0230000 -44.7138710
0.0240000 -15.0857086
0.0250000 22.6835346
0.0260000 -3.6821423
0.0270000 34.5211563
0.0280000 -2.8125439
0.0290000 -16.9008808
0.0300000 10.5513086
0.0310000 9.7230291
0.0320000 -33.3930588
0.0330000 -23.5812359
0.0340000 -5.5969863
0.0350000 50.4846268
0.0360000 -61.4710846
0.0370000 59.7463799
0.0380000 10.9244347
0.0390000 2.6264167
0.0400000 34.1629410
0.0410000 -20.4354630
0.0420000 -39.6469955
0.0430000 17.5557880
0.0440000 23.9064007
0.0450000 -17.9155312
0.0460000 -1.4976454
0.0470000 -15.8742685
0.0480000 25.1018486
0.0490000 24.0243492
0.0500000 0.2109822
0.0510000 -51.8694191
0.0520000 -36.5973778
0.0530000 81.3259735
0.0540000 0.0803589
0.0550000 -30.5168133
0.0560000 -30.0360527
0.0570000 -60.8818245
0.0580000 27.7536831
0.0590000 -11.1142654
0.0600000 42.2220192
0.0610000 -14.3150005
0.0620000 -19.3193703
0.0630000 28.5229969
0.0640000 0.1121949
0.0650000 -49.6886406
0.0660000 7.2367082
0.0670000 21.3233967
0.0680000 4.9862986
0.0690000 24.0916920
0.0700000 -10.8823919
0.0710000 2.9068236
0.0720000 40.7115517
0.0730000 0.6831524
0.0740000 -21.9114399
0.0750000 11.5898495
0.0760000 -18.8367043
0.0770000 10.3114109
0.0780000 -32.6313782
0.0790000 4.3383036
0.0800000 -31.1593552
0.0810000 32.9318314
0.0820000 -3.9586537
0.0830000 28.3413582
0.0840000 -25.2908096
0.0850000 21.2353249
0.0860000 61.0137215
0.0870000 5.5416851
0.0880000 -29.4244804
0.0890000 -39.5859604
0.0900000 27.5563736
0.0910000 47.5596161
0.0920000 67.0156403
0.0930000 -6.3464556
0.0940000 -14.7215261
0.0950000 28.9612064
0.0960000 5.7067542
0.0970000 -32.0437546
0.0980000 44.3308144
0.0990000 -78.1761627
0.1000000 37.0592117
0.1010000 35.8731461
0.1020000 27.2929096
0.1030000 -50.4720078
0.1040000 -4.3800240
0.1050000 -25.0370197
0.1060000 -40.9086266
0.1070000 -50.9700127
0.1080000 -26.0078430
0.1090000 -12.8105984
0.1100000 -3.3486702
0.1110000 -5.0422740
0.1120000 -36.2155724
0.1130000 28.0943737
0.1140000 0.2831264
0.1150000 13.3198509
0.1160000 26.2919025
0.1170000 -12.0910883
0.1180000 -7.8354039
0.1190000 -64.1961517
0.1200000 28.9407177
0.1210000 33.5606194
0.1220000 3.8126831
0.1230000 -37.2653351
0.1240000 -9.8638372
0.1250000 43.5836868
0.1260000 -44.4541092
0.1270000 -25.1609459
0.1280000 -65.3263855
0.1290000 -72.0263596
0.1300000 -13.1713352
0.1310000 43.3899345
0.1320000 29.5541821
0.1330000 17.6274643
0.1340000 7.6215310
0.1350000 -33.2206688
0.1360000 23.0382271
0.1370000 57.2897758
0.1380000 99.3570786
0.1390000 -12.1275501
0.1400000 7.0395527
0.1410000 65.4220581
0.1420000 22.0378017
0.1430000 -25.7391052
0.1440000 -14.0286455
0.1450000 24.5896244
0.1460000 2.3715909
0.1470000 27.1544552
0.1480000 -66.0047607
0.1490000 -43.8681450
0.1500000 -37.1339264
0.1510000 87.1842728
0.1520000 -49.2040558
0.1530000 -43.9984093
0.1540000 45.9509392
0.1550000 12.7552090
0.1560000 -29.9633942
0.1570000 39.7881279
0.1580000 1.5214694
0.1590000 -4.2989535
0.1600000 70.9573441
0.1610000 -22.1961327
0.1620000 13.3873940
0.1630000 22.2649384
0.1640000 46.3096237
0.1650000 34.2974472
0.1660000 5.1656156
0.1670000 24.2912006
0.1680000 -38.0400963
0.1690000 -3.4367850
0.1700000 -58.0370522
0.1710000 0.8285739
0.1720000 36.1605759
0.1730000 30.1648560
0.1740000 17.5425034
0.1750000 25.6376114
0.1760000 -8.0221777
0.1770000 -9.5979195
0.1780000 -69.1307678
0.1790000 -45.2813377
0.1800000 -39.2445374
0.1810000 -33.4493065
0.1820000 34.5160294
0.1830000 -35.4248047
0.1840000 -0.6500888
0.1850000 -58.4902191
0.1860000 31.9442921
0.1870000 9.2682695
0.1880000 9.8656197
0.1890000 36.8039474
0.1900000 3.9610353
0.1910000 -10.8945103
0.1920000 -31.7230415
0.1930000 2.6206574
0.1940000 -20.3393230
0.1950000 -37.2259369
0.1960000 -1.9718914
0.1970000 18.0238171
0.1980000 -38.8784752
0.1990000 46.4067879
0.2000000 -33.7679291
0.2010000 -8.8153534
0.2020000 41.7720451
0.2030000 21.2732010
0.2040000 -15.6541014
0.2050000 -46.7238617
0.2060000 -59.6017303
0.2070000 -16.2955589
0.2080000 21.8799038
0.2090000 -52.4567108
0.2100000 2.3095334
0.2110000 -60.9731979
0.2120000 31.8481083
0.2130000 -32.1423759
0.2140000 48.4398651
0.2150000 23.3116436
0.2160000 -14.1383829
0.2170000 30.7569885
0.2180000 -16.8668537
0.2190000 -35.9594269
0.2200000 -1.4638138
0.2210000 -35.8237190
0.2220000 -8.7239952
0.2230000 28.1017551
0.2240000 -2.3515992
0.2250000 -8.1721449
0.2260000 11.7298555
0.2270000 4.5031266
0.2280000 22.2712765
0.2290000 -15.6563234
0.2300000 -4.2499838
0.2310000 -12.5523758
0.2320000 -21.8341541
0.2330000 42.7047729
0.2340000 -81.1447983
0.2350000 28.0218811
0.2360000 48.8117256
0.2370000 0.9673250
0.2380000 -8.7870865
0.2390000 -8.0081015
0.2400000 18.9665642
0.2410000 -13.9307585
0.2420000 21.9444637
0.2430000 -30.2290897
0.2440000 2.7193043
0.2450000 -79.0271759
0.2460000 -26.3155556
0.2470000 46.9072723
0.2480000 18.7587128
0.2490000 -4.5240326
0.2500000 26.8329430
0.2510000 26.2299232
0.2520000 15.8913212
0.2530000 -33.4649200
0.2540000 -4.7472229
0.2550000 -19.4477425
0.2560000 -26.6879272
0.2570000 -30.9699116
0.2580000 -6.8066182
0.2590000 -6.0506568
0.2600000 22.1727905
0.2610000 -9.8733873
0.2620000 -78.8593826
0.2630000 -46.5729866
0.2640000 -9.8448324
0.2650000 -69.6362000
0.2660000 17.4462681
0.2670000 16.9076538
0.2680000 28.2436180
0.2690000 -13.1101074
0.2700000 -33.3247337
0.2710000 53.3525391
0.2720000 5.2858977
0.2730000 51.9493904
0.2740000 3.1018240
0.2750000 17.0583076
0.2760000 -54.1295929
0.2770000 -3.8848882
0.2780000 -8.3844137
0.2790000 27.1568508
0.2800000 4.0801501
0.2810000 -1.5622118
0.2820000 16.3568878
0.2830000 -69.4802551
0.2840000 -3.9915223
0.2850000 -10.1434536
0.2860000 -51.7169037
0.2870000 17.3024521
0.2880000 2.3250120
0.2890000 24.5841045
0.2900000 -42.7044144
0.2910000 32.7380867
0.2920000 4.6887178
0.2930000 -21.2134399
0.2940000 -21.5021248
0.2950000 -35.3599052
0.2960000 14.0657444
0.2970000 -25.1269722
0.2980000 42.6441956
0.2990000 -10.2746277
0.3000000 -23.5075741
0.3010000 30.6402569
0.3020000 30.8562965
0.3030000 4.4286261
0.3040000 55.3759651
0.3050000 2.9500813
0.3060000 -22.3211460
0.3070000 -51.2108841
0.3080000 0.8807563
0.3090000 -2.6330216
0.3100000 -63.5844688
0.3110000 -12.3249979
0.3120000 26.1731644
0.3130000 31.8853073
0.3140000 5.0882406
0.3150000 -15.8339472
0.3160000 49.5393715
0.3170000 -8.4196014
0.3180000 43.5125084
0.3190000 30.7997341
0.3200000 -2.4517477
0.3210000 22.1384754
0.3220000 37.1151810
0.3230000 -28.1659889
0.3240000 -26.7570419
0.3250000 18.1616821
0.3260000 11.8164349
0.3270000 -46.8600235
0.3280000 -3.2779589
0.3290000 -44.6472664
0.3300000 -0.2266261
0.3310000 -2.5812383
0.3320000 17.9633865
0.3330000 33.9395866
0.3340000 1.4080576
0.3350000 -9.0418015
0.3360000 38.8604851
0.3370000 -33.2722855
0.3380000 -6.4614553
0.3390000 14.8046799
0.3400000 -0.4119121
0.3410000 9.6295433
0.3420000 -23.8521557
0.3430000 64.4001236
0.3440000 6.1446714
0.3450000 -29.4854660
0.3460000 38.0421143
0.3470000 86.2521362
0.3480000 -30.3301888
0.3490000 -7.5697212
0.3500000 -3.6186659
0.3510000 44.6310806
0.3520000 25.1855869
0.3530000 -38.3500519
0.3540000 -51.5945702
0.3550000 28.6431866
0.3560000 31.6873989
0.3570000 -18.6737251
0.3580000 -8.4927454
0.3590000 31.7238808
0.3600000 -18.0416241
0.3610000 -17.8095417
0.3620000 -80.2501450
0.3630000 -12.1587944
0.3640000 -27.7740097
0.3650000 2.0631371
0.3660000 -10.0302219
0.3670000 4.3729820
0.3680000 -33.2425385
0.3690000 31.9448414
0.3700000 15.5925865
0.3710000 -23.1866474
0.3720000 -46.2874718
0.3730000 117.0150375
0.3740000 -8.5308952
0.3750000 -7.7966852
0.3760000 -11.5034485
0.3770000 28.4239445
0.3780000 -50.5079422
0.3790000 -21.9002132
0.3800000 35.0622597
0.3810000 -47.2259369
0.3820000 34.0153236
0.3830000 -25.8804703
0.3840000 -25.7638321
0.3850000 -4.2271748
0.3860000 -8.7957964
0.3870000 -63.8945618
0.3880000 39.8497162
0.3890000 -21.4768486
0.3900000 -9.9993258
0.3910000 16.0449371
0.3920000 -35.2152061
0.3930000 -45.4197350
0.3940000 -47.4298210
0.3950000 -31.9845638
0.3960000 -42.7378006
0.3970000 67.3165283
0.3980000 36.3480606
0.3990000 -1.6800545
0.4000000 31.6198044
0.4010000 -44.6049461
0.4020000 7.5903296
0.4030000 23.4062328
0.4040000 3.8436360
0.4050000 13.3440275
0.4060000 49.9023933
0.4070000 14.1462250
0.4080000 43.4624481
0.4090000 -15.7531729
0.4100000 27.2983456
0.4110000 52.6003723
0.4120000 -15.1413507
0.4130000 49.7235489
0.4140000 -45.7622986
0.4150000 47.0505905
0.4160000 -5.6110172
0.4170000 0.5081334
0.4180000 8.7883492
0.4190000 8.6399450
0.4200000 30.7281418
0.4210000 4.9581742
0.4220000 -8.2721605
0.4230000 -47.3650894
0.4240000 23.1313057
0.4250000 -12.3846655
0.4260000 45.2290459
0.4270000 74.9425964
0.4280000 -11.9900455
0.4290000 2.5418499
0.4300000 -46.0236549
0.4310000 -63.0686378
0.4320000 -1.7763968
0.4330000 -22.7822323
0.4340000 18.1367512
0.4350000 2.5194423
0.4360000 37.7533035
0.4370000 49.0850220
0.4380000 40.7327652
0.4390000 -30.9386940
0.4400000 -44.9781151
0.4410000 38.5015106
0.4420000 -20.3786049
0.4430000 10.7949610
0.4440000 41.0186996
0.4450000 13.7393723
0.4460000 -57.6791687
0.4470000 72.1982193
0.4480000 -13.1223164
0.4490000 -32.4993515
0.4500000 -6.8784437
0.4510000 -36.5985260
0.4520000 -54.4256935
0.4530000 -14.0414734
0.4540000 -13.7060661
0.4550000 -41.8204842
0.4560000 1.9185027
0.4570000 -76.5910416
0.4580000 9.1316824
0.4590000 -47.6567802
0.4600000 -44.1336823
0.4610000 -29.7422218
0.4620000 -33.6207352
0.4630000 -17.6219273
0.4640000 7.7306662
0.4650000 18.5326519
0.4660000 51.3798828
0.4670000 38.0293617
0.4680000 14.0202608
0.4690000 -35.7054367
0.4700000 -18.4161282
0.4710000 30.0708828
0.4720000 15.6285934
0.4730000 -34.9499245
0.4740000 21.4384422
0.4750000 7.9932270
0.4760000 -52.3926277
0.4770000 -11.6296148
0.4780000 41.5488281
0.4790000 7.5667629
0.4800000 18.5806599
0.4810000 58.8839607
0.4820000 -10.7193975
0.4830000 20.6035690
0.4840000 -70.7055740
0.4850000 -39.6579933
0.4860000 -53.7813644
0.4870000 -26.8573341
0.4880000 0.2306107
0.4890000 -15.7856312
0.4900000 -40.0091171
0.4910000 60.8838921
0.4920000 20.0183792
0.4930000 27.2693272
0.4940000 -42.1641197
0.4950000 56.7857132
0.4960000 -13.8857145
0.4970000 4.8736687
0.4980000 -16.4440823
0.4990000 -37.8720016
0.5000000 3.9630241
0.5010000 17.0867691
0.5020000 36.0780563
0.5030000 -24.6550694
0.5040000 -33.4255409
0.5050000 -47.5152016
0.5060000 -3.6838646
0.5070000 12.4929981
0.5080000 -5.4897575
0.5090000 -29.8695660
0.5100000 -28.1540794
0.5110000 99.6951904
0.5120000 -27.2987347
0.5130000 -29.2435417
0.5140000 -1.2125533
0.5150000 46.5054245
0.5160000 -30.9349613
0.5170000 12.7526684
0.5180000 -46.4636192
0.5190000 42.0811653
0.5200000 24.5209236
0.5210000 -6.0187306
0.5220000 52.8451233
0.5230000 -23.6867981
0.5240000 -27.1913548
0.5250000 12.2827663
0.5260000 -5.5042710
0.5270000 36.8416748
0.5280000 -59.3063087
0.5290000 22.5842209
0.5300000 -2.8519197
0.5310000 43.8385239
0.5320000 3.7006919
0.5330000 -26.6359863
0.5340000 -3.3909369
0.5350000 -31.9747696
0.5360000 21.4584198
0.5370000 -5.0029793
0.5380000 29.1417599
0.5390000 -3.7841513
0.5400000 21.7856369
0.5410000 3.6750793
0.5420000 -72.7565460
0.5430000 2.4925725
0.5440000 9.7900066
0.5450000 97.7300415
0.5460000 0.0650867
0.5470000 36.7104912
0.5480000 25.3785896
0.5490000 4.0177088
0.5500000 -50.3801727
0.5510000 46.4983444
0.5520000 -63.2156219
0.5530000 15.8253956
0.5540000 -58.0833588
0.5550000 -20.7162876
0.5560000 -7.9722929
0.5570000 23.1377068
0.5580000 26.4507580
0.5590000 -3.3087702
0.5600000 23.6366119
0.5610000 31.0309696
0.5620000 2.9690900
0.5630000 -44.2311401
0.5640000 -34.7904549
0.5650000 16.4553547
0.5660000 -55.3109589
0.5670000 -5.7966604
0.5680000 79.9671936
0.5690000 42.6439362
0.5700000 -20.0535526
0.5710000 -55.5805397
0.5720000 13.9265518
0.5730000 35.4881592
0.5740000 48.0128860
0.5750000 22.3622322
0.5760000 39.1503754
0.5770000 -56.0659866
0.5780000 -19.8220978
0.5790000 9.0145006
0.5800000 18.6392918
0.5810000 14.3285789
0.5820000 16.0890884
0.5830000 -16.5699921
0.5840000 -32.9659920
0.5850000 -3.9595556
0.5860000 102.3246841
0.5870000 -1.8477380
0.5880000 53.0384064
0.5890000 -11.3703651
0.5900000 31.4097366
0.5910000 57.2777443
0.5920000 25.7980042
0.5930000 50.6272659
0.5940000 -14.4223766
0.5950000 49.2530708
0.5960000 -4.7146349
0.5970000 32.1270409
0.5980000 -9.2639961
0.5990000 40.3219185
0.6000000 8.0137262
0.6010000 50.1336098
0.6020000 62.2471161
0.6030000 5.8796101
0.6040000 -33.6648178
0.6050000 -64.4837418
0.6060000 -16.4138546
0.6070000 -44.9534035
0.6080000 40.7689323
0.6090000 -0.1973347
0.6100000 -13.7084064
0.6110000 -22.7026443
0.6120000 3.7931993
0.6130000 57.9077225
0.6140000 17.0944328
0.6150000 30.1451435
0.6160000 11.6318235
0.6170000 -1.7201248
0.6180000 7.7828956
0.6190000 33.4263458
0.6200000 21.3863678
0.6210000 54.2356148
0.6220000 19.3171787
0.6230000 2.8363194
0.6240000 38.6734161
0.6250000 -23.1575661
0.6260000 42.9424896
0.6270000 2.7203429
0.6280000 9.8703365
0.6290000 21.0863342
0.6300000 -2.7936676
0.6310000 -2.7669897
0.6320000 8.2202263
0.6330000 36.7184105
0.6340000 18.5134106
0.6350000 0.1962447
0.6360000 -4.2165341
0.6370000 -50.9901237
0.6380000 25.1867599
0.6390000 -25.2201538
0.6400000 -58.3565559
0.6410000 -9.8639793
0.6420000 29.1897469
0.6430000 -13.3390903
0.6440000 72.8265457
0.6450000 5.3949170
0.6460000 -26.2946358
0.6470000 9.6838808
0.6480000 -2.8281131
0.6490000 -2.8700395
0.6500000 -56.0438614
0.6510000 43.6245613
0.6520000 -17.3481483
0.6530000 6.6466141
0.6540000 -1.1995664
0.6550000 -10.7161064
0.6560000 -29.8882542
0.6570000 37.6320152
0.6580000 -18.0622368
0.6590000 -3.5554907
0.6600000 1.3847538
0.6610000 -1.2117870
0.6620000 23.5340824
0.6630000 20.6475525
0.6640000 30.0010853
0.6650000 7.1928253
0.6660000 -110.3717422
0.6670000 -61.9697647
0.6680000 -21.4967194
0.6690000 13.3124208
0.6700000 -19.5328178
0.6710000 -42.1858597
0.6720000 -3.8605371
0.6730000 -43.9335022
0.6740000 9.3308325
0.6750000 -31.9299908
0.6760000 23.2670593
0.6770000 -38.5514641
0.6780000 -25.7256718
0.6790000 -27.7142162
0.6800000 12.4107018
0.6810000 -4.4614978
0.6820000 7.5902634
0.6830000 -32.7553635
0.6840000 -24.0289402
0.6850000 -8.0340528
0.6860000 -14.3266335
0.6870000 14.5454302
0.6880000 85.9713745
0.6890000 -7.3743863
0.6900000 0.7793216
0.6910000 50.2308769
0.6920000 -58.3749619
0.6930000 36.7895088
0.6940000 -18.7570400
0.6950000 9.1690817
0.6960000 47.0634003
0.6970000 22.9683876
0.6980000 -19.7182808
0.6990000 9.8789310
0.7000000 37.3191147
0.7010000 -50.8733063
0.7020000 4.1900244
0.7030000 -58.9695358
0.7040000 -38.7628441
0.7050000 36.2574425
0.7060000 -56.2318687
0.7070000 55.0373421
0.7080000 -65.7963791
0.7090000 -11.6594563
0.7100000 -7.7606616
0.7110000 -78.0979462
0.7120000 -0.8233961
0.7130000 32.3468704
0.7140000 -28.6655121
0.7150000 74.6330719
0.7160000 -1.8580090
0.7170000 54.9847641
0.7180000 -25.6896057
0.7190000 7.6046824
0.7200000 18.0596733
0.7210000 6.2211170
0.7220000 -45.2467499
0.7230000 32.6481514
0.7240000 44.6762047
0.7250000 6.8902955
0.7260000 -0.3046598
0.7270000 -22.8464298
0.7280000 -29.9263401
0.7290000 1.0196379
0.7300000 -28.6243744
0.7310000 20.0254860
0.7320000 7.5880685
0.7330000 40.5140038
0.7340000 54.6495247
0.7350000 3.5537457
0.7360000 47.2051773
0.7370000 60.9499016
0.7380000 -23.7255344
0.7390000 -28.3435612
0.7400000 49.4451523
0.7410000 -22.9546680
0.7420000 3.9026568
0.7430000 13.4362831
0.7440000 -18.1927681
0.7450000 -18.2344494
0.7460000 35.8394394
0.7470000 -13.2428179
0.7480000 -5.1595440
0.7490000 -56.9929962
0.7500000 16.3098488
0.7510000 47.1507683
0.7520000 -36.2371750
0.7530000 -8.9121361
0.7540000 2.2128630
0.7550000 -14.8994493
0.7560000 6.9375577
0.7570000 -20.5829086
0.7580000 -34.7897758
0.7590000 -12.5519838
0.7600000 -33.7935181
0.7610000 -51.6844101
0.7620000 -41.6773605
0.7630000 -20.1440754
0.7640000 -0.1414626
0.7650000 -2.6897345
0.7660000 38.2139053
0.7670000 -4.6004424
0.7680000 14.6765461
0.7690000 18.7474461
0.7700000 -64.5176163
0.7710000 -16.3624840
0.7720000 2.8310513
0.7730000 -112.7561569
0.7740000 -14.5315838
0.7750000 50.1873512
0.7760000 -22.9926186
0.7770000 -55.0457993
0.7780000 42.0195007
0.7790000 8.3280993
0.7800000 -23.8461342
0.7810000 -27.2023392
0.7820000 -50.4404106
0.7830000 -20.5214462
0.7840000 -59.7960129
0.7850000 -41.0103111
0.7860000 13.5098677
0.7870000 -4.2497020
0.7880000 42.0222359
0.7890000 5.9450393
0.7900000 -23.4251137
0.7910000 -26.9630280
0.7920000 22.4713306
0.7930000 85.2741318
0.7940000 2.0610776
0.7950000 -0.4756815
0.7960000 -9.3509912
0.7970000 18.1172009
0.7980000 6.4553132
0.7990000 1.6997129
0.8000000 17.4061756
0.8010000 8.8272905
0.8020000 2.2263994
0.8030000 -43.3631096
0.8040000 38.4624138
0.8050000 -1.4682214
0.8060000 3.6574488
0.8070000 47.6481667
0.8080000 -2.5624809
0.8090000 32.4286957
0.8100000 45.8131523
0.8110000 10.5904722
0.8120000 -48.8792000
0.8130000 -52.1706429
0.8140000 16.0962486
0.8150000 -23.6777973
0.8160000 22.3133736
0.8170000 -0.4952851
0.8180000 -159.3646851
0.8190000 -12.6298189
0.8200000 -41.9727631
0.8210000 24.6278229
0.8220000 68.6949768
0.8230000 -22.3721199
0.8240000 19.2776947
0.8250000 -25.4188786
0.8260000 15.1894827
0.8270000 -23.5195351
0.8280000 -55.3976860
0.8290000 6.3004770
0.8300000 26.8256741
0.8310000 -16.8248463
0.8320000 32.5566711
0.8330000 44.0341415
0.8340000 21.1542225
0.8350000 -38.1798210
0.8360000 30.7591915
0.8370000 12.5887461
0.8380000 -3.0481014
0.8390000 -39.0770683
0.8400000 -23.6452656
0.8410000 31.3523731
0.8420000 -34.0647469
0.8430000 -5.8357468
0.8440000 -58.5914993
0.8450000 8.6863136
0.8460000 33.6665344
0.8470000 58.7606888
0.8480000 -9.3259258
0.8490000 -22.3012638
0.8500000 -6.1183057
0.8510000 -6.3229218
0.8520000 -3.3975110
0.8530000 -46.9637413
0.8540000 -5.5172639
0.8550000 36.3325233
0.8560000 65.6571960
0.8570000 -41.9766159
0.8580000 29.1559353
0.8590000 -20.4038429
0.8600000 23.6242943
0.8610000 -38.4988251
0.8620000 10.0877867
0.8630000 -0.3681014
0.8640000 9.6168270
0.8650000 -23.7215672
0.8660000 -18.2436256
0.8670000 -4.1399918
0.8680000 -60.0903397
0.8690000 19.8569508
0.8700000 -63.4686890
0.8710000 1.9488937
0.8720000 -36.6131554
0.8730000 7.0966911
0.8740000 -4.9460564
0.8750000 20.1484814
0.8760000 38.6545868
0.8770000 25.2371674
0.8780000 -48.7159805
0.8790000 7.5475368
0.8800000 -24.3818169
0.8810000 26.7940655
0.8820000 -14.0449352
0.8830000 47.6889648
0.8840000 21.3329506
0.8850000 34.8277092
0.8860000 25.5576077
0.8870000 -15.6494761
0.8880000 59.5751114
0.8890000 5.0932946
0.8900000 -50.0933228
0.8910000 45.4575462
0.8920000 34.4739647
0.8930000 6.3438668
0.8940000 8.2176781
0.8950000 1.6794226
0.8960000 -42.8948479
0.8970000 -4.8416290
0.8980000 -24.1441002
0.8990000 17.4047642
0.9000000 -44.0272026
0.9010000 -55.3078995
0.9020000 -46.3472939
0.9030000 -6.8602099
0.9040000 -3.9670973
0.9050000 0.7214398
0.9060000 10.5189581
0.9070000 8.8575306
0.9080000 45.7540092
0.9090000 -19.3739605
0.9100000 40.8101654
0.9110000 4.4712133
0.9120000 4.5529008
0.9130000 -51.7611732
0.9140000 -55.2513771
0.9150000 -32.0661964
0.9160000 -12.6195030
0.9170000 10.6406412
0.9180000 -29.0248127
0.9190000 -22.8136692
0.9200000 -43.1197052
0.9210000 -28.4995518
0.9220000 -23.7956581
0.9230000 4.2056742
0.9240000 63.4931030
0.9250000 6.5597253
0.9260000 49.7806396
0.9270000 69.0680313
0.9280000 -11.8827953
0.9290000 10.9748020
0.9300000 6.1353331
0.9310000 16.2646160
0.9320000 -76.7227020
0.9330000 3.1776395
0.9340000 -44.2794380
0.9350000 -25.2705898
0.9360000 5.1010771
0.9370000 -7.3499460
0.9380000 1.4887909
0.9390000 23.3644772
0.9400000 16.2338200
0.9410000 69.0154953
0.9420000 -17.5511703
0.9430000 -29.3856850
0.9440000 34.0342178
0.9450000 54.0020905
0.9460000 40.4357567
0.9470000 26.9588013
0.9480000 -32.5855675
0.9490000 -9.7464342
0.9500000 31.9240856
0.9510000 -70.9610062
0.9520000 -16.2235565
0.9530000 39.0286140
0.9540000 -21.0728798
0.9550000 33.1762543
0.9560000 15.3185997
0.9570000 14.9821596
0.9580000 -3.0802314
0.9590000 9.6725502
0.9600000 1.8963867
0.9610000 -20.1397552
0.9620000 -58.2752686
0.9630000 23.9884605
0.9640000 -17.5927906
0.9650000 -26.8885117
0.9660000 7.0878177
0.9670000 101.4006042
0.9680000 10.1954727
0.9690000 -14.4182215
0.9700000 0.4363781
0.9710000 58.8429527
0.9720000 -42.4874725
0.9730000 -1.5491440
0.9740000 -22.8362293
0.9750000 -11.0895882
0.9760000 -31.6228123
0.9770000 -34.2100906
0.9780000 -8.0064306
0.9790000 1.7678285
0.9800000 -3.7995613
0.9810000 19.3726883
0.9820000 0.9056882
0.9830000 22.7790165
0.9840000 -29.8782101
0.9850000 17.1051865
0.9860000 -7.3597641
0.9870000 3.5767672
0.9880000 39.9531364
0.9890000 -15.8117266
0.9900000 8.6745501
0.9910000 0.9459676
0.9920000 32.8797455
0.9930000 -41.2628326
0.9940000 31.8862953
0.9950000 -50.0158234
0.9960000 21.0998268
0.9970000 27.1638107
0.9980000 -62.4794006
0.9990000 69.9664154
