0.0000000 35.8009796
0.0010000 -51.9732552
0.0020000 -61.3728104
0.0030000 -18.4984531
0.0040000 -9.9433537
0.0050000 10.2578220
0.0060000 37.8799362
0.0070000 -54.3213234
0.0080000 54.3645363
0.0090000 -25.2087746
0.0100000 -17.6419926
0.0110000 -4.8171616
0.0120000 -49.9093971
0.0130000 -0.4563716
0.0140000 37.5283241
0.0150000 -32.7813225
0.0160000 28.8188744
0.0170000 70.8699799
0.0180000 24.0674076
0.0190000 -13.7280483
0.0200000 3.9161975
0.0210000 -9.9749889
0.0220000 25.4135170
0.0230000 25.6504078
0.0240000 3.7774625
0.0250000 13.2354136
0.0260000 72.2084579
0.0270000 65.0729141
0.0280000 10.4640169
0.0290000 1.6035825
0.0300000 6.0561786
0.0310000 9.7733459
0.0320000 -35.4350853
0.0330000 76.9855423
0.0340000 20.4076271
0.0350000 18.8496838
0.0360000 -27.2312012
0.0370000 -49.5524101
0.0380000 12.9475117
0.0390000 45.0071564
0.0400000 13.8325729
0.0410000 52.7154160
0.0420000 -60.6455345
0.0430000 -37.9541817
0.0440000 31.4626102
0.0450000 -58.6614494
0.0460000 -4.0745001
0.0470000 23.0390110
0.0480000 -47.0986023
0.0490000 48.4579048
0.0500000 15.3451595
0.0510000 -18.0416431
0.0520000 -20.4180565
0.0530000 34.9145546
0.0540000 -36.8116875
0.0550000 65.5303574
0.0560000 6.0513902
0.0570000 46.6385193
0.0580000 -65.1331100
0.0590000 -12.9447680
0.0600000 -38.6986122
0.0610000 -0.8699418
0.0620000 13.1945887
0.0630000 -21.7344360
0.0640000 -43.2004013
0.0650000 -2.1806216
0.0660000 65.2165375
0.0670000 -15.4167366
0.0680000 7.0859451
0.0690000 -10.3645782
0.0700000 24.7199402
0.0710000 32.0493202
0.0720000 55.4686050
0.0730000 -22.2438126
0.0740000 46.8789711
0.0750000 -50.1316490
0.0760000 18.3198490
0.0770000 -8.7619066
0.0780000 51.0721931
0.0790000 12.1932020
0.0800000 12.7818193
0.0810000 -26.7523289
0.0820000 -10.6928892
0.0830000 5.9712625
0.0840000 18.0998268
0.0850000 13.4711370
0.0860000 20.9214458
0.0870000 -51.5817451
0.0880000 5.0696936
0.0890000 -34.6008949
0.0900000 9.9854336
0.0910000 38.6700706
0.0920000 -6.2003336
0.0930000 -10.6083670
0.0940000 26.0872364
0.0950000 -18.8639736
0.0960000 45.2086525
0.0970000 34.1150780
0.0980000 25.4018974
0.0990000 -14.1645126
0.1000000 -31.3139248
0.1010000 -4.4922309
0.1020000 35.2513008
0.1030000 16.4946766
0.1040000 17.6442852
0.1050000 23.0533581
0.1060000 -15.3420200
0.1070000 6.0164785
0.1080000 16.8312187
0.1090000 -72.7721939
0.1100000 37.5869789
0.1110000 37.7137489
0.1120000 -27.0808620
0.1130000 30.2890549
0.1140000 21.5121517
0.1150000 15.5501699
0.1160000 -50.0951691
0.1170000 -3.3330452
0.1180000 -23.3869915
0.1190000 -7.9086604
0.1200000 34.0114441
0.1210000 22.6250057
0.1220000 -33.0544930
0.1230000 4.0216627
0.1240000 32.3995819
0.1250000 -59.3758011
0.1260000 -6.5737867
0.1270000 20.8333416
0.1280000 -8.8706036
0.1290000 50.1669807
0.1300000 34.1404953
0.1310000 40.8745575
0.1320000 84.7617798
0.1330000 36.0226135
0.1340000 -38.6776276
0.1350000 -27.7029819
0.1360000 24.4996471
0.1370000 4.0148635
0.1380000 20.9399166
0.1390000 -12.8461027
0.1400000 2.5495439
0.1410000 60.9367752
0.1420000 8.3946953
0.1430000 4.5419822
0.1440000 16.8968468
0.1450000 29.3784752
0.1460000 -14.0272894
0.1470000 12.8378201
0.1480000 -14.4213848
0.1490000 32.1554565
0.1500000 -51.1358566
0.1510000 11.6311274
0.1520000 -0.8199263
0.1530000 -1.7197527
0.1540000 34.6467514
0.1550000 10.8588409
0.1560000 -10.5904102
0.1570000 -51.3086319
0.1580000 28.4192600
0.1590000 69.4081573
0.1600000 5.0700831
0.1610000 50.3404083
0.1620000 -10.0341978
0.1630000 1.4471143
0.1640000 -11.1001987
0.1650000 32.0873871
0.1660000 -12.5917501
0.1670000 31.6473503
0.1680000 -0.3098386
0.1690000 73.3705444
0.1700000 -31.1046085
0.1710000 71.7575455
0.1720000 9.0779371
0.1730000 18.1778450
0.1740000 10.8868732
0.1750000 -43.1276779
0.1760000 -41.8740196
0.1770000 9.7851114
0.1780000 67.9658585
0.1790000 46.1769638
0.1800000 -74.7296143
0.1810000 -31.6766281
0.1820000 32.7468910
0.1830000 -69.4845276
0.1840000 -28.9718475
0.1850000 -17.0912666
0.1860000 -19.1417141
0.1870000 17.9881516
0.1880000 -42.9107590
0.1890000 -22.1456394
0.1900000 43.8039551
0.1910000 18.1207314
0.1920000 37.6842728
0.1930000 -10.7400694
0.1940000 -25.7901974
0.1950000 40.6257896
0.1960000 -67.8085022
0.1970000 -16.3003998
0.1980000 -12.1241484
0.1990000 -43.7962379
0.2000000 -10.3335371
0.2010000 19.5393963
0.2020000 -55.0464325
0.2030000 2.7628753
0.2040000 13.2691240
0.2050000 -26.2917004
0.2060000 -33.1981812
0.2070000 59.7756042
0.2080000 -23.5060749
0.2090000 -14.8657951
0.2100000 -3.5789301
0.2110000 16.0505600
0.2120000 -12.4532490
0.2130000 -25.2531891
0.2140000 1.6064214
0.2150000 90.9617691
0.2160000 -15.7897253
0.2170000 -27.4972439
0.2180000 27.7131767
0.2190000 21.4293613
0.2200000 -0.3461297
0.2210000 -7.2737389
0.2220000 13.5003443
0.2230000 10.0517282
0.2240000 -12.5605421
0.2250000 -33.7688866
0.2260000 -80.1813049
0.2270000 26.4901314
0.2280000 34.7808609
0.2290000 15.4886036
0.2300000 44.4702454
0.2310000 32.7299042
0.2320000 1.4557430
0.2330000 -7.9432554
0.2340000 25.0868950
0.2350000 -17.0115852
0.2360000 -14.4372168
0.2370000 -42.2541924
0.2380000 -44.7738876
0.2390000 -11.7705431
0.2400000 -63.5069733
0.2410000 -56.0384827
0.2420000 -25.7096577
0.2430000 -55.8860855
0.2440000 -29.7999535
0.2450000 -27.1967030
0.2460000 47.8892899
0.2470000 2.2754109
0.2480000 -60.5381088
0.2490000 -0.4096835
0.2500000 -36.2404785
0.2510000 42.2629242
0.2520000 44.1486359
0.2530000 41.5060616
0.2540000 0.1885419
0.2550000 9.6222048
0.2560000 41.3694916
0.2570000 18.0068779
0.2580000 67.9887695
0.2590000 -46.9611282
0.2600000 57.7382240
0.2610000 -45.9494476
0.2620000 -0.6869480
0.2630000 16.0102100
0.2640000 27.5901871
0.2650000 -29.3478317
0.2660000 18.7574749
0.2670000 77.7419586
0.2680000 -31.1302242
0.2690000 17.4234447
0.2700000 -48.8659592
0.2710000 -21.5618095
0.2720000 -1.8006656
0.2730000 -54.9099121
0.2740000 0.4573760
0.2750000 12.9674864
0.2760000 31.0845547
0.2770000 52.2432556
0.2780000 -9.7416830
0.2790000 -32.0840225
0.2800000 -24.4250698
0.2810000 39.3195763
0.2820000 40.0034370
0.2830000 -5.5734854
0.2840000 -70.9324341
0.2850000 -11.7054272
0.2860000 -0.9044514
0.2870000 -35.1782112
0.2880000 -25.7594490
0.2890000 -16.3151627
0.2900000 44.4453735
0.2910000 -21.8992748
0.2920000 -6.9544530
0.2930000 34.8061447
0.2940000 -4.1768241
0.2950000 -44.9314270
0.2960000 6.4019365
0.2970000 16.4892464
0.2980000 27.5388145
0.2990000 -42.3639336
0.3000000 -10.1687346
0.3010000 -11.7090559
0.3020000 -17.2524471
0.3030000 28.2757416
0.3040000 -39.6435738
0.3050000 44.3268318
0.3060000 -8.8560963
0.3070000 -24.9143295
0.3080000 -11.2729082
0.3090000 29.3585224
0.3100000 -43.0125465
0.3110000 -1.3143312
0.3120000 31.3082161
0.3130000 33.2502556
0.3140000 -0.1082447
0.3150000 3.6478868
0.3160000 -39.9938164
0.3170000 11.4724007
0.3180000 -20.4242039
0.3190000 -28.4349575
0.3200000 -30.1983528
0.3210000 -13.5700407
0.3220000 -19.3906937
0.3230000 -89.3821869
0.3240000 18.7955494
0.3250000 33.9086571
0.3260000 -52.9099503
0.3270000 107.0341568
0.3280000 -11.2035713
0.3290000 -6.2171855
0.3300000 -30.9688129
0.3310000 -19.0638084
0.3320000 -11.6583443
0.3330000 -12.9728327
0.3340000 -21.1226501
0.3350000 -43.2941246
0.3360000 -22.1205673
0.3370000 -56.5785713
0.3380000 1.3466964
0.3390000 35.4614182
0.3400000 -61.1277733
0.3410000 37.6341515
0.3420000 -9.8179808
0.3430000 -11.0974865
0.3440000 -10.8463631
0.3450000 72.3350525
0.3460000 5.7064791
0.3470000 45.2287331
0.3480000 -16.1093349
0.3490000 -42.4199562
0.3500000 -54.2653313
0.3510000 21.3872509
0.3520000 -2.4285238
0.3530000 -14.0097103
0.3540000 -20.2153969
0.3550000 -33.5404320
0.3560000 37.9299469
0.3570000 39.2900505
0.3580000 14.1731749
0.3590000 -38.3320503
0.3600000 -46.7149086
0.3610000 -18.0993023
0.3620000 -19.8834248
0.3630000 55.5985870
0.3640000 2.3988824
0.3650000 20.7204037
0.3660000 25.8632469
0.3670000 -54.3873367
0.3680000 -14.6883087
0.3690000 51.5255661
0.3700000 -0.6065783
0.3710000 55.0807953
0.3720000 -40.7902946
0.3730000 9.8149643
0.3740000 60.8554192
0.3750000 65.6020660
0.3760000 -42.6424866
0.3770000 -65.7861328
0.3780000 -21.2052574
0.3790000 59.6915131
0.3800000 -11.7742834
0.3810000 12.1566067
0.3820000 2.1912868
0.3830000 54.3224907
0.3840000 -34.7445717
0.3850000 21.5806541
0.3860000 -46.1464310
0.3870000 45.0322189
0.3880000 43.3818855
0.3890000 67.6454086
0.3900000 -14.3592062
0.3910000 -6.1961322
0.3920000 -3.6101987
0.3930000 36.4942360
0.3940000 14.2264175
0.3950000 26.9674377
0.3960000 17.6830349
0.3970000 17.5427341
0.3980000 9.3440351
0.3990000 56.8422089
0.4000000 -19.9426517
0.4010000 25.6323566
0.4020000 10.7256203
0.4030000 -21.1143970
0.4040000 -13.0862198
0.4050000 -25.7015648
0.4060000 34.4523811
0.4070000 8.9917364
0.4080000 -19.9048405
0.4090000 40.2971802
0.4100000 -52.2761383
0.4110000 -7.9039249
0.4120000 -37.6702919
0.4130000 -25.1527748
0.4140000 -5.6373692
0.4150000 -51.9894600
0.4160000 -6.3036218
0.4170000 41.2498894
0.4180000 13.4672976
0.4190000 -63.6143456
0.4200000 -1.6634169
0.4210000 0.7426163
0.4220000 2.6949337
0.4230000 -24.3783417
0.4240000 47.9244881
0.4250000 23.9112301
0.4260000 -16.9438572
0.4270000 -35.6102448
0.4280000 -6.3794160
0.4290000 0.5518299
0.4300000 -39.0303459
0.4310000 13.7769537
0.4320000 -2.2153916
0.4330000 14.5000467
0.4340000 23.9824677
0.4350000 9.2398081
0.4360000 -33.3715172
0.4370000 -8.1995144
0.4380000 -71.3338699
0.4390000 25.8373604
0.4400000 23.6177197
0.4410000 -4.2379851
0.4420000 -3.0264606
0.4430000 61.9322395
0.4440000 -70.0925217
0.4450000 1.6326939
0.4460000 13.9954777
0.4470000 -35.2721100
0.4480000 -53.0190735
0.4490000 7.9222875
0.4500000 -13.1104937
0.4510000 -2.0283959
0.4520000 37.9948616
0.4530000 -18.6588459
0.4540000 -50.9986801
0.4550000 29.1440048
0.4560000 49.0205994
0.4570000 27.1076813
0.4580000 25.0132961
0.4590000 -7.3021207
0.4600000 -50.6513786
0.4610000 -50.2196884
0.4620000 -22.0138950
0.4630000 21.7082615
0.4640000 -13.6576605
0.4650000 2.0816872
0.4660000 -13.2079248
0.4670000 66.1756210
0.4680000 34.7402763
0.4690000 42.6949844
0.4700000 -31.5356979
0.4710000 -6.8745604
0.4720000 0.1898073
0.4730000 -4.7182937
0.4740000 -50.2875900
0.4750000 -59.9844170
0.4760000 -33.9180298
0.4770000 -37.5742722
0.4780000 13.1300974
0.4790000 41.3428459
0.4800000 -15.7576237
0.4810000 -49.8020592
0.4820000 -29.3654041
0.4830000 45.3266869
0.4840000 -53.3256149
0.4850000 -10.8245440
0.4860000 -22.1600609
0.4870000 39.6198235
0.4880000 22.1546497
0.4890000 -35.8549194
0.4900000 -19.3597240
0.4910000 -31.6003017
0.4920000 27.2046318
0.4930000 -16.5130901
0.4940000 -44.3868484
0.4950000 -26.1537819
0.4960000 5.8252888
0.4970000 -17.5759125
0.4980000 16.6176243
0.4990000 -73.7021103
0.5000000 13.1121426
0.5010000 19.4166222
0.5020000 -29.7080841
0.5030000 14.9654961
0.5040000 -13.1505795
0.5050000 -43.2191315
0.5060000 -34.8152809
0.5070000 -9.5416775
0.5080000 9.8156404
0.5090000 21.4540920
0.5100000 29.2885361
0.5110000 -32.8775520
0.5120000 22.9034843
0.5130000 18.1749458
0.5140000 47.0608330
0.5150000 26.7159176
0.5160000 -35.0053062
0.5170000 -30.3976936
0.5180000 -16.5892067
0.5190000 -1.9253352
0.5200000 -21.2046413
0.5210000 12.8382568
0.5220000 -20.2321110
0.5230000 -50.7895851
0.5240000 71.8957062
0.5250000 -85.0013351
0.5260000 56.5159149
0.5270000 -40.5294342
0.5280000 -54.5472069
0.5290000 8.3654757
0.5300000 54.4259949
0.5310000 -25.6342411
0.5320000 -45.7799263
0.5330000 5.4693570
0.5340000 44.2933922
0.5350000 54.7235527
0.5360000 -23.9578934
0.5370000 53.5847511
0.5380000 23.5006161
0.5390000 95.0687103
0.5400000 -14.5238924
0.5410000 -55.5790024
0.5420000 29.9170074
0.5430000 -47.6009979
0.5440000 22.9069920
0.5450000 35.9628334
0.5460000 31.9468746
0.5470000 40.9006348
0.5480000 10.7813683
0.5490000 -7.5946636
0.5500000 -22.0439415
0.5510000 56.8075905
0.5520000 -26.6889744
0.5530000 17.6004143
0.5540000 51.5227470
0.5550000 -64.7808228
0.5560000 45.9613647
0.5570000 12.9987507
0.5580000 38.2072945
0.5590000 -11.4031200
0.5600000 -24.3987141
0.5610000 0.8340012
0.5620000 11.3885927
0.5630000 -8.8810244
0.5640000 -42.8425827
0.5650000 13.5554171
0.5660000 -45.8492126
0.5670000 -40.0364380
0.5680000 -21.4181633
0.5690000 -50.6897125
0.5700000 39.0484467
0.5710000 37.8094978
0.5720000 -27.7441521
0.5730000 20.3320370
0.5740000 -29.0702572
0.5750000 36.2156906
0.5760000 91.8301468
0.5770000 -25.9900875
0.5780000 -5.3347039
0.5790000 -10.8440428
0.5800000 -36.5151596
0.5810000 -41.3652191
0.5820000 -12.4174805
0.5830000 -3.2978683
0.5840000 21.0419617
0.5850000 1.1603841
0.5860000 -35.1947327
0.5870000 -7.1526690
0.5880000 59.0983543
0.5890000 -2.2522058
0.5900000 -7.3733754
0.5910000 -9.8094025
0.5920000 -22.2978210
0.5930000 77.7169113
0.5940000 -6.5912476
0.5950000 1.8826621
0.5960000 31.4143066
0.5970000 -8.1308746
0.5980000 16.4215965
0.5990000 -30.5992775
0.6000000 -8.8842421
0.6010000 -42.3287849
0.6020000 -1.0992334
0.6030000 -2.1387985
0.6040000 -14.8539925
0.6050000 -36.2153435
0.6060000 -66.6098175
0.6070000 -6.3414917
0.6080000 -7.6699610
0.6090000 6.1532192
0.6100000 14.0386686
0.6110000 15.4909725
0.6120000 -15.2387085
0.6130000 -75.7267990
0.6140000 -18.2350807
0.6150000 59.3745995
0.6160000 39.5350075
0.6170000 -33.5165558
0.6180000 37.0292130
0.6190000 -40.2583313
0.6200000 32.7354317
0.6210000 -65.9792862
0.6220000 73.1977005
0.6230000 48.9745674
0.6240000 -57.3945770
0.6250000 6.4850011
0.6260000 45.4355240
0.6270000 0.4387966
0.6280000 -24.4790211
0.6290000 -30.8682880
0.6300000 7.0773969
0.6310000 -21.4376450
0.6320000 -26.1151123
0.6330000 -38.8875809
0.6340000 -20.1753273
0.6350000 -62.7352295
0.6360000 -16.6319256
0.6370000 -30.6427059
0.6380000 -29.6346931
0.6390000 -74.3350830
0.6400000 11.7780037
0.6410000 -62.5085068
0.6420000 -11.4216757
0.6430000 -0.0249689
0.6440000 18.8369217
0.6450000 17.0551472
0.6460000 -39.8799591
0.6470000 15.4931116
0.6480000 -4.4183564
0.6490000 41.2935219
0.6500000 11.2466221
0.6510000 17.1710339
0.6520000 8.7445965
0.6530000 14.9819117
0.6540000 32.0278778
0.6550000 62.1563759
0.6560000 -4.8414931
0.6570000 6.0114017
0.6580000 38.1238213
0.6590000 36.7362213
0.6600000 -26.3902683
0.6610000 -75.3672714
0.6620000 -20.1395206
0.6630000 16.6864929
0.6640000 -15.5230589
0.6650000 -40.7187462
0.6660000 -2.7465930
0.6670000 47.7038765
0.6680000 -29.9656849
0.6690000 -9.8985395
0.6700000 -44.9735260
0.6710000 7.8347721
0.6720000 -34.4912643
0.6730000 30.4340382
0.6740000 1.7174104
0.6750000 60.6293716
0.6760000 13.4037800
0.6770000 -28.8985023
0.6780000 45.6987343
0.6790000 -19.8560486
0.6800000 43.9057579
0.6810000 7.9754424
0.6820000 -29.3830528
0.6830000 27.2263145
0.6840000 14.0028429
0.6850000 31.1600170
0.6860000 15.5998936
0.6870000 3.4386938
0.6880000 17.7859535
0.6890000 -23.2149258
0.6900000 -40.1571732
0.6910000 41.6927414
0.6920000 -41.7756691
0.6930000 -56.3532295
0.6940000 10.7947054
0.6950000 30.4290218
0.6960000 65.0587006
0.6970000 -12.3602877
0.6980000 -3.8414674
0.6990000 25.3344479
0.7000000 21.8178806
0.7010000 10.8909683
0.7020000 0.8834156
0.7030000 61.2027512
0.7040000 17.6258030
0.7050000 43.1516190
0.7060000 -5.5568790
0.7070000 17.8266773
0.7080000 8.7460957
0.7090000 40.6571770
0.7100000 -9.5013103
0.7110000 22.6663475
0.7120000 36.5835571
0.7130000 -31.6630287
0.7140000 -9.0432825
0.7150000 30.7319851
0.7160000 40.9921646
0.7170000 -4.6920142
0.7180000 20.0765610
0.7190000 1.2605504
0.7200000 15.1584520
0.7210000 5.9803481
0.7220000 -49.0820503
0.7230000 41.1985474
0.7240000 -18.1997623
0.7250000 36.5719414
0.7260000 33.4735603
0.7270000 22.5327663
0.7280000 6.7192416
0.7290000 -41.9993935
0.7300000 13.5411615
0.7310000 1.7488854
0.7320000 69.5997162
0.7330000 33.2914124
0.7340000 -1.0442886
0.7350000 33.1761436
0.7360000 36.8257141
0.7370000 18.1550102
0.7380000 25.5868092
0.7390000 -57.0076103
0.7400000 -26.8741188
0.7410000 -22.1438694
0.7420000 -76.7767715
0.7430000 -21.4389896
0.7440000 -37.1131477
0.7450000 21.2278080
0.7460000 80.5953064
0.7470000 -31.4473915
0.7480000 28.3008099
0.7490000 -42.6412125
0.7500000 111.3027344
0.7510000 -15.5547533
0.7520000 11.9311047
0.7530000 -15.2106009
0.7540000 7.7731996
0.7550000 -22.5748386
0.7560000 6.6007967
0.7570000 -90.5989304
0.7580000 5.2588878
0.7590000 32.0344467
0.7600000 1.1368773
0.7610000 -49.3228455
0.7620000 -67.5411453
0.7630000 -24.9774876
0.7640000 -23.9049492
0.7650000 99.2814789
0.7660000 -74.5871582
0.7670000 -11.2730570
0.7680000 -24.5161610
0.7690000 61.0867500
0.7700000 27.9259701
0.7710000 -42.0568428
0.7720000 -35.3876114
0.7730000 49.1852303
0.7740000 -62.5168915
0.7750000 -11.1968575
0.7760000 -10.0095234
0.7770000 24.0144062
0.7780000 -15.1913166
0.7790000 -25.7096348
0.7800000 -42.2360344
0.7810000 26.7889862
0.7820000 -28.5364475
0.7830000 -30.8715363
0.7840000 36.2758522
0.7850000 -59.2624359
0.7860000 58.6649094
0.7870000 38.0266380
0.7880000 -25.6152954
0.7890000 -22.1630268
0.7900000 50.9456024
0.7910000 1.4572933
0.7920000 16.6146183
0.7930000 -44.0745735
0.7940000 5.6936712
0.7950000 -6.7862649
0.7960000 -47.0322113
0.7970000 -120.5106125
0.7980000 0.1801939
0.7990000 17.0512333
0.8000000 28.3122005
0.8010000 15.5357704
0.8020000 8.7233925
0.8030000 -34.0419044
0.8040000 35.2226105
0.8050000 19.2172508
0.8060000 -9.5462132
0.8070000 -8.4468241
0.8080000 11.5451393
0.8090000 -15.7807131
0.8100000 23.1972351
0.8110000 67.4814301
0.8120000 -2.6331956
0.8130000 24.6642094
0.8140000 77.7263107
0.8150000 2.1748490
0.8160000 23.6880302
0.8170000 19.0934734
0.8180000 40.9252548
0.8190000 -4.7294202
0.8200000 9.8317356
0.8210000 53.3804398
0.8220000 29.2415066
0.8230000 -31.0157242
0.8240000 17.9585781
0.8250000 17.3914852
0.8260000 22.4448872
0.8270000 -28.7200127
0.8280000 1.7377986
0.8290000 28.1429005
0.8300000 -63.5978050
0.8310000 14.3001280
0.8320000 120.0514145
0.8330000 -14.7835379
0.8340000 19.5602093
0.8350000 -40.1348076
0.8360000 8.0583067
0.8370000 -18.5191193
0.8380000 47.3944969
0.8390000 -29.1979008
0.8400000 50.5571976
0.8410000 -49.1742630
0.8420000 -40.2613792
0.8430000 -2.4142578
0.8440000 -50.9837112
0.8450000 2.4620166
0.8460000 -45.7703133
0.8470000 1.4413818
0.8480000 -74.9226532
0.8490000 -3.3693745
0.8500000 25.6051235
0.8510000 -4.5144420
0.8520000 29.1614017
0.8530000 -17.7738285
0.8540000 -2.1355860
0.8550000 -3.1340280
0.8560000 -55.7274323
0.8570000 -21.1209335
0.8580000 14.2186184
0.8590000 -5.3528209
0.8600000 6.3546720
0.8610000 -10.0856934
0.8620000 -41.7593842
0.8630000 -19.6310253
0.8640000 -26.3245888
0.8650000 0.8278283
0.8660000 -28.2463627
0.8670000 37.0832291
0.8680000 10.1150713
0.8690000 -84.8023911
0.8700000 -31.8629341
0.8710000 -29.1686459
0.8720000 54.6542549
0.8730000 -10.4408054
0.8740000 0.3468730
0.8750000 24.8236485
0.8760000 28.4384956
0.8770000 -17.8756008
0.8780000 4.7814479
0.8790000 -52.2451553
0.8800000 -28.1596947
0.8810000 -1.8513640
0.8820000 55.2843933
0.8830000 62.1123581
0.8840000 4.2818627
0.8850000 18.3014469
0.8860000 18.1112041
0.8870000 21.2701588
0.8880000 -45.5020790
0.8890000 -25.9128437
0.8900000 12.9704952
0.8910000 26.9478779
0.8920000 -27.2525291
0.8930000 -18.5255680
0.8940000 41.0907097
0.8950000 16.5698318
0.8960000 51.5876617
0.8970000 -35.2456017
0.8980000 38.9628067
0.8990000 9.7337351
0.9000000 -30.6628914
0.9010000 -34.5747833
0.9020000 -49.0587616
0.9030000 -34.7888565
0.9040000 -4.5082946
0.9050000 -17.0575790
0.9060000 43.6079788
0.9070000 7.0084996
0.9080000 -23.2462482
0.9090000 -19.2799950
0.9100000 -21.5119152
0.9110000 51.3036957
0.9120000 28.5379047
0.9130000 -16.0330658
0.9140000 -12.0468550
0.9150000 -11.7754612
0.9160000 9.6096087
0.9170000 -42.3358269
0.9180000 37.3998413
0.9190000 4.2776656
0.9200000 -11.0943785
0.9210000 26.5446491
0.9220000 -19.4889202
0.9230000 0.9448084
0.9240000 -12.3982935
0.9250000 -1.8508258
0.9260000 -28.8544178
0.9270000 4.8787885
0.9280000 -5.3606844
0.9290000 -28.8353596
0.9300000 113.5541763
0.9310000 31.9887352
0.9320000 39.0815392
0.9330000 -20.9373417
0.9340000 -37.5008469
0.9350000 -60.5062714
0.9360000 -9.9882116
0.9370000 -13.1429892
0.9380000 13.2542877
0.9390000 0.0751248
0.9400000 -48.6250420
0.9410000 17.0340519
0.9420000 -15.8416224
0.9430000 7.4666967
0.9440000 74.9030075
0.9450000 18.1669407
0.9460000 8.7408953
0.9470000 -14.3333750
0.9480000 1.9238456
0.9490000 -39.2102242
0.9500000 -10.9779215
0.9510000 14.6009254
0.9520000 24.2113590
0.9530000 6.5977421
0.9540000 -7.8885770
0.9550000 -27.6510735
0.9560000 7.2432775
0.9570000 -47.7829628
0.9580000 4.4287424
0.9590000 -13.1058559
0.9600000 -8.8255854
0.9610000 41.6580620
0.9620000 -18.7011242
0.9630000 -49.9906654
0.9640000 8.2348766
0.9650000 12.7185688
0.9660000 -12.3768997
0.9670000 -14.1091805
0.9680000 -13.2880716
0.9690000 -4.2577853
0.9700000 30.7275066
0.9710000 8.4757442
0.9720000 -17.1428986
0.9730000 -47.6071434
0.9740000 -59.7198029
0.9750000 8.1811876
0.9760000 -26.8514595
0.9770000 34.2964630
0.9780000 -15.4591866
0.9790000 -51.7417107
0.9800000 29.0245762
0.9810000 -9.8839140
0.9820000 -49.0140724
0.9830000 1.0915548
0.9840000 -19.0422802
0.9850000 -29.7888412
0.9860000 -16.5769005
0.9870000 28.1434841
0.9880000 -19.3476048
0.9890000 -9.5621548
0.9900000 -80.1229935
0.9910000 -16.4408188
0.9920000 64.2430420
0.9930000 59.8747292
0.9940000 -20.4016724
0.9950000 5.3306732
0.9960000 -23.6072960
0.9970000 10.9825058
0.9980000 -51.5290184
0.9990000 -16.9768314
