0.0000000 -31.8623447
0.0010000 -56.7735252
0.0020000 11.7634382
0.0030000 -65.1655884
0.0040000 50.2775803
0.0050000 26.2343636
0.0060000 11.6744452
0.0070000 -40.7187080
0.0080000 -45.6494446
0.0090000 80.0545578
0.0100000 -27.9962921
0.0110000 -9.6731033
0.0120000 -43.9932327
0.0130000 -17.8171215
0.0140000 31.5075474
0.0150000 -60.0682297
0.0160000 9.9619246
0.0170000 -50.4683723
0.0180000 30.1374989
0.0190000 -23.4628429
0.0200000 26.2785435
0.0210000 -11.9014273
0.0220000 16.6922169
0.0230000 1.3375582
0.0240000 -35.9921875
0.0250000 -34.1728668
0.0260000 -24.9748535
0.0270000 46.9922981
0.0280000 91.1393967
0.0290000 74.6770630
0.0300000 45.5565147
0.0310000 33.8529091
0.0320000 -0.1033221
0.0330000 -11.1036148
0.0340000 16.9039974
0.0350000 1.6873684
0.0360000 -23.8104992
0.0370000 3.8865726
0.0380000 7.9496183
0.0390000 -54.0330963
0.0400000 34.6989174
0.0410000 -33.7283936
0.0420000 47.4774284
0.0430000 53.7646408
0.0440000 21.8042583
0.0450000 -12.5405617
0.0460000 -51.1433182
0.0470000 39.8310585
0.0480000 -10.5625582
0.0490000 27.6824512
0.0500000 -56.5447960
0.0510000 43.7501259
0.0520000 34.2208710
0.0530000 -2.9859288
0.0540000 8.7990627
0.0550000 31.9492836
0.0560000 14.3506517
0.0570000 57.7056885
0.0580000 -45.1646805
0.0590000 -31.5506248
0.0600000 -1.2323010
0.0610000 4.6768885
0.0620000 24.9377193
0.0630000 -73.0123978
0.0640000 7.4157681
0.0650000 32.8348732
0.0660000 7.7912998
0.0670000 -30.2779293
0.0680000 -16.1997490
0.0690000 -32.4972229
0.0700000 77.8159637
0.0710000 -76.0160522
0.0720000 -51.4245071
0.0730000 31.3372364
0.0740000 -28.3469353
0.0750000 -44.0690689
0.0760000 20.4168949
0.0770000 -29.6467609
0.0780000 30.3793659
0.0790000 -32.8620224
0.0800000 -22.0354824
0.0810000 8.7215662
0.0820000 32.4632797
0.0830000 4.2305899
0.0840000 64.6420364
0.0850000 19.0273933
0.0860000 28.6066761
0.0870000 22.8565521
0.0880000 -21.4835854
0.0890000 -35.8425407
0.0900000 19.8616829
0.0910000 -12.6104136
0.0920000 -78.3571548
0.0930000 12.0469933
0.0940000 -67.7146225
0.0950000 -6.5202003
0.0960000 -85.2325439
0.0970000 -6.2395635
0.0980000 -32.6286392
0.0990000 -32.0367775
0.1000000 -41.2692146
0.1010000 8.7399168
0.1020000 -35.3031273
0.1030000 -70.6112366
0.1040000 11.1415596
0.1050000 27.7598095
0.1060000 -23.2969990
0.1070000 1.2220353
0.1080000 3.3576205
0.1090000 3.0118580
0.1100000 -46.1085014
0.1110000 88.9041748
0.1120000 -31.7763233
0.1130000 -0.6599948
0.1140000 25.8827686
0.1150000 28.3713207
0.1160000 45.9236641
0.1170000 23.4464817
0.1180000 7.0511537
0.1190000 -21.2274189
0.1200000 -7.7274551
0.1210000 -11.6743488
0.1220000 2.9172451
0.1230000 -5.4309335
0.1240000 21.3896523
0.1250000 -7.8868914
0.1260000 67.8689423
0.1270000 2.0515940
0.1280000 26.1686192
0.1290000 25.6851063
0.1300000 36.4446678
0.1310000 18.4585114
0.1320000 -16.1866150
0.1330000 11.6743755
0.1340000 -29.8803921
0.1350000 -70.1455765
0.1360000 -15.9783955
0.1370000 -19.1494999
0.1380000 25.5317211
0.1390000 -34.2922096
0.1400000 23.5387611
0.1410000 37.4398880
0.1420000 6.8320403
0.1430000 -34.8009529
0.1440000 60.8665466
0.1450000 -15.2720509
0.1460000 55.6861496
0.1470000 27.3214741
0.1480000 20.3887997
0.1490000 67.5581055
0.1500000 -1.9299321
0.1510000 64.4219971
0.1520000 29.8156147
0.1530000 19.2933178
0.1540000 16.7912064
0.1550000 -44.8350983
0.1560000 25.8120079
0.1570000 36.1097488
0.1580000 3.0152385
0.1590000 -62.1667938
0.1600000 30.3005829
0.1610000 -0.6774341
0.1620000 19.8442135
0.1630000 22.6431122
0.1640000 13.2307482
0.1650000 -55.8940849
0.1660000 24.0077915
0.1670000 -24.6061878
0.1680000 21.6454544
0.1690000 -19.9521294
0.1700000 65.0050659
0.1710000 11.0037127
0.1720000 48.0672264
0.1730000 -32.8610954
0.1740000 -31.0292797
0.1750000 34.9437714
0.1760000 -6.1738534
0.1770000 -6.1652102
0.1780000 18.4876575
0.1790000 -0.9589785
0.1800000 -14.3794651
0.1810000 -0.5682788
0.1820000 -43.5907135
0.1830000 -1.6320844
0.1840000 -11.6976433
0.1850000 60.2547646
0.1860000 -8.6839972
0.1870000 -42.8039513
0.1880000 -36.3229675
0.1890000 3.5432873
0.1900000 3.8636835
0.1910000 15.1665792
0.1920000 77.0414124
0.1930000 3.5409019
0.1940000 38.3843117
0.1950000 -59.8374977
0.1960000 35.4595985
0.1970000 38.6954575
0.1980000 -26.1355858
0.1990000 15.4931250
0.2000000 7.0157356
0.2010000 44.2104988
0.2020000 46.1705017
0.2030000 -10.3248472
0.2040000 -11.4826880
0.2050000 -2.1016350
0.2060000 -9.1990767
0.2070000 10.5383940
0.2080000 19.8145657
0.2090000 23.9333553
0.2100000 -0.8189444
0.2110000 12.3217058
0.2120000 51.4843941
0.2130000 5.1245966
0.2140000 25.2246876
0.2150000 15.2943983
0.2160000 -35.2930222
0.2170000 -34.2231865
0.2180000 -1.8964794
0.2190000 21.8567333
0.2200000 15.8986902
0.2210000 -36.5495262
0.2220000 -54.6674957
0.2230000 25.4975147
0.2240000 54.2320976
0.2250000 -1.4229372
0.2260000 -10.4299593
0.2270000 69.8918381
0.2280000 -0.6189583
0.2290000 62.4490051
0.2300000 -44.5578003
0.2310000 2.0371401
0.2320000 -9.3114634
0.2330000 -25.4980259
0.2340000 23.9852200
0.2350000 -73.4074020
0.2360000 -25.0979576
0.2370000 14.4140358
0.2380000 -15.4646502
0.2390000 -3.9883590
0.2400000 26.8022060
0.2410000 -34.6011658
0.2420000 48.4142532
0.2430000 -40.0103188
0.2440000 -57.4280205
0.2450000 -14.1165600
0.2460000 43.9214478
0.2470000 7.5368695
0.2480000 29.7313747
0.2490000 -14.7671738
0.2500000 4.6094732
0.2510000 -15.1068106
0.2520000 -25.9582386
0.2530000 16.3108902
0.2540000 -21.8844662
0.2550000 15.0800276
0.2560000 21.3855267
0.2570000 -21.1204052
0.2580000 -22.0122128
0.2590000 -22.7357960
0.2600000 -13.7926922
0.2610000 -30.6572647
0.2620000 16.7407703
0.2630000 -4.8663692
0.2640000 17.9527798
0.2650000 11.6477356
0.2660000 -6.8879528
0.2670000 -45.8245888
0.2680000 17.9633255
0.2690000 44.3350983
0.2700000 5.4496751
0.2710000 2.5584886
0.2720000 -20.0295372
0.2730000 7.4029756
0.2740000 -25.0713902
0.2750000 -38.1359558
0.2760000 -63.1479607
0.2770000 21.5745831
0.2780000 6.6247873
0.2790000 -17.0960274
0.2800000 0.5477334
0.2810000 -27.4634037
0.2820000 12.6045113
0.2830000 14.2826223
0.2840000 -60.6802216
0.2850000 23.1507568
0.2860000 -50.6818962
0.2870000 5.2536964
0.2880000 -82.8984299
0.2890000 -37.5179825
0.2900000 20.6532383
0.2910000 7.0706944
0.2920000 3.8476827
0.2930000 -9.0929565
0.2940000 -37.6005707
0.2950000 16.6065617
0.2960000 -39.0904541
0.2970000 4.3887100
0.2980000 23.9076424
0.2990000 -29.4992771
0.3000000 35.7459450
0.3010000 57.8938103
0.3020000 -11.6598110
0.3030000 18.2259922
0.3040000 56.6035156
0.3050000 12.1836262
0.3060000 -6.5339942
0.3070000 -29.6158638
0.3080000 -16.3181763
0.3090000 17.5949898
0.3100000 -9.3302002
0.3110000 -3.0398118
0.3120000 -21.5637608
0.3130000 33.0684814
0.3140000 9.3202820
0.3150000 -8.4690571
0.3160000 -16.4803772
0.3170000 -17.3194427
0.3180000 -6.9744048
0.3190000 -32.0387802
0.3200000 42.4394760
0.3210000 -10.2804232
0.3220000 9.1804953
0.3230000 9.7131071
0.3240000 -2.5962551
0.3250000 -5.7350779
0.3260000 -49.5720596
0.3270000 -43.8755341
0.3280000 9.4110355
0.3290000 10.4724550
0.3300000 10.5812063
0.3310000 -25.8976517
0.3320000 22.2753677
0.3330000 20.9757996
0.3340000 -26.8480740
0.3350000 -48.9443970
0.3360000 -52.7247200
0.3370000 -29.6336479
0.3380000 -7.5382175
0.3390000 -57.0703049
0.3400000 -13.8957453
0.3410000 -64.4836426
0.3420000 -6.9222455
0.3430000 21.9403553
0.3440000 1.6268746
0.3450000 21.5916538
0.3460000 -8.7969866
0.3470000 -3.1175423
0.3480000 77.1649323
0.3490000 65.7184296
0.3500000 -42.9343834
0.3510000 -67.0199738
0.3520000 37.9267311
0.3530000 -0.6572454
0.3540000 -22.5450535
0.3550000 9.9801798
0.3560000 96.3736115
0.3570000 38.3006973
0.3580000 58.1738014
0.3590000 -0.2676222
0.3600000 -26.9666042
0.3610000 25.6072731
0.3620000 2.5531695
0.3630000 26.1904945
0.3640000 57.8328094
0.3650000 -12.2922277
0.3660000 -14.9691992
0.3670000 40.7620583
0.3680000 23.4824162
0.3690000 -42.8502579
0.3700000 -61.6334991
0.3710000 -27.4753990
0.3720000 21.1541691
0.3730000 22.9304199
0.3740000 -15.6818047
0.3750000 65.1255951
0.3760000 15.6016836
0.3770000 22.9776592
0.3780000 -8.2326117
0.3790000 26.1766529
0.3800000 -13.0132418
0.3810000 -9.1841297
0.3820000 36.2330589
0.3830000 14.3981838
0.3840000 -0.0789409
0.3850000 -100.2076797
0.3860000 22.9010963
0.3870000 2.5931027
0.3880000 9.0713568
0.3890000 95.2238846
0.3900000 14.8474131
0.3910000 1.6344571
0.3920000 -36.9268608
0.3930000 -3.2980220
0.3940000 52.9140320
0.3950000 8.6473913
0.3960000 -54.5734711
0.3970000 -55.9368134
0.3980000 18.7399521
0.3990000 -29.7843399
0.4000000 37.6214561
0.4010000 -56.1716499
0.4020000 -12.7564659
0.4030000 52.7851677
0.4040000 22.2606697
0.4050000 13.1722336
0.4060000 -37.0775032
0.4070000 59.3236389
0.4080000 39.3748627
0.4090000 27.7797222
0.4100000 33.4298782
0.4110000 11.4032927
0.4120000 -13.0024385
0.4130000 55.7017555
0.4140000 -12.8539000
0.4150000 30.6412830
0.4160000 -16.3882599
0.4170000 9.7205410
0.4180000 26.1062374
0.4190000 8.4854240
0.4200000 -4.6619277
0.4210000 -64.1360855
0.4220000 41.1002388
0.4230000 -6.0671325
0.4240000 54.9727592
0.4250000 -32.9495316
0.4260000 -16.3322220
0.4270000 -18.5702248
0.4280000 46.9546928
0.4290000 -25.2165661
0.4300000 29.8273067
0.4310000 -10.1970291
0.4320000 -6.2767553
0.4330000 22.5044308
0.4340000 53.7995949
0.4350000 -3.8951237
0.4360000 -42.1252861
0.4370000 30.9321346
0.4380000 -15.6615124
0.4390000 61.7666092
0.4400000 7.7303810
0.4410000 38.0941696
0.4420000 -4.1076336
0.4430000 2.8669975
0.4440000 -18.2314816
0.4450000 25.6918793
0.4460000 -46.5186310
0.4470000 16.0333195
0.4480000 27.4286270
0.4490000 -28.3744450
0.4500000 33.4301109
0.4510000 16.4771786
0.4520000 92.0085373
0.4530000 0.2023418
0.4540000 17.7024593
0.4550000 21.3444805
0.4560000 -20.0477333
0.4570000 -47.4325104
0.4580000 -31.9649220
0.4590000 27.0577984
0.4600000 6.2702656
0.4610000 52.0087204
0.4620000 55.0201416
0.4630000 32.5007858
0.4640000 46.2339821
0.4650000 13.0153675
0.4660000 -17.6239510
0.4670000 -44.4018440
0.4680000 -40.6474304
0.4690000 4.9669709
0.4700000 22.6059456
0.4710000 -62.2076645
0.4720000 11.2596846
0.4730000 0.5517801
0.4740000 54.0093765
0.4750000 11.9549265
0.4760000 41.3686333
0.4770000 7.7033677
0.4780000 -49.4193535
0.4790000 -47.9651108
0.4800000 -5.5994873
0.4810000 -35.3778877
0.4820000 -15.6251726
0.4830000 -5.2060437
0.4840000 18.6387005
0.4850000 31.7641239
0.4860000 52.8931274
0.4870000 10.9917002
0.4880000 28.3558235
0.4890000 -14.5696402
0.4900000 33.9047050
0.4910000 -15.6900721
0.4920000 44.1372681
0.4930000 66.5153503
0.4940000 0.3232670
0.4950000 -10.3862648
0.4960000 57.4785080
0.4970000 -6.2448063
0.4980000 16.0441036
0.4990000 23.2109108
0.5000000 60.1343002
0.5010000 24.8955059
0.5020000 43.4546432
0.5030000 -14.5778570
0.5040000 -8.3371954
0.5050000 -25.5831795
0.5060000 -21.0234051
0.5070000 -18.7217655
0.5080000 -3.8588414
0.5090000 -7.2520251
0.5100000 67.4040833
0.5110000 -36.3157082
0.5120000 -61.1155739
0.5130000 -1.8833895
0.5140000 25.7616978
0.5150000 -27.1224365
0.5160000 33.8585548
0.5170000 -22.1613388
0.5180000 -20.7589054
0.5190000 29.6301155
0.5200000 -20.6964016
0.5210000 31.2272491
0.5220000 -9.6019516
0.5230000 -37.9153137
0.5240000 -39.5819168
0.5250000 11.9949617
0.5260000 -8.3399076
0.5270000 19.9717865
0.5280000 37.7047806
0.5290000 13.8530397
0.5300000 6.0494452
0.5310000 -10.2777376
0.5320000 -21.6916752
0.5330000 3.2825758
0.5340000 12.1492786
0.5350000 2.1919360
0.5360000 13.2642508
0.5370000 -14.3509474
0.5380000 13.3290510
0.5390000 31.7612076
0.5400000 0.0001377
0.5410000 -0.8803369
0.5420000 -11.9483223
0.5430000 -43.5790482
0.5440000 24.9101238
0.5450000 12.8249130
0.5460000 -15.5202408
0.5470000 29.0391369
0.5480000 -4.8918214
0.5490000 32.0617676
0.5500000 85.9887238
0.5510000 2.5356569
0.5520000 -19.5539303
0.5530000 9.4855232
0.5540000 -43.3983498
0.5550000 -17.1631413
0.5560000 14.7941818
0.5570000 -61.2173996
0.5580000 16.1417236
0.5590000 57.4150810
0.5600000 -45.7374802
0.5610000 -16.1300983
0.5620000 -31.3895473
0.5630000 -14.0144224
0.5640000 44.7629166
0.5650000 42.8811455
0.5660000 13.0671577
0.5670000 -51.1254845
0.5680000 -24.8470707
0.5690000 30.0894527
0.5700000 64.5087814
0.5710000 4.8006554
0.5720000 26.2106171
0.5730000 -6.8595538
0.5740000 -1.0594944
0.5750000 -27.6411762
0.5760000 -25.1210327
0.5770000 7.1586094
0.5780000 -28.6919575
0.5790000 17.9517021
0.5800000 17.4591923
0.5810000 -6.5330672
0.5820000 -83.6126251
0.5830000 41.6228027
0.5840000 -5.7698059
0.5850000 -29.5239010
0.5860000 0.9747955
0.5870000 -5.3548956
0.5880000 -77.5650482
0.5890000 -23.0232964
0.5900000 -18.6043072
0.5910000 -31.8563213
0.5920000 -61.3327637
0.5930000 19.9959621
0.5940000 -37.7505455
0.5950000 -37.7168732
0.5960000 23.5197659
0.5970000 19.1947803
0.5980000 27.2933807
0.5990000 28.8649578
0.6000000 -35.5770531
0.6010000 -12.9744434
0.6020000 -57.7175598
0.6030000 22.3429089
0.6040000 17.9190903
0.6050000 -53.0950546
0.6060000 44.2737236
0.6070000 37.1979523
0.6080000 0.7548596
0.6090000 9.5970926
0.6100000 36.0907516
0.6110000 16.4668732
0.6120000 -13.3170195
0.6130000 -7.3245668
0.6140000 -60.9231644
0.6150000 -61.5422821
0.6160000 -19.9149704
0.6170000 24.8482628
0.6180000 11.8418627
0.6190000 30.2261562
0.6200000 64.0811234
0.6210000 25.7110596
0.6220000 28.7498264
0.6230000 46.3899078
0.6240000 -71.6658554
0.6250000 79.1389313
0.6260000 -81.6286392
0.6270000 34.4454117
0.6280000 16.1792870
0.6290000 -47.7355232
0.6300000 -50.1071243
0.6310000 17.6907635
0.6320000 22.0997162
0.6330000 -18.4550476
0.6340000 -11.7991343
0.6350000 24.8346558
0.6360000 37.5266495
0.6370000 4.0393176
0.6380000 -18.5275936
0.6390000 4.0671320
0.6400000 -7.5970883
0.6410000 68.1819687
0.6420000 32.5980682
0.6430000 -24.7376652
0.6440000 13.1000252
0.6450000 43.2472038
0.6460000 53.8034744
0.6470000 33.6956520
0.6480000 1.9979974
0.6490000 9.3855743
0.6500000 4.9913177
0.6510000 -19.4987373
0.6520000 -48.6751480
0.6530000 -12.2535181
0.6540000 9.7199297
0.6550000 -27.7006302
0.6560000 -55.5672112
0.6570000 12.3231354
0.6580000 21.9783993
0.6590000 -24.9332047
0.6600000 -38.3280640
0.6610000 -41.2281609
0.6620000 -43.8112297
0.6630000 -7.9590154
0.6640000 -16.2926350
0.6650000 18.7517681
0.6660000 -11.2171946
0.6670000 -34.9509964
0.6680000 -4.4339910
0.6690000 46.2480736
0.6700000 -15.7324018
0.6710000 -59.2315750
0.6720000 36.1680031
0.6730000 -72.6096191
0.6740000 -13.6901455
0.6750000 -43.8262024
0.6760000 14.9154272
0.6770000 -60.2313423
0.6780000 3.8490422
0.6790000 11.2064457
0.6800000 -47.6357880
0.6810000 59.6998978
0.6820000 29.6339283
0.6830000 72.6091766
0.6840000 65.7686844
0.6850000 -8.5460892
0.6860000 7.4683275
0.6870000 77.6070709
0.6880000 -23.8689327
0.6890000 -45.2852211
0.6900000 -86.0999298
0.6910000 27.0414944
0.6920000 -6.9643221
0.6930000 -33.2414207
0.6940000 -48.3461380
0.6950000 -66.5667496
0.6960000 -56.5477409
0.6970000 4.7497501
0.6980000 49.8898010
0.6990000 42.8319588
0.7000000 -33.4092789
0.7010000 -42.7273445
0.7020000 -24.4709740
0.7030000 44.6965103
0.7040000 -48.3799973
0.7050000 -79.5080185
0.7060000 -28.9712429
0.7070000 14.2371664
0.7080000 51.3250122
0.7090000 3.9298897
0.7100000 -10.0212917
0.7110000 7.8961720
0.7120000 23.1083603
0.7130000 -62.2352295
0.7140000 -56.2555237
0.7150000 -14.8303356
0.7160000 28.0431824
0.7170000 -17.1325912
0.7180000 -63.6840210
0.7190000 27.2643375
0.7200000 -78.2200012
0.7210000 -11.4079695
0.7220000 -29.8431206
0.7230000 -5.2943678
0.7240000 -6.5496726
0.7250000 52.5654640
0.7260000 2.4177053
0.7270000 -20.8086166
0.7280000 -9.3331747
0.7290000 15.9770937
0.7300000 -27.4381924
0.7310000 -43.4914932
0.7320000 7.7630734
0.7330000 -22.6698761
0.7340000 58.2156487
0.7350000 -1.5871711
0.7360000 13.5164309
0.7370000 7.7528696
0.7380000 26.9185734
0.7390000 -18.0486088
0.7400000 -71.5124893
0.7410000 13.2592888
0.7420000 69.1659775
0.7430000 47.2967796
0.7440000 -47.6196976
0.7450000 4.1954126
0.7460000 31.4382534
0.7470000 34.9351921
0.7480000 -53.8015938
0.7490000 27.9769230
0.7500000 38.6885719
0.7510000 3.7875152
0.7520000 -43.2304001
0.7530000 42.3600311
0.7540000 34.1166611
0.7550000 -36.7813110
0.7560000 -13.8562260
0.7570000 -26.7163601
0.7580000 -13.9032831
0.7590000 -24.7112579
0.7600000 40.7560768
0.7610000 2.1653655
0.7620000 -43.0413704
0.7630000 -13.1814213
0.7640000 60.0323296
0.7650000 26.6312695
0.7660000 -2.4629450
0.7670000 33.1157684
0.7680000 -110.9358597
0.7690000 6.2518234
0.7700000 -19.9250641
0.7710000 -22.8524723
0.7720000 52.6844101
0.7730000 -90.2309036
0.7740000 30.9254284
0.7750000 5.1067352
0.7760000 56.4779396
0.7770000 -39.6573067
0.7780000 -1.7783731
0.7790000 72.8468018
0.7800000 -55.5858383
0.7810000 -55.4650688
0.7820000 18.0022583
0.7830000 71.7557755
0.7840000 14.2616224
0.7850000 44.9938087
0.7860000 -10.1672649
0.7870000 50.7526932
0.7880000 46.5304451
0.7890000 -0.7254558
0.7900000 28.4257336
0.7910000 8.5860853
0.7920000 -6.2159228
0.7930000 28.7437344
0.7940000 -40.4567261
0.7950000 5.5689797
0.7960000 -6.7559528
0.7970000 -21.0316849
0.7980000 -53.3026733
0.7990000 -24.6079330
0.8000000 24.0834484
0.8010000 25.5262623
0.8020000 -38.6327934
0.8030000 9.8310690
0.8040000 -2.4929554
0.8050000 71.9642715
0.8060000 -6.1827893
0.8070000 58.1290970
0.8080000 -19.9502678
0.8090000 21.3226795
0.8100000 -18.2739449
0.8110000 36.7647896
0.8120000 -43.5405769
0.8130000 73.1326218
0.8140000 53.8806801
0.8150000 -45.4555283
0.8160000 -23.1741104
0.8170000 -19.2349415
0.8180000 22.5897865
0.8190000 -88.3022308
0.8200000 27.3098030
0.8210000 -23.0931969
0.8220000 43.9709587
0.8230000 58.2147026
0.8240000 -31.9695473
0.8250000 -62.2241096
0.8260000 -16.9139957
0.8270000 -38.2740746
0.8280000 0.3395085
0.8290000 36.7548370
0.8300000 -4.7602253
0.8310000 47.5431023
0.8320000 2.6724834
0.8330000 -22.3741760
0.8340000 36.5576820
0.8350000 37.9224472
0.8360000 86.2389755
0.8370000 -3.3924117
0.8380000 -40.2362289
0.8390000 -42.8448677
0.8400000 28.7397900
0.8410000 25.3951550
0.8420000 -26.7803650
0.8430000 2.2787468
0.8440000 -5.4667277
0.8450000 15.6400347
0.8460000 31.6921329
0.8470000 -45.9595413
0.8480000 -17.9266167
0.8490000 -34.8770638
0.8500000 -42.5146179
0.8510000 19.3879299
0.8520000 17.2129498
0.8530000 -9.0647249
0.8540000 4.0826426
0.8550000 42.0952034
0.8560000 -21.1630859
0.8570000 -1.3920592
0.8580000 52.3149338
0.8590000 18.1852570
0.8600000 25.4462452
0.8610000 -0.0985951
0.8620000 75.8628082
0.8630000 3.3295553
0.8640000 -11.0826006
0.8650000 61.0528603
0.8660000 -51.0116081
0.8670000 43.0826530
0.8680000 12.3805361
0.8690000 -35.0183372
0.8700000 46.3263474
0.8710000 8.9008808
0.8720000 14.8184166
0.8730000 17.0100403
0.8740000 -28.4069710
0.8750000 45.6427612
0.8760000 17.2831745
0.8770000 1.5425818
0.8780000 -41.4536095
0.8790000 -3.0953295
0.8800000 -5.3954520
0.8810000 10.7755337
0.8820000 14.6144171
0.8830000 -20.0015793
0.8840000 55.3358078
0.8850000 77.7268295
0.8860000 18.2546749
0.8870000 -13.4955902
0.8880000 -37.0505829
0.8890000 -50.3855057
0.8900000 -38.1434402
0.8910000 -8.4732103
0.8920000 3.3998024
0.8930000 8.9265184
0.8940000 -7.8147655
0.8950000 57.6478233
0.8960000 -20.1171360
0.8970000 -37.4231987
0.8980000 -8.4900045
0.8990000 -60.2085648
0.9000000 -68.0209274
0.9010000 10.2012959
0.9020000 -21.3405495
0.9030000 20.5633526
0.9040000 -35.9980011
0.9050000 -2.4259825
0.9060000 -48.2550125
0.9070000 3.2595441
0.9080000 47.7613373
0.9090000 19.1027203
0.9100000 2.2690988
0.9110000 30.6351681
0.9120000 14.1806355
0.9130000 -53.1740723
0.9140000 -44.3097191
0.9150000 8.1371679
0.9160000 -62.6115456
0.9170000 -6.5661263
0.9180000 -2.1908436
0.9190000 -25.0675583
0.9200000 66.7211914
0.9210000 68.0500107
0.9220000 -17.5833702
0.9230000 -23.2182121
0.9240000 -28.9322109
0.9250000 -28.7311172
0.9260000 -40.4726067
0.9270000 -39.1359406
0.9280000 -33.6421051
0.9290000 26.3958206
0.9300000 10.3475370
0.9310000 0.1384914
0.9320000 31.1064701
0.9330000 -53.8126640
0.9340000 35.9241028
0.9350000 -22.5419464
0.9360000 -5.1190357
0.9370000 -70.8807220
0.9380000 30.1918011
0.9390000 -6.6050062
0.9400000 11.7042294
0.9410000 45.5515785
0.9420000 86.9804230
0.9430000 -18.3439217
0.9440000 -57.0654335
0.9450000 -30.8429737
0.9460000 17.0112114
0.9470000 21.1267242
0.9480000 29.7524834
0.9490000 43.2635040
0.9500000 -30.1203842
0.9510000 -23.1135349
0.9520000 -38.5548248
0.9530000 2.6243191
0.9540000 -10.3245354
0.9550000 -32.7970085
0.9560000 -28.9716263
0.9570000 -4.6015797
0.9580000 6.4019456
0.9590000 26.8221855
0.9600000 12.3742895
0.9610000 33.0264626
0.9620000 7.6771111
0.9630000 -29.5415974
0.9640000 -62.7653618
0.9650000 -44.9326363
0.9660000 16.5519753
0.9670000 -8.2461252
0.9680000 39.1011353
0.9690000 -35.1463394
0.9700000 -1.7981603
0.9710000 -52.0919533
0.9720000 3.8321445
0.9730000 -63.0350380
0.9740000 4.6120572
0.9750000 -44.5885811
0.9760000 10.9067822
0.9770000 -14.1283245
0.9780000 28.2058887
0.9790000 -2.7685261
0.9800000 59.7295341
0.9810000 37.2179375
0.9820000 11.9057751
0.9830000 -16.6677074
0.9840000 14.0049753
0.9850000 2.7182612
0.9860000 -3.9108469
0.9870000 -61.6211929
0.9880000 -43.9772263
0.9890000 -14.7640886
0.9900000 -21.2513962
0.9910000 1.1038457
0.9920000 47.3066368
0.9930000 29.8904610
0.9940000 -35.3254890
0.9950000 4.3964834
0.9960000 -29.3850250
0.9970000 -92.4016342
0.9980000 -1.1675843
0.9990000 -50.2796707
