0.0000000 -39.1961250
0.0010000 48.8646469
0.0020000 -22.5935879
0.0030000 18.8090725
0.0040000 -78.4276123
0.0050000 -50.5899086
0.0060000 -21.1457520
0.0070000 -19.3477325
0.0080000 10.3235102
0.0090000 49.8635025
0.0100000 -13.7236605
0.0110000 98.3468933
0.0120000 -30.7164021
0.0130000 -29.7188110
0.0140000 2.6814430
0.0150000 16.3966427
0.0160000 -16.5880642
0.0170000 -91.6493759
0.0180000 21.0468578
0.0190000 4.8862371
0.0200000 20.0632477
0.0210000 10.6843042
0.0220000 -14.7987795
0.0230000 12.0275812
0.0240000 28.6885281
0.0250000 29.7467880
0.0260000 -0.2820759
0.0270000 76.5450211
0.0280000 -8.7561102
0.0290000 -9.7215033
0.0300000 -33.6787872
0.0310000 -18.7360477
0.0320000 21.7320900
0.0330000 -1.3577563
0.0340000 -48.7526245
0.0350000 33.3811798
0.0360000 -16.0880623
0.0370000 -2.3570077
0.0380000 -25.4773293
0.0390000 1.8444031
0.0400000 27.3081894
0.0410000 -34.5114517
0.0420000 12.2438126
0.0430000 13.0090313
0.0440000 28.6453991
0.0450000 -10.4645472
0.0460000 43.0781403
0.0470000 66.5933151
0.0480000 -1.1984843
0.0490000 -45.4439125
0.0500000 -26.0854950
0.0510000 16.0621071
0.0520000 7.5832372
0.0530000 29.0858173
0.0540000 -19.1183510
0.0550000 -11.0672455
0.0560000 -5.3324275
0.0570000 32.7799301
0.0580000 -22.5628300
0.0590000 24.6552601
0.0600000 -18.3303986
0.0610000 11.0905800
0.0620000 -42.9180832
0.0630000 22.2742271
0.0640000 -47.1082077
0.0650000 23.1842136
0.0660000 -72.4179077
0.0670000 52.5571136
0.0680000 21.5722046
0.0690000 12.6902437
0.0700000 -27.1181107
0.0710000 -17.6918983
0.0720000 -6.6399193
0.0730000 -39.6526527
0.0740000 -17.2254963
0.0750000 -53.7536697
0.0760000 26.0569439
0.0770000 -2.4405880
0.0780000 48.9257889
0.0790000 -12.0251837
0.0800000 -59.9650536
0.0810000 6.6086240
0.0820000 -12.3920736
0.0830000 -16.8251705
0.0840000 -38.2673874
0.0850000 30.4741383
0.0860000 8.0440578
0.0870000 -26.2266541
0.0880000 -47.7034836
0.0890000 -31.9193916
0.0900000 10.7043371
0.0910000 -18.8751087
0.0920000 -19.0115910
0.0930000 -26.6642303
0.0940000 -10.8444014
0.0950000 33.9239082
0.0960000 -6.4845376
0.0970000 33.6079102
0.0980000 -35.2204666
0.0990000 -9.8280754
0.1000000 7.3156281
0.1010000 -32.5502510
0.1020000 -35.1125565
0.1030000 -21.4747868
0.1040000 3.4959931
0.1050000 53.9323311
0.1060000 -29.0638485
0.1070000 -21.6403141
0.1080000 -63.2772751
0.1090000 20.3490582
0.1100000 6.9429445
0.1110000 56.1240120
0.1120000 26.1956482
0.1130000 -33.5051079
0.1140000 0.4463603
0.1150000 7.0544391
0.1160000 -36.5895233
0.1170000 53.9754066
0.1180000 38.0353508
0.1190000 -7.0603194
0.1200000 40.9881325
0.1210000 -35.7451782
0.1220000 3.8930235
0.1230000 27.5090942
0.1240000 -9.0448971
0.1250000 24.9199352
0.1260000 18.4370117
0.1270000 80.4054260
0.1280000 21.5325871
0.1290000 30.0630856
0.1300000 6.6152663
0.1310000 86.3536606
0.1320000 -44.2723923
0.1330000 27.6666374
0.1340000 20.6580830
0.1350000 8.5564728
0.1360000 -34.8629227
0.1370000 -117.0977402
0.1380000 16.2601509
0.1390000 24.7530880
0.1400000 -6.8927984
0.1410000 -71.2254410
0.1420000 -28.4069939
0.1430000 23.2389851
0.1440000 50.6701050
0.1450000 42.8273735
0.1460000 36.8434296
0.1470000 30.9335804
0.1480000 1.0364932
0.1490000 -57.3386765
0.1500000 -21.4505978
0.1510000 56.0390892
0.1520000 -32.5875473
0.1530000 -41.2738495
0.1540000 9.7512550
0.1550000 16.8432026
0.1560000 -23.6326065
0.1570000 34.1304245
0.1580000 22.5287495
0.1590000 -0.8466241
0.1600000 -91.9456100
0.1610000 15.3370905
0.1620000 -39.6968040
0.1630000 -10.2105055
0.1640000 -8.1889563
0.1650000 -13.1758499
0.1660000 -5.9740314
0.1670000 0.1401516
0.1680000 -31.2516937
0.1690000 -38.9007568
0.1700000 -48.6898308
0.1710000 49.2035255
0.1720000 43.8232040
0.1730000 -44.1917000
0.1740000 -3.4415443
0.1750000 5.0714025
0.1760000 17.4618530
0.1770000 14.4921026
0.1780000 -7.5319395
0.1790000 -6.8916039
0.1800000 36.2900467
0.1810000 41.4384232
0.1820000 10.9067717
0.1830000 -25.1793652
0.1840000 -64.1104202
0.1850000 24.3408012
0.1860000 -36.0888443
0.1870000 -57.6479607
0.1880000 9.9255342
0.1890000 88.2632828
0.1900000 60.6899872
0.1910000 -59.7703323
0.1920000 15.7846212
0.1930000 4.4160390
0.1940000 -12.6305475
0.1950000 -4.7570090
0.1960000 -89.0584335
0.1970000 -14.2912951
0.1980000 -41.6831398
0.1990000 -23.8491802
0.2000000 23.8394928
0.2010000 -36.3686600
0.2020000 -19.3582211
0.2030000 37.5084305
0.2040000 22.8858204
0.2050000 -39.3447189
0.2060000 52.6305885
0.2070000 -39.6620598
0.2080000 6.6613207
0.2090000 34.6246033
0.2100000 77.4223328
0.2110000 5.3403869
0.2120000 65.9670029
0.2130000 9.3455639
0.2140000 -69.7088394
0.2150000 23.9124355
0.2160000 65.4930573
0.2170000 36.7614059
0.2180000 15.5448017
0.2190000 -2.5018754
0.2200000 5.4188910
0.2210000 -1.5186954
0.2220000 2.2906160
0.2230000 40.4646149
0.2240000 70.1951218
0.2250000 -19.5057068
0.2260000 -71.9947510
0.2270000 -1.7452810
0.2280000 -39.9770050
0.2290000 25.6017075
0.2300000 -34.3896713
0.2310000 25.7958546
0.2320000 -6.7805486
0.2330000 -14.9116325
0.2340000 39.5374451
0.2350000 13.2021732
0.2360000 -29.0727348
0.2370000 -51.9272385
0.2380000 -40.9150200
0.2390000 10.0909281
0.2400000 -2.6949909
0.2410000 6.6079440
0.2420000 -8.5827112
0.2430000 4.0317035
0.2440000 40.6768074
0.2450000 -15.4990072
0.2460000 -21.6892433
0.2470000 12.1396408
0.2480000 16.0055122
0.2490000 89.9009247
0.2500000 32.7967110
0.2510000 16.8932304
0.2520000 -13.4992199
0.2530000 -59.4808197
0.2540000 27.2497158
0.2550000 -11.0715122
0.2560000 0.1302007
0.2570000 20.6383171
0.2580000 -6.5516539
0.2590000 52.0646553
0.2600000 -17.6779251
0.2610000 -8.7237415
0.2620000 -18.6606464
0.2630000 -44.5642471
0.2640000 -3.3735516
0.2650000 -22.0451965
0.2660000 30.7232437
0.2670000 -62.4786301
0.2680000 18.8912449
0.2690000 -27.6851044
0.2700000 -68.7994690
0.2710000 25.1446056
0.2720000 -1.1823090
0.2730000 24.3331642
0.2740000 69.7331009
0.2750000 -16.0833149
0.2760000 -7.4975724
0.2770000 7.9821491
0.2780000 -5.9834542
0.2790000 -32.9117775
0.2800000 -8.0011692
0.2810000 41.8885384
0.2820000 9.7781134
0.2830000 -26.9805279
0.2840000 10.2708426
0.2850000 -7.4364476
0.2860000 17.2311420
0.2870000 -3.7708836
0.2880000 -48.5002708
0.2890000 7.6352077
0.2900000 -25.9714985
0.2910000 -44.1580849
0.2920000 56.9975777
0.2930000 33.0286484
0.2940000 -0.4375115
0.2950000 72.4086304
0.2960000 26.8325977
0.2970000 50.6650467
0.2980000 28.9005165
0.2990000 31.8701973
0.3000000 -32.0818939
0.3010000 -47.0827522
0.3020000 -19.9427509
0.3030000 -51.0934029
0.3040000 15.5899687
0.3050000 40.8121529
0.3060000 4.2266436
0.3070000 14.2696276
0.3080000 -23.7340107
0.3090000 63.2155228
0.3100000 -46.2312241
0.3110000 -55.8559761
0.3120000 -24.2179356
0.3130000 51.0152397
0.3140000 4.5858641
0.3150000 -37.9510193
0.3160000 15.1846323
0.3170000 2.4779537
0.3180000 -13.5962572
0.3190000 6.3845301
0.3200000 -7.6872854
0.3210000 64.4914932
0.3220000 -22.2346001
0.3230000 15.5869045
0.3240000 60.6963959
0.3250000 31.3087082
0.3260000 31.2956390
0.3270000 -47.4324112
0.3280000 3.7465627
0.3290000 21.3951473
0.3300000 8.4968567
0.3310000 23.6976070
0.3320000 6.7492986
0.3330000 -5.9755034
0.3340000 -101.2888794
0.3350000 -19.3302765
0.3360000 -3.4740543
0.3370000 84.3091049
0.3380000 15.6761160
0.3390000 19.6250038
0.3400000 -17.8413639
0.3410000 -15.5163307
0.3420000 9.6494694
0.3430000 -33.2095146
0.3440000 -32.7192154
0.3450000 -5.8900657
0.3460000 45.6715660
0.3470000 12.0347538
0.3480000 -24.8970222
0.3490000 -30.3757668
0.3500000 20.7655983
0.3510000 59.6634254
0.3520000 -16.6747131
0.3530000 26.8218689
0.3540000 -28.3175488
0.3550000 0.1911656
0.3560000 -21.0142822
0.3570000 33.3469925
0.3580000 21.6614494
0.3590000 25.5909023
0.3600000 49.9800720
0.3610000 21.7791996
0.3620000 -20.6260242
0.3630000 -4.3266635
0.3640000 -24.7693310
0.3650000 7.9384193
0.3660000 -27.7967167
0.3670000 -40.9478378
0.3680000 -47.3681145
0.3690000 3.4240723
0.3700000 12.4417706
0.3710000 -21.2043819
0.3720000 -93.2983627
0.3730000 39.9028816
0.3740000 -52.2429352
0.3750000 -65.8066864
0.3760000 9.5516300
0.3770000 -26.6078110
0.3780000 -52.8340416
0.3790000 34.9057465
0.3800000 25.4280987
0.3810000 -48.8304367
0.3820000 39.9866066
0.3830000 20.8203487
0.3840000 -28.1362419
0.3850000 -30.1560097
0.3860000 -88.8779602
0.3870000 -22.9363728
0.3880000 -16.0253716
0.3890000 35.7186279
0.3900000 -1.7821243
0.3910000 60.0049515
0.3920000 31.3340359
0.3930000 -46.8894196
0.3940000 4.3685808
0.3950000 24.4926414
0.3960000 11.7320633
0.3970000 -9.3545656
0.3980000 3.0530596
0.3990000 -3.5603030
0.4000000 2.0737264
0.4010000 32.9127960
0.4020000 -19.8270493
0.4030000 -17.1246033
0.4040000 17.7766705
0.4050000 67.2663651
0.4060000 17.1344681
0.4070000 5.8365116
0.4080000 47.9008980
0.4090000 6.0365996
0.4100000 12.6610479
0.4110000 -19.6254673
0.4120000 -8.3182001
0.4130000 -81.0827255
0.4140000 24.1922398
0.4150000 -42.5104866
0.4160000 62.0900269
0.4170000 23.5464973
0.4180000 44.9477654
0.4190000 -29.7679787
0.4200000 53.4791679
0.4210000 32.2852478
0.4220000 -5.5353808
0.4230000 -1.6972431
0.4240000 74.0867081
0.4250000 12.3563328
0.4260000 -5.8354497
0.4270000 28.7515831
0.4280000 15.7909441
0.4290000 -27.9550800
0.4300000 -23.8845539
0.4310000 29.4075813
0.4320000 -5.5888886
0.4330000 76.8444138
0.4340000 13.5420923
0.4350000 5.1567869
0.4360000 -24.2423248
0.4370000 38.8698845
0.4380000 -1.6506368
0.4390000 23.6638451
0.4400000 -4.3088484
0.4410000 29.1569099
0.4420000 7.6308775
0.4430000 -80.6411514
0.4440000 16.4990444
0.4450000 -69.7671738
0.4460000 -10.0099392
0.4470000 -5.8102727
0.4480000 73.6035538
0.4490000 -92.5365677
0.4500000 -5.9625812
0.4510000 2.9152429
0.4520000 24.8706951
0.4530000 43.9159508
0.4540000 0.8209651
0.4550000 20.7069454
0.4560000 60.8129120
0.4570000 -63.8357735
0.4580000 -17.4804764
0.4590000 -18.2231007
0.4600000 -33.7270622
0.4610000 11.7895536
0.4620000 -3.5857725
0.4630000 23.9505100
0.4640000 5.4779387
0.4650000 -33.5934792
0.4660000 27.4550648
0.4670000 -1.2191410
0.4680000 34.2034454
0.4690000 -26.7445259
0.4700000 4.2688909
0.4710000 -68.5661469
0.4720000 -45.2992363
0.4730000 0.0485647
0.4740000 -19.1142731
0.4750000 -82.6297531
0.4760000 15.3414316
0.4770000 -32.1386757
0.4780000 17.2699623
0.4790000 -26.1423912
0.4800000 -53.0542717
0.4810000 -3.5347221
0.4820000 36.4667854
0.4830000 -9.1258926
0.4840000 -10.3404961
0.4850000 50.6689796
0.4860000 16.3544827
0.4870000 -27.8506145
0.4880000 -0.6054941
0.4890000 1.1292031
0.4900000 57.8097992
0.4910000 -55.2706451
0.4920000 -26.3599167
0.4930000 -1.9917383
0.4940000 -38.1096458
0.4950000 68.5484619
0.4960000 9.0027018
0.4970000 -12.3867006
0.4980000 39.3078651
0.4990000 -8.7777376
0.5000000 -2.4190784
0.5010000 23.1674633
0.5020000 -2.8443403
0.5030000 42.1734543
0.5040000 13.1389923
0.5050000 -55.0296822
0.5060000 38.5492287
0.5070000 -39.1175575
0.5080000 -22.8572483
0.5090000 44.5746269
0.5100000 74.8292084
0.5110000 21.5904884
0.5120000 36.2518425
0.5130000 -3.1232576
0.5140000 55.8383636
0.5150000 72.2433395
0.5160000 -53.6267548
0.5170000 2.2210414
0.5180000 -42.8782616
0.5190000 65.0903702
0.5200000 40.6947403
0.5210000 32.8348999
0.5220000 -45.8033066
0.5230000 -10.9363623
0.5240000 32.6495094
0.5250000 10.3047829
0.5260000 -21.3117485
0.5270000 52.8092651
0.5280000 -6.4434729
0.5290000 -81.4895096
0.5300000 -35.3957672
0.5310000 -69.7842560
0.5320000 -36.7688789
0.5330000 61.2919846
0.5340000 3.8725038
0.5350000 50.9896851
0.5360000 -11.1198168
0.5370000 -5.3915639
0.5380000 -11.4624128
0.5390000 63.2101250
0.5400000 -15.8764715
0.5410000 -30.6688766
0.5420000 -7.3982153
0.5430000 -42.1208153
0.5440000 6.6596475
0.5450000 -17.6796951
0.5460000 -17.4865398
0.5470000 -41.0419884
0.5480000 -17.7324524
0.5490000 -77.0549316
0.5500000 1.7488850
0.5510000 9.0878563
0.5520000 -12.2150316
0.5530000 -3.8087826
0.5540000 -7.1756501
0.5550000 20.5675755
0.5560000 -3.0689316
0.5570000 42.2695656
0.5580000 26.6116199
0.5590000 -10.6781359
0.5600000 -25.8590050
0.5610000 29.9996548
0.5620000 -0.7717504
0.5630000 26.4805965
0.5640000 67.4741135
0.5650000 30.9797955
0.5660000 -21.2302456
0.5670000 29.2501011
0.5680000 44.8126259
0.5690000 4.7826657
0.5700000 16.0668526
0.5710000 37.8175240
0.5720000 14.2517242
0.5730000 -42.0204773
0.5740000 74.6875763
0.5750000 -19.1236801
0.5760000 -71.6123199
0.5770000 -18.1681499
0.5780000 -6.6326370
0.5790000 24.5815868
0.5800000 -62.0308304
0.5810000 -3.3263514
0.5820000 -13.0835009
0.5830000 -7.6327252
0.5840000 -22.4530239
0.5850000 57.8210602
0.5860000 -8.7967949
0.5870000 23.8390636
0.5880000 7.3594117
0.5890000 -8.9414635
0.5900000 7.9962502
0.5910000 -62.3159409
0.5920000 9.4334764
0.5930000 43.3182564
0.5940000 -78.2484665
0.5950000 -14.1955624
0.5960000 -50.9921608
0.5970000 6.3364682
0.5980000 15.8117819
0.5990000 -60.7042961
0.6000000 -1.3835883
0.6010000 -8.6178827
0.6020000 -9.2994442
0.6030000 -13.9502506
0.6040000 10.4943399
0.6050000 2.3437600
0.6060000 -42.9711456
0.6070000 20.7422180
0.6080000 -37.4099579
0.6090000 -36.2338371
0.6100000 19.0730171
0.6110000 -7.8762860
0.6120000 46.8566360
0.6130000 -10.9443169
0.6140000 -44.2036552
0.6150000 -4.3468819
0.6160000 30.6091938
0.6170000 13.4853916
0.6180000 -29.7944107
0.6190000 -34.6573029
0.6200000 43.5068779
0.6210000 -37.3591766
0.6220000 44.1640663
0.6230000 -20.2304611
0.6240000 16.7775955
0.6250000 -5.5592933
0.6260000 16.4207687
0.6270000 -28.7757988
0.6280000 -21.8544464
0.6290000 77.6962357
0.6300000 -43.2317200
0.6310000 -32.2030144
0.6320000 -21.3115559
0.6330000 55.9294281
0.6340000 21.8750839
0.6350000 60.7265778
0.6360000 -63.6530991
0.6370000 23.3819485
0.6380000 -15.8483114
0.6390000 -40.5793228
0.6400000 -12.6388874
0.6410000 45.1446915
0.6420000 15.9287777
0.6430000 -64.8051834
0.6440000 -21.2470608
0.6450000 52.1151276
0.6460000 -58.4447479
0.6470000 14.7475290
0.6480000 -26.4320049
0.6490000 51.1616478
0.6500000 -8.5420465
0.6510000 -43.2181549
0.6520000 2.6001241
0.6530000 0.1590153
0.6540000 18.2911587
0.6550000 -26.5116463
0.6560000 0.4841844
0.6570000 -27.2663536
0.6580000 -9.4564543
0.6590000 -46.3737259
0.6600000 -21.8979893
0.6610000 47.8814507
0.6620000 24.6805496
0.6630000 -36.0999756
0.6640000 13.9671049
0.6650000 55.7707520
0.6660000 -1.3716513
0.6670000 2.9779637
0.6680000 -34.2737083
0.6690000 1.0945379
0.6700000 21.8025169
0.6710000 10.4407692
0.6720000 -5.1742005
0.6730000 -32.1921997
0.6740000 39.0580177
0.6750000 -6.8989158
0.6760000 10.1703186
0.6770000 30.5933132
0.6780000 -26.0498142
0.6790000 -40.4964561
0.6800000 -33.9722328
0.6810000 21.6734982
0.6820000 38.4079666
0.6830000 -22.0747147
0.6840000 6.8944349
0.6850000 46.4434128
0.6860000 -23.2644787
0.6870000 33.5257263
0.6880000 23.3153076
0.6890000 5.7983704
0.6900000 -21.1239777
0.6910000 -14.0531960
0.6920000 -20.7244949
0.6930000 58.1173668
0.6940000 -47.3976250
0.6950000 -69.2544708
0.6960000 -46.5089569
0.6970000 -60.2350426
0.6980000 51.3083801
0.6990000 26.6518707
0.7000000 -37.8573227
0.7010000 -26.2572117
0.7020000 10.7152758
0.7030000 22.8200741
0.7040000 64.1971664
0.7050000 -2.8761303
0.7060000 10.9231462
0.7070000 -30.6542187
0.7080000 51.7716637
0.7090000 -44.1401825
0.7100000 11.9043999
0.7110000 -61.9310684
0.7120000 -28.4676075
0.7130000 66.5822220
0.7140000 20.9569626
0.7150000 1.0286742
0.7160000 -22.9197273
0.7170000 10.2636719
0.7180000 -65.5563126
0.7190000 11.3030796
0.7200000 -20.6464005
0.7210000 -2.3052325
0.7220000 -4.9948659
0.7230000 17.6436310
0.7240000 49.1308899
0.7250000 0.3404692
0.7260000 -32.0103989
0.7270000 -45.2293320
0.7280000 -19.2545013
0.7290000 26.9405594
0.7300000 8.0244989
0.7310000 34.9983521
0.7320000 31.5153141
0.7330000 29.7856407
0.7340000 -23.8589287
0.7350000 33.6521263
0.7360000 34.1077614
0.7370000 0.8201862
0.7380000 15.7217598
0.7390000 -23.1860065
0.7400000 -21.4402504
0.7410000 -32.1908836
0.7420000 31.8139935
0.7430000 5.6827097
0.7440000 44.7917099
0.7450000 -19.9576168
0.7460000 -26.6433105
0.7470000 -11.4566526
0.7480000 21.9062042
0.7490000 -47.5107918
0.7500000 20.5181313
0.7510000 32.0669289
0.7520000 30.9031639
0.7530000 19.3849678
0.7540000 -50.2055817
0.7550000 16.9467239
0.7560000 30.9329815
0.7570000 -27.5083313
0.7580000 -4.8056774
0.7590000 7.7659502
0.7600000 23.8206673
0.7610000 -43.8965378
0.7620000 30.5475693
0.7630000 -31.5174465
0.7640000 50.7334557
0.7650000 30.8540344
0.7660000 -6.5198307
0.7670000 -3.4883652
0.7680000 22.8882809
0.7690000 -64.7769394
0.7700000 78.8570633
0.7710000 -45.7153816
0.7720000 -22.7580490
0.7730000 -53.9025955
0.7740000 33.1910324
0.7750000 -27.7184258
0.7760000 32.1957512
0.7770000 11.8386745
0.7780000 39.8344269
0.7790000 63.9797096
0.7800000 21.5452251
0.7810000 19.4130993
0.7820000 22.2877579
0.7830000 41.4329681
0.7840000 14.3148928
0.7850000 25.1623631
0.7860000 23.2904568
0.7870000 64.7372360
0.7880000 -8.1584740
0.7890000 41.7537766
0.7900000 -36.8826904
0.7910000 -46.7923393
0.7920000 -12.5352879
0.7930000 -84.0772781
0.7940000 -10.3243370
0.7950000 -50.5113411
0.7960000 -24.6847610
0.7970000 -15.6551886
0.7980000 -29.4149590
0.7990000 0.3731275
0.8000000 4.9768062
0.8010000 31.0697632
0.8020000 -26.2036114
0.8030000 -25.2080116
0.8040000 45.4512634
0.8050000 -34.1939125
0.8060000 19.8076839
0.8070000 -53.8334084
0.8080000 -35.0237083
0.8090000 11.2020426
0.8100000 33.0242844
0.8110000 -10.5187597
0.8120000 3.6064858
0.8130000 20.0829296
0.8140000 -59.5809326
0.8150000 7.6028428
0.8160000 18.9665985
0.8170000 4.9134555
0.8180000 2.8053210
0.8190000 -23.7628670
0.8200000 -15.2832384
0.8210000 24.9783192
0.8220000 26.2953987
0.8230000 34.8955765
0.8240000 12.4793701
0.8250000 -81.2527313
0.8260000 32.0187225
0.8270000 66.2718277
0.8280000 -40.9946060
0.8290000 32.2955589
0.8300000 -71.6545639
0.8310000 8.5557680
0.8320000 -15.3612127
0.8330000 23.6214275
0.8340000 -30.9236317
0.8350000 8.9610586
0.8360000 3.5468111
0.8370000 24.1409855
0.8380000 -2.9904358
0.8390000 -47.2734413
0.8400000 11.0533991
0.8410000 -33.6350403
0.8420000 -8.3065805
0.8430000 8.8679962
0.8440000 115.5840607
0.8450000 -61.4647255
0.8460000 38.9291344
0.8470000 14.8879461
0.8480000 13.7275305
0.8490000 23.1827106
0.8500000 10.4941015
0.8510000 7.2029228
0.8520000 10.2527723
0.8530000 49.2540131
0.8540000 -34.9833260
0.8550000 36.8025017
0.8560000 -2.1187985
0.8570000 -40.1240807
0.8580000 -59.9286575
0.8590000 -12.0599213
0.8600000 59.1388435
0.8610000 -76.8416901
0.8620000 -12.0577030
0.8630000 39.4852829
0.8640000 -7.2627778
0.8650000 -23.2847080
0.8660000 -28.5183392
0.8670000 37.2935867
0.8680000 -20.2584171
0.8690000 2.8156538
0.8700000 -26.4984665
0.8710000 -7.6332436
0.8720000 -34.9166679
0.8730000 -43.5402870
0.8740000 14.3217211
0.8750000 40.6076775
0.8760000 -27.0303574
0.8770000 -35.6409950
0.8780000 5.8006167
0.8790000 -20.7261181
0.8800000 -31.8320541
0.8810000 23.6577835
0.8820000 64.3938141
0.8830000 -2.6629293
0.8840000 -54.0742149
0.8850000 14.0797939
0.8860000 -7.4358745
0.8870000 49.9732399
0.8880000 -69.2574615
0.8890000 -57.5193901
0.8900000 24.4052696
0.8910000 -20.6421757
0.8920000 2.5624003
0.8930000 -20.6561241
0.8940000 -5.7494364
0.8950000 1.6966425
0.8960000 -21.6307278
0.8970000 15.7837772
0.8980000 19.5878582
0.8990000 14.2928610
0.9000000 -56.8447914
0.9010000 35.7421799
0.9020000 65.0134811
0.9030000 -7.3080821
0.9040000 -20.0004101
0.9050000 -5.8715730
0.9060000 -20.6389599
0.9070000 -35.8051224
0.9080000 -20.1325397
0.9090000 45.5194931
0.9100000 -44.5844269
0.9110000 -74.8568954
0.9120000 86.2667007
0.9130000 0.3326444
0.9140000 59.0353355
0.9150000 2.2306991
0.9160000 -32.4451866
0.9170000 23.3516579
0.9180000 15.3877802
0.9190000 -3.6409953
0.9200000 36.6269722
0.9210000 -4.0111227
0.9220000 -8.4261913
0.9230000 20.1822357
0.9240000 -23.2276096
0.9250000 -27.2620621
0.9260000 -0.8446080
0.9270000 -10.5483408
0.9280000 25.8744335
0.9290000 -4.8186436
0.9300000 -48.2214127
0.9310000 -41.8127251
0.9320000 -22.3932953
0.9330000 -23.8038960
0.9340000 -9.0478001
0.9350000 46.2614555
0.9360000 22.1313858
0.9370000 -36.9005051
0.9380000 15.2498083
0.9390000 26.2639084
0.9400000 -37.5502739
0.9410000 25.8927326
0.9420000 26.4158783
0.9430000 -8.8981104
0.9440000 -22.8553333
0.9450000 29.1375484
0.9460000 -41.3373032
0.9470000 10.0626278
0.9480000 33.4732704
0.9490000 -18.1998825
0.9500000 91.3016357
0.9510000 -64.5893784
0.9520000 47.8649025
0.9530000 2.9874437
0.9540000 17.5980282
0.9550000 -1.3952545
0.9560000 46.7289162
0.9570000 -15.7633104
0.9580000 21.3510265
0.9590000 4.2109184
0.9600000 -15.1647301
0.9610000 36.9770660
0.9620000 -38.0385323
0.9630000 -47.3705368
0.9640000 -26.8940830
0.9650000 5.0354390
0.9660000 42.9253006
0.9670000 -17.8394985
0.9680000 2.2382107
0.9690000 9.6364384
0.9700000 52.6687546
0.9710000 -19.1660461
0.9720000 -12.2719011
0.9730000 -27.1329803
0.9740000 18.8242626
0.9750000 26.3318939
0.9760000 25.3735542
0.9770000 9.8670330
0.9780000 42.8728447
0.9790000 117.7556076
0.9800000 46.9699745
0.9810000 -61.8145561
0.9820000 53.5755119
0.9830000 -8.5498695
0.9840000 20.6583576
0.9850000 58.8109856
0.9860000 -37.6779022
0.9870000 -39.7622604
0.9880000 -42.8357010
0.9890000 -33.6704254
0.9900000 -6.8859715
0.9910000 -6.9416738
0.9920000 18.4269619
0.9930000 6.9107871
0.9940000 2.5207634
0.9950000 -19.7358227
0.9960000 62.9519920
0.9970000 -7.0335255
0.9980000 64.9349899
0.9990000 -33.7935791
