0.0000000 -8.1988735
0.0010000 40.6025696
0.0020000 27.6326351
0.0030000 28.3537197
0.0040000 -55.6572113
0.0050000 4.1304169
0.0060000 -61.9687805
0.0070000 31.6802921
0.0080000 -8.9856682
0.0090000 24.1250153
0.0100000 -20.2686214
0.0110000 30.8497391
0.0120000 -33.9458351
0.0130000 -55.3238411
0.0140000 19.2464542
0.0150000 22.1712685
0.0160000 16.3110561
0.0170000 29.9016132
0.0180000 9.1299906
0.0190000 8.0642290
0.0200000 -5.2329073
0.0210000 8.4264488
0.0220000 -64.4094162
0.0230000 49.1236038
0.0240000 11.3312340
0.0250000 -59.8236122
0.0260000 25.0277481
0.0270000 41.8249054
0.0280000 -20.6422138
0.0290000 79.1493683
0.0300000 -13.9680834
0.0310000 -17.3050537
0.0320000 2.7472181
0.0330000 63.9688797
0.0340000 -94.5345306
0.0350000 -42.9759827
0.0360000 -4.2599320
0.0370000 40.9417953
0.0380000 24.1648636
0.0390000 0.5785078
0.0400000 46.4433365
0.0410000 -81.2522278
0.0420000 3.9878609
0.0430000 68.0775375
0.0440000 -3.7587466
0.0450000 -31.4454536
0.0460000 -8.7016420
0.0470000 -21.9955730
0.0480000 16.0153885
0.0490000 -75.1029587
0.0500000 -46.4425430
0.0510000 -5.7058439
0.0520000 13.9465389
0.0530000 -45.2152481
0.0540000 21.3950443
0.0550000 -38.0131645
0.0560000 18.9215584
0.0570000 -21.3559875
0.0580000 -5.7651906
0.0590000 -24.6003513
0.0600000 -39.8302879
0.0610000 -8.7888012
0.0620000 11.2596025
0.0630000 -1.5820367
0.0640000 -26.3103886
0.0650000 -23.1732788
0.0660000 -20.8624516
0.0670000 41.1007996
0.0680000 -48.9822159
0.0690000 -29.5586987
0.0700000 -15.3975401
0.0710000 15.5203171
0.0720000 -44.5647964
0.0730000 6.1536970
0.0740000 -23.1544056
0.0750000 8.7654667
0.0760000 -22.1865101
0.0770000 23.0744781
0.0780000 -2.3663762
0.0790000 -56.3648529
0.0800000 31.4124985
0.0810000 -14.7729759
0.0820000 -72.6029739
0.0830000 -12.5087242
0.0840000 -11.4564180
0.0850000 -0.9146300
0.0860000 29.4677773
0.0870000 9.5844564
0.0880000 -5.8327212
0.0890000 -0.8971309
0.0900000 -7.5782943
0.0910000 11.0669537
0.0920000 36.2428551
0.0930000 -37.3038445
0.0940000 -20.5938873
0.0950000 20.9133301
0.0960000 68.9340591
0.0970000 -25.5131321
0.0980000 -41.0806847
0.0990000 -39.7376900
0.1000000 -14.0072641
0.1010000 13.9060068
0.1020000 -30.5721378
0.1030000 11.3042154
0.1040000 30.3758812
0.1050000 -17.9376640
0.1060000 -58.4779358
0.1070000 -7.0867658
0.1080000 -44.0555801
0.1090000 -5.2661033
0.1100000 -36.1422501
0.1110000 26.6446609
0.1120000 -3.0208230
0.1130000 -22.1405735
0.1140000 10.4150581
0.1150000 -53.3842049
0.1160000 4.8600140
0.1170000 1.5803319
0.1180000 5.5111728
0.1190000 -25.5855846
0.1200000 10.5292988
0.1210000 33.9186516
0.1220000 13.5725708
0.1230000 35.4106102
0.1240000 26.2911034
0.1250000 35.0709381
0.1260000 34.1547165
0.1270000 -51.8631744
0.1280000 -42.6309662
0.1290000 -14.4701529
0.1300000 -2.2104340
0.1310000 -27.8003635
0.1320000 58.8807945
0.1330000 8.0652351
0.1340000 44.7690086
0.1350000 10.1259699
0.1360000 -2.0246503
0.1370000 -35.9632339
0.1380000 62.3354454
0.1390000 52.1583328
0.1400000 86.3191071
0.1410000 3.7726347
0.1420000 -3.6285224
0.1430000 -42.5058289
0.1440000 26.6723118
0.1450000 -4.0932102
0.1460000 -2.8598197
0.1470000 15.5859985
0.1480000 -2.9479990
0.1490000 -28.9918938
0.1500000 -7.1118326
0.1510000 59.3092766
0.1520000 -15.4449453
0.1530000 -4.3688045
0.1540000 30.4713287
0.1550000 33.3343620
0.1560000 33.4045410
0.1570000 18.3529053
0.1580000 -25.0839806
0.1590000 -1.0630219
0.1600000 0.1022104
0.1610000 -15.7038946
0.1620000 51.7200241
0.1630000 32.2262306
0.1640000 -16.9082775
0.1650000 -0.5238742
0.1660000 -12.0141430
0.1670000 29.4387302
0.1680000 -25.6176891
0.1690000 -44.1266136
0.1700000 16.4332848
0.1710000 37.2787628
0.1720000 -50.9859619
0.1730000 16.8337097
0.1740000 25.9739933
0.1750000 -29.2136269
0.1760000 25.7806702
0.1770000 -42.5934601
0.1780000 -16.0320358
0.1790000 -9.0654049
0.1800000 -7.2812347
0.1810000 25.6182251
0.1820000 -18.4994621
0.1830000 7.8945012
0.1840000 -39.5707932
0.1850000 -3.0905132
0.1860000 69.2570114
0.1870000 42.7087097
0.1880000 -53.0175323
0.1890000 6.4660373
0.1900000 5.5015559
0.1910000 -57.7777519
0.1920000 24.0499916
0.1930000 55.2207603
0.1940000 0.9906061
0.1950000 54.3770103
0.1960000 14.6049061
0.1970000 -20.3712807
0.1980000 -23.8142929
0.1990000 -70.6538239
0.2000000 -42.0736732
0.2010000 46.2186012
0.2020000 25.8612595
0.2030000 59.5063248
0.2040000 4.8811536
0.2050000 -20.2919712
0.2060000 72.5034943
0.2070000 -3.4553766
0.2080000 -16.8531780
0.2090000 27.1251106
0.2100000 74.8720551
0.2110000 -47.3249931
0.2120000 34.5932045
0.2130000 41.6032944
0.2140000 24.1873245
0.2150000 -26.2504711
0.2160000 -3.8003080
0.2170000 -52.1405983
0.2180000 -5.1094470
0.2190000 9.0853834
0.2200000 -3.0436451
0.2210000 -5.6262960
0.2220000 -43.7897034
0.2230000 21.5484905
0.2240000 34.1512871
0.2250000 -18.8170261
0.2260000 -23.1298199
0.2270000 -32.5463371
0.2280000 78.7390976
0.2290000 27.6796417
0.2300000 47.2095757
0.2310000 -10.8570871
0.2320000 -17.9864922
0.2330000 -17.4288902
0.2340000 1.5423033
0.2350000 -37.7281570
0.2360000 -68.2424850
0.2370000 -15.7873335
0.2380000 -33.5763931
0.2390000 44.5710907
0.2400000 -39.3242683
0.2410000 70.1683426
0.2420000 44.4146843
0.2430000 -6.3361568
0.2440000 39.2491951
0.2450000 54.0721512
0.2460000 25.6191616
0.2470000 22.7156067
0.2480000 -18.0049591
0.2490000 -7.4036431
0.2500000 1.8070384
0.2510000 14.0503998
0.2520000 37.2777634
0.2530000 13.6780386
0.2540000 -40.6451645
0.2550000 -38.7068634
0.2560000 40.3097382
0.2570000 8.8560324
0.2580000 -1.6380417
0.2590000 57.8534088
0.2600000 -23.5527382
0.2610000 -3.1235178
0.2620000 -19.0697937
0.2630000 24.0214100
0.2640000 20.0560856
0.2650000 91.2075729
0.2660000 6.3101258
0.2670000 -7.9893246
0.2680000 28.7257385
0.2690000 45.3797302
0.2700000 10.2728205
0.2710000 -52.6779366
0.2720000 35.2051849
0.2730000 -54.9583511
0.2740000 -1.2933525
0.2750000 0.0497642
0.2760000 22.7875748
0.2770000 33.8859177
0.2780000 27.8151264
0.2790000 8.2695417
0.2800000 -70.9364319
0.2810000 -5.7333679
0.2820000 -56.3545074
0.2830000 3.4546998
0.2840000 12.1832485
0.2850000 -43.7717400
0.2860000 56.2127533
0.2870000 105.0080795
0.2880000 -8.6198864
0.2890000 -17.8300552
0.2900000 -2.8766353
0.2910000 -64.3957138
0.2920000 -22.2403793
0.2930000 -13.6712790
0.2940000 -17.5586491
0.2950000 -20.0484123
0.2960000 8.6656437
0.2970000 -62.8416328
0.2980000 -41.8268585
0.2990000 25.3047028
0.3000000 -10.3303614
0.3010000 -17.9255505
0.3020000 31.9950161
0.3030000 -3.0255604
0.3040000 63.9086075
0.3050000 10.6454611
0.3060000 -9.0511198
0.3070000 -35.1692810
0.3080000 -21.8473759
0.3090000 12.5260792
0.3100000 12.2997150
0.3110000 -30.3204441
0.3120000 3.3524621
0.3130000 55.2515831
0.3140000 -84.2321243
0.3150000 -16.7364025
0.3160000 33.9271164
0.3170000 2.4846463
0.3180000 -7.9309630
0.3190000 50.7476578
0.3200000 5.0400276
0.3210000 53.5353317
0.3220000 -48.2844772
0.3230000 6.1385341
0.3240000 34.5035133
0.3250000 36.1857262
0.3260000 7.2572641
0.3270000 72.8548431
0.3280000 18.9518967
0.3290000 -58.0645294
0.3300000 -29.7219772
0.3310000 -45.3364487
0.3320000 13.0665207
0.3330000 -8.4028330
0.3340000 48.7158241
0.3350000 4.0848169
0.3360000 8.8538628
0.3370000 36.8736725
0.3380000 41.6150169
0.3390000 -9.3659267
0.3400000 29.3752480
0.3410000 13.1424961
0.3420000 36.3843002
0.3430000 71.1265793
0.3440000 6.0775828
0.3450000 -3.4777873
0.3460000 -51.4446907
0.3470000 -31.7959385
0.3480000 2.2598999
0.3490000 -71.3911057
0.3500000 -12.6437092
0.3510000 -5.5639453
0.3520000 5.9482145
0.3530000 0.7407534
0.3540000 -8.8207960
0.3550000 1.0678105
0.3560000 -43.9110489
0.3570000 85.3549881
0.3580000 28.3893986
0.3590000 70.7476654
0.3600000 4.9846931
0.3610000 12.7735415
0.3620000 -45.3323097
0.3630000 7.0817728
0.3640000 12.7185011
0.3650000 16.5335484
0.3660000 32.8451271
0.3670000 46.4849434
0.3680000 -27.9117966
0.3690000 20.3555279
0.3700000 -9.2386341
0.3710000 19.3483677
0.3720000 17.1985207
0.3730000 -42.5829239
0.3740000 -69.3671494
0.3750000 10.6752129
0.3760000 19.2363873
0.3770000 19.4943333
0.3780000 40.6698456
0.3790000 -23.1222687
0.3800000 34.8541870
0.3810000 0.8343560
0.3820000 31.8515034
0.3830000 -0.1221060
0.3840000 43.9669075
0.3850000 22.8223858
0.3860000 11.6132822
0.3870000 74.1311493
0.3880000 11.4495564
0.3890000 17.4372101
0.3900000 -16.9238091
0.3910000 -34.4951820
0.3920000 -37.3185692
0.3930000 -41.3274536
0.3940000 6.8900824
0.3950000 7.3231568
0.3960000 56.5867577
0.3970000 -3.2641866
0.3980000 10.5018053
0.3990000 30.0949116
0.4000000 -30.5916023
0.4010000 -33.7779846
0.4020000 -55.4968414
0.4030000 22.6651096
0.4040000 -27.6939583
0.4050000 17.5640831
0.4060000 -11.9756975
0.4070000 36.7187042
0.4080000 -6.8530054
0.4090000 -4.6500144
0.4100000 -66.3875275
0.4110000 -59.8559799
0.4120000 -35.8585587
0.4130000 -14.6739998
0.4140000 32.0805893
0.4150000 -0.9966091
0.4160000 59.4954948
0.4170000 -5.7031264
0.4180000 14.5508690
0.4190000 -8.8821468
0.4200000 1.6607908
0.4210000 30.0310307
0.4220000 13.4762535
0.4230000 -37.1942215
0.4240000 -9.5887213
0.4250000 15.0615730
0.4260000 -84.8430176
0.4270000 52.8524742
0.4280000 1.8821726
0.4290000 13.2218456
0.4300000 -62.1229248
0.4310000 -29.7316704
0.4320000 10.2276211
0.4330000 -20.8319664
0.4340000 9.6877403
0.4350000 31.5806580
0.4360000 -27.7722569
0.4370000 58.9434967
0.4380000 -66.1323700
0.4390000 -26.2748146
0.4400000 36.6023445
0.4410000 39.8566513
0.4420000 -60.9691238
0.4430000 121.0018921
0.4440000 -22.0360126
0.4450000 -8.8461924
0.4460000 11.5281143
0.4470000 24.8209667
0.4480000 18.8090439
0.4490000 -9.4043407
0.4500000 -1.6866170
0.4510000 8.9561853
0.4520000 3.3878400
0.4530000 2.1591074
0.4540000 39.9009781
0.4550000 10.9296350
0.4560000 -36.0217209
0.4570000 -22.5341625
0.4580000 -4.4516950
0.4590000 40.1068764
0.4600000 9.2348413
0.4610000 40.1532516
0.4620000 -15.6754951
0.4630000 -73.7036057
0.4640000 18.0275898
0.4650000 32.8679161
0.4660000 -6.2708259
0.4670000 13.7938843
0.4680000 -12.9572496
0.4690000 -30.4378624
0.4700000 35.2085609
0.4710000 5.9450169
0.4720000 41.8135300
0.4730000 71.0803299
0.4740000 -25.1853085
0.4750000 2.3901923
0.4760000 -18.8771324
0.4770000 49.1596680
0.4780000 -43.6125259
0.4790000 11.7891903
0.4800000 -52.4353409
0.4810000 -58.6120415
0.4820000 9.0504007
0.4830000 3.6786289
0.4840000 20.2149639
0.4850000 3.9639969
0.4860000 13.2129183
0.4870000 30.0873394
0.4880000 5.8920922
0.4890000 50.6594734
0.4900000 -20.1544571
0.4910000 21.9236221
0.4920000 -58.5719681
0.4930000 -27.6321297
0.4940000 35.2993279
0.4950000 5.8063021
0.4960000 15.9499178
0.4970000 5.6172385
0.4980000 -2.6888263
0.4990000 39.6249695
0.5000000 -47.3740578
0.5010000 24.8460464
0.5020000 73.0890732
0.5030000 -24.5630512
0.5040000 46.8735161
0.5050000 19.6459446
0.5060000 21.9277496
0.5070000 18.7607994
0.5080000 44.2212601
0.5090000 -76.4961014
0.5100000 -3.1711562
0.5110000 2.4258277
0.5120000 32.6238632
0.5130000 25.5618782
0.5140000 28.0109844
0.5150000 13.4381418
0.5160000 -16.1200809
0.5170000 2.1951864
0.5180000 36.6503830
0.5190000 -3.9296679
0.5200000 -17.5399132
0.5210000 30.8626499
0.5220000 61.7406998
0.5230000 87.3957214
0.5240000 -29.7357235
0.5250000 -35.9630623
0.5260000 -13.4074936
0.5270000 15.2869854
0.5280000 59.6738777
0.5290000 52.8211594
0.5300000 -30.9480228
0.5310000 -7.3750114
0.5320000 16.2937813
0.5330000 -36.0653114
0.5340000 -15.3034916
0.5350000 -38.7934189
0.5360000 14.8439112
0.5370000 -60.8747787
0.5380000 -35.9687881
0.5390000 -10.7868700
0.5400000 -11.0934448
0.5410000 42.8248787
0.5420000 19.3701763
0.5430000 5.0421805
0.5440000 -25.2600517
0.5450000 54.0684280
0.5460000 100.9835892
0.5470000 -3.6069126
0.5480000 37.0796928
0.5490000 14.4945927
0.5500000 -4.2928371
0.5510000 13.9385614
0.5520000 -10.7770472
0.5530000 13.2626581
0.5540000 10.8172045
0.5550000 -42.7298584
0.5560000 -8.2671633
0.5570000 56.0930901
0.5580000 3.0840130
0.5590000 -68.7781372
0.5600000 -72.1071930
0.5610000 20.6561260
0.5620000 67.3826065
0.5630000 1.2387009
0.5640000 -13.7725554
0.5650000 9.2509098
0.5660000 -0.7316999
0.5670000 -78.6043396
0.5680000 -13.1523104
0.5690000 -51.3362885
0.5700000 65.9616394
0.5710000 -39.1878510
0.5720000 32.4103622
0.5730000 -0.0918332
0.5740000 27.9469051
0.5750000 -24.2855167
0.5760000 16.4074688
0.5770000 -27.9614773
0.5780000 -4.9408183
0.5790000 -18.6531906
0.5800000 56.3477440
0.5810000 -49.4426956
0.5820000 11.8269606
0.5830000 -19.4042912
0.5840000 -30.0780678
0.5850000 5.7775750
0.5860000 -50.8309288
0.5870000 -12.8756838
0.5880000 64.5313492
0.5890000 -7.5747461
0.5900000 -31.7195969
0.5910000 -4.9340892
0.5920000 -43.7229614
0.5930000 -46.9194946
0.5940000 -20.5943527
0.5950000 16.0269794
0.5960000 2.3435338
0.5970000 13.5530157
0.5980000 -25.8436489
0.5990000 6.7191043
0.6000000 3.7562509
0.6010000 -7.2327609
0.6020000 -18.5091820
0.6030000 -5.1585412
0.6040000 -9.0884848
0.6050000 -21.8085670
0.6060000 5.9891939
0.6070000 -66.8766861
0.6080000 -21.4459229
0.6090000 -16.6785946
0.6100000 24.5015869
0.6110000 -21.5670395
0.6120000 23.4146023
0.6130000 -38.2064362
0.6140000 34.3323746
0.6150000 -22.9287663
0.6160000 -34.6422882
0.6170000 -10.5352173
0.6180000 -45.9489136
0.6190000 -35.4451904
0.6200000 32.1940994
0.6210000 56.1426506
0.6220000 78.7931976
0.6230000 -6.2340174
0.6240000 23.1375504
0.6250000 -1.0113049
0.6260000 1.8084871
0.6270000 35.0500069
0.6280000 55.9091759
0.6290000 -57.9577408
0.6300000 14.6330490
0.6310000 14.3147478
0.6320000 2.9641285
0.6330000 31.7306061
0.6340000 9.4897070
0.6350000 -3.1958284
0.6360000 -8.9802666
0.6370000 46.5605812
0.6380000 -5.4117637
0.6390000 72.7033386
0.6400000 63.9399719
0.6410000 5.0268598
0.6420000 50.7530479
0.6430000 -52.0354385
0.6440000 30.6251945
0.6450000 -41.1499519
0.6460000 -35.0973129
0.6470000 10.8116846
0.6480000 -1.2133729
0.6490000 53.3855171
0.6500000 53.5447083
0.6510000 -4.6190567
0.6520000 -50.5310555
0.6530000 20.4306602
0.6540000 -16.8841400
0.6550000 -69.9020691
0.6560000 9.3099794
0.6570000 -62.5524673
0.6580000 -37.6218567
0.6590000 -2.6124547
0.6600000 -48.0957375
0.6610000 0.4894843
0.6620000 -10.9974985
0.6630000 -3.2633233
0.6640000 1.2377377
0.6650000 54.9567032
0.6660000 16.9089794
0.6670000 -36.7340202
0.6680000 -38.9998665
0.6690000 16.5436440
0.6700000 -11.7253571
0.6710000 34.9931030
0.6720000 0.2440263
0.6730000 5.5354700
0.6740000 9.7359819
0.6750000 -53.1664238
0.6760000 33.8950539
0.6770000 -25.3909817
0.6780000 72.4724503
0.6790000 -5.5116630
0.6800000 -48.7301064
0.6810000 36.1843491
0.6820000 -62.6023216
0.6830000 -26.2790127
0.6840000 -0.5445114
0.6850000 -2.6023924
0.6860000 -36.7220573
0.6870000 42.1093292
0.6880000 20.6708736
0.6890000 31.8001251
0.6900000 -65.2599792
0.6910000 -10.2147903
0.6920000 24.9401741
0.6930000 11.2887220
0.6940000 19.3232689
0.6950000 19.7892056
0.6960000 20.5539131
0.6970000 7.3743258
0.6980000 -17.2769699
0.6990000 -23.9332504
0.7000000 -21.5073280
0.7010000 -20.7925072
0.7020000 -59.1688118
0.7030000 -8.4688644
0.7040000 21.8456078
0.7050000 64.4106216
0.7060000 -79.2967987
0.7070000 47.0660591
0.7080000 -11.3893318
0.7090000 22.0831566
0.7100000 13.4658661
0.7110000 71.2577286
0.7120000 37.4629669
0.7130000 -14.4361486
0.7140000 -61.6429329
0.7150000 30.8447323
0.7160000 5.0648494
0.7170000 39.5988922
0.7180000 9.0524607
0.7190000 36.1021156
0.7200000 -41.3480835
0.7210000 24.5128117
0.7220000 -36.2061310
0.7230000 -22.7906895
0.7240000 -9.3915920
0.7250000 20.2556705
0.7260000 -6.6418133
0.7270000 24.7373028
0.7280000 -20.2459068
0.7290000 63.4796333
0.7300000 5.6187668
0.7310000 12.1724920
0.7320000 -16.6357403
0.7330000 7.8191848
0.7340000 -28.1603718
0.7350000 62.9405785
0.7360000 48.1980629
0.7370000 -59.1585503
0.7380000 -4.1796675
0.7390000 -9.8595543
0.7400000 -29.3873272
0.7410000 -18.2109680
0.7420000 30.1315231
0.7430000 -23.3654842
0.7440000 -66.7337952
0.7450000 20.3459263
0.7460000 -64.5324936
0.7470000 78.4356003
0.7480000 -14.9383593
0.7490000 12.0642214
0.7500000 32.3941460
0.7510000 19.5086880
0.7520000 36.8741837
0.7530000 -10.0166349
0.7540000 -17.0666046
0.7550000 7.3675442
0.7560000 -16.8177528
0.7570000 40.1083298
0.7580000 -73.7259979
0.7590000 -7.2720022
0.7600000 39.3570290
0.7610000 15.8365059
0.7620000 51.8735199
0.7630000 -17.3596764
0.7640000 -29.8111019
0.7650000 -24.8821278
0.7660000 -36.8775139
0.7670000 -17.0935383
0.7680000 1.4428009
0.7690000 -49.6975555
0.7700000 -51.2161789
0.7710000 -11.6778011
0.7720000 -40.5611992
0.7730000 -16.4349880
0.7740000 13.8357534
0.7750000 19.3016014
0.7760000 -29.4163952
0.7770000 18.6773548
0.7780000 -15.2288351
0.7790000 -21.0067196
0.7800000 -13.0125895
0.7810000 3.7292702
0.7820000 15.1392097
0.7830000 15.1821737
0.7840000 -26.9680614
0.7850000 -8.6248941
0.7860000 -4.7139001
0.7870000 -31.1438313
0.7880000 -2.8115427
0.7890000 -19.2541351
0.7900000 24.4810715
0.7910000 -20.2625675
0.7920000 -8.6848764
0.7930000 5.7186613
0.7940000 52.5771942
0.7950000 7.3256116
0.7960000 -41.8902092
0.7970000 47.4475746
0.7980000 -3.2844651
0.7990000 4.1971874
0.8000000 24.2175522
0.8010000 -15.7106543
0.8020000 -10.7561951
0.8030000 63.4153595
0.8040000 -17.5616989
0.8050000 1.0533189
0.8060000 -26.6382637
0.8070000 28.7322140
0.8080000 -6.8357177
0.8090000 -4.4304066
0.8100000 10.3575106
0.8110000 7.0319409
0.8120000 -39.6665993
0.8130000 -9.3994722
0.8140000 -11.7943983
0.8150000 55.5646324
0.8160000 3.3132060
0.8170000 20.6197624
0.8180000 33.4798088
0.8190000 39.3641281
0.8200000 0.9867906
0.8210000 33.1585350
0.8220000 27.9253101
0.8230000 66.6071854
0.8240000 -53.1851463
0.8250000 20.2588062
0.8260000 40.1526451
0.8270000 -33.8759155
0.8280000 4.0900316
0.8290000 -17.4914742
0.8300000 -11.4655209
0.8310000 -23.9365215
0.8320000 -45.0306816
0.8330000 56.3732033
0.8340000 -8.4301605
0.8350000 -25.0259075
0.8360000 45.9226303
0.8370000 20.3475113
0.8380000 -48.0748444
0.8390000 -44.6498070
0.8400000 -31.1038551
0.8410000 9.8434486
0.8420000 -7.4174037
0.8430000 -27.7958241
0.8440000 -1.3705419
0.8450000 -7.3637986
0.8460000 -5.3851647
0.8470000 -42.9501266
0.8480000 -8.9855490
0.8490000 16.6890297
0.8500000 -47.6752930
0.8510000 -4.4534678
0.8520000 -96.6159058
0.8530000 -26.9533443
0.8540000 -8.6012430
0.8550000 -2.5385866
0.8560000 -42.4354172
0.8570000 48.2420349
0.8580000 -50.9023895
0.8590000 3.7523775
0.8600000 -60.2934952
0.8610000 16.7171249
0.8620000 -16.8803425
0.8630000 -38.6407051
0.8640000 -2.2259245
0.8650000 -51.6052933
0.8660000 -45.3285103
0.8670000 11.5053940
0.8680000 11.9162998
0.8690000 -2.6390719
0.8700000 -10.2955751
0.8710000 11.5253296
0.8720000 22.8070259
0.8730000 -20.1088524
0.8740000 5.3310890
0.8750000 13.8954172
0.8760000 -28.2108002
0.8770000 -6.2457409
0.8780000 27.6431980
0.8790000 38.8500404
0.8800000 -25.5683918
0.8810000 35.2509956
0.8820000 4.3439150
0.8830000 18.4486809
0.8840000 -51.1608238
0.8850000 31.4108524
0.8860000 29.6837540
0.8870000 -32.2497025
0.8880000 -70.5088272
0.8890000 -33.3139915
0.8900000 -1.0534921
0.8910000 13.5177870
0.8920000 13.2435617
0.8930000 1.5410662
0.8940000 53.6550369
0.8950000 -71.9728165
0.8960000 9.5473509
0.8970000 37.5662460
0.8980000 -38.2602844
0.8990000 -39.1197052
0.9000000 57.2909126
0.9010000 -23.5548859
0.9020000 -9.4980841
0.9030000 -51.4371262
0.9040000 44.7057800
0.9050000 30.4177132
0.9060000 -38.8004799
0.9070000 -38.6011124
0.9080000 28.2856388
0.9090000 -15.2423649
0.9100000 39.6950455
0.9110000 -5.1561060
0.9120000 3.1207340
0.9130000 12.0685329
0.9140000 10.2696438
0.9150000 -20.1294956
0.9160000 -7.3545041
0.9170000 71.4340668
0.9180000 -10.0604420
0.9190000 45.4899101
0.9200000 28.1940441
0.9210000 -50.8379440
0.9220000 -65.6619873
0.9230000 -50.8548737
0.9240000 59.1879120
0.9250000 -25.8163567
0.9260000 22.5125332
0.9270000 24.1481590
0.9280000 7.0148830
0.9290000 25.8412094
0.9300000 96.3759003
0.9310000 -17.6670094
0.9320000 11.1586323
0.9330000 -5.5651965
0.9340000 -25.1382637
0.9350000 6.5936785
0.9360000 -29.3335476
0.9370000 12.3830051
0.9380000 17.0646095
0.9390000 -21.1879063
0.9400000 -13.4072733
0.9410000 -46.6223450
0.9420000 21.5276585
0.9430000 18.4771786
0.9440000 27.8738022
0.9450000 37.8486176
0.9460000 0.2130487
0.9470000 -41.1452065
0.9480000 29.9592323
0.9490000 23.4793243
0.9500000 15.0141220
0.9510000 42.0205193
0.9520000 -45.7126389
0.9530000 -30.1079235
0.9540000 11.9740419
0.9550000 -36.3668365
0.9560000 -21.7809925
0.9570000 -38.7774734
0.9580000 30.7098274
0.9590000 -36.3674736
0.9600000 -5.4969940
0.9610000 23.7838039
0.9620000 -46.1789360
0.9630000 -64.0082092
0.9640000 29.8085327
0.9650000 48.3695793
0.9660000 16.4477005
0.9670000 31.4672241
0.9680000 38.9815979
0.9690000 -42.7825737
0.9700000 -21.8186874
0.9710000 -35.1265793
0.9720000 -6.8909564
0.9730000 21.6959686
0.9740000 31.0761890
0.9750000 26.4284630
0.9760000 -42.9320908
0.9770000 28.1493454
0.9780000 -0.0162061
0.9790000 14.0402031
0.9800000 63.2181625
0.9810000 -24.8236942
0.9820000 -1.5483338
0.9830000 36.8370667
0.9840000 60.9534187
0.9850000 2.8904305
0.9860000 28.1604424
0.9870000 18.4112530
0.9880000 21.3594704
0.9890000 -20.0670223
0.9900000 -21.4040413
0.9910000 10.8444395
0.9920000 -11.4147520
0.9930000 -35.4324265
0.9940000 -21.7088566
0.9950000 -33.8704987
0.9960000 -25.8092594
0.9970000 -12.9128246
0.9980000 6.7016168
0.9990000 76.7458725
