0.0000000 -31.2843113
0.0010000 -9.3624125
0.0020000 -38.5334892
0.0030000 -23.0625553
0.0040000 5.9586306
0.0050000 37.2990303
0.0060000 -18.4609680
0.0070000 84.7679825
0.0080000 -72.1822281
0.0090000 -30.9371624
0.0100000 61.3591347
0.0110000 62.5405769
0.0120000 13.8699875
0.0130000 -64.7245789
0.0140000 31.2978191
0.0150000 -42.4223557
0.0160000 -0.7637526
0.0170000 0.3239592
0.0180000 67.1573639
0.0190000 -78.3149948
0.0200000 -48.2627487
0.0210000 -34.9779129
0.0220000 -5.6975870
0.0230000 11.5021753
0.0240000 -47.6248245
0.0250000 36.2742233
0.0260000 32.6226196
0.0270000 70.1851959
0.0280000 -55.4765511
0.0290000 14.1760149
0.0300000 18.8540497
0.0310000 -37.8934059
0.0320000 8.0192337
0.0330000 -4.0953965
0.0340000 -28.6095963
0.0350000 9.7764683
0.0360000 61.5553093
0.0370000 -17.8677425
0.0380000 -23.6199188
0.0390000 -17.6420155
0.0400000 4.2254744
0.0410000 -16.4856224
0.0420000 -16.0518074
0.0430000 -28.0708542
0.0440000 -27.1533127
0.0450000 10.7815208
0.0460000 -35.5254555
0.0470000 -6.1384635
0.0480000 -10.1912308
0.0490000 28.8432980
0.0500000 16.6924019
0.0510000 27.7857723
0.0520000 -13.2664509
0.0530000 -25.7354336
0.0540000 -21.8038425
0.0550000 23.7943516
0.0560000 -51.0225487
0.0570000 36.8085060
0.0580000 19.4441414
0.0590000 57.4001160
0.0600000 25.4368591
0.0610000 -6.3323789
0.0620000 46.5056229
0.0630000 26.8298149
0.0640000 13.5161514
0.0650000 56.5718079
0.0660000 -27.9011917
0.0670000 30.1419125
0.0680000 0.5171601
0.0690000 -47.8954086
0.0700000 18.3714828
0.0710000 -38.8860016
0.0720000 6.1573768
0.0730000 62.5670929
0.0740000 31.9978848
0.0750000 17.3406143
0.0760000 -3.1058605
0.0770000 -57.0489388
0.0780000 -47.0633774
0.0790000 -5.5270653
0.0800000 7.5203400
0.0810000 7.6669054
0.0820000 22.8377609
0.0830000 -62.1050377
0.0840000 51.1883583
0.0850000 53.7798462
0.0860000 -11.3808794
0.0870000 -56.7320518
0.0880000 27.2027111
0.0890000 28.9640121
0.0900000 -43.2757835
0.0910000 -1.9020022
0.0920000 18.4104538
0.0930000 97.6185379
0.0940000 23.3276463
0.0950000 12.1444187
0.0960000 -4.6937881
0.0970000 22.4309978
0.0980000 84.1424789
0.0990000 -2.5532527
0.1000000 -65.6503525
0.1010000 10.6054478
0.1020000 -19.3851223
0.1030000 -2.2124808
0.1040000 -61.1752205
0.1050000 -13.8069248
0.1060000 68.3944550
0.1070000 14.8143959
0.1080000 8.6974239
0.1090000 -18.2115250
0.1100000 -1.6360089
0.1110000 33.6007500
0.1120000 78.6772232
0.1130000 -18.5733356
0.1140000 -20.9205456
0.1150000 5.6177864
0.1160000 8.3009577
0.1170000 48.0003052
0.1180000 16.2612209
0.1190000 -37.4281693
0.1200000 -86.3475418
0.1210000 25.6583920
0.1220000 -84.9822159
0.1230000 22.6090813
0.1240000 -7.9512997
0.1250000 32.0855942
0.1260000 17.6331520
0.1270000 36.3034019
0.1280000 -30.6553936
0.1290000 38.8680878
0.1300000 61.7530289
0.1310000 -17.8138618
0.1320000 98.0041428
0.1330000 26.0581303
0.1340000 38.3002892
0.1350000 -41.4758797
0.1360000 62.1699600
0.1370000 0.3965888
0.1380000 -26.6286030
0.1390000 -2.9944861
0.1400000 -43.7681274
0.1410000 -12.2719955
0.1420000 -10.0412054
0.1430000 5.0516477
0.1440000 38.7205696
0.1450000 7.7979689
0.1460000 -27.7132263
0.1470000 33.9320831
0.1480000 49.2028961
0.1490000 -32.3724213
0.1500000 -5.2735820
0.1510000 -30.1578350
0.1520000 16.0013580
0.1530000 46.2072411
0.1540000 30.3635406
0.1550000 -38.0068016
0.1560000 20.5059490
0.1570000 32.8904266
0.1580000 -66.0544739
0.1590000 -49.1371269
0.1600000 43.4017372
0.1610000 51.9285851
0.1620000 32.4121017
0.1630000 15.8177986
0.1640000 -21.1483860
0.1650000 -37.8725815
0.1660000 -15.4692717
0.1670000 -17.8775539
0.1680000 21.1244755
0.1690000 -19.8950729
0.1700000 -8.6124287
0.1710000 31.3930836
0.1720000 -5.4504147
0.1730000 -22.5356293
0.1740000 42.6996078
0.1750000 33.1122665
0.1760000 44.3653831
0.1770000 -6.4295225
0.1780000 25.0196781
0.1790000 35.0163765
0.1800000 36.9345970
0.1810000 19.5265446
0.1820000 55.7759895
0.1830000 34.9999199
0.1840000 -4.0704622
0.1850000 -55.3687820
0.1860000 -31.1220303
0.1870000 35.2477722
0.1880000 -23.0145092
0.1890000 29.3879185
0.1900000 -57.3755531
0.1910000 -30.4059868
0.1920000 95.2580032
0.1930000 12.9750528
0.1940000 5.8928475
0.1950000 23.5700035
0.1960000 6.0677814
0.1970000 -3.0723836
0.1980000 6.0434489
0.1990000 -9.8606482
0.2000000 -56.7400093
0.2010000 5.9314990
0.2020000 -41.1040764
0.2030000 -4.6463885
0.2040000 53.4951096
0.2050000 11.3826056
0.2060000 12.7727680
0.2070000 2.2022214
0.2080000 -22.0060482
0.2090000 73.1804428
0.2100000 57.3280640
0.2110000 -20.3273220
0.2120000 17.5659256
0.2130000 36.0336571
0.2140000 8.2347355
0.2150000 11.3470926
0.2160000 -64.8227997
0.2170000 -50.4714508
0.2180000 -0.9593301
0.2190000 12.1462069
0.2200000 -35.2810783
0.2210000 -20.4495068
0.2220000 11.0023241
0.2230000 -13.0630417
0.2240000 16.0982132
0.2250000 -28.0947533
0.2260000 -1.9276352
0.2270000 -20.2405643
0.2280000 -52.9556656
0.2290000 15.2555161
0.2300000 40.4376945
0.2310000 -36.3305664
0.2320000 5.6930904
0.2330000 43.8581161
0.2340000 14.7019949
0.2350000 -32.2688675
0.2360000 -22.7949314
0.2370000 36.2347755
0.2380000 8.7748327
0.2390000 28.7065353
0.2400000 34.7281532
0.2410000 -45.3115311
0.2420000 -24.6488724
0.2430000 34.0701790
0.2440000 13.0845060
0.2450000 -12.1375160
0.2460000 22.4464321
0.2470000 -11.1835432
0.2480000 -51.1893311
0.2490000 -22.2322998
0.2500000 19.6652279
0.2510000 38.2913399
0.2520000 -63.4467621
0.2530000 10.2740564
0.2540000 3.1314356
0.2550000 6.3908186
0.2560000 -62.7311630
0.2570000 -25.6131897
0.2580000 -23.8258743
0.2590000 51.8156281
0.2600000 -23.6469326
0.2610000 -11.4945927
0.2620000 6.6280375
0.2630000 -3.6668890
0.2640000 -3.9384782
0.2650000 -56.6933441
0.2660000 47.4022064
0.2670000 -4.3174086
0.2680000 -9.3343906
0.2690000 0.9087160
0.2700000 -27.6973324
0.2710000 -13.4757738
0.2720000 -49.9950142
0.2730000 -18.4939041
0.2740000 -35.1243896
0.2750000 24.2784138
0.2760000 -0.3263748
0.2770000 6.7046132
0.2780000 -24.2289944
0.2790000 -36.7048073
0.2800000 12.1633663
0.2810000 30.8858395
0.2820000 31.7372112
0.2830000 -11.6943293
0.2840000 -0.0095790
0.2850000 -67.2782822
0.2860000 27.8637733
0.2870000 -13.0404367
0.2880000 -13.1398649
0.2890000 0.6958046
0.2900000 -7.8665495
0.2910000 -53.4198990
0.2920000 32.0890617
0.2930000 8.6735449
0.2940000 6.7119303
0.2950000 60.1075745
0.2960000 30.0262260
0.2970000 21.5852337
0.2980000 26.2929268
0.2990000 -26.2691002
0.3000000 -35.1972275
0.3010000 -23.7591915
0.3020000 -27.7160912
0.3030000 -4.3712034
0.3040000 -43.4712181
0.3050000 54.9864616
0.3060000 -3.1834688
0.3070000 106.0000305
0.3080000 -18.8795586
0.3090000 -0.7794415
0.3100000 -19.4223442
0.3110000 3.6507413
0.3120000 -90.5053253
0.3130000 -24.6406193
0.3140000 -3.1362805
0.3150000 -6.9707518
0.3160000 -58.3230667
0.3170000 -60.1427841
0.3180000 13.3247032
0.3190000 -3.6205997
0.3200000 -7.7802906
0.3210000 18.4562283
0.3220000 -35.4131584
0.3230000 51.6316147
0.3240000 19.4517536
0.3250000 25.0186710
0.3260000 18.5057621
0.3270000 -12.6521845
0.3280000 22.4942360
0.3290000 3.8577321
0.3300000 -54.4882736
0.3310000 -27.3171501
0.3320000 27.9098663
0.3330000 -36.5214386
0.3340000 35.5890884
0.3350000 -79.6575012
0.3360000 2.5902045
0.3370000 19.3963852
0.3380000 -23.7408428
0.3390000 -47.8259735
0.3400000 29.2417984
0.3410000 17.3988590
0.3420000 10.8705854
0.3430000 16.7854443
0.3440000 -17.9373302
0.3450000 18.1612816
0.3460000 19.8917904
0.3470000 -6.8648906
0.3480000 -50.7893867
0.3490000 4.1676140
0.3500000 14.6517172
0.3510000 -7.5785265
0.3520000 7.4414263
0.3530000 -3.0951736
0.3540000 2.7792108
0.3550000 25.1603813
0.3560000 32.7222862
0.3570000 -40.4357300
0.3580000 25.6653614
0.3590000 55.1011353
0.3600000 -38.4953308
0.3610000 -17.2722530
0.3620000 -14.6235180
0.3630000 -30.1782570
0.3640000 -23.6884804
0.3650000 47.6589737
0.3660000 51.7577629
0.3670000 -28.0852203
0.3680000 -39.3593483
0.3690000 -14.0521898
0.3700000 -0.7656575
0.3710000 -24.7811470
0.3720000 18.9071503
0.3730000 -19.5680943
0.3740000 52.1225395
0.3750000 18.5771790
0.3760000 60.2991714
0.3770000 -39.7822304
0.3780000 22.0851078
0.3790000 2.7171137
0.3800000 -33.6372795
0.3810000 -41.8671150
0.3820000 38.9921455
0.3830000 -21.1754150
0.3840000 3.4298053
0.3850000 10.8417835
0.3860000 55.7124405
0.3870000 36.5957184
0.3880000 -50.0910530
0.3890000 -3.5660248
0.3900000 -4.9948096
0.3910000 -13.2061472
0.3920000 -39.0531960
0.3930000 -20.9300385
0.3940000 -28.0821762
0.3950000 -35.2128487
0.3960000 -47.4641457
0.3970000 -21.0509911
0.3980000 20.1995106
0.3990000 21.1469860
0.4000000 -11.1009398
0.4010000 47.9330711
0.4020000 22.1672840
0.4030000 -33.1901970
0.4040000 -33.1231003
0.4050000 -71.2301254
0.4060000 40.3656654
0.4070000 53.3559189
0.4080000 30.2273464
0.4090000 11.4178820
0.4100000 -55.1034126
0.4110000 23.3732090
0.4120000 35.2181511
0.4130000 19.1752720
0.4140000 65.5442352
0.4150000 39.2907028
0.4160000 -26.5185680
0.4170000 8.4793110
0.4180000 -9.5452681
0.4190000 3.0068607
0.4200000 28.3006096
0.4210000 -74.5880051
0.4220000 17.1186008
0.4230000 18.1255360
0.4240000 10.0562868
0.4250000 61.7159920
0.4260000 12.5460005
0.4270000 -51.8099747
0.4280000 -18.8663197
0.4290000 54.0102043
0.4300000 18.7991600
0.4310000 -68.9762955
0.4320000 5.0532870
0.4330000 22.9519806
0.4340000 35.7035370
0.4350000 18.3279991
0.4360000 30.3466625
0.4370000 32.1358147
0.4380000 -10.4345112
0.4390000 20.2580128
0.4400000 23.6488285
0.4410000 -36.2948914
0.4420000 25.1332569
0.4430000 28.4912968
0.4440000 17.2531109
0.4450000 -43.9129753
0.4460000 -58.1602592
0.4470000 43.2323074
0.4480000 21.3425674
0.4490000 20.8126984
0.4500000 -10.9255342
0.4510000 41.8873062
0.4520000 -40.4684601
0.4530000 -26.6909943
0.4540000 7.4979191
0.4550000 2.0927706
0.4560000 43.0510025
0.4570000 14.0912695
0.4580000 25.6756344
0.4590000 21.2438164
0.4600000 -11.9081936
0.4610000 -52.9162369
0.4620000 17.6390953
0.4630000 10.8498487
0.4640000 19.8311596
0.4650000 -2.5340319
0.4660000 12.5640059
0.4670000 -52.7060432
0.4680000 67.9428101
0.4690000 -12.8579464
0.4700000 21.2889805
0.4710000 2.8737397
0.4720000 15.7501183
0.4730000 -41.0554466
0.4740000 33.4766083
0.4750000 -15.3763056
0.4760000 -64.2973175
0.4770000 -11.5487576
0.4780000 2.8374710
0.4790000 37.5034218
0.4800000 23.7577496
0.4810000 -12.8776197
0.4820000 2.0066390
0.4830000 -53.7485390
0.4840000 -53.5153580
0.4850000 -47.3888016
0.4860000 9.5321903
0.4870000 31.9037476
0.4880000 -49.9626694
0.4890000 39.1103554
0.4900000 -30.2425919
0.4910000 -0.7827521
0.4920000 20.8143864
0.4930000 57.2337456
0.4940000 -61.2197418
0.4950000 23.0231400
0.4960000 -83.2727890
0.4970000 54.4671745
0.4980000 -66.8510971
0.4990000 17.7703667
0.5000000 -72.1568222
0.5010000 -22.8623238
0.5020000 52.6113052
0.5030000 23.8133202
0.5040000 6.5446243
0.5050000 -34.3259888
0.5060000 41.1351166
0.5070000 16.9297276
0.5080000 21.5555668
0.5090000 -2.4409833
0.5100000 -13.7644119
0.5110000 19.2848682
0.5120000 -1.9810773
0.5130000 0.6872153
0.5140000 32.1795692
0.5150000 10.7171230
0.5160000 -44.9701843
0.5170000 -62.1088715
0.5180000 -15.0718346
0.5190000 -44.8971367
0.5200000 20.2440472
0.5210000 -37.1668358
0.5220000 17.0013714
0.5230000 -16.1429939
0.5240000 13.8102560
0.5250000 33.7283287
0.5260000 -3.5884821
0.5270000 -37.1740837
0.5280000 14.1756239
0.5290000 -2.6866839
0.5300000 43.0320320
0.5310000 -38.2533951
0.5320000 -53.5162926
0.5330000 -17.3926105
0.5340000 -15.8958635
0.5350000 -7.8615985
0.5360000 48.7391663
0.5370000 2.6526310
0.5380000 -15.7634211
0.5390000 2.4940414
0.5400000 -31.4719982
0.5410000 -35.7320137
0.5420000 12.4918022
0.5430000 -3.0488803
0.5440000 -31.2668972
0.5450000 -6.9163184
0.5460000 -65.7458725
0.5470000 20.4714069
0.5480000 -57.2550011
0.5490000 -38.5010986
0.5500000 -0.3004285
0.5510000 14.8482790
0.5520000 45.6238403
0.5530000 -53.1647453
0.5540000 30.1222477
0.5550000 29.0623951
0.5560000 6.9745388
0.5570000 -33.7046700
0.5580000 42.3592567
0.5590000 -63.8584213
0.5600000 -4.7905755
0.5610000 -33.3742790
0.5620000 31.2723846
0.5630000 20.2075634
0.5640000 15.0130892
0.5650000 19.4798050
0.5660000 15.9738789
0.5670000 -60.6913795
0.5680000 -11.9001007
0.5690000 29.3118439
0.5700000 10.2663593
0.5710000 -39.2769699
0.5720000 -14.0748539
0.5730000 -90.1156540
0.5740000 -38.2728615
0.5750000 -22.2471390
0.5760000 -13.6454306
0.5770000 -8.8389254
0.5780000 -75.0750885
0.5790000 -23.1493568
0.5800000 6.8018517
0.5810000 64.0046234
0.5820000 -5.4502506
0.5830000 29.3390579
0.5840000 23.4414902
0.5850000 -50.8029594
0.5860000 21.8027496
0.5870000 -27.4403152
0.5880000 9.1255884
0.5890000 10.8119459
0.5900000 -33.8277016
0.5910000 25.2561913
0.5920000 65.6030350
0.5930000 9.6735258
0.5940000 -14.2143736
0.5950000 -17.5601807
0.5960000 -1.6315854
0.5970000 -35.1608086
0.5980000 -29.2794800
0.5990000 17.6916180
0.6000000 19.2184849
0.6010000 -18.9189739
0.6020000 5.2268505
0.6030000 24.9370270
0.6040000 -51.3670845
0.6050000 -27.3661613
0.6060000 30.5932426
0.6070000 -16.2835999
0.6080000 -43.7772446
0.6090000 36.6528435
0.6100000 21.6961174
0.6110000 -42.7197227
0.6120000 -18.7401905
0.6130000 -37.6437607
0.6140000 -79.7276154
0.6150000 46.9720039
0.6160000 16.2124138
0.6170000 28.6974411
0.6180000 -41.7213173
0.6190000 0.3777167
0.6200000 -39.5829163
0.6210000 21.2476730
0.6220000 -13.5920773
0.6230000 -36.2491951
0.6240000 -34.7050591
0.6250000 31.8279915
0.6260000 53.2014465
0.6270000 50.6216507
0.6280000 33.9646950
0.6290000 -65.1415405
0.6300000 21.7067089
0.6310000 -19.7438335
0.6320000 29.1499195
0.6330000 -47.7232513
0.6340000 33.7520676
0.6350000 22.1993008
0.6360000 72.2446823
0.6370000 0.7686421
0.6380000 44.8100739
0.6390000 10.2560053
0.6400000 7.6825981
0.6410000 5.2699680
0.6420000 7.6432052
0.6430000 -4.3927345
0.6440000 64.3044128
0.6450000 57.7292633
0.6460000 71.6250763
0.6470000 -0.7626051
0.6480000 12.1591358
0.6490000 22.7543888
0.6500000 -12.1184921
0.6510000 -1.9221100
0.6520000 -18.3643665
0.6530000 10.4707279
0.6540000 23.8574448
0.6550000 -16.6537571
0.6560000 23.5305271
0.6570000 -32.4401779
0.6580000 5.9432144
0.6590000 25.2233181
0.6600000 12.3941603
0.6610000 13.6952448
0.6620000 -18.6238937
0.6630000 -43.8183289
0.6640000 21.5023155
0.6650000 -30.3882332
0.6660000 39.6141052
0.6670000 33.9255104
0.6680000 13.6203737
0.6690000 -51.0068817
0.6700000 3.7975132
0.6710000 7.7201018
0.6720000 -11.7594862
0.6730000 -58.2355270
0.6740000 -1.6614600
0.6750000 -18.9014912
0.6760000 1.9917254
0.6770000 -7.4387012
0.6780000 -53.8535461
0.6790000 46.5777206
0.6800000 0.7532578
0.6810000 -8.8322153
0.6820000 -19.8070164
0.6830000 -2.2361398
0.6840000 38.7864647
0.6850000 86.1002426
0.6860000 -4.0249910
0.6870000 -4.4331846
0.6880000 -24.9108257
0.6890000 4.6424441
0.6900000 -40.5979652
0.6910000 46.4889641
0.6920000 40.1724663
0.6930000 -41.6566772
0.6940000 -40.1929474
0.6950000 26.7681293
0.6960000 9.9893370
0.6970000 -5.7127275
0.6980000 10.5606718
0.6990000 22.7523479
0.7000000 -41.6443977
0.7010000 12.6586161
0.7020000 -45.8225212
0.7030000 -31.9728546
0.7040000 -23.3689919
0.7050000 55.2344398
0.7060000 12.1709051
0.7070000 -4.9877324
0.7080000 -15.2602720
0.7090000 -22.9854851
0.7100000 16.9413490
0.7110000 -41.4758492
0.7120000 40.0966835
0.7130000 -26.7611732
0.7140000 13.6848698
0.7150000 -33.0224686
0.7160000 3.1808038
0.7170000 -8.2981997
0.7180000 -41.9664001
0.7190000 31.7088795
0.7200000 71.5067444
0.7210000 22.1189880
0.7220000 63.6062508
0.7230000 17.6742687
0.7240000 26.6416359
0.7250000 -40.6442032
0.7260000 7.9648933
0.7270000 -7.7908120
0.7280000 79.0528793
0.7290000 23.6854897
0.7300000 -9.7733555
0.7310000 -11.7895517
0.7320000 -12.5095997
0.7330000 -20.4146652
0.7340000 39.4896965
0.7350000 4.2888536
0.7360000 -28.4447212
0.7370000 -56.5568962
0.7380000 -10.9396973
0.7390000 53.1920624
0.7400000 22.3349838
0.7410000 20.1357880
0.7420000 20.1659374
0.7430000 47.4781990
0.7440000 -9.2499695
0.7450000 29.9265194
0.7460000 11.0956345
0.7470000 70.6076050
0.7480000 116.9980011
0.7490000 -10.2896185
0.7500000 52.4542503
0.7510000 -18.5218849
0.7520000 -36.7007370
0.7530000 -1.7574308
0.7540000 2.7608819
0.7550000 -1.6747692
0.7560000 -9.7239389
0.7570000 3.1713064
0.7580000 28.5334339
0.7590000 9.7563286
0.7600000 -3.7927823
0.7610000 -60.0999565
0.7620000 -43.4290619
0.7630000 -13.7280655
0.7640000 23.0522499
0.7650000 -12.0062094
0.7660000 68.4375229
0.7670000 8.8191214
0.7680000 -9.8324900
0.7690000 -16.9206524
0.7700000 -29.1520386
0.7710000 81.7952957
0.7720000 17.8631401
0.7730000 -32.7829208
0.7740000 13.1816349
0.7750000 -53.4767189
0.7760000 -51.0679626
0.7770000 -26.0610409
0.7780000 13.3687143
0.7790000 37.1364136
0.7800000 -36.9323196
0.7810000 106.9304962
0.7820000 10.1073532
0.7830000 75.7287140
0.7840000 -22.2596931
0.7850000 38.9669914
0.7860000 -14.1601162
0.7870000 -48.8254433
0.7880000 -29.6608295
0.7890000 -18.5164776
0.7900000 -24.3858109
0.7910000 51.8485680
0.7920000 -36.6169167
0.7930000 -27.3943596
0.7940000 -5.9765067
0.7950000 1.2800903
0.7960000 29.3851910
0.7970000 -43.9014206
0.7980000 -5.4592605
0.7990000 42.8339539
0.8000000 -1.2139400
0.8010000 10.2058153
0.8020000 -6.8371778
0.8030000 -13.8029957
0.8040000 31.1086674
0.8050000 38.6781158
0.8060000 -4.0198755
0.8070000 34.5980148
0.8080000 -30.9346561
0.8090000 48.1590652
0.8100000 42.1294479
0.8110000 12.8864574
0.8120000 -46.8120155
0.8130000 -7.2697492
0.8140000 13.9913530
0.8150000 14.3441849
0.8160000 40.8856621
0.8170000 39.9910927
0.8180000 -25.5787792
0.8190000 -29.8668175
0.8200000 23.1135025
0.8210000 -45.5744247
0.8220000 -58.4120636
0.8230000 -0.7691594
0.8240000 19.3581181
0.8250000 41.3820457
0.8260000 -68.3635635
0.8270000 52.5997696
0.8280000 -32.7661285
0.8290000 -11.0503578
0.8300000 -24.4351254
0.8310000 50.2686005
0.8320000 -7.5154037
0.8330000 8.7700806
0.8340000 76.4486847
0.8350000 -44.9899406
0.8360000 -7.3992658
0.8370000 8.9898272
0.8380000 56.7488556
0.8390000 -0.9630015
0.8400000 -69.0593567
0.8410000 -48.6106873
0.8420000 19.7795773
0.8430000 38.9461060
0.8440000 1.7991729
0.8450000 -31.5955620
0.8460000 8.0280819
0.8470000 21.5871105
0.8480000 16.0030594
0.8490000 50.4127808
0.8500000 -89.3427429
0.8510000 15.0927515
0.8520000 -5.4021883
0.8530000 -43.1604042
0.8540000 1.3435184
0.8550000 -60.2526054
0.8560000 -36.6237373
0.8570000 -25.6031570
0.8580000 -60.4582558
0.8590000 32.0930405
0.8600000 -0.5894815
0.8610000 -3.7555683
0.8620000 44.7022781
0.8630000 -1.7713646
0.8640000 21.4897518
0.8650000 15.8680773
0.8660000 12.6601429
0.8670000 -4.8177624
0.8680000 64.5210800
0.8690000 -6.3843870
0.8700000 41.9315300
0.8710000 19.3617821
0.8720000 -28.8709660
0.8730000 8.1319809
0.8740000 -86.9119568
0.8750000 -16.4764862
0.8760000 6.8867664
0.8770000 -19.3289089
0.8780000 -7.2795916
0.8790000 -63.1004333
0.8800000 3.1331139
0.8810000 -54.1146889
0.8820000 -38.4124718
0.8830000 -3.2062926
0.8840000 -4.6475039
0.8850000 -25.7577133
0.8860000 -27.9228420
0.8870000 2.8575594
0.8880000 21.0615597
0.8890000 47.6872787
0.8900000 -35.6777611
0.8910000 -21.5843658
0.8920000 -4.4239879
0.8930000 -33.3820801
0.8940000 64.2880859
0.8950000 4.7044048
0.8960000 35.0807877
0.8970000 -8.9797535
0.8980000 -6.1310143
0.8990000 -36.4135742
0.9000000 11.2742825
0.9010000 40.2108269
0.9020000 -35.1123314
0.9030000 18.6566963
0.9040000 24.6197720
0.9050000 12.0354691
0.9060000 -15.4929190
0.9070000 -4.6789765
0.9080000 -28.9220734
0.9090000 10.3023462
0.9100000 33.6162033
0.9110000 -23.6518650
0.9120000 7.7712145
0.9130000 -0.9044447
0.9140000 38.4350700
0.9150000 -3.4764755
0.9160000 -5.5915570
0.9170000 2.2109993
0.9180000 7.9257579
0.9190000 -16.9082947
0.9200000 35.3327370
0.9210000 -39.6425896
0.9220000 -3.2567885
0.9230000 -48.6031952
0.9240000 -25.1123619
0.9250000 -3.9024215
0.9260000 28.7386513
0.9270000 -34.4937782
0.9280000 -25.0878391
0.9290000 -24.1591110
0.9300000 45.8323212
0.9310000 11.3639107
0.9320000 -17.6950226
0.9330000 87.8794098
0.9340000 -9.0167179
0.9350000 -11.8140507
0.9360000 -21.2492771
0.9370000 73.4510269
0.9380000 -51.2918015
0.9390000 79.5642242
0.9400000 4.1483865
0.9410000 58.2647324
0.9420000 33.0680809
0.9430000 13.3775816
0.9440000 -53.3463554
0.9450000 -32.4445457
0.9460000 -4.8789382
0.9470000 57.3586922
0.9480000 -6.7056761
0.9490000 -13.7515068
0.9500000 -2.6449356
0.9510000 38.5551414
0.9520000 -47.9643326
0.9530000 -37.7953606
0.9540000 -0.6475268
0.9550000 38.8114166
0.9560000 -55.8431625
0.9570000 35.6706657
0.9580000 13.2298536
0.9590000 -20.4803028
0.9600000 13.4972668
0.9610000 -0.2375841
0.9620000 29.5961113
0.9630000 -34.0372734
0.9640000 32.8997650
0.9650000 2.5328512
0.9660000 -47.4085808
0.9670000 -20.4806881
0.9680000 -33.6783142
0.9690000 -61.3935661
0.9700000 12.7482071
0.9710000 -28.1136150
0.9720000 -38.7922554
0.9730000 -18.3846626
0.9740000 26.4844017
0.9750000 -7.6720877
0.9760000 -14.1041155
0.9770000 -61.7824440
0.9780000 1.9416754
0.9790000 50.9935074
0.9800000 57.2119713
0.9810000 -30.5008278
0.9820000 10.9585781
0.9830000 0.0129694
0.9840000 16.2518520
0.9850000 21.4455757
0.9860000 -13.7791586
0.9870000 39.6045113
0.9880000 -76.3748398
0.9890000 42.9369240
0.9900000 -72.4228973
0.9910000 37.0738297
0.9920000 16.5424080
0.9930000 7.7992163
0.9940000 -46.2364731
0.9950000 -65.7848892
0.9960000 13.9930439
0.9970000 -61.7079620
0.9980000 -61.6736221
0.9990000 -39.7733841
