0.0000000 -34.5189667
0.0010000 -42.7341347
0.0020000 -18.6136112
0.0030000 -12.1899538
0.0040000 -28.2074451
0.0050000 -4.5787053
0.0060000 16.7464085
0.0070000 2.9807227
0.0080000 23.5996361
0.0090000 -30.8486385
0.0100000 2.3739085
0.0110000 -26.8460102
0.0120000 21.4804440
0.0130000 7.2752638
0.0140000 -46.6642075
0.0150000 -16.5188599
0.0160000 -51.9117737
0.0170000 37.4649239
0.0180000 15.4623718
0.0190000 -66.4398499
0.0200000 -34.4066353
0.0210000 46.4903145
0.0220000 -42.7356567
0.0230000 6.6857724
0.0240000 -39.7115707
0.0250000 36.5686493
0.0260000 15.6267414
0.0270000 33.9881706
0.0280000 6.4742236
0.0290000 -4.9883995
0.0300000 -72.5907059
0.0310000 9.8406029
0.0320000 -23.3560104
0.0330000 39.1069794
0.0340000 18.0012264
0.0350000 -14.0305834
0.0360000 6.0098963
0.0370000 16.4450512
0.0380000 27.6945877
0.0390000 19.2825413
0.0400000 -61.3803940
0.0410000 -51.1465797
0.0420000 -11.8216496
0.0430000 -16.1212921
0.0440000 37.5057182
0.0450000 -0.9009190
0.0460000 -27.3562069
0.0470000 41.7306137
0.0480000 6.8653407
0.0490000 -12.0655508
0.0500000 9.9867506
0.0510000 26.3317795
0.0520000 16.9562416
0.0530000 34.1625748
0.0540000 -11.4417410
0.0550000 -10.1860971
0.0560000 11.8924217
0.0570000 -43.6193962
0.0580000 1.6090040
0.0590000 -25.4561443
0.0600000 -0.6622264
0.0610000 38.1728325
0.0620000 -21.2364502
0.0630000 72.2068863
0.0640000 4.9413023
0.0650000 33.9897804
0.0660000 -19.5751457
0.0670000 -5.2786865
0.0680000 25.6754932
0.0690000 22.0670376
0.0700000 20.5674057
0.0710000 -22.0832996
0.0720000 30.4857483
0.0730000 -17.5750561
0.0740000 -30.5326252
0.0750000 -34.3414993
0.0760000 -12.2563448
0.0770000 -58.9366302
0.0780000 -11.9313288
0.0790000 -73.5285187
0.0800000 31.6450539
0.0810000 31.4511490
0.0820000 3.6482813
0.0830000 58.0750732
0.0840000 -6.1132598
0.0850000 -5.0851412
0.0860000 -46.7802467
0.0870000 5.2044187
0.0880000 -32.8671265
0.0890000 -24.0237427
0.0900000 9.7966242
0.0910000 -11.7497749
0.0920000 -29.4551277
0.0930000 -31.8914452
0.0940000 8.7372284
0.0950000 -11.0909405
0.0960000 -12.2440891
0.0970000 -27.4352551
0.0980000 -50.0316734
0.0990000 52.2522888
0.1000000 52.5137634
0.1010000 -19.0548134
0.1020000 17.3416481
0.1030000 -51.4375954
0.1040000 17.7795181
0.1050000 -26.3961067
0.1060000 -59.6763535
0.1070000 -2.1112247
0.1080000 -6.3678694
0.1090000 67.4518280
0.1100000 -25.4311657
0.1110000 -52.1313972
0.1120000 -9.9536810
0.1130000 -52.7911377
0.1140000 2.9384286
0.1150000 -7.4638109
0.1160000 11.2298307
0.1170000 4.3862777
0.1180000 -23.1106224
0.1190000 22.7347031
0.1200000 -76.0995636
0.1210000 -30.6909676
0.1220000 76.7069397
0.1230000 42.2534180
0.1240000 21.8018742
0.1250000 -10.9917307
0.1260000 6.6856170
0.1270000 36.5389824
0.1280000 24.3763180
0.1290000 27.5794716
0.1300000 -17.4939137
0.1310000 -21.9865322
0.1320000 -62.0604210
0.1330000 -11.3886948
0.1340000 -13.4188671
0.1350000 -42.2108192
0.1360000 59.6275787
0.1370000 -47.3898697
0.1380000 23.6055222
0.1390000 -4.0068111
0.1400000 71.7054596
0.1410000 11.5836544
0.1420000 33.3322945
0.1430000 55.8316612
0.1440000 -21.8390846
0.1450000 -2.3689990
0.1460000 -26.3927383
0.1470000 12.4814739
0.1480000 3.7403805
0.1490000 79.1233673
0.1500000 69.1912766
0.1510000 7.1915793
0.1520000 -21.2180824
0.1530000 7.6180305
0.1540000 12.8358831
0.1550000 15.4850388
0.1560000 15.7518339
0.1570000 42.6403503
0.1580000 -22.1798115
0.1590000 -7.4201970
0.1600000 -1.1273428
0.1610000 -41.6045189
0.1620000 2.8439181
0.1630000 -1.5901202
0.1640000 -66.2291718
0.1650000 36.6892624
0.1660000 19.2267590
0.1670000 -62.0540085
0.1680000 -16.9023533
0.1690000 -20.9279690
0.1700000 1.3560997
0.1710000 -1.5068625
0.1720000 13.0223713
0.1730000 -26.0351524
0.1740000 61.5883141
0.1750000 62.1908493
0.1760000 66.8011932
0.1770000 -21.2321949
0.1780000 27.5754509
0.1790000 7.0245113
0.1800000 -1.6559000
0.1810000 4.7087350
0.1820000 24.2539978
0.1830000 46.2875481
0.1840000 -41.0891838
0.1850000 -9.9906712
0.1860000 5.2555475
0.1870000 44.8267441
0.1880000 -0.9952441
0.1890000 -25.6660900
0.1900000 -12.1302319
0.1910000 51.6679649
0.1920000 -25.9926281
0.1930000 -52.8452873
0.1940000 -9.9508219
0.1950000 -18.3547096
0.1960000 23.4244328
0.1970000 -58.7075806
0.1980000 10.6480312
0.1990000 11.1815882
0.2000000 -89.2426147
0.2010000 -2.4221628
0.2020000 -93.8511887
0.2030000 14.1316719
0.2040000 -2.4376853
0.2050000 -34.8538971
0.2060000 -8.7158012
0.2070000 37.0459824
0.2080000 -18.2775478
0.2090000 -40.8284416
0.2100000 -9.2197294
0.2110000 -30.7596073
0.2120000 14.0672426
0.2130000 -22.8441982
0.2140000 -19.9183941
0.2150000 28.9448795
0.2160000 1.6921777
0.2170000 17.5694542
0.2180000 -18.9836750
0.2190000 -38.4523277
0.2200000 -30.0812454
0.2210000 23.3922501
0.2220000 -17.6784096
0.2230000 19.0155983
0.2240000 18.7200184
0.2250000 3.1087649
0.2260000 32.0500832
0.2270000 -32.9725685
0.2280000 15.7684298
0.2290000 -61.1001778
0.2300000 60.9323311
0.2310000 41.1373901
0.2320000 -25.8740864
0.2330000 6.9038782
0.2340000 -15.2314939
0.2350000 -17.1676006
0.2360000 39.1527710
0.2370000 -40.8829269
0.2380000 70.6567307
0.2390000 21.2176342
0.2400000 47.9209633
0.2410000 66.6397324
0.2420000 40.0140877
0.2430000 34.9879723
0.2440000 44.5218887
0.2450000 -21.0669689
0.2460000 -30.4926281
0.2470000 -25.7944469
0.2480000 64.9537048
0.2490000 27.4309769
0.2500000 -12.3727388
0.2510000 51.3404732
0.2520000 13.4952555
0.2530000 -38.8258934
0.2540000 -8.5211868
0.2550000 -1.0495304
0.2560000 49.5281219
0.2570000 -12.8835850
0.2580000 -9.0108824
0.2590000 -6.1810331
0.2600000 -10.7907991
0.2610000 -13.5075016
0.2620000 10.2484598
0.2630000 0.5822001
0.2640000 -18.3117466
0.2650000 -95.3087387
0.2660000 -42.0592270
0.2670000 41.4173203
0.2680000 -49.6638489
0.2690000 69.9888382
0.2700000 1.0508373
0.2710000 32.0398064
0.2720000 63.7467308
0.2730000 9.5982113
0.2740000 -44.1969795
0.2750000 57.3222084
0.2760000 -13.0191526
0.2770000 -22.1281357
0.2780000 -30.8676205
0.2790000 44.3402901
0.2800000 55.4676628
0.2810000 -13.6446533
0.2820000 13.3244791
0.2830000 -5.8508615
0.2840000 33.7586250
0.2850000 -5.5501962
0.2860000 -25.4380970
0.2870000 17.2984352
0.2880000 -24.6803265
0.2890000 -16.5628738
0.2900000 -15.8461685
0.2910000 -8.6913204
0.2920000 -24.3556652
0.2930000 -16.8310642
0.2940000 6.8961177
0.2950000 54.6154976
0.2960000 19.7631168
0.2970000 28.2978306
0.2980000 28.7541466
0.2990000 37.1457100
0.3000000 -7.9094434
0.3010000 65.6873016
0.3020000 -6.2204514
0.3030000 -21.9203625
0.3040000 17.9087353
0.3050000 3.1616516
0.3060000 5.1880817
0.3070000 -8.4928160
0.3080000 -17.4124374
0.3090000 -4.2031465
0.3100000 -8.9688416
0.3110000 46.6138687
0.3120000 -3.8403182
0.3130000 -8.2288656
0.3140000 10.5607777
0.3150000 -8.7143850
0.3160000 -17.7021389
0.3170000 9.0578709
0.3180000 -33.2422180
0.3190000 95.2986069
0.3200000 -14.2278967
0.3210000 31.1115189
0.3220000 -4.5939980
0.3230000 -37.5801582
0.3240000 17.9778366
0.3250000 1.2734584
0.3260000 -31.3911648
0.3270000 3.6272054
0.3280000 -44.9390869
0.3290000 -3.3028400
0.3300000 2.7897396
0.3310000 4.3534703
0.3320000 7.8977795
0.3330000 -6.5450149
0.3340000 60.4465294
0.3350000 46.5406723
0.3360000 23.5432949
0.3370000 -31.6026783
0.3380000 14.3187056
0.3390000 14.2005444
0.3400000 -21.9714603
0.3410000 -11.9675303
0.3420000 28.5133152
0.3430000 45.6301460
0.3440000 13.1227503
0.3450000 -32.6922340
0.3460000 -16.8186665
0.3470000 50.6054649
0.3480000 -36.6078758
0.3490000 -25.5983505
0.3500000 -0.2469752
0.3510000 3.5447531
0.3520000 34.3401413
0.3530000 26.8352814
0.3540000 -48.1727829
0.3550000 -3.4170933
0.3560000 76.6800232
0.3570000 -0.9227125
0.3580000 -18.4143333
0.3590000 -46.0115318
0.3600000 12.7060347
0.3610000 5.3606863
0.3620000 2.7769377
0.3630000 30.4356155
0.3640000 11.1685123
0.3650000 14.0140038
0.3660000 6.6558356
0.3670000 -39.6690979
0.3680000 3.8652985
0.3690000 38.0999107
0.3700000 -44.7929115
0.3710000 -49.1675529
0.3720000 16.2199936
0.3730000 18.0852871
0.3740000 17.2461147
0.3750000 -39.4450455
0.3760000 -4.7763705
0.3770000 13.5737123
0.3780000 0.0113983
0.3790000 26.1301250
0.3800000 11.3304358
0.3810000 -3.1206362
0.3820000 2.1011727
0.3830000 44.9078140
0.3840000 42.6234856
0.3850000 10.4611912
0.3860000 -30.5760822
0.3870000 -2.9049878
0.3880000 -20.6615086
0.3890000 -30.1722126
0.3900000 25.2103519
0.3910000 47.5399437
0.3920000 -29.7019176
0.3930000 -20.0995865
0.3940000 -7.4259005
0.3950000 31.7956104
0.3960000 -7.3257489
0.3970000 39.0322266
0.3980000 -44.9894600
0.3990000 33.7922897
0.4000000 -60.7857628
0.4010000 6.0186896
0.4020000 -19.7423916
0.4030000 -23.7730865
0.4040000 17.0752831
0.4050000 5.2673626
0.4060000 -72.2993469
0.4070000 -66.0199509
0.4080000 -26.3702774
0.4090000 28.3582993
0.4100000 -70.3039398
0.4110000 3.8097777
0.4120000 11.6667213
0.4130000 -49.5468369
0.4140000 38.2524033
0.4150000 -2.9007177
0.4160000 -40.2659416
0.4170000 36.4028320
0.4180000 4.0847840
0.4190000 34.9838448
0.4200000 -6.8156633
0.4210000 18.3719997
0.4220000 40.2952881
0.4230000 -40.5850105
0.4240000 31.3863888
0.4250000 -10.4389601
0.4260000 9.4323053
0.4270000 6.5088720
0.4280000 -19.5345211
0.4290000 -131.8099060
0.4300000 3.9644477
0.4310000 -4.0071678
0.4320000 -2.5536757
0.4330000 -27.2545681
0.4340000 21.1277924
0.4350000 49.2053070
0.4360000 13.3531961
0.4370000 23.2029457
0.4380000 -22.6345711
0.4390000 52.2464409
0.4400000 -78.7096405
0.4410000 12.1027584
0.4420000 -27.2450066
0.4430000 34.8599091
0.4440000 -1.8318765
0.4450000 -30.1286888
0.4460000 -43.5819054
0.4470000 29.0583858
0.4480000 61.1934204
0.4490000 -43.3412933
0.4500000 6.0705419
0.4510000 24.5528889
0.4520000 -5.7494287
0.4530000 -50.1391296
0.4540000 -49.1530037
0.4550000 -32.3528557
0.4560000 -8.6174059
0.4570000 -21.8207664
0.4580000 24.5442467
0.4590000 -48.0111465
0.4600000 -45.6069450
0.4610000 55.2055244
0.4620000 11.6714220
0.4630000 15.7897434
0.4640000 49.9902534
0.4650000 6.3165808
0.4660000 21.6251106
0.4670000 49.7903099
0.4680000 -16.7738285
0.4690000 13.4410257
0.4700000 -12.4532127
0.4710000 31.9004555
0.4720000 -45.7294884
0.4730000 -45.7891159
0.4740000 -5.1695943
0.4750000 -33.3817673
0.4760000 -23.4062557
0.4770000 -2.7253063
0.4780000 8.0188141
0.4790000 -3.5743625
0.4800000 -55.0789452
0.4810000 66.6082535
0.4820000 -25.0055008
0.4830000 -2.8076258
0.4840000 26.7901897
0.4850000 26.5058899
0.4860000 27.6232872
0.4870000 -31.7829437
0.4880000 0.0726406
0.4890000 61.4123764
0.4900000 -21.0960960
0.4910000 -75.8672104
0.4920000 9.4793024
0.4930000 27.1114521
0.4940000 -6.7095308
0.4950000 21.6708126
0.4960000 24.9650669
0.4970000 -41.9851685
0.4980000 -25.5511074
0.4990000 -36.8496857
0.5000000 -26.2311497
0.5010000 -42.4715881
0.5020000 -44.9083977
0.5030000 -14.4061146
0.5040000 30.5682392
0.5050000 18.9030800
0.5060000 -21.6721363
0.5070000 54.3513298
0.5080000 -7.3450041
0.5090000 -37.9610329
0.5100000 31.7365608
0.5110000 56.1876717
0.5120000 -6.4642987
0.5130000 -11.9999161
0.5140000 -17.3808937
0.5150000 -33.3516197
0.5160000 46.4607887
0.5170000 15.6720619
0.5180000 20.2515240
0.5190000 23.1330624
0.5200000 7.6702600
0.5210000 -13.5443230
0.5220000 9.2834139
0.5230000 42.5865669
0.5240000 -74.6730499
0.5250000 20.4992371
0.5260000 -40.2772026
0.5270000 3.8174343
0.5280000 14.1335611
0.5290000 26.0787582
0.5300000 0.5775169
0.5310000 -11.0635099
0.5320000 -78.9482498
0.5330000 21.1100292
0.5340000 -9.3084030
0.5350000 -3.3438220
0.5360000 -11.6224489
0.5370000 -30.0973911
0.5380000 15.5950727
0.5390000 -9.1869850
0.5400000 22.0160103
0.5410000 -9.5007515
0.5420000 4.5259995
0.5430000 3.0981610
0.5440000 56.4730377
0.5450000 30.0411568
0.5460000 19.8113747
0.5470000 35.1309204
0.5480000 38.1587753
0.5490000 -32.0884285
0.5500000 24.2788372
0.5510000 1.8671831
0.5520000 14.8971004
0.5530000 16.0539722
0.5540000 -2.1451056
0.5550000 -23.1112518
0.5560000 14.2947044
0.5570000 48.6314201
0.5580000 15.4162693
0.5590000 -21.6674881
0.5600000 18.5996246
0.5610000 19.5552864
0.5620000 -32.7878380
0.5630000 17.9011211
0.5640000 -6.4257994
0.5650000 34.1701355
0.5660000 -3.2870955
0.5670000 24.9478626
0.5680000 -96.5986252
0.5690000 -39.5331764
0.5700000 59.0224991
0.5710000 4.3987751
0.5720000 29.3169479
0.5730000 6.4917297
0.5740000 -3.5555828
0.5750000 -19.1594257
0.5760000 11.0049028
0.5770000 10.1613941
0.5780000 10.0981884
0.5790000 43.6556931
0.5800000 -0.4068878
0.5810000 33.7234230
0.5820000 52.8691711
0.5830000 65.3551559
0.5840000 -5.1587481
0.5850000 -3.4429426
0.5860000 -40.0747948
0.5870000 -30.1125851
0.5880000 35.2787399
0.5890000 30.8778362
0.5900000 5.7946906
0.5910000 -9.1647739
0.5920000 24.6336899
0.5930000 -32.4816780
0.5940000 13.0262842
0.5950000 -33.6715431
0.5960000 35.3356552
0.5970000 -33.5498581
0.5980000 24.5657310
0.5990000 -31.3713398
0.6000000 -44.4453850
0.6010000 4.8231850
0.6020000 10.4859600
0.6030000 7.9789085
0.6040000 -2.5058908
0.6050000 -7.1146493
0.6060000 5.4262452
0.6070000 -47.2856293
0.6080000 31.4972191
0.6090000 22.9136066
0.6100000 -35.7404480
0.6110000 -6.8417373
0.6120000 -10.7004166
0.6130000 -15.5973558
0.6140000 -12.7569008
0.6150000 8.9190855
0.6160000 20.9650249
0.6170000 71.2093124
0.6180000 14.6821327
0.6190000 -61.8404503
0.6200000 -7.5390711
0.6210000 -70.0222855
0.6220000 -3.3523610
0.6230000 38.1086273
0.6240000 1.6088181
0.6250000 -35.9726372
0.6260000 49.1656570
0.6270000 -16.7959785
0.6280000 -31.3411331
0.6290000 -35.6020432
0.6300000 23.4483051
0.6310000 47.8508720
0.6320000 24.5338287
0.6330000 41.5405693
0.6340000 9.3729877
0.6350000 68.0838699
0.6360000 10.5419188
0.6370000 -25.8507652
0.6380000 12.7270603
0.6390000 -24.9741116
0.6400000 -50.2943497
0.6410000 12.2550831
0.6420000 -16.8288097
0.6430000 16.9055138
0.6440000 40.9446373
0.6450000 2.1575401
0.6460000 -7.6908116
0.6470000 -16.0785866
0.6480000 39.2999878
0.6490000 -39.4714394
0.6500000 81.8770218
0.6510000 -31.3354759
0.6520000 6.8430381
0.6530000 -36.2792053
0.6540000 -11.8435135
0.6550000 46.9706993
0.6560000 -73.7471848
0.6570000 -8.0249767
0.6580000 -19.7872715
0.6590000 -4.3424449
0.6600000 -57.4380836
0.6610000 31.8473587
0.6620000 9.8239164
0.6630000 -20.3519344
0.6640000 -5.8810654
0.6650000 -74.1160049
0.6660000 28.2276649
0.6670000 -24.0197067
0.6680000 24.5637341
0.6690000 3.3390062
0.6700000 0.5600300
0.6710000 70.9501953
0.6720000 39.8815384
0.6730000 -34.9014740
0.6740000 -5.8030910
0.6750000 4.2707138
0.6760000 -39.8766479
0.6770000 -15.7527714
0.6780000 26.2506046
0.6790000 -24.9376183
0.6800000 13.4151640
0.6810000 14.6586380
0.6820000 21.0493259
0.6830000 -96.2564621
0.6840000 -21.9690704
0.6850000 51.7836037
0.6860000 -44.2831612
0.6870000 -24.5872288
0.6880000 53.0951881
0.6890000 35.8274307
0.6900000 35.9120941
0.6910000 42.3563004
0.6920000 -22.5219765
0.6930000 -0.6511462
0.6940000 71.5179596
0.6950000 73.9379501
0.6960000 40.8347206
0.6970000 -7.6429257
0.6980000 2.0164311
0.6990000 -4.8883967
0.7000000 -4.1564221
0.7010000 48.0000343
0.7020000 -39.7861824
0.7030000 -2.5622847
0.7040000 21.8085098
0.7050000 10.2981339
0.7060000 -31.0106010
0.7070000 64.2241516
0.7080000 -17.2977448
0.7090000 22.7588940
0.7100000 -3.4639869
0.7110000 -49.2201958
0.7120000 27.9205399
0.7130000 -9.4017429
0.7140000 -31.4780731
0.7150000 34.6049461
0.7160000 -32.3198509
0.7170000 4.6235437
0.7180000 13.4248409
0.7190000 19.2087593
0.7200000 -14.3826542
0.7210000 49.1822090
0.7220000 -4.8225722
0.7230000 -12.4811401
0.7240000 2.3618238
0.7250000 -3.0199451
0.7260000 -0.3165821
0.7270000 11.8357182
0.7280000 -9.4099302
0.7290000 7.3531051
0.7300000 60.7581100
0.7310000 59.4192429
0.7320000 14.9311171
0.7330000 -15.3338795
0.7340000 -31.3509750
0.7350000 23.7999859
0.7360000 -22.6634731
0.7370000 34.0846100
0.7380000 26.9695797
0.7390000 22.0113144
0.7400000 -0.1842408
0.7410000 -3.5309832
0.7420000 -18.5548973
0.7430000 33.9728661
0.7440000 20.6335278
0.7450000 -18.3790169
0.7460000 7.4170485
0.7470000 65.6021271
0.7480000 0.1300170
0.7490000 -28.0526791
0.7500000 -18.8634892
0.7510000 -4.7320623
0.7520000 -1.1515003
0.7530000 -62.4965210
0.7540000 -3.6523440
0.7550000 -1.9259794
0.7560000 4.5568404
0.7570000 14.5779428
0.7580000 -19.1626472
0.7590000 -37.9761009
0.7600000 5.4867034
0.7610000 23.1283703
0.7620000 -16.4672794
0.7630000 -31.3466511
0.7640000 9.2150965
0.7650000 -19.9234085
0.7660000 -4.6664166
0.7670000 -0.2752663
0.7680000 34.4827843
0.7690000 24.7850761
0.7700000 35.7176056
0.7710000 -2.6327133
0.7720000 -0.9914186
0.7730000 24.9721260
0.7740000 -55.2464943
0.7750000 -23.9734287
0.7760000 32.5770531
0.7770000 24.9325657
0.7780000 -12.8120146
0.7790000 -14.8541842
0.7800000 -32.9049301
0.7810000 68.8460999
0.7820000 20.3193474
0.7830000 -65.6640549
0.7840000 -24.1558895
0.7850000 -12.1369743
0.7860000 -21.5238571
0.7870000 -7.2854967
0.7880000 55.2221260
0.7890000 30.8171864
0.7900000 50.4586411
0.7910000 51.4907150
0.7920000 -6.4313226
0.7930000 0.0682939
0.7940000 -21.0450859
0.7950000 39.9688797
0.7960000 -55.6627884
0.7970000 -1.7304736
0.7980000 -49.1187286
0.7990000 -64.8939285
0.8000000 5.0435648
0.8010000 -55.6443710
0.8020000 29.4982662
0.8030000 -10.8006907
0.8040000 6.4499507
0.8050000 24.3533173
0.8060000 -46.6058807
0.8070000 -16.7987652
0.8080000 76.6314163
0.8090000 26.3523655
0.8100000 1.8365555
0.8110000 24.4222145
0.8120000 3.1341898
0.8130000 -14.0913734
0.8140000 66.4557953
0.8150000 11.4001675
0.8160000 -35.4850349
0.8170000 14.2599115
0.8180000 97.3684006
0.8190000 35.2160835
0.8200000 -17.3642197
0.8210000 6.0448937
0.8220000 -71.0378799
0.8230000 1.5727901
0.8240000 20.1614304
0.8250000 -17.7077999
0.8260000 41.5766029
0.8270000 12.9405613
0.8280000 -20.9933872
0.8290000 -52.5935364
0.8300000 52.1029243
0.8310000 -5.1770639
0.8320000 62.3094330
0.8330000 -13.4808054
0.8340000 35.5131454
0.8350000 23.8654137
0.8360000 -9.8422689
0.8370000 -16.1742802
0.8380000 -14.6193209
0.8390000 -24.3315144
0.8400000 -6.9754305
0.8410000 13.9252472
0.8420000 -41.9509773
0.8430000 106.8893280
0.8440000 -3.1324930
0.8450000 4.3515792
0.8460000 43.2872925
0.8470000 52.9471474
0.8480000 38.4562683
0.8490000 -18.1946983
0.8500000 20.3619690
0.8510000 8.2805147
0.8520000 -53.2205620
0.8530000 -16.0009499
0.8540000 78.2907867
0.8550000 2.1116915
0.8560000 32.8170052
0.8570000 -6.8356061
0.8580000 -22.3138275
0.8590000 43.6801720
0.8600000 -42.1858673
0.8610000 -9.0852604
0.8620000 45.7936478
0.8630000 -52.7767448
0.8640000 -0.2507468
0.8650000 -61.3009529
0.8660000 -9.6888800
0.8670000 9.3079491
0.8680000 96.9786148
0.8690000 -11.8984060
0.8700000 -22.6479340
0.8710000 41.1616135
0.8720000 6.2077012
0.8730000 9.7911730
0.8740000 30.0870895
0.8750000 84.7774811
0.8760000 5.1014857
0.8770000 -40.9483147
0.8780000 67.7845001
0.8790000 45.5111351
0.8800000 32.8291969
0.8810000 23.9780579
0.8820000 -6.5878196
0.8830000 -22.0176468
0.8840000 6.2915497
0.8850000 -5.5338445
0.8860000 -50.4961815
0.8870000 -54.0085373
0.8880000 21.6832485
0.8890000 -6.1508031
0.8900000 48.1279221
0.8910000 23.5384865
0.8920000 -74.1914368
0.8930000 23.1022682
0.8940000 9.0213099
0.8950000 -1.5269347
0.8960000 -36.3632355
0.8970000 -13.1742630
0.8980000 19.3186302
0.8990000 -44.5269852
0.9000000 -51.9817314
0.9010000 -47.0036659
0.9020000 -38.0580063
0.9030000 68.8920059
0.9040000 45.6885300
0.9050000 47.8675766
0.9060000 -12.8074989
0.9070000 -39.7308578
0.9080000 -30.6881523
0.9090000 13.7340841
0.9100000 22.0772362
0.9110000 -24.8463535
0.9120000 12.8163500
0.9130000 46.2584267
0.9140000 9.0750008
0.9150000 19.4444809
0.9160000 45.5100136
0.9170000 -29.7982140
0.9180000 4.9824576
0.9190000 -0.7687960
0.9200000 22.5356712
0.9210000 -47.6604919
0.9220000 -28.4123745
0.9230000 -24.3774929
0.9240000 -17.4713268
0.9250000 -10.5254087
0.9260000 -41.6168327
0.9270000 -44.2013664
0.9280000 34.9361038
0.9290000 22.2367783
0.9300000 6.8574853
0.9310000 78.2912827
0.9320000 22.2507172
0.9330000 6.3323827
0.9340000 -15.6020699
0.9350000 40.2820549
0.9360000 -44.1713333
0.9370000 29.3590374
0.9380000 10.9133596
0.9390000 83.0153656
0.9400000 -15.2270088
0.9410000 0.3802592
0.9420000 53.7409630
0.9430000 -40.6181602
0.9440000 48.0600128
0.9450000 -4.1076727
0.9460000 13.5276175
0.9470000 -47.3643188
0.9480000 71.6267700
0.9490000 43.9987335
0.9500000 89.9393311
0.9510000 -45.5011673
0.9520000 13.4046564
0.9530000 38.1360550
0.9540000 1.8592281
0.9550000 -27.9330692
0.9560000 -56.4365387
0.9570000 -40.6243896
0.9580000 -21.0121422
0.9590000 55.2261810
0.9600000 57.9911957
0.9610000 -26.7299957
0.9620000 -30.1633530
0.9630000 -32.4450684
0.9640000 21.8115139
0.9650000 17.3165169
0.9660000 -13.2293015
0.9670000 34.9294472
0.9680000 31.8517151
0.9690000 -7.9908791
0.9700000 29.0929642
0.9710000 2.5968497
0.9720000 -19.0003185
0.9730000 -46.3962364
0.9740000 24.2428417
0.9750000 -8.0649710
0.9760000 -12.8193665
0.9770000 28.7921333
0.9780000 14.0256529
0.9790000 -16.1157684
0.9800000 57.6173286
0.9810000 9.1037378
0.9820000 86.9098816
0.9830000 60.4631958
0.9840000 42.1777229
0.9850000 -27.6211929
0.9860000 -50.6435356
0.9870000 -41.0119019
0.9880000 -42.1148300
0.9890000 -23.9622440
0.9900000 -22.8424187
0.9910000 -6.9642558
0.9920000 -9.0736647
0.9930000 6.6181164
0.9940000 66.4941330
0.9950000 -41.0650063
0.9960000 -18.4317112
0.9970000 -37.3657265
0.9980000 -0.2127319
0.9990000 -7.9809504
