0.0000000 38.6454239
0.0010000 -8.4861879
0.0020000 -18.1686592
0.0030000 -14.5403404
0.0040000 12.1470566
0.0050000 20.2140198
0.0060000 -35.4958992
0.0070000 -2.8533294
0.0080000 20.3753395
0.0090000 12.0775213
0.0100000 67.2198410
0.0110000 -7.8959627
0.0120000 -5.7971606
0.0130000 -14.7045307
0.0140000 -29.6778507
0.0150000 7.1526961
0.0160000 49.2275314
0.0170000 39.5308571
0.0180000 -7.9272594
0.0190000 -9.5863085
0.0200000 25.4459438
0.0210000 -24.5324707
0.0220000 -9.6117287
0.0230000 2.0229197
0.0240000 -17.7945786
0.0250000 56.6613235
0.0260000 -1.9169673
0.0270000 -33.8720436
0.0280000 -1.0784470
0.0290000 13.2516413
0.0300000 -50.4593658
0.0310000 132.5608978
0.0320000 -37.1894073
0.0330000 56.1337967
0.0340000 -3.7774131
0.0350000 -57.0376549
0.0360000 12.1435118
0.0370000 53.0614777
0.0380000 15.4357319
0.0390000 16.4594479
0.0400000 62.4802666
0.0410000 20.9783440
0.0420000 39.9752007
0.0430000 -74.1568527
0.0440000 15.5112629
0.0450000 30.3816795
0.0460000 -59.2201157
0.0470000 -11.9993677
0.0480000 -29.9476261
0.0490000 -19.6734085
0.0500000 -23.7084255
0.0510000 19.5199585
0.0520000 -31.0049934
0.0530000 8.1048889
0.0540000 12.1239519
0.0550000 -40.7273903
0.0560000 -1.5785772
0.0570000 -9.2695274
0.0580000 13.7191792
0.0590000 72.8485413
0.0600000 20.3695946
0.0610000 17.8947544
0.0620000 59.3151855
0.0630000 -16.0507641
0.0640000 -54.2309952
0.0650000 19.1528091
0.0660000 -41.9409218
0.0670000 40.0876465
0.0680000 32.7631569
0.0690000 50.0627251
0.0700000 42.9512329
0.0710000 -26.2221031
0.0720000 31.6567287
0.0730000 -82.7536392
0.0740000 3.0667243
0.0750000 100.1454391
0.0760000 2.4815679
0.0770000 -36.5539322
0.0780000 -26.6828213
0.0790000 -0.9658452
0.0800000 -1.4828054
0.0810000 16.2709122
0.0820000 -39.3149261
0.0830000 -26.6586685
0.0840000 62.0711060
0.0850000 12.8271046
0.0860000 3.6953483
0.0870000 4.9606962
0.0880000 -19.9996452
0.0890000 -43.5623512
0.0900000 -26.3603001
0.0910000 26.7804394
0.0920000 5.4116836
0.0930000 17.9248734
0.0940000 13.3014774
0.0950000 37.5655594
0.0960000 50.6329994
0.0970000 60.1998291
0.0980000 12.0061283
0.0990000 -21.9159794
0.1000000 -8.8413553
0.1010000 -20.7163486
0.1020000 29.3146057
0.1030000 -9.2042828
0.1040000 39.5313873
0.1050000 -27.4787846
0.1060000 7.4868488
0.1070000 -31.3114243
0.1080000 16.9395447
0.1090000 8.8324881
0.1100000 -25.6380291
0.1110000 25.6384678
0.1120000 -23.5285702
0.1130000 53.6892509
0.1140000 -71.3761597
0.1150000 -20.7137890
0.1160000 4.6756873
0.1170000 -21.8489323
0.1180000 5.5901604
0.1190000 23.0090294
0.1200000 6.6650953
0.1210000 -25.3638935
0.1220000 43.3337898
0.1230000 -17.5051708
0.1240000 -40.3442535
0.1250000 12.8440180
0.1260000 -0.8565055
0.1270000 35.8977089
0.1280000 -17.0448475
0.1290000 16.7462387
0.1300000 -23.0132656
0.1310000 14.9156199
0.1320000 -28.5365601
0.1330000 33.4182129
0.1340000 -22.0628014
0.1350000 -7.6376934
0.1360000 -35.0403290
0.1370000 -14.0249977
0.1380000 -18.3616562
0.1390000 1.4194814
0.1400000 -34.0416718
0.1410000 27.3826180
0.1420000 -16.9816151
0.1430000 -37.7265701
0.1440000 86.2549896
0.1450000 -53.5916519
0.1460000 -42.9863701
0.1470000 57.0366020
0.1480000 39.8521729
0.1490000 89.0824127
0.1500000 -23.5827847
0.1510000 2.4690497
0.1520000 -54.3985138
0.1530000 -49.9501076
0.1540000 -63.3107872
0.1550000 13.4073191
0.1560000 -47.9519615
0.1570000 -62.2817192
0.1580000 -4.3165421
0.1590000 -20.9282360
0.1600000 -1.5421821
0.1610000 2.8120756
0.1620000 -23.7666969
0.1630000 15.4024210
0.1640000 -18.0056381
0.1650000 7.9337435
0.1660000 15.2415619
0.1670000 -21.3397083
0.1680000 -20.1026955
0.1690000 18.6233692
0.1700000 -18.2639160
0.1710000 25.0089531
0.1720000 8.3638697
0.1730000 -18.9783211
0.1740000 -16.9329548
0.1750000 -13.9265175
0.1760000 63.6309357
0.1770000 48.1490135
0.1780000 -21.4266014
0.1790000 -23.5530262
0.1800000 -14.6701307
0.1810000 18.3383141
0.1820000 -30.6067867
0.1830000 41.4817924
0.1840000 10.2363338
0.1850000 -37.9877014
0.1860000 45.9856033
0.1870000 41.0237083
0.1880000 -49.6316147
0.1890000 97.7516632
0.1900000 3.3764551
0.1910000 -30.7841263
0.1920000 -82.9775696
0.1930000 -13.3083248
0.1940000 23.4431381
0.1950000 17.5677090
0.1960000 39.7470894
0.1970000 -16.9324608
0.1980000 -31.9871025
0.1990000 -19.0546608
0.2000000 17.5124416
0.2010000 -6.8714633
0.2020000 46.8215523
0.2030000 31.2774010
0.2040000 26.9978008
0.2050000 -21.2850456
0.2060000 45.9502258
0.2070000 -3.0262647
0.2080000 1.2833807
0.2090000 -25.9382553
0.2100000 30.9937210
0.2110000 22.9119225
0.2120000 -11.9950390
0.2130000 35.0874863
0.2140000 -51.6420937
0.2150000 -11.5267820
0.2160000 2.3193893
0.2170000 19.5931702
0.2180000 7.6779361
0.2190000 -4.9799590
0.2200000 68.4498138
0.2210000 -31.8900261
0.2220000 25.2355881
0.2230000 -17.9205036
0.2240000 -8.2390108
0.2250000 -33.9100342
0.2260000 -31.4937935
0.2270000 35.0044632
0.2280000 64.0438766
0.2290000 56.3720741
0.2300000 13.7804012
0.2310000 -51.0596313
0.2320000 -9.4555769
0.2330000 -46.7984505
0.2340000 20.9830189
0.2350000 -12.5266638
0.2360000 -33.7982903
0.2370000 -4.9770808
0.2380000 52.1279373
0.2390000 7.7997537
0.2400000 -7.7546873
0.2410000 -23.2830276
0.2420000 -6.8818560
0.2430000 17.5484467
0.2440000 15.4740076
0.2450000 22.1061401
0.2460000 -13.6990061
0.2470000 15.1106806
0.2480000 -4.9491773
0.2490000 0.0432688
0.2500000 21.1529942
0.2510000 -38.4368973
0.2520000 15.8740835
0.2530000 9.8962097
0.2540000 -46.3017502
0.2550000 21.5636501
0.2560000 28.4945011
0.2570000 31.3322659
0.2580000 15.1959419
0.2590000 -10.0964422
0.2600000 -23.8562870
0.2610000 -35.9160118
0.2620000 0.5176855
0.2630000 23.3754635
0.2640000 42.0536385
0.2650000 -18.5193939
0.2660000 -9.9836102
0.2670000 -51.1152077
0.2680000 12.7260466
0.2690000 -4.8530741
0.2700000 24.3650188
0.2710000 -71.2424927
0.2720000 -32.4710197
0.2730000 -42.9799843
0.2740000 45.2456207
0.2750000 -9.3677683
0.2760000 7.6158118
0.2770000 51.8821259
0.2780000 -29.1702900
0.2790000 -7.1725760
0.2800000 2.1705174
0.2810000 46.6938896
0.2820000 4.7720265
0.2830000 9.8766985
0.2840000 0.1233655
0.2850000 6.3266449
0.2860000 -19.3940678
0.2870000 -31.3545341
0.2880000 -17.8100529
0.2890000 -28.4273281
0.2900000 32.2873344
0.2910000 40.4171524
0.2920000 5.9408031
0.2930000 -53.6350365
0.2940000 32.3164291
0.2950000 24.2982063
0.2960000 -46.9636955
0.2970000 -51.8559914
0.2980000 -1.1146430
0.2990000 48.4935799
0.3000000 -79.7589798
0.3010000 22.8660622
0.3020000 -1.4298387
0.3030000 40.0123138
0.3040000 32.1999207
0.3050000 36.1666718
0.3060000 -50.9012337
0.3070000 -31.8137779
0.3080000 -5.9882889
0.3090000 -5.8257203
0.3100000 19.6034412
0.3110000 -36.6886902
0.3120000 0.0042859
0.3130000 28.9877758
0.3140000 -21.8481712
0.3150000 36.5116653
0.3160000 39.2947388
0.3170000 42.0882378
0.3180000 1.7274389
0.3190000 -23.8183994
0.3200000 -5.2868643
0.3210000 -50.2638741
0.3220000 -0.5508300
0.3230000 33.3468208
0.3240000 45.3765106
0.3250000 -9.1617880
0.3260000 2.1427596
0.3270000 -19.4640999
0.3280000 -33.4500580
0.3290000 46.9316177
0.3300000 16.6145859
0.3310000 -14.5749598
0.3320000 -29.3864994
0.3330000 -96.9709167
0.3340000 -14.5021000
0.3350000 41.7602577
0.3360000 -2.5504718
0.3370000 66.8421707
0.3380000 20.0943012
0.3390000 49.7732887
0.3400000 43.3446960
0.3410000 59.5515480
0.3420000 21.1935463
0.3430000 -35.3590775
0.3440000 -15.6614866
0.3450000 0.6604167
0.3460000 19.9622288
0.3470000 0.8086982
0.3480000 39.2395287
0.3490000 66.3113022
0.3500000 -12.1796579
0.3510000 16.3449860
0.3520000 12.5298157
0.3530000 31.8163471
0.3540000 16.1829281
0.3550000 12.9858160
0.3560000 4.5357518
0.3570000 -0.7718948
0.3580000 -43.9680748
0.3590000 -36.5616989
0.3600000 12.0661659
0.3610000 30.0991497
0.3620000 -21.1540375
0.3630000 -9.4966669
0.3640000 2.0862358
0.3650000 15.1720753
0.3660000 38.2019615
0.3670000 -51.0817719
0.3680000 -13.4938812
0.3690000 2.1169562
0.3700000 -67.4659119
0.3710000 29.9473591
0.3720000 -22.4182873
0.3730000 -58.2589798
0.3740000 9.6777039
0.3750000 -14.6800337
0.3760000 -21.4256344
0.3770000 -31.6064987
0.3780000 -3.4042299
0.3790000 -10.3106880
0.3800000 42.3113708
0.3810000 -12.3146677
0.3820000 -5.3643665
0.3830000 30.0439148
0.3840000 -11.3955126
0.3850000 56.7974014
0.3860000 -49.0295372
0.3870000 -86.7875977
0.3880000 2.8228257
0.3890000 23.5588760
0.3900000 -21.9663239
0.3910000 52.4045982
0.3920000 86.1844940
0.3930000 -60.0261688
0.3940000 -6.5992055
0.3950000 -26.2593403
0.3960000 -30.7048130
0.3970000 -17.2875004
0.3980000 -14.5698986
0.3990000 -7.9633789
0.4000000 -16.0866222
0.4010000 16.6163254
0.4020000 9.1508646
0.4030000 -5.8108206
0.4040000 62.9900017
0.4050000 -52.2405510
0.4060000 -10.7369728
0.4070000 -34.3158455
0.4080000 -36.8886147
0.4090000 37.1216316
0.4100000 14.0283041
0.4110000 -41.5148811
0.4120000 -23.7879391
0.4130000 -64.4043961
0.4140000 25.1058445
0.4150000 25.9484482
0.4160000 -9.8193626
0.4170000 26.8470631
0.4180000 -0.9896164
0.4190000 27.5217247
0.4200000 36.2984276
0.4210000 43.3262749
0.4220000 -5.6257505
0.4230000 26.1842194
0.4240000 49.2920113
0.4250000 -71.3798752
0.4260000 -6.8336616
0.4270000 6.6257401
0.4280000 25.2672920
0.4290000 15.7762318
0.4300000 8.1054058
0.4310000 -98.5021133
0.4320000 10.2463140
0.4330000 11.9467878
0.4340000 -17.9026031
0.4350000 -13.3116064
0.4360000 -22.2496204
0.4370000 45.7169151
0.4380000 7.1664581
0.4390000 0.3965306
0.4400000 35.5860291
0.4410000 -22.7528534
0.4420000 -14.6783237
0.4430000 2.2912354
0.4440000 17.6814270
0.4450000 10.1828413
0.4460000 -17.8860168
0.4470000 -39.1425781
0.4480000 78.2956924
0.4490000 42.4174004
0.4500000 -6.7642598
0.4510000 62.4980888
0.4520000 25.2412529
0.4530000 -14.8276844
0.4540000 -19.5662403
0.4550000 -79.8022766
0.4560000 -26.9687920
0.4570000 -17.4159889
0.4580000 27.4471436
0.4590000 15.3276329
0.4600000 22.8028488
0.4610000 -35.8534508
0.4620000 -64.3081741
0.4630000 88.0643005
0.4640000 -21.6762047
0.4650000 59.1404037
0.4660000 8.1643944
0.4670000 15.3174982
0.4680000 33.7900047
0.4690000 22.4744186
0.4700000 -2.6433604
0.4710000 53.6602173
0.4720000 34.6519737
0.4730000 -52.5116653
0.4740000 5.0940862
0.4750000 -24.1329689
0.4760000 0.3539253
0.4770000 -23.2823200
0.4780000 35.4436569
0.4790000 8.8809214
0.4800000 19.2650604
0.4810000 -5.7028275
0.4820000 -25.8450146
0.4830000 3.5840986
0.4840000 36.6097031
0.4850000 -12.0350780
0.4860000 -14.0318441
0.4870000 -19.2374916
0.4880000 -11.1358347
0.4890000 15.2671824
0.4900000 -54.2566261
0.4910000 35.3591690
0.4920000 45.5240135
0.4930000 -64.6942596
0.4940000 5.1685858
0.4950000 38.5562363
0.4960000 31.3257008
0.4970000 59.4528580
0.4980000 -11.1818609
0.4990000 31.1404724
0.5000000 73.7715607
0.5010000 -13.7937593
0.5020000 15.1382008
0.5030000 -1.7368419
0.5040000 2.1305995
0.5050000 -86.9878311
0.5060000 -0.6266962
0.5070000 -9.1012697
0.5080000 10.3383999
0.5090000 66.4106674
0.5100000 1.2014306
0.5110000 -33.6193085
0.5120000 8.0196438
0.5130000 -44.2718887
0.5140000 5.2091398
0.5150000 20.4054718
0.5160000 38.0250778
0.5170000 36.8887634
0.5180000 19.5934105
0.5190000 32.4895058
0.5200000 35.5850296
0.5210000 70.0697861
0.5220000 -48.6324005
0.5230000 43.9647102
0.5240000 -6.7651973
0.5250000 -75.3463287
0.5260000 29.7059326
0.5270000 11.4963570
0.5280000 -103.7806015
0.5290000 87.0222015
0.5300000 -10.6621418
0.5310000 -21.9934063
0.5320000 -20.5983715
0.5330000 25.9154091
0.5340000 -2.5197544
0.5350000 47.1697884
0.5360000 -4.1724043
0.5370000 -18.2527485
0.5380000 46.6076012
0.5390000 -28.4333973
0.5400000 76.9211197
0.5410000 -0.9466007
0.5420000 24.8805923
0.5430000 -35.3070717
0.5440000 -31.3222694
0.5450000 -69.9318466
0.5460000 -21.1237545
0.5470000 22.0566196
0.5480000 -14.8147888
0.5490000 -7.6143956
0.5500000 70.8283768
0.5510000 12.5014057
0.5520000 -14.3270159
0.5530000 -18.0674496
0.5540000 36.2130775
0.5550000 -77.9643784
0.5560000 -3.3666873
0.5570000 -54.9358940
0.5580000 -14.9721088
0.5590000 43.7783508
0.5600000 18.7961712
0.5610000 -49.1473160
0.5620000 24.1064415
0.5630000 46.7748947
0.5640000 -30.8663483
0.5650000 -3.0201399
0.5660000 31.8892841
0.5670000 0.0518829
0.5680000 -1.1470923
0.5690000 -19.5502415
0.5700000 -39.0862503
0.5710000 21.0413208
0.5720000 17.1050301
0.5730000 58.6482964
0.5740000 -0.6795815
0.5750000 3.0931914
0.5760000 106.2771606
0.5770000 38.3165588
0.5780000 39.8045998
0.5790000 20.5306435
0.5800000 29.3018951
0.5810000 -70.1046371
0.5820000 -22.1236477
0.5830000 -5.2176023
0.5840000 -7.9933610
0.5850000 2.7010016
0.5860000 42.3148727
0.5870000 -45.7563629
0.5880000 3.0271010
0.5890000 -21.4756832
0.5900000 -55.2454910
0.5910000 -22.9673386
0.5920000 -73.4735107
0.5930000 -2.1053338
0.5940000 -8.4076147
0.5950000 6.5019898
0.5960000 29.2105179
0.5970000 22.5296135
0.5980000 -22.8556690
0.5990000 22.7812881
0.6000000 -26.0884762
0.6010000 -12.4464445
0.6020000 57.6098976
0.6030000 -17.2034416
0.6040000 12.7881298
0.6050000 31.0339451
0.6060000 -47.9864349
0.6070000 5.8330903
0.6080000 -4.9283853
0.6090000 10.8045492
0.6100000 -1.6118914
0.6110000 1.7506871
0.6120000 -14.9999304
0.6130000 23.7249947
0.6140000 4.1570029
0.6150000 42.3448906
0.6160000 20.1329021
0.6170000 -22.1870708
0.6180000 -20.1860180
0.6190000 43.2501984
0.6200000 -41.7506828
0.6210000 17.7131386
0.6220000 63.0366020
0.6230000 71.1037369
0.6240000 25.1961308
0.6250000 -26.2948952
0.6260000 -19.4499588
0.6270000 -46.4524498
0.6280000 49.7585449
0.6290000 29.5198421
0.6300000 -20.1927471
0.6310000 20.7169552
0.6320000 -17.9988804
0.6330000 17.8621292
0.6340000 -25.6002331
0.6350000 55.9737282
0.6360000 67.9676514
0.6370000 43.5848999
0.6380000 -59.8840866
0.6390000 59.2840919
0.6400000 52.0384064
0.6410000 -22.1158142
0.6420000 36.3289108
0.6430000 42.9274826
0.6440000 -24.0683594
0.6450000 -12.9947414
0.6460000 -22.5881615
0.6470000 4.2826195
0.6480000 -15.9167032
0.6490000 -3.4236100
0.6500000 55.0361404
0.6510000 -47.9935493
0.6520000 34.1951599
0.6530000 -29.8827229
0.6540000 45.6898651
0.6550000 7.7372308
0.6560000 -39.8408813
0.6570000 18.8635635
0.6580000 13.2989635
0.6590000 48.7736549
0.6600000 73.9456863
0.6610000 31.0714703
0.6620000 -5.1378813
0.6630000 30.6860580
0.6640000 -23.9310818
0.6650000 15.2634449
0.6660000 -16.5500507
0.6670000 25.2768917
0.6680000 -33.5634193
0.6690000 5.7979755
0.6700000 -10.5221987
0.6710000 -36.2105446
0.6720000 26.9587383
0.6730000 -15.9995708
0.6740000 13.3596849
0.6750000 31.4222183
0.6760000 -1.5081795
0.6770000 -8.9995956
0.6780000 -8.2788763
0.6790000 13.7057104
0.6800000 -1.6523525
0.6810000 10.0108814
0.6820000 55.2552986
0.6830000 -12.1369400
0.6840000 -21.2155437
0.6850000 32.3617134
0.6860000 11.7241316
0.6870000 14.9477625
0.6880000 15.5430250
0.6890000 -11.1558313
0.6900000 -14.9732265
0.6910000 -5.1958418
0.6920000 46.6320915
0.6930000 4.3024187
0.6940000 2.5435169
0.6950000 12.0490093
0.6960000 3.0772636
0.6970000 -19.3215904
0.6980000 20.2051239
0.6990000 -35.2514343
0.7000000 -48.9208603
0.7010000 33.6816940
0.7020000 6.2781811
0.7030000 -30.1705303
0.7040000 -13.7165232
0.7050000 -32.6342354
0.7060000 60.4017334
0.7070000 -21.4082355
0.7080000 34.9616966
0.7090000 -58.9736671
0.7100000 30.8446960
0.7110000 -47.3380737
0.7120000 -13.8702908
0.7130000 44.1362610
0.7140000 2.6892080
0.7150000 14.2993727
0.7160000 36.3965111
0.7170000 -26.2198830
0.7180000 -4.0341420
0.7190000 68.2413330
0.7200000 -52.0516243
0.7210000 -3.2740495
0.7220000 -33.9044571
0.7230000 -23.2463455
0.7240000 67.4321213
0.7250000 16.1400719
0.7260000 48.9578362
0.7270000 52.4724998
0.7280000 55.3993988
0.7290000 8.4313335
0.7300000 -38.7369537
0.7310000 3.2035573
0.7320000 62.1018448
0.7330000 58.8715286
0.7340000 -0.8548341
0.7350000 0.9001696
0.7360000 4.3200417
0.7370000 56.0123138
0.7380000 -14.5150127
0.7390000 -32.8983345
0.7400000 -16.3388805
0.7410000 12.3935146
0.7420000 22.6966496
0.7430000 -43.2091179
0.7440000 15.4849234
0.7450000 -1.1972847
0.7460000 -15.9227734
0.7470000 26.2580585
0.7480000 -57.4194260
0.7490000 -3.4811785
0.7500000 -23.1291847
0.7510000 -19.1596909
0.7520000 -22.8850555
0.7530000 34.7369499
0.7540000 -2.1797609
0.7550000 -14.1104450
0.7560000 -37.2948952
0.7570000 15.2954998
0.7580000 12.1018171
0.7590000 4.2345448
0.7600000 -21.9244022
0.7610000 21.0785122
0.7620000 40.9729156
0.7630000 39.7976227
0.7640000 -34.3321533
0.7650000 -8.8344078
0.7660000 -0.4347039
0.7670000 -14.1673403
0.7680000 -19.5014114
0.7690000 -51.7113304
0.7700000 -1.6363186
0.7710000 23.3457088
0.7720000 -23.7550430
0.7730000 -72.3059540
0.7740000 39.0117950
0.7750000 -21.2889709
0.7760000 -35.1573219
0.7770000 35.9692802
0.7780000 34.3580589
0.7790000 -6.2249441
0.7800000 80.7979507
0.7810000 -58.0612831
0.7820000 53.3317871
0.7830000 -51.6680107
0.7840000 59.7876129
0.7850000 -50.6890373
0.7860000 -20.5489483
0.7870000 49.0498428
0.7880000 -19.3689613
0.7890000 -27.3783169
0.7900000 -1.2472600
0.7910000 -11.2011671
0.7920000 25.0864029
0.7930000 -11.5669641
0.7940000 -45.0322304
0.7950000 57.5220413
0.7960000 39.5078697
0.7970000 6.2322226
0.7980000 8.3800144
0.7990000 -0.5421588
0.8000000 31.3355618
0.8010000 29.8751793
0.8020000 -77.0661850
0.8030000 27.5666428
0.8040000 38.1408577
0.8050000 -18.4969177
0.8060000 13.0976524
0.8070000 12.9046602
0.8080000 -60.2816429
0.8090000 -20.7095432
0.8100000 -0.1325977
0.8110000 -37.6658516
0.8120000 -22.2938747
0.8130000 23.6284847
0.8140000 8.3964882
0.8150000 -17.6138973
0.8160000 38.0780563
0.8170000 -0.9853788
0.8180000 -2.2797933
0.8190000 13.0833788
0.8200000 30.7152462
0.8210000 16.9244595
0.8220000 7.5068688
0.8230000 5.5668564
0.8240000 51.2012405
0.8250000 20.4753799
0.8260000 8.6934013
0.8270000 -9.5485506
0.8280000 50.1468925
0.8290000 18.1507797
0.8300000 -22.3800716
0.8310000 -0.0874345
0.8320000 -1.5298392
0.8330000 -55.4841194
0.8340000 -41.4731445
0.8350000 -70.4564590
0.8360000 18.8092422
0.8370000 12.4973316
0.8380000 8.6115208
0.8390000 -66.0888748
0.8400000 -66.9454193
0.8410000 21.3778839
0.8420000 -39.3600121
0.8430000 -18.7728424
0.8440000 29.2812881
0.8450000 6.2354455
0.8460000 14.4750757
0.8470000 -4.9632239
0.8480000 17.1396942
0.8490000 -33.7925148
0.8500000 28.8719845
0.8510000 0.3484932
0.8520000 22.0113277
0.8530000 -16.2864780
0.8540000 29.0916443
0.8550000 21.4563026
0.8560000 45.3874321
0.8570000 -38.5122833
0.8580000 59.4139709
0.8590000 31.8794212
0.8600000 25.8845310
0.8610000 20.3305225
0.8620000 -9.8790188
0.8630000 61.7413902
0.8640000 41.2816887
0.8650000 -14.7260075
0.8660000 35.1444168
0.8670000 -43.4283257
0.8680000 -52.3957176
0.8690000 -2.0349519
0.8700000 -27.7870293
0.8710000 -62.9091759
0.8720000 26.6466331
0.8730000 -2.3939278
0.8740000 -42.5517006
0.8750000 -28.3163166
0.8760000 -26.0999851
0.8770000 -36.6348877
0.8780000 -34.5983582
0.8790000 88.1730118
0.8800000 5.8192391
0.8810000 50.2041130
0.8820000 -20.7644310
0.8830000 -77.0364761
0.8840000 35.0252190
0.8850000 -53.9528046
0.8860000 22.7722034
0.8870000 11.1361065
0.8880000 23.3674526
0.8890000 -18.7913132
0.8900000 5.1865511
0.8910000 21.2288437
0.8920000 -96.0101166
0.8930000 14.4750843
0.8940000 -3.7382147
0.8950000 -7.2184949
0.8960000 -7.4388967
0.8970000 -42.6387939
0.8980000 11.5642853
0.8990000 -66.6904602
0.9000000 26.1265831
0.9010000 -67.4257202
0.9020000 3.2056565
0.9030000 13.9753971
0.9040000 7.8591509
0.9050000 21.7891750
0.9060000 -11.8175898
0.9070000 19.5589180
0.9080000 36.3433762
0.9090000 46.8667564
0.9100000 20.0396080
0.9110000 -17.4044113
0.9120000 -4.5277839
0.9130000 18.0539417
0.9140000 57.1694260
0.9150000 -23.6045513
0.9160000 3.2658269
0.9170000 38.8893051
0.9180000 5.9807940
0.9190000 9.5303860
0.9200000 -7.0418253
0.9210000 39.0062065
0.9220000 45.0909348
0.9230000 36.3374367
0.9240000 -14.7253590
0.9250000 29.3400803
0.9260000 26.0064297
0.9270000 74.2644577
0.9280000 23.3506393
0.9290000 16.9747391
0.9300000 -14.9837093
0.9310000 -68.5146866
0.9320000 0.5576512
0.9330000 20.4395618
0.9340000 14.0034628
0.9350000 -5.0755773
0.9360000 -6.3000574
0.9370000 -49.1564369
0.9380000 2.6841826
0.9390000 27.1702480
0.9400000 -30.1436119
0.9410000 37.7833900
0.9420000 39.7111320
0.9430000 44.5445061
0.9440000 22.1614609
0.9450000 -51.7205925
0.9460000 34.9062538
0.9470000 -13.1524029
0.9480000 11.7187490
0.9490000 -44.1853027
0.9500000 13.1056633
0.9510000 -28.6067219
0.9520000 87.7326813
0.9530000 25.4632130
0.9540000 -56.9822121
0.9550000 14.3497677
0.9560000 -49.6450005
0.9570000 20.2097759
0.9580000 43.7711105
0.9590000 -7.0772991
0.9600000 -15.3733616
0.9610000 -23.7368069
0.9620000 -45.9022102
0.9630000 -23.1924381
0.9640000 -12.1024847
0.9650000 -26.8108654
0.9660000 4.1346602
0.9670000 -33.2240791
0.9680000 -106.4360046
0.9690000 -2.0990312
0.9700000 2.7117376
0.9710000 26.5575027
0.9720000 30.0721130
0.9730000 -43.1823997
0.9740000 -80.0995941
0.9750000 -30.7519932
0.9760000 1.6341761
0.9770000 -62.7178993
0.9780000 -0.6727253
0.9790000 -61.6983070
0.9800000 -17.1066952
0.9810000 -13.1527367
0.9820000 -62.2184296
0.9830000 54.3063393
0.9840000 -65.4936295
0.9850000 -10.1737099
0.9860000 64.5231171
0.9870000 -30.8162994
0.9880000 -5.8782935
0.9890000 7.0999732
0.9900000 -38.5316162
0.9910000 10.7407846
0.9920000 4.8740244
0.9930000 -37.9162407
0.9940000 37.1137695
0.9950000 14.1007957
0.9960000 -2.9136319
0.9970000 11.7216253
0.9980000 -31.4336128
0.9990000 33.9328766
