0.0000000 7.1832266
0.0010000 -14.9670715
0.0020000 23.0335655
0.0030000 43.0585670
0.0040000 63.4616432
0.0050000 3.1018481
0.0060000 42.9184914
0.0070000 -44.0031357
0.0080000 -24.2658596
0.0090000 -64.8143463
0.0100000 -4.5702739
0.0110000 31.7514362
0.0120000 -36.5435219
0.0130000 38.5590820
0.0140000 -23.9974918
0.0150000 -49.7268600
0.0160000 4.6600213
0.0170000 -65.0394287
0.0180000 -23.5725079
0.0190000 -13.9308004
0.0200000 -12.2078571
0.0210000 -29.1601925
0.0220000 0.4045000
0.0230000 33.2454185
0.0240000 -4.7034197
0.0250000 36.4599266
0.0260000 -31.5917435
0.0270000 -20.8972454
0.0280000 56.2753525
0.0290000 -30.9505787
0.0300000 -62.7834473
0.0310000 -78.6643143
0.0320000 29.2998142
0.0330000 69.4865799
0.0340000 -57.9810715
0.0350000 39.2290421
0.0360000 -27.3082790
0.0370000 36.3931923
0.0380000 -10.5307789
0.0390000 -83.2363892
0.0400000 31.5405121
0.0410000 7.0156898
0.0420000 -33.6333618
0.0430000 -4.6045632
0.0440000 29.5044422
0.0450000 -3.8587525
0.0460000 -4.8787656
0.0470000 -29.6404419
0.0480000 -39.0145340
0.0490000 24.3943634
0.0500000 -21.1045418
0.0510000 20.7811413
0.0520000 -33.2797356
0.0530000 7.9079070
0.0540000 48.1834831
0.0550000 -8.7795315
0.0560000 -74.9353790
0.0570000 14.3726645
0.0580000 28.1678562
0.0590000 -28.6787968
0.0600000 38.9248772
0.0610000 10.1811790
0.0620000 -20.4996510
0.0630000 11.1874533
0.0640000 7.2348013
0.0650000 -61.7417259
0.0660000 -35.7764473
0.0670000 17.7460155
0.0680000 16.2719707
0.0690000 -55.1308823
0.0700000 -2.3191772
0.0710000 18.3620071
0.0720000 -6.8859220
0.0730000 18.0458660
0.0740000 16.2728138
0.0750000 -9.0666027
0.0760000 24.2554989
0.0770000 32.9324722
0.0780000 -17.8754425
0.0790000 -52.6357460
0.0800000 32.5186539
0.0810000 36.6105385
0.0820000 48.3124542
0.0830000 -25.6090679
0.0840000 -34.7265701
0.0850000 -48.5366936
0.0860000 -44.0175362
0.0870000 27.0810299
0.0880000 8.0431871
0.0890000 11.4051390
0.0900000 -24.1476326
0.0910000 -49.0591888
0.0920000 -33.0251389
0.0930000 10.9438019
0.0940000 -50.6510468
0.0950000 -44.5532303
0.0960000 -28.7926025
0.0970000 9.4213228
0.0980000 43.2072563
0.0990000 -16.7015553
0.1000000 -3.7777543
0.1010000 -7.5143614
0.1020000 54.7122536
0.1030000 8.1727915
0.1040000 -12.1735506
0.1050000 -34.2905273
0.1060000 -25.1325855
0.1070000 43.9542961
0.1080000 25.7175636
0.1090000 -32.9642105
0.1100000 -51.0582962
0.1110000 53.9671288
0.1120000 33.0926514
0.1130000 4.0656633
0.1140000 -26.2158775
0.1150000 -11.3039379
0.1160000 -7.0240631
0.1170000 52.1595764
0.1180000 0.7391940
0.1190000 5.6015272
0.1200000 -53.0298347
0.1210000 -39.7449951
0.1220000 41.6160622
0.1230000 9.1877279
0.1240000 66.6953201
0.1250000 11.7158623
0.1260000 -15.7783661
0.1270000 1.5880018
0.1280000 -19.0854473
0.1290000 69.6722565
0.1300000 51.2802887
0.1310000 -14.3414383
0.1320000 6.7631392
0.1330000 -31.0700188
0.1340000 70.1396179
0.1350000 67.5568085
0.1360000 33.6987915
0.1370000 1.1017861
0.1380000 -68.9700775
0.1390000 0.8611352
0.1400000 -21.8112526
0.1410000 -25.9776134
0.1420000 44.3799210
0.1430000 13.3119040
0.1440000 -52.6979103
0.1450000 15.2500725
0.1460000 -16.3545494
0.1470000 -19.5494232
0.1480000 -48.5748634
0.1490000 -7.9176874
0.1500000 -27.7696590
0.1510000 64.3595734
0.1520000 -8.2845497
0.1530000 62.5415764
0.1540000 16.5134125
0.1550000 13.8205976
0.1560000 -8.8536301
0.1570000 -27.1148567
0.1580000 8.1195765
0.1590000 50.8611717
0.1600000 -5.0776601
0.1610000 24.4082108
0.1620000 -52.4987259
0.1630000 1.3514563
0.1640000 -1.4710515
0.1650000 -29.9831829
0.1660000 6.6139345
0.1670000 3.3994193
0.1680000 16.4256535
0.1690000 11.3011351
0.1700000 -54.0332222
0.1710000 -20.7129383
0.1720000 -48.2501221
0.1730000 9.3665428
0.1740000 23.6274967
0.1750000 35.7227516
0.1760000 64.0453110
0.1770000 -4.3112106
0.1780000 -14.6844206
0.1790000 5.2006359
0.1800000 14.9842215
0.1810000 18.4082012
0.1820000 2.2519376
0.1830000 -30.1825809
0.1840000 -44.1171951
0.1850000 -12.4911776
0.1860000 8.2579441
0.1870000 25.9916992
0.1880000 51.9800262
0.1890000 0.3184117
0.1900000 0.8041517
0.1910000 34.9855156
0.1920000 -39.1041336
0.1930000 -26.4684772
0.1940000 -54.7599487
0.1950000 11.0271931
0.1960000 22.2182579
0.1970000 -47.4143715
0.1980000 -31.0130024
0.1990000 -39.6180153
0.2000000 -86.2975159
0.2010000 -32.0456543
0.2020000 -40.0470543
0.2030000 -35.4204102
0.2040000 -11.2324686
0.2050000 -29.4690323
0.2060000 -1.8798625
0.2070000 -36.0119667
0.2080000 5.6226058
0.2090000 31.2936134
0.2100000 19.6785908
0.2110000 -21.2563686
0.2120000 49.0610161
0.2130000 -61.6047440
0.2140000 15.0829153
0.2150000 -20.9466972
0.2160000 -61.3031731
0.2170000 -5.8355103
0.2180000 57.9116211
0.2190000 -34.0479393
0.2200000 40.6478462
0.2210000 61.3068924
0.2220000 35.9181099
0.2230000 1.4995458
0.2240000 -16.4448223
0.2250000 13.3338394
0.2260000 -86.5919037
0.2270000 10.9063997
0.2280000 -26.1423149
0.2290000 -61.5444069
0.2300000 -17.7092400
0.2310000 67.3247681
0.2320000 22.3320847
0.2330000 17.9236832
0.2340000 56.4779472
0.2350000 -3.6171594
0.2360000 -83.3690186
0.2370000 3.3042088
0.2380000 -39.4580612
0.2390000 0.7610209
0.2400000 -21.8726902
0.2410000 5.5579271
0.2420000 -20.4101372
0.2430000 18.4459686
0.2440000 -7.5727425
0.2450000 54.1290321
0.2460000 -19.4503822
0.2470000 -22.1805935
0.2480000 3.1693969
0.2490000 36.8923264
0.2500000 20.9561253
0.2510000 34.2922630
0.2520000 22.8129539
0.2530000 24.5899506
0.2540000 -68.6621017
0.2550000 3.6492903
0.2560000 -31.6285515
0.2570000 -43.8080101
0.2580000 -11.1550264
0.2590000 11.2480412
0.2600000 53.0807419
0.2610000 21.7049923
0.2620000 -33.9728279
0.2630000 -57.4944916
0.2640000 -66.5154800
0.2650000 -58.5774841
0.2660000 -17.2500515
0.2670000 21.3121033
0.2680000 -14.2051544
0.2690000 -0.2825640
0.2700000 2.6571741
0.2710000 -14.7915106
0.2720000 -42.1955109
0.2730000 75.8589172
0.2740000 21.5164452
0.2750000 55.9899750
0.2760000 25.8629742
0.2770000 7.0285959
0.2780000 -64.6497192
0.2790000 29.6813011
0.2800000 -40.4553642
0.2810000 4.2911701
0.2820000 -24.6919918
0.2830000 -52.1120148
0.2840000 -60.0280685
0.2850000 -15.2947750
0.2860000 1.9570091
0.2870000 13.5802393
0.2880000 -50.6939201
0.2890000 50.0477753
0.2900000 38.6859932
0.2910000 -34.3915062
0.2920000 12.0214491
0.2930000 5.1098042
0.2940000 8.3189135
0.2950000 -0.7575592
0.2960000 -8.2783012
0.2970000 31.9854927
0.2980000 -9.0621758
0.2990000 4.3480802
0.3000000 31.0057774
0.3010000 -23.2646885
0.3020000 67.5607529
0.3030000 13.1405392
0.3040000 5.6719432
0.3050000 -82.9550400
0.3060000 9.4639568
0.3070000 28.2449093
0.3080000 -74.4165497
0.3090000 -21.9728107
0.3100000 -17.6312199
0.3110000 30.5647068
0.3120000 46.6093254
0.3130000 48.1465950
0.3140000 20.0952034
0.3150000 -5.8477139
0.3160000 40.4722672
0.3170000 34.8507042
0.3180000 11.1735554
0.3190000 67.5574188
0.3200000 -27.3135910
0.3210000 82.5598221
0.3220000 59.0663528
0.3230000 -41.7202797
0.3240000 -29.0735703
0.3250000 32.1256065
0.3260000 5.2157922
0.3270000 38.9042587
0.3280000 -39.0475311
0.3290000 15.3853951
0.3300000 47.9217796
0.3310000 -29.7676163
0.3320000 -33.2610855
0.3330000 -8.8212795
0.3340000 1.7850224
0.3350000 -7.1671009
0.3360000 -3.0459278
0.3370000 52.8304634
0.3380000 37.2009659
0.3390000 63.3231888
0.3400000 -36.2272530
0.3410000 80.8857727
0.3420000 -65.8201752
0.3430000 25.3930340
0.3440000 -12.3353682
0.3450000 -32.6194839
0.3460000 -40.3642120
0.3470000 11.1701260
0.3480000 -24.4996929
0.3490000 -45.1059227
0.3500000 -30.4155846
0.3510000 16.5695457
0.3520000 7.3428249
0.3530000 -9.4020567
0.3540000 5.0982752
0.3550000 -45.5394554
0.3560000 69.8525314
0.3570000 -5.3529344
0.3580000 -40.0356865
0.3590000 60.4578552
0.3600000 23.6001072
0.3610000 -20.5198612
0.3620000 -34.6567268
0.3630000 -17.7454071
0.3640000 -35.6247368
0.3650000 65.7388840
0.3660000 -10.8484879
0.3670000 -35.6155090
0.3680000 3.4957962
0.3690000 -3.8214953
0.3700000 62.4741592
0.3710000 -22.7960377
0.3720000 46.1465912
0.3730000 39.2203217
0.3740000 1.6507915
0.3750000 8.0347109
0.3760000 20.0147343
0.3770000 -62.4218521
0.3780000 9.1685467
0.3790000 58.9745483
0.3800000 -60.6349525
0.3810000 -18.3049927
0.3820000 16.7518730
0.3830000 -33.5128212
0.3840000 -33.8177490
0.3850000 47.3504448
0.3860000 0.7282656
0.3870000 -29.8200626
0.3880000 20.4173794
0.3890000 -22.1174240
0.3900000 -15.5640621
0.3910000 -27.0207024
0.3920000 12.8220387
0.3930000 0.5028206
0.3940000 32.5242043
0.3950000 40.7578430
0.3960000 -12.4235191
0.3970000 -60.0309219
0.3980000 -27.5018597
0.3990000 6.1110134
0.4000000 -18.6189995
0.4010000 4.6107416
0.4020000 24.0475922
0.4030000 2.5345857
0.4040000 -57.0397682
0.4050000 -40.0140038
0.4060000 -19.3774853
0.4070000 46.9021568
0.4080000 42.4820251
0.4090000 -26.6001549
0.4100000 28.4895210
0.4110000 42.6868515
0.4120000 -42.9842606
0.4130000 20.7194691
0.4140000 4.5996647
0.4150000 -22.7913551
0.4160000 17.5201225
0.4170000 17.9400806
0.4180000 22.8746853
0.4190000 -53.7056084
0.4200000 -43.2525406
0.4210000 -49.6172180
0.4220000 -19.2908440
0.4230000 -9.7931805
0.4240000 5.1267939
0.4250000 -92.4230118
0.4260000 -49.3574104
0.4270000 -5.6483254
0.4280000 41.5302277
0.4290000 -43.5324440
0.4300000 64.2297745
0.4310000 -33.9060516
0.4320000 56.8850136
0.4330000 50.6042099
0.4340000 -43.3861160
0.4350000 -95.4887924
0.4360000 2.7899132
0.4370000 -6.5425372
0.4380000 10.5211544
0.4390000 12.7806282
0.4400000 79.6220627
0.4410000 -8.8126669
0.4420000 26.4497128
0.4430000 -17.3132553
0.4440000 -39.3460884
0.4450000 -36.2502136
0.4460000 1.1794748
0.4470000 35.0513687
0.4480000 19.7053986
0.4490000 38.0214081
0.4500000 -26.5454121
0.4510000 8.1225138
0.4520000 14.9761629
0.4530000 37.7283058
0.4540000 31.6942368
0.4550000 21.6055546
0.4560000 25.5714512
0.4570000 6.5754619
0.4580000 -21.2017784
0.4590000 66.3692551
0.4600000 43.5141144
0.4610000 8.4421387
0.4620000 60.4145737
0.4630000 50.8233223
0.4640000 23.2623158
0.4650000 17.8996735
0.4660000 -32.8468895
0.4670000 -22.8446522
0.4680000 -47.6331444
0.4690000 2.4937181
0.4700000 18.1526127
0.4710000 -17.0267334
0.4720000 38.4667206
0.4730000 -38.9070396
0.4740000 14.5575380
0.4750000 23.2433262
0.4760000 -13.2202301
0.4770000 -22.2466164
0.4780000 20.6615829
0.4790000 -2.5463521
0.4800000 -51.2623940
0.4810000 -2.5035093
0.4820000 8.3202791
0.4830000 10.5821638
0.4840000 12.3529882
0.4850000 -31.7142258
0.4860000 -3.0213335
0.4870000 -0.6905870
0.4880000 76.2569122
0.4890000 -29.9313679
0.4900000 -9.5087090
0.4910000 -28.3434467
0.4920000 -21.8913136
0.4930000 4.0360265
0.4940000 -1.5527277
0.4950000 -6.3072352
0.4960000 -45.8203201
0.4970000 30.2423611
0.4980000 -26.5721416
0.4990000 62.5855827
0.5000000 36.4390411
0.5010000 27.3404102
0.5020000 28.7277756
0.5030000 30.0294781
0.5040000 34.5138626
0.5050000 20.1183891
0.5060000 30.2094479
0.5070000 65.7190170
0.5080000 -11.9372444
0.5090000 16.9630585
0.5100000 16.6798553
0.5110000 21.0588036
0.5120000 10.7893276
0.5130000 44.9145660
0.5140000 27.4013195
0.5150000 -8.6981392
0.5160000 -20.7695999
0.5170000 80.2002258
0.5180000 -27.0627956
0.5190000 22.0807095
0.5200000 22.7683773
0.5210000 -21.0072575
0.5220000 -84.3583374
0.5230000 -34.3712196
0.5240000 58.3095169
0.5250000 32.3908997
0.5260000 16.8210907
0.5270000 -10.5884905
0.5280000 -10.9077635
0.5290000 -24.4783401
0.5300000 -10.8796577
0.5310000 -50.0841141
0.5320000 -1.1157082
0.5330000 -2.0857491
0.5340000 -25.5324078
0.5350000 -7.8490391
0.5360000 -34.4477005
0.5370000 -19.6766453
0.5380000 -5.1397986
0.5390000 -38.5827446
0.5400000 -21.1022072
0.5410000 -11.9595442
0.5420000 -31.4365082
0.5430000 73.4380417
0.5440000 -18.1892662
0.5450000 -11.0394096
0.5460000 25.7780590
0.5470000 35.6439438
0.5480000 -13.3338890
0.5490000 18.9928513
0.5500000 -7.3823023
0.5510000 11.8164396
0.5520000 -16.6671696
0.5530000 20.1710796
0.5540000 -23.4779472
0.5550000 -17.4115028
0.5560000 -32.0723801
0.5570000 55.8166695
0.5580000 39.1593552
0.5590000 89.3797150
0.5600000 40.3394394
0.5610000 -14.8256140
0.5620000 71.4936447
0.5630000 -1.1478813
0.5640000 20.9381065
0.5650000 19.8486633
0.5660000 28.2095432
0.5670000 -11.3763056
0.5680000 60.4836349
0.5690000 23.9364243
0.5700000 -39.3520355
0.5710000 17.2113628
0.5720000 -20.2539330
0.5730000 -36.6364098
0.5740000 -8.0293608
0.5750000 34.9738960
0.5760000 -44.5384827
0.5770000 -105.3417358
0.5780000 -20.3565063
0.5790000 -77.8805389
0.5800000 -61.8890686
0.5810000 -9.5902729
0.5820000 -28.8067760
0.5830000 -41.8752556
0.5840000 -62.2192841
0.5850000 -23.5641327
0.5860000 -43.5765457
0.5870000 -2.1277347
0.5880000 -20.7425308
0.5890000 -45.0757103
0.5900000 -49.0804138
0.5910000 -19.8852482
0.5920000 -9.1684513
0.5930000 -20.0914726
0.5940000 -9.5025845
0.5950000 -1.3313107
0.5960000 -4.9578218
0.5970000 72.2961884
0.5980000 54.1610031
0.5990000 12.5511990
0.6000000 9.4695282
0.6010000 -54.1876755
0.6020000 -26.2869453
0.6030000 24.5713043
0.6040000 6.6170516
0.6050000 -17.0073566
0.6060000 -3.2620606
0.6070000 -8.0505180
0.6080000 62.2460709
0.6090000 -46.7050362
0.6100000 9.8914013
0.6110000 -24.6457558
0.6120000 43.0808372
0.6130000 -55.2147293
0.6140000 29.1390800
0.6150000 30.3478031
0.6160000 -12.8278122
0.6170000 -3.0817134
0.6180000 41.9778786
0.6190000 -55.9304657
0.6200000 -37.8748894
0.6210000 35.2395782
0.6220000 31.2404156
0.6230000 -42.7900391
0.6240000 31.2330418
0.6250000 -54.4617729
0.6260000 32.6565857
0.6270000 20.9979591
0.6280000 24.0469360
0.6290000 71.3752365
0.6300000 56.1285172
0.6310000 2.5895193
0.6320000 36.4570694
0.6330000 34.7384262
0.6340000 -16.6923943
0.6350000 -33.8207855
0.6360000 22.3084888
0.6370000 2.3514338
0.6380000 1.8818531
0.6390000 13.4751110
0.6400000 1.6615515
0.6410000 49.9084663
0.6420000 -12.6461735
0.6430000 1.7770742
0.6440000 24.5710049
0.6450000 -52.1739998
0.6460000 20.8578072
0.6470000 -16.6768055
0.6480000 -27.2463608
0.6490000 -28.4179611
0.6500000 -6.2023702
0.6510000 21.3214512
0.6520000 -20.2331581
0.6530000 -53.7498589
0.6540000 80.6597290
0.6550000 -29.2366943
0.6560000 6.7150369
0.6570000 27.4445210
0.6580000 44.4902191
0.6590000 -17.2672634
0.6600000 -26.3623619
0.6610000 -13.3047209
0.6620000 4.5454235
0.6630000 30.6989689
0.6640000 -18.2050476
0.6650000 14.4951515
0.6660000 18.9174423
0.6670000 -32.6619797
0.6680000 -3.1748633
0.6690000 -29.7552128
0.6700000 -42.0007019
0.6710000 -33.8113098
0.6720000 -28.1666737
0.6730000 39.3618279
0.6740000 54.1613617
0.6750000 -84.6471329
0.6760000 49.7047844
0.6770000 50.4954414
0.6780000 -2.6765068
0.6790000 -31.9773331
0.6800000 69.9154129
0.6810000 -39.2727585
0.6820000 -15.4776106
0.6830000 -17.9670620
0.6840000 25.9272690
0.6850000 -45.5466652
0.6860000 -13.5262489
0.6870000 40.1885681
0.6880000 34.0502129
0.6890000 33.2852631
0.6900000 35.7164307
0.6910000 -11.6511488
0.6920000 13.6522179
0.6930000 32.6987114
0.6940000 -8.4204102
0.6950000 51.9387703
0.6960000 18.2031384
0.6970000 -26.5922489
0.6980000 -3.4254398
0.6990000 44.6338158
0.7000000 -27.2640953
0.7010000 -27.0634613
0.7020000 82.5489197
0.7030000 -33.7954330
0.7040000 54.8537064
0.7050000 25.7117958
0.7060000 -7.3771081
0.7070000 13.4035769
0.7080000 -46.0818710
0.7090000 16.5116158
0.7100000 -50.1692848
0.7110000 42.8671913
0.7120000 61.8638725
0.7130000 -15.1561880
0.7140000 38.0793266
0.7150000 14.4281940
0.7160000 -11.4489822
0.7170000 -67.2357483
0.7180000 30.2263813
0.7190000 3.3018060
0.7200000 24.4126301
0.7210000 -49.6364441
0.7220000 -10.5425997
0.7230000 -33.2347565
0.7240000 13.0584431
0.7250000 21.6876202
0.7260000 -60.4921341
0.7270000 35.4540558
0.7280000 -41.8321228
0.7290000 -47.6540527
0.7300000 77.7264252
0.7310000 -68.6065140
0.7320000 -5.9197721
0.7330000 -19.7397251
0.7340000 -15.0157118
0.7350000 -19.7362156
0.7360000 -47.1500969
0.7370000 42.8787384
0.7380000 -36.0986404
0.7390000 -2.8142972
0.7400000 49.9223175
0.7410000 36.2551422
0.7420000 -23.2072639
0.7430000 7.9949179
0.7440000 36.9072838
0.7450000 -45.3416138
0.7460000 -3.8072586
0.7470000 -74.9052200
0.7480000 10.3932276
0.7490000 16.1869049
0.7500000 -69.4485397
0.7510000 4.1846733
0.7520000 45.0148239
0.7530000 -1.8795878
0.7540000 23.3345165
0.7550000 -6.2290955
0.7560000 -12.9011917
0.7570000 -28.1377449
0.7580000 -7.3218441
0.7590000 30.7825298
0.7600000 -32.6310997
0.7610000 4.5069585
0.7620000 -62.8754616
0.7630000 -50.7939148
0.7640000 -97.3531876
0.7650000 66.0023270
0.7660000 -29.6669350
0.7670000 -43.8955994
0.7680000 5.7382722
0.7690000 28.7965107
0.7700000 -36.4201508
0.7710000 -22.3607254
0.7720000 -76.8369370
0.7730000 -10.0221205
0.7740000 -12.2520685
0.7750000 22.2806549
0.7760000 0.9442130
0.7770000 3.4851499
0.7780000 59.9656906
0.7790000 -32.1710129
0.7800000 10.3030367
0.7810000 2.4163725
0.7820000 5.1193500
0.7830000 -23.3074608
0.7840000 -25.5358391
0.7850000 16.5431309
0.7860000 20.5503139
0.7870000 57.9735184
0.7880000 30.5698223
0.7890000 -91.2054901
0.7900000 22.8640060
0.7910000 4.2506251
0.7920000 -34.1187134
0.7930000 11.4460974
0.7940000 -9.1505861
0.7950000 31.8793392
0.7960000 12.4759655
0.7970000 -3.7302821
0.7980000 6.3038630
0.7990000 14.9603376
0.8000000 100.1020737
0.8010000 25.5776653
0.8020000 54.4844589
0.8030000 4.9841981
0.8040000 -29.3480244
0.8050000 30.7888165
0.8060000 10.3725138
0.8070000 49.2330627
0.8080000 -68.4422073
0.8090000 62.5140266
0.8100000 87.6951447
0.8110000 -36.1913223
0.8120000 -51.4627304
0.8130000 47.4474487
0.8140000 -60.5077896
0.8150000 -0.8695264
0.8160000 -46.2692528
0.8170000 10.4666529
0.8180000 -9.8446169
0.8190000 29.4895039
0.8200000 6.0748935
0.8210000 -17.7383728
0.8220000 -22.5304699
0.8230000 12.4850502
0.8240000 4.7027140
0.8250000 18.6736660
0.8260000 105.5797653
0.8270000 93.3565445
0.8280000 29.5954666
0.8290000 -21.5174637
0.8300000 56.0973854
0.8310000 -27.3991432
0.8320000 -52.6964951
0.8330000 -45.1390762
0.8340000 18.9444866
0.8350000 21.6860294
0.8360000 76.2353668
0.8370000 14.0717754
0.8380000 -19.0825119
0.8390000 5.2591519
0.8400000 4.3810997
0.8410000 -15.1077690
0.8420000 11.3678846
0.8430000 -30.6835976
0.8440000 -62.4339867
0.8450000 34.6076889
0.8460000 -2.9388683
0.8470000 2.9824450
0.8480000 28.8057957
0.8490000 4.0648413
0.8500000 24.0773888
0.8510000 -14.9483061
0.8520000 33.5853157
0.8530000 9.6165943
0.8540000 36.2595100
0.8550000 -52.5734749
0.8560000 -60.7779007
0.8570000 -10.4751587
0.8580000 50.5791321
0.8590000 -26.4925117
0.8600000 14.7342920
0.8610000 13.3287220
0.8620000 33.9421844
0.8630000 -47.3004646
0.8640000 17.7020664
0.8650000 -27.7934837
0.8660000 33.6378326
0.8670000 -13.0202780
0.8680000 77.8068542
0.8690000 39.3077202
0.8700000 12.5948000
0.8710000 45.1427460
0.8720000 -22.9963455
0.8730000 31.5205345
0.8740000 22.4275742
0.8750000 40.6976967
0.8760000 77.5022507
0.8770000 -3.3406873
0.8780000 -14.6692104
0.8790000 9.6978865
0.8800000 20.1327610
0.8810000 5.0864925
0.8820000 -5.9010701
0.8830000 -45.1953621
0.8840000 -47.8748474
0.8850000 -2.7495532
0.8860000 20.3951550
0.8870000 47.9222908
0.8880000 -29.5340977
0.8890000 -8.8773451
0.8900000 65.2584534
0.8910000 0.6301293
0.8920000 52.1208534
0.8930000 -52.3997307
0.8940000 -16.6779022
0.8950000 -30.4680004
0.8960000 -8.5586538
0.8970000 -23.6350288
0.8980000 -84.0153809
0.8990000 -27.1692505
0.9000000 -7.4633002
0.9010000 32.9373169
0.9020000 -46.4011269
0.9030000 7.3120990
0.9040000 -35.1694870
0.9050000 -3.9196930
0.9060000 42.2106667
0.9070000 -44.2456245
0.9080000 -50.7497978
0.9090000 3.7080553
0.9100000 42.0630226
0.9110000 -9.3575954
0.9120000 -39.9427872
0.9130000 35.5875282
0.9140000 0.9569798
0.9150000 13.1461763
0.9160000 6.4096513
0.9170000 -42.9216881
0.9180000 1.8868570
0.9190000 15.8315001
0.9200000 -34.0568161
0.9210000 -18.8941154
0.9220000 -3.8168886
0.9230000 -4.5198555
0.9240000 -9.6760931
0.9250000 50.4197502
0.9260000 -21.7011375
0.9270000 48.6520004
0.9280000 10.7761173
0.9290000 -26.0213509
0.9300000 11.3693180
0.9310000 39.1760178
0.9320000 -30.4787025
0.9330000 -35.3341179
0.9340000 1.3491428
0.9350000 14.8254604
0.9360000 -26.1235142
0.9370000 72.1197052
0.9380000 6.7257767
0.9390000 -26.0036850
0.9400000 23.2898827
0.9410000 8.4973831
0.9420000 10.7199364
0.9430000 38.4313278
0.9440000 -92.6667480
0.9450000 70.1695099
0.9460000 43.6975594
0.9470000 -37.2999001
0.9480000 25.8265514
0.9490000 14.1005325
0.9500000 5.2560892
0.9510000 -60.7076645
0.9520000 3.5303655
0.9530000 -62.6780396
0.9540000 68.1387177
0.9550000 35.7615318
0.9560000 25.5898037
0.9570000 14.0711298
0.9580000 -6.3730793
0.9590000 -5.6965289
0.9600000 -34.7177582
0.9610000 -41.6611557
0.9620000 16.1078682
0.9630000 2.3317344
0.9640000 -76.0107727
0.9650000 30.7547626
0.9660000 -32.7651024
0.9670000 -80.0023727
0.9680000 -10.5780525
0.9690000 -52.6485443
0.9700000 24.8567200
0.9710000 24.5373955
0.9720000 64.3916473
0.9730000 34.7021065
0.9740000 18.2689266
0.9750000 -2.6839414
0.9760000 32.7333336
0.9770000 10.6686640
0.9780000 -47.0964966
0.9790000 -9.9874678
0.9800000 -22.3745594
0.9810000 -12.9130163
0.9820000 -58.3188324
0.9830000 -10.4675455
0.9840000 36.9996033
0.9850000 85.8735733
0.9860000 72.4957809
0.9870000 50.0197945
0.9880000 6.9034238
0.9890000 37.1564980
0.9900000 6.6679387
0.9910000 -15.7731867
0.9920000 22.6443329
0.9930000 -26.8890057
0.9940000 51.2434120
0.9950000 -25.0404263
0.9960000 1.2617173
0.9970000 -57.0623550
0.9980000 24.7229805
0.9990000 76.6807556
