0.0000000 8.0988197
0.0010000 3.5716040
0.0020000 -27.0607948
0.0030000 -47.3900070
0.0040000 26.9458027
0.0050000 -8.6209879
0.0060000 4.6949286
0.0070000 -47.2798843
0.0080000 -33.1924171
0.0090000 -38.7106590
0.0100000 9.1097193
0.0110000 13.4091825
0.0120000 -36.5435829
0.0130000 37.1515198
0.0140000 43.1357193
0.0150000 -35.7073898
0.0160000 -37.7001572
0.0170000 3.2928524
0.0180000 11.3179331
0.0190000 16.6223640
0.0200000 51.8319168
0.0210000 -45.8299942
0.0220000 41.0240402
0.0230000 21.1368523
0.0240000 -8.2819710
0.0250000 33.5704422
0.0260000 -46.8509064
0.0270000 -15.1661825
0.0280000 0.2562006
0.0290000 -30.9361248
0.0300000 -48.9884720
0.0310000 42.5557251
0.0320000 -7.6573143
0.0330000 -2.5567682
0.0340000 0.9799694
0.0350000 21.5135212
0.0360000 -11.3652544
0.0370000 -18.6258640
0.0380000 -8.4553699
0.0390000 -7.4476118
0.0400000 -29.9881763
0.0410000 42.3302193
0.0420000 60.9497757
0.0430000 5.5642529
0.0440000 4.7377844
0.0450000 -12.6591263
0.0460000 5.7745256
0.0470000 -7.6111698
0.0480000 -9.2552814
0.0490000 -32.6767731
0.0500000 15.0615129
0.0510000 8.0760775
0.0520000 72.1044922
0.0530000 -23.8903141
0.0540000 18.8778706
0.0550000 47.9818153
0.0560000 5.3984408
0.0570000 -22.6396790
0.0580000 -56.6758499
0.0590000 -17.7267723
0.0600000 86.7362976
0.0610000 -25.1866398
0.0620000 -15.7685537
0.0630000 13.8023424
0.0640000 -31.3560047
0.0650000 -6.8195801
0.0660000 -43.1151619
0.0670000 6.0492978
0.0680000 -20.4141541
0.0690000 63.0386505
0.0700000 -1.4643165
0.0710000 -57.6344185
0.0720000 -86.9658813
0.0730000 -29.6209755
0.0740000 -50.1264992
0.0750000 -75.8562851
0.0760000 -1.5944442
0.0770000 -41.4908943
0.0780000 40.0270424
0.0790000 33.3319740
0.0800000 75.4454803
0.0810000 0.3372543
0.0820000 15.9565735
0.0830000 -3.1397955
0.0840000 -8.8721476
0.0850000 35.3016701
0.0860000 24.2719460
0.0870000 -5.4462161
0.0880000 -14.6257629
0.0890000 46.4372864
0.0900000 2.7770474
0.0910000 22.7241459
0.0920000 -43.2378044
0.0930000 -67.8706894
0.0940000 -10.9728994
0.0950000 52.8786774
0.0960000 92.4371948
0.0970000 8.5311403
0.0980000 -19.7809448
0.0990000 -57.9030685
0.1000000 37.5320015
0.1010000 14.2466965
0.1020000 -59.6592522
0.1030000 16.1093979
0.1040000 52.5162926
0.1050000 37.2263756
0.1060000 -1.2646387
0.1070000 45.3694153
0.1080000 69.0754395
0.1090000 62.3837090
0.1100000 16.9994869
0.1110000 43.3930359
0.1120000 -31.4148388
0.1130000 -37.3931961
0.1140000 55.6076508
0.1150000 18.0823803
0.1160000 -24.0093689
0.1170000 -4.1024585
0.1180000 9.1334257
0.1190000 15.0728855
0.1200000 -12.4236431
0.1210000 26.3812752
0.1220000 16.0957489
0.1230000 -34.7276115
0.1240000 -12.1107321
0.1250000 -32.3244896
0.1260000 42.0005112
0.1270000 -5.8474603
0.1280000 -24.4432163
0.1290000 8.9596024
0.1300000 37.6171036
0.1310000 -38.4020157
0.1320000 27.9883785
0.1330000 34.3756027
0.1340000 -47.0957108
0.1350000 -16.4037609
0.1360000 -4.8563070
0.1370000 1.3127645
0.1380000 14.6234303
0.1390000 56.1874428
0.1400000 -11.8300037
0.1410000 -26.7729340
0.1420000 -21.0009766
0.1430000 1.2364503
0.1440000 1.7535126
0.1450000 37.5539436
0.1460000 6.4389911
0.1470000 -24.5957241
0.1480000 -20.6760025
0.1490000 -1.5774968
0.1500000 -15.2190866
0.1510000 2.3740754
0.1520000 0.2208099
0.1530000 37.0834999
0.1540000 -19.6388721
0.1550000 -13.9227848
0.1560000 -4.6087723
0.1570000 -67.0382843
0.1580000 -26.4067783
0.1590000 27.9352856
0.1600000 44.7708549
0.1610000 -94.0250473
0.1620000 -31.8943520
0.1630000 55.4530983
0.1640000 16.2409897
0.1650000 4.0922852
0.1660000 -116.7628555
0.1670000 -23.3246956
0.1680000 -35.5697479
0.1690000 5.1560822
0.1700000 10.2287598
0.1710000 -22.0953751
0.1720000 -22.7774105
0.1730000 -0.8654433
0.1740000 -2.9518743
0.1750000 -18.1403255
0.1760000 72.4608154
0.1770000 14.5477428
0.1780000 37.7036018
0.1790000 -33.4935417
0.1800000 36.9331207
0.1810000 -42.6648865
0.1820000 -21.1239166
0.1830000 33.0257225
0.1840000 5.4244075
0.1850000 2.0756235
0.1860000 30.6772919
0.1870000 -20.3947887
0.1880000 -57.9943810
0.1890000 2.0159099
0.1900000 8.9796114
0.1910000 -8.9477673
0.1920000 -13.1151104
0.1930000 -49.4903297
0.1940000 -30.3723545
0.1950000 30.5345612
0.1960000 10.1334553
0.1970000 37.2625198
0.1980000 -54.7590981
0.1990000 -12.8237238
0.2000000 54.8331032
0.2010000 -7.9118595
0.2020000 16.2609043
0.2030000 1.7296581
0.2040000 11.8765097
0.2050000 36.1393738
0.2060000 -22.4163628
0.2070000 -88.4649658
0.2080000 -42.4707985
0.2090000 11.9040947
0.2100000 24.9900589
0.2110000 -10.7997761
0.2120000 33.2595787
0.2130000 -12.7506704
0.2140000 -8.2011967
0.2150000 -3.5100150
0.2160000 -35.5086899
0.2170000 38.0455017
0.2180000 -59.4080200
0.2190000 -82.0681915
0.2200000 -54.3721581
0.2210000 15.3507853
0.2220000 -24.5439205
0.2230000 10.3469648
0.2240000 34.9587936
0.2250000 -12.3821173
0.2260000 1.7201768
0.2270000 88.0982132
0.2280000 -26.0576591
0.2290000 -7.4833341
0.2300000 -4.1628013
0.2310000 -12.4245262
0.2320000 -59.3407669
0.2330000 12.7037592
0.2340000 14.0787439
0.2350000 -6.7260733
0.2360000 -8.2817135
0.2370000 32.5044937
0.2380000 -23.7031689
0.2390000 -105.0402374
0.2400000 44.1064606
0.2410000 16.9316788
0.2420000 -44.1270561
0.2430000 -14.1809568
0.2440000 -39.6905632
0.2450000 -27.5055637
0.2460000 9.2447805
0.2470000 -15.4871397
0.2480000 -0.8097727
0.2490000 16.6733246
0.2500000 6.0975728
0.2510000 -24.5708790
0.2520000 52.6373444
0.2530000 1.1537672
0.2540000 31.2864990
0.2550000 -30.4492950
0.2560000 35.1381416
0.2570000 21.9267082
0.2580000 -9.1687212
0.2590000 -29.0567627
0.2600000 -22.1511345
0.2610000 34.1149254
0.2620000 -38.2886734
0.2630000 -53.8054848
0.2640000 5.3415728
0.2650000 -30.6742325
0.2660000 -18.3348579
0.2670000 -2.8345621
0.2680000 -5.8582320
0.2690000 25.0620956
0.2700000 14.9304438
0.2710000 63.6328545
0.2720000 4.5578074
0.2730000 -4.8991857
0.2740000 -41.1819305
0.2750000 -19.7854366
0.2760000 -60.9678917
0.2770000 59.1392479
0.2780000 2.2252688
0.2790000 -48.0127220
0.2800000 -25.0065002
0.2810000 -13.9751520
0.2820000 60.6831017
0.2830000 -34.7537613
0.2840000 28.4074402
0.2850000 -58.1607246
0.2860000 -78.3917923
0.2870000 41.2328911
0.2880000 38.2811661
0.2890000 7.5736542
0.2900000 -57.2758446
0.2910000 -48.0779953
0.2920000 3.6765432
0.2930000 32.3144417
0.2940000 13.9607935
0.2950000 -10.8564119
0.2960000 -64.0974731
0.2970000 29.6598797
0.2980000 24.7090988
0.2990000 16.5680637
0.3000000 -37.7451591
0.3010000 -2.1856208
0.3020000 -18.8949413
0.3030000 52.0879898
0.3040000 -16.4162292
0.3050000 -90.3398666
0.3060000 -27.3668976
0.3070000 15.5283451
0.3080000 53.6639786
0.3090000 -2.8997746
0.3100000 8.7425222
0.3110000 -7.5655627
0.3120000 58.2228775
0.3130000 -23.7973061
0.3140000 -65.0079956
0.3150000 -20.7638264
0.3160000 -18.0147991
0.3170000 -52.1508865
0.3180000 3.8608296
0.3190000 -106.3514786
0.3200000 -18.4778690
0.3210000 -40.4539299
0.3220000 2.3144815
0.3230000 31.9551792
0.3240000 -27.1075191
0.3250000 -91.6664581
0.3260000 -6.6526661
0.3270000 1.7340903
0.3280000 -28.0476456
0.3290000 -3.2492197
0.3300000 -44.7016869
0.3310000 23.9947968
0.3320000 -20.0245819
0.3330000 53.7811584
0.3340000 -23.9412308
0.3350000 -44.3158150
0.3360000 4.2151952
0.3370000 39.3766022
0.3380000 -22.3406429
0.3390000 -8.7003956
0.3400000 -61.5315666
0.3410000 16.8867912
0.3420000 -34.3639488
0.3430000 -6.0525575
0.3440000 7.9399457
0.3450000 -8.3354368
0.3460000 -63.4471016
0.3470000 13.8483686
0.3480000 -50.3347702
0.3490000 15.7031288
0.3500000 -0.4631244
0.3510000 -11.9283752
0.3520000 38.1356506
0.3530000 -13.7115364
0.3540000 -33.2878876
0.3550000 8.6938629
0.3560000 -31.3314629
0.3570000 56.0942307
0.3580000 -21.8102150
0.3590000 -7.4261184
0.3600000 9.1171999
0.3610000 84.8527527
0.3620000 -22.0301838
0.3630000 -61.8241005
0.3640000 3.5458949
0.3650000 -60.1767616
0.3660000 -4.3433676
0.3670000 -11.9791298
0.3680000 15.5196095
0.3690000 25.1255455
0.3700000 63.7200241
0.3710000 7.8941474
0.3720000 -39.6636696
0.3730000 -17.6643009
0.3740000 41.7537498
0.3750000 29.0880547
0.3760000 9.6004324
0.3770000 -8.6595268
0.3780000 -10.2053013
0.3790000 75.4134827
0.3800000 -9.4881411
0.3810000 86.9262314
0.3820000 -21.4931889
0.3830000 -17.1602383
0.3840000 8.6180582
0.3850000 15.8239708
0.3860000 -58.3930931
0.3870000 -23.1668835
0.3880000 1.9756596
0.3890000 -44.1792107
0.3900000 3.1054845
0.3910000 17.6843548
0.3920000 -1.3877981
0.3930000 21.4114666
0.3940000 27.5273323
0.3950000 3.7385988
0.3960000 -6.7164993
0.3970000 -55.8274155
0.3980000 -12.3018169
0.3990000 42.1178474
0.4000000 -14.2378864
0.4010000 -43.3830605
0.4020000 -15.6464996
0.4030000 -31.6916866
0.4040000 -10.6483889
0.4050000 -3.0389104
0.4060000 54.1095886
0.4070000 16.6436520
0.4080000 8.7213011
0.4090000 -7.7261472
0.4100000 -35.5800018
0.4110000 -55.6325569
0.4120000 11.0321102
0.4130000 -14.5567064
0.4140000 -21.0084057
0.4150000 11.7629042
0.4160000 -29.5361576
0.4170000 -20.4431629
0.4180000 88.0379944
0.4190000 -20.9408875
0.4200000 -17.0172729
0.4210000 -53.9482689
0.4220000 46.5021172
0.4230000 43.5552406
0.4240000 34.8104515
0.4250000 -19.4746037
0.4260000 12.2807741
0.4270000 -11.7468138
0.4280000 -5.4978213
0.4290000 -29.6633835
0.4300000 44.8043137
0.4310000 17.8037071
0.4320000 24.2828941
0.4330000 22.7569790
0.4340000 -32.8945122
0.4350000 -36.0134239
0.4360000 71.1764069
0.4370000 5.9968019
0.4380000 11.7854042
0.4390000 -54.9809189
0.4400000 1.5032548
0.4410000 -9.1954784
0.4420000 -15.7110443
0.4430000 -16.3747597
0.4440000 13.2066755
0.4450000 -28.0106297
0.4460000 5.8282309
0.4470000 26.9792995
0.4480000 27.8261433
0.4490000 6.9850459
0.4500000 31.3080482
0.4510000 -100.7014084
0.4520000 -9.3374195
0.4530000 -6.9749961
0.4540000 36.8953362
0.4550000 -78.6443787
0.4560000 87.7523499
0.4570000 8.0199604
0.4580000 -27.1102409
0.4590000 -19.7930984
0.4600000 3.8867788
0.4610000 3.0320604
0.4620000 -45.2736740
0.4630000 -66.5746078
0.4640000 -0.6725325
0.4650000 53.4913177
0.4660000 11.9385824
0.4670000 -59.6685257
0.4680000 -39.5113754
0.4690000 -11.7480564
0.4700000 -61.4621239
0.4710000 2.9660687
0.4720000 -37.3236923
0.4730000 -31.6040211
0.4740000 2.2602487
0.4750000 10.7784157
0.4760000 -29.5902042
0.4770000 -7.2481356
0.4780000 -6.4672561
0.4790000 -6.9703550
0.4800000 -72.9693909
0.4810000 -15.9747925
0.4820000 95.9881134
0.4830000 -37.2258682
0.4840000 41.8899841
0.4850000 -4.0572276
0.4860000 16.4669209
0.4870000 12.4766636
0.4880000 -30.9620819
0.4890000 -28.4813614
0.4900000 31.4389896
0.4910000 11.9589939
0.4920000 47.6525917
0.4930000 28.9608650
0.4940000 40.5362816
0.4950000 -13.7490330
0.4960000 -10.8747663
0.4970000 -27.2401752
0.4980000 16.6226921
0.4990000 27.4548702
0.5000000 30.4021511
0.5010000 -22.1531372
0.5020000 49.5569038
0.5030000 -22.8773422
0.5040000 17.5906811
0.5050000 10.8832417
0.5060000 -39.2166443
0.5070000 53.6888618
0.5080000 13.6038265
0.5090000 -56.4082680
0.5100000 -9.4386597
0.5110000 -14.9535446
0.5120000 -47.8934250
0.5130000 -42.5809174
0.5140000 37.1967964
0.5150000 -27.6356850
0.5160000 15.3302641
0.5170000 76.6753693
0.5180000 33.4086151
0.5190000 -8.9526711
0.5200000 -12.5402069
0.5210000 -9.7393951
0.5220000 -19.2889252
0.5230000 5.9118285
0.5240000 2.2199235
0.5250000 -2.9529176
0.5260000 -2.6702912
0.5270000 -6.0018473
0.5280000 11.4648561
0.5290000 23.5579205
0.5300000 -59.1327133
0.5310000 -30.7180271
0.5320000 40.0413551
0.5330000 -44.8708153
0.5340000 46.4850464
0.5350000 29.9670029
0.5360000 14.3626261
0.5370000 6.7174997
0.5380000 -1.9399171
0.5390000 5.9039102
0.5400000 -16.3613014
0.5410000 18.2376060
0.5420000 14.1930504
0.5430000 -86.4030304
0.5440000 -24.1371040
0.5450000 -12.3279648
0.5460000 44.7840233
0.5470000 13.1055088
0.5480000 8.2703409
0.5490000 38.8702621
0.5500000 27.8257160
0.5510000 53.9681931
0.5520000 -17.6508160
0.5530000 26.1016312
0.5540000 25.6942444
0.5550000 -19.2402020
0.5560000 -11.2478838
0.5570000 -3.5197079
0.5580000 9.1112986
0.5590000 -38.0369987
0.5600000 48.2903633
0.5610000 -36.9499283
0.5620000 -67.4683914
0.5630000 102.9600983
0.5640000 -2.1213789
0.5650000 -24.2637253
0.5660000 -43.8197021
0.5670000 -62.7419052
0.5680000 64.0363922
0.5690000 -98.4736176
0.5700000 -29.1623631
0.5710000 38.5457153
0.5720000 62.1879234
0.5730000 11.6153479
0.5740000 35.8588295
0.5750000 70.0097351
0.5760000 -18.5860443
0.5770000 50.5680885
0.5780000 47.4691811
0.5790000 19.1897259
0.5800000 43.1541023
0.5810000 37.2888947
0.5820000 -5.5954833
0.5830000 -25.6970310
0.5840000 5.8409948
0.5850000 -38.3591080
0.5860000 2.5878007
0.5870000 56.5482635
0.5880000 2.1721137
0.5890000 5.6063132
0.5900000 -27.9161186
0.5910000 3.9946098
0.5920000 8.2768803
0.5930000 -41.0047188
0.5940000 23.9811745
0.5950000 11.8038015
0.5960000 -27.9061718
0.5970000 17.2280998
0.5980000 -7.4490232
0.5990000 42.3018532
0.6000000 30.4668655
0.6010000 54.3083801
0.6020000 65.6315613
0.6030000 7.7370968
0.6040000 0.3776675
0.6050000 31.0974045
0.6060000 27.6782722
0.6070000 -2.2959404
0.6080000 6.6943841
0.6090000 36.1521225
0.6100000 10.5716734
0.6110000 -54.4532890
0.6120000 12.2136745
0.6130000 -37.4916077
0.6140000 -14.9835348
0.6150000 -30.9852524
0.6160000 -32.4194794
0.6170000 4.2396641
0.6180000 3.0327470
0.6190000 -0.7226128
0.6200000 51.9773483
0.6210000 28.2524109
0.6220000 44.0279961
0.6230000 18.9721508
0.6240000 -71.4839020
0.6250000 -8.9757795
0.6260000 3.8839328
0.6270000 12.9057598
0.6280000 -1.7739924
0.6290000 -5.7491937
0.6300000 71.5223236
0.6310000 7.8780885
0.6320000 -30.9829788
0.6330000 21.6875076
0.6340000 41.7375870
0.6350000 16.5274601
0.6360000 -27.0770702
0.6370000 10.1071234
0.6380000 -21.8435440
0.6390000 51.3218765
0.6400000 -56.5756531
0.6410000 25.0799904
0.6420000 44.2958336
0.6430000 23.7733364
0.6440000 -1.0309230
0.6450000 7.5215249
0.6460000 -14.1218328
0.6470000 -18.8437805
0.6480000 51.6749954
0.6490000 5.1622839
0.6500000 -3.2533221
0.6510000 -55.0066605
0.6520000 5.9330444
0.6530000 -6.6196318
0.6540000 -68.4389343
0.6550000 -54.1962395
0.6560000 -77.6688385
0.6570000 0.1257376
0.6580000 43.1494675
0.6590000 -2.6172762
0.6600000 -61.0900764
0.6610000 15.1956301
0.6620000 -54.9807663
0.6630000 6.4667883
0.6640000 5.6849990
0.6650000 -27.3181801
0.6660000 12.1813784
0.6670000 -18.2101593
0.6680000 -7.1361017
0.6690000 6.9481082
0.6700000 4.1379771
0.6710000 2.2498820
0.6720000 -37.7301102
0.6730000 17.0873737
0.6740000 -53.2574615
0.6750000 -29.6341877
0.6760000 -40.3518791
0.6770000 -17.8245640
0.6780000 61.0315933
0.6790000 -28.1628265
0.6800000 -15.3872643
0.6810000 1.0293646
0.6820000 -18.0336533
0.6830000 40.3798409
0.6840000 27.0529461
0.6850000 15.7290487
0.6860000 4.8523054
0.6870000 19.6084881
0.6880000 -13.5183535
0.6890000 23.8176537
0.6900000 -19.0484982
0.6910000 24.1681728
0.6920000 -23.3434944
0.6930000 -22.5928421
0.6940000 -24.3435574
0.6950000 -35.5509491
0.6960000 4.5435357
0.6970000 50.5430107
0.6980000 42.7096291
0.6990000 -17.7084408
0.7000000 39.0969772
0.7010000 2.2322996
0.7020000 -26.1514702
0.7030000 26.5823116
0.7040000 22.5329552
0.7050000 15.7698441
0.7060000 57.8794899
0.7070000 36.3770027
0.7080000 27.9716434
0.7090000 -1.1737975
0.7100000 48.8553619
0.7110000 76.5857925
0.7120000 -0.5398159
0.7130000 5.6484361
0.7140000 26.0388756
0.7150000 54.9382172
0.7160000 -41.4409142
0.7170000 78.6656723
0.7180000 -22.0282917
0.7190000 -21.5125008
0.7200000 11.0668192
0.7210000 -1.3401374
0.7220000 -16.6260719
0.7230000 -58.7023621
0.7240000 -44.2596703
0.7250000 -46.4541016
0.7260000 -27.5371437
0.7270000 45.4181900
0.7280000 -7.7794948
0.7290000 -7.4699807
0.7300000 36.8673820
0.7310000 -13.9639263
0.7320000 -9.0998516
0.7330000 15.0863228
0.7340000 -35.6308632
0.7350000 34.4281921
0.7360000 7.9953990
0.7370000 -62.0422821
0.7380000 -9.6820641
0.7390000 -69.3324356
0.7400000 -23.5895824
0.7410000 47.0170097
0.7420000 14.5599079
0.7430000 106.8411484
0.7440000 -22.6393909
0.7450000 73.0560608
0.7460000 -32.5982742
0.7470000 28.9512939
0.7480000 27.7772217
0.7490000 -7.4097910
0.7500000 -57.5223274
0.7510000 -51.1589546
0.7520000 71.6014023
0.7530000 -60.0077095
0.7540000 45.6273232
0.7550000 32.3859482
0.7560000 -5.7318187
0.7570000 1.1246276
0.7580000 -49.5313873
0.7590000 7.2381101
0.7600000 10.0296364
0.7610000 -19.4773312
0.7620000 -51.9365273
0.7630000 -77.8291397
0.7640000 -42.4341240
0.7650000 -25.5919247
0.7660000 22.6402931
0.7670000 -31.8923569
0.7680000 -3.7503645
0.7690000 -65.6786423
0.7700000 54.5353966
0.7710000 51.8868408
0.7720000 -44.7761345
0.7730000 -3.5670326
0.7740000 -38.4642601
0.7750000 -88.1495514
0.7760000 34.6511459
0.7770000 16.1518631
0.7780000 4.1877141
0.7790000 -53.6211472
0.7800000 47.6129341
0.7810000 44.7194786
0.7820000 7.2205820
0.7830000 36.1272545
0.7840000 19.9424992
0.7850000 -37.9638901
0.7860000 -79.0344391
0.7870000 61.4854012
0.7880000 16.7365513
0.7890000 -11.9764605
0.7900000 -41.1166801
0.7910000 -17.5677319
0.7920000 -19.6134720
0.7930000 82.5051880
0.7940000 53.4191513
0.7950000 -43.7889557
0.7960000 31.6424961
0.7970000 -11.4525671
0.7980000 28.2786350
0.7990000 -65.1485062
0.8000000 -17.2024536
0.8010000 19.3254776
0.8020000 14.5609875
0.8030000 60.7407570
0.8040000 5.3045483
0.8050000 -3.0960040
0.8060000 -3.1939437
0.8070000 24.4462395
0.8080000 29.7416477
0.8090000 35.1963539
0.8100000 74.3027191
0.8110000 -57.6214714
0.8120000 41.5126495
0.8130000 20.7395592
0.8140000 48.7492714
0.8150000 44.9343071
0.8160000 39.0808716
0.8170000 -27.6133251
0.8180000 -17.9024372
0.8190000 -11.5701828
0.8200000 -18.1055412
0.8210000 -6.0615244
0.8220000 -48.9234390
0.8230000 8.0963526
0.8240000 -20.2843533
0.8250000 -22.4262142
0.8260000 9.6406298
0.8270000 -79.6870499
0.8280000 -3.5880020
0.8290000 -58.1013908
0.8300000 34.1295929
0.8310000 -45.2488251
0.8320000 -5.2011757
0.8330000 10.6789169
0.8340000 -19.7954082
0.8350000 10.3831253
0.8360000 -33.1734619
0.8370000 -42.1363068
0.8380000 -11.6165771
0.8390000 -34.3665771
0.8400000 4.9053245
0.8410000 2.2995121
0.8420000 -70.2236252
0.8430000 -4.6217608
0.8440000 -61.7593422
0.8450000 -8.6016111
0.8460000 -5.4735589
0.8470000 -67.4026489
0.8480000 34.2140007
0.8490000 -24.6827469
0.8500000 58.0329971
0.8510000 -17.2330284
0.8520000 -3.3239133
0.8530000 -12.8236361
0.8540000 15.6077738
0.8550000 -9.6386700
0.8560000 121.7486115
0.8570000 -26.6785984
0.8580000 33.5254593
0.8590000 35.3028679
0.8600000 -31.7967148
0.8610000 -4.3878317
0.8620000 -76.9728241
0.8630000 -1.7905613
0.8640000 63.3989983
0.8650000 27.6216049
0.8660000 51.5272255
0.8670000 -9.0669394
0.8680000 19.1644726
0.8690000 27.5618114
0.8700000 4.9842372
0.8710000 -11.4509315
0.8720000 -33.5226364
0.8730000 41.6491890
0.8740000 5.4479928
0.8750000 -142.3782959
0.8760000 -28.3786106
0.8770000 -7.3584137
0.8780000 17.1950359
0.8790000 20.2719727
0.8800000 -2.1397223
0.8810000 -41.2613144
0.8820000 -12.7206526
0.8830000 12.7064276
0.8840000 -18.9948597
0.8850000 8.9582891
0.8860000 14.6068850
0.8870000 30.9042187
0.8880000 -26.9506893
0.8890000 24.1338177
0.8900000 -11.0488091
0.8910000 -28.2521439
0.8920000 -8.5119591
0.8930000 38.7135506
0.8940000 79.4550400
0.8950000 43.5353737
0.8960000 32.6661453
0.8970000 28.9372196
0.8980000 -31.8726616
0.8990000 -12.8597965
0.9000000 -15.6293125
0.9010000 20.8933678
0.9020000 16.1597805
0.9030000 2.7152617
0.9040000 -62.3749733
0.9050000 -5.1552815
0.9060000 -30.2230186
0.9070000 -19.3213634
0.9080000 4.4653454
0.9090000 -30.6995411
0.9100000 47.8514404
0.9110000 6.1093388
0.9120000 -42.7627831
0.9130000 58.3758659
0.9140000 33.5538750
0.9150000 -22.0828857
0.9160000 -12.1187868
0.9170000 -47.1310654
0.9180000 11.0181446
0.9190000 7.3738370
0.9200000 6.6391335
0.9210000 46.6000595
0.9220000 50.5499229
0.9230000 6.9188800
0.9240000 96.8088684
0.9250000 16.2905483
0.9260000 13.6852684
0.9270000 29.6046886
0.9280000 34.2311745
0.9290000 -30.5696297
0.9300000 -54.9721985
0.9310000 29.2076626
0.9320000 -30.9743061
0.9330000 -0.3095578
0.9340000 24.2904263
0.9350000 63.8016319
0.9360000 37.5770874
0.9370000 -40.9673004
0.9380000 -6.4502053
0.9390000 -12.1145916
0.9400000 -20.7589664
0.9410000 -19.5840969
0.9420000 -6.8823371
0.9430000 26.3231220
0.9440000 -40.4559631
0.9450000 81.1553497
0.9460000 -0.8115412
0.9470000 36.8835068
0.9480000 16.5992069
0.9490000 71.0287094
0.9500000 5.9598494
0.9510000 32.1429367
0.9520000 -22.9535255
0.9530000 27.0474186
0.9540000 -70.9541092
0.9550000 52.7848930
0.9560000 -19.4673405
0.9570000 17.5423260
0.9580000 46.0347404
0.9590000 32.1940231
0.9600000 62.7837563
0.9610000 -59.8301544
0.9620000 -52.8651810
0.9630000 0.5423723
0.9640000 7.9113770
0.9650000 -30.9444485
0.9660000 6.9229403
0.9670000 17.2189369
0.9680000 19.4881306
0.9690000 -5.6414666
0.9700000 0.8930054
0.9710000 66.6636276
0.9720000 -51.1015129
0.9730000 -2.0801396
0.9740000 50.0047989
0.9750000 11.9291201
0.9760000 -8.6997938
0.9770000 18.4510574
0.9780000 -63.7753487
0.9790000 19.1632824
0.9800000 -81.2700729
0.9810000 -16.9913101
0.9820000 0.4166461
0.9830000 51.2020912
0.9840000 22.0033913
0.9850000 -10.4585314
0.9860000 24.3678093
0.9870000 26.7761497
0.9880000 -54.0869217
0.9890000 12.2626038
0.9900000 -92.2132645
0.9910000 3.6822670
0.9920000 37.5148811
0.9930000 -34.2288666
0.9940000 -48.0666046
0.9950000 28.8794518
0.9960000 -71.1618805
0.9970000 -15.0663853
0.9980000 -51.1793976
0.9990000 -5.7432809
