0.0000000 18.7592163
0.0010000 24.8312054
0.0020000 2.6664610
0.0030000 99.2482681
0.0040000 -5.8089046
0.0050000 -35.0432892
0.0060000 19.3154163
0.0070000 -29.9717693
0.0080000 32.8315620
0.0090000 7.1515532
0.0100000 9.7650547
0.0110000 -45.6242714
0.0120000 -35.1919136
0.0130000 -28.6343632
0.0140000 60.4837685
0.0150000 -36.9287682
0.0160000 -24.7326393
0.0170000 -1.9056374
0.0180000 -15.7611341
0.0190000 -34.0891724
0.0200000 66.3870544
0.0210000 47.5660362
0.0220000 26.7888622
0.0230000 13.0014000
0.0240000 7.1348734
0.0250000 4.4521713
0.0260000 6.4655652
0.0270000 -22.0182247
0.0280000 -17.1026516
0.0290000 -34.4080429
0.0300000 78.2989197
0.0310000 13.7336283
0.0320000 -21.9267845
0.0330000 11.6838236
0.0340000 35.1306686
0.0350000 -22.1792622
0.0360000 -49.7688408
0.0370000 19.0429344
0.0380000 2.4721441
0.0390000 -12.6474848
0.0400000 -5.0379367
0.0410000 35.4609489
0.0420000 16.1554985
0.0430000 22.5195217
0.0440000 -35.2362633
0.0450000 20.2127018
0.0460000 40.4121552
0.0470000 -36.5398026
0.0480000 -8.3082886
0.0490000 2.0835848
0.0500000 4.9282446
0.0510000 17.6699257
0.0520000 -40.8690414
0.0530000 17.1506557
0.0540000 28.5846691
0.0550000 14.7100172
0.0560000 28.4390717
0.0570000 16.3814888
0.0580000 63.1288795
0.0590000 -48.0933876
0.0600000 -18.9856873
0.0610000 -22.9056263
0.0620000 -30.8490868
0.0630000 6.6712799
0.0640000 17.7426128
0.0650000 -35.0913239
0.0660000 30.9910355
0.0670000 46.0718422
0.0680000 -32.9634552
0.0690000 -1.4478245
0.0700000 41.4654579
0.0710000 5.6235895
0.0720000 -6.0085354
0.0730000 8.5998640
0.0740000 -4.5913405
0.0750000 12.1485167
0.0760000 -20.9375877
0.0770000 -50.4591904
0.0780000 55.6443291
0.0790000 -40.0503082
0.0800000 -14.5959597
0.0810000 -33.0130653
0.0820000 -0.7588933
0.0830000 -12.2301388
0.0840000 -71.7491150
0.0850000 7.1038513
0.0860000 29.0925617
0.0870000 -14.4691935
0.0880000 -28.2135220
0.0890000 -37.7156258
0.0900000 12.3394852
0.0910000 -28.5550346
0.0920000 6.6079311
0.0930000 46.1348572
0.0940000 38.6892548
0.0950000 -50.7396889
0.0960000 -9.4908056
0.0970000 6.2560301
0.0980000 -8.6421490
0.0990000 -76.3038330
0.1000000 4.5625391
0.1010000 25.4005985
0.1020000 -10.8385372
0.1030000 49.3733711
0.1040000 -24.4725628
0.1050000 -52.0336075
0.1060000 -20.6326752
0.1070000 7.6674647
0.1080000 83.0435333
0.1090000 -46.7618446
0.1100000 3.0384870
0.1110000 -38.9043579
0.1120000 32.8584404
0.1130000 -9.7729454
0.1140000 32.1351738
0.1150000 -61.4387474
0.1160000 10.0213776
0.1170000 36.3669090
0.1180000 -10.9632130
0.1190000 3.3807483
0.1200000 21.3786488
0.1210000 -68.4419403
0.1220000 23.6885395
0.1230000 20.9705391
0.1240000 4.4130306
0.1250000 21.9410782
0.1260000 -6.6056294
0.1270000 -8.3625402
0.1280000 -20.3498211
0.1290000 -25.0737381
0.1300000 10.1273880
0.1310000 75.8922577
0.1320000 -11.4522696
0.1330000 8.0172386
0.1340000 8.1086760
0.1350000 20.1012783
0.1360000 -78.5921097
0.1370000 76.1949387
0.1380000 18.4674091
0.1390000 -4.1438746
0.1400000 21.9175949
0.1410000 -10.0035019
0.1420000 39.4174767
0.1430000 -0.9892573
0.1440000 36.5634689
0.1450000 10.8992243
0.1460000 12.6511612
0.1470000 28.6723480
0.1480000 19.0917091
0.1490000 -46.7831535
0.1500000 -38.8194580
0.1510000 36.8584175
0.1520000 -27.9820576
0.1530000 -51.7462425
0.1540000 -8.7375755
0.1550000 -37.2694321
0.1560000 49.7570992
0.1570000 -48.1710014
0.1580000 10.6154346
0.1590000 -64.6603622
0.1600000 -15.4002924
0.1610000 9.6849585
0.1620000 30.0635757
0.1630000 43.7933502
0.1640000 -10.4019060
0.1650000 -19.6407280
0.1660000 1.1088827
0.1670000 33.9404144
0.1680000 70.5151901
0.1690000 -12.8784008
0.1700000 -89.1300659
0.1710000 41.1473885
0.1720000 -42.5002747
0.1730000 -32.4830513
0.1740000 -69.8630447
0.1750000 35.1219978
0.1760000 -34.5142555
0.1770000 -7.0326400
0.1780000 -1.4079249
0.1790000 -18.8256378
0.1800000 18.9907608
0.1810000 -46.7421074
0.1820000 -1.6694698
0.1830000 3.3980465
0.1840000 11.9573088
0.1850000 28.7539253
0.1860000 21.5042229
0.1870000 17.9807606
0.1880000 -34.3597755
0.1890000 64.0239639
0.1900000 15.2880068
0.1910000 -16.6550770
0.1920000 8.4886284
0.1930000 27.0543900
0.1940000 74.7413025
0.1950000 -85.0146332
0.1960000 12.8647623
0.1970000 -8.4696226
0.1980000 31.2494144
0.1990000 -11.3969412
0.2000000 -1.4869896
0.2010000 18.4557056
0.2020000 -24.3438702
0.2030000 -41.4235458
0.2040000 -64.2440948
0.2050000 -40.2745514
0.2060000 -5.7503719
0.2070000 -37.2345161
0.2080000 -10.1864052
0.2090000 36.6966934
0.2100000 -6.9329677
0.2110000 59.7680702
0.2120000 -19.1399097
0.2130000 23.0641441
0.2140000 -11.4791536
0.2150000 -43.5977440
0.2160000 23.1618195
0.2170000 52.0810547
0.2180000 8.5682564
0.2190000 -17.6568375
0.2200000 -49.2144775
0.2210000 55.4249229
0.2220000 -11.5831385
0.2230000 42.5076332
0.2240000 37.9046860
0.2250000 -3.7319572
0.2260000 2.4554577
0.2270000 -15.9661102
0.2280000 -50.1180573
0.2290000 37.2114754
0.2300000 -7.5276194
0.2310000 41.7023582
0.2320000 -57.2341614
0.2330000 -12.4421883
0.2340000 -48.3462906
0.2350000 47.5047455
0.2360000 -48.4562607
0.2370000 -38.3599205
0.2380000 -20.2091770
0.2390000 -68.3050232
0.2400000 50.9109726
0.2410000 -18.9583035
0.2420000 68.4039459
0.2430000 24.6662712
0.2440000 35.4075089
0.2450000 -31.3668308
0.2460000 9.4718914
0.2470000 65.3642120
0.2480000 -14.9090528
0.2490000 -4.9896598
0.2500000 -37.5251312
0.2510000 6.7402396
0.2520000 -8.7683296
0.2530000 1.1564211
0.2540000 -38.0141411
0.2550000 30.5633488
0.2560000 -53.5373917
0.2570000 -47.4073601
0.2580000 23.1214619
0.2590000 -70.6413345
0.2600000 56.9777527
0.2610000 -29.1783524
0.2620000 22.2533436
0.2630000 29.8059521
0.2640000 12.4491367
0.2650000 34.6534843
0.2660000 -23.3143024
0.2670000 -10.9463243
0.2680000 -23.8493614
0.2690000 -12.5181732
0.2700000 27.6926003
0.2710000 0.9081330
0.2720000 37.7105331
0.2730000 -3.4859929
0.2740000 -8.8660498
0.2750000 5.4674792
0.2760000 -12.5655890
0.2770000 -4.7691369
0.2780000 33.8026581
0.2790000 30.1132755
0.2800000 33.2815819
0.2810000 67.6317978
0.2820000 -27.7381763
0.2830000 0.5896331
0.2840000 -35.8192787
0.2850000 29.1099186
0.2860000 4.0549574
0.2870000 -19.4568977
0.2880000 -24.5477924
0.2890000 -18.4447937
0.2900000 -1.3661361
0.2910000 -65.9614182
0.2920000 26.4068718
0.2930000 -8.5367031
0.2940000 -23.8341713
0.2950000 79.3752289
0.2960000 5.8052297
0.2970000 71.7098694
0.2980000 12.7621861
0.2990000 -1.4645853
0.3000000 -8.7921057
0.3010000 12.2172852
0.3020000 -35.3301888
0.3030000 34.6688538
0.3040000 0.9540635
0.3050000 -58.4821281
0.3060000 8.6006956
0.3070000 -59.4088058
0.3080000 109.5005951
0.3090000 -8.9735985
0.3100000 8.0877075
0.3110000 44.2596550
0.3120000 -1.9497287
0.3130000 20.8926392
0.3140000 7.9863100
0.3150000 11.6907291
0.3160000 50.8350410
0.3170000 27.4523907
0.3180000 11.9363718
0.3190000 33.3855553
0.3200000 -67.1016235
0.3210000 -34.2059593
0.3220000 10.4647884
0.3230000 -47.4195557
0.3240000 -37.9070053
0.3250000 13.6559668
0.3260000 23.5991306
0.3270000 -50.6230812
0.3280000 -104.0455246
0.3290000 43.9717636
0.3300000 6.4567237
0.3310000 -15.1330633
0.3320000 28.2102432
0.3330000 -3.8675554
0.3340000 -2.3680179
0.3350000 0.9649624
0.3360000 -52.3127632
0.3370000 -115.4343109
0.3380000 39.6710472
0.3390000 -24.3309860
0.3400000 -37.1152039
0.3410000 -7.2372475
0.3420000 46.1316681
0.3430000 41.4715462
0.3440000 22.6063251
0.3450000 -17.6946354
0.3460000 22.6994858
0.3470000 -23.3126297
0.3480000 24.7538757
0.3490000 -79.1926346
0.3500000 -19.5596161
0.3510000 -27.7696705
0.3520000 27.7963390
0.3530000 33.6563225
0.3540000 -63.8398933
0.3550000 -19.9627399
0.3560000 72.0850220
0.3570000 -22.3550034
0.3580000 -41.4211044
0.3590000 -8.0759201
0.3600000 31.8983841
0.3610000 58.5004005
0.3620000 -25.0286636
0.3630000 63.5733795
0.3640000 -39.0316582
0.3650000 -22.7271690
0.3660000 22.6606064
0.3670000 52.4433517
0.3680000 1.2504827
0.3690000 -13.3183031
0.3700000 34.2094955
0.3710000 32.4009094
0.3720000 -17.1457443
0.3730000 -12.3809338
0.3740000 -3.0026269
0.3750000 42.4402542
0.3760000 -37.4046555
0.3770000 14.8756752
0.3780000 22.7928429
0.3790000 -9.9847593
0.3800000 -20.0977459
0.3810000 19.5940838
0.3820000 14.2342625
0.3830000 19.1421032
0.3840000 -55.3300858
0.3850000 -27.9290466
0.3860000 0.1735728
0.3870000 0.1007792
0.3880000 -67.7360382
0.3890000 -9.6930408
0.3900000 -32.1730232
0.3910000 35.9505615
0.3920000 -1.9852312
0.3930000 -22.0697994
0.3940000 39.3018227
0.3950000 56.8181076
0.3960000 -46.5464134
0.3970000 -20.7016068
0.3980000 3.4004927
0.3990000 22.9364834
0.4000000 -48.2782097
0.4010000 21.4427872
0.4020000 -5.7531409
0.4030000 7.9556980
0.4040000 -5.8613324
0.4050000 -7.2924056
0.4060000 11.7252178
0.4070000 -1.5884972
0.4080000 55.7834778
0.4090000 -1.2912780
0.4100000 0.3609229
0.4110000 -22.2525730
0.4120000 -21.3531952
0.4130000 -13.3195076
0.4140000 39.6477432
0.4150000 11.2483797
0.4160000 -62.3862114
0.4170000 -24.7358017
0.4180000 45.2704544
0.4190000 14.2356176
0.4200000 43.7656479
0.4210000 10.9573021
0.4220000 -38.2373810
0.4230000 6.5087113
0.4240000 15.6664915
0.4250000 43.3818893
0.4260000 20.6833572
0.4270000 35.0020485
0.4280000 -54.6131592
0.4290000 -19.2006073
0.4300000 -28.3067856
0.4310000 40.5472794
0.4320000 8.2760725
0.4330000 21.8630638
0.4340000 -2.7417150
0.4350000 47.2706375
0.4360000 -47.6199570
0.4370000 3.3411663
0.4380000 40.5424805
0.4390000 16.3467693
0.4400000 7.5797510
0.4410000 19.9552212
0.4420000 7.2303128
0.4430000 17.5805798
0.4440000 97.7836533
0.4450000 24.6935196
0.4460000 -49.0830574
0.4470000 -1.2100592
0.4480000 60.1520576
0.4490000 57.7450905
0.4500000 58.2724304
0.4510000 -11.7023163
0.4520000 50.9515800
0.4530000 21.6505070
0.4540000 -33.0383835
0.4550000 18.1426983
0.4560000 28.4001427
0.4570000 9.7425976
0.4580000 -24.8202610
0.4590000 54.5490150
0.4600000 33.5839920
0.4610000 23.8729706
0.4620000 -16.3162117
0.4630000 5.5212994
0.4640000 1.0407279
0.4650000 -20.8978882
0.4660000 -56.5749626
0.4670000 32.3031540
0.4680000 18.6625595
0.4690000 25.8192806
0.4700000 -15.1179810
0.4710000 72.8084564
0.4720000 21.1097546
0.4730000 31.4082642
0.4740000 36.2145653
0.4750000 -36.4009590
0.4760000 10.7702494
0.4770000 3.1849940
0.4780000 54.2354279
0.4790000 -24.4422264
0.4800000 8.9474506
0.4810000 16.0264511
0.4820000 -9.1520138
0.4830000 39.2747917
0.4840000 -11.5106964
0.4850000 -21.5993252
0.4860000 -81.5479736
0.4870000 -35.6622353
0.4880000 22.0288563
0.4890000 -9.0433340
0.4900000 20.9902992
0.4910000 4.1211843
0.4920000 -20.4851723
0.4930000 -9.3375988
0.4940000 22.1220646
0.4950000 -29.5670433
0.4960000 9.2821903
0.4970000 21.0266876
0.4980000 61.9442596
0.4990000 -48.7396851
0.5000000 16.0871239
0.5010000 7.5656738
0.5020000 49.6300468
0.5030000 -56.6860123
0.5040000 4.6300936
0.5050000 3.4607725
0.5060000 27.5991631
0.5070000 -52.8067284
0.5080000 2.3561006
0.5090000 -5.0466862
0.5100000 18.8126659
0.5110000 29.9799385
0.5120000 5.6688414
0.5130000 15.7804403
0.5140000 59.4062691
0.5150000 1.0564911
0.5160000 25.5376911
0.5170000 -31.5156384
0.5180000 -49.7618332
0.5190000 48.7538795
0.5200000 -39.6608009
0.5210000 -22.0567093
0.5220000 74.0332794
0.5230000 -5.8949461
0.5240000 31.4547787
0.5250000 40.0480614
0.5260000 -15.7584133
0.5270000 -27.6421623
0.5280000 12.6470366
0.5290000 -65.6776581
0.5300000 13.2044849
0.5310000 51.5625191
0.5320000 -22.4367142
0.5330000 21.8532429
0.5340000 104.3365479
0.5350000 -20.4417515
0.5360000 28.2695923
0.5370000 -14.4690132
0.5380000 4.1727452
0.5390000 15.0290203
0.5400000 -6.2836809
0.5410000 -22.5842514
0.5420000 6.8815622
0.5430000 14.4914951
0.5440000 -27.7402096
0.5450000 6.6241298
0.5460000 63.5934677
0.5470000 -5.9100909
0.5480000 -39.4571495
0.5490000 4.5773225
0.5500000 27.0837021
0.5510000 -11.1518135
0.5520000 -21.4720917
0.5530000 13.8894691
0.5540000 -13.6166029
0.5550000 -35.7142944
0.5560000 -63.7520523
0.5570000 6.5381136
0.5580000 6.1522541
0.5590000 31.5628014
0.5600000 -1.5876319
0.5610000 35.6127434
0.5620000 24.8455868
0.5630000 20.9084492
0.5640000 31.7139320
0.5650000 -10.8043203
0.5660000 1.8186864
0.5670000 1.8180313
0.5680000 34.7618027
0.5690000 18.6595154
0.5700000 20.2262917
0.5710000 -15.4576969
0.5720000 -17.7638626
0.5730000 49.4405899
0.5740000 -8.8176928
0.5750000 15.6636915
0.5760000 -28.2520313
0.5770000 -54.7435265
0.5780000 -21.9155674
0.5790000 -5.5724058
0.5800000 13.8444729
0.5810000 -47.3568954
0.5820000 -32.8244324
0.5830000 17.6742744
0.5840000 22.7122250
0.5850000 71.7402573
0.5860000 33.3632431
0.5870000 35.2544022
0.5880000 -38.8347206
0.5890000 72.7364883
0.5900000 83.9386292
0.5910000 -25.2114391
0.5920000 19.2225304
0.5930000 -20.7973671
0.5940000 25.3097725
0.5950000 53.7785873
0.5960000 26.1094036
0.5970000 -6.9279737
0.5980000 4.2913461
0.5990000 -9.7411184
0.6000000 12.2690964
0.6010000 62.3310661
0.6020000 -20.2457924
0.6030000 -17.3995800
0.6040000 88.1070328
0.6050000 -51.8077202
0.6060000 49.8664894
0.6070000 -43.3203621
0.6080000 -5.8922796
0.6090000 41.8746910
0.6100000 3.2111814
0.6110000 -7.6187568
0.6120000 -10.9280310
0.6130000 27.2443619
0.6140000 50.7395096
0.6150000 37.4064713
0.6160000 -1.9084193
0.6170000 -18.2636681
0.6180000 4.9899211
0.6190000 -21.8948803
0.6200000 70.9679184
0.6210000 -14.1329374
0.6220000 10.6350107
0.6230000 -24.8090401
0.6240000 26.6321812
0.6250000 15.0812397
0.6260000 -19.6348000
0.6270000 67.0275116
0.6280000 -29.6469498
0.6290000 12.2442112
0.6300000 -13.7424479
0.6310000 -14.9129438
0.6320000 5.3705673
0.6330000 -49.7060814
0.6340000 23.3664570
0.6350000 -2.3942590
0.6360000 -3.8778641
0.6370000 4.8283987
0.6380000 40.7152443
0.6390000 24.1717758
0.6400000 18.5367794
0.6410000 34.3878212
0.6420000 14.9377241
0.6430000 15.8899641
0.6440000 -47.6434631
0.6450000 -25.1581688
0.6460000 -17.1262550
0.6470000 -4.0200229
0.6480000 -11.1415634
0.6490000 -36.3401833
0.6500000 43.0860634
0.6510000 3.3805535
0.6520000 0.1294766
0.6530000 10.2634020
0.6540000 -7.5258231
0.6550000 2.8923233
0.6560000 1.2667952
0.6570000 -1.7535837
0.6580000 45.9679527
0.6590000 23.2017860
0.6600000 -45.2891922
0.6610000 54.0054550
0.6620000 -2.2877467
0.6630000 -28.3969460
0.6640000 16.9465160
0.6650000 67.6732330
0.6660000 -35.9251442
0.6670000 20.1159611
0.6680000 8.4723635
0.6690000 4.1423774
0.6700000 -1.9483720
0.6710000 -24.9699669
0.6720000 15.6892090
0.6730000 5.2404294
0.6740000 -16.3559608
0.6750000 57.9489632
0.6760000 3.3867891
0.6770000 -19.1441154
0.6780000 -9.0341272
0.6790000 0.9418444
0.6800000 -18.6491318
0.6810000 -10.0213070
0.6820000 25.3932762
0.6830000 -8.8172874
0.6840000 34.2112961
0.6850000 -33.5650444
0.6860000 70.4543304
0.6870000 -52.9319992
0.6880000 -58.3145752
0.6890000 12.8114738
0.6900000 9.3915482
0.6910000 -3.6466568
0.6920000 -54.8982964
0.6930000 8.8365993
0.6940000 -41.8047218
0.6950000 -39.3828163
0.6960000 -18.7992668
0.6970000 20.3830070
0.6980000 -19.5710068
0.6990000 72.7961884
0.7000000 5.9263639
0.7010000 -51.0314865
0.7020000 -6.9876432
0.7030000 29.8548737
0.7040000 48.0296059
0.7050000 15.5884380
0.7060000 3.9803114
0.7070000 1.0857674
0.7080000 36.6827888
0.7090000 -4.8613849
0.7100000 35.4071388
0.7110000 47.3791924
0.7120000 41.0303383
0.7130000 23.3433819
0.7140000 18.1737804
0.7150000 -57.1281090
0.7160000 -9.2038155
0.7170000 7.7232699
0.7180000 10.8358774
0.7190000 -14.8224125
0.7200000 76.0247955
0.7210000 23.4858589
0.7220000 2.5783644
0.7230000 -39.1318588
0.7240000 21.5670280
0.7250000 22.8388443
0.7260000 -41.0410767
0.7270000 5.0428996
0.7280000 18.8281822
0.7290000 -48.1845245
0.7300000 -2.5669038
0.7310000 56.2184410
0.7320000 -7.0266161
0.7330000 -45.5575142
0.7340000 16.0731697
0.7350000 8.5770607
0.7360000 8.1115360
0.7370000 -22.8733158
0.7380000 18.9192753
0.7390000 -22.4736271
0.7400000 -40.4579697
0.7410000 -51.1435280
0.7420000 -14.2980547
0.7430000 -6.3385897
0.7440000 -6.5309854
0.7450000 -2.8149297
0.7460000 80.8839569
0.7470000 -4.0222664
0.7480000 -18.2083759
0.7490000 70.9398117
0.7500000 -22.1589947
0.7510000 13.9505634
0.7520000 -26.8180828
0.7530000 -8.1632557
0.7540000 12.0867653
0.7550000 -38.1866455
0.7560000 -18.0013103
0.7570000 19.1877117
0.7580000 -1.4726107
0.7590000 -47.9650421
0.7600000 -17.7810669
0.7610000 -22.1577377
0.7620000 -32.8009796
0.7630000 -2.1074240
0.7640000 -85.3906708
0.7650000 3.2746992
0.7660000 -30.0339222
0.7670000 -0.7983798
0.7680000 21.3823700
0.7690000 48.1295547
0.7700000 4.4437904
0.7710000 -75.4555054
0.7720000 25.1568813
0.7730000 16.6689663
0.7740000 -42.2762756
0.7750000 17.4935017
0.7760000 26.9022675
0.7770000 -27.3908024
0.7780000 12.8349876
0.7790000 46.3965797
0.7800000 -18.9648914
0.7810000 -32.1748276
0.7820000 40.5636368
0.7830000 -20.3781700
0.7840000 -11.5617170
0.7850000 54.7332573
0.7860000 4.8919392
0.7870000 5.2081647
0.7880000 2.1056044
0.7890000 3.4396753
0.7900000 19.7071152
0.7910000 32.8866692
0.7920000 -27.5094128
0.7930000 -24.7794361
0.7940000 53.0593910
0.7950000 -42.5430870
0.7960000 -5.0309043
0.7970000 -21.5867691
0.7980000 46.6234398
0.7990000 -18.9386063
0.8000000 13.9161329
0.8010000 -40.8585548
0.8020000 46.8019600
0.8030000 31.6859093
0.8040000 7.4771018
0.8050000 9.6505756
0.8060000 12.6381025
0.8070000 27.7318935
0.8080000 45.9580994
0.8090000 -45.7661209
0.8100000 -2.8722079
0.8110000 -30.7729568
0.8120000 5.7060280
0.8130000 -80.3726196
0.8140000 20.0645237
0.8150000 -29.0628471
0.8160000 49.3794594
0.8170000 -14.9563646
0.8180000 17.4404221
0.8190000 31.2662659
0.8200000 51.3091125
0.8210000 38.7680473
0.8220000 -0.5474926
0.8230000 21.2124557
0.8240000 30.8212395
0.8250000 -13.8419628
0.8260000 23.9317341
0.8270000 17.8506813
0.8280000 -13.1740770
0.8290000 -9.8974409
0.8300000 25.4369526
0.8310000 78.8143921
0.8320000 5.9403019
0.8330000 18.7517414
0.8340000 -95.3581619
0.8350000 51.6120148
0.8360000 14.2926416
0.8370000 -2.5727053
0.8380000 7.5692081
0.8390000 72.1625366
0.8400000 -6.7767310
0.8410000 11.9509859
0.8420000 -64.0932617
0.8430000 33.2596855
0.8440000 -12.9750385
0.8450000 47.3175201
0.8460000 -46.9932594
0.8470000 4.5213165
0.8480000 -50.4973412
0.8490000 -15.5081530
0.8500000 -3.5279849
0.8510000 45.5789566
0.8520000 25.4563313
0.8530000 -43.4808311
0.8540000 -4.6602316
0.8550000 -8.2046919
0.8560000 34.9358063
0.8570000 28.5680904
0.8580000 13.6931248
0.8590000 21.9438152
0.8600000 9.0581303
0.8610000 -23.1957855
0.8620000 -25.4375839
0.8630000 34.8548737
0.8640000 50.7579079
0.8650000 50.9216423
0.8660000 -7.0677061
0.8670000 -9.7001734
0.8680000 -8.3993015
0.8690000 31.7202454
0.8700000 8.2823257
0.8710000 -10.9410114
0.8720000 -28.7794018
0.8730000 5.8559771
0.8740000 22.7734680
0.8750000 1.9082212
0.8760000 -22.1917667
0.8770000 54.5339584
0.8780000 -24.4209843
0.8790000 4.3168669
0.8800000 -6.3342195
0.8810000 34.9839249
0.8820000 33.4600716
0.8830000 -7.4829240
0.8840000 -11.8121557
0.8850000 30.8561916
0.8860000 -55.4471359
0.8870000 86.4491196
0.8880000 -27.1779842
0.8890000 -41.8894272
0.8900000 -8.9555855
0.8910000 -38.9929504
0.8920000 -10.1066341
0.8930000 -13.0894012
0.8940000 -26.7202244
0.8950000 -27.6701889
0.8960000 -5.4471965
0.8970000 -6.2466221
0.8980000 3.8713112
0.8990000 77.1110840
0.9000000 -69.0757446
0.9010000 12.5889339
0.9020000 26.2585526
0.9030000 27.2665043
0.9040000 -41.3816566
0.9050000 24.0638828
0.9060000 45.2453384
0.9070000 52.9080696
0.9080000 -9.3029432
0.9090000 -39.6798744
0.9100000 66.9885941
0.9110000 9.6590481
0.9120000 37.9038277
0.9130000 85.4303131
0.9140000 5.2748709
0.9150000 -13.3940554
0.9160000 -15.7168741
0.9170000 17.1560001
0.9180000 -9.9233427
0.9190000 -23.5726414
0.9200000 22.9838390
0.9210000 8.1626806
0.9220000 49.6820297
0.9230000 13.7087030
0.9240000 27.6807594
0.9250000 19.5082970
0.9260000 -19.7567253
0.9270000 -33.7748566
0.9280000 14.3812590
0.9290000 -38.9014015
0.9300000 36.7924271
0.9310000 10.1926537
0.9320000 38.8302498
0.9330000 8.5785227
0.9340000 -10.3392916
0.9350000 21.2514076
0.9360000 42.1605682
0.9370000 10.1171999
0.9380000 -26.6797009
0.9390000 21.4717808
0.9400000 33.2373009
0.9410000 -29.2282963
0.9420000 48.8836708
0.9430000 20.9577103
0.9440000 13.5448465
0.9450000 51.1057167
0.9460000 21.6242580
0.9470000 27.9910412
0.9480000 42.2627563
0.9490000 29.2220573
0.9500000 -34.6003799
0.9510000 -11.4722481
0.9520000 -76.7720413
0.9530000 -2.3524668
0.9540000 -7.3299780
0.9550000 -45.6031494
0.9560000 14.6214571
0.9570000 63.2502632
0.9580000 -76.6791229
0.9590000 3.0326121
0.9600000 57.2536774
0.9610000 36.9515800
0.9620000 33.2014618
0.9630000 35.1468544
0.9640000 -25.0135250
0.9650000 -7.9146113
0.9660000 23.8207569
0.9670000 6.1992745
0.9680000 -11.3801107
0.9690000 33.4719849
0.9700000 11.3709154
0.9710000 -15.4026442
0.9720000 -22.9869156
0.9730000 64.9916840
0.9740000 14.6711025
0.9750000 13.8746586
0.9760000 43.0727196
0.9770000 -15.1640167
0.9780000 -16.7884579
0.9790000 -32.1199074
0.9800000 -52.8986359
0.9810000 3.3275840
0.9820000 52.8923187
0.9830000 -31.0231628
0.9840000 -0.2788635
0.9850000 4.6500540
0.9860000 -17.4887161
0.9870000 21.0105572
0.9880000 38.1553383
0.9890000 59.7440453
0.9900000 -28.7307110
0.9910000 -42.5868340
0.9920000 38.9844322
0.9930000 36.3901978
0.9940000 -26.8588390
0.9950000 64.6143799
0.9960000 -18.5496120
0.9970000 0.1949617
0.9980000 -8.8094368
0.9990000 23.0773525
