0.0000000 1.6709968
0.0010000 17.6027126
0.0020000 20.2927551
0.0030000 -48.4090462
0.0040000 62.2883949
0.0050000 74.0162888
0.0060000 17.1421776
0.0070000 22.1993809
0.0080000 -51.9892960
0.0090000 2.6435311
0.0100000 -9.5107679
0.0110000 -54.9574852
0.0120000 -20.4050312
0.0130000 51.1988525
0.0140000 -8.3129473
0.0150000 -12.9220514
0.0160000 7.3555746
0.0170000 32.6327019
0.0180000 11.7062578
0.0190000 -12.4751148
0.0200000 6.0433307
0.0210000 32.5836945
0.0220000 7.3139215
0.0230000 -85.0074005
0.0240000 -42.1920090
0.0250000 30.3891659
0.0260000 64.2886047
0.0270000 -11.7339048
0.0280000 -63.8337593
0.0290000 18.0858860
0.0300000 40.9122314
0.0310000 46.1446495
0.0320000 19.8615208
0.0330000 17.3808289
0.0340000 -11.1886940
0.0350000 -25.3764133
0.0360000 34.4466209
0.0370000 -9.3559046
0.0380000 23.4786339
0.0390000 0.6682220
0.0400000 55.9218788
0.0410000 -28.2353020
0.0420000 30.7497501
0.0430000 -24.5967655
0.0440000 48.1352196
0.0450000 -13.9471092
0.0460000 -4.3870101
0.0470000 -9.0872622
0.0480000 5.7277408
0.0490000 -4.3336926
0.0500000 3.7347078
0.0510000 -34.3760986
0.0520000 -10.0584688
0.0530000 -15.7323828
0.0540000 -7.6965871
0.0550000 5.4990711
0.0560000 -4.5341411
0.0570000 -1.2803853
0.0580000 35.6142311
0.0590000 28.6275463
0.0600000 -28.6389313
0.0610000 -31.3453541
0.0620000 -28.0182590
0.0630000 -28.5877247
0.0640000 -33.8434677
0.0650000 -8.0182219
0.0660000 -38.1036606
0.0670000 34.8124008
0.0680000 -47.3721733
0.0690000 2.0725663
0.0700000 -32.7004623
0.0710000 55.2234459
0.0720000 -37.4462242
0.0730000 -19.8844433
0.0740000 32.5388260
0.0750000 9.4342327
0.0760000 -23.3946838
0.0770000 -12.1481152
0.0780000 -32.3961105
0.0790000 -15.7850132
0.0800000 -75.0930099
0.0810000 8.7107038
0.0820000 -6.5590296
0.0830000 60.9633217
0.0840000 -81.7500992
0.0850000 15.4496069
0.0860000 -57.5721626
0.0870000 27.6309223
0.0880000 52.0453339
0.0890000 22.0123520
0.0900000 -33.8680954
0.0910000 -4.4179850
0.0920000 -20.6894264
0.0930000 -25.3012905
0.0940000 44.1258545
0.0950000 23.4112225
0.0960000 -0.6051347
0.0970000 -34.4485397
0.0980000 6.4682698
0.0990000 -10.8011208
0.1000000 -36.8101387
0.1010000 38.1225204
0.1020000 58.3505898
0.1030000 7.4757495
0.1040000 -21.5195656
0.1050000 17.4814377
0.1060000 55.9915810
0.1070000 28.4244709
0.1080000 30.8904285
0.1090000 -32.3561134
0.1100000 42.1262016
0.1110000 24.1812534
0.1120000 -14.0964928
0.1130000 -18.5884819
0.1140000 48.8657494
0.1150000 17.0651188
0.1160000 68.5674133
0.1170000 -7.5377145
0.1180000 28.2783222
0.1190000 -3.8328514
0.1200000 4.7836037
0.1210000 50.0868835
0.1220000 -64.5885086
0.1230000 -41.8442650
0.1240000 -26.4679585
0.1250000 49.4371338
0.1260000 29.3476105
0.1270000 1.9278215
0.1280000 -12.9948664
0.1290000 -51.2991829
0.1300000 20.3286343
0.1310000 -5.9688387
0.1320000 -1.2883494
0.1330000 -30.9110508
0.1340000 12.0710077
0.1350000 6.7731395
0.1360000 -8.9504023
0.1370000 7.3377619
0.1380000 -6.2224483
0.1390000 26.0247879
0.1400000 6.3730340
0.1410000 -4.4786205
0.1420000 1.4704442
0.1430000 51.4844322
0.1440000 63.9948654
0.1450000 7.2353458
0.1460000 -70.7521820
0.1470000 28.1836548
0.1480000 -20.4129581
0.1490000 -101.2494431
0.1500000 -14.3285761
0.1510000 25.1719990
0.1520000 -16.9866886
0.1530000 -5.4268193
0.1540000 -16.4231625
0.1550000 99.5856247
0.1560000 -7.1110187
0.1570000 -9.5923357
0.1580000 -66.4287109
0.1590000 -58.8999481
0.1600000 15.0534220
0.1610000 -54.0393181
0.1620000 7.3613024
0.1630000 31.3505573
0.1640000 17.4469967
0.1650000 -45.3250084
0.1660000 -5.0131330
0.1670000 13.1425638
0.1680000 45.1300545
0.1690000 -61.6639137
0.1700000 36.1222267
0.1710000 -24.9690456
0.1720000 15.1919155
0.1730000 -38.8241196
0.1740000 -10.1429367
0.1750000 -17.6384544
0.1760000 -29.7399826
0.1770000 -46.0807419
0.1780000 24.2402649
0.1790000 16.6242886
0.1800000 -47.7379799
0.1810000 53.0692291
0.1820000 -62.8127861
0.1830000 -86.3501740
0.1840000 -13.3421831
0.1850000 17.7875996
0.1860000 -49.5089455
0.1870000 -21.0208302
0.1880000 -7.2371240
0.1890000 -33.8443718
0.1900000 31.7824001
0.1910000 23.5864391
0.1920000 -15.7413244
0.1930000 15.1854954
0.1940000 40.9820900
0.1950000 1.0165037
0.1960000 -0.2039744
0.1970000 -58.7696342
0.1980000 -12.3442287
0.1990000 3.2022386
0.2000000 -14.2959881
0.2010000 5.4116278
0.2020000 0.9707721
0.2030000 -17.2277355
0.2040000 31.2788372
0.2050000 1.9286858
0.2060000 44.8426247
0.2070000 28.5112324
0.2080000 7.0724130
0.2090000 18.9486313
0.2100000 68.6861343
0.2110000 -30.1617222
0.2120000 -28.6878872
0.2130000 44.9388809
0.2140000 -0.9841020
0.2150000 -8.5950184
0.2160000 -25.2414818
0.2170000 -39.1822968
0.2180000 -20.6995811
0.2190000 -33.5146332
0.2200000 -11.8558111
0.2210000 66.7315674
0.2220000 9.8906689
0.2230000 8.4724665
0.2240000 -35.3640137
0.2250000 17.7629719
0.2260000 -32.4754639
0.2270000 -48.0342293
0.2280000 0.6176833
0.2290000 44.7979164
0.2300000 -4.2637038
0.2310000 23.9228554
0.2320000 44.3675537
0.2330000 -42.1189079
0.2340000 -12.2959471
0.2350000 18.5602474
0.2360000 -41.0316467
0.2370000 18.9005527
0.2380000 -27.1308365
0.2390000 -58.9021111
0.2400000 5.2316279
0.2410000 31.1488247
0.2420000 14.4898624
0.2430000 19.4341755
0.2440000 -28.4808826
0.2450000 -3.9142096
0.2460000 65.6609955
0.2470000 0.7027883
0.2480000 49.0029144
0.2490000 -68.7684402
0.2500000 34.2831345
0.2510000 13.6405993
0.2520000 43.6684570
0.2530000 -15.4724350
0.2540000 -4.5115380
0.2550000 39.7135811
0.2560000 -62.8460312
0.2570000 8.6988754
0.2580000 -76.0864334
0.2590000 -56.6595421
0.2600000 29.4071732
0.2610000 -15.1430674
0.2620000 -26.8879375
0.2630000 -1.5442189
0.2640000 -13.9408827
0.2650000 6.2827287
0.2660000 -38.3297272
0.2670000 9.3455362
0.2680000 -20.0820332
0.2690000 24.5889874
0.2700000 38.9856682
0.2710000 6.4701376
0.2720000 6.4927773
0.2730000 -17.7974758
0.2740000 -17.3944988
0.2750000 -13.0940514
0.2760000 22.3773537
0.2770000 -7.9649220
0.2780000 1.9796888
0.2790000 -20.5477047
0.2800000 -57.0052071
0.2810000 -30.6412621
0.2820000 -20.4228477
0.2830000 -24.5918388
0.2840000 19.3025379
0.2850000 39.5472527
0.2860000 23.6368599
0.2870000 -18.5463295
0.2880000 -1.7193627
0.2890000 44.6216049
0.2900000 24.4923363
0.2910000 42.1196518
0.2920000 2.3209858
0.2930000 -1.2226969
0.2940000 36.0067635
0.2950000 53.1218262
0.2960000 -45.0482674
0.2970000 27.4231987
0.2980000 38.9835968
0.2990000 27.4208622
0.3000000 -46.6114120
0.3010000 -64.0499115
0.3020000 0.0017922
0.3030000 -75.0168533
0.3040000 -19.4649563
0.3050000 19.9256821
0.3060000 -3.1689513
0.3070000 -32.4774666
0.3080000 13.0484962
0.3090000 -9.6139908
0.3100000 12.5467281
0.3110000 -57.1827087
0.3120000 -48.1329613
0.3130000 -25.0887814
0.3140000 29.0796452
0.3150000 -6.4056096
0.3160000 15.2741613
0.3170000 -43.2090569
0.3180000 35.0656281
0.3190000 26.0907516
0.3200000 14.3779173
0.3210000 44.9391174
0.3220000 30.6801682
0.3230000 37.1588974
0.3240000 31.9863930
0.3250000 -36.5207710
0.3260000 65.0752258
0.3270000 -54.1265793
0.3280000 -12.3932791
0.3290000 32.2566872
0.3300000 -6.0490155
0.3310000 19.1197720
0.3320000 -56.3385353
0.3330000 -23.3419571
0.3340000 29.7753849
0.3350000 -39.4327850
0.3360000 9.2977009
0.3370000 74.7084274
0.3380000 6.8713808
0.3390000 -5.8613291
0.3400000 -3.0839612
0.3410000 -59.7954750
0.3420000 24.7978096
0.3430000 -79.9333038
0.3440000 -4.5822005
0.3450000 -14.1868429
0.3460000 -73.0008392
0.3470000 -25.8685074
0.3480000 -0.5835013
0.3490000 16.0852261
0.3500000 23.3119602
0.3510000 61.2814445
0.3520000 -49.0070953
0.3530000 -47.2065926
0.3540000 12.0651865
0.3550000 -15.0372620
0.3560000 -9.6722336
0.3570000 29.3922329
0.3580000 4.1105647
0.3590000 8.0121689
0.3600000 -9.8687134
0.3610000 34.9149132
0.3620000 -36.5108185
0.3630000 -43.7972412
0.3640000 9.4666090
0.3650000 -34.7235718
0.3660000 -30.3967075
0.3670000 -48.0880623
0.3680000 -4.4056368
0.3690000 31.5743904
0.3700000 10.0459375
0.3710000 3.1523957
0.3720000 0.1666554
0.3730000 -43.0622482
0.3740000 10.2342844
0.3750000 43.4981728
0.3760000 -20.5705261
0.3770000 21.1426926
0.3780000 -48.0892372
0.3790000 -9.4967804
0.3800000 -30.3800621
0.3810000 14.0296535
0.3820000 9.9873686
0.3830000 -22.6954422
0.3840000 20.6297112
0.3850000 19.9507751
0.3860000 -25.9422626
0.3870000 41.0413513
0.3880000 -3.3992331
0.3890000 9.6539354
0.3900000 20.5298805
0.3910000 67.9438858
0.3920000 -2.4416199
0.3930000 -31.4642868
0.3940000 -33.4416122
0.3950000 -3.0157266
0.3960000 35.6788521
0.3970000 76.4465179
0.3980000 -83.7015915
0.3990000 -37.0421486
0.4000000 -45.1595993
0.4010000 -18.0629177
0.4020000 13.3997240
0.4030000 9.6461887
0.4040000 48.3263741
0.4050000 39.6313553
0.4060000 -26.3584213
0.4070000 -75.6606445
0.4080000 72.5713425
0.4090000 16.0661163
0.4100000 21.6547089
0.4110000 -19.9396191
0.4120000 11.3254185
0.4130000 -31.9813232
0.4140000 -35.0309410
0.4150000 -49.1883621
0.4160000 20.0558300
0.4170000 -9.6782722
0.4180000 -18.3387604
0.4190000 1.7757559
0.4200000 -21.1719131
0.4210000 7.5652781
0.4220000 8.2168369
0.4230000 58.3190918
0.4240000 17.6208973
0.4250000 58.2161026
0.4260000 -27.3159142
0.4270000 19.9525642
0.4280000 -22.9902592
0.4290000 13.1186008
0.4300000 27.1478825
0.4310000 22.6971703
0.4320000 20.9257355
0.4330000 12.5641394
0.4340000 36.5915909
0.4350000 5.5010524
0.4360000 -6.1392598
0.4370000 19.4688683
0.4380000 -40.8088417
0.4390000 -13.2411137
0.4400000 1.5877190
0.4410000 56.9590454
0.4420000 60.9971657
0.4430000 -3.7949595
0.4440000 45.5607185
0.4450000 6.8679676
0.4460000 12.5732632
0.4470000 16.1640549
0.4480000 14.7067680
0.4490000 -21.7948456
0.4500000 -36.8696785
0.4510000 -48.0764160
0.4520000 -18.5505810
0.4530000 -84.4304199
0.4540000 -5.2334709
0.4550000 -3.1268561
0.4560000 20.4534473
0.4570000 -63.2599220
0.4580000 -73.4277725
0.4590000 -7.2030001
0.4600000 -49.3526230
0.4610000 5.9661722
0.4620000 -3.2363126
0.4630000 31.7179623
0.4640000 1.3143378
0.4650000 -20.2905865
0.4660000 -32.6808357
0.4670000 -40.8432350
0.4680000 33.8057480
0.4690000 -15.1627350
0.4700000 2.4657137
0.4710000 -7.5764847
0.4720000 38.9001617
0.4730000 -78.0879898
0.4740000 13.6493340
0.4750000 17.6680050
0.4760000 63.1525230
0.4770000 -3.4805534
0.4780000 -4.7897601
0.4790000 1.8207520
0.4800000 -18.0151062
0.4810000 21.5181351
0.4820000 -51.5479889
0.4830000 -4.7092619
0.4840000 -56.4298363
0.4850000 -6.7181125
0.4860000 -47.0678101
0.4870000 -7.2701116
0.4880000 -28.5291500
0.4890000 -22.8198624
0.4900000 -54.9362183
0.4910000 33.3841400
0.4920000 -16.5088482
0.4930000 22.8913193
0.4940000 -45.4165154
0.4950000 97.3670502
0.4960000 -37.4743309
0.4970000 -7.6591468
0.4980000 36.6168289
0.4990000 -76.2888031
0.5000000 -38.3412323
0.5010000 5.8373480
0.5020000 -50.7770424
0.5030000 -39.8675156
0.5040000 -30.0621567
0.5050000 -7.9727693
0.5060000 -13.1682568
0.5070000 -13.1010361
0.5080000 -30.0994835
0.5090000 70.4274826
0.5100000 -52.4790459
0.5110000 10.8889818
0.5120000 36.8166656
0.5130000 -24.5284367
0.5140000 25.0354176
0.5150000 18.6445999
0.5160000 -1.4893668
0.5170000 -24.6784191
0.5180000 -14.8589010
0.5190000 17.1187439
0.5200000 17.0246563
0.5210000 14.5206938
0.5220000 53.6634598
0.5230000 40.5506516
0.5240000 0.7837794
0.5250000 13.3949299
0.5260000 -15.7907801
0.5270000 0.9219440
0.5280000 -4.2000127
0.5290000 8.4475746
0.5300000 -33.8841972
0.5310000 -14.5127897
0.5320000 6.0788708
0.5330000 -86.1990128
0.5340000 24.0206966
0.5350000 67.4590530
0.5360000 34.9722748
0.5370000 -6.4148173
0.5380000 -68.9073029
0.5390000 -22.9418793
0.5400000 -17.7902565
0.5410000 -5.8223691
0.5420000 -11.0324459
0.5430000 -31.8256683
0.5440000 -16.4216270
0.5450000 24.4086609
0.5460000 18.4320831
0.5470000 -33.8036041
0.5480000 -19.7526588
0.5490000 43.0717430
0.5500000 -37.5809402
0.5510000 15.4488621
0.5520000 -20.7145309
0.5530000 -22.1492500
0.5540000 -11.9375944
0.5550000 55.8180656
0.5560000 63.7733536
0.5570000 15.2295370
0.5580000 24.8679333
0.5590000 55.2109299
0.5600000 -42.1079216
0.5610000 38.1862259
0.5620000 16.9414940
0.5630000 -65.9212570
0.5640000 -8.0565929
0.5650000 -12.0143023
0.5660000 6.6657023
0.5670000 -58.0197906
0.5680000 39.4393997
0.5690000 -20.2705631
0.5700000 -4.3880897
0.5710000 -57.7934189
0.5720000 -5.5528898
0.5730000 -9.6813545
0.5740000 74.8297729
0.5750000 -12.8874912
0.5760000 32.1993179
0.5770000 -83.3810349
0.5780000 -29.4779549
0.5790000 35.1528587
0.5800000 -6.3174081
0.5810000 -112.8071442
0.5820000 -0.3926862
0.5830000 25.0579796
0.5840000 -6.4222164
0.5850000 -26.1285610
0.5860000 -41.8439140
0.5870000 -59.4510231
0.5880000 -92.3603134
0.5890000 21.3255005
0.5900000 -70.5971909
0.5910000 28.6552696
0.5920000 1.3756187
0.5930000 -3.3179550
0.5940000 -24.9748421
0.5950000 39.4170723
0.5960000 25.5990582
0.5970000 23.7745419
0.5980000 -24.8352833
0.5990000 -41.1088104
0.6000000 -43.8033104
0.6010000 44.8883476
0.6020000 4.0900464
0.6030000 99.6490784
0.6040000 22.2410011
0.6050000 47.4600906
0.6060000 32.4537354
0.6070000 -22.0001240
0.6080000 -27.7070351
0.6090000 50.9712906
0.6100000 16.6819057
0.6110000 -14.7735958
0.6120000 0.2546272
0.6130000 13.1818075
0.6140000 48.3528748
0.6150000 110.1270447
0.6160000 1.1505014
0.6170000 35.4039268
0.6180000 -10.1019650
0.6190000 8.7869759
0.6200000 21.3382702
0.6210000 5.1890707
0.6220000 22.6706276
0.6230000 30.1530933
0.6240000 51.8549385
0.6250000 28.7535133
0.6260000 63.8468018
0.6270000 6.6377697
0.6280000 -24.2474022
0.6290000 27.6148701
0.6300000 28.3942261
0.6310000 -1.7282701
0.6320000 12.0746098
0.6330000 -24.5260849
0.6340000 16.9508419
0.6350000 -51.4722862
0.6360000 -32.7770119
0.6370000 -11.1671934
0.6380000 -34.9974747
0.6390000 -19.9913387
0.6400000 -31.0890789
0.6410000 33.3838501
0.6420000 5.6142073
0.6430000 1.7977803
0.6440000 4.1066780
0.6450000 47.2804909
0.6460000 -29.5625973
0.6470000 -21.5851345
0.6480000 -32.9345665
0.6490000 18.1486702
0.6500000 -19.2631893
0.6510000 -15.2891521
0.6520000 -38.9517136
0.6530000 6.9729495
0.6540000 3.7063489
0.6550000 25.1896095
0.6560000 -51.0192719
0.6570000 -49.5402451
0.6580000 -66.1160202
0.6590000 45.8108101
0.6600000 -23.2503319
0.6610000 48.0030441
0.6620000 -34.2675858
0.6630000 -18.0836391
0.6640000 43.8486443
0.6650000 36.8929825
0.6660000 15.6743441
0.6670000 2.1764150
0.6680000 36.6174774
0.6690000 59.5482101
0.6700000 -5.2602301
0.6710000 -3.3158700
0.6720000 -22.2800179
0.6730000 -50.0376701
0.6740000 -11.3717527
0.6750000 -55.7760162
0.6760000 -56.0173187
0.6770000 -24.3453541
0.6780000 0.1182163
0.6790000 -8.3377028
0.6800000 -0.7453903
0.6810000 -100.7331772
0.6820000 10.7371683
0.6830000 33.6462555
0.6840000 -36.6034508
0.6850000 60.3792877
0.6860000 -7.3542223
0.6870000 19.8091908
0.6880000 -25.7980747
0.6890000 33.1572800
0.6900000 59.6064110
0.6910000 66.2020645
0.6920000 110.7254715
0.6930000 27.1826820
0.6940000 10.7151108
0.6950000 11.8468208
0.6960000 -22.7559986
0.6970000 15.2859859
0.6980000 -45.3667603
0.6990000 -2.8819380
0.7000000 -12.4251156
0.7010000 5.4749308
0.7020000 10.0913658
0.7030000 19.6326599
0.7040000 -49.9622650
0.7050000 -27.3081665
0.7060000 -5.0737553
0.7070000 -59.7462502
0.7080000 -63.7964745
0.7090000 -56.8155899
0.7100000 -11.8315268
0.7110000 10.7640715
0.7120000 -16.6074734
0.7130000 -32.7569160
0.7140000 1.3711547
0.7150000 -12.1446943
0.7160000 -9.5588617
0.7170000 28.8529797
0.7180000 -12.3854074
0.7190000 58.9439507
0.7200000 -38.2257843
0.7210000 19.6245575
0.7220000 -70.2742691
0.7230000 -29.4572792
0.7240000 -8.1294937
0.7250000 -28.4007778
0.7260000 -37.2682915
0.7270000 -23.3849392
0.7280000 18.2746449
0.7290000 -59.0392227
0.7300000 -10.7214136
0.7310000 -21.5908203
0.7320000 15.2617140
0.7330000 6.0522747
0.7340000 -6.7151012
0.7350000 4.6938443
0.7360000 15.7609520
0.7370000 18.5907021
0.7380000 -6.1113706
0.7390000 4.3310809
0.7400000 11.3642073
0.7410000 -59.2042160
0.7420000 16.9777927
0.7430000 -8.4591637
0.7440000 -34.5228691
0.7450000 -37.6015205
0.7460000 10.8507357
0.7470000 -6.9515009
0.7480000 3.0133550
0.7490000 -36.3378029
0.7500000 -24.4049568
0.7510000 2.7864256
0.7520000 -37.4372292
0.7530000 -4.9092011
0.7540000 2.2274978
0.7550000 11.0037050
0.7560000 34.2170486
0.7570000 64.7306824
0.7580000 29.0168648
0.7590000 47.7200050
0.7600000 -20.9369164
0.7610000 24.7636337
0.7620000 -6.8034925
0.7630000 -20.2958908
0.7640000 9.0130596
0.7650000 0.8566060
0.7660000 -23.6598854
0.7670000 1.1815782
0.7680000 3.9476018
0.7690000 28.7212830
0.7700000 -16.0678692
0.7710000 -19.4741268
0.7720000 -26.8110466
0.7730000 -59.8322678
0.7740000 22.3789425
0.7750000 -10.9489059
0.7760000 14.1395006
0.7770000 -27.7440205
0.7780000 -21.7310715
0.7790000 -83.6437683
0.7800000 -14.5179472
0.7810000 -18.9004536
0.7820000 -19.9193268
0.7830000 9.8728838
0.7840000 26.3887825
0.7850000 0.2944691
0.7860000 -20.3843651
0.7870000 -33.7825470
0.7880000 14.2778778
0.7890000 20.9118080
0.7900000 50.1495285
0.7910000 -15.4118099
0.7920000 -6.8686857
0.7930000 -52.5525551
0.7940000 37.0436821
0.7950000 29.5413227
0.7960000 -4.7695026
0.7970000 8.3361292
0.7980000 -31.7099648
0.7990000 -28.1113663
0.8000000 4.0736289
0.8010000 -14.7049732
0.8020000 -46.1781311
0.8030000 2.1406438
0.8040000 18.1854553
0.8050000 -72.2860870
0.8060000 42.9402237
0.8070000 67.8966751
0.8080000 64.1412964
0.8090000 -58.6634293
0.8100000 -15.4047260
0.8110000 -49.4601479
0.8120000 -43.5597878
0.8130000 28.6042366
0.8140000 12.0677071
0.8150000 54.8943863
0.8160000 32.3800812
0.8170000 35.9735374
0.8180000 -31.2102776
0.8190000 -41.8843536
0.8200000 -21.3486137
0.8210000 -14.6397104
0.8220000 -16.3414154
0.8230000 -40.1789055
0.8240000 7.2891984
0.8250000 50.5724144
0.8260000 23.4578552
0.8270000 55.4097519
0.8280000 -8.9458008
0.8290000 27.6223831
0.8300000 -81.2409363
0.8310000 8.0600891
0.8320000 45.6492310
0.8330000 16.5298367
0.8340000 44.5798073
0.8350000 -21.4845543
0.8360000 7.1004896
0.8370000 -14.4692888
0.8380000 -16.3720894
0.8390000 -57.7928085
0.8400000 27.8493519
0.8410000 -55.6999130
0.8420000 32.3958511
0.8430000 -9.7083960
0.8440000 43.7496071
0.8450000 -10.5708857
0.8460000 4.1975012
0.8470000 -30.5855770
0.8480000 -17.6310482
0.8490000 2.5286551
0.8500000 20.0073147
0.8510000 35.4920692
0.8520000 0.5828316
0.8530000 36.6329269
0.8540000 56.5293999
0.8550000 32.6770325
0.8560000 -2.7060030
0.8570000 -29.1035976
0.8580000 -17.0428829
0.8590000 12.4198895
0.8600000 27.0729961
0.8610000 20.8168125
0.8620000 11.5656548
0.8630000 -48.1267586
0.8640000 -24.2497368
0.8650000 -4.6493120
0.8660000 44.9612732
0.8670000 -60.9587440
0.8680000 -51.5173531
0.8690000 -5.3170667
0.8700000 -7.3821306
0.8710000 30.6442394
0.8720000 19.3278675
0.8730000 10.8827972
0.8740000 13.1117840
0.8750000 -42.1331787
0.8760000 19.2450466
0.8770000 16.1289902
0.8780000 43.9623604
0.8790000 -54.0306778
0.8800000 8.1043930
0.8810000 -29.4439354
0.8820000 21.0579319
0.8830000 39.0847702
0.8840000 45.7906265
0.8850000 -69.1189194
0.8860000 15.5040064
0.8870000 25.8501701
0.8880000 7.9070272
0.8890000 37.9549713
0.8900000 -55.9458160
0.8910000 -33.1998558
0.8920000 -41.8975182
0.8930000 61.9527397
0.8940000 18.0914001
0.8950000 -0.7359361
0.8960000 -30.1415195
0.8970000 5.3096070
0.8980000 6.2208819
0.8990000 -28.5859241
0.9000000 35.7391853
0.9010000 29.1569958
0.9020000 109.9625092
0.9030000 60.4164009
0.9040000 0.5516115
0.9050000 -11.0201550
0.9060000 23.9162045
0.9070000 15.2474747
0.9080000 18.5191174
0.9090000 9.8696213
0.9100000 -8.6656094
0.9110000 43.0950050
0.9120000 5.1121449
0.9130000 30.2310944
0.9140000 -33.6644287
0.9150000 5.1980700
0.9160000 -22.5251369
0.9170000 16.8120422
0.9180000 41.5675468
0.9190000 10.9286175
0.9200000 12.5329828
0.9210000 15.8008442
0.9220000 -20.0938148
0.9230000 12.6386309
0.9240000 27.5293064
0.9250000 7.9439449
0.9260000 -51.4711609
0.9270000 -40.1608124
0.9280000 -6.2816482
0.9290000 -40.9200020
0.9300000 -77.5562973
0.9310000 -50.2101250
0.9320000 -14.9259949
0.9330000 -42.7073402
0.9340000 -17.4764595
0.9350000 -10.5379038
0.9360000 -2.6894844
0.9370000 -19.3065243
0.9380000 69.7646713
0.9390000 -1.2696556
0.9400000 5.3716006
0.9410000 -59.6445045
0.9420000 -25.1864204
0.9430000 14.2030745
0.9440000 -15.9315996
0.9450000 12.7201948
0.9460000 33.7677460
0.9470000 -29.7379036
0.9480000 -12.8234663
0.9490000 -21.0953045
0.9500000 23.6853504
0.9510000 -29.1469822
0.9520000 19.4341660
0.9530000 21.7284622
0.9540000 -23.6439342
0.9550000 -31.8851566
0.9560000 -20.8351002
0.9570000 56.3799973
0.9580000 3.0616109
0.9590000 10.7938261
0.9600000 -28.2515640
0.9610000 -14.3131952
0.9620000 -89.0880508
0.9630000 48.2881813
0.9640000 -20.7796173
0.9650000 6.0718522
0.9660000 -41.1820259
0.9670000 7.8256216
0.9680000 -18.2099915
0.9690000 33.0904007
0.9700000 -15.4576159
0.9710000 -10.5243607
0.9720000 -66.8352737
0.9730000 -58.9095917
0.9740000 -18.8346844
0.9750000 4.1132827
0.9760000 -1.2367464
0.9770000 37.9179115
0.9780000 9.5681248
0.9790000 2.5953312
0.9800000 -10.4108467
0.9810000 22.1620312
0.9820000 43.7481956
0.9830000 91.0652161
0.9840000 46.6001663
0.9850000 1.9959791
0.9860000 -12.7894316
0.9870000 -34.5174637
0.9880000 1.3812642
0.9890000 4.5221596
0.9900000 20.4574356
0.9910000 -9.3410368
0.9920000 46.0373230
0.9930000 -10.7367239
0.9940000 40.0650215
0.9950000 25.5479488
0.9960000 -24.5938244
0.9970000 -49.5026131
0.9980000 -36.4037361
0.9990000 -26.8509293
