0.0000000 -34.9842567
0.0010000 -15.6069241
0.0020000 -14.7966309
0.0030000 7.7259755
0.0040000 15.1484890
0.0050000 54.7779694
0.0060000 10.4067774
0.0070000 15.4679613
0.0080000 23.7846718
0.0090000 -19.5822411
0.0100000 20.8221207
0.0110000 80.4117126
0.0120000 -44.4975357
0.0130000 -20.0225048
0.0140000 -5.8393054
0.0150000 14.7244053
0.0160000 44.7809067
0.0170000 2.6819715
0.0180000 29.4626274
0.0190000 -39.9580383
0.0200000 30.3213692
0.0210000 -1.5820168
0.0220000 3.9711952
0.0230000 -45.7830124
0.0240000 9.6947050
0.0250000 -28.8348331
0.0260000 25.3877182
0.0270000 -15.0492754
0.0280000 -63.9941597
0.0290000 37.2064590
0.0300000 -17.9149704
0.0310000 74.6901245
0.0320000 29.7594986
0.0330000 3.8286216
0.0340000 24.5005493
0.0350000 -9.2878189
0.0360000 16.0691013
0.0370000 -21.5865173
0.0380000 27.5285378
0.0390000 -2.5022998
0.0400000 13.6419888
0.0410000 66.4874115
0.0420000 20.4223042
0.0430000 -14.8605642
0.0440000 -35.3781471
0.0450000 32.7385750
0.0460000 -62.5051079
0.0470000 10.3261127
0.0480000 20.3204918
0.0490000 40.9978676
0.0500000 28.5430126
0.0510000 36.5089569
0.0520000 -66.1334457
0.0530000 -33.9451942
0.0540000 -35.0067368
0.0550000 4.5174813
0.0560000 -28.9607067
0.0570000 -55.5484009
0.0580000 -5.5190611
0.0590000 13.8935614
0.0600000 -24.3723354
0.0610000 -52.0448418
0.0620000 72.9888229
0.0630000 -17.0925941
0.0640000 -13.0870819
0.0650000 -55.8119698
0.0660000 -43.7538528
0.0670000 21.0043468
0.0680000 4.3036304
0.0690000 46.1656914
0.0700000 18.4585152
0.0710000 36.4184151
0.0720000 26.8289757
0.0730000 -2.3090246
0.0740000 8.0136375
0.0750000 -70.5853653
0.0760000 39.4422302
0.0770000 -15.9264612
0.0780000 40.5713692
0.0790000 -0.1994564
0.0800000 16.6042747
0.0810000 -14.0443115
0.0820000 -23.4151535
0.0830000 -19.0353374
0.0840000 4.2302928
0.0850000 24.2870960
0.0860000 -22.0781326
0.0870000 -16.6196480
0.0880000 -24.7622471
0.0890000 -51.1829948
0.0900000 16.9222565
0.0910000 9.8337708
0.0920000 12.7020254
0.0930000 8.0105553
0.0940000 -29.2194786
0.0950000 -19.0551853
0.0960000 -30.0867748
0.0970000 22.7540016
0.0980000 9.2475567
0.0990000 5.9717102
0.1000000 14.1976118
0.1010000 22.5021095
0.1020000 35.0334549
0.1030000 5.1948481
0.1040000 -45.8655205
0.1050000 33.2027740
0.1060000 -20.9703445
0.1070000 -43.9800758
0.1080000 -44.4680023
0.1090000 34.2495117
0.1100000 -37.9803047
0.1110000 -18.1224537
0.1120000 -4.2055016
0.1130000 -23.4598122
0.1140000 13.7866726
0.1150000 74.8248444
0.1160000 40.9058723
0.1170000 33.1798668
0.1180000 -66.0779037
0.1190000 -25.9061146
0.1200000 -19.2357578
0.1210000 -47.6744308
0.1220000 -35.0297241
0.1230000 111.7879105
0.1240000 -25.8824997
0.1250000 -51.6076431
0.1260000 26.2428532
0.1270000 11.0151949
0.1280000 -30.3892002
0.1290000 45.1344185
0.1300000 24.3021584
0.1310000 95.6778717
0.1320000 -5.9925742
0.1330000 6.3985953
0.1340000 9.0696220
0.1350000 -30.2739296
0.1360000 7.2978072
0.1370000 9.3105822
0.1380000 32.5763893
0.1390000 -7.4669361
0.1400000 -85.1844254
0.1410000 -3.4289918
0.1420000 -10.3982286
0.1430000 -16.2334900
0.1440000 8.5490370
0.1450000 -64.9269867
0.1460000 20.3324585
0.1470000 -49.5754166
0.1480000 15.5296726
0.1490000 11.0573597
0.1500000 0.1797400
0.1510000 -0.5381309
0.1520000 1.7581265
0.1530000 -48.3466110
0.1540000 73.3703842
0.1550000 65.5457306
0.1560000 -18.2562065
0.1570000 -26.9957123
0.1580000 -21.9997482
0.1590000 -18.9773903
0.1600000 63.8146591
0.1610000 4.8165984
0.1620000 7.6966333
0.1630000 78.4576187
0.1640000 25.7747040
0.1650000 9.4113703
0.1660000 32.7562866
0.1670000 15.2499037
0.1680000 -15.1687498
0.1690000 4.4412642
0.1700000 9.7260122
0.1710000 46.6737518
0.1720000 25.3106117
0.1730000 -22.3501225
0.1740000 25.2622967
0.1750000 28.7230721
0.1760000 14.9519091
0.1770000 -30.7357521
0.1780000 -90.0751419
0.1790000 -36.9160881
0.1800000 26.4670658
0.1810000 -6.7923985
0.1820000 -125.1536789
0.1830000 21.3686333
0.1840000 -20.7050133
0.1850000 -60.1023827
0.1860000 40.1937828
0.1870000 -17.3567333
0.1880000 -22.4801903
0.1890000 33.2130814
0.1900000 7.2836652
0.1910000 -9.1193237
0.1920000 -27.2270985
0.1930000 -17.1910954
0.1940000 -15.7851954
0.1950000 -27.8528633
0.1960000 -48.7800713
0.1970000 -24.2246990
0.1980000 -17.8793640
0.1990000 1.8823030
0.2000000 -28.6970520
0.2010000 -13.6574678
0.2020000 11.7904615
0.2030000 -6.6013770
0.2040000 22.0617962
0.2050000 -12.2031088
0.2060000 51.2189674
0.2070000 1.1385180
0.2080000 -63.8854370
0.2090000 -22.1571045
0.2100000 -11.4587889
0.2110000 -55.0148964
0.2120000 15.5443211
0.2130000 -2.9126344
0.2140000 31.0318222
0.2150000 -29.3209991
0.2160000 -56.7564507
0.2170000 -28.7428112
0.2180000 4.5120950
0.2190000 -6.8885517
0.2200000 -17.6369209
0.2210000 34.3923988
0.2220000 -13.0605860
0.2230000 67.2298279
0.2240000 -64.8375320
0.2250000 18.3621082
0.2260000 -34.4872398
0.2270000 -18.2416344
0.2280000 12.4616947
0.2290000 28.1220932
0.2300000 19.8703766
0.2310000 3.6427488
0.2320000 -6.7764049
0.2330000 30.1955051
0.2340000 -97.7632217
0.2350000 -23.3943119
0.2360000 12.2319517
0.2370000 -21.3736820
0.2380000 8.1548061
0.2390000 -2.4208355
0.2400000 66.2781448
0.2410000 6.6365838
0.2420000 -10.4281473
0.2430000 47.3188057
0.2440000 -12.4651089
0.2450000 10.2762547
0.2460000 -26.5308704
0.2470000 43.2536812
0.2480000 22.7125797
0.2490000 45.0096283
0.2500000 -40.5452385
0.2510000 -17.7610359
0.2520000 10.3153286
0.2530000 -40.6874542
0.2540000 7.6859369
0.2550000 19.4287910
0.2560000 52.8449745
0.2570000 -44.1626663
0.2580000 -12.7915802
0.2590000 -6.7033906
0.2600000 -9.8498688
0.2610000 -57.4807777
0.2620000 -37.4655495
0.2630000 -24.3126621
0.2640000 36.6717644
0.2650000 5.6796575
0.2660000 -77.0896454
0.2670000 -47.7773170
0.2680000 22.4111729
0.2690000 16.7616158
0.2700000 -71.1821823
0.2710000 -14.1822691
0.2720000 -36.0555344
0.2730000 -21.3653774
0.2740000 25.7021008
0.2750000 2.4885674
0.2760000 35.4908447
0.2770000 -19.8756008
0.2780000 42.7315559
0.2790000 -15.4640617
0.2800000 36.8495216
0.2810000 -13.4351950
0.2820000 -26.5482655
0.2830000 -22.7887783
0.2840000 -48.7547493
0.2850000 -15.1349106
0.2860000 26.4025993
0.2870000 -27.8270874
0.2880000 1.2463082
0.2890000 -35.0623283
0.2900000 24.7415943
0.2910000 -25.4360981
0.2920000 1.8610153
0.2930000 -38.5307121
0.2940000 -0.8922184
0.2950000 54.7936172
0.2960000 7.4094296
0.2970000 50.0725098
0.2980000 -25.4381657
0.2990000 -20.4596615
0.3000000 -78.2950516
0.3010000 0.7649289
0.3020000 -32.3949203
0.3030000 -18.9965992
0.3040000 49.8653107
0.3050000 -41.1150093
0.3060000 40.0387230
0.3070000 23.3148365
0.3080000 -31.4488316
0.3090000 31.6147594
0.3100000 -9.1518040
0.3110000 19.2040882
0.3120000 46.1684341
0.3130000 71.5442581
0.3140000 -36.3887215
0.3150000 9.8499527
0.3160000 -56.9443016
0.3170000 30.3267193
0.3180000 -48.5837669
0.3190000 -9.6897869
0.3200000 32.1927719
0.3210000 65.4045639
0.3220000 56.7973213
0.3230000 -19.4774094
0.3240000 -12.4776659
0.3250000 -11.6770658
0.3260000 8.5047483
0.3270000 8.2350006
0.3280000 41.2391777
0.3290000 -25.5872860
0.3300000 -6.9474850
0.3310000 -17.2313232
0.3320000 37.1648674
0.3330000 -8.6344299
0.3340000 67.4851685
0.3350000 -46.0963287
0.3360000 39.1728172
0.3370000 23.7228317
0.3380000 -65.7836838
0.3390000 54.1219635
0.3400000 82.5995483
0.3410000 70.3465118
0.3420000 -20.1551285
0.3430000 -18.5367393
0.3440000 -0.6175917
0.3450000 -14.5477171
0.3460000 -57.4542809
0.3470000 -35.7425995
0.3480000 -20.0954494
0.3490000 60.3240395
0.3500000 59.2585754
0.3510000 -22.7787685
0.3520000 68.0249481
0.3530000 28.8110447
0.3540000 -18.2838478
0.3550000 54.1089821
0.3560000 -21.3363762
0.3570000 -21.1195393
0.3580000 62.5294304
0.3590000 26.0627899
0.3600000 48.6490364
0.3610000 -23.6951981
0.3620000 -19.9334278
0.3630000 -1.7819858
0.3640000 -5.3278842
0.3650000 16.5085926
0.3660000 12.1524649
0.3670000 35.5257187
0.3680000 -50.9695930
0.3690000 -54.4681625
0.3700000 -10.1471987
0.3710000 25.9250069
0.3720000 52.7865524
0.3730000 -41.2892761
0.3740000 -15.8741684
0.3750000 -2.9999292
0.3760000 -60.3018837
0.3770000 -7.5964370
0.3780000 -57.2823143
0.3790000 -18.2866268
0.3800000 46.4633865
0.3810000 61.5080528
0.3820000 -20.3086777
0.3830000 -5.3851562
0.3840000 -80.3799744
0.3850000 37.9842644
0.3860000 58.6234169
0.3870000 -36.0349808
0.3880000 -24.1714363
0.3890000 38.4944000
0.3900000 -0.0468010
0.3910000 15.3496218
0.3920000 18.1741180
0.3930000 -29.4577217
0.3940000 20.3682384
0.3950000 -13.5218649
0.3960000 -32.5961990
0.3970000 -2.0882854
0.3980000 7.2642970
0.3990000 -10.1841097
0.4000000 13.6415501
0.4010000 120.3993073
0.4020000 2.8184280
0.4030000 -13.7381792
0.4040000 -9.4592819
0.4050000 -110.1550140
0.4060000 -54.1884270
0.4070000 -44.3454475
0.4080000 -34.9105568
0.4090000 -11.6728334
0.4100000 63.6695671
0.4110000 -22.8578777
0.4120000 51.8958855
0.4130000 9.3496475
0.4140000 31.5458298
0.4150000 -16.2310429
0.4160000 -5.9252782
0.4170000 -45.9135246
0.4180000 4.4281478
0.4190000 -67.5687790
0.4200000 5.4457431
0.4210000 -55.4274979
0.4220000 47.9881210
0.4230000 -42.0272064
0.4240000 0.8052741
0.4250000 -21.8429298
0.4260000 12.2618790
0.4270000 47.1701088
0.4280000 -21.3002224
0.4290000 -21.6504993
0.4300000 -35.2345772
0.4310000 0.7054367
0.4320000 -25.0960655
0.4330000 -44.5124588
0.4340000 -44.2260628
0.4350000 20.2814903
0.4360000 89.1315689
0.4370000 -8.3101330
0.4380000 -14.7841711
0.4390000 43.5665245
0.4400000 25.9402332
0.4410000 97.9502945
0.4420000 21.9964714
0.4430000 -59.7226219
0.4440000 25.9978027
0.4450000 -54.2704506
0.4460000 -33.4654274
0.4470000 -32.6393967
0.4480000 33.1383591
0.4490000 -19.8057289
0.4500000 18.1419029
0.4510000 -55.4764977
0.4520000 38.4789467
0.4530000 21.8148575
0.4540000 -53.1791000
0.4550000 -19.9852848
0.4560000 19.0540524
0.4570000 6.7054224
0.4580000 45.9771042
0.4590000 -26.5323582
0.4600000 -19.8091927
0.4610000 -71.3294678
0.4620000 -1.3378750
0.4630000 25.2745018
0.4640000 -17.3487206
0.4650000 -20.6831760
0.4660000 23.0541725
0.4670000 -12.6497154
0.4680000 -60.2414360
0.4690000 14.6524076
0.4700000 -17.1411781
0.4710000 55.8255043
0.4720000 -21.6846600
0.4730000 59.5255508
0.4740000 -0.7710896
0.4750000 -27.0588093
0.4760000 -77.4032669
0.4770000 77.5081635
0.4780000 5.5390167
0.4790000 -38.3831177
0.4800000 28.1507187
0.4810000 -31.5179939
0.4820000 62.8956261
0.4830000 -25.8909683
0.4840000 -2.7721114
0.4850000 13.8520660
0.4860000 -4.2101665
0.4870000 -0.1559587
0.4880000 65.9612732
0.4890000 -0.5688214
0.4900000 13.0801973
0.4910000 12.9625473
0.4920000 30.4175320
0.4930000 -5.3845067
0.4940000 38.7775879
0.4950000 -28.2811050
0.4960000 56.4613609
0.4970000 24.0321903
0.4980000 -15.5580120
0.4990000 20.8527718
0.5000000 16.5417061
0.5010000 -91.5739517
0.5020000 -5.8236103
0.5030000 2.6830764
0.5040000 -34.2314835
0.5050000 -42.5556679
0.5060000 -26.2655983
0.5070000 47.6600380
0.5080000 -61.7544975
0.5090000 12.1433659
0.5100000 -35.8916779
0.5110000 40.4281769
0.5120000 -2.4511974
0.5130000 33.5168953
0.5140000 56.1105804
0.5150000 -8.7968206
0.5160000 -55.7308121
0.5170000 76.7278671
0.5180000 -36.0669746
0.5190000 -14.3706436
0.5200000 -19.1071815
0.5210000 -28.1269836
0.5220000 36.5377083
0.5230000 30.0393696
0.5240000 -21.4812851
0.5250000 21.8815002
0.5260000 -43.2084007
0.5270000 -32.7192993
0.5280000 89.2868805
0.5290000 -8.5799274
0.5300000 5.8914003
0.5310000 -29.1766644
0.5320000 20.4539089
0.5330000 15.2240238
0.5340000 -41.7773209
0.5350000 -20.6892719
0.5360000 -1.1274868
0.5370000 65.1991730
0.5380000 -2.5889645
0.5390000 -20.1823711
0.5400000 38.7093277
0.5410000 25.7955570
0.5420000 -21.9143524
0.5430000 33.1004944
0.5440000 -14.2243423
0.5450000 -21.7974682
0.5460000 -4.7046165
0.5470000 5.5445685
0.5480000 20.2203293
0.5490000 16.4552326
0.5500000 -28.1469994
0.5510000 62.3102646
0.5520000 51.7838974
0.5530000 -4.7222910
0.5540000 23.0952320
0.5550000 -30.7661762
0.5560000 -36.5796661
0.5570000 3.7646573
0.5580000 -128.0733795
0.5590000 27.1131401
0.5600000 33.4156685
0.5610000 -12.1093969
0.5620000 -51.3974113
0.5630000 -23.6159325
0.5640000 -9.4629259
0.5650000 -39.2168083
0.5660000 -10.9339323
0.5670000 58.2312050
0.5680000 -50.4524460
0.5690000 -58.8721237
0.5700000 9.4756517
0.5710000 -8.5997009
0.5720000 34.0620232
0.5730000 -6.5137076
0.5740000 -91.6289368
0.5750000 -23.3599510
0.5760000 36.5623207
0.5770000 -29.2246914
0.5780000 -25.1994247
0.5790000 -3.8711622
0.5800000 6.1181884
0.5810000 21.5757732
0.5820000 12.4382353
0.5830000 75.2745056
0.5840000 -20.0632210
0.5850000 -30.5931282
0.5860000 9.0163832
0.5870000 48.3425179
0.5880000 -21.5040035
0.5890000 52.7904358
0.5900000 -28.6514435
0.5910000 12.6001883
0.5920000 1.5813675
0.5930000 50.6779022
0.5940000 -36.5762215
0.5950000 -10.8239002
0.5960000 21.4436073
0.5970000 23.4400787
0.5980000 7.7770166
0.5990000 -1.9338297
0.6000000 -19.6104469
0.6010000 4.8824935
0.6020000 53.8134193
0.6030000 22.3329449
0.6040000 -8.0079384
0.6050000 -25.8753452
0.6060000 39.4178314
0.6070000 2.4832385
0.6080000 -35.5499649
0.6090000 -3.3819535
0.6100000 -4.2390628
0.6110000 21.5296345
0.6120000 -13.2564201
0.6130000 21.5094624
0.6140000 -23.4231224
0.6150000 -40.3341484
0.6160000 18.0221672
0.6170000 10.9097147
0.6180000 43.4881783
0.6190000 -30.1956387
0.6200000 -70.3174744
0.6210000 -5.5925746
0.6220000 -10.0759697
0.6230000 81.8896027
0.6240000 39.8945732
0.6250000 43.8748245
0.6260000 -5.4750791
0.6270000 12.8573027
0.6280000 53.3668480
0.6290000 -51.9510918
0.6300000 40.5452995
0.6310000 -11.7241402
0.6320000 32.4122963
0.6330000 -7.3176355
0.6340000 23.0226116
0.6350000 12.2940350
0.6360000 -37.2208481
0.6370000 -1.6947281
0.6380000 76.4394226
0.6390000 -15.4828835
0.6400000 26.6041069
0.6410000 44.2349548
0.6420000 -7.7740173
0.6430000 -66.2734222
0.6440000 27.2815170
0.6450000 9.8696604
0.6460000 26.4650097
0.6470000 -6.9856076
0.6480000 27.7239494
0.6490000 -13.3702898
0.6500000 27.6316547
0.6510000 -52.0639954
0.6520000 -29.8586311
0.6530000 33.3888359
0.6540000 -9.2753468
0.6550000 -33.7383080
0.6560000 -61.0250893
0.6570000 44.6619873
0.6580000 11.6242657
0.6590000 13.9426517
0.6600000 22.9498959
0.6610000 26.0574226
0.6620000 -30.1549416
0.6630000 -31.2383022
0.6640000 2.5879292
0.6650000 -24.4709015
0.6660000 14.8315907
0.6670000 17.2885189
0.6680000 1.6570624
0.6690000 52.5220757
0.6700000 18.4461193
0.6710000 13.9672012
0.6720000 3.4321218
0.6730000 28.4733734
0.6740000 -19.8987579
0.6750000 35.0752182
0.6760000 21.1272736
0.6770000 29.2699203
0.6780000 28.4080162
0.6790000 -1.4077212
0.6800000 35.1234703
0.6810000 -26.0430069
0.6820000 26.6487255
0.6830000 -2.2424786
0.6840000 19.0208607
0.6850000 79.3038330
0.6860000 27.5096397
0.6870000 4.4505630
0.6880000 -15.8328333
0.6890000 18.2569561
0.6900000 20.9449139
0.6910000 14.0417471
0.6920000 16.3357754
0.6930000 -7.2326283
0.6940000 58.4302750
0.6950000 43.6851959
0.6960000 -26.5342522
0.6970000 -23.1747036
0.6980000 -27.3631248
0.6990000 -1.6312110
0.7000000 13.0628538
0.7010000 -24.3498955
0.7020000 -35.7745399
0.7030000 9.1882391
0.7040000 -3.3984387
0.7050000 2.8974230
0.7060000 -29.8985214
0.7070000 9.8986130
0.7080000 11.3123684
0.7090000 -7.4569407
0.7100000 -60.9293823
0.7110000 -46.6509094
0.7120000 -25.5544624
0.7130000 -93.5914307
0.7140000 -1.2408743
0.7150000 -12.3449059
0.7160000 70.5960007
0.7170000 5.5454016
0.7180000 -18.3116283
0.7190000 -22.6599350
0.7200000 30.2563896
0.7210000 -7.8507543
0.7220000 40.9559326
0.7230000 51.6304054
0.7240000 54.6450577
0.7250000 -25.2877007
0.7260000 -13.1616316
0.7270000 -13.7394791
0.7280000 -65.6227646
0.7290000 24.4075966
0.7300000 16.8811150
0.7310000 -27.6771488
0.7320000 -44.2268600
0.7330000 -2.8675988
0.7340000 38.2116928
0.7350000 32.4485397
0.7360000 76.6077194
0.7370000 31.5159054
0.7380000 9.9893513
0.7390000 -57.2870064
0.7400000 31.5147438
0.7410000 -28.7049618
0.7420000 -67.5362091
0.7430000 -32.2423363
0.7440000 7.7756972
0.7450000 14.9687176
0.7460000 6.0410504
0.7470000 -13.4608402
0.7480000 12.7035284
0.7490000 -29.2387390
0.7500000 28.6935482
0.7510000 4.3793674
0.7520000 21.6543427
0.7530000 -72.6438370
0.7540000 53.3716431
0.7550000 3.0638714
0.7560000 20.8084393
0.7570000 -20.3409500
0.7580000 -27.0854759
0.7590000 -68.8830032
0.7600000 -50.1403542
0.7610000 -10.4918003
0.7620000 17.1000214
0.7630000 26.0551434
0.7640000 19.9761467
0.7650000 -6.3572445
0.7660000 -17.8204403
0.7670000 -5.1506491
0.7680000 8.4435787
0.7690000 -35.7293777
0.7700000 11.9314699
0.7710000 53.6534462
0.7720000 9.5296135
0.7730000 21.4965687
0.7740000 35.1390839
0.7750000 -59.7683868
0.7760000 79.5080338
0.7770000 -76.8484192
0.7780000 -28.6333103
0.7790000 15.4289303
0.7800000 27.7490025
0.7810000 34.3238678
0.7820000 77.5264206
0.7830000 -17.5336819
0.7840000 -14.2413292
0.7850000 11.7221384
0.7860000 7.8398175
0.7870000 -3.8206780
0.7880000 -6.5160050
0.7890000 -0.2819446
0.7900000 -16.6501465
0.7910000 -11.7178392
0.7920000 -47.7378082
0.7930000 -17.7124577
0.7940000 -7.9243875
0.7950000 10.7431965
0.7960000 -11.7093296
0.7970000 -49.9287720
0.7980000 -31.8230648
0.7990000 25.9697018
0.8000000 9.8791742
0.8010000 6.2961149
0.8020000 36.6678925
0.8030000 21.7144794
0.8040000 1.3142381
0.8050000 16.3430347
0.8060000 -56.4590416
0.8070000 -20.1943283
0.8080000 -23.8986263
0.8090000 19.7693958
0.8100000 14.4923487
0.8110000 -56.4357872
0.8120000 28.1664352
0.8130000 48.6009407
0.8140000 52.4178543
0.8150000 31.2084675
0.8160000 -2.5251284
0.8170000 -59.0981941
0.8180000 -8.9103413
0.8190000 -67.7401352
0.8200000 -1.0568532
0.8210000 -36.4353447
0.8220000 51.4487076
0.8230000 -26.6587639
0.8240000 21.5115509
0.8250000 -3.8567212
0.8260000 -8.8309689
0.8270000 -34.3134842
0.8280000 35.5566025
0.8290000 -2.3661079
0.8300000 27.7090664
0.8310000 -37.9925919
0.8320000 51.3158722
0.8330000 12.8819084
0.8340000 48.7586823
0.8350000 -17.1343021
0.8360000 -19.5811062
0.8370000 -41.1508255
0.8380000 4.8343725
0.8390000 -19.0048962
0.8400000 5.3363533
0.8410000 -7.5136375
0.8420000 9.8984203
0.8430000 -0.5394397
0.8440000 -35.0723534
0.8450000 91.6544342
0.8460000 3.1138833
0.8470000 29.0695057
0.8480000 43.4023819
0.8490000 18.2029572
0.8500000 33.9172974
0.8510000 38.5610504
0.8520000 -56.0088234
0.8530000 96.2821426
0.8540000 59.7228889
0.8550000 -58.4463501
0.8560000 12.7379389
0.8570000 -46.0555153
0.8580000 40.6056480
0.8590000 26.5898743
0.8600000 -32.2457924
0.8610000 30.2702179
0.8620000 -49.4269028
0.8630000 66.3020554
0.8640000 -58.9591751
0.8650000 -53.0178528
0.8660000 -16.2522259
0.8670000 -29.8847275
0.8680000 14.0772963
0.8690000 0.7295961
0.8700000 -14.8359175
0.8710000 -49.1888390
0.8720000 54.5334587
0.8730000 -71.2601242
0.8740000 -38.2341232
0.8750000 29.3674107
0.8760000 11.3893652
0.8770000 2.0786965
0.8780000 -14.1710167
0.8790000 14.2599211
0.8800000 33.3564262
0.8810000 29.3027020
0.8820000 -28.0822601
0.8830000 28.9618626
0.8840000 -0.7065889
0.8850000 -72.2337799
0.8860000 12.2849588
0.8870000 45.3082733
0.8880000 -11.5694742
0.8890000 65.9799957
0.8900000 2.6849692
0.8910000 -36.1683464
0.8920000 -11.5712252
0.8930000 -49.4987068
0.8940000 14.3583879
0.8950000 30.4946041
0.8960000 -16.2337341
0.8970000 -14.1821833
0.8980000 -28.1960087
0.8990000 -32.3937988
0.9000000 15.3963108
0.9010000 8.7348766
0.9020000 -7.0048499
0.9030000 -17.2615376
0.9040000 -24.7880917
0.9050000 8.5871849
0.9060000 -33.5483360
0.9070000 -5.5346222
0.9080000 -2.7748926
0.9090000 42.6390610
0.9100000 17.8426113
0.9110000 1.5371453
0.9120000 38.1866646
0.9130000 -50.6741791
0.9140000 34.2303734
0.9150000 26.1269722
0.9160000 42.8496780
0.9170000 2.4606616
0.9180000 20.2784786
0.9190000 44.5867805
0.9200000 44.6733704
0.9210000 77.6606064
0.9220000 5.7019534
0.9230000 51.7081299
0.9240000 9.5711079
0.9250000 -17.3797512
0.9260000 9.1544476
0.9270000 -17.3985157
0.9280000 43.7887573
0.9290000 23.9749126
0.9300000 -6.6038952
0.9310000 6.2700157
0.9320000 23.5101261
0.9330000 17.3334980
0.9340000 -84.3204880
0.9350000 -0.2866081
0.9360000 8.7362432
0.9370000 74.2910767
0.9380000 14.2155037
0.9390000 -7.1042185
0.9400000 77.4796524
0.9410000 -51.5053215
0.9420000 -10.9081421
0.9430000 -27.6862030
0.9440000 33.0965614
0.9450000 2.4564984
0.9460000 -44.2094765
0.9470000 47.1587181
0.9480000 25.3470421
0.9490000 40.0565948
0.9500000 -1.5518910
0.9510000 53.0437813
0.9520000 16.2312222
0.9530000 -14.3516951
0.9540000 48.0174332
0.9550000 -56.7068291
0.9560000 36.1654663
0.9570000 13.6435614
0.9580000 47.9211655
0.9590000 -18.5252628
0.9600000 48.5641747
0.9610000 22.4294815
0.9620000 20.6714363
0.9630000 -7.6266170
0.9640000 -83.9827728
0.9650000 -13.1656857
0.9660000 30.7761536
0.9670000 -12.4460936
0.9680000 -2.5128424
0.9690000 -19.2027473
0.9700000 1.4655488
0.9710000 0.0319825
0.9720000 27.4308414
0.9730000 19.2446423
0.9740000 36.4781036
0.9750000 -57.2491722
0.9760000 2.8252246
0.9770000 -15.1397257
0.9780000 10.4868660
0.9790000 12.1860914
0.9800000 -38.7923584
0.9810000 -2.3257055
0.9820000 -25.9918156
0.9830000 18.6898270
0.9840000 4.9746542
0.9850000 -62.0279808
0.9860000 51.4458771
0.9870000 29.8014908
0.9880000 41.1104050
0.9890000 66.6337204
0.9900000 41.1668434
0.9910000 -13.0383377
0.9920000 3.4705420
0.9930000 -15.6354322
0.9940000 28.9153252
0.9950000 -38.9460182
0.9960000 21.6497345
0.9970000 11.4529972
0.9980000 50.0324669
0.9990000 6.3070688
