0.0000000 1.1468024
0.0010000 -64.5051422
0.0020000 -37.1664429
0.0030000 66.7477188
0.0040000 -33.8363953
0.0050000 63.4887924
0.0060000 8.0801210
0.0070000 -16.9366989
0.0080000 14.6467829
0.0090000 -51.5204964
0.0100000 -15.0370674
0.0110000 12.3653526
0.0120000 -1.1191264
0.0130000 25.0027885
0.0140000 9.7032051
0.0150000 -10.7922325
0.0160000 -15.5984173
0.0170000 -22.7496147
0.0180000 1.9577615
0.0190000 -48.3340034
0.0200000 27.5063763
0.0210000 -31.6985035
0.0220000 46.8019829
0.0230000 59.3217392
0.0240000 -42.0541000
0.0250000 -10.0480270
0.0260000 -33.0975571
0.0270000 -22.1384850
0.0280000 -31.0002003
0.0290000 -48.2629509
0.0300000 37.1990242
0.0310000 48.4428520
0.0320000 -24.4297009
0.0330000 -89.4937363
0.0340000 -31.3457470
0.0350000 83.2927094
0.0360000 -37.0943375
0.0370000 3.3305669
0.0380000 33.6071167
0.0390000 -19.4930191
0.0400000 -45.6252403
0.0410000 -18.7490826
0.0420000 -9.4910316
0.0430000 -42.6059837
0.0440000 -34.5072784
0.0450000 11.3903408
0.0460000 -25.2005062
0.0470000 -22.0237713
0.0480000 -23.3257923
0.0490000 1.1555480
0.0500000 -45.6496048
0.0510000 -19.6446609
0.0520000 -24.2317543
0.0530000 13.9174471
0.0540000 -57.7556458
0.0550000 -2.0232818
0.0560000 -17.6347637
0.0570000 17.6189194
0.0580000 -42.6212234
0.0590000 -32.2060318
0.0600000 66.7780075
0.0610000 25.3358269
0.0620000 51.1891098
0.0630000 34.6626167
0.0640000 -7.0785332
0.0650000 -27.3990536
0.0660000 33.6160583
0.0670000 40.1596260
0.0680000 12.2289610
0.0690000 12.3224907
0.0700000 -10.7558842
0.0710000 20.4843674
0.0720000 14.0476694
0.0730000 -11.9556389
0.0740000 -45.2047157
0.0750000 38.1363831
0.0760000 -10.5296221
0.0770000 27.9353848
0.0780000 -20.7190647
0.0790000 61.6222000
0.0800000 32.6120949
0.0810000 -49.8176994
0.0820000 35.4949799
0.0830000 -36.1167221
0.0840000 41.0413666
0.0850000 -62.3178864
0.0860000 -21.4977589
0.0870000 16.3864918
0.0880000 -19.1475220
0.0890000 -19.6479111
0.0900000 45.9506149
0.0910000 -53.5051041
0.0920000 20.0907364
0.0930000 9.5364637
0.0940000 -35.4957237
0.0950000 -32.0324974
0.0960000 33.2929001
0.0970000 5.8050561
0.0980000 -37.1525993
0.0990000 -7.0857878
0.1000000 -57.7520027
0.1010000 6.9196115
0.1020000 -8.8632259
0.1030000 21.9830742
0.1040000 10.0086184
0.1050000 -55.6811142
0.1060000 47.4586105
0.1070000 10.4708643
0.1080000 -0.2610549
0.1090000 -39.7211952
0.1100000 -25.2305946
0.1110000 0.4404247
0.1120000 -1.2628585
0.1130000 20.2540245
0.1140000 30.4609051
0.1150000 42.1078606
0.1160000 10.7387342
0.1170000 -5.4143062
0.1180000 12.2588940
0.1190000 -10.5037794
0.1200000 -12.1262350
0.1210000 -50.5469780
0.1220000 -56.1252594
0.1230000 -13.2120323
0.1240000 38.7716789
0.1250000 -23.6903858
0.1260000 35.3569527
0.1270000 12.7256823
0.1280000 51.5065689
0.1290000 6.4737620
0.1300000 -38.2247238
0.1310000 -5.7856398
0.1320000 -15.2919235
0.1330000 -60.5238075
0.1340000 15.4131212
0.1350000 18.5377483
0.1360000 -0.0476756
0.1370000 -23.0179577
0.1380000 55.8333549
0.1390000 3.7312057
0.1400000 -19.9082298
0.1410000 26.7217388
0.1420000 -30.2558899
0.1430000 88.3532562
0.1440000 55.1898308
0.1450000 -19.0537720
0.1460000 20.1869507
0.1470000 51.2917137
0.1480000 -29.3047256
0.1490000 -24.9608803
0.1500000 -45.3203506
0.1510000 6.0425415
0.1520000 -7.6711221
0.1530000 -17.5993767
0.1540000 5.8535299
0.1550000 48.0215797
0.1560000 -24.5032101
0.1570000 -48.5276489
0.1580000 5.9169250
0.1590000 -11.0586691
0.1600000 22.0020580
0.1610000 -38.0073357
0.1620000 -32.1556702
0.1630000 8.1853552
0.1640000 9.0113201
0.1650000 -77.1777420
0.1660000 -27.4940166
0.1670000 -22.4277840
0.1680000 -85.4092941
0.1690000 -15.9131403
0.1700000 40.5345840
0.1710000 0.4338966
0.1720000 39.8498344
0.1730000 15.4731369
0.1740000 -60.4251671
0.1750000 35.6018295
0.1760000 31.8495979
0.1770000 36.9356766
0.1780000 -13.0736980
0.1790000 8.8204288
0.1800000 -68.4687576
0.1810000 -15.3032265
0.1820000 44.8438377
0.1830000 -9.2939844
0.1840000 49.4449997
0.1850000 11.8236160
0.1860000 12.7508450
0.1870000 -14.5674667
0.1880000 -20.9088001
0.1890000 -68.3702164
0.1900000 -5.5336151
0.1910000 45.5371628
0.1920000 -70.1126709
0.1930000 -23.5146294
0.1940000 -58.9667931
0.1950000 35.1688232
0.1960000 -8.3250446
0.1970000 -6.1839485
0.1980000 37.8950233
0.1990000 28.8698711
0.2000000 54.6240158
0.2010000 -19.8533058
0.2020000 14.1823187
0.2030000 -2.2671695
0.2040000 -78.4273605
0.2050000 -30.7786026
0.2060000 21.7422428
0.2070000 22.7826347
0.2080000 -68.4976578
0.2090000 23.1530094
0.2100000 -35.5866776
0.2110000 49.0420837
0.2120000 -50.5866356
0.2130000 53.6685753
0.2140000 55.0854950
0.2150000 25.5605602
0.2160000 6.5512953
0.2170000 31.7951508
0.2180000 14.1447144
0.2190000 56.0871582
0.2200000 33.5700684
0.2210000 27.3538017
0.2220000 36.7901611
0.2230000 -25.5826874
0.2240000 11.7988939
0.2250000 119.6449051
0.2260000 -36.7099457
0.2270000 26.5810146
0.2280000 -4.8365378
0.2290000 53.2378998
0.2300000 18.0013580
0.2310000 5.5838742
0.2320000 35.2962227
0.2330000 -6.9607844
0.2340000 37.0482903
0.2350000 33.6984711
0.2360000 0.1884045
0.2370000 46.2622490
0.2380000 -28.9130764
0.2390000 11.6279984
0.2400000 5.0616179
0.2410000 -57.1919212
0.2420000 -12.2357912
0.2430000 13.8375635
0.2440000 -33.7912216
0.2450000 28.4104309
0.2460000 -3.4458992
0.2470000 79.6229553
0.2480000 -21.0710106
0.2490000 6.7468133
0.2500000 45.2940750
0.2510000 5.3944354
0.2520000 -61.1104279
0.2530000 -25.6025867
0.2540000 -20.1939564
0.2550000 23.7974663
0.2560000 3.4448521
0.2570000 -0.0256011
0.2580000 18.3209972
0.2590000 -20.9678459
0.2600000 -110.2560425
0.2610000 26.9244480
0.2620000 13.3273840
0.2630000 23.9509697
0.2640000 -0.7599164
0.2650000 3.2572558
0.2660000 -31.8790321
0.2670000 -52.7706909
0.2680000 12.1935167
0.2690000 -2.1276221
0.2700000 -35.3008575
0.2710000 -5.6813836
0.2720000 25.7434273
0.2730000 -29.4024677
0.2740000 -45.0496330
0.2750000 -23.4153576
0.2760000 -9.3084965
0.2770000 -5.8236051
0.2780000 -54.3024063
0.2790000 -2.0591011
0.2800000 23.8043404
0.2810000 -5.9952016
0.2820000 -3.6770079
0.2830000 -0.7159406
0.2840000 -26.7123337
0.2850000 19.7923546
0.2860000 43.3725967
0.2870000 6.1545873
0.2880000 -3.7748945
0.2890000 5.6758151
0.2900000 -40.3827019
0.2910000 -22.6697083
0.2920000 6.6880322
0.2930000 37.4684944
0.2940000 25.7943535
0.2950000 -17.8617001
0.2960000 20.7553825
0.2970000 6.7670517
0.2980000 -1.2299507
0.2990000 -7.6635132
0.3000000 -15.7082138
0.3010000 -32.0407600
0.3020000 -22.6481075
0.3030000 12.3581982
0.3040000 -7.1268463
0.3050000 25.7908001
0.3060000 38.6197128
0.3070000 20.6298256
0.3080000 26.7993107
0.3090000 10.1557169
0.3100000 19.7020206
0.3110000 -53.6136436
0.3120000 7.6814098
0.3130000 9.3482866
0.3140000 -79.8161469
0.3150000 -25.7837658
0.3160000 33.2715607
0.3170000 66.2759705
0.3180000 -34.5513153
0.3190000 -35.6787910
0.3200000 30.4261761
0.3210000 57.8010826
0.3220000 -16.5309696
0.3230000 -16.4016209
0.3240000 17.6491528
0.3250000 15.6024055
0.3260000 38.3967171
0.3270000 39.6541061
0.3280000 -40.3781281
0.3290000 7.3390274
0.3300000 -17.1523762
0.3310000 6.6074486
0.3320000 -51.0148582
0.3330000 35.1462936
0.3340000 -18.9203453
0.3350000 -37.1609497
0.3360000 52.3031845
0.3370000 50.1234665
0.3380000 34.8108444
0.3390000 12.1727514
0.3400000 -20.5971470
0.3410000 5.2907252
0.3420000 -6.5758748
0.3430000 -38.7372284
0.3440000 29.0898705
0.3450000 38.3329124
0.3460000 -24.0987873
0.3470000 14.8074207
0.3480000 3.3295875
0.3490000 -0.0129393
0.3500000 5.9756808
0.3510000 -34.4228706
0.3520000 23.4989758
0.3530000 -9.9543371
0.3540000 54.9114342
0.3550000 -28.1691475
0.3560000 3.1256735
0.3570000 52.4040909
0.3580000 -35.7033615
0.3590000 -18.8431931
0.3600000 -7.9662094
0.3610000 -44.0195198
0.3620000 -33.9461365
0.3630000 18.9633408
0.3640000 -49.5010414
0.3650000 22.6022263
0.3660000 -6.4316769
0.3670000 5.2745342
0.3680000 18.3252811
0.3690000 -20.2362480
0.3700000 -58.7850113
0.3710000 -53.3796768
0.3720000 -3.3410885
0.3730000 20.6974754
0.3740000 16.2921276
0.3750000 48.9447670
0.3760000 64.0398483
0.3770000 -2.1840098
0.3780000 -32.8185921
0.3790000 -8.4581776
0.3800000 13.1369801
0.3810000 0.6843196
0.3820000 -51.0427933
0.3830000 21.4976768
0.3840000 -70.9368134
0.3850000 52.7176666
0.3860000 -37.3422585
0.3870000 27.1242676
0.3880000 -60.1109772
0.3890000 -50.5355415
0.3900000 -2.6439397
0.3910000 14.8150988
0.3920000 11.7157431
0.3930000 -3.8354771
0.3940000 -7.6196856
0.3950000 -11.3174915
0.3960000 -14.8378878
0.3970000 -5.6373682
0.3980000 53.8299217
0.3990000 64.3156662
0.4000000 21.0345364
0.4010000 -45.2710762
0.4020000 -30.1338940
0.4030000 -18.9953289
0.4040000 8.5161438
0.4050000 -49.0384903
0.4060000 1.3102951
0.4070000 -5.2737861
0.4080000 -32.7290039
0.4090000 0.7223677
0.4100000 50.1504250
0.4110000 10.7627335
0.4120000 20.4828320
0.4130000 -23.8844814
0.4140000 -31.6729527
0.4150000 17.7615242
0.4160000 6.7027488
0.4170000 61.4752502
0.4180000 -23.2986412
0.4190000 -12.9215298
0.4200000 -19.2688923
0.4210000 -50.2609062
0.4220000 72.8887100
0.4230000 -9.6348953
0.4240000 -5.6608634
0.4250000 4.7356772
0.4260000 -27.1424160
0.4270000 -42.8690414
0.4280000 -8.0208187
0.4290000 -15.4071980
0.4300000 -22.6351242
0.4310000 -6.8600807
0.4320000 24.3927994
0.4330000 16.8074627
0.4340000 51.9092522
0.4350000 -21.1978245
0.4360000 24.0617275
0.4370000 28.3188839
0.4380000 -12.8768730
0.4390000 -55.4487419
0.4400000 55.9850998
0.4410000 -50.1351662
0.4420000 -11.5120726
0.4430000 -1.5514057
0.4440000 -14.2763777
0.4450000 -30.7196808
0.4460000 -14.8873711
0.4470000 26.1568775
0.4480000 -52.2573738
0.4490000 -3.4717557
0.4500000 -17.8399544
0.4510000 -44.2675438
0.4520000 58.5666580
0.4530000 -16.8048382
0.4540000 -22.1643009
0.4550000 -43.1195564
0.4560000 19.2584152
0.4570000 -12.9514894
0.4580000 17.3201275
0.4590000 15.7069712
0.4600000 -57.2136230
0.4610000 -43.8563538
0.4620000 10.5464211
0.4630000 -2.3805232
0.4640000 -76.7584076
0.4650000 -27.2022057
0.4660000 -34.2442131
0.4670000 23.4548111
0.4680000 35.3515663
0.4690000 2.1047893
0.4700000 28.1220665
0.4710000 35.6434402
0.4720000 -56.7413559
0.4730000 12.7948036
0.4740000 -22.0623016
0.4750000 -88.3818359
0.4760000 -34.5974503
0.4770000 30.5126743
0.4780000 -41.1124306
0.4790000 -34.4281960
0.4800000 -57.2329330
0.4810000 27.6831131
0.4820000 94.6834259
0.4830000 -53.3451958
0.4840000 -25.7162685
0.4850000 -2.0719357
0.4860000 -12.3798141
0.4870000 -60.7562103
0.4880000 -73.7358017
0.4890000 80.4926224
0.4900000 27.0595722
0.4910000 -29.5179749
0.4920000 17.1698227
0.4930000 -44.3115463
0.4940000 -32.6501083
0.4950000 49.8236923
0.4960000 41.4165230
0.4970000 9.1100359
0.4980000 -80.4722977
0.4990000 46.1088181
0.5000000 26.1381779
0.5010000 -1.1385611
0.5020000 -35.3920403
0.5030000 -6.2670007
0.5040000 33.8653793
0.5050000 -8.6649990
0.5060000 -37.6070290
0.5070000 26.4917507
0.5080000 11.3648853
0.5090000 -18.9848690
0.5100000 7.5910578
0.5110000 -45.0547981
0.5120000 80.6678467
0.5130000 4.1525388
0.5140000 14.0517359
0.5150000 -17.2480240
0.5160000 14.9792747
0.5170000 10.8831959
0.5180000 -42.6791801
0.5190000 28.8084660
0.5200000 -1.7427802
0.5210000 -21.5292568
0.5220000 9.4747562
0.5230000 -19.2563496
0.5240000 -20.2776699
0.5250000 69.2358246
0.5260000 15.8874235
0.5270000 39.5584259
0.5280000 33.4947128
0.5290000 9.1172209
0.5300000 -1.0885708
0.5310000 33.1904945
0.5320000 33.3096123
0.5330000 -11.9525433
0.5340000 -26.9923096
0.5350000 -63.5047340
0.5360000 41.8213768
0.5370000 -30.7053852
0.5380000 23.5837612
0.5390000 -1.2291906
0.5400000 -8.9621572
0.5410000 75.5964127
0.5420000 29.7795906
0.5430000 71.6262054
0.5440000 -83.0835571
0.5450000 -3.9976056
0.5460000 5.7048593
0.5470000 -30.0429173
0.5480000 4.8507376
0.5490000 43.7053986
0.5500000 39.2073441
0.5510000 -62.8592377
0.5520000 -2.2616892
0.5530000 14.8130999
0.5540000 -13.5265188
0.5550000 -18.2429676
0.5560000 -22.6516151
0.5570000 -29.6513252
0.5580000 -54.3366470
0.5590000 61.3460732
0.5600000 12.4782991
0.5610000 46.2936592
0.5620000 39.1484756
0.5630000 -4.4447255
0.5640000 15.4371872
0.5650000 23.3548546
0.5660000 29.2911758
0.5670000 -13.8976603
0.5680000 24.8397255
0.5690000 45.0743599
0.5700000 50.5083427
0.5710000 47.2592430
0.5720000 33.5369644
0.5730000 -61.5458145
0.5740000 -45.4737930
0.5750000 14.4870939
0.5760000 -11.0728397
0.5770000 6.2584891
0.5780000 -9.1817036
0.5790000 10.6163578
0.5800000 -56.7037811
0.5810000 45.3072701
0.5820000 -46.0054588
0.5830000 8.4878845
0.5840000 48.2789650
0.5850000 38.9285011
0.5860000 9.0534697
0.5870000 -40.1523056
0.5880000 -12.1590328
0.5890000 -90.6659775
0.5900000 -29.5999832
0.5910000 -10.7933578
0.5920000 -18.1492901
0.5930000 -11.1928835
0.5940000 17.7355080
0.5950000 26.2780666
0.5960000 32.7032852
0.5970000 0.7812527
0.5980000 -25.4608078
0.5990000 -76.3224182
0.6000000 16.0190144
0.6010000 60.8680649
0.6020000 -21.3827438
0.6030000 21.2385502
0.6040000 -48.9550514
0.6050000 -0.5726545
0.6060000 -10.5274277
0.6070000 -33.4711266
0.6080000 -2.8054001
0.6090000 46.5097389
0.6100000 -10.5378866
0.6110000 6.5640702
0.6120000 14.9923182
0.6130000 -73.6770096
0.6140000 -12.3783131
0.6150000 -15.4228535
0.6160000 -44.2342682
0.6170000 31.1356754
0.6180000 -2.3099391
0.6190000 46.0143204
0.6200000 61.4189987
0.6210000 0.2747213
0.6220000 -51.4972115
0.6230000 10.6437302
0.6240000 61.1040154
0.6250000 -25.3916550
0.6260000 -15.5630541
0.6270000 6.3625040
0.6280000 6.6371737
0.6290000 40.2182579
0.6300000 44.4060097
0.6310000 28.9568176
0.6320000 -31.3627663
0.6330000 39.7749672
0.6340000 -3.0064521
0.6350000 -0.5901871
0.6360000 7.5609384
0.6370000 6.6405830
0.6380000 8.9767685
0.6390000 4.9448824
0.6400000 -23.0860462
0.6410000 8.2606525
0.6420000 33.8451004
0.6430000 69.8014526
0.6440000 -37.5569153
0.6450000 -44.2810020
0.6460000 66.5006638
0.6470000 2.4061594
0.6480000 -25.7202721
0.6490000 -86.3480530
0.6500000 -34.2734795
0.6510000 -13.9038239
0.6520000 -17.0848427
0.6530000 -22.5359993
0.6540000 13.7087326
0.6550000 62.3933105
0.6560000 -72.6368942
0.6570000 -62.8358002
0.6580000 -13.3354931
0.6590000 9.1942701
0.6600000 -26.2319298
0.6610000 8.1799107
0.6620000 -17.8986397
0.6630000 -3.0550156
0.6640000 -74.1448975
0.6650000 -27.4951382
0.6660000 -28.0546627
0.6670000 10.0331450
0.6680000 -20.9207935
0.6690000 37.6527405
0.6700000 23.0770321
0.6710000 -59.4224281
0.6720000 1.8030833
0.6730000 -16.9808407
0.6740000 32.3182640
0.6750000 26.7564278
0.6760000 17.0355530
0.6770000 -8.5371943
0.6780000 26.0590744
0.6790000 -3.0485616
0.6800000 19.1157112
0.6810000 31.2707539
0.6820000 23.7337990
0.6830000 39.1544456
0.6840000 -0.1930350
0.6850000 -45.7441788
0.6860000 -4.5805550
0.6870000 -16.1201153
0.6880000 1.2455181
0.6890000 36.5519829
0.6900000 77.4815216
0.6910000 26.2108383
0.6920000 1.5758613
0.6930000 27.7152195
0.6940000 -20.7987022
0.6950000 53.2225533
0.6960000 31.6807365
0.6970000 24.2773533
0.6980000 21.6502132
0.6990000 41.0535088
0.7000000 -53.4661865
0.7010000 7.8203630
0.7020000 -64.2549286
0.7030000 4.9428883
0.7040000 40.9462242
0.7050000 -48.7094841
0.7060000 36.0921478
0.7070000 -22.5074310
0.7080000 6.7291818
0.7090000 35.3014183
0.7100000 -33.1590271
0.7110000 6.1145024
0.7120000 -34.3527603
0.7130000 -49.9295998
0.7140000 15.7773314
0.7150000 1.3293633
0.7160000 -30.4069862
0.7170000 21.7341080
0.7180000 45.1428261
0.7190000 -17.8237591
0.7200000 30.9608288
0.7210000 -13.6722450
0.7220000 -18.8923759
0.7230000 32.9376106
0.7240000 -17.8437519
0.7250000 20.8729286
0.7260000 29.2847214
0.7270000 -25.8173180
0.7280000 -22.6207180
0.7290000 -23.3511868
0.7300000 8.1914654
0.7310000 29.7939377
0.7320000 -51.7611237
0.7330000 42.2019463
0.7340000 -16.0222588
0.7350000 9.1059866
0.7360000 9.8510828
0.7370000 9.9976902
0.7380000 34.1049309
0.7390000 -24.8786583
0.7400000 -23.3817310
0.7410000 70.2400208
0.7420000 30.5474758
0.7430000 -35.1198883
0.7440000 7.6768513
0.7450000 -7.4181056
0.7460000 -31.9740524
0.7470000 -22.8670521
0.7480000 -43.6411781
0.7490000 -25.0967236
0.7500000 85.7035522
0.7510000 -5.5970592
0.7520000 1.7952218
0.7530000 -11.4596596
0.7540000 14.8304300
0.7550000 72.8230667
0.7560000 83.8163223
0.7570000 78.7152328
0.7580000 0.4572750
0.7590000 -45.1057091
0.7600000 36.7953110
0.7610000 -1.2345759
0.7620000 -52.3795547
0.7630000 4.3095522
0.7640000 38.7696648
0.7650000 -4.2817612
0.7660000 42.9570541
0.7670000 35.9510765
0.7680000 7.8275628
0.7690000 -6.9962444
0.7700000 27.6777687
0.7710000 -64.8417435
0.7720000 -16.2601585
0.7730000 -9.6783934
0.7740000 59.8483620
0.7750000 -27.1931763
0.7760000 -7.7917256
0.7770000 -28.8757477
0.7780000 39.9142952
0.7790000 35.0816689
0.7800000 -13.9179363
0.7810000 -34.9772530
0.7820000 28.9817505
0.7830000 -47.9473076
0.7840000 -23.2370243
0.7850000 13.7971582
0.7860000 24.9626617
0.7870000 42.5824928
0.7880000 -9.3543530
0.7890000 17.2359562
0.7900000 3.9909832
0.7910000 -48.6946220
0.7920000 -33.1884842
0.7930000 14.1532116
0.7940000 25.9858608
0.7950000 -9.5748529
0.7960000 -0.1271536
0.7970000 -16.9969902
0.7980000 -10.3712883
0.7990000 -31.9159565
0.8000000 -22.0438290
0.8010000 73.1017990
0.8020000 -116.1418610
0.8030000 11.6424980
0.8040000 25.4403381
0.8050000 44.1195488
0.8060000 37.9813919
0.8070000 -53.0123329
0.8080000 -42.4980087
0.8090000 16.2935429
0.8100000 17.2160969
0.8110000 78.6218948
0.8120000 14.9149637
0.8130000 24.9411430
0.8140000 -60.1797256
0.8150000 45.2410965
0.8160000 -18.1072140
0.8170000 41.5755844
0.8180000 -98.3077927
0.8190000 38.3482170
0.8200000 25.9256420
0.8210000 29.0166054
0.8220000 38.1223373
0.8230000 -25.5294552
0.8240000 -12.7555037
0.8250000 -8.8650141
0.8260000 16.5451145
0.8270000 3.4929507
0.8280000 32.0924797
0.8290000 45.7258339
0.8300000 63.3203659
0.8310000 2.1068785
0.8320000 27.3649349
0.8330000 -67.9428482
0.8340000 -32.1065941
0.8350000 35.0648422
0.8360000 -35.9928703
0.8370000 -20.1159000
0.8380000 5.7571101
0.8390000 -60.6031342
0.8400000 11.4855232
0.8410000 -20.8575363
0.8420000 -18.8255367
0.8430000 11.3093433
0.8440000 54.1154518
0.8450000 75.1978912
0.8460000 40.6921768
0.8470000 -28.2763405
0.8480000 -7.8704109
0.8490000 2.0908954
0.8500000 -19.9064999
0.8510000 15.4854574
0.8520000 16.3563843
0.8530000 38.1009560
0.8540000 13.2400694
0.8550000 -24.2940865
0.8560000 -24.2040386
0.8570000 25.5035439
0.8580000 -2.8402855
0.8590000 -4.1324677
0.8600000 -53.8029785
0.8610000 8.4959011
0.8620000 -7.1437883
0.8630000 55.0114594
0.8640000 58.0474548
0.8650000 45.2021141
0.8660000 -7.1550570
0.8670000 -4.1975389
0.8680000 27.0951195
0.8690000 -17.0216045
0.8700000 -20.8225956
0.8710000 25.4000053
0.8720000 22.0068092
0.8730000 -58.3349953
0.8740000 -50.7052727
0.8750000 -17.7922077
0.8760000 -70.7311096
0.8770000 7.3672023
0.8780000 -17.5630550
0.8790000 -6.9939833
0.8800000 -17.6155033
0.8810000 -7.9412909
0.8820000 -17.6705589
0.8830000 -15.0390968
0.8840000 -28.8152180
0.8850000 21.6363773
0.8860000 9.9676123
0.8870000 3.8449595
0.8880000 5.6441302
0.8890000 63.8959541
0.8900000 -40.5154839
0.8910000 -33.6169853
0.8920000 100.4452591
0.8930000 22.4383259
0.8940000 42.1320877
0.8950000 7.9046426
0.8960000 -2.2851839
0.8970000 -30.4131546
0.8980000 -4.9554501
0.8990000 1.9695160
0.9000000 17.7046909
0.9010000 -12.4602547
0.9020000 -64.1770782
0.9030000 6.7943120
0.9040000 1.8190086
0.9050000 19.4432297
0.9060000 25.9518185
0.9070000 -18.2335014
0.9080000 -28.7533684
0.9090000 12.8130560
0.9100000 -12.2294989
0.9110000 44.1676216
0.9120000 32.6316261
0.9130000 47.8597488
0.9140000 -5.5214758
0.9150000 -47.0792885
0.9160000 24.8536263
0.9170000 10.0426245
0.9180000 -54.8138237
0.9190000 -18.8676243
0.9200000 43.2101250
0.9210000 30.2536411
0.9220000 19.9860687
0.9230000 17.3182774
0.9240000 -8.4270687
0.9250000 -22.8612041
0.9260000 -5.9489007
0.9270000 -64.6148453
0.9280000 -31.4146385
0.9290000 -29.4141827
0.9300000 73.2597961
0.9310000 -14.6292076
0.9320000 -5.2387319
0.9330000 -30.2977791
0.9340000 -64.2919006
0.9350000 46.6788063
0.9360000 16.4594955
0.9370000 6.4227223
0.9380000 23.4927654
0.9390000 35.3363686
0.9400000 -42.2574081
0.9410000 47.3706589
0.9420000 -19.0091839
0.9430000 -52.8089256
0.9440000 -21.6186352
0.9450000 -0.7314821
0.9460000 68.8122101
0.9470000 -26.7953053
0.9480000 -42.8626442
0.9490000 -55.0345840
0.9500000 -5.7809687
0.9510000 -8.9072399
0.9520000 -19.9840240
0.9530000 38.0825043
0.9540000 -24.8923149
0.9550000 74.7376633
0.9560000 2.3195105
0.9570000 -19.7506466
0.9580000 -30.3205948
0.9590000 9.7108870
0.9600000 -8.0978594
0.9610000 -23.4772186
0.9620000 27.7832603
0.9630000 -40.3334236
0.9640000 -21.8300209
0.9650000 2.0333626
0.9660000 -1.8739331
0.9670000 -7.6634264
0.9680000 -27.3010769
0.9690000 -31.9876194
0.9700000 7.1401296
0.9710000 -31.7007771
0.9720000 33.6462669
0.9730000 -30.3252354
0.9740000 -1.5969063
0.9750000 8.1391945
0.9760000 -30.0330582
0.9770000 -52.4545250
0.9780000 -22.2415218
0.9790000 -12.2486706
0.9800000 0.3057854
0.9810000 -65.7797775
0.9820000 1.0600443
0.9830000 1.8029807
0.9840000 -55.3884087
0.9850000 -22.2140408
0.9860000 22.2871475
0.9870000 -31.9792271
0.9880000 -14.5325594
0.9890000 -30.9526882
0.9900000 13.9454794
0.9910000 -45.3044510
0.9920000 -19.6171322
0.9930000 -4.0618892
0.9940000 -19.2166386
0.9950000 23.2719288
0.9960000 -30.0925274
0.9970000 9.2868776
0.9980000 -40.8970528
0.9990000 -20.3902683
