0.0000000 -5.1302643
0.0010000 11.1467009
0.0020000 41.8048897
0.0030000 -101.4607315
0.0040000 13.9533377
0.0050000 3.3921499
0.0060000 10.9960546
0.0070000 55.4343300
0.0080000 -13.1271629
0.0090000 -56.6133499
0.0100000 41.7694206
0.0110000 -8.4508133
0.0120000 39.1383209
0.0130000 33.3336639
0.0140000 64.3177490
0.0150000 -17.2279091
0.0160000 55.5398216
0.0170000 45.4545708
0.0180000 -14.1710196
0.0190000 47.9941330
0.0200000 4.8643436
0.0210000 -21.8947315
0.0220000 30.1500072
0.0230000 41.9408379
0.0240000 -16.7047653
0.0250000 53.8051910
0.0260000 -2.2965479
0.0270000 27.8108883
0.0280000 30.8925495
0.0290000 20.3010311
0.0300000 16.5844097
0.0310000 15.2956610
0.0320000 -58.7958069
0.0330000 -26.1629086
0.0340000 41.9106140
0.0350000 -63.1118965
0.0360000 13.1248741
0.0370000 -11.9224548
0.0380000 12.8790455
0.0390000 17.6905098
0.0400000 28.2310486
0.0410000 10.8887873
0.0420000 -20.0670357
0.0430000 40.9128151
0.0440000 -22.4825306
0.0450000 -29.7369709
0.0460000 22.8083801
0.0470000 -71.3513412
0.0480000 34.2101974
0.0490000 6.6886935
0.0500000 -40.9178543
0.0510000 84.3135605
0.0520000 18.8785915
0.0530000 2.1170805
0.0540000 39.3001251
0.0550000 -32.3997116
0.0560000 17.2154732
0.0570000 -15.4596100
0.0580000 34.1976852
0.0590000 -50.2112274
0.0600000 41.9197578
0.0610000 -20.2313023
0.0620000 -13.5987101
0.0630000 -39.0842133
0.0640000 -21.6673126
0.0650000 37.9098129
0.0660000 -24.3972473
0.0670000 -6.6337686
0.0680000 1.9237579
0.0690000 -67.6666641
0.0700000 31.8113003
0.0710000 -14.1911631
0.0720000 0.2218286
0.0730000 -22.0337944
0.0740000 -12.2634335
0.0750000 -29.0652008
0.0760000 14.8242273
0.0770000 45.0590668
0.0780000 -2.4846029
0.0790000 -10.3654184
0.0800000 -16.1472092
0.0810000 -23.8638000
0.0820000 -33.6069870
0.0830000 8.9109840
0.0840000 65.8453064
0.0850000 -42.7743454
0.0860000 -14.8108425
0.0870000 45.0766296
0.0880000 48.9722214
0.0890000 -7.4770703
0.0900000 -22.3194637
0.0910000 8.6113663
0.0920000 11.8119917
0.0930000 15.5630865
0.0940000 16.4175034
0.0950000 18.2499771
0.0960000 12.6477633
0.0970000 -1.3347851
0.0980000 30.5029564
0.0990000 12.0308151
0.1000000 -21.6176624
0.1010000 79.3995132
0.1020000 -8.6953135
0.1030000 31.7654457
0.1040000 -18.3954315
0.1050000 50.3869934
0.1060000 -39.1808319
0.1070000 13.2161636
0.1080000 -12.8649120
0.1090000 -8.9900951
0.1100000 12.4710789
0.1110000 -31.9065132
0.1120000 24.0676212
0.1130000 63.4605751
0.1140000 0.5588599
0.1150000 10.9941959
0.1160000 -15.7482910
0.1170000 -22.2400608
0.1180000 50.2525482
0.1190000 16.8277340
0.1200000 -58.0447845
0.1210000 -42.8758850
0.1220000 4.3619370
0.1230000 22.9745064
0.1240000 76.2097168
0.1250000 9.1313705
0.1260000 38.6327591
0.1270000 2.4455872
0.1280000 87.2998810
0.1290000 19.9227791
0.1300000 -3.2658715
0.1310000 49.5013351
0.1320000 -16.4531689
0.1330000 -13.2656717
0.1340000 53.1291580
0.1350000 38.5985489
0.1360000 -11.1659174
0.1370000 -26.2590828
0.1380000 -7.3301005
0.1390000 -11.8046265
0.1400000 -35.6370239
0.1410000 -22.3885956
0.1420000 4.8320246
0.1430000 -18.5250721
0.1440000 -49.3689537
0.1450000 47.8455429
0.1460000 -15.3926039
0.1470000 -8.9166965
0.1480000 16.0891380
0.1490000 -4.2810016
0.1500000 -84.8632736
0.1510000 53.3050957
0.1520000 58.6334267
0.1530000 32.6336403
0.1540000 -34.0367470
0.1550000 45.1794930
0.1560000 16.7778111
0.1570000 17.2930317
0.1580000 7.7688093
0.1590000 -14.8555908
0.1600000 -17.1704082
0.1610000 41.6603622
0.1620000 -52.9365959
0.1630000 12.7935762
0.1640000 -20.0969124
0.1650000 -5.1447644
0.1660000 -40.8151131
0.1670000 -39.1602402
0.1680000 41.7680702
0.1690000 56.8116417
0.1700000 -35.5873985
0.1710000 -23.7717266
0.1720000 11.4383459
0.1730000 9.4313087
0.1740000 -11.6625614
0.1750000 -4.0217152
0.1760000 66.1849518
0.1770000 14.3874741
0.1780000 -11.9927330
0.1790000 -59.0119781
0.1800000 -22.0811005
0.1810000 -55.0787849
0.1820000 -12.3232183
0.1830000 41.3211899
0.1840000 46.9855423
0.1850000 -7.5794101
0.1860000 -9.1691561
0.1870000 1.0048550
0.1880000 1.8297309
0.1890000 3.1531224
0.1900000 58.5121574
0.1910000 -48.3860435
0.1920000 -10.8907051
0.1930000 24.0424633
0.1940000 -11.4317360
0.1950000 -88.2612076
0.1960000 5.8107586
0.1970000 -71.6335754
0.1980000 -3.8064406
0.1990000 12.3254337
0.2000000 -19.4492378
0.2010000 -26.6067829
0.2020000 35.0528526
0.2030000 22.3770618
0.2040000 71.7831345
0.2050000 -21.9205456
0.2060000 35.3448868
0.2070000 35.2038231
0.2080000 36.3271561
0.2090000 53.9502945
0.2100000 -57.9412727
0.2110000 -3.6780705
0.2120000 -40.4707489
0.2130000 -2.8238850
0.2140000 38.7672195
0.2150000 -20.5120926
0.2160000 5.0603166
0.2170000 -26.9909897
0.2180000 45.2038002
0.2190000 19.8238678
0.2200000 -6.5977278
0.2210000 26.6703453
0.2220000 36.8484726
0.2230000 -47.3544731
0.2240000 -41.4251900
0.2250000 -38.3394432
0.2260000 9.0374804
0.2270000 19.6565628
0.2280000 -45.1107178
0.2290000 -33.4186325
0.2300000 -13.0777149
0.2310000 19.5470486
0.2320000 -29.2995529
0.2330000 13.7093658
0.2340000 60.0577812
0.2350000 -10.7431812
0.2360000 38.5114708
0.2370000 -37.9194183
0.2380000 34.4178505
0.2390000 -37.3880005
0.2400000 -35.6372757
0.2410000 -56.6547737
0.2420000 -17.6989193
0.2430000 27.1175365
0.2440000 48.5166779
0.2450000 17.9237385
0.2460000 17.3507919
0.2470000 -5.5440898
0.2480000 40.4519463
0.2490000 5.3177538
0.2500000 3.9733510
0.2510000 40.2513657
0.2520000 45.2957687
0.2530000 3.4921958
0.2540000 -33.5232162
0.2550000 35.5919685
0.2560000 9.9394789
0.2570000 -0.8738333
0.2580000 63.9005547
0.2590000 -81.1340103
0.2600000 -7.4492550
0.2610000 -77.7489319
0.2620000 23.9158630
0.2630000 -17.7827969
0.2640000 6.6663170
0.2650000 22.3018246
0.2660000 -11.1545582
0.2670000 43.6689835
0.2680000 -6.8667006
0.2690000 9.2510452
0.2700000 -40.0998344
0.2710000 -30.3921185
0.2720000 24.0656891
0.2730000 30.4559669
0.2740000 18.4641914
0.2750000 -1.0225813
0.2760000 50.2300835
0.2770000 -15.3758564
0.2780000 7.3817220
0.2790000 6.9336748
0.2800000 32.4295998
0.2810000 -6.0146151
0.2820000 -49.2946434
0.2830000 30.3054714
0.2840000 -25.8304539
0.2850000 -2.9370170
0.2860000 -15.2139702
0.2870000 -39.2472038
0.2880000 -26.6565361
0.2890000 20.4072666
0.2900000 35.0046692
0.2910000 -26.6218128
0.2920000 23.8740368
0.2930000 61.1700058
0.2940000 39.7962723
0.2950000 -9.9970093
0.2960000 -23.9330750
0.2970000 54.3999901
0.2980000 -26.6932869
0.2990000 -8.9908142
0.3000000 9.5704126
0.3010000 -95.5701675
0.3020000 0.3279432
0.3030000 -18.3946648
0.3040000 -3.6314890
0.3050000 28.3896580
0.3060000 5.9837871
0.3070000 -37.3953514
0.3080000 -37.5519066
0.3090000 13.7475052
0.3100000 22.6287956
0.3110000 28.6903400
0.3120000 29.4397240
0.3130000 -31.7725430
0.3140000 23.5550938
0.3150000 49.3607712
0.3160000 -34.2219925
0.3170000 43.2349663
0.3180000 49.5023956
0.3190000 6.2438393
0.3200000 -10.2357998
0.3210000 -43.7557144
0.3220000 35.5161324
0.3230000 -6.1132703
0.3240000 21.3986912
0.3250000 -35.8832092
0.3260000 -32.1677017
0.3270000 26.9707146
0.3280000 10.1854153
0.3290000 64.3548279
0.3300000 42.6156693
0.3310000 -47.9249687
0.3320000 18.7009201
0.3330000 82.9876480
0.3340000 -61.8599052
0.3350000 -39.4652214
0.3360000 28.4302521
0.3370000 -48.8041840
0.3380000 40.5268288
0.3390000 41.0153198
0.3400000 34.7786140
0.3410000 -51.7898026
0.3420000 3.1829171
0.3430000 64.9959488
0.3440000 -16.4688816
0.3450000 18.7280121
0.3460000 -8.6702232
0.3470000 -17.2281666
0.3480000 26.7549248
0.3490000 -24.6965179
0.3500000 22.6311874
0.3510000 3.3524806
0.3520000 20.1644707
0.3530000 31.5794296
0.3540000 9.9730806
0.3550000 -14.5665636
0.3560000 13.3484478
0.3570000 2.7773278
0.3580000 -2.2542470
0.3590000 -18.5129776
0.3600000 21.4051723
0.3610000 13.3516989
0.3620000 0.8486173
0.3630000 13.4940739
0.3640000 -48.5595207
0.3650000 6.1406112
0.3660000 -56.1288719
0.3670000 12.6713915
0.3680000 53.0036278
0.3690000 10.3865070
0.3700000 -6.1025229
0.3710000 -9.6699553
0.3720000 -25.5216312
0.3730000 -12.4117165
0.3740000 0.1405530
0.3750000 -85.7594986
0.3760000 -20.2405529
0.3770000 -67.7953644
0.3780000 -30.4880486
0.3790000 2.7813544
0.3800000 -16.2675705
0.3810000 -18.7144051
0.3820000 -34.0421028
0.3830000 -13.7096748
0.3840000 17.9759769
0.3850000 -0.7563461
0.3860000 -19.9362221
0.3870000 -34.0328407
0.3880000 -2.4712570
0.3890000 -41.8201408
0.3900000 -0.0055579
0.3910000 16.3496208
0.3920000 84.9972000
0.3930000 32.3213615
0.3940000 31.5983810
0.3950000 8.0153589
0.3960000 -52.8066368
0.3970000 22.1007824
0.3980000 -10.1652641
0.3990000 -1.7998949
0.4000000 -6.1951280
0.4010000 -60.1029091
0.4020000 65.4453125
0.4030000 3.9687817
0.4040000 -76.3928680
0.4050000 -21.7864189
0.4060000 -10.5803814
0.4070000 13.9545527
0.4080000 -14.0123987
0.4090000 -2.3181586
0.4100000 -71.8556137
0.4110000 -13.7606506
0.4120000 -50.3082199
0.4130000 -4.2764592
0.4140000 57.7380257
0.4150000 -15.6294565
0.4160000 -36.1583672
0.4170000 48.8133011
0.4180000 -47.5676727
0.4190000 0.8391393
0.4200000 15.0929308
0.4210000 20.6243496
0.4220000 42.8830757
0.4230000 -21.7428055
0.4240000 46.1846428
0.4250000 -78.1953583
0.4260000 -1.4447201
0.4270000 0.5818939
0.4280000 14.6534433
0.4290000 -30.4094906
0.4300000 40.9530792
0.4310000 53.6972313
0.4320000 -71.5325623
0.4330000 73.1506729
0.4340000 27.7966137
0.4350000 23.7322865
0.4360000 -23.6892452
0.4370000 72.8576355
0.4380000 -20.1951923
0.4390000 44.2068825
0.4400000 52.0453262
0.4410000 49.9580574
0.4420000 -12.3326530
0.4430000 -65.6663361
0.4440000 -43.6811180
0.4450000 -24.1005020
0.4460000 70.5121765
0.4470000 -52.9807320
0.4480000 -83.4271317
0.4490000 17.7666721
0.4500000 -97.7894287
0.4510000 76.5422211
0.4520000 -15.7388792
0.4530000 -7.3323455
0.4540000 -60.1213684
0.4550000 34.7535362
0.4560000 -16.6383476
0.4570000 29.6155987
0.4580000 5.3944864
0.4590000 1.4555292
0.4600000 15.4064941
0.4610000 -34.0998573
0.4620000 -33.8692017
0.4630000 54.1343231
0.4640000 -25.1754608
0.4650000 -55.2846870
0.4660000 -10.5127106
0.4670000 -43.3256950
0.4680000 25.8933716
0.4690000 11.7424994
0.4700000 -43.6628876
0.4710000 0.9800225
0.4720000 -77.8934937
0.4730000 -23.3963013
0.4740000 20.7871437
0.4750000 -49.8786392
0.4760000 0.1899280
0.4770000 -38.9694862
0.4780000 -20.1641331
0.4790000 -12.7797766
0.4800000 -65.6105957
0.4810000 -28.8854885
0.4820000 -16.5698242
0.4830000 -95.5869980
0.4840000 -38.7225571
0.4850000 3.4078419
0.4860000 0.6535068
0.4870000 -28.4166412
0.4880000 48.2022400
0.4890000 -26.3884506
0.4900000 20.1588402
0.4910000 -19.9842033
0.4920000 -18.9554539
0.4930000 -3.0768754
0.4940000 20.8301048
0.4950000 -17.9984970
0.4960000 -16.1034756
0.4970000 56.0241241
0.4980000 -14.8193188
0.4990000 43.9336700
0.5000000 -9.1595354
0.5010000 3.1118357
0.5020000 -29.1230431
0.5030000 -30.1499901
0.5040000 -51.7860489
0.5050000 11.0488901
0.5060000 -33.3866806
0.5070000 -4.3998957
0.5080000 -1.7806741
0.5090000 -10.0275917
0.5100000 -7.2197633
0.5110000 -29.6793022
0.5120000 24.0095291
0.5130000 6.9334331
0.5140000 1.4694972
0.5150000 -22.7166748
0.5160000 32.5639000
0.5170000 -32.0571938
0.5180000 -40.9606018
0.5190000 -68.2225418
0.5200000 -1.9498177
0.5210000 -5.9167066
0.5220000 -1.4603313
0.5230000 -69.2354431
0.5240000 42.9198189
0.5250000 -44.1591377
0.5260000 20.7619381
0.5270000 -7.9559216
0.5280000 41.1866913
0.5290000 2.5820343
0.5300000 65.0115128
0.5310000 -0.2844433
0.5320000 8.8126783
0.5330000 34.2226295
0.5340000 -6.5377707
0.5350000 57.7788391
0.5360000 -47.6409302
0.5370000 20.2377739
0.5380000 -30.8948994
0.5390000 21.6488800
0.5400000 13.6962261
0.5410000 26.9557705
0.5420000 11.1431961
0.5430000 -16.9122543
0.5440000 18.0277863
0.5450000 2.0610709
0.5460000 64.2536469
0.5470000 -44.3338165
0.5480000 -8.4774199
0.5490000 -6.0787029
0.5500000 22.8959789
0.5510000 33.0161858
0.5520000 -0.5095789
0.5530000 2.9775438
0.5540000 1.7955245
0.5550000 34.3318977
0.5560000 -26.2442780
0.5570000 41.7819252
0.5580000 18.1959629
0.5590000 -53.1776886
0.5600000 17.5923347
0.5610000 -7.3345728
0.5620000 -45.1547279
0.5630000 -19.0327854
0.5640000 -3.3978648
0.5650000 35.1947708
0.5660000 4.3639536
0.5670000 -16.7959824
0.5680000 11.4940987
0.5690000 -51.9457130
0.5700000 -19.4385529
0.5710000 22.5861759
0.5720000 10.6600018
0.5730000 8.7146587
0.5740000 11.1784916
0.5750000 15.2903423
0.5760000 -23.7527924
0.5770000 10.8873882
0.5780000 12.3853731
0.5790000 -0.5276157
0.5800000 23.9140720
0.5810000 -77.9733887
0.5820000 20.8403244
0.5830000 -36.6484947
0.5840000 -57.8559761
0.5850000 -83.1296997
0.5860000 -2.2869818
0.5870000 28.1638908
0.5880000 -14.7990150
0.5890000 -9.4677763
0.5900000 -35.7070961
0.5910000 17.4316177
0.5920000 2.5473006
0.5930000 -11.5385914
0.5940000 -9.5319462
0.5950000 9.8720102
0.5960000 18.9571018
0.5970000 -37.4917870
0.5980000 57.3968010
0.5990000 11.5645952
0.6000000 31.4781761
0.6010000 10.3821068
0.6020000 16.4299603
0.6030000 18.9886284
0.6040000 46.4797020
0.6050000 17.6468582
0.6060000 3.5685265
0.6070000 24.3047714
0.6080000 24.8372135
0.6090000 20.8750515
0.6100000 -43.7770996
0.6110000 28.6528625
0.6120000 61.2271767
0.6130000 45.6923981
0.6140000 -42.5464020
0.6150000 59.3494263
0.6160000 18.0785732
0.6170000 -17.1988049
0.6180000 -5.0686083
0.6190000 -10.9637003
0.6200000 26.6934128
0.6210000 25.4834385
0.6220000 -7.7030082
0.6230000 35.4385071
0.6240000 50.3053856
0.6250000 -4.7990551
0.6260000 22.4056244
0.6270000 -67.3564835
0.6280000 1.4919366
0.6290000 -14.0959301
0.6300000 56.5498924
0.6310000 65.8558655
0.6320000 -15.8314466
0.6330000 1.4662223
0.6340000 35.6439056
0.6350000 32.8191948
0.6360000 -28.0270958
0.6370000 2.6823704
0.6380000 32.1610336
0.6390000 7.3137712
0.6400000 -8.9506187
0.6410000 2.6410320
0.6420000 -24.8685055
0.6430000 -38.7852898
0.6440000 -31.1119633
0.6450000 36.0533867
0.6460000 -7.0990438
0.6470000 28.0435600
0.6480000 36.1404305
0.6490000 -57.8331375
0.6500000 -12.7952738
0.6510000 -71.9377289
0.6520000 13.3951769
0.6530000 4.5530348
0.6540000 45.0288506
0.6550000 -49.7400932
0.6560000 30.0039291
0.6570000 37.6412468
0.6580000 -33.9395065
0.6590000 -12.3277512
0.6600000 -34.9180298
0.6610000 5.8238368
0.6620000 -7.5669131
0.6630000 38.0320358
0.6640000 10.6805792
0.6650000 -38.7670174
0.6660000 3.7988110
0.6670000 -31.2709827
0.6680000 -3.0197105
0.6690000 -18.3317833
0.6700000 4.2484927
0.6710000 7.2752695
0.6720000 -20.1735916
0.6730000 -63.2808952
0.6740000 6.4913292
0.6750000 -5.3517227
0.6760000 -21.5370502
0.6770000 -6.0918775
0.6780000 27.3568420
0.6790000 25.6648426
0.6800000 74.6113586
0.6810000 10.6834326
0.6820000 -60.3812561
0.6830000 -60.8859787
0.6840000 -33.8200073
0.6850000 -8.8112135
0.6860000 50.8396988
0.6870000 -31.3076725
0.6880000 39.8004570
0.6890000 40.1894913
0.6900000 -14.7271910
0.6910000 67.1390076
0.6920000 -39.9698448
0.6930000 13.6827126
0.6940000 -16.3237629
0.6950000 -1.7267579
0.6960000 40.0944252
0.6970000 -36.8404808
0.6980000 6.3921728
0.6990000 42.3035126
0.7000000 -5.5377011
0.7010000 27.9100533
0.7020000 -39.3584518
0.7030000 1.7979163
0.7040000 93.6632004
0.7050000 -10.0397434
0.7060000 94.2278671
0.7070000 27.0375175
0.7080000 -46.6083260
0.7090000 -34.5022087
0.7100000 77.7189713
0.7110000 -18.7078285
0.7120000 19.0990620
0.7130000 5.0648174
0.7140000 1.0795592
0.7150000 32.6937675
0.7160000 -17.5766296
0.7170000 27.3098564
0.7180000 11.7493210
0.7190000 7.5367680
0.7200000 -4.5088844
0.7210000 28.1997929
0.7220000 20.9894581
0.7230000 92.9384232
0.7240000 -90.6485825
0.7250000 -1.1299077
0.7260000 0.1851751
0.7270000 10.9513712
0.7280000 22.5317516
0.7290000 -19.8473377
0.7300000 -12.2490206
0.7310000 4.5755515
0.7320000 44.4156456
0.7330000 -19.5762081
0.7340000 1.4844204
0.7350000 26.9372406
0.7360000 -35.9989815
0.7370000 -0.6594864
0.7380000 1.1942940
0.7390000 8.2602167
0.7400000 -56.6436234
0.7410000 -22.3570347
0.7420000 27.4741230
0.7430000 -74.1515961
0.7440000 26.9109707
0.7450000 -2.9796624
0.7460000 7.2213912
0.7470000 -7.6959600
0.7480000 61.9790459
0.7490000 43.0770187
0.7500000 13.5969772
0.7510000 -28.2043762
0.7520000 -26.8775349
0.7530000 -59.1458206
0.7540000 25.4237823
0.7550000 -29.3020821
0.7560000 22.8681870
0.7570000 -39.0632324
0.7580000 24.1364231
0.7590000 54.5740776
0.7600000 -59.8813896
0.7610000 14.6879110
0.7620000 -31.2900963
0.7630000 34.7266464
0.7640000 17.0450096
0.7650000 -2.3867598
0.7660000 23.4116135
0.7670000 -22.3912506
0.7680000 -23.0834618
0.7690000 54.8507462
0.7700000 -0.3056507
0.7710000 52.7909966
0.7720000 18.0578041
0.7730000 0.1853013
0.7740000 -43.9660339
0.7750000 -51.5846291
0.7760000 45.4910927
0.7770000 -8.2295523
0.7780000 2.8300920
0.7790000 63.6533890
0.7800000 48.3219757
0.7810000 -11.4256525
0.7820000 14.7382822
0.7830000 -18.5733414
0.7840000 50.3769150
0.7850000 17.8422394
0.7860000 -26.7115326
0.7870000 54.9832230
0.7880000 -10.2282429
0.7890000 12.2798300
0.7900000 17.3178349
0.7910000 -24.5834198
0.7920000 56.8312263
0.7930000 11.5312996
0.7940000 27.3888855
0.7950000 27.5527515
0.7960000 -10.8601923
0.7970000 33.1327362
0.7980000 10.5013676
0.7990000 -97.5673828
0.8000000 -13.9828596
0.8010000 9.3232870
0.8020000 -26.6147194
0.8030000 20.8806057
0.8040000 4.9608860
0.8050000 49.6373482
0.8060000 71.2093887
0.8070000 -40.5232544
0.8080000 13.5735407
0.8090000 36.0464096
0.8100000 21.1544304
0.8110000 17.7274723
0.8120000 -1.5510263
0.8130000 -51.0325203
0.8140000 11.2341175
0.8150000 -19.0270233
0.8160000 -12.2600861
0.8170000 -17.2439213
0.8180000 -78.6003571
0.8190000 11.2282314
0.8200000 3.3763003
0.8210000 10.8636713
0.8220000 -42.4905624
0.8230000 75.8985519
0.8240000 1.2599841
0.8250000 -10.9404936
0.8260000 25.9129066
0.8270000 46.0857468
0.8280000 8.6986904
0.8290000 9.4503889
0.8300000 13.3584337
0.8310000 6.1761017
0.8320000 -86.1480179
0.8330000 20.4566574
0.8340000 14.5702333
0.8350000 44.3809471
0.8360000 37.7468948
0.8370000 0.4551837
0.8380000 54.7135887
0.8390000 12.0698957
0.8400000 -18.1182270
0.8410000 37.2398338
0.8420000 -21.3514137
0.8430000 -56.3428040
0.8440000 -6.8197923
0.8450000 38.6552582
0.8460000 -8.8724604
0.8470000 58.6057510
0.8480000 35.7100983
0.8490000 15.6671734
0.8500000 -5.5880675
0.8510000 52.1963997
0.8520000 -20.9124622
0.8530000 -41.8008995
0.8540000 -63.3762779
0.8550000 79.6292038
0.8560000 56.4029083
0.8570000 11.6084909
0.8580000 51.3962326
0.8590000 -29.9057617
0.8600000 22.3764458
0.8610000 17.9070625
0.8620000 -13.2727966
0.8630000 15.3782597
0.8640000 26.3597832
0.8650000 -34.9633865
0.8660000 -33.7175255
0.8670000 -30.9024086
0.8680000 -3.7053838
0.8690000 -13.9370251
0.8700000 -50.2405548
0.8710000 -24.2680187
0.8720000 58.1245728
0.8730000 -45.2765503
0.8740000 33.4567757
0.8750000 -14.0274496
0.8760000 -3.3378837
0.8770000 -30.8220539
0.8780000 47.3270454
0.8790000 -19.8096867
0.8800000 14.0747843
0.8810000 45.2284164
0.8820000 -1.1326363
0.8830000 -14.4239492
0.8840000 -53.0851250
0.8850000 -8.4810209
0.8860000 -14.9017363
0.8870000 -50.0349884
0.8880000 18.4703979
0.8890000 -2.6700726
0.8900000 44.5060196
0.8910000 57.4775810
0.8920000 29.9456120
0.8930000 39.8893051
0.8940000 -25.2731514
0.8950000 36.5211334
0.8960000 -1.9602798
0.8970000 29.7377281
0.8980000 6.3937716
0.8990000 13.8782196
0.9000000 -40.0091286
0.9010000 4.3228273
0.9020000 66.2190628
0.9030000 19.8877525
0.9040000 -59.7279968
0.9050000 -34.5021019
0.9060000 -15.5033770
0.9070000 -6.5535512
0.9080000 54.5894775
0.9090000 -19.3009434
0.9100000 -8.0934372
0.9110000 55.3268967
0.9120000 -32.3424759
0.9130000 -10.9215136
0.9140000 37.4242210
0.9150000 29.7663822
0.9160000 -21.0448551
0.9170000 24.9411678
0.9180000 -5.1174822
0.9190000 31.4699612
0.9200000 9.4704657
0.9210000 57.2055054
0.9220000 -7.1526017
0.9230000 1.4002186
0.9240000 32.2279816
0.9250000 10.7274218
0.9260000 5.2824397
0.9270000 31.8153610
0.9280000 13.7097654
0.9290000 -18.5749798
0.9300000 -42.7156754
0.9310000 15.3522930
0.9320000 1.4759688
0.9330000 -10.3347940
0.9340000 -10.3366652
0.9350000 16.7579746
0.9360000 -12.1180897
0.9370000 15.4148340
0.9380000 2.9517868
0.9390000 -16.3988342
0.9400000 -87.5040665
0.9410000 92.6541214
0.9420000 27.9031487
0.9430000 77.0255432
0.9440000 30.5939808
0.9450000 -1.7415322
0.9460000 14.9476042
0.9470000 14.2287035
0.9480000 3.6391797
0.9490000 68.2229004
0.9500000 39.2241287
0.9510000 47.3246727
0.9520000 -4.2632108
0.9530000 -83.2096176
0.9540000 -5.1939988
0.9550000 -45.3044090
0.9560000 20.5101948
0.9570000 16.5349808
0.9580000 -45.7621002
0.9590000 -26.7684746
0.9600000 -4.0236115
0.9610000 1.7259487
0.9620000 -36.2650795
0.9630000 19.6450768
0.9640000 -18.8039932
0.9650000 -1.2553099
0.9660000 -10.8935480
0.9670000 -71.3768845
0.9680000 -39.1411591
0.9690000 25.8972435
0.9700000 43.7496719
0.9710000 9.1575155
0.9720000 1.8459291
0.9730000 -28.8409977
0.9740000 28.9620209
0.9750000 -4.1388998
0.9760000 -31.6223545
0.9770000 27.7488441
0.9780000 -48.1501122
0.9790000 -36.0466461
0.9800000 -56.3419876
0.9810000 5.5140333
0.9820000 -19.3252201
0.9830000 39.0746574
0.9840000 -30.1016788
0.9850000 24.5980759
0.9860000 21.0262985
0.9870000 44.7043266
0.9880000 -55.0559349
0.9890000 -30.3427048
0.9900000 27.8100281
0.9910000 -64.1555023
0.9920000 -15.6219864
0.9930000 14.1902027
0.9940000 -18.1547241
0.9950000 -8.1490469
0.9960000 8.0048456
0.9970000 -1.3398398
0.9980000 9.2060080
0.9990000 -7.2849741
