0.0000000 71.6923141
0.0010000 -18.9736156
0.0020000 21.2502079
0.0030000 0.4329162
0.0040000 72.7453690
0.0050000 -24.4023476
0.0060000 -31.8807316
0.0070000 -53.0550346
0.0080000 28.1241760
0.0090000 3.1897013
0.0100000 -8.6208105
0.0110000 -55.6425819
0.0120000 -6.4496393
0.0130000 25.2680492
0.0140000 -25.5032463
0.0150000 -17.6622105
0.0160000 18.7725506
0.0170000 -47.3358498
0.0180000 43.7890625
0.0190000 -46.5953979
0.0200000 -37.5523491
0.0210000 -69.8320389
0.0220000 22.2825050
0.0230000 -25.6099033
0.0240000 59.7366447
0.0250000 23.8697910
0.0260000 52.4264717
0.0270000 -11.4420967
0.0280000 -48.3843193
0.0290000 -17.7402439
0.0300000 20.6565056
0.0310000 -38.4631805
0.0320000 44.1234131
0.0330000 -8.0387583
0.0340000 7.7667723
0.0350000 -11.6434727
0.0360000 16.2015953
0.0370000 -21.2584400
0.0380000 -2.4370282
0.0390000 -35.2186279
0.0400000 -74.5069122
0.0410000 17.2739143
0.0420000 36.8252296
0.0430000 39.5290527
0.0440000 -37.3060989
0.0450000 -39.0244408
0.0460000 8.5114717
0.0470000 17.3764858
0.0480000 -45.1880836
0.0490000 78.7038193
0.0500000 -31.0839443
0.0510000 -1.9739939
0.0520000 0.8229431
0.0530000 -5.1332550
0.0540000 -4.9692836
0.0550000 -47.1299095
0.0560000 -13.0655394
0.0570000 -0.2646088
0.0580000 62.4223404
0.0590000 -90.1432419
0.0600000 -7.6331239
0.0610000 -51.9824524
0.0620000 -34.9494171
0.0630000 72.9140320
0.0640000 12.0166769
0.0650000 -14.3851280
0.0660000 104.7833328
0.0670000 82.7446213
0.0680000 -10.3316803
0.0690000 -69.2581787
0.0700000 36.4865913
0.0710000 38.9117584
0.0720000 -7.7838697
0.0730000 -56.4558296
0.0740000 -41.1576920
0.0750000 27.7259674
0.0760000 -15.0120630
0.0770000 85.8650589
0.0780000 -35.5605927
0.0790000 -9.3926449
0.0800000 -45.8389359
0.0810000 20.5867214
0.0820000 9.9081488
0.0830000 14.3904781
0.0840000 -22.7328339
0.0850000 -18.6794853
0.0860000 -16.7122192
0.0870000 12.9205055
0.0880000 -37.9713326
0.0890000 20.1602879
0.0900000 7.3494368
0.0910000 57.5881577
0.0920000 14.6072130
0.0930000 10.8667564
0.0940000 13.6978531
0.0950000 1.8478667
0.0960000 -32.0115623
0.0970000 -35.4025841
0.0980000 -29.2136135
0.0990000 -21.9515553
0.1000000 -25.9334583
0.1010000 -57.1184425
0.1020000 -58.6930161
0.1030000 -9.0246572
0.1040000 37.1244926
0.1050000 -23.1550903
0.1060000 -25.8023911
0.1070000 -3.4016664
0.1080000 4.6881819
0.1090000 74.0895538
0.1100000 5.0301728
0.1110000 -3.7443964
0.1120000 -4.4060903
0.1130000 -31.9837570
0.1140000 -48.6343765
0.1150000 -6.1013598
0.1160000 16.2504101
0.1170000 23.7509155
0.1180000 -72.0546112
0.1190000 -13.7867708
0.1200000 -22.4559574
0.1210000 54.4824028
0.1220000 -89.4881287
0.1230000 76.8288498
0.1240000 36.1571922
0.1250000 13.8686047
0.1260000 -28.4577827
0.1270000 42.6072502
0.1280000 -25.4095631
0.1290000 65.0353851
0.1300000 72.9473495
0.1310000 -100.4101715
0.1320000 33.3772583
0.1330000 -52.1173744
0.1340000 -2.0756087
0.1350000 5.9756908
0.1360000 67.3816147
0.1370000 -10.9713211
0.1380000 25.8037052
0.1390000 -5.4324751
0.1400000 19.9218483
0.1410000 -35.8001175
0.1420000 -21.2410870
0.1430000 15.9529552
0.1440000 -4.4924650
0.1450000 18.5777874
0.1460000 16.6420345
0.1470000 18.0564098
0.1480000 -13.4554338
0.1490000 55.4988289
0.1500000 14.5051146
0.1510000 -95.5428467
0.1520000 -39.9618568
0.1530000 -23.0903168
0.1540000 -26.8791161
0.1550000 -58.5987549
0.1560000 -69.1538773
0.1570000 48.3861427
0.1580000 38.4640732
0.1590000 -38.9128532
0.1600000 -7.1354413
0.1610000 10.7223244
0.1620000 -36.0063667
0.1630000 37.5970421
0.1640000 -31.7851295
0.1650000 -69.9382401
0.1660000 13.5302658
0.1670000 19.6218166
0.1680000 27.3032589
0.1690000 32.2577515
0.1700000 -14.1375532
0.1710000 34.5261536
0.1720000 20.7850552
0.1730000 8.4374437
0.1740000 -4.4276829
0.1750000 -33.1764908
0.1760000 -22.8726788
0.1770000 11.5028629
0.1780000 -22.8599720
0.1790000 11.7971134
0.1800000 5.8125019
0.1810000 14.2440138
0.1820000 84.8617172
0.1830000 -27.6144180
0.1840000 4.1610312
0.1850000 88.6504669
0.1860000 -46.3825417
0.1870000 16.6491508
0.1880000 17.8492107
0.1890000 49.4076996
0.1900000 55.9164085
0.1910000 -33.7968903
0.1920000 -10.4082832
0.1930000 29.9074993
0.1940000 -1.4533945
0.1950000 -61.6380043
0.1960000 19.2172012
0.1970000 1.4981133
0.1980000 44.1132545
0.1990000 54.5505180
0.2000000 22.5315723
0.2010000 -19.5624676
0.2020000 -24.2790012
0.2030000 11.9515333
0.2040000 -17.6733475
0.2050000 1.4910754
0.2060000 48.8983116
0.2070000 -25.2071171
0.2080000 16.2722149
0.2090000 6.8917861
0.2100000 -8.1063442
0.2110000 -42.0179749
0.2120000 49.3117218
0.2130000 -59.3373718
0.2140000 79.1958542
0.2150000 -26.9049282
0.2160000 2.6352177
0.2170000 -17.9935856
0.2180000 -46.0058784
0.2190000 13.1671171
0.2200000 -45.1122971
0.2210000 -21.7688427
0.2220000 57.3127747
0.2230000 -45.1274757
0.2240000 -6.2777171
0.2250000 -1.4134343
0.2260000 16.6270790
0.2270000 8.2908688
0.2280000 -12.9225798
0.2290000 18.8451366
0.2300000 0.4438877
0.2310000 11.1779213
0.2320000 -32.2021370
0.2330000 -4.7989316
0.2340000 -14.4909325
0.2350000 -46.0112495
0.2360000 -27.9516926
0.2370000 -22.5359821
0.2380000 14.5138302
0.2390000 -22.6981640
0.2400000 -15.2245588
0.2410000 -42.2891541
0.2420000 -56.4684143
0.2430000 72.6306992
0.2440000 -3.0561507
0.2450000 -29.2250710
0.2460000 -10.1777411
0.2470000 -7.3242798
0.2480000 26.3857193
0.2490000 30.7922764
0.2500000 -10.6003456
0.2510000 28.0116806
0.2520000 9.9910679
0.2530000 30.2263470
0.2540000 -24.1573639
0.2550000 6.2767220
0.2560000 30.3354206
0.2570000 -22.8597088
0.2580000 -16.3729916
0.2590000 -6.6404777
0.2600000 -39.4734039
0.2610000 16.4432983
0.2620000 18.4418430
0.2630000 -22.7684212
0.2640000 7.4256434
0.2650000 -38.0378418
0.2660000 -12.5669031
0.2670000 -6.1310511
0.2680000 46.8425102
0.2690000 -34.5343857
0.2700000 41.4923782
0.2710000 10.1836567
0.2720000 27.4266281
0.2730000 64.5594788
0.2740000 12.9358444
0.2750000 3.4110267
0.2760000 -17.5599232
0.2770000 10.7253523
0.2780000 9.2374287
0.2790000 31.8617592
0.2800000 52.7808571
0.2810000 -5.0504999
0.2820000 51.9708061
0.2830000 0.8933721
0.2840000 -81.1260223
0.2850000 -66.2889557
0.2860000 30.8370628
0.2870000 37.4996719
0.2880000 31.2551804
0.2890000 11.8420839
0.2900000 -5.3808422
0.2910000 -29.6055355
0.2920000 -60.2753410
0.2930000 7.5457749
0.2940000 -35.9900093
0.2950000 38.6972809
0.2960000 2.8106189
0.2970000 32.7332230
0.2980000 90.5202103
0.2990000 -5.1545038
0.3000000 15.9383039
0.3010000 -83.9902878
0.3020000 18.7178192
0.3030000 21.1355782
0.3040000 20.8357525
0.3050000 -32.0061417
0.3060000 -24.6635723
0.3070000 -6.2539606
0.3080000 19.8897877
0.3090000 -20.9978199
0.3100000 5.8221922
0.3110000 40.6008224
0.3120000 -3.0397947
0.3130000 -14.7304583
0.3140000 7.6159983
0.3150000 -41.1634674
0.3160000 40.8687172
0.3170000 -7.2229738
0.3180000 -7.5091453
0.3190000 -82.6907806
0.3200000 16.4511547
0.3210000 -24.4302559
0.3220000 -14.9036312
0.3230000 -44.6875381
0.3240000 -33.2144012
0.3250000 -59.6906967
0.3260000 -22.5322914
0.3270000 20.8137932
0.3280000 91.8014679
0.3290000 -101.2306366
0.3300000 -30.0148067
0.3310000 20.2031384
0.3320000 -7.2251668
0.3330000 -10.5486565
0.3340000 15.7735443
0.3350000 -51.1334076
0.3360000 5.4561634
0.3370000 5.6695333
0.3380000 37.6581192
0.3390000 -2.7416265
0.3400000 -56.0661545
0.3410000 -12.7360992
0.3420000 30.6644478
0.3430000 64.4730682
0.3440000 31.8934765
0.3450000 11.8756437
0.3460000 -88.1221771
0.3470000 -51.8299179
0.3480000 16.2811756
0.3490000 6.1988368
0.3500000 41.4238358
0.3510000 -54.9640007
0.3520000 51.6757660
0.3530000 -12.9905643
0.3540000 -21.2753372
0.3550000 3.2277937
0.3560000 -23.7509251
0.3570000 2.9573286
0.3580000 -72.9519119
0.3590000 -53.1255798
0.3600000 -28.6203327
0.3610000 14.7532053
0.3620000 -6.2980785
0.3630000 30.9646339
0.3640000 12.9223700
0.3650000 -28.3711166
0.3660000 19.9679317
0.3670000 -7.9599600
0.3680000 61.0696030
0.3690000 -79.8762741
0.3700000 -6.5280733
0.3710000 19.5476780
0.3720000 14.6869030
0.3730000 84.6471481
0.3740000 -2.0541942
0.3750000 -21.0687122
0.3760000 -14.8619280
0.3770000 47.5147247
0.3780000 -24.3537407
0.3790000 11.7691822
0.3800000 3.1951985
0.3810000 -1.7028437
0.3820000 39.0241470
0.3830000 -0.8393521
0.3840000 0.0023648
0.3850000 21.6954155
0.3860000 -32.9842567
0.3870000 78.4664307
0.3880000 -18.3077393
0.3890000 -12.2090979
0.3900000 -47.2080078
0.3910000 -39.7072754
0.3920000 -31.5499496
0.3930000 19.5952396
0.3940000 25.9091187
0.3950000 11.2248936
0.3960000 -24.4756413
0.3970000 1.5212250
0.3980000 39.1786537
0.3990000 37.2280273
0.4000000 -31.1599236
0.4010000 -7.9322767
0.4020000 18.2291622
0.4030000 -70.5539246
0.4040000 18.2356129
0.4050000 36.6909866
0.4060000 13.8740644
0.4070000 8.4668112
0.4080000 60.2228813
0.4090000 69.7475128
0.4100000 -9.4518881
0.4110000 -32.9544983
0.4120000 72.5209885
0.4130000 -55.0126724
0.4140000 -32.4447174
0.4150000 45.1569824
0.4160000 -28.9697285
0.4170000 29.7635307
0.4180000 5.6755896
0.4190000 -15.3830595
0.4200000 42.7652206
0.4210000 60.2986832
0.4220000 42.9113121
0.4230000 14.0040054
0.4240000 -1.6948214
0.4250000 4.9645376
0.4260000 22.6184978
0.4270000 90.3603668
0.4280000 24.3108425
0.4290000 -12.7650976
0.4300000 -40.0404091
0.4310000 64.5885696
0.4320000 9.1226301
0.4330000 5.7497344
0.4340000 38.9343834
0.4350000 11.6805840
0.4360000 -24.9864902
0.4370000 -36.1037292
0.4380000 -23.1093178
0.4390000 -34.8390846
0.4400000 4.1657696
0.4410000 -22.9404354
0.4420000 12.0228691
0.4430000 10.4880371
0.4440000 -51.8159485
0.4450000 30.3970566
0.4460000 -71.5207825
0.4470000 14.8331966
0.4480000 -9.3236294
0.4490000 3.7985027
0.4500000 -33.9131699
0.4510000 -7.3094430
0.4520000 4.0124021
0.4530000 -12.4817038
0.4540000 44.3140450
0.4550000 23.2679214
0.4560000 22.2459412
0.4570000 7.5787807
0.4580000 -78.9697037
0.4590000 -45.1982155
0.4600000 -55.0020866
0.4610000 -4.0642490
0.4620000 -20.7593651
0.4630000 53.1359138
0.4640000 30.8403873
0.4650000 -2.9374642
0.4660000 -34.9449387
0.4670000 -40.6332512
0.4680000 -35.1123428
0.4690000 -4.7445970
0.4700000 -36.7766914
0.4710000 3.0219877
0.4720000 -35.8542404
0.4730000 22.1639576
0.4740000 -19.1199093
0.4750000 -24.6258888
0.4760000 -0.6817290
0.4770000 27.6283150
0.4780000 28.8692608
0.4790000 15.9992085
0.4800000 -6.0462637
0.4810000 16.2701550
0.4820000 72.3910904
0.4830000 16.8065605
0.4840000 27.1256771
0.4850000 -29.7601719
0.4860000 -1.3928097
0.4870000 64.1893311
0.4880000 -39.1024818
0.4890000 -1.0505569
0.4900000 40.3738441
0.4910000 -14.9869757
0.4920000 -15.5017223
0.4930000 23.1222324
0.4940000 -28.9917431
0.4950000 58.2473488
0.4960000 0.1978573
0.4970000 -19.2836208
0.4980000 22.5253353
0.4990000 -6.1786571
0.5000000 45.0784950
0.5010000 52.2741890
0.5020000 19.5746231
0.5030000 26.7193031
0.5040000 5.3073387
0.5050000 -11.5016356
0.5060000 -24.3852844
0.5070000 -1.1063428
0.5080000 12.2484798
0.5090000 17.1357899
0.5100000 3.1341124
0.5110000 -15.6515341
0.5120000 10.3677006
0.5130000 -38.3954811
0.5140000 -23.9367161
0.5150000 42.1147003
0.5160000 -7.3541088
0.5170000 33.0127144
0.5180000 -32.4260330
0.5190000 -70.8695602
0.5200000 -25.5269337
0.5210000 -11.6345186
0.5220000 28.5772419
0.5230000 -23.2008152
0.5240000 28.2602386
0.5250000 -50.1325188
0.5260000 59.5109520
0.5270000 4.2476110
0.5280000 -34.8424187
0.5290000 -37.2874413
0.5300000 -32.4754219
0.5310000 1.3850060
0.5320000 -19.9851265
0.5330000 -49.1008568
0.5340000 -21.5956993
0.5350000 72.6483307
0.5360000 8.3399992
0.5370000 1.1740619
0.5380000 29.4305191
0.5390000 47.3704109
0.5400000 -39.8802681
0.5410000 15.8521185
0.5420000 -10.4811573
0.5430000 -30.4959049
0.5440000 -20.8880348
0.5450000 6.4616909
0.5460000 19.1311913
0.5470000 26.0127506
0.5480000 -22.6548805
0.5490000 -71.1626282
0.5500000 30.4961319
0.5510000 13.6915998
0.5520000 90.5850983
0.5530000 -44.0712776
0.5540000 34.5396271
0.5550000 -15.0185061
0.5560000 -35.5532417
0.5570000 -20.2675915
0.5580000 -42.4697342
0.5590000 -16.2751369
0.5600000 16.8590660
0.5610000 18.2119274
0.5620000 36.2687454
0.5630000 -70.7033539
0.5640000 50.1240425
0.5650000 -43.0075798
0.5660000 -8.8264580
0.5670000 25.0233879
0.5680000 -28.1150303
0.5690000 22.5289268
0.5700000 -31.7183304
0.5710000 -23.9163189
0.5720000 56.0404854
0.5730000 39.3600998
0.5740000 10.4236841
0.5750000 10.2675066
0.5760000 34.7145386
0.5770000 17.9585648
0.5780000 35.4456787
0.5790000 -0.4892673
0.5800000 -4.4970913
0.5810000 -27.3478031
0.5820000 29.5969467
0.5830000 65.5646744
0.5840000 10.6084881
0.5850000 29.5749989
0.5860000 -10.2180386
0.5870000 30.8391113
0.5880000 5.0511761
0.5890000 67.5858841
0.5900000 82.1808701
0.5910000 22.8982449
0.5920000 -21.7738018
0.5930000 11.1708422
0.5940000 -27.9396210
0.5950000 -47.2482643
0.5960000 -52.5620537
0.5970000 4.0775685
0.5980000 52.5381279
0.5990000 -30.4366989
0.6000000 39.2339096
0.6010000 1.7598442
0.6020000 16.8560085
0.6030000 0.6854711
0.6040000 -21.1458378
0.6050000 8.3724384
0.6060000 -0.5166573
0.6070000 81.7562714
0.6080000 -22.6393700
0.6090000 -35.6953087
0.6100000 -39.0169754
0.6110000 5.0735407
0.6120000 1.0513035
0.6130000 -2.7008493
0.6140000 61.3195610
0.6150000 0.7127184
0.6160000 26.4373817
0.6170000 43.2302017
0.6180000 2.9795854
0.6190000 50.9879951
0.6200000 39.1550407
0.6210000 13.5377903
0.6220000 27.7645111
0.6230000 -37.2686043
0.6240000 -5.2661920
0.6250000 2.5182941
0.6260000 63.9938660
0.6270000 6.7097969
0.6280000 65.1216888
0.6290000 1.8517393
0.6300000 3.2528508
0.6310000 -26.4658527
0.6320000 22.9736710
0.6330000 30.2812347
0.6340000 -29.2701645
0.6350000 58.7898712
0.6360000 26.9385109
0.6370000 1.3865442
0.6380000 -0.6891086
0.6390000 45.5772552
0.6400000 47.1500740
0.6410000 23.0891342
0.6420000 -4.1269627
0.6430000 34.0152740
0.6440000 -60.5032005
0.6450000 43.1502686
0.6460000 16.9979610
0.6470000 -4.8133917
0.6480000 -21.1612854
0.6490000 -11.4412184
0.6500000 18.2460003
0.6510000 58.1271095
0.6520000 -45.3084526
0.6530000 14.4318886
0.6540000 -21.2091160
0.6550000 37.7273331
0.6560000 1.1330554
0.6570000 -5.8037434
0.6580000 -21.9984741
0.6590000 4.5130272
0.6600000 20.9089565
0.6610000 33.8223495
0.6620000 21.5081158
0.6630000 78.4765549
0.6640000 19.0261021
0.6650000 56.6718712
0.6660000 -29.3659534
0.6670000 31.7383041
0.6680000 13.0051298
0.6690000 -31.0830975
0.6700000 7.1191287
0.6710000 34.6379013
0.6720000 -15.0824509
0.6730000 -25.6845779
0.6740000 -45.0649033
0.6750000 0.9506695
0.6760000 -31.1310291
0.6770000 54.1463089
0.6780000 0.2866090
0.6790000 -33.2908440
0.6800000 52.0979004
0.6810000 7.3526835
0.6820000 -15.8927946
0.6830000 7.0057940
0.6840000 49.1597481
0.6850000 16.1869030
0.6860000 37.5799980
0.6870000 -7.8716493
0.6880000 7.1907692
0.6890000 76.1180954
0.6900000 15.5268755
0.6910000 19.9995308
0.6920000 -57.7657280
0.6930000 0.7472390
0.6940000 -5.1188269
0.6950000 -16.6807270
0.6960000 10.1640882
0.6970000 -0.9229988
0.6980000 18.4883709
0.6990000 1.0325406
0.7000000 1.5654052
0.7010000 43.3110580
0.7020000 21.5157394
0.7030000 9.7601480
0.7040000 -47.7652931
0.7050000 -54.2248878
0.7060000 30.2157116
0.7070000 -31.3813820
0.7080000 -9.8031940
0.7090000 16.0102673
0.7100000 25.7448616
0.7110000 -55.1385117
0.7120000 35.8641968
0.7130000 -42.5183067
0.7140000 40.1952820
0.7150000 20.4037380
0.7160000 65.8137131
0.7170000 -22.2875099
0.7180000 12.4504042
0.7190000 44.7759781
0.7200000 33.3041573
0.7210000 8.0057440
0.7220000 7.5175252
0.7230000 1.5468934
0.7240000 -20.2010098
0.7250000 -21.6956806
0.7260000 -14.6457777
0.7270000 31.8091125
0.7280000 62.8121300
0.7290000 5.6819453
0.7300000 37.1617889
0.7310000 -4.2168665
0.7320000 -46.5084572
0.7330000 -33.1237259
0.7340000 18.3343983
0.7350000 19.8841209
0.7360000 -46.5792084
0.7370000 -32.1139145
0.7380000 -82.8319016
0.7390000 6.9367590
0.7400000 16.3029270
0.7410000 -42.1291351
0.7420000 86.0133057
0.7430000 -56.3918457
0.7440000 -3.3589311
0.7450000 -11.7163725
0.7460000 -11.2540207
0.7470000 -85.2037888
0.7480000 -30.2605667
0.7490000 -86.6662598
0.7500000 -3.7612367
0.7510000 -17.7967987
0.7520000 14.6239843
0.7530000 5.9219785
0.7540000 -4.9142632
0.7550000 11.2642946
0.7560000 -23.6949272
0.7570000 4.6056495
0.7580000 -44.9399185
0.7590000 39.9430084
0.7600000 -6.5389700
0.7610000 -50.7482414
0.7620000 7.2331076
0.7630000 26.4506969
0.7640000 -63.6662025
0.7650000 -16.5872154
0.7660000 -11.6494398
0.7670000 4.8398724
0.7680000 -10.9864655
0.7690000 3.3746889
0.7700000 42.7578773
0.7710000 10.7592316
0.7720000 27.6779099
0.7730000 10.1104040
0.7740000 -44.1830635
0.7750000 -21.0996914
0.7760000 -10.1115694
0.7770000 -45.9692726
0.7780000 -32.5557899
0.7790000 6.4918222
0.7800000 13.5505667
0.7810000 24.8974915
0.7820000 -28.0603542
0.7830000 20.1494064
0.7840000 13.8213749
0.7850000 -5.2362671
0.7860000 30.9866962
0.7870000 40.6502876
0.7880000 41.0616150
0.7890000 -22.0083008
0.7900000 51.7031975
0.7910000 -2.2782953
0.7920000 13.9534855
0.7930000 -62.1992226
0.7940000 -7.9930935
0.7950000 36.9482040
0.7960000 29.5878696
0.7970000 -13.0033188
0.7980000 -68.9426651
0.7990000 -12.0306196
0.8000000 -25.4350815
0.8010000 -11.3892460
0.8020000 7.9167252
0.8030000 39.3369102
0.8040000 22.7055035
0.8050000 7.7287273
0.8060000 2.8575432
0.8070000 -21.5611134
0.8080000 -61.3657570
0.8090000 29.7266140
0.8100000 -56.9160881
0.8110000 -9.7410326
0.8120000 -49.2749939
0.8130000 18.9609642
0.8140000 23.9054241
0.8150000 -6.1114726
0.8160000 75.1052856
0.8170000 -49.9775276
0.8180000 -0.8354723
0.8190000 11.8466759
0.8200000 0.4461137
0.8210000 23.7511883
0.8220000 -9.8008165
0.8230000 23.0465851
0.8240000 -37.3511467
0.8250000 1.8368125
0.8260000 -24.8371086
0.8270000 -14.5975924
0.8280000 1.2469761
0.8290000 9.5856571
0.8300000 67.7960663
0.8310000 -11.7254601
0.8320000 -34.1222878
0.8330000 28.3434486
0.8340000 -21.1515102
0.8350000 -9.5769739
0.8360000 36.4794121
0.8370000 27.5671978
0.8380000 31.9071751
0.8390000 -46.0818939
0.8400000 19.7107887
0.8410000 -5.5228152
0.8420000 -15.4716434
0.8430000 30.8370037
0.8440000 -9.4823761
0.8450000 -30.6841145
0.8460000 6.5627470
0.8470000 15.5559950
0.8480000 22.5794506
0.8490000 36.5902672
0.8500000 -8.8827333
0.8510000 16.2068119
0.8520000 34.3381119
0.8530000 1.3714106
0.8540000 66.7100906
0.8550000 -39.8247643
0.8560000 9.6508684
0.8570000 33.0258484
0.8580000 20.2260075
0.8590000 -45.3082314
0.8600000 -80.1335678
0.8610000 49.8757362
0.8620000 -23.4103489
0.8630000 -50.6946907
0.8640000 46.1771393
0.8650000 64.9369278
0.8660000 26.9267521
0.8670000 14.9354773
0.8680000 -41.4626999
0.8690000 -2.1109769
0.8700000 26.4784241
0.8710000 14.7349796
0.8720000 -39.2670479
0.8730000 9.0421228
0.8740000 -38.0005417
0.8750000 37.9922333
0.8760000 3.2818911
0.8770000 -51.8048782
0.8780000 -39.7533836
0.8790000 -82.7072220
0.8800000 -11.8643465
0.8810000 28.9011192
0.8820000 10.1599474
0.8830000 18.7456455
0.8840000 36.6729813
0.8850000 55.4154053
0.8860000 -21.0204067
0.8870000 -20.7437572
0.8880000 5.2185121
0.8890000 66.5489502
0.8900000 16.8469410
0.8910000 41.4317284
0.8920000 -16.9556198
0.8930000 16.7881527
0.8940000 -40.1569252
0.8950000 -4.3054547
0.8960000 -62.9488525
0.8970000 27.7077713
0.8980000 13.0796080
0.8990000 -8.8909397
0.9000000 -8.5810328
0.9010000 8.2480612
0.9020000 32.0322113
0.9030000 4.3617568
0.9040000 -30.2179165
0.9050000 -48.9100800
0.9060000 33.9574432
0.9070000 -47.2209473
0.9080000 0.1195352
0.9090000 -21.9981937
0.9100000 29.3911152
0.9110000 22.7966747
0.9120000 -4.7959685
0.9130000 40.5980797
0.9140000 -22.9557381
0.9150000 58.7857246
0.9160000 -61.9420128
0.9170000 16.0938911
0.9180000 5.7675471
0.9190000 16.7071400
0.9200000 13.1018753
0.9210000 14.5698366
0.9220000 -0.3039944
0.9230000 15.0158472
0.9240000 -7.5075345
0.9250000 43.1272774
0.9260000 35.3025322
0.9270000 -13.5249519
0.9280000 -9.9533978
0.9290000 62.6480026
0.9300000 49.6483879
0.9310000 43.5400772
0.9320000 11.8142395
0.9330000 37.7911949
0.9340000 29.2892323
0.9350000 -87.1221619
0.9360000 -38.9953690
0.9370000 93.1691513
0.9380000 -20.2370625
0.9390000 -4.5014234
0.9400000 28.6833630
0.9410000 33.8116302
0.9420000 5.8468556
0.9430000 7.1796303
0.9440000 5.3391881
0.9450000 14.7677164
0.9460000 15.2837334
0.9470000 51.5007133
0.9480000 -25.0611725
0.9490000 -19.7598095
0.9500000 47.6931839
0.9510000 -35.7311783
0.9520000 -31.0398674
0.9530000 -5.7388325
0.9540000 21.5970078
0.9550000 19.5084457
0.9560000 -78.1351852
0.9570000 33.4374428
0.9580000 -67.6406021
0.9590000 -1.0441872
0.9600000 5.1816888
0.9610000 -4.9251070
0.9620000 9.0687313
0.9630000 32.6126862
0.9640000 -1.8904572
0.9650000 19.4688511
0.9660000 7.7966042
0.9670000 -47.5103836
0.9680000 54.9736366
0.9690000 7.8452730
0.9700000 -12.3999405
0.9710000 -16.9672356
0.9720000 70.1465073
0.9730000 -2.2673171
0.9740000 -1.7539506
0.9750000 13.5511770
0.9760000 -35.6950302
0.9770000 43.3644409
0.9780000 29.7799358
0.9790000 -15.6691961
0.9800000 38.0101738
0.9810000 -8.3708067
0.9820000 34.7003288
0.9830000 -48.2827530
0.9840000 -1.2907846
0.9850000 -25.6483078
0.9860000 -5.6820927
0.9870000 30.1931190
0.9880000 -23.7342739
0.9890000 -80.4287186
0.9900000 6.5931315
0.9910000 -33.0141640
0.9920000 66.1668396
0.9930000 -10.2327375
0.9940000 -14.2028694
0.9950000 53.1899338
0.9960000 -22.9451561
0.9970000 5.4807925
0.9980000 -5.6856256
0.9990000 -59.5799446
