0.0000000 -44.7830620
0.0010000 9.5745659
0.0020000 12.6854353
0.0030000 -3.5221875
0.0040000 -15.5976143
0.0050000 12.5185995
0.0060000 77.6330185
0.0070000 36.6052818
0.0080000 -8.9742031
0.0090000 -1.4043704
0.0100000 43.1784325
0.0110000 -48.5834656
0.0120000 -0.9185048
0.0130000 -18.1642742
0.0140000 -25.1501293
0.0150000 32.3506889
0.0160000 29.5980263
0.0170000 49.1995316
0.0180000 -27.1583576
0.0190000 -22.3641567
0.0200000 -20.4998493
0.0210000 -65.0261459
0.0220000 63.9423676
0.0230000 48.2164879
0.0240000 -11.5427837
0.0250000 3.1322341
0.0260000 27.9960308
0.0270000 49.9073563
0.0280000 -40.2786140
0.0290000 10.2950983
0.0300000 36.4484062
0.0310000 -82.0441971
0.0320000 -5.6999464
0.0330000 4.1109252
0.0340000 19.5070553
0.0350000 51.8215408
0.0360000 -19.5395432
0.0370000 -20.0549221
0.0380000 -9.5478144
0.0390000 -46.0516434
0.0400000 -55.8570061
0.0410000 -11.5679016
0.0420000 -37.9144630
0.0430000 52.8498497
0.0440000 52.9416809
0.0450000 -25.5004330
0.0460000 60.3917313
0.0470000 21.4109020
0.0480000 26.5931759
0.0490000 36.0068398
0.0500000 44.5413628
0.0510000 -1.8389666
0.0520000 -35.8364563
0.0530000 41.2761841
0.0540000 -28.2179337
0.0550000 -29.6749725
0.0560000 -45.5496025
0.0570000 -35.3989830
0.0580000 37.4881859
0.0590000 14.4049988
0.0600000 9.1173525
0.0610000 -0.5195742
0.0620000 8.9983549
0.0630000 18.2261143
0.0640000 -20.3296642
0.0650000 6.9364128
0.0660000 53.4296188
0.0670000 -41.7716103
0.0680000 16.5894337
0.0690000 18.6826859
0.0700000 0.5427830
0.0710000 -9.3254423
0.0720000 1.0113653
0.0730000 -5.2953167
0.0740000 17.2833767
0.0750000 57.6566124
0.0760000 39.4243050
0.0770000 -37.4693871
0.0780000 -41.9649849
0.0790000 26.9896336
0.0800000 3.6775713
0.0810000 -48.8697281
0.0820000 4.6602726
0.0830000 25.7698288
0.0840000 -23.6080379
0.0850000 -24.5349636
0.0860000 -50.1431160
0.0870000 32.7288399
0.0880000 33.3000336
0.0890000 23.7403336
0.0900000 63.5171394
0.0910000 13.4179668
0.0920000 9.9052820
0.0930000 22.9230022
0.0940000 24.6758080
0.0950000 6.4002080
0.0960000 19.9231911
0.0970000 -35.0862617
0.0980000 -10.6719255
0.0990000 95.2596588
0.1000000 35.8600311
0.1010000 -42.3986282
0.1020000 -20.4267864
0.1030000 26.7280941
0.1040000 -62.9764366
0.1050000 24.1725063
0.1060000 45.4949379
0.1070000 -3.8566468
0.1080000 -9.3109007
0.1090000 -45.4507980
0.1100000 15.2315960
0.1110000 -1.6554960
0.1120000 -43.1107483
0.1130000 29.1157169
0.1140000 20.8136063
0.1150000 -19.6076260
0.1160000 25.7878304
0.1170000 -0.7393593
0.1180000 -66.6307602
0.1190000 -30.6197548
0.1200000 -39.9458504
0.1210000 10.3337593
0.1220000 -5.2823358
0.1230000 8.5982800
0.1240000 5.6555600
0.1250000 13.3123169
0.1260000 8.7915964
0.1270000 71.5689316
0.1280000 -66.0382690
0.1290000 23.4809818
0.1300000 -32.7830467
0.1310000 25.4316273
0.1320000 84.0175247
0.1330000 3.5550854
0.1340000 12.9957905
0.1350000 -20.3425770
0.1360000 -25.3784275
0.1370000 39.2071648
0.1380000 -37.5183258
0.1390000 64.3963928
0.1400000 -32.0751038
0.1410000 -49.9233055
0.1420000 7.0437307
0.1430000 -4.3102393
0.1440000 -27.6548252
0.1450000 26.1031322
0.1460000 -1.8084639
0.1470000 -29.7867432
0.1480000 -33.3656158
0.1490000 -3.0657375
0.1500000 6.4769387
0.1510000 5.6717548
0.1520000 24.5106277
0.1530000 58.6978226
0.1540000 -48.7208824
0.1550000 7.8521829
0.1560000 48.7881088
0.1570000 30.7304096
0.1580000 3.0639851
0.1590000 -34.6226959
0.1600000 -7.8132696
0.1610000 -4.7944059
0.1620000 -18.7807159
0.1630000 -19.3876534
0.1640000 -44.3105392
0.1650000 16.8622284
0.1660000 -46.9824257
0.1670000 20.2225323
0.1680000 -56.3476753
0.1690000 37.7322006
0.1700000 -30.6817589
0.1710000 57.3483925
0.1720000 -42.4881554
0.1730000 12.8786373
0.1740000 -19.0470619
0.1750000 15.3360567
0.1760000 20.3188896
0.1770000 -68.4829407
0.1780000 -29.4860744
0.1790000 -4.4934053
0.1800000 3.8551865
0.1810000 60.7401962
0.1820000 31.3629608
0.1830000 4.9904513
0.1840000 11.6451101
0.1850000 33.6775246
0.1860000 -23.2452774
0.1870000 -50.1314316
0.1880000 -29.8069572
0.1890000 -1.2919843
0.1900000 22.1508179
0.1910000 24.2880974
0.1920000 -13.6397219
0.1930000 22.5549812
0.1940000 -2.6838999
0.1950000 -31.3498573
0.1960000 9.6011963
0.1970000 -35.0097389
0.1980000 30.5980911
0.1990000 -18.1101551
0.2000000 19.7393532
0.2010000 13.2932281
0.2020000 13.7996216
0.2030000 103.8260574
0.2040000 -17.2020149
0.2050000 -51.3409843
0.2060000 -24.6730976
0.2070000 -28.4094791
0.2080000 26.2461452
0.2090000 -41.4057083
0.2100000 -15.6893835
0.2110000 72.9548798
0.2120000 -16.4245453
0.2130000 -36.2395210
0.2140000 -44.9753685
0.2150000 36.5024986
0.2160000 -18.2897339
0.2170000 6.8777041
0.2180000 0.5740098
0.2190000 -50.1801605
0.2200000 28.6989212
0.2210000 -10.2572079
0.2220000 33.2952080
0.2230000 82.8580704
0.2240000 -12.0466089
0.2250000 -53.4118538
0.2260000 36.8726654
0.2270000 -20.4657173
0.2280000 60.8778648
0.2290000 35.2028046
0.2300000 4.2290783
0.2310000 -4.9366832
0.2320000 -11.9711599
0.2330000 15.2135744
0.2340000 18.8292179
0.2350000 6.3233180
0.2360000 -16.6075516
0.2370000 -24.2988853
0.2380000 -13.1265764
0.2390000 -29.9830589
0.2400000 -12.0189133
0.2410000 34.8825378
0.2420000 1.1875561
0.2430000 -13.5118542
0.2440000 -25.0768566
0.2450000 -29.6764965
0.2460000 6.6523070
0.2470000 -15.8437538
0.2480000 67.0562592
0.2490000 10.5522146
0.2500000 0.7635653
0.2510000 1.7468890
0.2520000 16.9596062
0.2530000 -67.0655136
0.2540000 4.7113757
0.2550000 -27.5281353
0.2560000 46.0142975
0.2570000 -13.0275745
0.2580000 2.8494096
0.2590000 -22.3089676
0.2600000 9.6491699
0.2610000 87.9491577
0.2620000 53.4187431
0.2630000 4.8825998
0.2640000 0.4177065
0.2650000 -14.8424835
0.2660000 -13.4825802
0.2670000 -35.9889793
0.2680000 -26.8679867
0.2690000 38.6842880
0.2700000 39.3151245
0.2710000 61.7463875
0.2720000 -11.4362402
0.2730000 77.5907135
0.2740000 -21.3148289
0.2750000 -7.3229332
0.2760000 -29.7608585
0.2770000 7.7821388
0.2780000 2.4119506
0.2790000 47.9709663
0.2800000 6.9753990
0.2810000 68.9991379
0.2820000 -21.7543869
0.2830000 -54.0739937
0.2840000 40.2253609
0.2850000 -6.5630903
0.2860000 10.3098145
0.2870000 -5.9378862
0.2880000 -32.5633888
0.2890000 4.3300881
0.2900000 -8.6667595
0.2910000 -27.3303547
0.2920000 22.8910465
0.2930000 -27.6264858
0.2940000 -34.8290329
0.2950000 3.4508288
0.2960000 -11.8666935
0.2970000 28.9717312
0.2980000 16.9155731
0.2990000 -3.7369249
0.3000000 3.4626369
0.3010000 -14.8676329
0.3020000 -0.5501528
0.3030000 28.3948612
0.3040000 3.4955835
0.3050000 -49.5425682
0.3060000 59.9554214
0.3070000 -9.8775253
0.3080000 -61.4641418
0.3090000 12.8601007
0.3100000 -2.1967962
0.3110000 50.4030342
0.3120000 -12.6062069
0.3130000 -26.0169086
0.3140000 20.2703457
0.3150000 20.7811279
0.3160000 7.4810514
0.3170000 44.9651299
0.3180000 18.9032345
0.3190000 3.9057994
0.3200000 31.0916328
0.3210000 -37.8997803
0.3220000 -0.3284881
0.3230000 -26.2287045
0.3240000 -91.4737549
0.3250000 12.0001125
0.3260000 22.2445755
0.3270000 -32.2684975
0.3280000 -16.5416107
0.3290000 74.3384018
0.3300000 42.9465981
0.3310000 -5.7283688
0.3320000 93.3257599
0.3330000 62.2736740
0.3340000 -9.1024189
0.3350000 16.7038898
0.3360000 63.2036324
0.3370000 -52.0941620
0.3380000 5.6037321
0.3390000 63.0279846
0.3400000 -54.2633934
0.3410000 -20.4978237
0.3420000 5.1212530
0.3430000 67.5683212
0.3440000 -5.2347674
0.3450000 55.2493477
0.3460000 31.2056522
0.3470000 31.3772106
0.3480000 -31.2779903
0.3490000 38.3404655
0.3500000 2.8594854
0.3510000 17.8596039
0.3520000 54.3824844
0.3530000 23.5916843
0.3540000 32.8743172
0.3550000 -4.0730662
0.3560000 -51.8862381
0.3570000 17.8689079
0.3580000 13.6287708
0.3590000 22.3820896
0.3600000 -2.1841397
0.3610000 -3.6744180
0.3620000 13.5646458
0.3630000 -9.5878344
0.3640000 6.7258272
0.3650000 -27.0878582
0.3660000 -46.7493172
0.3670000 -47.2696381
0.3680000 -6.5878177
0.3690000 -79.6485443
0.3700000 4.3574381
0.3710000 54.1825943
0.3720000 6.5267181
0.3730000 -52.4896507
0.3740000 0.3181171
0.3750000 -11.1708555
0.3760000 -8.8372984
0.3770000 -24.1449661
0.3780000 -20.9086475
0.3790000 8.8413467
0.3800000 -36.7540817
0.3810000 -6.2437143
0.3820000 -35.0971298
0.3830000 -22.4386406
0.3840000 -33.8883972
0.3850000 29.7829514
0.3860000 -51.3275070
0.3870000 -62.4475098
0.3880000 -26.8710918
0.3890000 6.8196058
0.3900000 -38.0292397
0.3910000 -42.6728821
0.3920000 -67.7517700
0.3930000 18.2103939
0.3940000 36.9081841
0.3950000 -15.7789497
0.3960000 -23.2327728
0.3970000 64.4797974
0.3980000 46.5715332
0.3990000 42.9209976
0.4000000 42.5819855
0.4010000 0.9680405
0.4020000 11.7030516
0.4030000 13.9563122
0.4040000 8.9444075
0.4050000 16.0758915
0.4060000 -40.8687019
0.4070000 -38.3070068
0.4080000 45.3735809
0.4090000 21.0190372
0.4100000 7.2742300
0.4110000 -34.3102951
0.4120000 -21.5137310
0.4130000 15.6442928
0.4140000 -15.1930122
0.4150000 104.1545410
0.4160000 2.2513700
0.4170000 -38.9947243
0.4180000 -40.6166573
0.4190000 36.9754257
0.4200000 48.8546295
0.4210000 -21.6959057
0.4220000 -10.2780304
0.4230000 -13.4822006
0.4240000 -50.8066101
0.4250000 -24.3877087
0.4260000 8.6630344
0.4270000 12.6986189
0.4280000 18.8219299
0.4290000 -24.5572128
0.4300000 20.2988358
0.4310000 13.1369085
0.4320000 -3.3194287
0.4330000 -17.7581882
0.4340000 -15.5804272
0.4350000 -56.1633377
0.4360000 -58.9028549
0.4370000 -8.6506653
0.4380000 -10.6245728
0.4390000 36.5314980
0.4400000 -5.2970219
0.4410000 -33.9192963
0.4420000 -42.5657692
0.4430000 26.6130733
0.4440000 60.7764969
0.4450000 -34.3465729
0.4460000 -15.7549191
0.4470000 7.1054902
0.4480000 -6.5548635
0.4490000 -64.3059540
0.4500000 50.4038506
0.4510000 62.2957764
0.4520000 7.0585747
0.4530000 -3.3918433
0.4540000 9.3736744
0.4550000 -28.3601398
0.4560000 -1.7468115
0.4570000 -34.9144058
0.4580000 71.7752380
0.4590000 -16.5533295
0.4600000 -31.7089710
0.4610000 -51.2856903
0.4620000 -58.1132050
0.4630000 0.5705583
0.4640000 -5.9790344
0.4650000 -39.4771194
0.4660000 7.4850845
0.4670000 -118.2740555
0.4680000 -36.9129295
0.4690000 15.4785881
0.4700000 26.9745884
0.4710000 -8.3953743
0.4720000 -32.9976273
0.4730000 -21.6998749
0.4740000 -6.9438782
0.4750000 31.8360386
0.4760000 -19.0178070
0.4770000 36.9450111
0.4780000 15.3241177
0.4790000 -45.8771744
0.4800000 2.4369857
0.4810000 -31.1463871
0.4820000 7.1322308
0.4830000 28.1520519
0.4840000 -17.5385246
0.4850000 13.5496750
0.4860000 -94.4340973
0.4870000 -40.3190613
0.4880000 26.4267101
0.4890000 -26.2699547
0.4900000 -30.3573818
0.4910000 -41.6597519
0.4920000 -6.3841271
0.4930000 -68.8676682
0.4940000 -12.7074823
0.4950000 -11.8077230
0.4960000 -28.4898682
0.4970000 25.0548992
0.4980000 -15.0329123
0.4990000 6.6534805
0.5000000 7.2819648
0.5010000 -29.9983940
0.5020000 27.7624874
0.5030000 32.3470840
0.5040000 21.4583416
0.5050000 -26.6695347
0.5060000 -63.9483376
0.5070000 29.2415257
0.5080000 18.6789379
0.5090000 9.7512379
0.5100000 9.6654062
0.5110000 -49.3624763
0.5120000 27.3893871
0.5130000 -37.0849495
0.5140000 30.3325253
0.5150000 -32.6194649
0.5160000 17.8625774
0.5170000 -27.4176140
0.5180000 68.9448776
0.5190000 -2.1512973
0.5200000 -1.8075013
0.5210000 5.7862234
0.5220000 69.7816467
0.5230000 -4.2904582
0.5240000 57.2176933
0.5250000 -34.2132263
0.5260000 -0.9982036
0.5270000 -66.2872696
0.5280000 10.8937263
0.5290000 89.3623734
0.5300000 58.3312492
0.5310000 2.3059242
0.5320000 -14.5074139
0.5330000 13.2239809
0.5340000 -65.8194427
0.5350000 -16.8512554
0.5360000 3.4877656
0.5370000 17.8110371
0.5380000 7.8958931
0.5390000 -66.3928375
0.5400000 -8.4532814
0.5410000 -18.4094658
0.5420000 -11.3849077
0.5430000 21.0078087
0.5440000 0.0200623
0.5450000 2.6705592
0.5460000 -2.3716743
0.5470000 -22.7115383
0.5480000 -77.8746185
0.5490000 32.6453323
0.5500000 20.5158863
0.5510000 27.5350952
0.5520000 31.0456238
0.5530000 -4.8185601
0.5540000 -32.1961861
0.5550000 -6.4016557
0.5560000 -15.5740623
0.5570000 -51.3783607
0.5580000 -34.5860558
0.5590000 -55.1560211
0.5600000 -55.0084343
0.5610000 55.1582909
0.5620000 17.3439102
0.5630000 56.0751572
0.5640000 -12.5240870
0.5650000 -7.8562655
0.5660000 39.3304176
0.5670000 -23.5360069
0.5680000 26.5221710
0.5690000 -4.1069756
0.5700000 -61.3623199
0.5710000 58.7157364
0.5720000 11.6584911
0.5730000 -20.2981796
0.5740000 70.9540634
0.5750000 15.5329409
0.5760000 -5.7536106
0.5770000 12.0055056
0.5780000 -15.2732296
0.5790000 12.7426834
0.5800000 9.6096849
0.5810000 23.9365616
0.5820000 7.2760224
0.5830000 -19.7290058
0.5840000 33.7506714
0.5850000 32.7281609
0.5860000 -21.2860470
0.5870000 6.9968557
0.5880000 28.3915653
0.5890000 -23.6299610
0.5900000 67.0538025
0.5910000 -72.2153625
0.5920000 35.1821365
0.5930000 -5.5226622
0.5940000 -15.8981810
0.5950000 25.5250664
0.5960000 3.0951276
0.5970000 -6.8639607
0.5980000 50.6396065
0.5990000 -4.2420654
0.6000000 -31.7914410
0.6010000 12.1157942
0.6020000 -11.8196249
0.6030000 32.2002182
0.6040000 95.0956345
0.6050000 30.5280914
0.6060000 1.1256039
0.6070000 -69.4036179
0.6080000 -9.5202761
0.6090000 44.2912865
0.6100000 29.3790264
0.6110000 5.6107354
0.6120000 -18.1098213
0.6130000 40.6248970
0.6140000 -38.8140717
0.6150000 24.7144680
0.6160000 10.6087961
0.6170000 -41.8764954
0.6180000 -36.0333786
0.6190000 1.4926704
0.6200000 -30.9846306
0.6210000 -20.6680527
0.6220000 -28.5108128
0.6230000 31.5059853
0.6240000 -61.4882431
0.6250000 -7.0617361
0.6260000 15.9136620
0.6270000 40.4002151
0.6280000 42.0385437
0.6290000 -55.6699371
0.6300000 22.0140495
0.6310000 -45.9909515
0.6320000 -0.3698094
0.6330000 -52.3823547
0.6340000 -9.5171537
0.6350000 9.2333326
0.6360000 -9.7573738
0.6370000 33.5028763
0.6380000 -44.8360138
0.6390000 38.3429413
0.6400000 -4.2709212
0.6410000 -12.0036478
0.6420000 -3.7947128
0.6430000 -31.1340561
0.6440000 2.7293184
0.6450000 0.8215533
0.6460000 -71.3745117
0.6470000 -1.3344198
0.6480000 52.3353958
0.6490000 -42.2728119
0.6500000 77.7887497
0.6510000 -15.0595665
0.6520000 -32.2474174
0.6530000 9.0111141
0.6540000 21.7783852
0.6550000 -15.5880957
0.6560000 16.9106636
0.6570000 -30.4079742
0.6580000 8.6835642
0.6590000 21.0847855
0.6600000 -12.7041807
0.6610000 -0.8422724
0.6620000 11.2423029
0.6630000 39.9738274
0.6640000 -48.0089493
0.6650000 -73.4799500
0.6660000 9.1736498
0.6670000 51.3877831
0.6680000 -50.9801445
0.6690000 -38.1449165
0.6700000 -55.5862427
0.6710000 -30.2359161
0.6720000 7.7564011
0.6730000 -5.2038589
0.6740000 17.3560066
0.6750000 -39.5722771
0.6760000 -37.5248680
0.6770000 -27.0480804
0.6780000 -5.8125038
0.6790000 -4.5228558
0.6800000 16.7632504
0.6810000 -34.2874260
0.6820000 0.3545991
0.6830000 -8.8329372
0.6840000 2.0091655
0.6850000 -6.4646020
0.6860000 10.7336807
0.6870000 -32.3925476
0.6880000 -18.9039192
0.6890000 -22.5896244
0.6900000 20.7662716
0.6910000 -17.5839729
0.6920000 -74.1225815
0.6930000 57.1096039
0.6940000 47.0271225
0.6950000 34.1561089
0.6960000 -30.4762554
0.6970000 8.7897987
0.6980000 8.0503111
0.6990000 -31.2588291
0.7000000 -11.6998434
0.7010000 12.8864222
0.7020000 10.1132107
0.7030000 -1.8026702
0.7040000 16.4208927
0.7050000 -4.4397092
0.7060000 11.5480919
0.7070000 -18.0425186
0.7080000 22.1387882
0.7090000 31.4429054
0.7100000 0.6662165
0.7110000 125.8839417
0.7120000 -69.4745865
0.7130000 30.9663506
0.7140000 5.6925159
0.7150000 50.8865929
0.7160000 31.0928154
0.7170000 2.4406972
0.7180000 -18.8658504
0.7190000 -22.9217358
0.7200000 103.8664856
0.7210000 3.6953409
0.7220000 51.5746422
0.7230000 15.0270796
0.7240000 59.3469467
0.7250000 44.1928787
0.7260000 29.2004528
0.7270000 68.2823639
0.7280000 -63.1828918
0.7290000 -16.3212337
0.7300000 28.0561333
0.7310000 35.9103775
0.7320000 19.1398468
0.7330000 13.1128416
0.7340000 -36.7027817
0.7350000 21.0669289
0.7360000 2.2973101
0.7370000 -35.8883324
0.7380000 -3.8225937
0.7390000 81.4644012
0.7400000 -8.7080402
0.7410000 -47.4301872
0.7420000 76.6089859
0.7430000 -18.4342060
0.7440000 -5.3571305
0.7450000 33.6418419
0.7460000 17.9294910
0.7470000 -13.4441376
0.7480000 20.2277699
0.7490000 -39.5668182
0.7500000 -41.4792786
0.7510000 56.6851387
0.7520000 -43.3910446
0.7530000 17.8993397
0.7540000 76.8934784
0.7550000 -20.1814117
0.7560000 14.8502007
0.7570000 42.5682716
0.7580000 31.9117985
0.7590000 -63.0572701
0.7600000 -33.5787888
0.7610000 -12.1257792
0.7620000 11.4326315
0.7630000 32.6619377
0.7640000 42.4347496
0.7650000 14.3630323
0.7660000 -57.7870445
0.7670000 -56.1372986
0.7680000 48.9432907
0.7690000 25.7603760
0.7700000 -1.8135695
0.7710000 -24.6314678
0.7720000 93.9608078
0.7730000 -59.4964790
0.7740000 -36.8635902
0.7750000 2.3806787
0.7760000 -8.3063087
0.7770000 -41.6491585
0.7780000 -9.0220060
0.7790000 24.9439392
0.7800000 3.0201840
0.7810000 -8.1270132
0.7820000 45.1219521
0.7830000 52.0299683
0.7840000 26.0589714
0.7850000 -4.4717727
0.7860000 -19.0938568
0.7870000 22.0490627
0.7880000 2.5849750
0.7890000 -4.2447205
0.7900000 -22.2484188
0.7910000 -50.2162933
0.7920000 46.1767960
0.7930000 -7.2395997
0.7940000 -17.8363533
0.7950000 34.3067894
0.7960000 32.2430687
0.7970000 42.7647934
0.7980000 -50.3680382
0.7990000 -56.1604958
0.8000000 21.6898727
0.8010000 -15.5857372
0.8020000 -57.2509842
0.8030000 51.3430214
0.8040000 -36.3643837
0.8050000 -23.0850086
0.8060000 14.5594759
0.8070000 -61.4004364
0.8080000 -25.2706909
0.8090000 35.2612495
0.8100000 118.6654129
0.8110000 -48.5595055
0.8120000 39.8551483
0.8130000 62.8712845
0.8140000 4.2222190
0.8150000 -61.8666458
0.8160000 -45.8154488
0.8170000 -32.5297279
0.8180000 -47.1447105
0.8190000 -19.1583347
0.8200000 -55.8208809
0.8210000 11.5659571
0.8220000 -48.2845230
0.8230000 2.7603552
0.8240000 5.6418233
0.8250000 24.5762024
0.8260000 30.4322205
0.8270000 44.3608475
0.8280000 -37.0841980
0.8290000 19.1291409
0.8300000 64.9995575
0.8310000 18.7664394
0.8320000 24.1728992
0.8330000 -1.0191512
0.8340000 -7.3705177
0.8350000 29.8154984
0.8360000 -18.8339043
0.8370000 -21.3362942
0.8380000 15.2372160
0.8390000 28.4776688
0.8400000 -11.4917669
0.8410000 6.7318726
0.8420000 -20.3000565
0.8430000 35.8689728
0.8440000 5.1820660
0.8450000 -12.0165195
0.8460000 -16.8444862
0.8470000 -7.3520398
0.8480000 14.6360216
0.8490000 -12.9814148
0.8500000 21.9146786
0.8510000 -75.0515442
0.8520000 22.0991116
0.8530000 41.8536797
0.8540000 2.4192631
0.8550000 33.6872940
0.8560000 9.6273260
0.8570000 -15.1811457
0.8580000 18.3381710
0.8590000 14.8636284
0.8600000 -13.9644547
0.8610000 5.2101607
0.8620000 -12.7761927
0.8630000 -20.1987305
0.8640000 55.1179161
0.8650000 3.3529561
0.8660000 35.6306572
0.8670000 -25.1033573
0.8680000 -11.3136759
0.8690000 26.4733562
0.8700000 35.1271400
0.8710000 -0.5252689
0.8720000 47.7905502
0.8730000 -28.5195847
0.8740000 -48.5869217
0.8750000 0.1587377
0.8760000 8.3256617
0.8770000 -42.1345291
0.8780000 -7.0361848
0.8790000 6.0716982
0.8800000 -57.4276733
0.8810000 -33.9908600
0.8820000 8.6616125
0.8830000 40.9150543
0.8840000 43.7541924
0.8850000 -15.9662552
0.8860000 8.9460487
0.8870000 40.5686646
0.8880000 17.3569202
0.8890000 -55.3213768
0.8900000 20.9662628
0.8910000 -11.3206177
0.8920000 -76.3839417
0.8930000 15.8896198
0.8940000 47.9406509
0.8950000 13.7557611
0.8960000 20.4566822
0.8970000 18.0938168
0.8980000 27.6251411
0.8990000 44.7228508
0.9000000 -7.7163086
0.9010000 14.1235762
0.9020000 8.9329271
0.9030000 36.7444878
0.9040000 -37.4722748
0.9050000 -2.0018904
0.9060000 -58.5820656
0.9070000 23.3710537
0.9080000 6.4578137
0.9090000 -30.7126503
0.9100000 -7.3093309
0.9110000 -10.4563503
0.9120000 17.9549484
0.9130000 0.9229569
0.9140000 41.4571075
0.9150000 24.2005482
0.9160000 38.0359306
0.9170000 30.7465267
0.9180000 6.0821915
0.9190000 29.9675751
0.9200000 26.3021355
0.9210000 -14.8987865
0.9220000 1.9367998
0.9230000 119.2645416
0.9240000 23.6894016
0.9250000 -18.9457588
0.9260000 61.0536118
0.9270000 -21.1630592
0.9280000 -35.0529671
0.9290000 42.9671745
0.9300000 -21.4126511
0.9310000 -29.9117222
0.9320000 49.8711395
0.9330000 24.8659458
0.9340000 -57.3981819
0.9350000 -24.6470966
0.9360000 -5.0098376
0.9370000 -25.9147091
0.9380000 -1.4381313
0.9390000 15.9175053
0.9400000 46.3469467
0.9410000 -33.5893860
0.9420000 25.6153412
0.9430000 7.2433047
0.9440000 2.8989427
0.9450000 -32.0723991
0.9460000 -21.2371254
0.9470000 35.5233727
0.9480000 22.4177513
0.9490000 44.4129143
0.9500000 13.9867764
0.9510000 -31.0086002
0.9520000 48.4795456
0.9530000 18.1722641
0.9540000 83.2844772
0.9550000 -2.1390996
0.9560000 27.7179146
0.9570000 -20.8303967
0.9580000 -5.7743621
0.9590000 3.4978249
0.9600000 -18.4310513
0.9610000 -21.8124504
0.9620000 -59.6138191
0.9630000 -22.9900513
0.9640000 -42.1092720
0.9650000 7.5251288
0.9660000 76.2710876
0.9670000 -20.9128704
0.9680000 -21.0831070
0.9690000 15.5711470
0.9700000 -30.1952343
0.9710000 -35.0338631
0.9720000 -14.0114222
0.9730000 -92.4966125
0.9740000 13.8641596
0.9750000 -84.0792618
0.9760000 -62.1878967
0.9770000 10.1311493
0.9780000 1.6683563
0.9790000 42.7256622
0.9800000 7.9248042
0.9810000 17.6136761
0.9820000 -35.1154213
0.9830000 -11.7938786
0.9840000 43.1718826
0.9850000 21.8274937
0.9860000 14.1849899
0.9870000 13.8199844
0.9880000 29.6161880
0.9890000 10.6764698
0.9900000 -9.6762638
0.9910000 50.7634964
0.9920000 6.2427659
0.9930000 12.8083010
0.9940000 -18.4908409
0.9950000 8.0825157
0.9960000 -17.4958401
0.9970000 -20.5725746
0.9980000 -19.2190323
0.9990000 -44.9765701
