0.0000000 -4.4789863
0.0010000 -15.1120310
0.0020000 -51.6505775
0.0030000 -16.0989132
0.0040000 -19.3034134
0.0050000 -59.4314423
0.0060000 -2.0823143
0.0070000 4.3382096
0.0080000 45.0384254
0.0090000 23.2872772
0.0100000 10.6010313
0.0110000 -55.4930229
0.0120000 13.8213167
0.0130000 4.5122476
0.0140000 -76.3616486
0.0150000 25.8974838
0.0160000 4.6677723
0.0170000 69.3641586
0.0180000 -36.0360527
0.0190000 11.5329781
0.0200000 -42.1260452
0.0210000 -41.7507935
0.0220000 122.9321823
0.0230000 6.2678895
0.0240000 -23.4592686
0.0250000 2.9434040
0.0260000 -16.0505295
0.0270000 11.3257284
0.0280000 14.2752066
0.0290000 -3.1509743
0.0300000 8.2321911
0.0310000 -34.6663895
0.0320000 25.6593723
0.0330000 21.5943069
0.0340000 30.2055759
0.0350000 -30.1327915
0.0360000 -27.2554893
0.0370000 32.4005814
0.0380000 -10.7065496
0.0390000 12.7633362
0.0400000 59.3697319
0.0410000 19.4077568
0.0420000 7.2846913
0.0430000 24.2965393
0.0440000 -8.0961447
0.0450000 14.5315161
0.0460000 -36.0380745
0.0470000 19.2675266
0.0480000 25.4387722
0.0490000 0.0738132
0.0500000 -24.2110806
0.0510000 -22.9009438
0.0520000 -12.2980289
0.0530000 -22.5569344
0.0540000 22.1028099
0.0550000 22.7022648
0.0560000 21.9656372
0.0570000 7.0421543
0.0580000 5.9129515
0.0590000 38.5637054
0.0600000 30.6896534
0.0610000 -36.2047501
0.0620000 9.7608280
0.0630000 -34.8307877
0.0640000 -61.7847939
0.0650000 18.6334610
0.0660000 4.3530002
0.0670000 5.9163036
0.0680000 29.4322624
0.0690000 -35.1408844
0.0700000 15.0310221
0.0710000 -77.4408340
0.0720000 -67.0668335
0.0730000 -23.4296131
0.0740000 -2.2312059
0.0750000 29.4988155
0.0760000 19.8105316
0.0770000 18.5776081
0.0780000 -26.9692688
0.0790000 -17.5727386
0.0800000 7.8231668
0.0810000 16.2649040
0.0820000 27.4260883
0.0830000 -23.9789715
0.0840000 28.9897175
0.0850000 68.0660324
0.0860000 18.3307934
0.0870000 -54.7993507
0.0880000 7.2116284
0.0890000 -4.6662998
0.0900000 -4.9195552
0.0910000 -82.0199127
0.0920000 -45.3804550
0.0930000 -53.2704964
0.0940000 28.0900192
0.0950000 25.4326229
0.0960000 50.3527756
0.0970000 7.1328731
0.0980000 4.5248632
0.0990000 -20.3178864
0.1000000 -12.6800919
0.1010000 -7.2012053
0.1020000 -10.9751101
0.1030000 41.3442764
0.1040000 -1.0757000
0.1050000 65.3125916
0.1060000 -28.5377693
0.1070000 -6.1071277
0.1080000 -16.0806904
0.1090000 -30.5615387
0.1100000 20.8763561
0.1110000 -63.1462288
0.1120000 -33.4621162
0.1130000 21.3588600
0.1140000 -24.6561012
0.1150000 -26.6003819
0.1160000 10.3645172
0.1170000 -33.8247032
0.1180000 -22.6932640
0.1190000 20.9738522
0.1200000 24.0985031
0.1210000 49.8655815
0.1220000 1.7956103
0.1230000 1.7951248
0.1240000 3.1587765
0.1250000 -43.5410652
0.1260000 12.3228712
0.1270000 -30.6339951
0.1280000 53.6612206
0.1290000 40.4286156
0.1300000 38.6315689
0.1310000 -23.1662674
0.1320000 2.9528539
0.1330000 -19.7149220
0.1340000 1.9384612
0.1350000 -7.7518263
0.1360000 -40.8625565
0.1370000 -30.9677963
0.1380000 30.1908455
0.1390000 -54.8652267
0.1400000 40.5807953
0.1410000 -13.0228701
0.1420000 -59.0176201
0.1430000 -61.2665215
0.1440000 2.6634848
0.1450000 -5.2161970
0.1460000 -52.9684029
0.1470000 12.6078358
0.1480000 -40.5804367
0.1490000 -75.8800888
0.1500000 -25.0634937
0.1510000 6.8373189
0.1520000 36.5972443
0.1530000 -18.9762535
0.1540000 19.8758545
0.1550000 24.1164131
0.1560000 26.2763672
0.1570000 4.3409023
0.1580000 -67.1981354
0.1590000 -26.3086720
0.1600000 -27.9481869
0.1610000 53.1439285
0.1620000 -47.5616684
0.1630000 -24.2782021
0.1640000 -58.1239471
0.1650000 15.1013479
0.1660000 -20.7064419
0.1670000 -35.0397263
0.1680000 -7.2795801
0.1690000 -13.7724476
0.1700000 -30.2205257
0.1710000 36.4552498
0.1720000 16.7216301
0.1730000 44.8264275
0.1740000 29.5816212
0.1750000 10.2845583
0.1760000 -27.6436920
0.1770000 -0.1031366
0.1780000 -23.4194088
0.1790000 81.3385544
0.1800000 2.2230327
0.1810000 10.4319839
0.1820000 -39.0943985
0.1830000 -13.0581427
0.1840000 -22.9938335
0.1850000 61.5088425
0.1860000 42.6149368
0.1870000 31.7680626
0.1880000 -3.3867269
0.1890000 37.9077682
0.1900000 -31.0868683
0.1910000 -51.0031509
0.1920000 56.1908150
0.1930000 -9.0521040
0.1940000 -31.4481697
0.1950000 -12.3437824
0.1960000 119.7071762
0.1970000 17.5784206
0.1980000 18.0336342
0.1990000 -20.6000538
0.2000000 -63.3634911
0.2010000 -88.4159393
0.2020000 5.8660226
0.2030000 -32.7998886
0.2040000 11.5299683
0.2050000 -11.6691713
0.2060000 -31.4911175
0.2070000 3.3327885
0.2080000 47.0692673
0.2090000 -8.0985775
0.2100000 -1.9485182
0.2110000 51.2284393
0.2120000 29.0772495
0.2130000 9.7187729
0.2140000 55.2242050
0.2150000 -13.6830206
0.2160000 94.1562576
0.2170000 -45.4859772
0.2180000 -73.4363785
0.2190000 -13.5135422
0.2200000 30.9297638
0.2210000 4.6865134
0.2220000 18.9820194
0.2230000 9.8700438
0.2240000 -14.5958614
0.2250000 53.6518402
0.2260000 -11.6754065
0.2270000 -60.5227089
0.2280000 73.4075928
0.2290000 58.9112320
0.2300000 -16.9659081
0.2310000 28.3198833
0.2320000 -5.5158367
0.2330000 -44.0595856
0.2340000 75.2938080
0.2350000 -2.8434319
0.2360000 -3.9849613
0.2370000 19.3257408
0.2380000 24.0997887
0.2390000 28.1770210
0.2400000 -88.3688049
0.2410000 1.1884233
0.2420000 -24.6143589
0.2430000 61.4476242
0.2440000 -59.9730949
0.2450000 -10.7552156
0.2460000 -20.3691769
0.2470000 31.6159706
0.2480000 -68.4748993
0.2490000 -25.7705097
0.2500000 11.3847818
0.2510000 10.2556763
0.2520000 -12.3318806
0.2530000 32.0622025
0.2540000 18.4830818
0.2550000 -30.5222607
0.2560000 63.7326393
0.2570000 52.2266922
0.2580000 0.1459952
0.2590000 -6.7961426
0.2600000 51.5740738
0.2610000 9.2102251
0.2620000 31.1711903
0.2630000 -30.7648449
0.2640000 -3.2811844
0.2650000 -46.6848907
0.2660000 38.7690010
0.2670000 58.3840866
0.2680000 -14.8981180
0.2690000 -54.6423454
0.2700000 -36.9569740
0.2710000 -0.2333279
0.2720000 -11.6713667
0.2730000 38.9231682
0.2740000 61.8727646
0.2750000 89.0939636
0.2760000 -10.2591257
0.2770000 49.9228821
0.2780000 -22.8181744
0.2790000 -11.9808855
0.2800000 6.0981431
0.2810000 -14.1787424
0.2820000 16.9462414
0.2830000 -63.0354919
0.2840000 -17.7856026
0.2850000 -2.1726828
0.2860000 -18.0512180
0.2870000 -13.6735926
0.2880000 -33.9826851
0.2890000 1.5652059
0.2900000 -4.7458072
0.2910000 33.4339409
0.2920000 26.1940651
0.2930000 36.7789040
0.2940000 28.4952354
0.2950000 -31.6736031
0.2960000 -27.0828609
0.2970000 27.2372017
0.2980000 54.8347931
0.2990000 -6.1831579
0.3000000 -13.7989330
0.3010000 -31.3283215
0.3020000 42.4383278
0.3030000 -22.4518661
0.3040000 58.0778656
0.3050000 30.2363358
0.3060000 -4.0989180
0.3070000 36.0211792
0.3080000 19.1210480
0.3090000 23.3200779
0.3100000 0.3551239
0.3110000 29.2069054
0.3120000 0.3210669
0.3130000 -50.3893623
0.3140000 2.8581805
0.3150000 -55.2608376
0.3160000 13.7361965
0.3170000 38.0145493
0.3180000 29.3669395
0.3190000 -20.0143757
0.3200000 -47.9673157
0.3210000 43.3544121
0.3220000 77.6469040
0.3230000 -26.7118397
0.3240000 20.4094639
0.3250000 25.2855854
0.3260000 10.7229013
0.3270000 -26.9817467
0.3280000 -3.0483654
0.3290000 -13.2659464
0.3300000 -19.6250820
0.3310000 30.3768082
0.3320000 -8.8804255
0.3330000 2.5688009
0.3340000 42.6744003
0.3350000 42.8883743
0.3360000 -17.6164551
0.3370000 14.2492743
0.3380000 32.3727608
0.3390000 56.5596809
0.3400000 42.1737862
0.3410000 -71.5400162
0.3420000 -10.9153910
0.3430000 20.3785744
0.3440000 22.5034962
0.3450000 -32.2054100
0.3460000 -41.8639107
0.3470000 -45.4127769
0.3480000 10.8903790
0.3490000 44.4700470
0.3500000 28.2681179
0.3510000 -49.2732811
0.3520000 55.2043800
0.3530000 -74.4131546
0.3540000 -43.6984024
0.3550000 -54.9876099
0.3560000 -29.3419132
0.3570000 -21.2318840
0.3580000 20.9795513
0.3590000 12.5163240
0.3600000 34.6035614
0.3610000 -115.4805603
0.3620000 -38.5560989
0.3630000 28.1804600
0.3640000 30.6252174
0.3650000 -18.3622704
0.3660000 16.0627098
0.3670000 11.4711819
0.3680000 31.5173569
0.3690000 -0.9611242
0.3700000 51.9995651
0.3710000 -43.0745316
0.3720000 66.6968460
0.3730000 -18.6549320
0.3740000 10.9313059
0.3750000 9.5451183
0.3760000 27.9305973
0.3770000 -10.9150820
0.3780000 14.7055101
0.3790000 21.6682777
0.3800000 -5.7430902
0.3810000 -36.9172859
0.3820000 -55.0316963
0.3830000 38.8430901
0.3840000 9.9456244
0.3850000 52.5023994
0.3860000 -37.0539093
0.3870000 -29.8794823
0.3880000 39.4791985
0.3890000 5.3853106
0.3900000 20.5017662
0.3910000 3.4050164
0.3920000 -9.0453300
0.3930000 22.3804169
0.3940000 -17.1233501
0.3950000 9.9345074
0.3960000 -45.0843124
0.3970000 10.7017641
0.3980000 -61.5774460
0.3990000 6.0351982
0.4000000 -11.5156736
0.4010000 -29.0305347
0.4020000 -18.7322674
0.4030000 -38.9493828
0.4040000 -23.8608208
0.4050000 -5.7096539
0.4060000 -116.9941635
0.4070000 61.1660538
0.4080000 11.1892376
0.4090000 23.3148232
0.4100000 -31.3669033
0.4110000 -8.2200193
0.4120000 -0.0559283
0.4130000 -39.1653366
0.4140000 34.7833366
0.4150000 43.7298012
0.4160000 10.5570173
0.4170000 -34.1515694
0.4180000 11.3514385
0.4190000 44.1985893
0.4200000 -9.8812056
0.4210000 -51.2546272
0.4220000 8.9356546
0.4230000 -11.3430834
0.4240000 -22.0836487
0.4250000 -49.0053673
0.4260000 16.4230270
0.4270000 -48.0065308
0.4280000 20.8767052
0.4290000 29.2718983
0.4300000 -18.0491009
0.4310000 7.8449574
0.4320000 20.9246883
0.4330000 17.1479263
0.4340000 25.0256519
0.4350000 -25.5368958
0.4360000 -44.7298965
0.4370000 1.8123699
0.4380000 -21.3041000
0.4390000 -20.8508015
0.4400000 -4.1206222
0.4410000 41.0917969
0.4420000 -60.9877167
0.4430000 -81.8762665
0.4440000 -39.1800995
0.4450000 -0.2093420
0.4460000 6.0064330
0.4470000 -43.1065292
0.4480000 -46.2451172
0.4490000 10.7316723
0.4500000 -41.0850677
0.4510000 45.6611481
0.4520000 -31.2539940
0.4530000 -36.4561119
0.4540000 44.2475433
0.4550000 -35.2014809
0.4560000 -3.4790661
0.4570000 -35.9182396
0.4580000 -25.6679382
0.4590000 31.3001652
0.4600000 24.9044209
0.4610000 50.5435791
0.4620000 9.3889713
0.4630000 -11.8036041
0.4640000 60.1947556
0.4650000 7.3573399
0.4660000 3.9878356
0.4670000 31.4996567
0.4680000 46.3828468
0.4690000 -9.7439928
0.4700000 -10.1557302
0.4710000 -16.9067802
0.4720000 8.8716507
0.4730000 26.1091576
0.4740000 20.0279751
0.4750000 -22.3110828
0.4760000 -31.2724819
0.4770000 -4.4245896
0.4780000 57.2225113
0.4790000 -20.7652855
0.4800000 13.6455011
0.4810000 43.4514427
0.4820000 7.6062360
0.4830000 -40.3586044
0.4840000 9.1445589
0.4850000 -12.0562153
0.4860000 -60.0600510
0.4870000 -4.6724777
0.4880000 64.8839264
0.4890000 7.6804061
0.4900000 -1.8668712
0.4910000 81.3469162
0.4920000 -14.7748871
0.4930000 17.4905930
0.4940000 8.6701431
0.4950000 30.1178474
0.4960000 -17.1445045
0.4970000 22.5510464
0.4980000 -41.1528358
0.4990000 -49.8525963
0.5000000 -17.5666924
0.5010000 -12.9776134
0.5020000 24.7320805
0.5030000 29.7353725
0.5040000 22.2239628
0.5050000 22.9338551
0.5060000 -53.6045876
0.5070000 -58.6231117
0.5080000 -10.5774803
0.5090000 -5.4378948
0.5100000 -21.3059826
0.5110000 -2.4553726
0.5120000 -12.7181349
0.5130000 -14.9869471
0.5140000 -48.9804153
0.5150000 58.9547386
0.5160000 -48.5915146
0.5170000 -21.0004425
0.5180000 -14.0519352
0.5190000 -4.5064859
0.5200000 -24.3241005
0.5210000 -101.2933273
0.5220000 -19.0611763
0.5230000 26.9133339
0.5240000 -6.7443395
0.5250000 31.7630920
0.5260000 -21.7315483
0.5270000 2.3736677
0.5280000 9.6064062
0.5290000 8.2293606
0.5300000 10.0455513
0.5310000 49.7388344
0.5320000 81.0644302
0.5330000 51.3505554
0.5340000 -10.8671064
0.5350000 24.3743076
0.5360000 -35.9082870
0.5370000 -64.8798141
0.5380000 31.2822113
0.5390000 32.2387276
0.5400000 12.2017622
0.5410000 1.6458472
0.5420000 0.1562299
0.5430000 41.9326096
0.5440000 46.9974365
0.5450000 -56.1137161
0.5460000 44.0804482
0.5470000 -33.5051270
0.5480000 -7.8634472
0.5490000 -5.0269141
0.5500000 29.6111889
0.5510000 -56.1494102
0.5520000 -26.9664745
0.5530000 31.4448357
0.5540000 0.8104156
0.5550000 22.2572231
0.5560000 37.5368767
0.5570000 -34.4191704
0.5580000 -32.4327660
0.5590000 49.0092392
0.5600000 29.3239536
0.5610000 120.5987167
0.5620000 5.8666496
0.5630000 5.4302807
0.5640000 -17.7064209
0.5650000 8.6512709
0.5660000 -43.9310570
0.5670000 15.7537498
0.5680000 -8.6958647
0.5690000 9.2849255
0.5700000 113.9173965
0.5710000 -34.6346207
0.5720000 3.7411985
0.5730000 -7.9479342
0.5740000 -21.0830097
0.5750000 31.5298119
0.5760000 -3.8968115
0.5770000 52.0887756
0.5780000 -23.5468788
0.5790000 -7.3565130
0.5800000 -40.7027473
0.5810000 1.6541001
0.5820000 -21.3507938
0.5830000 -19.5594769
0.5840000 12.0573559
0.5850000 -12.5377865
0.5860000 23.0177937
0.5870000 11.7268810
0.5880000 32.5657883
0.5890000 -17.9556370
0.5900000 -22.4176445
0.5910000 8.0386658
0.5920000 -13.8583450
0.5930000 -5.8974948
0.5940000 11.9691267
0.5950000 20.7456856
0.5960000 20.4757977
0.5970000 -52.6055222
0.5980000 93.5122070
0.5990000 -67.7758484
0.6000000 -15.5859804
0.6010000 11.0889931
0.6020000 -46.9424477
0.6030000 14.4529305
0.6040000 22.0914631
0.6050000 -14.4732561
0.6060000 -11.5914383
0.6070000 -46.5430946
0.6080000 52.2041931
0.6090000 -15.4891920
0.6100000 -62.1125641
0.6110000 -52.0775986
0.6120000 24.3865585
0.6130000 -41.8096771
0.6140000 -27.6862240
0.6150000 38.6818161
0.6160000 17.8214684
0.6170000 15.0622044
0.6180000 1.7457328
0.6190000 -4.9107714
0.6200000 51.4402924
0.6210000 -13.1526489
0.6220000 57.8919792
0.6230000 1.6846517
0.6240000 30.6441689
0.6250000 -37.6952133
0.6260000 32.0699120
0.6270000 -33.1681976
0.6280000 -60.5855865
0.6290000 2.8177910
0.6300000 -36.2261162
0.6310000 -17.7389488
0.6320000 17.1594315
0.6330000 -32.1823807
0.6340000 -27.3417015
0.6350000 -25.0022850
0.6360000 50.9856529
0.6370000 15.7090693
0.6380000 -6.6350360
0.6390000 -9.5149260
0.6400000 48.0975418
0.6410000 27.8107872
0.6420000 -12.8843002
0.6430000 -2.7529178
0.6440000 -8.9793015
0.6450000 -2.8283546
0.6460000 -46.9394798
0.6470000 -10.2938890
0.6480000 -61.1324577
0.6490000 10.9269104
0.6500000 -7.8845706
0.6510000 -43.1883888
0.6520000 16.6947231
0.6530000 25.8342075
0.6540000 1.7687919
0.6550000 29.9844208
0.6560000 3.7293851
0.6570000 27.5627308
0.6580000 -10.5324278
0.6590000 -42.7636986
0.6600000 -5.3842015
0.6610000 46.2262154
0.6620000 91.2050018
0.6630000 -17.2150688
0.6640000 4.9995594
0.6650000 -23.5729084
0.6660000 -53.1644516
0.6670000 25.0827293
0.6680000 -0.9464546
0.6690000 -62.5357552
0.6700000 7.2268863
0.6710000 67.8882217
0.6720000 26.3067055
0.6730000 25.9884739
0.6740000 -55.1136208
0.6750000 31.9888287
0.6760000 28.3812141
0.6770000 -32.0285339
0.6780000 16.1994019
0.6790000 4.4794307
0.6800000 15.4172802
0.6810000 -5.9042144
0.6820000 20.3759212
0.6830000 15.2683325
0.6840000 61.9845047
0.6850000 57.4260521
0.6860000 -48.3089371
0.6870000 -7.2196584
0.6880000 8.8342676
0.6890000 52.4105873
0.6900000 22.2750683
0.6910000 -37.9403534
0.6920000 -44.1313057
0.6930000 22.2336807
0.6940000 3.8465583
0.6950000 -13.4472227
0.6960000 11.8925943
0.6970000 -13.7811470
0.6980000 -43.9130173
0.6990000 6.6713958
0.7000000 28.1155777
0.7010000 41.8740578
0.7020000 55.7744179
0.7030000 -30.8713551
0.7040000 22.9363632
0.7050000 5.1946521
0.7060000 11.0422802
0.7070000 51.9841461
0.7080000 -34.0099831
0.7090000 -16.9511776
0.7100000 9.5849533
0.7110000 12.6965446
0.7120000 36.6537094
0.7130000 6.1749020
0.7140000 1.5431695
0.7150000 73.9561234
0.7160000 84.6404648
0.7170000 12.4737959
0.7180000 40.1853523
0.7190000 29.4914894
0.7200000 24.7184353
0.7210000 13.5882072
0.7220000 1.9107422
0.7230000 19.0813255
0.7240000 -32.3469391
0.7250000 -1.9766153
0.7260000 -25.3844967
0.7270000 9.7695770
0.7280000 -5.3591080
0.7290000 11.6078777
0.7300000 31.8113480
0.7310000 -25.2873821
0.7320000 14.5433865
0.7330000 -51.3053551
0.7340000 31.9621029
0.7350000 -10.6521559
0.7360000 -9.8337708
0.7370000 16.2890244
0.7380000 -28.8317165
0.7390000 27.6227150
0.7400000 6.5186601
0.7410000 27.5987644
0.7420000 -9.0751324
0.7430000 -1.6448673
0.7440000 17.9908237
0.7450000 11.7850981
0.7460000 -7.3724036
0.7470000 -14.6467333
0.7480000 -25.5474396
0.7490000 40.7924690
0.7500000 -0.4955293
0.7510000 -23.4627571
0.7520000 11.1748781
0.7530000 9.7997808
0.7540000 24.2047672
0.7550000 -20.5635967
0.7560000 8.9414892
0.7570000 45.7781944
0.7580000 -36.2522697
0.7590000 1.3913866
0.7600000 9.5250292
0.7610000 37.0897636
0.7620000 -29.2602825
0.7630000 -49.7976570
0.7640000 -2.6907804
0.7650000 -55.1104584
0.7660000 -6.0766878
0.7670000 34.2144585
0.7680000 23.8135166
0.7690000 -90.3941345
0.7700000 -33.1240082
0.7710000 -24.9807281
0.7720000 20.5356941
0.7730000 68.0288773
0.7740000 -7.3051538
0.7750000 30.4562359
0.7760000 24.3840313
0.7770000 2.2371962
0.7780000 -70.8833542
0.7790000 -40.6177711
0.7800000 30.6542645
0.7810000 19.9280758
0.7820000 -15.4552088
0.7830000 -30.2343731
0.7840000 50.4939194
0.7850000 -30.8349037
0.7860000 -93.0346146
0.7870000 12.3901272
0.7880000 -48.7891693
0.7890000 -3.4034901
0.7900000 22.6019325
0.7910000 -22.1626854
0.7920000 33.6511345
0.7930000 -38.1929054
0.7940000 11.6063509
0.7950000 -16.7025166
0.7960000 -26.3145618
0.7970000 -22.1653461
0.7980000 -12.2641668
0.7990000 2.0877860
0.8000000 -12.3700686
0.8010000 -10.0476961
0.8020000 3.4881635
0.8030000 35.0620689
0.8040000 -20.8167820
0.8050000 57.7476196
0.8060000 51.0220451
0.8070000 10.1905956
0.8080000 13.5333595
0.8090000 41.3119659
0.8100000 9.4652729
0.8110000 39.5700531
0.8120000 59.5921707
0.8130000 20.6686478
0.8140000 0.0874490
0.8150000 26.2301445
0.8160000 -20.1752930
0.8170000 91.6271820
0.8180000 -7.7204800
0.8190000 -8.9092770
0.8200000 -17.4459286
0.8210000 -20.6753750
0.8220000 18.5451736
0.8230000 -76.4594727
0.8240000 -38.2535744
0.8250000 -37.4479141
0.8260000 29.9097939
0.8270000 -36.6143227
0.8280000 -9.3196030
0.8290000 26.9751034
0.8300000 -36.7597961
0.8310000 3.9065101
0.8320000 -16.8454399
0.8330000 -1.5425115
0.8340000 5.7155213
0.8350000 18.5840302
0.8360000 -21.0236778
0.8370000 17.4631290
0.8380000 40.7672424
0.8390000 8.9741573
0.8400000 0.6412362
0.8410000 -31.7460003
0.8420000 12.5766592
0.8430000 -40.3888054
0.8440000 -14.1190519
0.8450000 -0.5195290
0.8460000 -15.1122923
0.8470000 -27.8228550
0.8480000 -64.3239594
0.8490000 63.2312965
0.8500000 29.1992493
0.8510000 106.0211563
0.8520000 52.4085159
0.8530000 17.0776711
0.8540000 -2.3006592
0.8550000 29.7937565
0.8560000 12.5757275
0.8570000 36.6350517
0.8580000 1.2085848
0.8590000 25.5943222
0.8600000 -41.1232300
0.8610000 -22.5663757
0.8620000 1.4884689
0.8630000 -39.7210999
0.8640000 30.4495144
0.8650000 4.8373766
0.8660000 -1.0545782
0.8670000 -25.1883087
0.8680000 21.8084049
0.8690000 -29.0735130
0.8700000 -12.1383705
0.8710000 1.0766187
0.8720000 -15.8638144
0.8730000 -26.2748528
0.8740000 46.3622627
0.8750000 -39.7454414
0.8760000 12.8847570
0.8770000 21.1142540
0.8780000 -14.2955923
0.8790000 -4.8612514
0.8800000 10.0070276
0.8810000 -43.0170822
0.8820000 79.1641541
0.8830000 -39.5311737
0.8840000 1.9136128
0.8850000 22.2656956
0.8860000 11.4736996
0.8870000 -4.2784553
0.8880000 15.4070692
0.8890000 -40.5859566
0.8900000 19.8296566
0.8910000 14.4183750
0.8920000 -45.0080032
0.8930000 55.5231857
0.8940000 1.6962968
0.8950000 37.8214417
0.8960000 39.1407814
0.8970000 4.9554210
0.8980000 -66.1489334
0.8990000 26.6039886
0.9000000 45.5973358
0.9010000 51.1593971
0.9020000 34.4483299
0.9030000 57.0456390
0.9040000 -12.9632998
0.9050000 25.0784836
0.9060000 91.2181625
0.9070000 19.3400822
0.9080000 20.2060986
0.9090000 42.8695145
0.9100000 -61.2121353
0.9110000 29.5809059
0.9120000 -45.9051819
0.9130000 -8.2546940
0.9140000 29.5501308
0.9150000 -15.1716328
0.9160000 11.7228193
0.9170000 -14.6733723
0.9180000 20.2425575
0.9190000 12.0948887
0.9200000 -50.5433083
0.9210000 -7.6156535
0.9220000 -23.8400917
0.9230000 -61.9454651
0.9240000 -50.8624344
0.9250000 20.3260860
0.9260000 63.2275963
0.9270000 27.3263073
0.9280000 55.8495216
0.9290000 15.4221659
0.9300000 -21.9721603
0.9310000 -14.2543802
0.9320000 30.8074150
0.9330000 -29.6547775
0.9340000 9.0094194
0.9350000 -37.9384346
0.9360000 44.4946022
0.9370000 -65.2993088
0.9380000 29.7976189
0.9390000 33.7595139
0.9400000 -55.3013573
0.9410000 28.0116787
0.9420000 51.8790817
0.9430000 -37.7949982
0.9440000 -50.4591713
0.9450000 48.1344109
0.9460000 -4.5151482
0.9470000 38.6974220
0.9480000 0.9511341
0.9490000 6.8981910
0.9500000 8.7798176
0.9510000 1.7037709
0.9520000 31.1976929
0.9530000 -4.1693211
0.9540000 43.3381081
0.9550000 40.2727470
0.9560000 21.0410004
0.9570000 63.6612968
0.9580000 60.3247986
0.9590000 54.5371094
0.9600000 -11.4840260
0.9610000 22.6234932
0.9620000 -5.8105574
0.9630000 48.6261482
0.9640000 -58.9246407
0.9650000 54.7185287
0.9660000 -12.3461456
0.9670000 -25.0000401
0.9680000 50.4855461
0.9690000 27.3635845
0.9700000 3.0887759
0.9710000 -48.4917717
0.9720000 -7.1715698
0.9730000 -29.5295181
0.9740000 17.3502903
0.9750000 -7.4554019
0.9760000 -0.1217955
0.9770000 5.3459268
0.9780000 -17.7051067
0.9790000 18.0538654
0.9800000 -41.7193794
0.9810000 0.8037188
0.9820000 28.6818981
0.9830000 4.2299790
0.9840000 25.7033901
0.9850000 1.2605202
0.9860000 -3.4852033
0.9870000 -0.1251480
0.9880000 36.9804802
0.9890000 59.1013947
0.9900000 36.7073669
0.9910000 -9.8900518
0.9920000 4.6033149
0.9930000 3.6766117
0.9940000 -22.5025959
0.9950000 -12.8527708
0.9960000 5.8965592
0.9970000 -21.8024101
0.9980000 -10.9561548
0.9990000 -47.1142616
