0.0000000 -40.3397255
0.0010000 -24.6955948
0.0020000 -1.7749850
0.0030000 1.7975330
0.0040000 15.5277500
0.0050000 -24.5669098
0.0060000 4.6128531
0.0070000 -24.0757580
0.0080000 -65.5948029
0.0090000 18.6474800
0.0100000 4.1959972
0.0110000 -41.0779037
0.0120000 11.0694046
0.0130000 12.6887531
0.0140000 -44.5466995
0.0150000 -4.9799590
0.0160000 -20.9816456
0.0170000 -41.0214844
0.0180000 -62.0260162
0.0190000 20.6805000
0.0200000 -54.2136879
0.0210000 -39.8452454
0.0220000 -33.3466072
0.0230000 -4.8966522
0.0240000 23.9313869
0.0250000 -1.0694606
0.0260000 0.9658533
0.0270000 8.0542736
0.0280000 -24.8158207
0.0290000 -27.8167992
0.0300000 -38.8512497
0.0310000 29.3576698
0.0320000 4.1164918
0.0330000 -11.7270145
0.0340000 -4.2637773
0.0350000 -30.9116344
0.0360000 -14.8578491
0.0370000 14.3757925
0.0380000 -23.5212688
0.0390000 -49.5800552
0.0400000 -25.2570705
0.0410000 29.2926006
0.0420000 -55.6129189
0.0430000 -57.8507500
0.0440000 -55.1117096
0.0450000 3.7440844
0.0460000 18.2668934
0.0470000 -74.8698883
0.0480000 -1.1306332
0.0490000 3.8845890
0.0500000 -16.1123676
0.0510000 48.4791451
0.0520000 15.4895525
0.0530000 8.4304943
0.0540000 -3.1635380
0.0550000 -25.2087154
0.0560000 -1.7512031
0.0570000 -38.1029320
0.0580000 21.2962036
0.0590000 6.0021267
0.0600000 40.6017799
0.0610000 82.7307968
0.0620000 -26.7252617
0.0630000 63.0912209
0.0640000 37.2662430
0.0650000 93.1005554
0.0660000 -21.8311234
0.0670000 -62.2332001
0.0680000 32.3839874
0.0690000 -22.1393280
0.0700000 -5.5561042
0.0710000 29.2819920
0.0720000 -0.0093350
0.0730000 -36.8475342
0.0740000 49.2017670
0.0750000 -11.7103281
0.0760000 -0.0909362
0.0770000 -37.9194298
0.0780000 -14.3163748
0.0790000 23.7910175
0.0800000 31.9356098
0.0810000 -15.8159084
0.0820000 -26.3284130
0.0830000 17.2480907
0.0840000 6.4230337
0.0850000 36.7583961
0.0860000 5.0898685
0.0870000 -13.6412258
0.0880000 -1.2929248
0.0890000 43.2712669
0.0900000 37.0026970
0.0910000 -29.1366768
0.0920000 31.9692535
0.0930000 -61.3494987
0.0940000 3.4759161
0.0950000 0.4868205
0.0960000 -3.5017910
0.0970000 -31.3851643
0.0980000 -41.8156738
0.0990000 -53.5987549
0.1000000 43.8774643
0.1010000 -35.4349480
0.1020000 -20.8685341
0.1030000 53.9394226
0.1040000 6.4475145
0.1050000 12.6382065
0.1060000 -58.9972839
0.1070000 -20.1928177
0.1080000 32.9734306
0.1090000 -61.6161194
0.1100000 31.4590607
0.1110000 40.2073708
0.1120000 -4.5376883
0.1130000 -2.5584433
0.1140000 -9.7640123
0.1150000 35.2686462
0.1160000 -0.6403618
0.1170000 64.2669067
0.1180000 32.2292061
0.1190000 89.8515167
0.1200000 -27.5312176
0.1210000 -51.1710281
0.1220000 -5.1225991
0.1230000 -3.8443332
0.1240000 -19.0004463
0.1250000 41.2010460
0.1260000 40.2688637
0.1270000 -10.4657459
0.1280000 40.4140968
0.1290000 -6.6254292
0.1300000 10.2924137
0.1310000 26.1679592
0.1320000 30.1393566
0.1330000 34.4065247
0.1340000 -1.3722901
0.1350000 22.3079720
0.1360000 -33.0982971
0.1370000 -29.8953400
0.1380000 9.7301569
0.1390000 104.4548569
0.1400000 -31.9236202
0.1410000 -0.5026647
0.1420000 -38.2887001
0.1430000 -6.8220887
0.1440000 -3.3161972
0.1450000 -12.9993505
0.1460000 -45.3440704
0.1470000 10.1530418
0.1480000 -0.5611863
0.1490000 -15.7373247
0.1500000 -3.1206610
0.1510000 -41.5378494
0.1520000 29.7468472
0.1530000 -2.7479579
0.1540000 -31.6631851
0.1550000 -19.0152950
0.1560000 -4.8086123
0.1570000 -10.5310316
0.1580000 17.9797230
0.1590000 4.5995345
0.1600000 23.4842567
0.1610000 8.8750057
0.1620000 23.5189381
0.1630000 3.0495765
0.1640000 -32.0090675
0.1650000 -39.5432549
0.1660000 -2.9372973
0.1670000 35.0274734
0.1680000 -25.8336849
0.1690000 18.1230164
0.1700000 17.2700157
0.1710000 13.8515854
0.1720000 -78.6603394
0.1730000 -26.2805786
0.1740000 -7.8799429
0.1750000 0.0223877
0.1760000 -8.9707031
0.1770000 19.2281189
0.1780000 39.5171089
0.1790000 -15.1430931
0.1800000 88.7241516
0.1810000 -60.5717621
0.1820000 8.7944069
0.1830000 9.0385027
0.1840000 7.5383735
0.1850000 35.3488922
0.1860000 -84.6582794
0.1870000 5.5551453
0.1880000 -11.3809900
0.1890000 -19.6493225
0.1900000 5.3371291
0.1910000 19.0892696
0.1920000 58.6859131
0.1930000 36.9970551
0.1940000 -7.5481453
0.1950000 15.9262476
0.1960000 -21.2484531
0.1970000 -45.2917442
0.1980000 4.8654704
0.1990000 16.8279591
0.2000000 8.3107309
0.2010000 -7.3343287
0.2020000 10.1412277
0.2030000 -57.8877106
0.2040000 -48.4929886
0.2050000 30.0933685
0.2060000 45.0980339
0.2070000 -11.9828224
0.2080000 -45.1941719
0.2090000 -44.3701210
0.2100000 30.8896027
0.2110000 -20.2663307
0.2120000 34.4449768
0.2130000 -29.9582138
0.2140000 -46.8648758
0.2150000 -3.6072614
0.2160000 49.6376419
0.2170000 41.9250793
0.2180000 -43.8951836
0.2190000 -23.4796066
0.2200000 25.6896687
0.2210000 8.1453018
0.2220000 -41.6891975
0.2230000 31.3064899
0.2240000 -17.4113045
0.2250000 -35.1121025
0.2260000 23.7388458
0.2270000 21.9464569
0.2280000 34.6604118
0.2290000 -10.6231604
0.2300000 -15.9839745
0.2310000 -24.5852947
0.2320000 -3.7181618
0.2330000 -20.7208633
0.2340000 -17.5824471
0.2350000 17.7523270
0.2360000 68.0660324
0.2370000 21.6597462
0.2380000 -10.3434868
0.2390000 -47.1767197
0.2400000 -19.5493927
0.2410000 12.4691906
0.2420000 -15.1910563
0.2430000 -35.7324791
0.2440000 2.1345086
0.2450000 14.9397068
0.2460000 -57.6390572
0.2470000 32.7481651
0.2480000 -28.9995327
0.2490000 -38.6494293
0.2500000 28.2592850
0.2510000 -9.5503864
0.2520000 -47.6997108
0.2530000 23.5605621
0.2540000 32.7785568
0.2550000 22.6554985
0.2560000 -0.8393317
0.2570000 -20.3071651
0.2580000 -20.7734661
0.2590000 47.8057213
0.2600000 -91.6053085
0.2610000 38.9089813
0.2620000 -25.7458019
0.2630000 -8.8924389
0.2640000 -32.9256363
0.2650000 -24.4608574
0.2660000 -11.3117428
0.2670000 6.6076164
0.2680000 23.2230263
0.2690000 48.0277443
0.2700000 22.2821007
0.2710000 12.1560612
0.2720000 -57.2788315
0.2730000 -39.1993332
0.2740000 22.0927010
0.2750000 41.8012199
0.2760000 22.2272968
0.2770000 7.3291140
0.2780000 16.1199932
0.2790000 47.3787384
0.2800000 -29.1532288
0.2810000 27.1296577
0.2820000 20.7195969
0.2830000 35.3063545
0.2840000 -63.5308266
0.2850000 1.2062576
0.2860000 -69.0143585
0.2870000 -35.0498199
0.2880000 -72.4271164
0.2890000 6.7476311
0.2900000 -41.9215279
0.2910000 47.5697250
0.2920000 38.2155609
0.2930000 6.0540915
0.2940000 48.0273628
0.2950000 21.7913685
0.2960000 -10.9870100
0.2970000 -9.5456009
0.2980000 51.7418060
0.2990000 -3.7087040
0.3000000 -44.6839561
0.3010000 16.5305233
0.3020000 -35.1120453
0.3030000 48.1269302
0.3040000 60.3362160
0.3050000 34.9340134
0.3060000 -16.8725758
0.3070000 40.5645981
0.3080000 -36.3899307
0.3090000 0.8524808
0.3100000 -0.5712190
0.3110000 29.0405502
0.3120000 -5.4096570
0.3130000 13.0143862
0.3140000 -39.7476082
0.3150000 20.8088150
0.3160000 17.8313522
0.3170000 -33.9455605
0.3180000 -1.3667655
0.3190000 19.2054787
0.3200000 -43.5976562
0.3210000 8.6366854
0.3220000 -39.3934402
0.3230000 -3.6091363
0.3240000 56.4846611
0.3250000 4.5882459
0.3260000 -20.4585190
0.3270000 -52.9788857
0.3280000 23.1376038
0.3290000 3.0220966
0.3300000 36.6709099
0.3310000 36.8277893
0.3320000 5.3928018
0.3330000 7.5136652
0.3340000 -33.1692696
0.3350000 1.6235811
0.3360000 1.8603511
0.3370000 2.7407982
0.3380000 45.8031387
0.3390000 30.4586620
0.3400000 26.9472542
0.3410000 7.3050890
0.3420000 39.0429840
0.3430000 23.8234940
0.3440000 6.8889995
0.3450000 -38.6310959
0.3460000 -104.1613846
0.3470000 1.4387952
0.3480000 0.2850659
0.3490000 11.1505518
0.3500000 39.6327286
0.3510000 58.2163887
0.3520000 -13.0536690
0.3530000 40.3292961
0.3540000 42.7479286
0.3550000 15.6699781
0.3560000 28.0126076
0.3570000 -76.2488174
0.3580000 -39.3311157
0.3590000 -0.0412273
0.3600000 14.5496855
0.3610000 60.2887993
0.3620000 5.5295367
0.3630000 -12.0674496
0.3640000 -35.9805260
0.3650000 34.2917061
0.3660000 12.0550089
0.3670000 5.6943440
0.3680000 -7.0214634
0.3690000 44.2387428
0.3700000 15.3227224
0.3710000 11.5875406
0.3720000 11.2464905
0.3730000 -0.8964460
0.3740000 41.0577087
0.3750000 11.0446749
0.3760000 -24.8824062
0.3770000 -16.8553715
0.3780000 -12.5307350
0.3790000 0.5318102
0.3800000 -33.6449852
0.3810000 -10.6009607
0.3820000 16.6572418
0.3830000 -10.1914310
0.3840000 33.3784828
0.3850000 54.5500145
0.3860000 -16.4849262
0.3870000 -6.2175903
0.3880000 -20.4495354
0.3890000 1.0371013
0.3900000 11.2383080
0.3910000 -7.3256698
0.3920000 27.4804821
0.3930000 -12.1712523
0.3940000 27.6899014
0.3950000 -25.8867607
0.3960000 -54.9959526
0.3970000 -6.1416693
0.3980000 33.8256111
0.3990000 35.6577568
0.4000000 -26.0459518
0.4010000 15.7327147
0.4020000 -20.0323238
0.4030000 -25.0271149
0.4040000 -1.0475591
0.4050000 3.3162766
0.4060000 38.4650497
0.4070000 9.9779034
0.4080000 39.5882568
0.4090000 -14.8035440
0.4100000 61.7064362
0.4110000 5.8442111
0.4120000 6.2357969
0.4130000 93.4912338
0.4140000 37.5156517
0.4150000 -6.5752411
0.4160000 53.5188828
0.4170000 -60.1997223
0.4180000 -9.5662823
0.4190000 -52.1049576
0.4200000 -20.6541843
0.4210000 45.8823242
0.4220000 54.2984390
0.4230000 -52.5118446
0.4240000 10.3309059
0.4250000 23.7724056
0.4260000 17.2592983
0.4270000 3.2273824
0.4280000 -20.6084728
0.4290000 0.9608741
0.4300000 26.7702999
0.4310000 28.6551361
0.4320000 -5.1471434
0.4330000 -27.8392944
0.4340000 -37.4556389
0.4350000 -25.4634724
0.4360000 33.9273834
0.4370000 -35.7313995
0.4380000 -1.2283951
0.4390000 7.3490958
0.4400000 -1.9060951
0.4410000 61.8105698
0.4420000 -9.5090494
0.4430000 -14.7383318
0.4440000 -42.1509895
0.4450000 20.1033497
0.4460000 -47.3104057
0.4470000 0.2296541
0.4480000 52.6829262
0.4490000 12.5598249
0.4500000 -7.7659454
0.4510000 -2.2445710
0.4520000 32.5222321
0.4530000 -10.3695297
0.4540000 32.7323418
0.4550000 -29.1653194
0.4560000 -35.1229973
0.4570000 4.4587598
0.4580000 51.2633209
0.4590000 -26.2385559
0.4600000 -48.2202492
0.4610000 -32.0196381
0.4620000 -33.3569527
0.4630000 30.1749821
0.4640000 58.5572014
0.4650000 40.9317284
0.4660000 57.6107025
0.4670000 9.6821003
0.4680000 2.4638572
0.4690000 -38.7335281
0.4700000 -23.4915676
0.4710000 -43.0563545
0.4720000 49.9366379
0.4730000 -29.8170681
0.4740000 6.0176153
0.4750000 70.8774948
0.4760000 -50.6872063
0.4770000 50.6699753
0.4780000 -38.6587791
0.4790000 -52.0362701
0.4800000 15.3472166
0.4810000 -33.3999519
0.4820000 -12.9317265
0.4830000 -58.9597931
0.4840000 20.0359917
0.4850000 -23.9026794
0.4860000 0.5955477
0.4870000 12.2116547
0.4880000 47.0062943
0.4890000 -14.9535618
0.4900000 -19.2109756
0.4910000 54.4596481
0.4920000 20.5773563
0.4930000 35.3106079
0.4940000 -11.1253710
0.4950000 16.6575928
0.4960000 70.0715942
0.4970000 -6.8959579
0.4980000 -60.8707199
0.4990000 27.4805336
0.5000000 18.7777023
0.5010000 -5.6745195
0.5020000 19.4400558
0.5030000 -40.8268127
0.5040000 -12.3659306
0.5050000 69.0923309
0.5060000 -15.1351137
0.5070000 8.1465931
0.5080000 4.4230533
0.5090000 13.7991076
0.5100000 38.7953644
0.5110000 0.1670813
0.5120000 -3.2627110
0.5130000 16.0232239
0.5140000 -8.0430079
0.5150000 8.4418278
0.5160000 -12.8271646
0.5170000 -60.8808327
0.5180000 23.1437321
0.5190000 -7.7432680
0.5200000 4.2930431
0.5210000 26.3861618
0.5220000 69.6869202
0.5230000 43.0823555
0.5240000 -17.1077862
0.5250000 67.3357925
0.5260000 -59.2427711
0.5270000 2.2972279
0.5280000 18.5885201
0.5290000 22.9601631
0.5300000 -39.8930702
0.5310000 -38.0603371
0.5320000 -31.1291656
0.5330000 -30.8915939
0.5340000 42.8592491
0.5350000 -37.9895020
0.5360000 59.9114227
0.5370000 83.0742264
0.5380000 21.6733017
0.5390000 13.4326801
0.5400000 -12.8467321
0.5410000 50.4518852
0.5420000 23.1262856
0.5430000 16.9661942
0.5440000 40.4184723
0.5450000 -48.9690361
0.5460000 -38.1508446
0.5470000 -9.6622686
0.5480000 -41.6101112
0.5490000 33.4094505
0.5500000 -44.3916740
0.5510000 55.2116661
0.5520000 -13.0840416
0.5530000 39.9322281
0.5540000 45.1682281
0.5550000 25.2305279
0.5560000 -34.7450409
0.5570000 -6.2752514
0.5580000 29.1615582
0.5590000 -20.1867733
0.5600000 68.6137466
0.5610000 37.9003220
0.5620000 37.6430321
0.5630000 -9.3559999
0.5640000 37.4706192
0.5650000 -37.8114204
0.5660000 17.5656624
0.5670000 -31.0033493
0.5680000 -29.5240822
0.5690000 8.4324884
0.5700000 26.8462772
0.5710000 -13.2613678
0.5720000 -54.7647324
0.5730000 -21.5206070
0.5740000 -6.9411268
0.5750000 -0.4182730
0.5760000 -17.0638523
0.5770000 -21.1519661
0.5780000 -20.0319233
0.5790000 -19.7305317
0.5800000 -41.6705551
0.5810000 -25.1387634
0.5820000 15.0864182
0.5830000 33.0661545
0.5840000 79.0035706
0.5850000 -73.3538818
0.5860000 -27.7836666
0.5870000 -39.0057106
0.5880000 7.7831044
0.5890000 36.7578049
0.5900000 2.7568142
0.5910000 19.7818508
0.5920000 -22.5253220
0.5930000 -40.0606422
0.5940000 3.5240963
0.5950000 92.2030106
0.5960000 9.9427004
0.5970000 10.8568382
0.5980000 -19.9232655
0.5990000 20.8189430
0.6000000 42.0707207
0.6010000 30.2435589
0.6020000 -10.0087709
0.6030000 11.9973431
0.6040000 22.6917782
0.6050000 -39.6220093
0.6060000 10.7470179
0.6070000 78.8567352
0.6080000 -57.7339783
0.6090000 -17.2864952
0.6100000 -0.1734076
0.6110000 45.0551987
0.6120000 6.7025895
0.6130000 -28.2789650
0.6140000 -27.3497753
0.6150000 0.5668766
0.6160000 -0.6357251
0.6170000 14.5134020
0.6180000 23.0923061
0.6190000 -6.9895401
0.6200000 -15.2229881
0.6210000 -9.0801554
0.6220000 9.5477781
0.6230000 49.8884964
0.6240000 -44.0311127
0.6250000 8.8304148
0.6260000 -36.3556786
0.6270000 -42.1626091
0.6280000 -11.7244358
0.6290000 34.7188148
0.6300000 4.1178203
0.6310000 0.2463471
0.6320000 -44.6617851
0.6330000 12.4249611
0.6340000 -3.3504386
0.6350000 3.8425090
0.6360000 21.7613773
0.6370000 -14.5426769
0.6380000 18.3432426
0.6390000 32.2698441
0.6400000 -43.6129684
0.6410000 -8.5389786
0.6420000 5.8748941
0.6430000 38.2411652
0.6440000 5.5135360
0.6450000 45.5527115
0.6460000 44.8827286
0.6470000 27.7873344
0.6480000 47.5541229
0.6490000 -42.6818504
0.6500000 8.7059565
0.6510000 53.5500641
0.6520000 -4.9431076
0.6530000 58.2210655
0.6540000 -1.7295911
0.6550000 76.6796265
0.6560000 28.0069389
0.6570000 -31.8288994
0.6580000 25.5734730
0.6590000 32.9546967
0.6600000 28.2846470
0.6610000 -29.6942444
0.6620000 -30.9341030
0.6630000 29.5547276
0.6640000 -8.3445988
0.6650000 69.5015488
0.6660000 38.1174278
0.6670000 59.2600517
0.6680000 -31.6747990
0.6690000 -12.8565073
0.6700000 87.4379730
0.6710000 -51.6337128
0.6720000 58.0847816
0.6730000 -6.3006496
0.6740000 5.3738580
0.6750000 19.9851818
0.6760000 -4.8380175
0.6770000 -33.6748657
0.6780000 17.9105835
0.6790000 -36.6627159
0.6800000 -8.8860388
0.6810000 0.8710992
0.6820000 -28.8067627
0.6830000 -38.0563927
0.6840000 19.0035000
0.6850000 -31.2287903
0.6860000 29.0981750
0.6870000 -39.3259506
0.6880000 -20.8859234
0.6890000 93.7909470
0.6900000 17.6244068
0.6910000 -25.1027737
0.6920000 -20.5911102
0.6930000 40.1214447
0.6940000 10.9783106
0.6950000 11.0892487
0.6960000 31.3106976
0.6970000 -33.5629425
0.6980000 66.1581650
0.6990000 -60.2302017
0.7000000 -8.6214314
0.7010000 46.6503906
0.7020000 33.3092613
0.7030000 -9.8816481
0.7040000 -23.8671474
0.7050000 41.3205376
0.7060000 23.7065163
0.7070000 -5.7558947
0.7080000 36.4944229
0.7090000 24.3447132
0.7100000 -6.5667953
0.7110000 -4.2701254
0.7120000 37.5928955
0.7130000 -66.2260208
0.7140000 -33.9321556
0.7150000 28.5182209
0.7160000 -43.9695587
0.7170000 22.4373665
0.7180000 14.9419785
0.7190000 -46.9448891
0.7200000 -49.7341194
0.7210000 30.9897499
0.7220000 41.1579781
0.7230000 1.7935128
0.7240000 -32.6274529
0.7250000 41.7056770
0.7260000 29.1142254
0.7270000 -0.6114345
0.7280000 44.3872261
0.7290000 6.3021393
0.7300000 -10.7495089
0.7310000 -31.4833050
0.7320000 39.6944885
0.7330000 23.3434048
0.7340000 -8.6383219
0.7350000 16.0364647
0.7360000 28.6756611
0.7370000 -46.6307526
0.7380000 50.7086792
0.7390000 -4.5551109
0.7400000 -18.9360313
0.7410000 -8.7045755
0.7420000 -14.1295080
0.7430000 15.7697287
0.7440000 12.1816378
0.7450000 -20.0706081
0.7460000 -22.3333206
0.7470000 -19.9975166
0.7480000 -17.0262566
0.7490000 -15.1834269
0.7500000 2.8109815
0.7510000 -36.8949203
0.7520000 -7.0535531
0.7530000 -19.2945919
0.7540000 21.1495247
0.7550000 -30.2161674
0.7560000 15.1211472
0.7570000 -47.2208176
0.7580000 -39.7363167
0.7590000 4.9281621
0.7600000 -19.2276611
0.7610000 -48.2026558
0.7620000 -61.4974937
0.7630000 -10.3588572
0.7640000 -56.1234398
0.7650000 -30.7930202
0.7660000 -38.8756409
0.7670000 -18.2245083
0.7680000 17.3878269
0.7690000 1.6424967
0.7700000 8.4528265
0.7710000 21.6955891
0.7720000 22.0250893
0.7730000 79.6837692
0.7740000 13.5095844
0.7750000 -25.1624451
0.7760000 6.1014662
0.7770000 -78.6051941
0.7780000 -20.0370255
0.7790000 -5.7674980
0.7800000 -30.0813046
0.7810000 45.6576042
0.7820000 -2.5922384
0.7830000 3.5996616
0.7840000 22.7270298
0.7850000 -39.2633858
0.7860000 27.0176010
0.7870000 -28.0963955
0.7880000 18.3577671
0.7890000 61.8624306
0.7900000 -57.1152344
0.7910000 -19.6538429
0.7920000 16.5408821
0.7930000 4.5349960
0.7940000 -40.5402946
0.7950000 -12.7745733
0.7960000 -41.8974190
0.7970000 -25.0624504
0.7980000 -15.5203762
0.7990000 -3.3899760
0.8000000 17.1911716
0.8010000 12.4136314
0.8020000 43.3625984
0.8030000 68.3025665
0.8040000 -14.3207436
0.8050000 -10.6242561
0.8060000 -5.1334801
0.8070000 -105.3587265
0.8080000 -15.7351360
0.8090000 25.1508503
0.8100000 42.7234879
0.8110000 7.0750093
0.8120000 20.9095345
0.8130000 9.6339769
0.8140000 19.3810902
0.8150000 39.3571854
0.8160000 -7.5202641
0.8170000 -54.7402916
0.8180000 38.5380592
0.8190000 15.8202639
0.8200000 57.5437279
0.8210000 33.8348045
0.8220000 46.6117249
0.8230000 -12.1072903
0.8240000 -68.7139435
0.8250000 31.0323029
0.8260000 -8.0119829
0.8270000 2.3792450
0.8280000 41.6933861
0.8290000 -17.4127102
0.8300000 27.0436726
0.8310000 -26.7000999
0.8320000 -24.4510269
0.8330000 -39.0070419
0.8340000 -4.5048680
0.8350000 -8.5088215
0.8360000 -13.3394108
0.8370000 -43.1564369
0.8380000 -7.2511396
0.8390000 13.8563023
0.8400000 11.4801636
0.8410000 0.2008255
0.8420000 -9.0210161
0.8430000 -79.7045593
0.8440000 -11.8418417
0.8450000 28.5011997
0.8460000 43.7160034
0.8470000 2.2677808
0.8480000 -85.8467255
0.8490000 -4.8881364
0.8500000 32.5405693
0.8510000 0.6495261
0.8520000 25.8197136
0.8530000 0.3056076
0.8540000 -9.1190929
0.8550000 24.9726391
0.8560000 -29.6335506
0.8570000 4.7521067
0.8580000 -9.2469101
0.8590000 32.6638489
0.8600000 -6.6850209
0.8610000 34.0672455
0.8620000 -0.2453085
0.8630000 25.2567806
0.8640000 -7.2957873
0.8650000 -0.0387457
0.8660000 5.4387026
0.8670000 12.6435518
0.8680000 -24.6400509
0.8690000 11.8385811
0.8700000 -28.9178562
0.8710000 -6.0955129
0.8720000 -10.4981737
0.8730000 -16.8684063
0.8740000 -4.5367136
0.8750000 -20.3557892
0.8760000 -23.9135742
0.8770000 -1.5396547
0.8780000 -5.5263987
0.8790000 -22.6181355
0.8800000 -77.4091873
0.8810000 2.2189369
0.8820000 81.6478348
0.8830000 -15.6963196
0.8840000 -15.8390408
0.8850000 24.6593761
0.8860000 -74.7333069
0.8870000 29.8691273
0.8880000 -75.2166214
0.8890000 9.3323956
0.8900000 39.0680161
0.8910000 -44.1614380
0.8920000 -13.9818087
0.8930000 -18.5815849
0.8940000 64.0147934
0.8950000 10.4880581
0.8960000 -32.9468536
0.8970000 -21.3954811
0.8980000 -28.9997215
0.8990000 13.8117065
0.9000000 24.7709522
0.9010000 38.2988205
0.9020000 12.1900682
0.9030000 -23.3410492
0.9040000 -40.6073685
0.9050000 22.4190731
0.9060000 5.9905601
0.9070000 -45.2735252
0.9080000 38.5151329
0.9090000 40.5594673
0.9100000 36.0146751
0.9110000 -38.4090309
0.9120000 -31.8364449
0.9130000 4.6645741
0.9140000 33.5749512
0.9150000 -4.7243466
0.9160000 39.0331726
0.9170000 -10.2391462
0.9180000 73.9188614
0.9190000 -12.9650354
0.9200000 40.2957382
0.9210000 61.3976479
0.9220000 -2.1010218
0.9230000 9.3659277
0.9240000 48.2803307
0.9250000 0.6382751
0.9260000 3.6627588
0.9270000 -33.1769028
0.9280000 -30.4900455
0.9290000 -94.2449951
0.9300000 37.0209351
0.9310000 -1.7892841
0.9320000 4.2586017
0.9330000 74.0397797
0.9340000 -33.3595276
0.9350000 6.0526381
0.9360000 28.1227760
0.9370000 -37.1203384
0.9380000 17.2713470
0.9390000 -23.6585732
0.9400000 118.3908920
0.9410000 15.9979229
0.9420000 39.7776337
0.9430000 -45.5345345
0.9440000 -21.9307041
0.9450000 25.5981026
0.9460000 -25.2423973
0.9470000 -48.3018532
0.9480000 -42.0322914
0.9490000 4.9094119
0.9500000 -51.7611465
0.9510000 -17.0227242
0.9520000 10.9094324
0.9530000 39.5311050
0.9540000 -46.8102493
0.9550000 42.7107658
0.9560000 -1.2215328
0.9570000 4.5906873
0.9580000 22.6854916
0.9590000 16.4082050
0.9600000 8.1174955
0.9610000 -15.6869707
0.9620000 37.3352203
0.9630000 14.6313200
0.9640000 6.5523810
0.9650000 6.1225262
0.9660000 16.6102009
0.9670000 -23.3621292
0.9680000 14.0956583
0.9690000 2.3123486
0.9700000 -50.6319160
0.9710000 -1.1045443
0.9720000 -35.0720825
0.9730000 13.4266891
0.9740000 -47.1283760
0.9750000 15.1848888
0.9760000 -6.9088578
0.9770000 -30.1010284
0.9780000 -4.7570348
0.9790000 -13.3924713
0.9800000 52.2992859
0.9810000 -31.5095119
0.9820000 -0.8961306
0.9830000 -32.3072739
0.9840000 -3.8360801
0.9850000 19.2585239
0.9860000 -0.1925398
0.9870000 -33.4950104
0.9880000 -0.9450087
0.9890000 -78.5515900
0.9900000 8.6330948
0.9910000 1.8168634
0.9920000 -29.0183868
0.9930000 -7.0435820
0.9940000 -1.9612695
0.9950000 42.3354073
0.9960000 31.1234970
0.9970000 -7.0738196
0.9980000 30.8827763
0.9990000 85.4309082
