0.0000000 34.9184036
0.0010000 11.5218344
0.0020000 -72.5798798
0.0030000 -35.1791992
0.0040000 8.4919224
0.0050000 -4.9565206
0.0060000 17.2954636
0.0070000 -26.4667320
0.0080000 -85.5760193
0.0090000 24.6973209
0.0100000 -13.9988680
0.0110000 14.1299706
0.0120000 18.8197212
0.0130000 0.7042035
0.0140000 4.6947322
0.0150000 28.9688683
0.0160000 59.2704964
0.0170000 -88.7664490
0.0180000 64.3623734
0.0190000 68.1653900
0.0200000 -19.7685986
0.0210000 21.8000965
0.0220000 8.3641062
0.0230000 -16.0064163
0.0240000 -55.4102097
0.0250000 -57.0543900
0.0260000 -95.7746048
0.0270000 18.1819382
0.0280000 33.0498581
0.0290000 5.8078384
0.0300000 -31.2296276
0.0310000 -28.0132332
0.0320000 -18.2522202
0.0330000 43.1009407
0.0340000 -26.4929638
0.0350000 -32.8657227
0.0360000 31.0824280
0.0370000 41.5028725
0.0380000 -94.1453857
0.0390000 69.0526505
0.0400000 18.6427784
0.0410000 13.5970163
0.0420000 -57.8167648
0.0430000 -30.8066883
0.0440000 -66.1019287
0.0450000 -20.5259819
0.0460000 -36.1905060
0.0470000 8.5707827
0.0480000 -8.9572029
0.0490000 -25.4443150
0.0500000 8.7992229
0.0510000 32.4342461
0.0520000 10.7052116
0.0530000 -40.8236732
0.0540000 -20.4919014
0.0550000 33.9076233
0.0560000 4.6293964
0.0570000 43.0329361
0.0580000 -37.4386101
0.0590000 -20.5581856
0.0600000 -5.7053137
0.0610000 32.2747765
0.0620000 -20.0136204
0.0630000 -6.5900202
0.0640000 9.4100542
0.0650000 -45.0256386
0.0660000 21.7681103
0.0670000 -20.0589104
0.0680000 11.1434574
0.0690000 -3.6935389
0.0700000 -6.2835994
0.0710000 54.2584572
0.0720000 26.9777908
0.0730000 10.2163239
0.0740000 28.5985165
0.0750000 44.3324013
0.0760000 -20.0696163
0.0770000 -35.2849503
0.0780000 -54.9606323
0.0790000 41.5331497
0.0800000 -13.9088230
0.0810000 -5.0501442
0.0820000 -4.4782510
0.0830000 -2.3537040
0.0840000 17.0460548
0.0850000 -38.7933044
0.0860000 56.8675537
0.0870000 21.8379860
0.0880000 45.6778069
0.0890000 53.3871994
0.0900000 37.7647209
0.0910000 37.7841454
0.0920000 40.3037872
0.0930000 -14.5194883
0.0940000 11.8503704
0.0950000 -23.4702587
0.0960000 -17.8682098
0.0970000 -70.6508102
0.0980000 -48.5738335
0.0990000 38.2006073
0.1000000 11.1709118
0.1010000 10.9559402
0.1020000 -28.2476788
0.1030000 -56.6040878
0.1040000 -6.8364820
0.1050000 45.2998886
0.1060000 -22.6788273
0.1070000 -7.8560224
0.1080000 -29.4536018
0.1090000 12.5522089
0.1100000 21.7608624
0.1110000 -39.4660645
0.1120000 -36.9570618
0.1130000 -5.5364218
0.1140000 20.2668934
0.1150000 -3.2666101
0.1160000 14.5229359
0.1170000 23.7933369
0.1180000 -39.6661453
0.1190000 -15.2498398
0.1200000 61.6412048
0.1210000 19.3314037
0.1220000 -23.5260067
0.1230000 29.3816128
0.1240000 32.3386230
0.1250000 3.3154681
0.1260000 32.3605194
0.1270000 40.4236794
0.1280000 48.7767601
0.1290000 21.8871479
0.1300000 81.7206879
0.1310000 -83.6545181
0.1320000 -1.7880399
0.1330000 -46.1461220
0.1340000 -42.0249138
0.1350000 38.9167633
0.1360000 24.1336117
0.1370000 -16.6386738
0.1380000 -8.5918913
0.1390000 27.2081013
0.1400000 -47.8763771
0.1410000 57.1241684
0.1420000 -21.5478344
0.1430000 -28.3149147
0.1440000 -19.7847538
0.1450000 -16.2769547
0.1460000 -59.5411377
0.1470000 2.6172695
0.1480000 27.8853836
0.1490000 24.2750969
0.1500000 35.4381180
0.1510000 -33.8723221
0.1520000 -14.2341757
0.1530000 -11.6539841
0.1540000 61.5528030
0.1550000 21.0264416
0.1560000 9.1389360
0.1570000 77.6931305
0.1580000 -62.3522530
0.1590000 -2.4982078
0.1600000 17.1298599
0.1610000 -21.5712299
0.1620000 44.3195992
0.1630000 -1.8215169
0.1640000 -70.9133453
0.1650000 -18.4101887
0.1660000 -58.1447067
0.1670000 -16.0468464
0.1680000 -34.3670464
0.1690000 -3.9849510
0.1700000 31.8462391
0.1710000 -39.7564621
0.1720000 -45.7207603
0.1730000 22.0643826
0.1740000 -53.3875885
0.1750000 -21.3850479
0.1760000 41.3355255
0.1770000 -21.3393669
0.1780000 23.2549992
0.1790000 9.4016800
0.1800000 47.4062653
0.1810000 -15.1106176
0.1820000 -16.6065922
0.1830000 -63.0535278
0.1840000 -2.5746713
0.1850000 -51.1178246
0.1860000 -24.9002018
0.1870000 -12.3116312
0.1880000 -46.2165489
0.1890000 3.2675292
0.1900000 2.4148850
0.1910000 67.4078751
0.1920000 18.3111801
0.1930000 1.4904255
0.1940000 31.0486927
0.1950000 -22.8358974
0.1960000 -27.2076817
0.1970000 -104.6572037
0.1980000 -8.8678589
0.1990000 -39.9003334
0.2000000 -14.2847691
0.2010000 -71.2063828
0.2020000 -3.2522492
0.2030000 -15.8808794
0.2040000 -26.8952923
0.2050000 -56.7070923
0.2060000 -18.5659771
0.2070000 36.4137306
0.2080000 -3.1074240
0.2090000 -27.9741802
0.2100000 7.0500116
0.2110000 37.3259468
0.2120000 -48.0363159
0.2130000 -7.4579406
0.2140000 -32.3314247
0.2150000 40.7703209
0.2160000 -26.3445206
0.2170000 37.5126762
0.2180000 47.7068672
0.2190000 16.8066063
0.2200000 -34.8110695
0.2210000 13.9110966
0.2220000 26.7503166
0.2230000 4.3620219
0.2240000 43.7718620
0.2250000 -0.0205407
0.2260000 -8.1532784
0.2270000 6.1627712
0.2280000 8.9893074
0.2290000 -27.9709682
0.2300000 -40.4002571
0.2310000 28.5131836
0.2320000 19.0971127
0.2330000 34.1851540
0.2340000 -92.7777710
0.2350000 -37.9828949
0.2360000 -30.6632538
0.2370000 -51.4970779
0.2380000 -30.4195099
0.2390000 20.8188343
0.2400000 -10.1019058
0.2410000 53.6651878
0.2420000 -40.8068199
0.2430000 -25.6906815
0.2440000 -65.8749008
0.2450000 27.5816040
0.2460000 86.0333557
0.2470000 -47.8948784
0.2480000 -26.6392193
0.2490000 -8.4601011
0.2500000 0.9710588
0.2510000 -42.8551941
0.2520000 -27.2025776
0.2530000 -38.4269676
0.2540000 9.2241116
0.2550000 -28.0730743
0.2560000 -49.1780357
0.2570000 33.4631195
0.2580000 -38.1031456
0.2590000 -46.4679947
0.2600000 13.1932306
0.2610000 -3.2056739
0.2620000 19.1179810
0.2630000 18.6961727
0.2640000 5.3029337
0.2650000 59.5918732
0.2660000 17.9346638
0.2670000 -56.1054420
0.2680000 -14.6173220
0.2690000 42.1882019
0.2700000 -11.9938431
0.2710000 54.8774529
0.2720000 -32.5124931
0.2730000 -0.2821180
0.2740000 54.5897675
0.2750000 -38.7839661
0.2760000 -34.3895149
0.2770000 -33.3595695
0.2780000 26.6979027
0.2790000 -6.6330814
0.2800000 6.2584152
0.2810000 -29.9773827
0.2820000 -21.4257870
0.2830000 34.4852638
0.2840000 -15.4496374
0.2850000 -21.8136959
0.2860000 -8.5982761
0.2870000 18.9907398
0.2880000 1.3309903
0.2890000 64.5428238
0.2900000 11.2627354
0.2910000 17.2337208
0.2920000 1.6193426
0.2930000 -69.7563553
0.2940000 27.7659321
0.2950000 -38.2498169
0.2960000 -1.2008736
0.2970000 -46.7165604
0.2980000 -44.0217133
0.2990000 -52.8942604
0.3000000 10.5838547
0.3010000 0.9815930
0.3020000 -86.6052094
0.3030000 11.8345490
0.3040000 -25.0322704
0.3050000 24.9550304
0.3060000 8.4412842
0.3070000 -10.7188158
0.3080000 19.5742741
0.3090000 -48.3328552
0.3100000 -12.6847715
0.3110000 -31.0432606
0.3120000 33.6780586
0.3130000 -17.5199680
0.3140000 25.9727631
0.3150000 41.7480049
0.3160000 -54.5671082
0.3170000 -24.5658798
0.3180000 -38.7250252
0.3190000 -12.9585648
0.3200000 -16.2231445
0.3210000 -19.9095345
0.3220000 37.3931007
0.3230000 45.8399467
0.3240000 -50.6794243
0.3250000 18.0512257
0.3260000 -6.5879583
0.3270000 42.2199211
0.3280000 94.0344772
0.3290000 71.1564484
0.3300000 15.6545858
0.3310000 -35.6500664
0.3320000 13.3157978
0.3330000 19.2141571
0.3340000 -41.7194672
0.3350000 13.5537376
0.3360000 -6.0407043
0.3370000 17.1432056
0.3380000 -33.9846992
0.3390000 12.6236858
0.3400000 23.3543568
0.3410000 47.5414543
0.3420000 26.6224442
0.3430000 80.4886932
0.3440000 16.2116127
0.3450000 25.4411602
0.3460000 36.5499535
0.3470000 25.9864082
0.3480000 -50.3503914
0.3490000 -8.6740847
0.3500000 -34.1835136
0.3510000 48.9837875
0.3520000 -20.3834381
0.3530000 -37.5435295
0.3540000 -2.6367571
0.3550000 36.6064835
0.3560000 38.8232460
0.3570000 -23.5940628
0.3580000 31.1890602
0.3590000 -34.4760361
0.3600000 6.2608509
0.3610000 35.3999672
0.3620000 9.0210276
0.3630000 -33.8598976
0.3640000 -27.2155819
0.3650000 -46.8284340
0.3660000 -13.1426306
0.3670000 3.0143526
0.3680000 37.8929825
0.3690000 15.6554451
0.3700000 -71.1482239
0.3710000 -70.1711960
0.3720000 2.3407636
0.3730000 8.9602079
0.3740000 7.8074756
0.3750000 -18.2216835
0.3760000 48.3175316
0.3770000 14.1757336
0.3780000 -9.2732019
0.3790000 13.8529463
0.3800000 35.3523445
0.3810000 -45.5000038
0.3820000 -95.5039291
0.3830000 8.6328974
0.3840000 -38.5913162
0.3850000 -29.7586575
0.3860000 11.6943169
0.3870000 -41.5862656
0.3880000 -57.5697861
0.3890000 -33.4520416
0.3900000 35.9184074
0.3910000 32.3158340
0.3920000 20.6022377
0.3930000 23.7796097
0.3940000 16.1405964
0.3950000 -4.8402872
0.3960000 44.9414673
0.3970000 -26.1138554
0.3980000 21.6985188
0.3990000 -3.6483922
0.4000000 9.9011078
0.4010000 -52.5681343
0.4020000 45.8731270
0.4030000 47.2542381
0.4040000 -29.5160275
0.4050000 3.6371598
0.4060000 -22.5868568
0.4070000 5.3980637
0.4080000 -8.5208197
0.4090000 -62.8802338
0.4100000 28.6344738
0.4110000 -2.6785975
0.4120000 -92.5012894
0.4130000 -18.4361897
0.4140000 -8.8305902
0.4150000 -11.4398146
0.4160000 20.3572273
0.4170000 60.2464066
0.4180000 -13.3991623
0.4190000 26.0187473
0.4200000 18.1818848
0.4210000 29.0127602
0.4220000 -58.7968025
0.4230000 18.0744076
0.4240000 -29.4244118
0.4250000 -23.7002621
0.4260000 -27.3477573
0.4270000 -16.5727062
0.4280000 -52.5203094
0.4290000 -0.7073905
0.4300000 1.4826007
0.4310000 -70.5562057
0.4320000 -34.4227715
0.4330000 -0.2365867
0.4340000 23.9005775
0.4350000 1.6125474
0.4360000 24.9244175
0.4370000 -14.4460564
0.4380000 -8.1009302
0.4390000 8.3279352
0.4400000 70.5750122
0.4410000 1.7968199
0.4420000 85.8789673
0.4430000 12.7429733
0.4440000 -7.7288976
0.4450000 6.9157419
0.4460000 65.3401718
0.4470000 29.4958191
0.4480000 -11.0908871
0.4490000 20.8871746
0.4500000 28.3480797
0.4510000 -13.7611580
0.4520000 -5.4168577
0.4530000 -8.8016081
0.4540000 20.3487244
0.4550000 15.5918961
0.4560000 17.1308784
0.4570000 44.3863182
0.4580000 18.9586086
0.4590000 29.7526131
0.4600000 -17.8682652
0.4610000 -57.6159859
0.4620000 1.2147080
0.4630000 -27.8533878
0.4640000 49.9741325
0.4650000 25.0307255
0.4660000 13.0261183
0.4670000 -13.0367069
0.4680000 25.9580421
0.4690000 46.2142601
0.4700000 37.6335602
0.4710000 -89.4817429
0.4720000 24.7120247
0.4730000 -38.1212654
0.4740000 -53.4057579
0.4750000 -4.3558168
0.4760000 42.3139038
0.4770000 23.3887501
0.4780000 37.7682877
0.4790000 47.8036270
0.4800000 59.7268715
0.4810000 3.0878303
0.4820000 16.5893764
0.4830000 31.0623188
0.4840000 7.0040569
0.4850000 -36.3762665
0.4860000 10.1824989
0.4870000 -37.7147713
0.4880000 12.0103006
0.4890000 -41.3067513
0.4900000 -1.0993117
0.4910000 -10.8231754
0.4920000 -33.0022278
0.4930000 24.2166615
0.4940000 20.0939350
0.4950000 17.1420689
0.4960000 -50.0736008
0.4970000 -55.6595688
0.4980000 -2.5771296
0.4990000 -6.1343307
0.5000000 7.0735230
0.5010000 -29.6803856
0.5020000 -43.4075813
0.5030000 22.0831604
0.5040000 80.3871155
0.5050000 -23.9241028
0.5060000 50.1643181
0.5070000 57.1409492
0.5080000 32.2320938
0.5090000 48.8236465
0.5100000 -66.7052917
0.5110000 -17.5966129
0.5120000 93.6759415
0.5130000 -5.0609293
0.5140000 61.4679489
0.5150000 -4.9822001
0.5160000 -19.7416096
0.5170000 -1.1340845
0.5180000 3.0335121
0.5190000 5.1588197
0.5200000 -24.2200203
0.5210000 39.8668861
0.5220000 -4.4942608
0.5230000 -35.0555725
0.5240000 13.5277739
0.5250000 9.7610006
0.5260000 -43.0391312
0.5270000 51.1481628
0.5280000 -40.3693466
0.5290000 -11.1802416
0.5300000 9.8220367
0.5310000 41.6645813
0.5320000 4.7583241
0.5330000 -60.6478729
0.5340000 1.7124834
0.5350000 -73.5907059
0.5360000 -11.6271029
0.5370000 -21.6107025
0.5380000 16.7677746
0.5390000 41.5247726
0.5400000 -0.3335089
0.5410000 -2.0194521
0.5420000 38.0984650
0.5430000 -35.7388039
0.5440000 -16.0143394
0.5450000 13.4917202
0.5460000 -29.3767662
0.5470000 -15.5829163
0.5480000 -28.8116608
0.5490000 -0.4273440
0.5500000 -5.4154606
0.5510000 -33.3521729
0.5520000 20.2143574
0.5530000 -15.2734604
0.5540000 58.0353127
0.5550000 -31.8348522
0.5560000 -39.1597176
0.5570000 -12.3272600
0.5580000 -33.0101089
0.5590000 -14.1092796
0.5600000 48.4530525
0.5610000 35.9312439
0.5620000 -2.9581509
0.5630000 27.3169842
0.5640000 71.3888626
0.5650000 57.6004143
0.5660000 56.4721336
0.5670000 -24.5569324
0.5680000 -2.4656549
0.5690000 -8.3756170
0.5700000 -7.7265096
0.5710000 11.5824099
0.5720000 68.6988907
0.5730000 11.8093948
0.5740000 -13.5924387
0.5750000 31.8086376
0.5760000 24.2038040
0.5770000 -58.1807442
0.5780000 72.1952057
0.5790000 15.3018942
0.5800000 -11.6110210
0.5810000 -55.6904221
0.5820000 -20.1166306
0.5830000 -8.4615450
0.5840000 19.3363171
0.5850000 22.7718163
0.5860000 -48.3304596
0.5870000 -4.4928756
0.5880000 -21.3533916
0.5890000 30.7337303
0.5900000 -40.3757629
0.5910000 -11.2664652
0.5920000 -36.0233231
0.5930000 -16.8977642
0.5940000 25.5670986
0.5950000 -5.3793168
0.5960000 -34.5460968
0.5970000 33.4428787
0.5980000 -6.8036351
0.5990000 2.4363263
0.6000000 -18.1516323
0.6010000 -17.1867065
0.6020000 -2.4718528
0.6030000 13.6074247
0.6040000 50.9235954
0.6050000 -11.3072186
0.6060000 36.2648621
0.6070000 -37.2087173
0.6080000 1.5030191
0.6090000 -10.9181356
0.6100000 2.1721697
0.6110000 -0.8230934
0.6120000 39.8041000
0.6130000 101.5152817
0.6140000 -6.5147662
0.6150000 -17.9743061
0.6160000 72.2380447
0.6170000 45.8276711
0.6180000 -9.6338158
0.6190000 69.7685547
0.6200000 0.9402728
0.6210000 52.4852142
0.6220000 7.5235667
0.6230000 37.8371849
0.6240000 60.2636909
0.6250000 29.3045330
0.6260000 -6.4289956
0.6270000 38.1426964
0.6280000 -11.0861568
0.6290000 24.5610771
0.6300000 60.3323441
0.6310000 1.9858882
0.6320000 46.6704445
0.6330000 14.9801378
0.6340000 -32.5585327
0.6350000 7.6034164
0.6360000 -16.5291824
0.6370000 -36.1891060
0.6380000 -36.3776741
0.6390000 9.7846842
0.6400000 -28.9776382
0.6410000 -4.1323676
0.6420000 6.5421910
0.6430000 -5.1930223
0.6440000 -57.8286285
0.6450000 31.8135624
0.6460000 -7.2559795
0.6470000 -40.9819984
0.6480000 -17.2585793
0.6490000 -3.4818943
0.6500000 8.2777205
0.6510000 -11.6054506
0.6520000 42.3703918
0.6530000 9.0726833
0.6540000 25.3220329
0.6550000 -15.1982574
0.6560000 30.3813858
0.6570000 22.2757111
0.6580000 -44.8971519
0.6590000 49.9983864
0.6600000 1.0994596
0.6610000 -8.1868896
0.6620000 -73.5170822
0.6630000 14.7332497
0.6640000 -11.7555656
0.6650000 19.0725002
0.6660000 18.8705368
0.6670000 47.4770012
0.6680000 -0.1159348
0.6690000 -59.5531845
0.6700000 49.7084007
0.6710000 6.6461463
0.6720000 9.8941698
0.6730000 -47.1374779
0.6740000 31.2655315
0.6750000 6.3794799
0.6760000 -22.3102703
0.6770000 -23.5964470
0.6780000 -60.5309296
0.6790000 48.4146767
0.6800000 -35.9741974
0.6810000 25.8142395
0.6820000 58.6098595
0.6830000 9.6168623
0.6840000 2.8078744
0.6850000 -6.1975403
0.6860000 -7.8411541
0.6870000 -30.7660065
0.6880000 5.2635789
0.6890000 -26.2164593
0.6900000 -62.5117874
0.6910000 49.2218170
0.6920000 -16.5461082
0.6930000 1.1055534
0.6940000 -95.5175705
0.6950000 2.4181929
0.6960000 20.4597664
0.6970000 1.3761113
0.6980000 -0.1423905
0.6990000 74.0385666
0.7000000 7.9967031
0.7010000 -22.6310558
0.7020000 21.1620960
0.7030000 -16.5665588
0.7040000 -17.4771652
0.7050000 -18.1554375
0.7060000 -4.5922546
0.7070000 41.7976189
0.7080000 -30.1505280
0.7090000 -43.6406136
0.7100000 0.8515449
0.7110000 2.3947549
0.7120000 6.5024343
0.7130000 35.2084084
0.7140000 73.9984894
0.7150000 -1.4476820
0.7160000 -19.5841713
0.7170000 27.4047508
0.7180000 29.7314358
0.7190000 94.9893265
0.7200000 18.7933464
0.7210000 -59.3479271
0.7220000 36.5868950
0.7230000 11.3416233
0.7240000 7.8079510
0.7250000 -35.0528908
0.7260000 20.4548111
0.7270000 44.9350281
0.7280000 50.7053795
0.7290000 -4.9637218
0.7300000 -26.0538807
0.7310000 61.2040710
0.7320000 -25.2369652
0.7330000 -49.7952538
0.7340000 -9.6624184
0.7350000 -15.4574747
0.7360000 -9.9176836
0.7370000 -6.0848885
0.7380000 -36.4827194
0.7390000 3.8058453
0.7400000 26.2202587
0.7410000 -40.8598976
0.7420000 7.7983308
0.7430000 5.1340885
0.7440000 -9.5478449
0.7450000 27.6743259
0.7460000 23.5640907
0.7470000 -2.3998890
0.7480000 19.3944721
0.7490000 25.0795364
0.7500000 19.3744736
0.7510000 -34.6084518
0.7520000 -36.9239540
0.7530000 9.3965054
0.7540000 15.8465023
0.7550000 -28.6904602
0.7560000 -24.7345181
0.7570000 -17.5235844
0.7580000 -31.9194870
0.7590000 -14.8624096
0.7600000 15.7978258
0.7610000 -10.2856865
0.7620000 14.4575844
0.7630000 -42.4842377
0.7640000 31.0624371
0.7650000 -17.8867664
0.7660000 123.8480759
0.7670000 1.5336959
0.7680000 -0.2541512
0.7690000 -2.0164380
0.7700000 38.0403290
0.7710000 61.7807617
0.7720000 -61.9400826
0.7730000 32.8351898
0.7740000 -138.8000488
0.7750000 -11.6575422
0.7760000 -57.9815140
0.7770000 65.0706177
0.7780000 9.1639442
0.7790000 -92.6938400
0.7800000 18.7855263
0.7810000 4.4640021
0.7820000 -13.9686737
0.7830000 -31.3994217
0.7840000 22.5284119
0.7850000 8.6269712
0.7860000 0.3990168
0.7870000 1.4101830
0.7880000 17.8181725
0.7890000 26.5066319
0.7900000 -43.5736275
0.7910000 -5.1426892
0.7920000 -2.6568348
0.7930000 -46.9618492
0.7940000 -12.3070488
0.7950000 -11.8933258
0.7960000 -59.2684174
0.7970000 21.9098587
0.7980000 7.7348866
0.7990000 -3.7792416
0.8000000 -28.3295574
0.8010000 24.0258427
0.8020000 37.9881363
0.8030000 -39.2063599
0.8040000 -4.9807911
0.8050000 2.1210454
0.8060000 -11.2099085
0.8070000 -54.2885742
0.8080000 -26.0835552
0.8090000 23.5508385
0.8100000 -39.7768250
0.8110000 -66.1124268
0.8120000 47.9670067
0.8130000 -0.0143299
0.8140000 -0.0995075
0.8150000 23.4813557
0.8160000 -11.3146391
0.8170000 -13.7131109
0.8180000 -60.7849770
0.8190000 38.0344925
0.8200000 0.2568784
0.8210000 -44.3098335
0.8220000 22.9338913
0.8230000 20.5299301
0.8240000 -4.4589438
0.8250000 -12.2805290
0.8260000 -16.9542294
0.8270000 0.4161617
0.8280000 2.6966698
0.8290000 -22.3279305
0.8300000 44.5017738
0.8310000 30.8706398
0.8320000 -40.4365692
0.8330000 -19.7565422
0.8340000 -18.8617573
0.8350000 -29.8954906
0.8360000 5.5202212
0.8370000 9.2830753
0.8380000 -59.5837860
0.8390000 -28.3247452
0.8400000 11.2253103
0.8410000 11.2368584
0.8420000 -42.8916435
0.8430000 -36.2620201
0.8440000 -57.2615891
0.8450000 -21.5766869
0.8460000 -39.7827530
0.8470000 -24.9442196
0.8480000 -51.7057266
0.8490000 -56.3976669
0.8500000 38.3842583
0.8510000 14.3860416
0.8520000 -77.3229752
0.8530000 -6.4398308
0.8540000 24.4402790
0.8550000 41.2231064
0.8560000 -32.8378677
0.8570000 -2.1070573
0.8580000 2.1804595
0.8590000 40.7502518
0.8600000 52.8408508
0.8610000 -14.5845184
0.8620000 30.6429520
0.8630000 -15.3650398
0.8640000 -58.5186424
0.8650000 -19.1415081
0.8660000 -0.2945997
0.8670000 52.3224831
0.8680000 -11.1122456
0.8690000 7.7005982
0.8700000 -8.9482660
0.8710000 -20.3141518
0.8720000 -20.6954060
0.8730000 -49.3707695
0.8740000 14.5533476
0.8750000 -23.1286983
0.8760000 -12.8982115
0.8770000 20.3732433
0.8780000 -39.7246895
0.8790000 13.3457909
0.8800000 -10.5025139
0.8810000 -1.4428436
0.8820000 -34.9893036
0.8830000 -99.8528900
0.8840000 -22.7703056
0.8850000 15.5471554
0.8860000 -41.4136696
0.8870000 -88.4258041
0.8880000 3.9332478
0.8890000 0.8269749
0.8900000 53.2540932
0.8910000 -28.3248806
0.8920000 -21.8494625
0.8930000 -27.2714520
0.8940000 5.7646689
0.8950000 64.7645950
0.8960000 -31.2909164
0.8970000 -40.1054306
0.8980000 8.2679577
0.8990000 -13.0606403
0.9000000 -39.1659050
0.9010000 -14.1752510
0.9020000 -27.1197796
0.9030000 -21.2910500
0.9040000 46.9226456
0.9050000 6.4056273
0.9060000 -50.9966774
0.9070000 37.2140579
0.9080000 31.2680225
0.9090000 -96.2408447
0.9100000 15.3239269
0.9110000 35.9337158
0.9120000 -4.6414318
0.9130000 -26.9651871
0.9140000 -13.4816914
0.9150000 -11.5520086
0.9160000 -15.9499512
0.9170000 31.6663723
0.9180000 27.8263149
0.9190000 16.4538631
0.9200000 -1.1177397
0.9210000 -31.5450401
0.9220000 0.8737409
0.9230000 15.6804352
0.9240000 -11.8697128
0.9250000 -25.6119156
0.9260000 -37.3483620
0.9270000 39.0970116
0.9280000 33.2627716
0.9290000 21.9396515
0.9300000 26.2163544
0.9310000 -32.2803497
0.9320000 -49.0250282
0.9330000 -23.4249420
0.9340000 2.7540121
0.9350000 -48.6792603
0.9360000 -35.2404175
0.9370000 -42.0502510
0.9380000 -8.7184391
0.9390000 13.4983072
0.9400000 -0.4987963
0.9410000 -36.9675865
0.9420000 11.7136564
0.9430000 -21.6658077
0.9440000 15.0893288
0.9450000 33.8644257
0.9460000 19.6312637
0.9470000 18.5768337
0.9480000 5.0019879
0.9490000 -9.3132820
0.9500000 12.9534731
0.9510000 -10.8858461
0.9520000 31.9666576
0.9530000 -33.2345581
0.9540000 -28.0218410
0.9550000 -15.7417450
0.9560000 97.9388733
0.9570000 -9.6794558
0.9580000 -42.9809685
0.9590000 -8.5550947
0.9600000 15.0881920
0.9610000 -29.3263302
0.9620000 51.1847572
0.9630000 2.5794818
0.9640000 -18.8607502
0.9650000 -25.9848671
0.9660000 35.5870094
0.9670000 -26.1793880
0.9680000 -26.5185165
0.9690000 -37.1190758
0.9700000 -60.4000244
0.9710000 -32.8725586
0.9720000 -40.6252327
0.9730000 -3.2826750
0.9740000 7.4074960
0.9750000 -5.5036812
0.9760000 -31.0363007
0.9770000 -16.4006844
0.9780000 -9.4935150
0.9790000 -53.5194130
0.9800000 -42.4240799
0.9810000 27.6103630
0.9820000 50.5529099
0.9830000 13.3382206
0.9840000 5.2722831
0.9850000 30.3797436
0.9860000 -30.5086231
0.9870000 -53.6789665
0.9880000 -57.9900665
0.9890000 -19.4462128
0.9900000 23.4923248
0.9910000 45.5038414
0.9920000 17.2859535
0.9930000 7.4162493
0.9940000 86.5168991
0.9950000 44.3071785
0.9960000 -21.2432003
0.9970000 26.1514339
0.9980000 -2.1061952
0.9990000 27.7178345
