0.0000000 -15.8597441
0.0010000 -32.3266411
0.0020000 3.4971731
0.0030000 0.4910010
0.0040000 -21.0774784
0.0050000 -8.1711340
0.0060000 15.3154783
0.0070000 38.2410660
0.0080000 -17.9302883
0.0090000 57.3853493
0.0100000 116.5005951
0.0110000 13.7627983
0.0120000 11.6069527
0.0130000 65.5949554
0.0140000 40.1606331
0.0150000 17.2745724
0.0160000 42.6860237
0.0170000 -3.2933741
0.0180000 8.3239422
0.0190000 -33.4104500
0.0200000 10.9187975
0.0210000 -70.2238159
0.0220000 -35.9024315
0.0230000 31.9419174
0.0240000 -51.5249023
0.0250000 -0.4554940
0.0260000 5.7148790
0.0270000 -5.4525542
0.0280000 49.6419754
0.0290000 -22.8624268
0.0300000 21.6654968
0.0310000 7.0066576
0.0320000 -18.6838226
0.0330000 4.3098555
0.0340000 6.1501369
0.0350000 5.7743173
0.0360000 -23.5591106
0.0370000 12.5680084
0.0380000 -12.3824263
0.0390000 21.9972744
0.0400000 0.3841019
0.0410000 24.2209644
0.0420000 2.1597700
0.0430000 -49.4100914
0.0440000 -30.0066319
0.0450000 -33.8214493
0.0460000 -55.8510590
0.0470000 -20.6533813
0.0480000 -22.6177711
0.0490000 12.1794806
0.0500000 34.6204987
0.0510000 -40.7217979
0.0520000 -25.2702847
0.0530000 26.9442272
0.0540000 -19.0795593
0.0550000 15.3111305
0.0560000 -21.9492264
0.0570000 22.9693546
0.0580000 32.3696976
0.0590000 3.4053786
0.0600000 18.3617706
0.0610000 -29.9191246
0.0620000 16.1881275
0.0630000 -54.2492294
0.0640000 60.0586472
0.0650000 45.5163460
0.0660000 -4.4530482
0.0670000 -1.0290966
0.0680000 47.9994164
0.0690000 -12.7473373
0.0700000 -42.6716843
0.0710000 18.5907135
0.0720000 26.4187813
0.0730000 10.0436020
0.0740000 10.4166412
0.0750000 -6.8982825
0.0760000 -21.2823582
0.0770000 27.6760349
0.0780000 9.2332220
0.0790000 -5.3757448
0.0800000 2.7084258
0.0810000 -46.2258415
0.0820000 -24.8312359
0.0830000 -16.4732590
0.0840000 -11.4325438
0.0850000 -40.1777611
0.0860000 54.3590508
0.0870000 -3.2332220
0.0880000 -16.2542019
0.0890000 -6.3524399
0.0900000 -24.2150517
0.0910000 19.9135380
0.0920000 32.5437355
0.0930000 -15.2807083
0.0940000 -36.6540871
0.0950000 -20.6277084
0.0960000 -18.0849476
0.0970000 -48.7186928
0.0980000 -26.0269699
0.0990000 7.6473060
0.1000000 -67.8490906
0.1010000 -19.8304558
0.1020000 1.6950840
0.1030000 -37.3583221
0.1040000 20.8273754
0.1050000 -18.0386600
0.1060000 -49.0105743
0.1070000 -52.9334641
0.1080000 -9.4145079
0.1090000 -25.7469215
0.1100000 -14.2556772
0.1110000 56.7783356
0.1120000 -21.0186195
0.1130000 16.5080280
0.1140000 19.5595589
0.1150000 -11.0311108
0.1160000 49.9417572
0.1170000 -4.7545037
0.1180000 -11.4519234
0.1190000 24.0245762
0.1200000 68.3936691
0.1210000 53.6775627
0.1220000 -48.6648941
0.1230000 0.5741343
0.1240000 16.9782982
0.1250000 24.4957314
0.1260000 22.3345661
0.1270000 -2.7620170
0.1280000 -2.6231742
0.1290000 2.5059228
0.1300000 -28.8746662
0.1310000 31.9307384
0.1320000 9.0095148
0.1330000 18.6140900
0.1340000 27.8604927
0.1350000 -32.9123192
0.1360000 -76.5350418
0.1370000 -24.1584015
0.1380000 26.5718422
0.1390000 6.0263114
0.1400000 4.7730374
0.1410000 27.6717091
0.1420000 -1.6617234
0.1430000 -30.9291859
0.1440000 -1.9497201
0.1450000 7.2362685
0.1460000 0.2080228
0.1470000 -53.0476151
0.1480000 -31.5236263
0.1490000 -2.0632913
0.1500000 33.1432838
0.1510000 -13.1794815
0.1520000 -10.9441471
0.1530000 20.7334595
0.1540000 -68.8520432
0.1550000 -65.8824463
0.1560000 -25.1038952
0.1570000 -6.7477279
0.1580000 31.4850750
0.1590000 55.8493385
0.1600000 -26.9388351
0.1610000 -9.4439592
0.1620000 3.0959725
0.1630000 -37.9141846
0.1640000 -11.0030546
0.1650000 -15.3063269
0.1660000 -14.2112923
0.1670000 50.0523796
0.1680000 -33.4222641
0.1690000 -4.6265450
0.1700000 -0.8660920
0.1710000 -20.9171600
0.1720000 58.2210693
0.1730000 -25.9809704
0.1740000 17.0568962
0.1750000 -15.5462065
0.1760000 -45.5156479
0.1770000 -44.3437805
0.1780000 32.1782646
0.1790000 13.0889635
0.1800000 14.8539915
0.1810000 -74.1963501
0.1820000 39.6296463
0.1830000 24.9799690
0.1840000 20.6130085
0.1850000 -23.4433956
0.1860000 -10.8788395
0.1870000 11.8920174
0.1880000 59.5417633
0.1890000 -9.2555370
0.1900000 -38.2823448
0.1910000 11.8719616
0.1920000 -12.3305302
0.1930000 -15.9789743
0.1940000 16.3127384
0.1950000 -17.6508179
0.1960000 -17.8263397
0.1970000 65.8014679
0.1980000 25.5966206
0.1990000 12.6203537
0.2000000 -12.8052492
0.2010000 -63.4258003
0.2020000 71.8768463
0.2030000 18.7355652
0.2040000 -46.7661400
0.2050000 -29.4665718
0.2060000 53.5915680
0.2070000 38.9197769
0.2080000 -27.3355713
0.2090000 -58.9384689
0.2100000 34.6610870
0.2110000 -56.4914856
0.2120000 13.7697840
0.2130000 50.8154945
0.2140000 -57.8188400
0.2150000 -8.6143131
0.2160000 3.7140424
0.2170000 -14.7076149
0.2180000 -3.1562393
0.2190000 -81.3880539
0.2200000 -8.0285206
0.2210000 -29.8016453
0.2220000 -32.0407829
0.2230000 -9.9494724
0.2240000 20.3137608
0.2250000 -23.6431446
0.2260000 -24.0541134
0.2270000 60.8924255
0.2280000 45.6929245
0.2290000 -3.7211430
0.2300000 17.9872684
0.2310000 -23.1429081
0.2320000 130.2947235
0.2330000 -39.6169090
0.2340000 9.8872747
0.2350000 7.9357901
0.2360000 -21.7659130
0.2370000 33.9803314
0.2380000 43.6731186
0.2390000 -6.1960683
0.2400000 -12.4930639
0.2410000 7.4945397
0.2420000 -24.6012669
0.2430000 40.2878723
0.2440000 10.1808968
0.2450000 27.9716358
0.2460000 45.8031044
0.2470000 -6.9816051
0.2480000 -29.7498379
0.2490000 36.2801094
0.2500000 -34.6786804
0.2510000 11.1832275
0.2520000 47.7060890
0.2530000 31.2152748
0.2540000 -12.6633615
0.2550000 -41.1419029
0.2560000 -3.3670495
0.2570000 20.1323700
0.2580000 26.1329346
0.2590000 22.8595142
0.2600000 -11.6350775
0.2610000 -28.9488316
0.2620000 -4.3837962
0.2630000 -12.7284212
0.2640000 5.2126226
0.2650000 0.7240397
0.2660000 -1.3302693
0.2670000 -19.7805023
0.2680000 39.0196342
0.2690000 30.3747597
0.2700000 -17.2791214
0.2710000 -2.8444934
0.2720000 -4.4140315
0.2730000 6.3930683
0.2740000 -30.1310787
0.2750000 8.1520538
0.2760000 -38.2495880
0.2770000 -42.2253571
0.2780000 20.2438965
0.2790000 -6.2300792
0.2800000 33.0604019
0.2810000 70.0474319
0.2820000 71.9723358
0.2830000 14.2485590
0.2840000 -45.1852341
0.2850000 -55.8189545
0.2860000 -30.3817730
0.2870000 17.8291359
0.2880000 -98.7676239
0.2890000 14.0513382
0.2900000 0.7476223
0.2910000 -24.9658394
0.2920000 37.1904488
0.2930000 1.2843699
0.2940000 21.1843357
0.2950000 28.1074677
0.2960000 -81.2568359
0.2970000 26.9419117
0.2980000 12.7714863
0.2990000 -31.6537762
0.3000000 -37.6869736
0.3010000 -14.5169315
0.3020000 43.4593544
0.3030000 -42.0627670
0.3040000 -17.7667198
0.3050000 23.9459000
0.3060000 4.5059657
0.3070000 16.4950199
0.3080000 -22.6302280
0.3090000 -6.8122044
0.3100000 -27.2477970
0.3110000 -38.5745430
0.3120000 -3.4955771
0.3130000 19.2225227
0.3140000 24.9105816
0.3150000 3.4071259
0.3160000 -16.4564018
0.3170000 14.8072968
0.3180000 -41.9643631
0.3190000 43.6820488
0.3200000 -5.7560797
0.3210000 69.5332565
0.3220000 -1.9534705
0.3230000 20.4781895
0.3240000 2.9364500
0.3250000 16.1453381
0.3260000 -29.2853470
0.3270000 -34.6418114
0.3280000 42.0044327
0.3290000 18.7422905
0.3300000 53.5406570
0.3310000 6.1898160
0.3320000 -38.5411453
0.3330000 34.8907814
0.3340000 7.0275931
0.3350000 66.2954025
0.3360000 -1.5279373
0.3370000 -27.4136963
0.3380000 0.8368239
0.3390000 14.8899078
0.3400000 35.8480911
0.3410000 14.4272900
0.3420000 5.6700130
0.3430000 -17.6229305
0.3440000 -9.5526543
0.3450000 108.6940765
0.3460000 8.0758314
0.3470000 48.3374367
0.3480000 14.6111441
0.3490000 27.0936050
0.3500000 17.5137463
0.3510000 58.1668549
0.3520000 13.7427607
0.3530000 20.9867325
0.3540000 70.3952789
0.3550000 50.7584991
0.3560000 33.9842682
0.3570000 19.4245949
0.3580000 13.0938702
0.3590000 32.4362068
0.3600000 -11.4215422
0.3610000 49.1351471
0.3620000 -51.4274712
0.3630000 4.1030264
0.3640000 17.3210163
0.3650000 101.2420502
0.3660000 -27.5617542
0.3670000 26.4232845
0.3680000 -16.2372437
0.3690000 -31.6896477
0.3700000 29.4210205
0.3710000 40.3374977
0.3720000 58.0108223
0.3730000 55.2506828
0.3740000 19.4044266
0.3750000 11.1342325
0.3760000 -33.6858177
0.3770000 41.1505318
0.3780000 -42.3290596
0.3790000 29.2179089
0.3800000 -1.0359732
0.3810000 1.3677258
0.3820000 -28.6698170
0.3830000 -20.5844288
0.3840000 -46.9617043
0.3850000 -47.8638153
0.3860000 -35.3570290
0.3870000 -52.4152603
0.3880000 -0.3819983
0.3890000 74.1297150
0.3900000 21.8872967
0.3910000 -68.2602234
0.3920000 -12.6532488
0.3930000 -8.4234676
0.3940000 -16.5291252
0.3950000 -57.5229836
0.3960000 6.3313141
0.3970000 -25.6780167
0.3980000 -36.8395882
0.3990000 25.3774166
0.4000000 20.6450653
0.4010000 15.8971777
0.4020000 -1.3202440
0.4030000 19.2586575
0.4040000 -41.4893303
0.4050000 53.0254745
0.4060000 50.9018898
0.4070000 -21.2924633
0.4080000 -18.1595173
0.4090000 -14.6586695
0.4100000 46.4883766
0.4110000 50.7341309
0.4120000 13.3796568
0.4130000 77.8695068
0.4140000 23.3703384
0.4150000 28.4904060
0.4160000 -24.1602364
0.4170000 18.3242779
0.4180000 3.1538193
0.4190000 6.0324869
0.4200000 -30.4889565
0.4210000 9.7976599
0.4220000 19.6170654
0.4230000 14.1394844
0.4240000 -12.3958788
0.4250000 -0.9466367
0.4260000 4.3570981
0.4270000 -2.8352900
0.4280000 1.0909278
0.4290000 3.8831737
0.4300000 -10.5608177
0.4310000 -57.4157372
0.4320000 -78.0467148
0.4330000 -28.3630180
0.4340000 33.9737091
0.4350000 -25.0302849
0.4360000 -69.8871078
0.4370000 -14.4370556
0.4380000 27.1484909
0.4390000 -47.0772705
0.4400000 59.9177284
0.4410000 32.5102577
0.4420000 28.9821930
0.4430000 -6.2848001
0.4440000 71.0746994
0.4450000 51.2703514
0.4460000 -35.7071152
0.4470000 3.0226600
0.4480000 5.1662369
0.4490000 17.7547131
0.4500000 59.0648117
0.4510000 44.0301018
0.4520000 -32.4233475
0.4530000 2.3832893
0.4540000 -68.4909363
0.4550000 59.5955696
0.4560000 -39.0319481
0.4570000 -4.1657019
0.4580000 37.2479324
0.4590000 19.1337528
0.4600000 -11.0631886
0.4610000 13.8964386
0.4620000 -31.3616657
0.4630000 -0.9279505
0.4640000 31.5670567
0.4650000 -35.3356438
0.4660000 5.7242441
0.4670000 15.6439018
0.4680000 -61.7906151
0.4690000 14.2624311
0.4700000 19.7139359
0.4710000 -38.8075981
0.4720000 -12.9988623
0.4730000 -79.6316299
0.4740000 14.0501318
0.4750000 -19.8771992
0.4760000 20.0535946
0.4770000 14.4984245
0.4780000 48.8926620
0.4790000 -40.3335724
0.4800000 39.6138039
0.4810000 -9.5107098
0.4820000 20.4925823
0.4830000 -18.0536251
0.4840000 -17.8120785
0.4850000 41.4465981
0.4860000 27.8372993
0.4870000 -35.0080185
0.4880000 19.6952171
0.4890000 -7.7477527
0.4900000 2.5736063
0.4910000 -37.6429863
0.4920000 13.1450958
0.4930000 45.8815613
0.4940000 71.2603455
0.4950000 -29.6927147
0.4960000 -22.0378952
0.4970000 37.9303093
0.4980000 40.0392647
0.4990000 81.7601242
0.5000000 22.8138771
0.5010000 6.4539032
0.5020000 26.0121803
0.5030000 -47.7997932
0.5040000 45.6272087
0.5050000 -25.1968040
0.5060000 33.5768394
0.5070000 28.6931515
0.5080000 -21.1108723
0.5090000 -16.4063835
0.5100000 30.0108891
0.5110000 22.5427608
0.5120000 -16.5247288
0.5130000 49.3227196
0.5140000 32.3683319
0.5150000 3.4139936
0.5160000 -8.3041172
0.5170000 -20.2228603
0.5180000 30.3324718
0.5190000 -23.8957348
0.5200000 57.7457466
0.5210000 75.8169861
0.5220000 -16.1089935
0.5230000 39.1397743
0.5240000 22.5641556
0.5250000 39.3987465
0.5260000 57.0783463
0.5270000 -5.4314070
0.5280000 -31.8868103
0.5290000 9.1001844
0.5300000 -5.0225534
0.5310000 -11.9251289
0.5320000 -14.6588230
0.5330000 -0.1663619
0.5340000 0.4476007
0.5350000 4.6216602
0.5360000 -78.8670502
0.5370000 40.5622902
0.5380000 22.9225769
0.5390000 54.8712654
0.5400000 14.7280588
0.5410000 -15.2352467
0.5420000 13.4538374
0.5430000 -2.6171520
0.5440000 17.8694496
0.5450000 -0.1393038
0.5460000 -39.7785263
0.5470000 16.2932377
0.5480000 10.9891520
0.5490000 63.5427704
0.5500000 34.2195015
0.5510000 -7.3964958
0.5520000 -55.4702568
0.5530000 6.2389345
0.5540000 15.7876825
0.5550000 -39.3923111
0.5560000 -16.4341793
0.5570000 34.6979218
0.5580000 17.6701775
0.5590000 14.1245136
0.5600000 28.7521000
0.5610000 -24.9973297
0.5620000 -31.4951248
0.5630000 42.1886444
0.5640000 20.3640881
0.5650000 35.8197365
0.5660000 -40.2268372
0.5670000 -42.8472176
0.5680000 -0.8854148
0.5690000 -45.7552299
0.5700000 3.2677910
0.5710000 31.8750477
0.5720000 -43.0264206
0.5730000 -25.4823151
0.5740000 -44.3748932
0.5750000 9.2104511
0.5760000 -45.1091652
0.5770000 -29.3094025
0.5780000 -29.6943169
0.5790000 13.6385393
0.5800000 118.4231567
0.5810000 -12.1067314
0.5820000 7.1677136
0.5830000 -38.6441460
0.5840000 -7.0465593
0.5850000 22.9421539
0.5860000 25.9973679
0.5870000 -21.5813046
0.5880000 33.7727356
0.5890000 -0.9120896
0.5900000 41.3931656
0.5910000 41.4951897
0.5920000 -26.5803165
0.5930000 -36.4310570
0.5940000 6.5385442
0.5950000 -33.8821945
0.5960000 64.6035767
0.5970000 -32.1328468
0.5980000 30.2881336
0.5990000 -10.3136330
0.6000000 -24.3596745
0.6010000 30.1798382
0.6020000 -58.0295372
0.6030000 -3.9978793
0.6040000 -24.4652157
0.6050000 -31.1765022
0.6060000 26.2462845
0.6070000 18.1632252
0.6080000 -70.4328995
0.6090000 61.1660957
0.6100000 -48.7261810
0.6110000 44.3712044
0.6120000 -24.9548283
0.6130000 22.6308689
0.6140000 -4.8437915
0.6150000 15.6841688
0.6160000 -2.0881660
0.6170000 27.9903049
0.6180000 76.9113770
0.6190000 -59.6524849
0.6200000 -47.0583878
0.6210000 7.7688255
0.6220000 33.3373833
0.6230000 -6.1165204
0.6240000 2.9813359
0.6250000 53.5726967
0.6260000 7.5880227
0.6270000 -16.7681408
0.6280000 -29.4484749
0.6290000 -57.2168312
0.6300000 -9.9924603
0.6310000 -25.3781834
0.6320000 -13.8586378
0.6330000 23.0867157
0.6340000 -50.0830803
0.6350000 11.9075661
0.6360000 57.0118370
0.6370000 3.4172752
0.6380000 19.7267323
0.6390000 10.6982918
0.6400000 37.8531532
0.6410000 62.4357529
0.6420000 23.9525776
0.6430000 29.3332882
0.6440000 -8.6691456
0.6450000 60.5992165
0.6460000 16.8933144
0.6470000 -22.1438599
0.6480000 -30.3509274
0.6490000 14.4700069
0.6500000 -3.3124321
0.6510000 -50.9528084
0.6520000 3.5589383
0.6530000 -31.9463978
0.6540000 67.8487396
0.6550000 -11.6752090
0.6560000 35.4298706
0.6570000 38.7656631
0.6580000 -26.3318176
0.6590000 -40.5800514
0.6600000 -64.9060669
0.6610000 -60.1452637
0.6620000 -70.9327087
0.6630000 5.3095741
0.6640000 -0.8308002
0.6650000 -23.3157196
0.6660000 -6.8767343
0.6670000 -30.7473221
0.6680000 -33.0694580
0.6690000 34.7373619
0.6700000 -34.6111832
0.6710000 -40.3150177
0.6720000 0.1009615
0.6730000 31.8423786
0.6740000 57.9344597
0.6750000 -6.4163895
0.6760000 -7.0521522
0.6770000 4.5075283
0.6780000 -24.5753231
0.6790000 -5.1107545
0.6800000 20.5014400
0.6810000 -22.4290428
0.6820000 -18.6455956
0.6830000 -37.3535271
0.6840000 -16.8270664
0.6850000 -39.2751999
0.6860000 9.0608931
0.6870000 29.2231045
0.6880000 7.2851009
0.6890000 16.9843998
0.6900000 12.8168707
0.6910000 33.1580849
0.6920000 18.7812862
0.6930000 13.9018478
0.6940000 65.1673431
0.6950000 19.1327572
0.6960000 0.6230952
0.6970000 -59.6628685
0.6980000 -31.3110886
0.6990000 -6.7593966
0.7000000 15.9678698
0.7010000 36.5748253
0.7020000 9.4489460
0.7030000 -14.5735865
0.7040000 -50.1015053
0.7050000 11.1103220
0.7060000 38.6550179
0.7070000 36.4360466
0.7080000 -3.2394087
0.7090000 -0.0337726
0.7100000 -12.9405565
0.7110000 41.8698883
0.7120000 6.1718998
0.7130000 80.6081924
0.7140000 23.0048485
0.7150000 15.4297018
0.7160000 66.3126984
0.7170000 19.1798286
0.7180000 -5.1113138
0.7190000 17.8892307
0.7200000 20.4157867
0.7210000 22.2331104
0.7220000 -27.3668079
0.7230000 22.3344326
0.7240000 -25.9939919
0.7250000 13.1209536
0.7260000 -46.5909805
0.7270000 -1.1448158
0.7280000 34.7122917
0.7290000 -15.8474102
0.7300000 35.5298157
0.7310000 -19.9558983
0.7320000 52.4799347
0.7330000 40.7178154
0.7340000 -2.1161106
0.7350000 34.4502106
0.7360000 -6.1959586
0.7370000 -74.1546936
0.7380000 63.6391830
0.7390000 -2.9354944
0.7400000 -25.9235096
0.7410000 4.3248734
0.7420000 8.0581980
0.7430000 18.5166092
0.7440000 29.6703625
0.7450000 -10.9923458
0.7460000 43.3492241
0.7470000 23.8497047
0.7480000 31.2169800
0.7490000 13.4542427
0.7500000 64.6711884
0.7510000 8.2797174
0.7520000 -0.0471103
0.7530000 -12.8428888
0.7540000 81.6865234
0.7550000 8.9449511
0.7560000 -15.8128109
0.7570000 54.4386406
0.7580000 63.4768906
0.7590000 -30.1868896
0.7600000 48.7124481
0.7610000 33.6230431
0.7620000 -4.3196869
0.7630000 34.8077469
0.7640000 -17.7182331
0.7650000 60.6803131
0.7660000 -6.6784301
0.7670000 6.7152925
0.7680000 -22.0576630
0.7690000 43.6284485
0.7700000 -73.5358276
0.7710000 45.8676186
0.7720000 31.1583042
0.7730000 -58.2390404
0.7740000 32.8194733
0.7750000 -15.9566717
0.7760000 -34.7663803
0.7770000 25.0878086
0.7780000 62.0448341
0.7790000 11.3664665
0.7800000 38.2883720
0.7810000 -16.6611481
0.7820000 0.8090469
0.7830000 21.4811382
0.7840000 2.2960675
0.7850000 36.0023918
0.7860000 6.3047838
0.7870000 26.2070866
0.7880000 11.1855640
0.7890000 34.7186012
0.7900000 -32.8699188
0.7910000 -35.4047394
0.7920000 -5.9646907
0.7930000 -15.6951141
0.7940000 -27.4168797
0.7950000 -0.5306342
0.7960000 96.7448349
0.7970000 -64.6697159
0.7980000 36.2219086
0.7990000 -54.7494316
0.8000000 -9.3471546
0.8010000 -45.4017296
0.8020000 -1.4087431
0.8030000 3.8058181
0.8040000 57.1870308
0.8050000 -22.4060879
0.8060000 48.2990341
0.8070000 -32.9608002
0.8080000 -40.5880394
0.8090000 22.9709415
0.8100000 2.7109175
0.8110000 13.9046803
0.8120000 -28.9646683
0.8130000 43.9946480
0.8140000 44.7238617
0.8150000 7.6512957
0.8160000 -34.1506042
0.8170000 15.7388239
0.8180000 8.6833820
0.8190000 -9.3199892
0.8200000 -24.1535110
0.8210000 -49.0905457
0.8220000 6.1067915
0.8230000 -26.6559391
0.8240000 37.0316124
0.8250000 5.1772742
0.8260000 36.8041725
0.8270000 62.7023201
0.8280000 -34.8159866
0.8290000 14.9436026
0.8300000 -54.1718521
0.8310000 7.3101625
0.8320000 25.2790451
0.8330000 22.8767014
0.8340000 -46.9068031
0.8350000 -33.7061539
0.8360000 -20.2130680
0.8370000 -13.5880299
0.8380000 -1.5262704
0.8390000 38.1491280
0.8400000 12.9066105
0.8410000 -29.4856300
0.8420000 0.6686055
0.8430000 1.4869418
0.8440000 -62.8491173
0.8450000 -18.8081837
0.8460000 -8.0654259
0.8470000 40.0965157
0.8480000 20.1577091
0.8490000 -22.9061489
0.8500000 -13.0230379
0.8510000 63.2651482
0.8520000 -23.4467049
0.8530000 -23.1464214
0.8540000 0.0979682
0.8550000 4.4929886
0.8560000 -25.4277782
0.8570000 13.3126078
0.8580000 43.9372864
0.8590000 -43.2440147
0.8600000 -48.4277725
0.8610000 -19.4883099
0.8620000 31.2880154
0.8630000 17.8233318
0.8640000 25.2341919
0.8650000 -1.4929935
0.8660000 2.2690737
0.8670000 34.2793541
0.8680000 -32.3041267
0.8690000 16.3295708
0.8700000 -47.2482109
0.8710000 -22.1944637
0.8720000 31.9572735
0.8730000 11.4034748
0.8740000 51.1778793
0.8750000 52.6581268
0.8760000 -12.8097734
0.8770000 -22.4282398
0.8780000 6.1733155
0.8790000 18.6578884
0.8800000 -9.1383553
0.8810000 6.2844186
0.8820000 -28.0220528
0.8830000 -26.4139519
0.8840000 9.3449936
0.8850000 34.5766296
0.8860000 -30.0662994
0.8870000 34.9598579
0.8880000 -72.1095810
0.8890000 30.5900726
0.8900000 6.8577356
0.8910000 6.8153863
0.8920000 36.5248146
0.8930000 23.2241688
0.8940000 -15.2089930
0.8950000 1.0302155
0.8960000 -1.6885289
0.8970000 -18.5606251
0.8980000 59.0399513
0.8990000 1.0959041
0.9000000 9.8445978
0.9010000 -68.3395767
0.9020000 -19.0753059
0.9030000 7.9853091
0.9040000 43.7460251
0.9050000 27.4428844
0.9060000 39.0898323
0.9070000 -1.9767159
0.9080000 20.2949810
0.9090000 33.2260170
0.9100000 31.6015110
0.9110000 -10.3422985
0.9120000 5.1653986
0.9130000 45.1430550
0.9140000 48.5327225
0.9150000 9.0482759
0.9160000 48.7955818
0.9170000 13.1045389
0.9180000 -13.6895275
0.9190000 50.1723404
0.9200000 24.0802670
0.9210000 35.0445557
0.9220000 -37.9359779
0.9230000 49.0614967
0.9240000 18.6544266
0.9250000 55.8722153
0.9260000 -6.9417477
0.9270000 19.0649071
0.9280000 -21.4816170
0.9290000 -60.3467369
0.9300000 -39.5073700
0.9310000 -9.5920668
0.9320000 -20.9727364
0.9330000 -21.6919079
0.9340000 17.4958172
0.9350000 -45.7361336
0.9360000 -22.4679451
0.9370000 -3.8853817
0.9380000 4.2374420
0.9390000 64.6145782
0.9400000 -45.8651733
0.9410000 -29.5490265
0.9420000 42.5657120
0.9430000 34.8912315
0.9440000 -27.1461983
0.9450000 -38.9453659
0.9460000 -6.6841407
0.9470000 -18.3119755
0.9480000 -22.3970642
0.9490000 -63.5183907
0.9500000 121.3474197
0.9510000 32.7998276
0.9520000 96.4342117
0.9530000 36.2822723
0.9540000 -19.8087082
0.9550000 -33.9682808
0.9560000 66.2925797
0.9570000 33.5427132
0.9580000 -38.4244766
0.9590000 10.7498760
0.9600000 0.9140677
0.9610000 -20.0811844
0.9620000 -3.5439355
0.9630000 24.0949860
0.9640000 -10.4415340
0.9650000 1.3285463
0.9660000 -13.8555536
0.9670000 -56.2142677
0.9680000 84.8302765
0.9690000 -9.2154007
0.9700000 15.3582993
0.9710000 -14.9583597
0.9720000 46.2046165
0.9730000 -32.7610359
0.9740000 14.1349802
0.9750000 -9.8933983
0.9760000 4.9970708
0.9770000 21.0998535
0.9780000 -26.0631390
0.9790000 12.0524836
0.9800000 33.4797821
0.9810000 25.2994957
0.9820000 30.3552780
0.9830000 4.8287930
0.9840000 -8.2776508
0.9850000 -1.8767598
0.9860000 -22.6336040
0.9870000 23.5819969
0.9880000 41.9523964
0.9890000 -21.5838223
0.9900000 -20.4210262
0.9910000 17.5639133
0.9920000 -75.0695953
0.9930000 -38.5364189
0.9940000 13.5141582
0.9950000 -30.8359852
0.9960000 13.5515766
0.9970000 11.2891369
0.9980000 5.8871560
0.9990000 -17.0936012
