0.0000000 26.0416412
0.0010000 -60.4200325
0.0020000 0.5317485
0.0030000 -7.5049658
0.0040000 -61.7436295
0.0050000 9.3578787
0.0060000 -48.8057289
0.0070000 31.1655388
0.0080000 -37.4975433
0.0090000 36.3000526
0.0100000 14.9911776
0.0110000 -83.2016830
0.0120000 5.9333363
0.0130000 -52.6106987
0.0140000 -35.4182243
0.0150000 -51.1051178
0.0160000 -34.4587708
0.0170000 -20.8648529
0.0180000 -28.4977512
0.0190000 42.2694626
0.0200000 -61.9044838
0.0210000 -14.6135111
0.0220000 29.2130451
0.0230000 23.3689499
0.0240000 -17.4018784
0.0250000 52.5957031
0.0260000 27.8565559
0.0270000 -27.1150703
0.0280000 27.1741199
0.0290000 -18.7751617
0.0300000 9.7586441
0.0310000 28.3745861
0.0320000 -22.3632202
0.0330000 51.0622406
0.0340000 -2.2112710
0.0350000 -12.4764194
0.0360000 22.8940849
0.0370000 -76.7714844
0.0380000 -39.4663429
0.0390000 -22.1619110
0.0400000 -3.7379732
0.0410000 -62.8939209
0.0420000 64.5462189
0.0430000 56.6713715
0.0440000 86.9259109
0.0450000 12.3763962
0.0460000 -10.1179943
0.0470000 35.4623299
0.0480000 8.1418905
0.0490000 -6.4658117
0.0500000 -59.9029770
0.0510000 -12.7841330
0.0520000 4.4476705
0.0530000 -45.4443436
0.0540000 89.6861115
0.0550000 26.2472439
0.0560000 -53.4556351
0.0570000 10.8048172
0.0580000 62.6556511
0.0590000 17.0578327
0.0600000 74.5058365
0.0610000 -0.8875426
0.0620000 27.0187874
0.0630000 18.8799305
0.0640000 5.9904590
0.0650000 -11.8609838
0.0660000 27.9733696
0.0670000 14.5639048
0.0680000 46.1186028
0.0690000 32.0529442
0.0700000 37.8789253
0.0710000 36.8688126
0.0720000 -13.4476643
0.0730000 -49.4288139
0.0740000 31.4132576
0.0750000 22.3134155
0.0760000 -15.0792532
0.0770000 -3.9718540
0.0780000 78.4642410
0.0790000 73.9710464
0.0800000 32.4857216
0.0810000 5.9781127
0.0820000 11.8894958
0.0830000 27.6981373
0.0840000 13.8657713
0.0850000 57.8126564
0.0860000 -39.2719574
0.0870000 -8.0533962
0.0880000 45.3752098
0.0890000 5.5516243
0.0900000 -45.7465286
0.0910000 -66.1599579
0.0920000 1.6091162
0.0930000 26.6089897
0.0940000 -12.8998013
0.0950000 -4.8939309
0.0960000 -72.8785095
0.0970000 -33.6243210
0.0980000 36.1455841
0.0990000 21.9575806
0.1000000 104.2729187
0.1010000 -8.2268276
0.1020000 1.1787056
0.1030000 -57.0296707
0.1040000 63.4992065
0.1050000 10.7882032
0.1060000 18.1882591
0.1070000 -35.5543594
0.1080000 -37.1296310
0.1090000 -13.3164597
0.1100000 14.9839392
0.1110000 -12.3028345
0.1120000 32.0202179
0.1130000 64.2202606
0.1140000 -9.8390007
0.1150000 51.2529640
0.1160000 -18.2203655
0.1170000 55.9498672
0.1180000 -11.9506464
0.1190000 42.9484444
0.1200000 -43.2868385
0.1210000 -12.4411449
0.1220000 14.2434244
0.1230000 -17.4309063
0.1240000 -0.0472987
0.1250000 13.2585630
0.1260000 -10.6195669
0.1270000 14.8622818
0.1280000 34.8218842
0.1290000 30.9048920
0.1300000 -44.9820175
0.1310000 -17.5667038
0.1320000 -24.6261177
0.1330000 -14.2616673
0.1340000 7.5093799
0.1350000 -12.7570868
0.1360000 -68.3620377
0.1370000 45.6007767
0.1380000 74.5849762
0.1390000 25.7214127
0.1400000 -40.6659737
0.1410000 -4.6190434
0.1420000 7.2470274
0.1430000 1.9162195
0.1440000 24.2314968
0.1450000 -29.6388836
0.1460000 15.0811872
0.1470000 49.1925392
0.1480000 -84.0603485
0.1490000 6.9418340
0.1500000 59.4027672
0.1510000 -19.0824375
0.1520000 6.5652590
0.1530000 18.5713425
0.1540000 6.5000896
0.1550000 64.4013443
0.1560000 -58.0028763
0.1570000 -5.3222928
0.1580000 26.9260464
0.1590000 -87.1150055
0.1600000 -25.0717812
0.1610000 -29.9842834
0.1620000 -19.4525299
0.1630000 12.5467529
0.1640000 33.4060135
0.1650000 -45.3011436
0.1660000 -1.2707232
0.1670000 2.9534760
0.1680000 4.5115886
0.1690000 -8.3625050
0.1700000 -0.7962051
0.1710000 -37.6554451
0.1720000 -4.7907763
0.1730000 -31.6544247
0.1740000 -4.4500365
0.1750000 -9.5508432
0.1760000 1.0446355
0.1770000 20.8399124
0.1780000 3.0124431
0.1790000 -41.4986076
0.1800000 -36.9837723
0.1810000 26.5643749
0.1820000 9.1403847
0.1830000 -22.7517319
0.1840000 -14.2004557
0.1850000 6.2666025
0.1860000 -24.7345047
0.1870000 -73.9168701
0.1880000 -27.3014240
0.1890000 54.2352753
0.1900000 39.0407677
0.1910000 -45.5923309
0.1920000 34.0306931
0.1930000 -0.3709178
0.1940000 20.1353416
0.1950000 4.3930364
0.1960000 -20.0942383
0.1970000 -40.4648895
0.1980000 5.7840977
0.1990000 11.3869267
0.2000000 25.4873886
0.2010000 -4.8658786
0.2020000 47.8918304
0.2030000 -5.3234706
0.2040000 50.5531197
0.2050000 -14.1176424
0.2060000 -17.7689972
0.2070000 20.2827320
0.2080000 -3.4860895
0.2090000 29.4872971
0.2100000 -43.6145630
0.2110000 51.4504089
0.2120000 59.6617889
0.2130000 37.3329544
0.2140000 -30.7825489
0.2150000 -10.8605585
0.2160000 -23.3878460
0.2170000 100.8133850
0.2180000 -4.0932727
0.2190000 -38.0859947
0.2200000 -36.4267540
0.2210000 -47.1972084
0.2220000 0.3556964
0.2230000 -13.7503662
0.2240000 -31.2634182
0.2250000 8.2899694
0.2260000 39.0768280
0.2270000 43.8862000
0.2280000 -18.6394577
0.2290000 -9.8894606
0.2300000 9.7552691
0.2310000 -17.7549419
0.2320000 1.9921780
0.2330000 70.8839798
0.2340000 -24.1470871
0.2350000 -33.4595108
0.2360000 34.4369278
0.2370000 6.6491055
0.2380000 -21.5083027
0.2390000 -29.3462772
0.2400000 25.9411087
0.2410000 36.9916916
0.2420000 31.1237335
0.2430000 -68.5393677
0.2440000 -73.2956467
0.2450000 -24.9341431
0.2460000 -34.6418228
0.2470000 -64.3348999
0.2480000 -21.7593575
0.2490000 0.1393819
0.2500000 69.8451157
0.2510000 -12.8424587
0.2520000 -82.5189743
0.2530000 26.7932930
0.2540000 16.3897190
0.2550000 12.4170876
0.2560000 20.8902073
0.2570000 -42.0922966
0.2580000 -6.7175679
0.2590000 -0.2677287
0.2600000 -50.9790154
0.2610000 -10.2745028
0.2620000 -58.8237343
0.2630000 -42.1871872
0.2640000 8.1919708
0.2650000 -0.2782512
0.2660000 5.5285234
0.2670000 -43.6804810
0.2680000 42.7136383
0.2690000 -4.5692968
0.2700000 -25.3262482
0.2710000 -53.4578972
0.2720000 -3.0293636
0.2730000 17.4705486
0.2740000 52.7145386
0.2750000 48.3355865
0.2760000 -22.7857113
0.2770000 -83.9420013
0.2780000 5.5961599
0.2790000 -18.5144558
0.2800000 59.2320900
0.2810000 60.9382362
0.2820000 -44.5392342
0.2830000 2.3076820
0.2840000 15.9575777
0.2850000 -40.9908752
0.2860000 -3.8333435
0.2870000 -64.5739288
0.2880000 -38.7074699
0.2890000 1.2344853
0.2900000 6.4989610
0.2910000 -12.9086752
0.2920000 -26.9023514
0.2930000 15.3872662
0.2940000 21.2656574
0.2950000 63.7145996
0.2960000 16.8479996
0.2970000 -14.8637657
0.2980000 -44.8029785
0.2990000 44.7666855
0.3000000 4.1159229
0.3010000 -66.5805664
0.3020000 13.4500751
0.3030000 18.8102551
0.3040000 67.5920486
0.3050000 -10.8012733
0.3060000 43.3672714
0.3070000 -31.0812168
0.3080000 -67.8639069
0.3090000 -46.4583054
0.3100000 -74.1746902
0.3110000 -0.6560758
0.3120000 -66.8475342
0.3130000 38.2650757
0.3140000 -39.7900238
0.3150000 24.2830181
0.3160000 0.5096235
0.3170000 -25.3415871
0.3180000 -28.9510155
0.3190000 53.5447159
0.3200000 -12.6190310
0.3210000 10.1068277
0.3220000 26.5736656
0.3230000 24.3573627
0.3240000 -8.7769804
0.3250000 25.3577003
0.3260000 16.1767635
0.3270000 -23.7609425
0.3280000 33.6704826
0.3290000 57.2166138
0.3300000 23.9238319
0.3310000 25.7896004
0.3320000 8.5023994
0.3330000 -41.9841614
0.3340000 -17.4703712
0.3350000 9.1463203
0.3360000 -15.6756134
0.3370000 -43.2286377
0.3380000 -25.6895008
0.3390000 35.3967590
0.3400000 2.2113092
0.3410000 16.7670536
0.3420000 -48.2959061
0.3430000 -48.6365776
0.3440000 8.5265799
0.3450000 -8.8443670
0.3460000 -4.9725418
0.3470000 52.6557922
0.3480000 11.9679823
0.3490000 -24.6041451
0.3500000 29.1542034
0.3510000 25.6109791
0.3520000 60.1078568
0.3530000 29.5177383
0.3540000 28.5663452
0.3550000 -61.1864014
0.3560000 -43.9485664
0.3570000 35.4496803
0.3580000 -60.2003288
0.3590000 -58.7311172
0.3600000 5.6024957
0.3610000 -43.5070610
0.3620000 15.2023764
0.3630000 -9.0484991
0.3640000 -1.1065853
0.3650000 94.6340866
0.3660000 5.7043581
0.3670000 -8.3482141
0.3680000 3.7412896
0.3690000 -38.8062057
0.3700000 40.5853691
0.3710000 5.8617239
0.3720000 -14.4409847
0.3730000 -22.9386139
0.3740000 4.9985728
0.3750000 -30.7452126
0.3760000 14.4079247
0.3770000 21.7821484
0.3780000 11.0202160
0.3790000 -29.4204197
0.3800000 36.7417984
0.3810000 -75.8969498
0.3820000 -56.0425186
0.3830000 -74.6492767
0.3840000 12.0542936
0.3850000 -18.2197590
0.3860000 -5.7548285
0.3870000 36.3426514
0.3880000 18.1432095
0.3890000 -10.6120071
0.3900000 -30.5689964
0.3910000 -9.2933121
0.3920000 13.4244728
0.3930000 -65.5378494
0.3940000 -17.8815689
0.3950000 17.4941120
0.3960000 -22.6083508
0.3970000 -12.0615387
0.3980000 -1.7897556
0.3990000 -33.7491035
0.4000000 8.6350231
0.4010000 -26.6742325
0.4020000 -63.0412674
0.4030000 -26.8981228
0.4040000 -14.1134691
0.4050000 -56.6536217
0.4060000 48.4206352
0.4070000 -14.9638805
0.4080000 -1.8345366
0.4090000 -25.0286045
0.4100000 22.9596081
0.4110000 17.8619671
0.4120000 -4.9024744
0.4130000 4.3097210
0.4140000 26.1496964
0.4150000 9.0974665
0.4160000 42.9863167
0.4170000 12.3633184
0.4180000 40.0662422
0.4190000 18.2328968
0.4200000 -15.2273407
0.4210000 -5.2296872
0.4220000 -23.3162117
0.4230000 42.2000084
0.4240000 34.2881279
0.4250000 56.8776894
0.4260000 53.4038544
0.4270000 6.6938977
0.4280000 -30.1954212
0.4290000 22.5685349
0.4300000 -9.4552135
0.4310000 -22.7991982
0.4320000 -45.1376648
0.4330000 8.7320633
0.4340000 35.6329613
0.4350000 -14.1691933
0.4360000 19.3002682
0.4370000 25.1408691
0.4380000 -47.1566849
0.4390000 -78.2920227
0.4400000 -0.8691081
0.4410000 25.1424007
0.4420000 42.6002045
0.4430000 -19.4784393
0.4440000 -35.8530731
0.4450000 -37.1839371
0.4460000 54.6074142
0.4470000 -7.2834749
0.4480000 58.2551155
0.4490000 -18.2788944
0.4500000 46.7734222
0.4510000 -9.0762777
0.4520000 4.3039937
0.4530000 -39.2869263
0.4540000 -18.9261360
0.4550000 -8.2853374
0.4560000 33.9158707
0.4570000 -21.0211582
0.4580000 -35.6330528
0.4590000 25.3287811
0.4600000 35.6792374
0.4610000 -8.4647303
0.4620000 96.0842285
0.4630000 -17.3622494
0.4640000 -37.6515579
0.4650000 18.0973454
0.4660000 16.9796314
0.4670000 10.1271124
0.4680000 -8.9395905
0.4690000 -5.1402636
0.4700000 11.8233490
0.4710000 16.3284760
0.4720000 1.2822505
0.4730000 -40.2894592
0.4740000 -25.5774059
0.4750000 16.0275574
0.4760000 63.5631332
0.4770000 20.8811817
0.4780000 -28.9049950
0.4790000 44.2921791
0.4800000 -38.3724136
0.4810000 14.0044289
0.4820000 45.4412117
0.4830000 -3.2828553
0.4840000 22.0961323
0.4850000 2.7384357
0.4860000 18.0180244
0.4870000 -41.9319687
0.4880000 16.1820927
0.4890000 -60.6036491
0.4900000 23.8227348
0.4910000 -17.4118824
0.4920000 -65.3612671
0.4930000 42.3235931
0.4940000 43.6388702
0.4950000 -68.3963318
0.4960000 -34.9603691
0.4970000 77.0801086
0.4980000 25.4309311
0.4990000 23.4189453
0.5000000 -14.1995296
0.5010000 -70.5801468
0.5020000 -47.3384209
0.5030000 4.5427561
0.5040000 30.7005253
0.5050000 27.1637936
0.5060000 2.9870193
0.5070000 17.0525837
0.5080000 7.3286839
0.5090000 -44.6881561
0.5100000 -29.9358501
0.5110000 -62.0781746
0.5120000 -30.5176907
0.5130000 19.8522167
0.5140000 12.7146368
0.5150000 45.0187836
0.5160000 22.5034561
0.5170000 3.3222480
0.5180000 22.3251495
0.5190000 -0.8783615
0.5200000 -37.3525734
0.5210000 23.2975025
0.5220000 0.4801072
0.5230000 -85.1604156
0.5240000 -1.9138227
0.5250000 -42.3928642
0.5260000 -12.2732458
0.5270000 -5.3552880
0.5280000 -6.4141779
0.5290000 3.6532333
0.5300000 87.0136032
0.5310000 -25.4858494
0.5320000 -0.3893600
0.5330000 -8.9926014
0.5340000 19.5526447
0.5350000 58.0258827
0.5360000 14.5349922
0.5370000 -1.0984081
0.5380000 24.2985134
0.5390000 0.6127135
0.5400000 -47.8504143
0.5410000 -14.9779940
0.5420000 -16.3537483
0.5430000 -37.5293236
0.5440000 6.6191640
0.5450000 -10.2549210
0.5460000 -31.7463531
0.5470000 -57.3639145
0.5480000 -5.2652278
0.5490000 -34.1561737
0.5500000 -15.1197357
0.5510000 -57.7393379
0.5520000 24.7066650
0.5530000 -40.6940422
0.5540000 56.8059692
0.5550000 14.5487852
0.5560000 -74.2473831
0.5570000 24.6376286
0.5580000 -28.6073227
0.5590000 -37.6412735
0.5600000 20.1888905
0.5610000 5.9044948
0.5620000 -5.6060495
0.5630000 14.3716412
0.5640000 26.9583378
0.5650000 -10.7025852
0.5660000 50.3485222
0.5670000 7.3035769
0.5680000 47.5435066
0.5690000 7.4997492
0.5700000 30.0715809
0.5710000 -21.5261707
0.5720000 -56.7050247
0.5730000 35.3658104
0.5740000 -21.7452126
0.5750000 30.7541485
0.5760000 5.2423620
0.5770000 66.3831406
0.5780000 32.7785110
0.5790000 9.4985638
0.5800000 -47.5862160
0.5810000 -45.7791862
0.5820000 13.3992424
0.5830000 -45.0129318
0.5840000 3.1542580
0.5850000 8.5446663
0.5860000 23.2229805
0.5870000 8.8040285
0.5880000 5.9436350
0.5890000 -29.4929676
0.5900000 -49.2256966
0.5910000 -43.1507339
0.5920000 -19.7551003
0.5930000 4.0080276
0.5940000 24.3354778
0.5950000 13.8282671
0.5960000 18.1450481
0.5970000 10.4736891
0.5980000 11.0353451
0.5990000 17.7989578
0.6000000 -92.0288239
0.6010000 -10.8359528
0.6020000 45.0625725
0.6030000 51.5343094
0.6040000 -17.5470581
0.6050000 -56.7428894
0.6060000 6.5190115
0.6070000 17.0849152
0.6080000 19.0966644
0.6090000 6.6686192
0.6100000 -50.9205132
0.6110000 -50.1695213
0.6120000 48.2640686
0.6130000 -14.1559906
0.6140000 17.7636318
0.6150000 20.9397240
0.6160000 20.9848213
0.6170000 -35.0127487
0.6180000 8.3460922
0.6190000 -14.1805792
0.6200000 -22.3843327
0.6210000 -14.5189943
0.6220000 -1.7877228
0.6230000 -26.6984138
0.6240000 -21.0454521
0.6250000 59.9045563
0.6260000 6.3022995
0.6270000 3.5961545
0.6280000 -3.6747036
0.6290000 -0.6494778
0.6300000 1.1564273
0.6310000 5.2751327
0.6320000 1.1745460
0.6330000 13.6739283
0.6340000 -39.9337463
0.6350000 44.3577576
0.6360000 15.8629370
0.6370000 -21.1906185
0.6380000 -30.2716389
0.6390000 53.5167656
0.6400000 14.7062101
0.6410000 65.8897171
0.6420000 -18.8492050
0.6430000 -10.2531748
0.6440000 -44.4179955
0.6450000 7.2187185
0.6460000 -5.3353605
0.6470000 46.6769028
0.6480000 33.5092392
0.6490000 2.0543780
0.6500000 -53.9096184
0.6510000 21.0103455
0.6520000 -37.3671646
0.6530000 68.4427109
0.6540000 26.6963406
0.6550000 16.7783852
0.6560000 8.7725935
0.6570000 49.8342552
0.6580000 39.6997948
0.6590000 5.7400098
0.6600000 7.3468418
0.6610000 14.0199213
0.6620000 -21.9019508
0.6630000 -12.9457073
0.6640000 1.4437855
0.6650000 -31.9447021
0.6660000 44.4638290
0.6670000 -58.6163292
0.6680000 -38.5378342
0.6690000 -3.0211766
0.6700000 -30.2935715
0.6710000 28.5811863
0.6720000 -87.7253418
0.6730000 -7.2137089
0.6740000 -65.9575577
0.6750000 49.8588257
0.6760000 4.4668121
0.6770000 -40.1854439
0.6780000 -17.2513428
0.6790000 -9.3346634
0.6800000 31.2090874
0.6810000 -37.2651062
0.6820000 14.0177021
0.6830000 -8.2063723
0.6840000 16.4430714
0.6850000 -29.1729641
0.6860000 12.5753250
0.6870000 33.9471588
0.6880000 -31.8308868
0.6890000 -19.7168179
0.6900000 28.9990559
0.6910000 2.4565890
0.6920000 65.0683136
0.6930000 27.9398384
0.6940000 13.8117199
0.6950000 61.3905945
0.6960000 3.6202726
0.6970000 -97.9329910
0.6980000 6.9944706
0.6990000 -15.7193050
0.7000000 35.4015732
0.7010000 19.7914429
0.7020000 4.2224684
0.7030000 -20.5421410
0.7040000 21.8337765
0.7050000 -17.5359173
0.7060000 60.6207848
0.7070000 32.7281418
0.7080000 20.0625610
0.7090000 -18.6679459
0.7100000 16.6185150
0.7110000 -15.9028072
0.7120000 15.7635841
0.7130000 12.3148479
0.7140000 -1.6582701
0.7150000 52.8189163
0.7160000 -17.1867943
0.7170000 5.9756403
0.7180000 -5.8920302
0.7190000 0.3910714
0.7200000 -6.0595694
0.7210000 -13.8714285
0.7220000 15.5901394
0.7230000 18.4887104
0.7240000 52.6422653
0.7250000 -2.7742736
0.7260000 20.5049076
0.7270000 -74.7704849
0.7280000 -30.7371254
0.7290000 -67.8607941
0.7300000 -15.6592846
0.7310000 24.3643036
0.7320000 11.0252790
0.7330000 15.0304670
0.7340000 -73.9115219
0.7350000 13.7659216
0.7360000 18.7140217
0.7370000 -16.2443008
0.7380000 -18.4555740
0.7390000 -24.2749996
0.7400000 36.1193695
0.7410000 14.0584726
0.7420000 33.2566185
0.7430000 40.4806557
0.7440000 -61.5394707
0.7450000 -56.9133759
0.7460000 0.5327973
0.7470000 -11.7459192
0.7480000 39.5078354
0.7490000 39.1185951
0.7500000 -22.8777428
0.7510000 -62.7344246
0.7520000 -21.6386890
0.7530000 -4.9316263
0.7540000 29.4750557
0.7550000 -44.6288719
0.7560000 11.4752350
0.7570000 16.6500225
0.7580000 -27.3507233
0.7590000 -17.5221119
0.7600000 -20.9588947
0.7610000 21.4201622
0.7620000 11.7107697
0.7630000 6.8934894
0.7640000 9.1940765
0.7650000 -64.9970932
0.7660000 12.1981258
0.7670000 -3.0728865
0.7680000 31.8633747
0.7690000 5.0572762
0.7700000 -42.9337921
0.7710000 36.8541374
0.7720000 -49.7730103
0.7730000 21.3633747
0.7740000 1.4220080
0.7750000 5.4387045
0.7760000 -18.3059654
0.7770000 -61.6652946
0.7780000 20.2207050
0.7790000 -20.3024082
0.7800000 4.0281973
0.7810000 26.0152569
0.7820000 57.1714363
0.7830000 -9.6653872
0.7840000 42.0859108
0.7850000 34.6269913
0.7860000 7.7112412
0.7870000 74.1664352
0.7880000 53.2989616
0.7890000 22.3481140
0.7900000 -30.4410381
0.7910000 -20.2167511
0.7920000 -48.3278008
0.7930000 13.6039829
0.7940000 -24.0638580
0.7950000 28.3636417
0.7960000 13.9446564
0.7970000 34.2900200
0.7980000 -24.3879642
0.7990000 -12.9229116
0.8000000 4.2971416
0.8010000 52.7491379
0.8020000 -24.2127724
0.8030000 44.4827042
0.8040000 46.6864967
0.8050000 40.6306152
0.8060000 -0.8807079
0.8070000 79.0660400
0.8080000 12.6871567
0.8090000 44.8495216
0.8100000 31.3525906
0.8110000 -43.2648315
0.8120000 -8.5028172
0.8130000 80.8401031
0.8140000 32.7863655
0.8150000 -32.4512100
0.8160000 -16.0877781
0.8170000 28.9595642
0.8180000 -37.0819588
0.8190000 -10.0806046
0.8200000 58.4048615
0.8210000 -51.2662697
0.8220000 7.3790174
0.8230000 -22.3954430
0.8240000 -82.0240555
0.8250000 31.5726032
0.8260000 -8.0656757
0.8270000 24.3894558
0.8280000 23.1204071
0.8290000 69.0561371
0.8300000 -15.1760530
0.8310000 -17.4552116
0.8320000 -3.2612674
0.8330000 -4.4757915
0.8340000 -12.0421562
0.8350000 -18.5574055
0.8360000 -6.9108186
0.8370000 -21.4784966
0.8380000 -10.3643494
0.8390000 -61.5921021
0.8400000 -17.1488819
0.8410000 35.8473892
0.8420000 41.8482742
0.8430000 -40.7842331
0.8440000 -38.5922699
0.8450000 10.0223675
0.8460000 -17.2791710
0.8470000 39.4633446
0.8480000 33.8719788
0.8490000 -13.9039202
0.8500000 -35.1556816
0.8510000 -20.8906040
0.8520000 17.5234127
0.8530000 62.0913429
0.8540000 34.3954773
0.8550000 -12.6813831
0.8560000 2.2550004
0.8570000 -12.5208797
0.8580000 -31.1084232
0.8590000 90.9044800
0.8600000 -11.5697374
0.8610000 -6.9465098
0.8620000 34.5445671
0.8630000 8.1844311
0.8640000 6.0981050
0.8650000 15.4731007
0.8660000 18.3240948
0.8670000 -3.6550570
0.8680000 -60.9110031
0.8690000 -34.6480751
0.8700000 -40.7754288
0.8710000 15.8734217
0.8720000 76.0980606
0.8730000 -5.1284561
0.8740000 13.3378944
0.8750000 -30.4442997
0.8760000 63.5535812
0.8770000 -38.7736092
0.8780000 25.0737839
0.8790000 -55.5691109
0.8800000 -31.2333374
0.8810000 -35.2706223
0.8820000 -43.5587234
0.8830000 -33.1003113
0.8840000 -5.6944127
0.8850000 15.5098772
0.8860000 -27.5976181
0.8870000 10.6379108
0.8880000 -29.1535778
0.8890000 -32.1898232
0.8900000 -13.7484274
0.8910000 -2.4313111
0.8920000 40.9701424
0.8930000 -47.2175522
0.8940000 26.9412098
0.8950000 -15.5613880
0.8960000 -36.4169044
0.8970000 -43.9913597
0.8980000 -14.0029783
0.8990000 2.7695887
0.9000000 -58.9604797
0.9010000 16.1681213
0.9020000 34.9804382
0.9030000 -11.9778948
0.9040000 51.9971924
0.9050000 -34.6354561
0.9060000 136.5230103
0.9070000 59.3925018
0.9080000 40.6127319
0.9090000 -11.7139578
0.9100000 -7.2569242
0.9110000 -42.4863319
0.9120000 20.0153046
0.9130000 -39.2929802
0.9140000 41.8461037
0.9150000 -11.8272839
0.9160000 -17.7729282
0.9170000 11.3154659
0.9180000 -35.8135567
0.9190000 27.3041954
0.9200000 19.4266682
0.9210000 41.6547585
0.9220000 -11.5142488
0.9230000 -11.5159502
0.9240000 -41.6596985
0.9250000 -5.6143064
0.9260000 -32.1860962
0.9270000 58.2342033
0.9280000 31.3987198
0.9290000 -32.0894012
0.9300000 68.2207336
0.9310000 8.6828070
0.9320000 -29.5910835
0.9330000 37.4131622
0.9340000 10.1188345
0.9350000 -10.6285629
0.9360000 56.5904503
0.9370000 -0.5344578
0.9380000 3.4777257
0.9390000 -39.6384468
0.9400000 -53.8339577
0.9410000 30.3637848
0.9420000 13.8617964
0.9430000 42.1503792
0.9440000 74.1330643
0.9450000 54.5059700
0.9460000 66.0948715
0.9470000 3.3304422
0.9480000 -26.8569355
0.9490000 -28.6399002
0.9500000 72.0100174
0.9510000 -3.6293716
0.9520000 -35.5249405
0.9530000 -22.3548756
0.9540000 43.8431282
0.9550000 -30.3139973
0.9560000 -4.6959023
0.9570000 7.5224128
0.9580000 20.1565857
0.9590000 -1.1583099
0.9600000 -16.3780613
0.9610000 -77.0114822
0.9620000 24.2066174
0.9630000 21.4090862
0.9640000 29.8542767
0.9650000 87.7274704
0.9660000 -38.1516380
0.9670000 1.8515497
0.9680000 -3.5539031
0.9690000 41.6158905
0.9700000 -36.8709297
0.9710000 -44.6792297
0.9720000 -2.7599843
0.9730000 15.5902071
0.9740000 21.5133057
0.9750000 -15.9505959
0.9760000 37.2713318
0.9770000 15.6166868
0.9780000 -3.3274987
0.9790000 58.9702797
0.9800000 35.6490364
0.9810000 44.3124657
0.9820000 -23.7064590
0.9830000 47.9708862
0.9840000 -30.9289303
0.9850000 26.4912739
0.9860000 -58.2283134
0.9870000 -6.6806922
0.9880000 11.0150242
0.9890000 -75.0350189
0.9900000 -5.2541213
0.9910000 -41.1170273
0.9920000 8.4015369
0.9930000 6.5985460
0.9940000 -4.2708378
0.9950000 -18.8441238
0.9960000 -24.5388451
0.9970000 -22.1816273
0.9980000 -41.7779160
0.9990000 -20.9727573
