0.0000000 50.0084496
0.0010000 -65.3763657
0.0020000 6.6255407
0.0030000 -16.9510803
0.0040000 -18.0276165
0.0050000 -22.8432980
0.0060000 -10.5183516
0.0070000 2.7123833
0.0080000 -7.6041307
0.0090000 5.2816596
0.0100000 -18.7041740
0.0110000 4.8311372
0.0120000 -21.7652874
0.0130000 30.3147087
0.0140000 44.1396980
0.0150000 8.0206747
0.0160000 19.6572533
0.0170000 6.0843573
0.0180000 74.1846313
0.0190000 -31.5962505
0.0200000 12.1100035
0.0210000 -21.1912937
0.0220000 3.6164708
0.0230000 11.6197071
0.0240000 -10.8485241
0.0250000 -21.0348301
0.0260000 12.3077908
0.0270000 -65.7589951
0.0280000 33.6603012
0.0290000 -41.5677299
0.0300000 -22.9297466
0.0310000 42.0246544
0.0320000 -26.0238228
0.0330000 20.3285141
0.0340000 -24.2948570
0.0350000 54.1222572
0.0360000 -30.3684006
0.0370000 46.1643372
0.0380000 -33.6792374
0.0390000 -26.1127281
0.0400000 40.6289864
0.0410000 34.0706520
0.0420000 7.6125660
0.0430000 102.4858856
0.0440000 20.0828171
0.0450000 33.9344826
0.0460000 40.2037086
0.0470000 -32.4717598
0.0480000 10.7423201
0.0490000 -32.4235458
0.0500000 62.8951340
0.0510000 -40.8824577
0.0520000 42.4058151
0.0530000 -37.2458000
0.0540000 13.2726126
0.0550000 -9.9928417
0.0560000 18.0662537
0.0570000 48.1546059
0.0580000 -44.8031921
0.0590000 -47.6077156
0.0600000 -21.6782360
0.0610000 -21.8496990
0.0620000 -14.5724688
0.0630000 -40.7195625
0.0640000 -30.9959068
0.0650000 7.4669480
0.0660000 11.8410387
0.0670000 7.3850198
0.0680000 38.4377975
0.0690000 36.8126945
0.0700000 18.2349892
0.0710000 30.4011707
0.0720000 -27.4573746
0.0730000 -65.7893600
0.0740000 25.3911228
0.0750000 -0.4837435
0.0760000 -24.1278629
0.0770000 -6.8457799
0.0780000 33.2105598
0.0790000 -12.9908066
0.0800000 -22.9032955
0.0810000 44.4417496
0.0820000 45.5674858
0.0830000 -0.9366162
0.0840000 14.7260160
0.0850000 17.4666100
0.0860000 -52.7389717
0.0870000 47.0187798
0.0880000 43.0779648
0.0890000 12.4558048
0.0900000 14.9833012
0.0910000 7.0180860
0.0920000 17.6363163
0.0930000 39.9516983
0.0940000 -66.9639816
0.0950000 64.0867233
0.0960000 -4.1151996
0.0970000 46.2321243
0.0980000 32.0547943
0.0990000 -42.3781967
0.1000000 -38.0041809
0.1010000 10.7617426
0.1020000 -12.7429371
0.1030000 -18.0346184
0.1040000 2.3602076
0.1050000 -36.9131317
0.1060000 19.7632561
0.1070000 100.0629578
0.1080000 2.8029873
0.1090000 16.1518993
0.1100000 -31.9988537
0.1110000 1.8430017
0.1120000 -3.2674544
0.1130000 -29.7870598
0.1140000 3.7376420
0.1150000 9.8935509
0.1160000 -16.7620640
0.1170000 23.3763657
0.1180000 -12.8733253
0.1190000 -4.7382312
0.1200000 48.1427002
0.1210000 -9.9329691
0.1220000 84.7447739
0.1230000 54.7674370
0.1240000 -52.3403664
0.1250000 55.3968239
0.1260000 -1.4329742
0.1270000 29.5426178
0.1280000 -7.2632146
0.1290000 -23.8381863
0.1300000 25.7747917
0.1310000 -22.5003319
0.1320000 35.1704102
0.1330000 -20.0850201
0.1340000 -38.1855659
0.1350000 37.9185219
0.1360000 -15.8308153
0.1370000 46.7758789
0.1380000 -67.5771255
0.1390000 -33.7412682
0.1400000 20.1521320
0.1410000 52.3788414
0.1420000 48.9157677
0.1430000 5.5274754
0.1440000 -26.8764477
0.1450000 46.2925720
0.1460000 -30.4740620
0.1470000 -25.1059380
0.1480000 42.0541229
0.1490000 -23.9952660
0.1500000 -41.0476608
0.1510000 18.4458961
0.1520000 11.9343071
0.1530000 29.3397274
0.1540000 -39.4474297
0.1550000 -7.2784147
0.1560000 -44.8789597
0.1570000 6.0381045
0.1580000 16.2544594
0.1590000 -13.8912830
0.1600000 -36.0273018
0.1610000 61.6111717
0.1620000 -10.2784605
0.1630000 -69.5994339
0.1640000 -17.6003571
0.1650000 -1.8960522
0.1660000 -36.3295937
0.1670000 31.5994835
0.1680000 57.3450966
0.1690000 -66.5112915
0.1700000 26.1640110
0.1710000 -5.8712611
0.1720000 -11.9115944
0.1730000 -3.9686654
0.1740000 49.9869041
0.1750000 -16.3629932
0.1760000 -77.5646591
0.1770000 12.7245960
0.1780000 -15.5957766
0.1790000 -13.1206827
0.1800000 -15.8512192
0.1810000 -6.6783028
0.1820000 -4.8634043
0.1830000 16.7967815
0.1840000 22.4836922
0.1850000 -23.4724903
0.1860000 -6.5910463
0.1870000 7.7012992
0.1880000 9.2096653
0.1890000 1.8300062
0.1900000 35.6692467
0.1910000 -41.4032440
0.1920000 -23.7749634
0.1930000 41.0402565
0.1940000 -33.8503151
0.1950000 -36.1519699
0.1960000 70.8189163
0.1970000 51.2770576
0.1980000 -5.3383293
0.1990000 -48.7468224
0.2000000 27.2850151
0.2010000 -29.9543648
0.2020000 -29.1623497
0.2030000 39.2687531
0.2040000 39.0725594
0.2050000 14.6722708
0.2060000 -1.1710411
0.2070000 -54.3194504
0.2080000 25.7941227
0.2090000 -53.5985413
0.2100000 -37.7936020
0.2110000 -12.2499800
0.2120000 6.9188108
0.2130000 -32.0046120
0.2140000 8.3029156
0.2150000 -31.2169609
0.2160000 -16.1024532
0.2170000 -20.8796978
0.2180000 29.4878197
0.2190000 -67.9256668
0.2200000 37.1925316
0.2210000 -41.7430153
0.2220000 8.0460749
0.2230000 -12.2097874
0.2240000 79.3509750
0.2250000 -41.5010986
0.2260000 -20.0188732
0.2270000 -27.5834694
0.2280000 -17.8323593
0.2290000 -61.4853096
0.2300000 32.9942894
0.2310000 -51.5768051
0.2320000 -16.2094154
0.2330000 -5.4006267
0.2340000 48.4248962
0.2350000 7.7644453
0.2360000 -39.6499329
0.2370000 -39.0900726
0.2380000 45.8025475
0.2390000 17.0231476
0.2400000 68.2538528
0.2410000 15.7974844
0.2420000 9.8765812
0.2430000 -17.3446445
0.2440000 34.5616913
0.2450000 -30.1459637
0.2460000 51.6202698
0.2470000 42.0278130
0.2480000 1.2754607
0.2490000 -18.7649670
0.2500000 37.4127159
0.2510000 69.5282745
0.2520000 44.0870705
0.2530000 -49.5289192
0.2540000 -16.7734528
0.2550000 58.8665123
0.2560000 14.5840530
0.2570000 21.6066914
0.2580000 -57.3391762
0.2590000 -32.3587036
0.2600000 -12.7551117
0.2610000 -51.8594551
0.2620000 -24.2373562
0.2630000 22.8494205
0.2640000 48.5890732
0.2650000 -49.8947525
0.2660000 3.9319658
0.2670000 -63.3813248
0.2680000 -2.5875137
0.2690000 -6.8565178
0.2700000 -52.6931953
0.2710000 38.8945808
0.2720000 -14.3341055
0.2730000 -37.7664680
0.2740000 -35.5428696
0.2750000 37.0911827
0.2760000 -38.5510292
0.2770000 -10.9098978
0.2780000 -52.8300972
0.2790000 -82.3249893
0.2800000 -82.1960068
0.2810000 0.8456882
0.2820000 45.1548195
0.2830000 18.9634361
0.2840000 29.8103809
0.2850000 -20.6205883
0.2860000 28.2556324
0.2870000 -12.8733759
0.2880000 -3.6598821
0.2890000 31.7414093
0.2900000 -36.2659721
0.2910000 20.4623585
0.2920000 42.2501030
0.2930000 -10.5958958
0.2940000 -25.5278797
0.2950000 -30.3426857
0.2960000 -15.0501232
0.2970000 11.0430050
0.2980000 76.7290955
0.2990000 27.6355858
0.3000000 -77.9752579
0.3010000 -52.0981979
0.3020000 -27.0041065
0.3030000 -7.6356769
0.3040000 60.4686623
0.3050000 12.4081936
0.3060000 0.7827097
0.3070000 10.3626814
0.3080000 40.1285515
0.3090000 -16.0536175
0.3100000 -44.6094589
0.3110000 -11.9923172
0.3120000 5.3800797
0.3130000 -29.0661507
0.3140000 41.5637169
0.3150000 -15.3341112
0.3160000 -38.6675110
0.3170000 -17.1322670
0.3180000 74.0277405
0.3190000 30.9551849
0.3200000 -17.1143417
0.3210000 10.0322466
0.3220000 11.1974964
0.3230000 -10.8741837
0.3240000 24.1497364
0.3250000 54.2624397
0.3260000 -29.0012875
0.3270000 2.7468154
0.3280000 -26.8682804
0.3290000 15.3382816
0.3300000 11.2913094
0.3310000 -28.0149727
0.3320000 -13.4034195
0.3330000 39.4487076
0.3340000 5.7767167
0.3350000 -16.0781288
0.3360000 9.5369101
0.3370000 -63.3938141
0.3380000 -60.8342514
0.3390000 92.2904816
0.3400000 66.0376434
0.3410000 21.4985428
0.3420000 17.7452641
0.3430000 22.1712284
0.3440000 39.4185562
0.3450000 -50.6589699
0.3460000 -15.2008553
0.3470000 23.4554672
0.3480000 -0.1815132
0.3490000 -45.0936203
0.3500000 -24.7717457
0.3510000 37.4831429
0.3520000 -70.6135483
0.3530000 8.9785557
0.3540000 -6.9753499
0.3550000 52.5229263
0.3560000 52.2550316
0.3570000 27.9705257
0.3580000 -60.6829948
0.3590000 8.0423336
0.3600000 14.9995384
0.3610000 -40.0206223
0.3620000 -22.9827385
0.3630000 -67.4197617
0.3640000 34.9860535
0.3650000 -6.3470516
0.3660000 -58.9125633
0.3670000 -43.8759041
0.3680000 50.2672081
0.3690000 -26.4481354
0.3700000 -35.5136528
0.3710000 -40.3107338
0.3720000 -32.8030815
0.3730000 4.4859099
0.3740000 47.0515060
0.3750000 16.5266209
0.3760000 -33.9802895
0.3770000 -4.5894947
0.3780000 -74.2357483
0.3790000 -63.0302429
0.3800000 72.6690216
0.3810000 -0.0312087
0.3820000 49.1912270
0.3830000 -17.0515175
0.3840000 -18.5692749
0.3850000 -28.1433105
0.3860000 2.8779449
0.3870000 -23.2195396
0.3880000 7.9442225
0.3890000 -30.6825619
0.3900000 -59.9732857
0.3910000 5.8384171
0.3920000 -38.7753410
0.3930000 5.4998865
0.3940000 26.9993000
0.3950000 55.2039871
0.3960000 7.2916627
0.3970000 17.4254913
0.3980000 -0.3702461
0.3990000 -36.0799980
0.4000000 -68.9724197
0.4010000 -5.1362777
0.4020000 70.1820526
0.4030000 -37.0766029
0.4040000 -28.2254448
0.4050000 45.8552589
0.4060000 -65.0595322
0.4070000 5.6078968
0.4080000 10.5489302
0.4090000 -38.5129814
0.4100000 -62.3191833
0.4110000 0.2257437
0.4120000 -21.4439659
0.4130000 109.4977341
0.4140000 8.7800035
0.4150000 -23.4648724
0.4160000 52.3322601
0.4170000 46.4724731
0.4180000 26.7688885
0.4190000 -37.4438705
0.4200000 -25.1265793
0.4210000 60.8949623
0.4220000 -20.4476013
0.4230000 6.9266806
0.4240000 15.7495060
0.4250000 0.1963521
0.4260000 6.8708882
0.4270000 26.9196281
0.4280000 -19.2258282
0.4290000 -42.8886757
0.4300000 -50.3535767
0.4310000 -27.2458363
0.4320000 5.3126221
0.4330000 -17.1294193
0.4340000 -69.8871002
0.4350000 27.7110748
0.4360000 -19.1896000
0.4370000 1.2474872
0.4380000 -1.9684151
0.4390000 -25.8122425
0.4400000 29.3426552
0.4410000 12.6473961
0.4420000 -42.4453201
0.4430000 -42.6822281
0.4440000 11.1813459
0.4450000 -18.1518135
0.4460000 -26.1238537
0.4470000 -22.6460247
0.4480000 -30.3478012
0.4490000 15.5444441
0.4500000 -23.7099228
0.4510000 28.2814751
0.4520000 -32.1959648
0.4530000 20.9334927
0.4540000 3.9078939
0.4550000 44.0416069
0.4560000 -47.9681053
0.4570000 -91.2314911
0.4580000 26.6143169
0.4590000 -15.1090488
0.4600000 -11.2467012
0.4610000 10.7023773
0.4620000 2.2923481
0.4630000 -24.3337936
0.4640000 10.2720613
0.4650000 -0.0776664
0.4660000 -66.6222229
0.4670000 16.0000496
0.4680000 -13.1277294
0.4690000 42.0233650
0.4700000 -91.7034378
0.4710000 -11.3009977
0.4720000 -23.2507496
0.4730000 -27.0747242
0.4740000 -38.2309494
0.4750000 -18.1702118
0.4760000 10.7756939
0.4770000 39.9992027
0.4780000 -23.1249828
0.4790000 8.8415861
0.4800000 -11.2177029
0.4810000 11.3513479
0.4820000 -68.9583969
0.4830000 -42.2155457
0.4840000 -19.5207577
0.4850000 14.7063541
0.4860000 27.4375134
0.4870000 -12.2840996
0.4880000 20.9857731
0.4890000 -44.9484100
0.4900000 -19.9352036
0.4910000 -3.5431364
0.4920000 25.7004967
0.4930000 -26.9879742
0.4940000 -6.8352675
0.4950000 16.6867447
0.4960000 24.2108040
0.4970000 -12.0556049
0.4980000 86.4073410
0.4990000 -32.1086235
0.5000000 -12.0344362
0.5010000 -4.4944100
0.5020000 11.9530725
0.5030000 -27.8171177
0.5040000 -10.6593895
0.5050000 34.6153526
0.5060000 -0.4538804
0.5070000 21.0419083
0.5080000 11.3923693
0.5090000 30.3214207
0.5100000 -50.2452164
0.5110000 55.7872887
0.5120000 -9.3303537
0.5130000 1.9940274
0.5140000 -24.3926849
0.5150000 -53.1137657
0.5160000 10.4345865
0.5170000 -51.7765999
0.5180000 64.2366714
0.5190000 53.9054031
0.5200000 20.6849136
0.5210000 11.2384195
0.5220000 -36.5175705
0.5230000 -71.9839325
0.5240000 51.5929108
0.5250000 -60.9759674
0.5260000 34.4725838
0.5270000 22.9227180
0.5280000 18.2773743
0.5290000 16.1772919
0.5300000 66.9106140
0.5310000 5.9814267
0.5320000 -23.9277058
0.5330000 -30.3862114
0.5340000 16.2074814
0.5350000 -61.6214218
0.5360000 0.3330623
0.5370000 -8.7711639
0.5380000 12.1817904
0.5390000 41.9274940
0.5400000 1.3918284
0.5410000 -36.5192642
0.5420000 11.3894930
0.5430000 -37.6826363
0.5440000 -31.3623638
0.5450000 -21.2135067
0.5460000 -7.6774111
0.5470000 -6.9099860
0.5480000 26.5420074
0.5490000 84.2301636
0.5500000 35.6824722
0.5510000 5.5788770
0.5520000 -23.5870132
0.5530000 11.5284996
0.5540000 -17.5236149
0.5550000 -18.1819229
0.5560000 -24.8130283
0.5570000 20.7606335
0.5580000 28.4015007
0.5590000 9.1048927
0.5600000 -5.7833858
0.5610000 -4.1005468
0.5620000 14.2591133
0.5630000 15.2709503
0.5640000 46.0373764
0.5650000 -37.6641998
0.5660000 41.2569885
0.5670000 7.8014073
0.5680000 11.4628696
0.5690000 19.0244904
0.5700000 -27.8157597
0.5710000 1.7155800
0.5720000 -31.2995090
0.5730000 39.2226372
0.5740000 -9.9012518
0.5750000 45.2617798
0.5760000 -12.1543694
0.5770000 -43.0568657
0.5780000 5.8380847
0.5790000 30.1983337
0.5800000 22.1408520
0.5810000 43.9330330
0.5820000 -30.6144333
0.5830000 22.8355904
0.5840000 -69.3955917
0.5850000 -60.1173553
0.5860000 -39.8039856
0.5870000 -0.0528614
0.5880000 12.3377762
0.5890000 26.4556770
0.5900000 9.8593817
0.5910000 -6.3689837
0.5920000 21.9708385
0.5930000 -16.0637283
0.5940000 -30.6328468
0.5950000 20.9904938
0.5960000 75.6023941
0.5970000 -18.6771164
0.5980000 -40.9913750
0.5990000 31.5042286
0.6000000 6.8935900
0.6010000 42.7982559
0.6020000 7.7372265
0.6030000 52.1073685
0.6040000 -18.2365036
0.6050000 21.9895458
0.6060000 -12.5311527
0.6070000 -45.3573647
0.6080000 -14.5237513
0.6090000 8.6095161
0.6100000 -40.3682747
0.6110000 31.3576260
0.6120000 35.7972260
0.6130000 10.0826998
0.6140000 -84.5754395
0.6150000 -6.4421220
0.6160000 73.3531876
0.6170000 -17.9784794
0.6180000 -42.8191566
0.6190000 -11.0763750
0.6200000 0.6463978
0.6210000 3.2009094
0.6220000 -33.7037125
0.6230000 -25.7226505
0.6240000 11.8461475
0.6250000 24.5635395
0.6260000 -34.6295700
0.6270000 -43.5799408
0.6280000 -29.7515812
0.6290000 -39.5014229
0.6300000 38.6934624
0.6310000 19.3457355
0.6320000 -10.7627068
0.6330000 -41.7748489
0.6340000 29.9811630
0.6350000 41.4314995
0.6360000 -37.1494408
0.6370000 -13.3694029
0.6380000 -18.2580967
0.6390000 -14.4421062
0.6400000 -19.2525024
0.6410000 27.2982788
0.6420000 -36.3110046
0.6430000 27.0110321
0.6440000 -29.0280514
0.6450000 -85.1132050
0.6460000 -37.2727089
0.6470000 -64.5285110
0.6480000 59.2815666
0.6490000 5.1552658
0.6500000 -20.0865383
0.6510000 2.5764298
0.6520000 -4.7773418
0.6530000 6.5024948
0.6540000 31.0278358
0.6550000 -50.2984467
0.6560000 -6.7125268
0.6570000 -81.7827835
0.6580000 6.8173718
0.6590000 -17.3778877
0.6600000 25.6223469
0.6610000 -3.6544240
0.6620000 -49.0570831
0.6630000 -25.5154858
0.6640000 24.5242424
0.6650000 26.1959476
0.6660000 67.5493698
0.6670000 -23.4988136
0.6680000 -23.6061745
0.6690000 76.6502533
0.6700000 -71.9086456
0.6710000 -2.0642059
0.6720000 -63.0471764
0.6730000 0.7615744
0.6740000 -43.9115181
0.6750000 55.1503448
0.6760000 -10.8936434
0.6770000 5.2371969
0.6780000 -12.2425890
0.6790000 -56.7609825
0.6800000 -35.2294388
0.6810000 -16.7046509
0.6820000 37.1662598
0.6830000 -24.4739666
0.6840000 14.9610386
0.6850000 11.2932854
0.6860000 -17.3876534
0.6870000 52.1066017
0.6880000 -71.6440811
0.6890000 -19.6899490
0.6900000 -15.8181524
0.6910000 50.6761894
0.6920000 25.2959003
0.6930000 54.3889847
0.6940000 23.7434425
0.6950000 -17.4413643
0.6960000 -2.1987314
0.6970000 -25.7730370
0.6980000 10.3996582
0.6990000 2.1803725
0.7000000 -1.1904742
0.7010000 -31.4609566
0.7020000 0.8490186
0.7030000 -38.8143501
0.7040000 -7.5221648
0.7050000 87.8080139
0.7060000 -32.8680649
0.7070000 56.0850220
0.7080000 28.9660988
0.7090000 -5.4313927
0.7100000 37.7049637
0.7110000 -4.8640070
0.7120000 20.3518963
0.7130000 47.0438728
0.7140000 39.3167152
0.7150000 -20.8001862
0.7160000 -14.6137209
0.7170000 48.3172646
0.7180000 -28.7413673
0.7190000 75.6594391
0.7200000 -22.0847874
0.7210000 -3.1228695
0.7220000 22.0837955
0.7230000 -27.2542477
0.7240000 34.7005730
0.7250000 -5.4288292
0.7260000 37.1487656
0.7270000 55.8615456
0.7280000 -10.8220177
0.7290000 -12.4609098
0.7300000 5.6124773
0.7310000 -47.5750847
0.7320000 31.7920856
0.7330000 -5.9504385
0.7340000 55.7267036
0.7350000 30.0266151
0.7360000 51.4857063
0.7370000 -13.5039272
0.7380000 41.9506989
0.7390000 -44.5563889
0.7400000 31.4381790
0.7410000 11.4176807
0.7420000 -0.0499742
0.7430000 -1.7154825
0.7440000 53.3986893
0.7450000 -49.4580269
0.7460000 47.9243851
0.7470000 -10.5278254
0.7480000 28.4935741
0.7490000 3.2155023
0.7500000 69.2614212
0.7510000 47.3872299
0.7520000 36.7500572
0.7530000 -27.9601765
0.7540000 47.1531563
0.7550000 5.8430276
0.7560000 44.5595970
0.7570000 34.4182625
0.7580000 -2.2420568
0.7590000 -14.5581646
0.7600000 -19.0375652
0.7610000 -24.7997417
0.7620000 -5.0971184
0.7630000 22.7253551
0.7640000 -46.7469635
0.7650000 -2.8985610
0.7660000 1.0124651
0.7670000 -51.9141960
0.7680000 -0.9286911
0.7690000 51.7584038
0.7700000 -25.3640537
0.7710000 -46.2808304
0.7720000 -21.9727421
0.7730000 -2.2855484
0.7740000 -29.0795383
0.7750000 47.6779976
0.7760000 -24.9744568
0.7770000 12.6215687
0.7780000 22.9685001
0.7790000 20.7774811
0.7800000 -93.5212631
0.7810000 24.2646618
0.7820000 -37.7454529
0.7830000 -25.4527321
0.7840000 -16.4840641
0.7850000 4.2877364
0.7860000 2.1908381
0.7870000 3.9431508
0.7880000 -1.2315830
0.7890000 -20.3423347
0.7900000 -3.4543462
0.7910000 34.0479317
0.7920000 -35.2690582
0.7930000 6.0012298
0.7940000 -18.5736275
0.7950000 -50.3810120
0.7960000 -29.4734631
0.7970000 5.0202098
0.7980000 -22.3307304
0.7990000 28.4689083
0.8000000 17.4827900
0.8010000 -38.8750000
0.8020000 9.1370544
0.8030000 29.7814522
0.8040000 31.7580547
0.8050000 -46.1215134
0.8060000 15.3375683
0.8070000 -11.6993046
0.8080000 -20.4071484
0.8090000 -14.3392000
0.8100000 40.3299065
0.8110000 -20.8957119
0.8120000 18.3516998
0.8130000 -40.6595306
0.8140000 38.3850822
0.8150000 3.3816595
0.8160000 -62.4204063
0.8170000 13.3830395
0.8180000 -48.4738426
0.8190000 37.0723953
0.8200000 -3.5397162
0.8210000 -7.5335522
0.8220000 24.5577888
0.8230000 -18.1730976
0.8240000 -31.6869049
0.8250000 33.8699341
0.8260000 9.0666142
0.8270000 0.2853948
0.8280000 -34.8818398
0.8290000 47.4497452
0.8300000 29.9788818
0.8310000 -88.0185928
0.8320000 37.5719643
0.8330000 -96.4606171
0.8340000 -5.1957202
0.8350000 22.2077904
0.8360000 12.9007826
0.8370000 16.0228157
0.8380000 47.5821037
0.8390000 64.9493103
0.8400000 74.1546097
0.8410000 71.6397018
0.8420000 -0.0594760
0.8430000 6.1665459
0.8440000 33.8838043
0.8450000 30.4165459
0.8460000 7.1178708
0.8470000 -7.1519842
0.8480000 -9.0019817
0.8490000 23.2065277
0.8500000 -1.9558967
0.8510000 -46.8666115
0.8520000 -3.6152053
0.8530000 -19.9328003
0.8540000 13.3116922
0.8550000 80.7044373
0.8560000 13.7492876
0.8570000 -55.4243546
0.8580000 22.5500679
0.8590000 14.0176916
0.8600000 53.2534370
0.8610000 2.2449977
0.8620000 -49.5646210
0.8630000 -18.2000504
0.8640000 -28.6380253
0.8650000 13.8524446
0.8660000 -6.1219497
0.8670000 -3.6303220
0.8680000 -49.3125687
0.8690000 -28.5753441
0.8700000 11.9013243
0.8710000 -35.9420624
0.8720000 -0.6284642
0.8730000 44.4488831
0.8740000 6.2441306
0.8750000 56.5872421
0.8760000 -3.4928708
0.8770000 1.3221962
0.8780000 26.9000740
0.8790000 -7.5853357
0.8800000 -4.3591514
0.8810000 12.8173904
0.8820000 -56.4662132
0.8830000 -22.0827694
0.8840000 -36.6527939
0.8850000 1.6668171
0.8860000 67.5253525
0.8870000 -6.9086657
0.8880000 -63.5802002
0.8890000 8.4524803
0.8900000 14.3249636
0.8910000 -20.1934605
0.8920000 79.6596603
0.8930000 -55.6039352
0.8940000 28.0608273
0.8950000 18.9480076
0.8960000 10.7335815
0.8970000 -54.6761780
0.8980000 6.0122766
0.8990000 -8.8792000
0.9000000 7.6611409
0.9010000 63.6384315
0.9020000 -18.2682323
0.9030000 -12.4333000
0.9040000 -22.3916759
0.9050000 22.2318802
0.9060000 20.6466637
0.9070000 29.5840664
0.9080000 63.5935669
0.9090000 25.6235905
0.9100000 -7.8713093
0.9110000 -17.5578270
0.9120000 35.8794022
0.9130000 -48.6914062
0.9140000 39.9204178
0.9150000 -14.3439751
0.9160000 -23.3973751
0.9170000 -41.2298431
0.9180000 8.3201294
0.9190000 -71.5366745
0.9200000 50.0037041
0.9210000 -11.3121147
0.9220000 -24.9439678
0.9230000 -17.0700855
0.9240000 19.4776478
0.9250000 -44.7230110
0.9260000 -10.4184933
0.9270000 -24.5948963
0.9280000 30.0986309
0.9290000 22.6813412
0.9300000 5.8055959
0.9310000 -0.1132988
0.9320000 24.6562710
0.9330000 -46.7204895
0.9340000 31.3793087
0.9350000 39.8177147
0.9360000 -3.9507422
0.9370000 -13.1544209
0.9380000 -41.4991188
0.9390000 1.1376071
0.9400000 -37.0100288
0.9410000 -6.6349530
0.9420000 -22.0224686
0.9430000 48.7257042
0.9440000 0.3556270
0.9450000 10.7626991
0.9460000 32.4953308
0.9470000 -24.6090279
0.9480000 -31.2936821
0.9490000 1.9526978
0.9500000 23.8256645
0.9510000 41.1963272
0.9520000 -2.6341009
0.9530000 -25.6668549
0.9540000 18.5622635
0.9550000 13.3802185
0.9560000 -44.2196808
0.9570000 30.8158131
0.9580000 37.1049423
0.9590000 -24.8922997
0.9600000 39.6235962
0.9610000 -7.8111825
0.9620000 28.1261044
0.9630000 26.5108738
0.9640000 -22.9400635
0.9650000 45.8541069
0.9660000 42.6012993
0.9670000 43.3581772
0.9680000 15.9700842
0.9690000 -53.9323845
0.9700000 45.4768639
0.9710000 -26.3249035
0.9720000 -3.7019992
0.9730000 -25.2068539
0.9740000 -12.4730654
0.9750000 -10.1065092
0.9760000 14.3464031
0.9770000 30.1729794
0.9780000 -25.0559864
0.9790000 18.2088947
0.9800000 -25.9617195
0.9810000 -67.3806000
0.9820000 -6.2618513
0.9830000 4.5752997
0.9840000 13.3017683
0.9850000 -0.5213649
0.9860000 -16.6249676
0.9870000 1.4573658
0.9880000 -1.1729832
0.9890000 -29.0726776
0.9900000 -22.1779537
0.9910000 62.3157692
0.9920000 35.1139603
0.9930000 21.5268993
0.9940000 35.3479347
0.9950000 21.1556091
0.9960000 2.8657176
0.9970000 -8.5459557
0.9980000 0.7814113
0.9990000 -25.0203953
