0.0000000 -1.8900660
0.0010000 -39.8568878
0.0020000 -37.2774086
0.0030000 47.6621513
0.0040000 -72.6867142
0.0050000 -10.0662537
0.0060000 -14.9236746
0.0070000 -50.3678741
0.0080000 -57.5930138
0.0090000 27.7777481
0.0100000 -103.9887848
0.0110000 -47.3666611
0.0120000 -3.1961997
0.0130000 75.1699753
0.0140000 17.9078312
0.0150000 -14.6515198
0.0160000 -16.0853100
0.0170000 5.3757482
0.0180000 33.1161575
0.0190000 34.8870583
0.0200000 61.0698318
0.0210000 -32.4622269
0.0220000 -19.0647182
0.0230000 36.1777763
0.0240000 36.6923027
0.0250000 54.1297836
0.0260000 32.6075439
0.0270000 25.6169224
0.0280000 -36.5859795
0.0290000 1.5663885
0.0300000 46.4761276
0.0310000 -6.8161349
0.0320000 77.5257950
0.0330000 15.8010435
0.0340000 5.3419414
0.0350000 25.0739536
0.0360000 39.6883125
0.0370000 -56.5184860
0.0380000 33.0724373
0.0390000 -30.3487873
0.0400000 33.9734955
0.0410000 40.7258606
0.0420000 -34.7970734
0.0430000 8.6299791
0.0440000 12.7583675
0.0450000 -31.1924191
0.0460000 19.6089172
0.0470000 31.4073792
0.0480000 37.0410919
0.0490000 20.7732830
0.0500000 34.9151993
0.0510000 -15.9498158
0.0520000 -40.2328835
0.0530000 -31.7466335
0.0540000 -20.2214203
0.0550000 12.9821920
0.0560000 -2.1138775
0.0570000 0.9111418
0.0580000 -22.0885639
0.0590000 -28.5228443
0.0600000 -44.8537674
0.0610000 -7.0874238
0.0620000 -61.4395561
0.0630000 -127.0774155
0.0640000 -43.2631989
0.0650000 7.0208421
0.0660000 -5.7190852
0.0670000 8.8264799
0.0680000 -14.5721827
0.0690000 19.1743011
0.0700000 -74.0532150
0.0710000 -15.5957870
0.0720000 45.1822319
0.0730000 -9.1023474
0.0740000 24.7941170
0.0750000 0.8158602
0.0760000 -32.1390076
0.0770000 -11.1664171
0.0780000 3.2341347
0.0790000 -6.5669022
0.0800000 -14.7899237
0.0810000 -24.4737091
0.0820000 27.1566029
0.0830000 -18.5700359
0.0840000 -9.0861626
0.0850000 -19.0912762
0.0860000 40.9337463
0.0870000 -14.1170568
0.0880000 7.7025261
0.0890000 28.7720451
0.0900000 -22.2358437
0.0910000 -0.8771542
0.0920000 -63.9085197
0.0930000 57.0111923
0.0940000 -33.6544228
0.0950000 -17.0667973
0.0960000 0.9302469
0.0970000 -56.9255753
0.0980000 11.7078457
0.0990000 -43.8719444
0.1000000 -43.6775513
0.1010000 -16.4386196
0.1020000 -20.5111313
0.1030000 7.2847295
0.1040000 -18.5794201
0.1050000 50.0258865
0.1060000 14.9539919
0.1070000 3.9646447
0.1080000 8.9373293
0.1090000 -47.9538994
0.1100000 -42.3263130
0.1110000 -27.0145683
0.1120000 -0.5704145
0.1130000 -1.0728164
0.1140000 -13.1935644
0.1150000 8.4354763
0.1160000 50.4445915
0.1170000 -44.2821198
0.1180000 -16.3283024
0.1190000 -24.6259842
0.1200000 40.1276169
0.1210000 43.5170555
0.1220000 -42.0372581
0.1230000 -12.5889673
0.1240000 -12.7725687
0.1250000 -35.6657906
0.1260000 -25.2484360
0.1270000 -8.9715014
0.1280000 23.3468571
0.1290000 -39.6847038
0.1300000 66.1663437
0.1310000 -24.4870338
0.1320000 -10.2196026
0.1330000 -31.2044334
0.1340000 -0.3896852
0.1350000 -27.3522358
0.1360000 -5.9939919
0.1370000 -28.0602951
0.1380000 2.1896708
0.1390000 34.7410583
0.1400000 -17.6182461
0.1410000 49.7342682
0.1420000 -27.8473625
0.1430000 15.4876270
0.1440000 4.0502954
0.1450000 81.4674301
0.1460000 -22.8503723
0.1470000 -26.3521862
0.1480000 3.3253007
0.1490000 1.6609222
0.1500000 -6.2015982
0.1510000 -4.5139270
0.1520000 -77.0039139
0.1530000 -16.5190849
0.1540000 -62.4366226
0.1550000 -17.0014801
0.1560000 17.1472607
0.1570000 -28.3308334
0.1580000 35.0605011
0.1590000 -14.1211500
0.1600000 -6.3386488
0.1610000 -29.5513191
0.1620000 6.9184875
0.1630000 23.9264069
0.1640000 -2.5333889
0.1650000 -11.6320534
0.1660000 -23.3199043
0.1670000 2.8289299
0.1680000 -2.4173739
0.1690000 -8.1440287
0.1700000 18.3825531
0.1710000 -103.5548935
0.1720000 26.5158577
0.1730000 2.2330713
0.1740000 2.6046262
0.1750000 28.9563026
0.1760000 41.2392044
0.1770000 3.9344754
0.1780000 13.6986094
0.1790000 11.0718088
0.1800000 18.4773922
0.1810000 -1.0960184
0.1820000 8.8112202
0.1830000 -72.5602264
0.1840000 18.3199635
0.1850000 -19.0131016
0.1860000 48.0137672
0.1870000 -22.6043129
0.1880000 7.4020343
0.1890000 -43.8442497
0.1900000 -31.8490753
0.1910000 -30.2528172
0.1920000 -18.6145687
0.1930000 -20.0352402
0.1940000 -33.5577621
0.1950000 -15.5974951
0.1960000 7.3234076
0.1970000 -43.5372734
0.1980000 -5.1858459
0.1990000 14.7279787
0.2000000 -19.4509354
0.2010000 49.4771729
0.2020000 -58.1416130
0.2030000 21.2214298
0.2040000 25.9013119
0.2050000 27.6775608
0.2060000 1.6535283
0.2070000 -62.8112411
0.2080000 -19.2433262
0.2090000 -49.6418610
0.2100000 -23.7120018
0.2110000 -11.1408739
0.2120000 -31.2742882
0.2130000 37.8655891
0.2140000 -53.1344757
0.2150000 -31.8419628
0.2160000 3.3475471
0.2170000 43.4256897
0.2180000 22.6566830
0.2190000 -28.3211365
0.2200000 2.5204561
0.2210000 5.1581607
0.2220000 -15.5962563
0.2230000 51.3905258
0.2240000 18.6139469
0.2250000 124.4758377
0.2260000 -29.4907475
0.2270000 -55.7239532
0.2280000 -65.5642166
0.2290000 29.0544415
0.2300000 -5.9370880
0.2310000 48.7560959
0.2320000 -5.5641809
0.2330000 38.5034256
0.2340000 -40.3524780
0.2350000 -1.0445560
0.2360000 7.4361010
0.2370000 19.2130203
0.2380000 17.6366863
0.2390000 73.4547424
0.2400000 5.7270651
0.2410000 20.7252159
0.2420000 27.2253132
0.2430000 -2.2791142
0.2440000 31.9945583
0.2450000 -40.5964355
0.2460000 -0.2176881
0.2470000 -5.6643229
0.2480000 -50.3269043
0.2490000 -6.0345430
0.2500000 -34.0091591
0.2510000 44.0783615
0.2520000 60.8775635
0.2530000 19.5272865
0.2540000 48.9640007
0.2550000 -4.5369744
0.2560000 -29.7605953
0.2570000 44.3189049
0.2580000 -14.5496254
0.2590000 -47.2246819
0.2600000 42.5969696
0.2610000 32.1379776
0.2620000 20.3163757
0.2630000 51.0574913
0.2640000 -27.6777611
0.2650000 -66.6696701
0.2660000 -4.7848420
0.2670000 14.9782133
0.2680000 -8.2242832
0.2690000 -20.0282040
0.2700000 -4.8824372
0.2710000 29.5681210
0.2720000 37.2756577
0.2730000 20.1889477
0.2740000 -27.8053837
0.2750000 -29.0711594
0.2760000 23.2609234
0.2770000 -72.6528473
0.2780000 19.2480793
0.2790000 -7.7603359
0.2800000 -11.6729136
0.2810000 -5.9501314
0.2820000 -31.5094090
0.2830000 25.2864876
0.2840000 -89.7521210
0.2850000 -40.4749756
0.2860000 -71.4543839
0.2870000 -41.1145401
0.2880000 -36.8285904
0.2890000 -20.4016972
0.2900000 -10.5511503
0.2910000 58.8031883
0.2920000 0.9292361
0.2930000 -21.5929337
0.2940000 6.3675346
0.2950000 3.0748227
0.2960000 -0.0976760
0.2970000 2.7473474
0.2980000 -13.2880735
0.2990000 6.3935032
0.3000000 -40.0977898
0.3010000 -17.5583324
0.3020000 12.7191153
0.3030000 -9.1942310
0.3040000 -2.9595211
0.3050000 12.4917803
0.3060000 -5.6069427
0.3070000 14.3106279
0.3080000 -9.2969208
0.3090000 -14.9738417
0.3100000 23.5521297
0.3110000 32.6515198
0.3120000 9.5610285
0.3130000 -14.4407473
0.3140000 -55.2809563
0.3150000 -3.3414819
0.3160000 -8.5240765
0.3170000 55.9495773
0.3180000 -54.6672935
0.3190000 32.1422577
0.3200000 32.1054955
0.3210000 16.2889404
0.3220000 10.8919668
0.3230000 0.5869129
0.3240000 -22.4209881
0.3250000 31.4337883
0.3260000 -40.9279213
0.3270000 -3.8213532
0.3280000 68.9523392
0.3290000 -39.6738319
0.3300000 10.2565622
0.3310000 50.5099258
0.3320000 -61.6716728
0.3330000 6.2663274
0.3340000 -15.0554924
0.3350000 -24.9497337
0.3360000 -13.3790426
0.3370000 -14.1216707
0.3380000 -8.9608841
0.3390000 -54.1026382
0.3400000 19.4809456
0.3410000 50.4614944
0.3420000 32.7251053
0.3430000 -0.6642272
0.3440000 -41.1108780
0.3450000 5.1747465
0.3460000 -47.1954880
0.3470000 72.6011276
0.3480000 21.5944824
0.3490000 -14.3334475
0.3500000 19.1956291
0.3510000 -16.8909512
0.3520000 49.1475525
0.3530000 63.1510391
0.3540000 -48.8259735
0.3550000 30.6085606
0.3560000 -24.7773323
0.3570000 13.8845415
0.3580000 -9.3130131
0.3590000 -20.7751255
0.3600000 45.9912758
0.3610000 16.2718449
0.3620000 -41.3772087
0.3630000 -23.7886200
0.3640000 -2.2115333
0.3650000 13.4016285
0.3660000 -27.6754055
0.3670000 1.6944973
0.3680000 28.7472897
0.3690000 -61.0867004
0.3700000 22.7026997
0.3710000 2.6360006
0.3720000 -1.8840770
0.3730000 -31.2474289
0.3740000 -16.0754108
0.3750000 -16.4763184
0.3760000 -3.0966365
0.3770000 -21.1399803
0.3780000 -4.3569932
0.3790000 3.2563577
0.3800000 -14.6179838
0.3810000 56.8576622
0.3820000 -18.9378109
0.3830000 38.9637222
0.3840000 28.8682556
0.3850000 34.9407120
0.3860000 3.5649946
0.3870000 31.6739140
0.3880000 -56.5387077
0.3890000 -53.8041267
0.3900000 -30.9010620
0.3910000 -27.7552757
0.3920000 -11.8355522
0.3930000 -1.8973554
0.3940000 -51.9464378
0.3950000 6.6270676
0.3960000 3.4402280
0.3970000 43.7947502
0.3980000 29.4898739
0.3990000 -34.1072998
0.4000000 -15.7338820
0.4010000 22.0487556
0.4020000 33.0885849
0.4030000 -25.9334488
0.4040000 -16.0546055
0.4050000 2.4646783
0.4060000 -1.4286467
0.4070000 -6.6065087
0.4080000 70.3158340
0.4090000 -31.8599548
0.4100000 89.1655350
0.4110000 31.9531422
0.4120000 -45.5565224
0.4130000 -23.3736572
0.4140000 -67.9228516
0.4150000 -28.6123466
0.4160000 -33.6106148
0.4170000 -10.5012054
0.4180000 9.0074406
0.4190000 -14.2328081
0.4200000 -28.4823170
0.4210000 -53.7539597
0.4220000 -45.5605965
0.4230000 8.0192327
0.4240000 26.5164700
0.4250000 -24.4056530
0.4260000 1.3628292
0.4270000 3.2412581
0.4280000 -49.8575172
0.4290000 61.3410797
0.4300000 52.0070839
0.4310000 -8.5439968
0.4320000 -26.5742760
0.4330000 11.5805731
0.4340000 49.2539291
0.4350000 43.8853912
0.4360000 54.6424522
0.4370000 -37.0058746
0.4380000 13.0451288
0.4390000 47.5698776
0.4400000 1.0773973
0.4410000 34.6159859
0.4420000 -17.1982841
0.4430000 48.2736855
0.4440000 24.3050365
0.4450000 -52.6689758
0.4460000 -30.5953674
0.4470000 38.4407654
0.4480000 18.3561745
0.4490000 -2.0518854
0.4500000 -28.7114868
0.4510000 -2.9311268
0.4520000 25.4376488
0.4530000 -36.5551109
0.4540000 -33.1594810
0.4550000 8.5575590
0.4560000 43.9744759
0.4570000 44.5423889
0.4580000 5.2536268
0.4590000 -16.8084793
0.4600000 68.3590240
0.4610000 12.0550671
0.4620000 -76.5930939
0.4630000 -17.5971642
0.4640000 -9.3351974
0.4650000 -52.9036751
0.4660000 -3.5801086
0.4670000 28.6040630
0.4680000 -2.3062456
0.4690000 57.6334152
0.4700000 -32.3981934
0.4710000 -20.4444332
0.4720000 -81.8301392
0.4730000 33.5019798
0.4740000 -53.3485794
0.4750000 -20.1808529
0.4760000 -33.7157402
0.4770000 -15.5751390
0.4780000 -81.0964203
0.4790000 12.8615608
0.4800000 8.3045101
0.4810000 92.3971481
0.4820000 53.1577301
0.4830000 6.7652178
0.4840000 -1.7753649
0.4850000 73.2886047
0.4860000 36.6508636
0.4870000 32.1315460
0.4880000 -14.4717741
0.4890000 -37.0172272
0.4900000 15.8737106
0.4910000 10.6035385
0.4920000 59.5895424
0.4930000 94.0660706
0.4940000 32.9173164
0.4950000 -19.3763866
0.4960000 -61.9263611
0.4970000 7.9368739
0.4980000 -8.0005550
0.4990000 30.9449081
0.5000000 46.1211967
0.5010000 42.2245407
0.5020000 15.2524195
0.5030000 41.9641571
0.5040000 -2.4110324
0.5050000 4.0538211
0.5060000 -24.9603596
0.5070000 -4.2245560
0.5080000 38.7608528
0.5090000 39.1864815
0.5100000 -29.3723087
0.5110000 -6.0020342
0.5120000 -32.5296249
0.5130000 29.5231304
0.5140000 43.0954132
0.5150000 82.3317337
0.5160000 15.0537863
0.5170000 5.5630622
0.5180000 15.3331022
0.5190000 -10.2246199
0.5200000 -41.3778534
0.5210000 -28.3364143
0.5220000 -37.5836182
0.5230000 -35.2735825
0.5240000 -7.4893475
0.5250000 -11.5767956
0.5260000 31.9765205
0.5270000 15.3881750
0.5280000 -72.9794693
0.5290000 -33.6923180
0.5300000 27.1550541
0.5310000 -5.5216093
0.5320000 -12.3608828
0.5330000 -54.3293571
0.5340000 -51.0884247
0.5350000 67.1384354
0.5360000 -2.7402651
0.5370000 -39.6154404
0.5380000 -22.9981079
0.5390000 35.8338013
0.5400000 36.0442009
0.5410000 -16.7858734
0.5420000 -19.0526428
0.5430000 -33.4339905
0.5440000 15.0646257
0.5450000 40.1817055
0.5460000 0.0900321
0.5470000 -0.4247090
0.5480000 -9.9329472
0.5490000 18.9963760
0.5500000 6.7660494
0.5510000 -81.6024628
0.5520000 67.8076172
0.5530000 -9.0563393
0.5540000 71.2839203
0.5550000 52.9581451
0.5560000 35.7824745
0.5570000 -44.3770981
0.5580000 -29.8433056
0.5590000 -56.3459244
0.5600000 -59.9239311
0.5610000 32.0759048
0.5620000 9.3279428
0.5630000 21.0382710
0.5640000 -16.3472481
0.5650000 28.2202225
0.5660000 -22.6074638
0.5670000 7.5484800
0.5680000 24.4013023
0.5690000 34.6274414
0.5700000 -16.5372639
0.5710000 -23.4164276
0.5720000 96.8886414
0.5730000 -9.1124105
0.5740000 -5.3954349
0.5750000 -61.6337280
0.5760000 -16.6522675
0.5770000 40.2508354
0.5780000 -26.1771221
0.5790000 21.9436321
0.5800000 -93.4215393
0.5810000 -25.4095459
0.5820000 3.3072767
0.5830000 -32.4853935
0.5840000 -32.0186424
0.5850000 -58.0517693
0.5860000 -85.1969757
0.5870000 14.8091135
0.5880000 -45.9116936
0.5890000 20.8336964
0.5900000 -0.9071947
0.5910000 -23.6133747
0.5920000 21.8720341
0.5930000 -34.5249138
0.5940000 2.0701113
0.5950000 22.4420071
0.5960000 -47.3627625
0.5970000 -26.7978897
0.5980000 -25.1579456
0.5990000 -17.1096630
0.6000000 -9.6098957
0.6010000 40.7331734
0.6020000 -24.8387756
0.6030000 74.6618652
0.6040000 -31.9220276
0.6050000 67.1709976
0.6060000 25.7056065
0.6070000 -3.7134712
0.6080000 18.0831165
0.6090000 22.9031620
0.6100000 37.3512306
0.6110000 12.8073368
0.6120000 12.2529802
0.6130000 22.3604412
0.6140000 34.2877121
0.6150000 35.1643867
0.6160000 -31.1210480
0.6170000 39.3809700
0.6180000 33.5461082
0.6190000 33.2105980
0.6200000 38.7638817
0.6210000 25.3564243
0.6220000 -8.5556231
0.6230000 23.3004246
0.6240000 5.2713776
0.6250000 77.0091324
0.6260000 -38.8151741
0.6270000 -52.9524422
0.6280000 -80.7027893
0.6290000 48.3709373
0.6300000 22.8313046
0.6310000 73.4891586
0.6320000 -10.4853802
0.6330000 -19.0107040
0.6340000 19.7468567
0.6350000 -50.2515869
0.6360000 29.6342754
0.6370000 -19.0073528
0.6380000 1.0172204
0.6390000 -14.4259138
0.6400000 7.6435432
0.6410000 8.2606907
0.6420000 -17.3036652
0.6430000 10.8106833
0.6440000 7.0783238
0.6450000 28.3380699
0.6460000 30.5344906
0.6470000 -41.7334862
0.6480000 56.6327972
0.6490000 -21.4431572
0.6500000 -10.4365683
0.6510000 -0.6583212
0.6520000 -19.6568909
0.6530000 55.4843521
0.6540000 6.6834645
0.6550000 5.6742969
0.6560000 9.0223656
0.6570000 5.9733419
0.6580000 7.7753863
0.6590000 31.4699707
0.6600000 7.1871004
0.6610000 1.7725413
0.6620000 32.9185333
0.6630000 -1.1304440
0.6640000 78.7076950
0.6650000 -88.3911667
0.6660000 2.7239509
0.6670000 4.6257296
0.6680000 -24.5785313
0.6690000 -27.2449245
0.6700000 -23.1924934
0.6710000 -38.7217026
0.6720000 5.4304504
0.6730000 -18.5842781
0.6740000 -13.9234304
0.6750000 -12.5278473
0.6760000 -29.2489853
0.6770000 -10.7555361
0.6780000 -16.1012249
0.6790000 -7.6129928
0.6800000 -64.4577484
0.6810000 17.6550598
0.6820000 5.7693949
0.6830000 -69.9076385
0.6840000 -39.1881371
0.6850000 -77.0659485
0.6860000 5.0659528
0.6870000 38.6067619
0.6880000 4.4776931
0.6890000 17.8495350
0.6900000 -13.3772631
0.6910000 -32.9164009
0.6920000 -4.6902962
0.6930000 -48.0089455
0.6940000 -46.1318321
0.6950000 2.3885863
0.6960000 -16.1333561
0.6970000 40.1697693
0.6980000 24.5439949
0.6990000 -9.0393229
0.7000000 -3.9581552
0.7010000 15.8431501
0.7020000 -29.5119953
0.7030000 16.4053879
0.7040000 2.0819309
0.7050000 -1.3166828
0.7060000 74.2284470
0.7070000 45.7718811
0.7080000 -23.6840172
0.7090000 -54.9654198
0.7100000 -33.5929070
0.7110000 -21.5117359
0.7120000 -28.5941563
0.7130000 -9.6037922
0.7140000 -15.6168585
0.7150000 -0.1901159
0.7160000 40.5695267
0.7170000 -26.4560184
0.7180000 -67.6020966
0.7190000 51.7538528
0.7200000 -20.3232746
0.7210000 26.1091785
0.7220000 37.2840538
0.7230000 61.7076569
0.7240000 16.4319248
0.7250000 -51.2614822
0.7260000 34.4844017
0.7270000 48.4894485
0.7280000 -13.2900972
0.7290000 53.4731369
0.7300000 -22.8683662
0.7310000 1.0131969
0.7320000 14.9590054
0.7330000 11.3494768
0.7340000 7.4048271
0.7350000 55.3717728
0.7360000 45.7480049
0.7370000 6.2195897
0.7380000 -28.8082294
0.7390000 -61.2024231
0.7400000 -67.6361084
0.7410000 -31.4947147
0.7420000 -10.8724499
0.7430000 -43.1906471
0.7440000 -48.3756447
0.7450000 9.1540174
0.7460000 9.0805578
0.7470000 -35.0139160
0.7480000 -12.5942812
0.7490000 -49.4062767
0.7500000 12.8667698
0.7510000 -77.5853195
0.7520000 43.9893150
0.7530000 36.0015144
0.7540000 -39.4655266
0.7550000 41.1564178
0.7560000 23.3825645
0.7570000 -31.6898384
0.7580000 -19.9409542
0.7590000 43.8115005
0.7600000 -45.3022919
0.7610000 -25.8502216
0.7620000 45.2795486
0.7630000 14.4008656
0.7640000 22.9603844
0.7650000 -26.6116619
0.7660000 -6.2765470
0.7670000 20.1243000
0.7680000 8.6356134
0.7690000 -30.5877819
0.7700000 25.1949368
0.7710000 20.2230053
0.7720000 31.7435398
0.7730000 -4.8310809
0.7740000 3.9204834
0.7750000 -23.0918541
0.7760000 8.9885292
0.7770000 -1.8465599
0.7780000 -71.1525192
0.7790000 26.8670559
0.7800000 24.5658836
0.7810000 -3.8775897
0.7820000 9.1551094
0.7830000 -5.9955044
0.7840000 51.4272919
0.7850000 -19.8548622
0.7860000 -46.6531410
0.7870000 5.4446564
0.7880000 -16.5330811
0.7890000 49.8805885
0.7900000 7.9482265
0.7910000 -11.5841503
0.7920000 -6.3035674
0.7930000 -24.6705036
0.7940000 34.0172043
0.7950000 -1.6838803
0.7960000 17.1042328
0.7970000 1.4707266
0.7980000 21.5486698
0.7990000 -9.1381407
0.8000000 26.1259842
0.8010000 -2.6806939
0.8020000 -57.5808792
0.8030000 -52.6165657
0.8040000 -3.8160386
0.8050000 14.1654015
0.8060000 10.6007595
0.8070000 20.0927658
0.8080000 -16.7482052
0.8090000 13.0502872
0.8100000 77.8032379
0.8110000 5.5889907
0.8120000 24.6596260
0.8130000 -34.1546783
0.8140000 72.0697937
0.8150000 5.6323271
0.8160000 -22.4815884
0.8170000 61.2208023
0.8180000 54.9897346
0.8190000 -30.5182247
0.8200000 -6.5926690
0.8210000 -10.8556061
0.8220000 -0.7624529
0.8230000 -4.8423915
0.8240000 -0.8654381
0.8250000 54.6695938
0.8260000 27.4353218
0.8270000 14.6165485
0.8280000 11.2301140
0.8290000 31.6649151
0.8300000 0.2885795
0.8310000 13.9181461
0.8320000 41.4923668
0.8330000 8.7588577
0.8340000 5.0380931
0.8350000 34.3832550
0.8360000 -13.3728743
0.8370000 9.9726181
0.8380000 -1.5057199
0.8390000 41.3338432
0.8400000 11.6187887
0.8410000 19.1057758
0.8420000 -16.0799694
0.8430000 39.8771362
0.8440000 18.2078571
0.8450000 -100.8145676
0.8460000 24.3694515
0.8470000 -74.8128281
0.8480000 -11.8274307
0.8490000 0.9715049
0.8500000 14.9674311
0.8510000 39.4202347
0.8520000 30.6583691
0.8530000 7.9225235
0.8540000 -6.0122213
0.8550000 -15.1231480
0.8560000 1.8211073
0.8570000 34.9257317
0.8580000 -11.9669228
0.8590000 -32.1367989
0.8600000 2.1211762
0.8610000 7.7862163
0.8620000 71.2359924
0.8630000 -13.7190456
0.8640000 40.3441124
0.8650000 -36.8507347
0.8660000 85.9193649
0.8670000 27.2415771
0.8680000 -15.3324823
0.8690000 28.6700497
0.8700000 23.2096310
0.8710000 10.9420319
0.8720000 16.0384274
0.8730000 10.8037596
0.8740000 56.8843689
0.8750000 -53.2476311
0.8760000 42.9701920
0.8770000 1.3910975
0.8780000 -5.1049914
0.8790000 -8.0297737
0.8800000 -14.2806787
0.8810000 -43.5204201
0.8820000 -42.1689377
0.8830000 -0.9260376
0.8840000 6.5204582
0.8850000 9.2431803
0.8860000 28.1019268
0.8870000 12.5068169
0.8880000 46.5483131
0.8890000 -49.0279655
0.8900000 -35.4829941
0.8910000 43.0125122
0.8920000 0.2663741
0.8930000 -20.2649860
0.8940000 -0.0699776
0.8950000 -34.5947342
0.8960000 -8.4366932
0.8970000 5.8748274
0.8980000 -22.1758080
0.8990000 22.0424995
0.9000000 -36.6014404
0.9010000 62.2257881
0.9020000 -32.3091812
0.9030000 -24.2967815
0.9040000 -10.8256407
0.9050000 3.2832539
0.9060000 -7.5010881
0.9070000 -34.4811821
0.9080000 75.8106308
0.9090000 -39.2784767
0.9100000 17.2977238
0.9110000 16.3884621
0.9120000 -18.2805977
0.9130000 -16.1582184
0.9140000 -21.3080635
0.9150000 -17.4822578
0.9160000 36.1539536
0.9170000 -26.2244320
0.9180000 -64.4812775
0.9190000 55.4446907
0.9200000 104.7075958
0.9210000 -8.0530815
0.9220000 -42.3302078
0.9230000 -17.5344620
0.9240000 3.1237974
0.9250000 10.0438557
0.9260000 -79.1562576
0.9270000 17.0171223
0.9280000 32.1095161
0.9290000 66.7149811
0.9300000 -1.1684697
0.9310000 -3.1427903
0.9320000 89.1043091
0.9330000 12.3928118
0.9340000 57.3460350
0.9350000 -3.0598230
0.9360000 -42.3030434
0.9370000 38.3451729
0.9380000 -12.9143820
0.9390000 -47.4575806
0.9400000 13.4899082
0.9410000 -43.1256294
0.9420000 -9.3392963
0.9430000 -3.7584231
0.9440000 -15.0596075
0.9450000 -2.9845777
0.9460000 -2.6669104
0.9470000 -18.8600559
0.9480000 70.4044952
0.9490000 33.3864212
0.9500000 -31.1598110
0.9510000 1.0555528
0.9520000 17.7982140
0.9530000 21.6503868
0.9540000 24.7810135
0.9550000 38.6692619
0.9560000 23.8738365
0.9570000 -64.3063965
0.9580000 16.6511536
0.9590000 35.3469772
0.9600000 -20.5953579
0.9610000 -2.2197862
0.9620000 -21.4929295
0.9630000 -40.6475029
0.9640000 -0.7722715
0.9650000 -1.7765155
0.9660000 -36.4068108
0.9670000 12.6077318
0.9680000 11.9821653
0.9690000 42.9383698
0.9700000 20.7459717
0.9710000 16.8773098
0.9720000 62.5059395
0.9730000 -27.4344921
0.9740000 -5.0104017
0.9750000 -44.4967957
0.9760000 -14.3371983
0.9770000 5.7396212
0.9780000 -33.8023071
0.9790000 -55.6276703
0.9800000 23.4364662
0.9810000 26.9499435
0.9820000 26.6566525
0.9830000 -14.1992941
0.9840000 -13.2527046
0.9850000 -15.2484741
0.9860000 1.0586474
0.9870000 -53.1750412
0.9880000 -16.8516731
0.9890000 27.6711330
0.9900000 -51.4262428
0.9910000 -72.0209579
0.9920000 2.3891528
0.9930000 -17.2748089
0.9940000 0.9792152
0.9950000 -8.4046564
0.9960000 19.7155876
0.9970000 37.7697754
0.9980000 -5.5007572
0.9990000 3.5370977
