0.0000000 -48.9980087
0.0010000 -3.3802202
0.0020000 -61.5334282
0.0030000 6.0000949
0.0040000 -46.0336266
0.0050000 7.5235701
0.0060000 75.1634140
0.0070000 -31.5229549
0.0080000 6.9151106
0.0090000 10.0706387
0.0100000 -19.1440334
0.0110000 -0.7211125
0.0120000 46.3519249
0.0130000 -0.1494698
0.0140000 -27.8772945
0.0150000 -69.2392960
0.0160000 43.1988258
0.0170000 -44.6794167
0.0180000 35.4409065
0.0190000 -3.8899047
0.0200000 -60.0966263
0.0210000 -4.2084603
0.0220000 13.0418997
0.0230000 -15.3083782
0.0240000 54.1318588
0.0250000 -7.9316940
0.0260000 -30.6136761
0.0270000 23.1190186
0.0280000 16.2540359
0.0290000 14.6254044
0.0300000 27.0698395
0.0310000 -9.4019966
0.0320000 14.7802534
0.0330000 -35.8185844
0.0340000 19.2893257
0.0350000 -7.1709843
0.0360000 37.0263710
0.0370000 58.8051834
0.0380000 -23.4484501
0.0390000 60.1077614
0.0400000 -44.3549271
0.0410000 14.0650988
0.0420000 -35.4158249
0.0430000 -6.0424695
0.0440000 -7.4022598
0.0450000 53.2931213
0.0460000 -11.9362917
0.0470000 13.3468170
0.0480000 -34.6389694
0.0490000 -23.9386101
0.0500000 0.8819475
0.0510000 -25.3546429
0.0520000 10.8421164
0.0530000 -25.6964836
0.0540000 -38.7840118
0.0550000 38.5829201
0.0560000 58.3451958
0.0570000 -40.8641472
0.0580000 53.7675095
0.0590000 10.5258865
0.0600000 -43.3500938
0.0610000 27.2539806
0.0620000 42.1540260
0.0630000 24.6273918
0.0640000 29.6659412
0.0650000 0.1128175
0.0660000 -109.4969101
0.0670000 66.5773315
0.0680000 -29.8151112
0.0690000 -66.9302139
0.0700000 32.8233681
0.0710000 43.5178070
0.0720000 -32.8182487
0.0730000 11.3444004
0.0740000 12.9561005
0.0750000 -15.1649628
0.0760000 2.0700521
0.0770000 20.0854626
0.0780000 36.4346886
0.0790000 -42.5607376
0.0800000 51.3198624
0.0810000 -12.3895645
0.0820000 -35.4173927
0.0830000 47.8026237
0.0840000 11.7604923
0.0850000 -37.9908257
0.0860000 17.1010551
0.0870000 81.3746948
0.0880000 -6.0854111
0.0890000 -14.5378828
0.0900000 -42.2646484
0.0910000 -30.8392792
0.0920000 -26.6475201
0.0930000 21.8736668
0.0940000 11.0798197
0.0950000 37.1149216
0.0960000 -0.3771523
0.0970000 38.4874077
0.0980000 -25.6024857
0.0990000 74.5591583
0.1000000 -76.4437256
0.1010000 -22.4062309
0.1020000 -42.6462555
0.1030000 6.7942257
0.1040000 -26.2641640
0.1050000 -32.3180389
0.1060000 -54.2519646
0.1070000 -60.7349815
0.1080000 0.9729965
0.1090000 3.0015459
0.1100000 20.3016815
0.1110000 -8.0757418
0.1120000 5.9400816
0.1130000 -38.5713844
0.1140000 -57.1017303
0.1150000 26.5806351
0.1160000 -23.1492252
0.1170000 27.2302799
0.1180000 -13.0470295
0.1190000 -62.8417892
0.1200000 -58.6153412
0.1210000 -27.5917225
0.1220000 24.1220627
0.1230000 -24.4918804
0.1240000 -25.1889954
0.1250000 27.6199665
0.1260000 -11.8963537
0.1270000 69.9062119
0.1280000 -1.7296683
0.1290000 7.2588005
0.1300000 76.9906616
0.1310000 65.5131836
0.1320000 -7.5494256
0.1330000 69.1744003
0.1340000 138.4137268
0.1350000 18.5349808
0.1360000 34.7234955
0.1370000 22.2599487
0.1380000 -37.0606003
0.1390000 -17.0722027
0.1400000 13.6011591
0.1410000 -18.0829964
0.1420000 35.4134102
0.1430000 -75.8146210
0.1440000 47.8928146
0.1450000 -30.6533833
0.1460000 8.0654984
0.1470000 -47.3562012
0.1480000 54.2191925
0.1490000 64.8441925
0.1500000 19.7250004
0.1510000 -72.1044312
0.1520000 10.4067020
0.1530000 63.9524536
0.1540000 8.1667023
0.1550000 -9.7376299
0.1560000 -7.5072083
0.1570000 30.7207279
0.1580000 67.2874908
0.1590000 3.9320743
0.1600000 -35.9066963
0.1610000 -29.6535931
0.1620000 47.4811211
0.1630000 11.7092686
0.1640000 -4.0147014
0.1650000 -30.9771938
0.1660000 -15.6362953
0.1670000 36.2610207
0.1680000 -34.6203041
0.1690000 -63.4143677
0.1700000 -25.3195629
0.1710000 37.5008965
0.1720000 2.7560740
0.1730000 -25.7265759
0.1740000 -33.3118362
0.1750000 -87.9443665
0.1760000 -24.2764378
0.1770000 -8.7019939
0.1780000 -7.3076611
0.1790000 -17.2350063
0.1800000 -35.2365456
0.1810000 2.3653650
0.1820000 -8.2863750
0.1830000 41.0183868
0.1840000 11.8685684
0.1850000 -57.3136253
0.1860000 35.4392471
0.1870000 -11.4584179
0.1880000 -35.2284966
0.1890000 -12.5774994
0.1900000 -15.0058651
0.1910000 18.4756527
0.1920000 27.2096977
0.1930000 25.8787251
0.1940000 -47.3864746
0.1950000 46.2151184
0.1960000 9.8403254
0.1970000 -18.1119595
0.1980000 -31.6780624
0.1990000 -72.7451401
0.2000000 -36.4178162
0.2010000 -33.3699265
0.2020000 -41.0956573
0.2030000 -20.3909931
0.2040000 -22.1617565
0.2050000 21.7826653
0.2060000 -9.6325788
0.2070000 -31.1386948
0.2080000 -3.0719256
0.2090000 -31.2987747
0.2100000 -61.4581833
0.2110000 -12.8890076
0.2120000 -32.2633858
0.2130000 -2.3641038
0.2140000 -9.9573193
0.2150000 30.8992767
0.2160000 6.9935646
0.2170000 -32.2682648
0.2180000 40.7668877
0.2190000 -29.2380829
0.2200000 28.6614017
0.2210000 52.1053276
0.2220000 6.2479253
0.2230000 23.3462067
0.2240000 3.4836068
0.2250000 -20.0256195
0.2260000 -24.5506210
0.2270000 19.0942631
0.2280000 -38.1560936
0.2290000 46.5781937
0.2300000 -25.8235016
0.2310000 -8.0079155
0.2320000 -28.2672577
0.2330000 7.0433469
0.2340000 37.9972687
0.2350000 12.2309332
0.2360000 -0.1343786
0.2370000 -17.7331448
0.2380000 26.5031204
0.2390000 2.9222474
0.2400000 -67.1687393
0.2410000 -6.1509132
0.2420000 23.7810631
0.2430000 2.9299016
0.2440000 4.8833776
0.2450000 -70.6886520
0.2460000 30.2944717
0.2470000 -37.8315353
0.2480000 24.4831676
0.2490000 -15.6430426
0.2500000 -27.4861393
0.2510000 -8.1180038
0.2520000 -42.9639664
0.2530000 -27.8748837
0.2540000 44.8301506
0.2550000 -20.0645771
0.2560000 27.2896118
0.2570000 43.3810806
0.2580000 -41.3540535
0.2590000 53.8339882
0.2600000 42.7970848
0.2610000 3.5182090
0.2620000 -28.0043545
0.2630000 9.0933609
0.2640000 53.1142006
0.2650000 28.2895145
0.2660000 -20.2865753
0.2670000 42.0251770
0.2680000 39.5315475
0.2690000 -35.0426216
0.2700000 -37.7526932
0.2710000 7.8088622
0.2720000 44.8616295
0.2730000 44.5728836
0.2740000 -15.8186989
0.2750000 -48.6247444
0.2760000 -61.2784004
0.2770000 -1.7645957
0.2780000 23.0180779
0.2790000 -36.1321449
0.2800000 -2.1983225
0.2810000 -19.5075073
0.2820000 -39.2708626
0.2830000 36.1727600
0.2840000 14.0616426
0.2850000 -34.3519325
0.2860000 -1.5734031
0.2870000 -81.9629135
0.2880000 9.3981075
0.2890000 -18.1344910
0.2900000 -42.7947540
0.2910000 -6.9135857
0.2920000 15.5267534
0.2930000 -11.8935413
0.2940000 7.9311752
0.2950000 12.2621632
0.2960000 27.0618229
0.2970000 5.9420094
0.2980000 -40.5558662
0.2990000 16.1497307
0.3000000 -25.3206749
0.3010000 14.7153749
0.3020000 -15.7630415
0.3030000 40.7714806
0.3040000 40.9684677
0.3050000 26.5316429
0.3060000 -27.3591881
0.3070000 28.5971680
0.3080000 9.6504774
0.3090000 32.5158195
0.3100000 -30.3464565
0.3110000 -2.6113181
0.3120000 49.9371376
0.3130000 -54.0684967
0.3140000 -23.5520344
0.3150000 17.5018253
0.3160000 -9.8608541
0.3170000 -34.1537971
0.3180000 -35.9994087
0.3190000 7.0599251
0.3200000 63.6543121
0.3210000 43.0248947
0.3220000 -59.4491196
0.3230000 -54.7801323
0.3240000 8.3918829
0.3250000 3.0671020
0.3260000 -17.8426495
0.3270000 -13.4446173
0.3280000 28.9930935
0.3290000 -2.4030759
0.3300000 23.5884686
0.3310000 80.8731384
0.3320000 -37.9526978
0.3330000 67.9090271
0.3340000 2.2943826
0.3350000 52.0120468
0.3360000 21.1823235
0.3370000 -37.8726540
0.3380000 24.3910961
0.3390000 7.0048723
0.3400000 -51.0908203
0.3410000 15.6834002
0.3420000 -14.3069658
0.3430000 -56.9115906
0.3440000 6.3790221
0.3450000 -23.5895367
0.3460000 -55.5538635
0.3470000 -5.6542082
0.3480000 -16.7726936
0.3490000 13.9176807
0.3500000 -47.6191978
0.3510000 45.7491951
0.3520000 28.3317890
0.3530000 -13.3173723
0.3540000 -70.2755127
0.3550000 -18.3475571
0.3560000 20.8693886
0.3570000 -18.5442123
0.3580000 -0.2979240
0.3590000 -52.5453415
0.3600000 2.2784290
0.3610000 1.6728653
0.3620000 -18.1980133
0.3630000 45.1951141
0.3640000 -19.6794872
0.3650000 -13.8024931
0.3660000 33.3433914
0.3670000 -10.4714451
0.3680000 -11.3059902
0.3690000 59.0262566
0.3700000 -2.7460539
0.3710000 -37.9915009
0.3720000 -10.3596964
0.3730000 3.6425052
0.3740000 16.4620152
0.3750000 21.0476646
0.3760000 -34.5500183
0.3770000 -13.5144939
0.3780000 -7.8018012
0.3790000 -5.9829750
0.3800000 -6.8597183
0.3810000 4.2349148
0.3820000 -5.9114394
0.3830000 48.1485252
0.3840000 -2.0777168
0.3850000 -26.8143272
0.3860000 -59.1300964
0.3870000 63.8069611
0.3880000 51.9436455
0.3890000 31.1597462
0.3900000 8.9446878
0.3910000 -53.0582924
0.3920000 -2.7215145
0.3930000 30.7126255
0.3940000 -38.7239494
0.3950000 -37.9873314
0.3960000 -31.9537067
0.3970000 6.0491748
0.3980000 73.0674667
0.3990000 11.7758293
0.4000000 31.1517372
0.4010000 -21.9772205
0.4020000 -56.5196648
0.4030000 31.0511551
0.4040000 -48.0376320
0.4050000 -42.9113007
0.4060000 4.1386395
0.4070000 -2.1275234
0.4080000 -14.8678255
0.4090000 -23.9245014
0.4100000 -13.8312540
0.4110000 1.3624836
0.4120000 34.6050072
0.4130000 -33.3249130
0.4140000 -20.8839378
0.4150000 1.2885938
0.4160000 49.8345757
0.4170000 49.9909706
0.4180000 -36.9053879
0.4190000 -0.5146209
0.4200000 -13.5674057
0.4210000 81.8424988
0.4220000 3.6940794
0.4230000 49.3188019
0.4240000 -54.1778908
0.4250000 1.1075273
0.4260000 -40.3525352
0.4270000 -32.6061745
0.4280000 31.9777851
0.4290000 -5.5351920
0.4300000 63.3332481
0.4310000 -10.3807020
0.4320000 68.3741760
0.4330000 -3.2488031
0.4340000 -42.8397713
0.4350000 7.9837837
0.4360000 -37.0101624
0.4370000 42.3601379
0.4380000 18.9899960
0.4390000 -3.3002694
0.4400000 -40.5881996
0.4410000 -57.3285904
0.4420000 -1.4969052
0.4430000 -22.1397800
0.4440000 32.4492073
0.4450000 -93.4441452
0.4460000 9.8929796
0.4470000 16.5922699
0.4480000 -15.1657753
0.4490000 3.0765121
0.4500000 -8.5292873
0.4510000 3.4420955
0.4520000 36.8168869
0.4530000 9.3894644
0.4540000 30.7109909
0.4550000 36.5619316
0.4560000 7.4106569
0.4570000 -40.0167885
0.4580000 63.1467285
0.4590000 19.0949650
0.4600000 16.6735954
0.4610000 -29.0183601
0.4620000 -13.3452816
0.4630000 90.6276321
0.4640000 18.0983791
0.4650000 39.4039268
0.4660000 26.6359921
0.4670000 -62.1948357
0.4680000 40.9066925
0.4690000 31.6595097
0.4700000 2.2261648
0.4710000 -15.7562475
0.4720000 32.3871231
0.4730000 -7.1483040
0.4740000 25.4284286
0.4750000 -29.6818085
0.4760000 26.0696106
0.4770000 -15.1231804
0.4780000 -20.0951672
0.4790000 28.7910995
0.4800000 -34.9127998
0.4810000 50.3020287
0.4820000 -4.9848576
0.4830000 50.2700996
0.4840000 -9.7578745
0.4850000 -22.6438961
0.4860000 -29.8848495
0.4870000 -14.5994205
0.4880000 19.4559307
0.4890000 34.9935226
0.4900000 0.1107528
0.4910000 27.1789246
0.4920000 15.3396206
0.4930000 -3.9070079
0.4940000 0.2056065
0.4950000 -4.1457357
0.4960000 45.6648636
0.4970000 -10.3689375
0.4980000 -15.1750059
0.4990000 19.8813686
0.5000000 -5.8456230
0.5010000 -12.1634483
0.5020000 -7.3568854
0.5030000 21.8180408
0.5040000 31.9121208
0.5050000 29.6504536
0.5060000 17.8071766
0.5070000 47.3565445
0.5080000 11.3365240
0.5090000 8.4956379
0.5100000 -5.0126977
0.5110000 -8.2474709
0.5120000 -54.5447311
0.5130000 -61.0924187
0.5140000 -45.2299347
0.5150000 -29.4370232
0.5160000 91.4525604
0.5170000 14.2086964
0.5180000 -92.3012848
0.5190000 -9.8173780
0.5200000 -7.8798904
0.5210000 30.2744637
0.5220000 35.1112900
0.5230000 22.6337261
0.5240000 -26.7625751
0.5250000 14.0236807
0.5260000 12.2869434
0.5270000 101.7925034
0.5280000 -30.2080517
0.5290000 20.9111233
0.5300000 -13.6971731
0.5310000 1.8444799
0.5320000 -7.0690684
0.5330000 -10.9709797
0.5340000 -31.1534481
0.5350000 -58.9013481
0.5360000 80.4855042
0.5370000 5.8213015
0.5380000 -9.1422911
0.5390000 -46.2695274
0.5400000 50.1483307
0.5410000 29.3046474
0.5420000 3.0942461
0.5430000 -37.1852112
0.5440000 -5.6593642
0.5450000 50.2407913
0.5460000 -5.7985578
0.5470000 -29.7157440
0.5480000 -2.6736231
0.5490000 7.2908306
0.5500000 15.7018261
0.5510000 -3.0956171
0.5520000 5.7214384
0.5530000 -13.5723658
0.5540000 -7.7554927
0.5550000 -14.8828773
0.5560000 55.1121063
0.5570000 7.6318011
0.5580000 -35.0082855
0.5590000 1.2355367
0.5600000 -19.2835274
0.5610000 -32.1544952
0.5620000 -82.8141556
0.5630000 42.5205917
0.5640000 9.3420515
0.5650000 -24.5822887
0.5660000 -35.7183342
0.5670000 -51.8766785
0.5680000 23.9495220
0.5690000 -39.2907867
0.5700000 -22.2341461
0.5710000 -92.5670395
0.5720000 16.0450172
0.5730000 -10.1596737
0.5740000 52.7978630
0.5750000 -38.6678925
0.5760000 -40.5381126
0.5770000 -31.9006996
0.5780000 49.0275116
0.5790000 38.5783577
0.5800000 48.1798248
0.5810000 89.9652405
0.5820000 9.6604595
0.5830000 -28.4744034
0.5840000 8.3783388
0.5850000 -4.0113449
0.5860000 28.0706253
0.5870000 -27.8962307
0.5880000 17.8159828
0.5890000 -12.8007021
0.5900000 12.7593164
0.5910000 1.4832447
0.5920000 12.6492529
0.5930000 29.5332928
0.5940000 -5.2591352
0.5950000 -7.2770958
0.5960000 9.3827209
0.5970000 -11.3805695
0.5980000 38.2573662
0.5990000 39.8417778
0.6000000 -18.1689472
0.6010000 -10.3887730
0.6020000 -7.6257057
0.6030000 20.6130543
0.6040000 0.0354267
0.6050000 -32.0704079
0.6060000 -18.3994827
0.6070000 42.1912117
0.6080000 -24.3695679
0.6090000 -2.2919736
0.6100000 -40.4220314
0.6110000 52.7229538
0.6120000 9.7412710
0.6130000 -15.9527130
0.6140000 -12.0711842
0.6150000 -88.1315002
0.6160000 -63.5156631
0.6170000 12.7461548
0.6180000 47.4263573
0.6190000 -7.2057519
0.6200000 46.6692734
0.6210000 23.5334129
0.6220000 -19.5668907
0.6230000 12.3640690
0.6240000 34.6283569
0.6250000 13.3240767
0.6260000 -6.1683669
0.6270000 -13.7004452
0.6280000 16.9002361
0.6290000 -8.2193604
0.6300000 25.8924713
0.6310000 -50.3935204
0.6320000 13.5172453
0.6330000 -15.9054527
0.6340000 -17.3755474
0.6350000 26.9535751
0.6360000 -44.0231323
0.6370000 22.7116737
0.6380000 -0.2543616
0.6390000 -3.6746514
0.6400000 12.5569248
0.6410000 -60.1816406
0.6420000 -62.2888298
0.6430000 -24.2757874
0.6440000 18.2101421
0.6450000 -87.1556473
0.6460000 37.0273933
0.6470000 -19.2299442
0.6480000 27.9979057
0.6490000 49.7105484
0.6500000 -53.6633339
0.6510000 -14.5688925
0.6520000 21.9451694
0.6530000 72.7668686
0.6540000 -53.5528297
0.6550000 -2.5843863
0.6560000 72.1361465
0.6570000 -14.5796642
0.6580000 11.0470734
0.6590000 -41.9797211
0.6600000 -47.2918968
0.6610000 -53.6220741
0.6620000 -62.3789101
0.6630000 -36.9001465
0.6640000 12.1554661
0.6650000 -25.3877201
0.6660000 13.2291737
0.6670000 102.9756012
0.6680000 -22.3653641
0.6690000 -25.7043781
0.6700000 35.2871819
0.6710000 -9.0392141
0.6720000 -24.6259232
0.6730000 10.4584961
0.6740000 20.3207703
0.6750000 45.4432640
0.6760000 55.9033127
0.6770000 52.5553703
0.6780000 -16.2159977
0.6790000 3.0845599
0.6800000 40.4292221
0.6810000 -41.9651146
0.6820000 2.8840795
0.6830000 70.8245773
0.6840000 -13.1241693
0.6850000 -27.9914570
0.6860000 -1.7674927
0.6870000 -33.1157837
0.6880000 2.4814341
0.6890000 -65.5466614
0.6900000 -36.6328354
0.6910000 7.0377989
0.6920000 8.1694155
0.6930000 23.1214218
0.6940000 5.1955657
0.6950000 32.3403206
0.6960000 -52.6185684
0.6970000 8.5063963
0.6980000 -82.6841736
0.6990000 8.1265583
0.7000000 14.5378065
0.7010000 4.5695381
0.7020000 6.0785890
0.7030000 -25.4771805
0.7040000 3.9384668
0.7050000 -15.1492519
0.7060000 -25.3963261
0.7070000 -8.1842833
0.7080000 -28.3538570
0.7090000 18.6352348
0.7100000 15.2080050
0.7110000 -24.2072372
0.7120000 31.1293411
0.7130000 -25.9727154
0.7140000 17.2788467
0.7150000 48.1555977
0.7160000 31.7473507
0.7170000 6.1217036
0.7180000 -70.0998459
0.7190000 53.4372826
0.7200000 1.4719733
0.7210000 11.6649103
0.7220000 15.0197248
0.7230000 41.7942085
0.7240000 53.5477638
0.7250000 21.3566399
0.7260000 -64.9977798
0.7270000 54.1632004
0.7280000 19.0795441
0.7290000 -23.5494862
0.7300000 12.6308994
0.7310000 -7.5659895
0.7320000 62.9245529
0.7330000 3.9822805
0.7340000 -9.0830517
0.7350000 -75.4747314
0.7360000 -18.2901268
0.7370000 -50.9879456
0.7380000 16.5373135
0.7390000 16.9074364
0.7400000 6.8387561
0.7410000 -29.3006954
0.7420000 29.3374081
0.7430000 39.9412689
0.7440000 18.1714916
0.7450000 85.8885345
0.7460000 -3.1124587
0.7470000 49.1277008
0.7480000 -33.9529228
0.7490000 40.0171089
0.7500000 -58.0417290
0.7510000 0.4149898
0.7520000 -18.5568600
0.7530000 -6.4104738
0.7540000 41.0940208
0.7550000 -23.1124649
0.7560000 -59.7387543
0.7570000 -65.4969788
0.7580000 12.9904003
0.7590000 52.7783279
0.7600000 18.1058502
0.7610000 -51.8888588
0.7620000 -60.0680199
0.7630000 -17.3430996
0.7640000 0.1758491
0.7650000 -25.3707008
0.7660000 -18.9297771
0.7670000 5.5281262
0.7680000 -32.1384354
0.7690000 23.0068607
0.7700000 -0.4079856
0.7710000 -31.7382889
0.7720000 -35.0098000
0.7730000 35.6582413
0.7740000 8.2476940
0.7750000 -2.5084417
0.7760000 -13.0414553
0.7770000 -2.4204471
0.7780000 -6.7420025
0.7790000 43.5247917
0.7800000 17.2884369
0.7810000 -28.2223301
0.7820000 -50.7232208
0.7830000 -9.9669800
0.7840000 -45.0712280
0.7850000 -7.2462192
0.7860000 20.1547966
0.7870000 26.5419273
0.7880000 16.0308685
0.7890000 -16.3083649
0.7900000 -53.9125252
0.7910000 3.9932647
0.7920000 18.2595005
0.7930000 29.6894684
0.7940000 -13.0619087
0.7950000 -29.5937309
0.7960000 -25.5772457
0.7970000 -14.3933001
0.7980000 -57.6407547
0.7990000 -73.9340134
0.8000000 -13.3999262
0.8010000 -20.0386295
0.8020000 -5.2032876
0.8030000 -72.7923965
0.8040000 17.8633938
0.8050000 17.4576912
0.8060000 -6.5854821
0.8070000 -73.8594055
0.8080000 -22.0650063
0.8090000 -81.5390778
0.8100000 41.5355644
0.8110000 25.0363560
0.8120000 -17.3260708
0.8130000 28.6558666
0.8140000 64.7028961
0.8150000 22.5918217
0.8160000 -22.2948456
0.8170000 46.9876480
0.8180000 -62.8217430
0.8190000 -7.7415805
0.8200000 3.7689579
0.8210000 -0.0443729
0.8220000 18.1054420
0.8230000 55.8385811
0.8240000 9.3012743
0.8250000 -22.7574215
0.8260000 12.5555296
0.8270000 14.5713720
0.8280000 77.7007980
0.8290000 0.4203421
0.8300000 37.0857887
0.8310000 22.4664154
0.8320000 -49.9599266
0.8330000 -40.4298935
0.8340000 28.1874676
0.8350000 -42.9826355
0.8360000 -5.7565274
0.8370000 -7.9728599
0.8380000 -0.6504768
0.8390000 -23.4639702
0.8400000 19.5720863
0.8410000 9.3002892
0.8420000 7.1227155
0.8430000 4.1397963
0.8440000 -71.6852493
0.8450000 -23.0262489
0.8460000 20.2355003
0.8470000 -3.2026780
0.8480000 31.8156528
0.8490000 -17.2987976
0.8500000 -21.3444958
0.8510000 26.2459278
0.8520000 -0.5775255
0.8530000 8.4914303
0.8540000 -28.8308048
0.8550000 -17.6512794
0.8560000 1.2429183
0.8570000 11.5584946
0.8580000 -12.3097973
0.8590000 -1.5936049
0.8600000 10.2104301
0.8610000 -2.5784423
0.8620000 -3.2313626
0.8630000 -33.3180046
0.8640000 14.6075888
0.8650000 24.3534794
0.8660000 -1.5614760
0.8670000 5.4692740
0.8680000 -49.9577942
0.8690000 -11.6691751
0.8700000 -31.6459599
0.8710000 0.2477745
0.8720000 -17.7560368
0.8730000 12.1676388
0.8740000 -22.1633339
0.8750000 -29.3635654
0.8760000 1.3595719
0.8770000 49.9794044
0.8780000 -16.8107529
0.8790000 -16.7284985
0.8800000 -23.8543606
0.8810000 53.1366310
0.8820000 -15.2285900
0.8830000 -42.3518639
0.8840000 17.7739735
0.8850000 -4.5852308
0.8860000 -0.0473604
0.8870000 5.6399927
0.8880000 -56.4570236
0.8890000 75.3282623
0.8900000 -69.2908173
0.8910000 -29.7362499
0.8920000 -37.1502609
0.8930000 51.7047119
0.8940000 -38.2503929
0.8950000 -49.1825485
0.8960000 40.1326752
0.8970000 29.2743454
0.8980000 15.9378052
0.8990000 13.4348450
0.9000000 -36.4276390
0.9010000 -9.4728794
0.9020000 16.2292747
0.9030000 1.3375652
0.9040000 -43.2178535
0.9050000 -24.5050716
0.9060000 2.7094526
0.9070000 -10.3612251
0.9080000 -18.8435650
0.9090000 29.9643402
0.9100000 29.4523754
0.9110000 17.6231441
0.9120000 54.5375023
0.9130000 14.8342180
0.9140000 -20.1914921
0.9150000 5.0912347
0.9160000 -22.0916290
0.9170000 18.3691692
0.9180000 18.3163509
0.9190000 17.2018929
0.9200000 12.1951675
0.9210000 26.2149277
0.9220000 52.0238533
0.9230000 -13.2518711
0.9240000 62.1193542
0.9250000 -14.8401241
0.9260000 -16.1193676
0.9270000 -30.1656666
0.9280000 62.0345612
0.9290000 28.6403217
0.9300000 -34.6249504
0.9310000 21.2056236
0.9320000 -17.2966328
0.9330000 -9.0363684
0.9340000 18.5705528
0.9350000 46.7133179
0.9360000 -15.9646997
0.9370000 -59.5694008
0.9380000 43.9186325
0.9390000 37.6444511
0.9400000 27.4324951
0.9410000 56.6518021
0.9420000 -39.7136192
0.9430000 12.6245956
0.9440000 52.5614929
0.9450000 -0.5454404
0.9460000 51.6295357
0.9470000 -5.4378743
0.9480000 -46.4675446
0.9490000 19.2019157
0.9500000 37.8853149
0.9510000 -5.5631132
0.9520000 35.3135452
0.9530000 -62.4531212
0.9540000 -7.0104008
0.9550000 -15.8604641
0.9560000 -71.3362503
0.9570000 -42.1039124
0.9580000 73.8372955
0.9590000 -6.0387430
0.9600000 9.6583910
0.9610000 28.7642803
0.9620000 7.0655065
0.9630000 46.8623161
0.9640000 12.2339163
0.9650000 17.3563824
0.9660000 30.0590515
0.9670000 -14.4006615
0.9680000 -23.3160915
0.9690000 16.8905258
0.9700000 -3.2166088
0.9710000 32.3529205
0.9720000 12.1070929
0.9730000 34.0605164
0.9740000 -27.5265484
0.9750000 4.5267792
0.9760000 47.7452774
0.9770000 -4.3200445
0.9780000 19.2143135
0.9790000 -60.3043709
0.9800000 -56.5744667
0.9810000 11.0878286
0.9820000 23.6693954
0.9830000 -20.1534367
0.9840000 -14.9621134
0.9850000 -30.6326160
0.9860000 -0.3260514
0.9870000 -23.8721199
0.9880000 18.9613018
0.9890000 -25.9038849
0.9900000 -14.3034325
0.9910000 61.3995171
0.9920000 14.8947525
0.9930000 -70.4773636
0.9940000 -3.4731803
0.9950000 23.0111313
0.9960000 -24.2435150
0.9970000 -26.5880680
0.9980000 72.8930283
0.9990000 12.9195843
