0.0000000 -24.0254917
0.0010000 14.7908392
0.0020000 88.8035660
0.0030000 -5.7662649
0.0040000 -72.9822388
0.0050000 27.1774387
0.0060000 -11.2404442
0.0070000 -14.4022226
0.0080000 -51.6644936
0.0090000 -67.5524597
0.0100000 -30.2065639
0.0110000 6.1653433
0.0120000 -19.2340622
0.0130000 -8.5780058
0.0140000 11.7208042
0.0150000 47.9632301
0.0160000 19.3408070
0.0170000 58.3772812
0.0180000 -56.2497826
0.0190000 11.7237682
0.0200000 -25.8643017
0.0210000 36.3213234
0.0220000 -21.6424294
0.0230000 18.5572109
0.0240000 4.8926044
0.0250000 23.5539455
0.0260000 2.1290627
0.0270000 -29.1259022
0.0280000 -25.8672142
0.0290000 -14.8775711
0.0300000 10.3153000
0.0310000 58.3718147
0.0320000 16.8948193
0.0330000 15.2733812
0.0340000 -33.3523140
0.0350000 -36.5312881
0.0360000 1.1392682
0.0370000 -10.7351627
0.0380000 -2.0148847
0.0390000 8.9242496
0.0400000 78.7232437
0.0410000 -11.6665754
0.0420000 19.0556622
0.0430000 39.7126579
0.0440000 -60.4865952
0.0450000 -64.2051086
0.0460000 42.6756134
0.0470000 -19.9929447
0.0480000 -86.2979584
0.0490000 33.1496964
0.0500000 88.1420212
0.0510000 -14.3741503
0.0520000 7.2004094
0.0530000 -25.5223713
0.0540000 26.1760731
0.0550000 -39.9995766
0.0560000 62.0734444
0.0570000 -2.8260283
0.0580000 40.2318268
0.0590000 -62.1921120
0.0600000 -47.0962219
0.0610000 -26.8176022
0.0620000 25.3419838
0.0630000 -29.9062004
0.0640000 7.9595442
0.0650000 14.6938066
0.0660000 -7.6328154
0.0670000 -30.2493591
0.0680000 71.6883163
0.0690000 -15.0532904
0.0700000 -55.7273636
0.0710000 -19.1484261
0.0720000 26.6820526
0.0730000 45.2386513
0.0740000 -34.7877846
0.0750000 16.3235397
0.0760000 -28.4040451
0.0770000 -75.2929688
0.0780000 14.6752510
0.0790000 59.2212219
0.0800000 -50.0304031
0.0810000 -80.0690918
0.0820000 -36.7690659
0.0830000 61.1687546
0.0840000 69.8653717
0.0850000 -27.4643669
0.0860000 19.4719162
0.0870000 -10.4752483
0.0880000 16.1261921
0.0890000 -47.4523926
0.0900000 -46.9446182
0.0910000 27.7153950
0.0920000 43.9319992
0.0930000 -66.9058609
0.0940000 -26.4331799
0.0950000 -53.4411850
0.0960000 2.9476235
0.0970000 38.5242882
0.0980000 0.3319400
0.0990000 31.5476894
0.1000000 41.8154068
0.1010000 -15.2448721
0.1020000 -28.5454941
0.1030000 11.5244427
0.1040000 18.8603516
0.1050000 -40.2520828
0.1060000 -40.8352203
0.1070000 -34.2382812
0.1080000 32.2468033
0.1090000 -36.0679970
0.1100000 -35.6338120
0.1110000 26.3248577
0.1120000 64.0523453
0.1130000 -5.1182022
0.1140000 50.8660011
0.1150000 -45.9927139
0.1160000 -12.9515285
0.1170000 -82.5375366
0.1180000 22.5379333
0.1190000 16.8603802
0.1200000 -12.5863476
0.1210000 46.9512482
0.1220000 -24.9510937
0.1230000 -25.3396301
0.1240000 18.2898273
0.1250000 -6.3018847
0.1260000 5.1772041
0.1270000 23.3002453
0.1280000 -14.7224522
0.1290000 9.3286076
0.1300000 -7.3523579
0.1310000 5.6513987
0.1320000 36.0007362
0.1330000 -23.5600529
0.1340000 39.9995308
0.1350000 12.4676895
0.1360000 -14.1709251
0.1370000 4.8690157
0.1380000 0.0608275
0.1390000 -15.7195492
0.1400000 30.0532475
0.1410000 38.5042992
0.1420000 41.9177856
0.1430000 -4.7397261
0.1440000 36.8623009
0.1450000 6.9660406
0.1460000 -34.1831589
0.1470000 32.5811462
0.1480000 -14.9266558
0.1490000 23.7214451
0.1500000 -14.1024075
0.1510000 -3.3946669
0.1520000 4.9685354
0.1530000 -25.6004200
0.1540000 -28.0363140
0.1550000 60.5504494
0.1560000 56.1002083
0.1570000 -29.8427505
0.1580000 -61.1716080
0.1590000 -111.9150238
0.1600000 17.8283272
0.1610000 27.4655304
0.1620000 -61.0262413
0.1630000 -17.9169827
0.1640000 -5.6586843
0.1650000 -14.7533779
0.1660000 11.1741838
0.1670000 -4.1532688
0.1680000 0.9765156
0.1690000 54.4679375
0.1700000 28.3686790
0.1710000 11.1970968
0.1720000 -13.6325531
0.1730000 28.7802296
0.1740000 -42.9745255
0.1750000 88.7596054
0.1760000 -38.6448593
0.1770000 -21.9309025
0.1780000 45.5457764
0.1790000 -18.1027927
0.1800000 78.9706955
0.1810000 9.3059006
0.1820000 27.8993893
0.1830000 -5.0059648
0.1840000 -2.5846539
0.1850000 -16.2546101
0.1860000 -60.1208649
0.1870000 39.2976494
0.1880000 -5.8691235
0.1890000 3.5481741
0.1900000 -3.4356389
0.1910000 -49.4909058
0.1920000 19.7678280
0.1930000 -24.6439056
0.1940000 -8.9162436
0.1950000 36.6496773
0.1960000 -49.9942360
0.1970000 47.6312218
0.1980000 -39.8178444
0.1990000 -30.3696175
0.2000000 -18.2150135
0.2010000 -18.2951813
0.2020000 50.3471832
0.2030000 8.6221457
0.2040000 -15.5286732
0.2050000 31.1565037
0.2060000 -26.6758080
0.2070000 -25.6543274
0.2080000 24.0127926
0.2090000 -14.8759995
0.2100000 -62.4110756
0.2110000 -50.4285965
0.2120000 54.8063698
0.2130000 24.2406940
0.2140000 -21.1458988
0.2150000 -13.8771162
0.2160000 -18.5201168
0.2170000 27.4709015
0.2180000 -61.4025612
0.2190000 -13.1652460
0.2200000 -29.1554070
0.2210000 103.7378464
0.2220000 37.1953583
0.2230000 5.1816692
0.2240000 10.1676579
0.2250000 -1.8674023
0.2260000 17.0443592
0.2270000 80.3549805
0.2280000 -74.4345551
0.2290000 82.0147324
0.2300000 41.1094971
0.2310000 -2.3852937
0.2320000 82.2011948
0.2330000 20.1100216
0.2340000 26.4921207
0.2350000 -16.3627415
0.2360000 11.9923239
0.2370000 -48.2758102
0.2380000 -1.2344928
0.2390000 -10.4672184
0.2400000 18.2325077
0.2410000 -55.3707809
0.2420000 35.6088943
0.2430000 -82.7621841
0.2440000 -3.5412886
0.2450000 44.2662811
0.2460000 -2.9510720
0.2470000 91.0215912
0.2480000 -78.9935989
0.2490000 24.5194931
0.2500000 -2.6626248
0.2510000 10.1024284
0.2520000 -47.7938690
0.2530000 -1.9869790
0.2540000 -2.2352514
0.2550000 -37.4780807
0.2560000 37.0467300
0.2570000 -88.6174622
0.2580000 -56.7751579
0.2590000 33.3507347
0.2600000 66.1775055
0.2610000 79.2287598
0.2620000 29.8164177
0.2630000 -28.4459057
0.2640000 24.6183987
0.2650000 4.6787624
0.2660000 -25.3340130
0.2670000 -2.1102843
0.2680000 -76.6082840
0.2690000 11.2254333
0.2700000 24.5790176
0.2710000 -1.9272932
0.2720000 11.6498327
0.2730000 -10.9809628
0.2740000 1.1282851
0.2750000 -17.2174931
0.2760000 58.0780678
0.2770000 40.0096321
0.2780000 25.9934120
0.2790000 -4.6094236
0.2800000 17.1502590
0.2810000 -6.7505331
0.2820000 -7.7827168
0.2830000 91.3502045
0.2840000 26.3052692
0.2850000 -12.3582039
0.2860000 26.8329391
0.2870000 -21.3414993
0.2880000 54.2297325
0.2890000 -7.4927526
0.2900000 11.9055204
0.2910000 16.7329445
0.2920000 -31.0993462
0.2930000 43.7579842
0.2940000 4.7614765
0.2950000 28.5041962
0.2960000 20.6419468
0.2970000 7.9515247
0.2980000 4.6076264
0.2990000 -76.3335419
0.3000000 14.1978388
0.3010000 -78.6894836
0.3020000 20.5082951
0.3030000 -12.3677702
0.3040000 -47.9621544
0.3050000 0.7255522
0.3060000 24.1579399
0.3070000 -15.6447306
0.3080000 25.7130356
0.3090000 -30.4126682
0.3100000 -62.8979530
0.3110000 28.7908573
0.3120000 -0.6153835
0.3130000 -1.3960545
0.3140000 43.1357765
0.3150000 49.3587265
0.3160000 -39.2957344
0.3170000 -14.0626411
0.3180000 -31.9495773
0.3190000 12.0627594
0.3200000 -16.1997147
0.3210000 15.7352333
0.3220000 -52.8231506
0.3230000 22.1191883
0.3240000 -8.1714497
0.3250000 -82.8294144
0.3260000 22.9631367
0.3270000 94.6780853
0.3280000 -54.9774208
0.3290000 12.6842709
0.3300000 41.7334976
0.3310000 -48.6428108
0.3320000 -38.2223625
0.3330000 4.1260962
0.3340000 2.3951077
0.3350000 53.2363701
0.3360000 -10.9680996
0.3370000 38.7978821
0.3380000 16.9525108
0.3390000 -30.9234486
0.3400000 22.4528122
0.3410000 16.5530281
0.3420000 -25.1233368
0.3430000 -33.8362732
0.3440000 23.4031048
0.3450000 -9.0379868
0.3460000 -8.7705479
0.3470000 42.6242714
0.3480000 7.6492758
0.3490000 -1.9732432
0.3500000 -44.7466736
0.3510000 -44.9181938
0.3520000 19.3164692
0.3530000 -41.7634888
0.3540000 -18.5000935
0.3550000 0.8972615
0.3560000 -2.6853952
0.3570000 -35.0702248
0.3580000 6.4341950
0.3590000 -44.9128990
0.3600000 -12.4046917
0.3610000 -49.8238029
0.3620000 10.0537062
0.3630000 -57.9028435
0.3640000 -29.3499317
0.3650000 33.3912239
0.3660000 13.2214298
0.3670000 -38.7097435
0.3680000 46.5426331
0.3690000 -40.1144905
0.3700000 55.7746124
0.3710000 -10.5325880
0.3720000 3.7116029
0.3730000 -50.6405144
0.3740000 -5.1564379
0.3750000 19.6403618
0.3760000 8.0160894
0.3770000 -31.3676090
0.3780000 -62.0693054
0.3790000 -80.8304596
0.3800000 -6.4112468
0.3810000 29.4190178
0.3820000 54.5870934
0.3830000 -39.0550575
0.3840000 -22.5902138
0.3850000 -57.6042824
0.3860000 34.4998093
0.3870000 2.8705676
0.3880000 18.8001137
0.3890000 -29.8849087
0.3900000 -41.9154320
0.3910000 4.1483479
0.3920000 -30.3437519
0.3930000 47.3374214
0.3940000 -46.0524864
0.3950000 50.8981895
0.3960000 -60.8178291
0.3970000 13.1414223
0.3980000 4.7045727
0.3990000 20.8441792
0.4000000 -19.9385529
0.4010000 -27.9489880
0.4020000 2.0484960
0.4030000 -5.9641390
0.4040000 -22.3491459
0.4050000 -4.1003261
0.4060000 87.1419830
0.4070000 12.3164911
0.4080000 18.3821735
0.4090000 39.1248436
0.4100000 -0.2763020
0.4110000 -5.8874521
0.4120000 -21.4725647
0.4130000 21.9975700
0.4140000 22.4176350
0.4150000 4.1824036
0.4160000 -13.9436445
0.4170000 -33.2086983
0.4180000 49.7254143
0.4190000 6.3727846
0.4200000 -31.2068882
0.4210000 -29.2875614
0.4220000 -0.1615119
0.4230000 8.7945366
0.4240000 -18.9751740
0.4250000 87.2536469
0.4260000 42.9566116
0.4270000 -14.6554356
0.4280000 -13.5247040
0.4290000 -48.2689476
0.4300000 -35.3305244
0.4310000 -28.1349411
0.4320000 -12.5058517
0.4330000 15.8716373
0.4340000 -15.5693426
0.4350000 -20.8153725
0.4360000 24.4190521
0.4370000 -46.5765648
0.4380000 58.9751816
0.4390000 8.9048758
0.4400000 11.5144739
0.4410000 -38.3533592
0.4420000 -34.7182617
0.4430000 -39.7129517
0.4440000 -7.1896586
0.4450000 2.1205733
0.4460000 -51.9555092
0.4470000 6.5439019
0.4480000 -8.4973202
0.4490000 55.8292999
0.4500000 20.4030743
0.4510000 1.4671621
0.4520000 -2.0445957
0.4530000 -32.0344162
0.4540000 48.5330658
0.4550000 78.6972656
0.4560000 -49.5854340
0.4570000 56.5488625
0.4580000 -35.4257812
0.4590000 29.6750221
0.4600000 41.2912521
0.4610000 -41.0598030
0.4620000 -35.0679321
0.4630000 24.1182728
0.4640000 -55.1317329
0.4650000 -7.6990933
0.4660000 10.6134167
0.4670000 4.8303990
0.4680000 -30.1531391
0.4690000 22.7229118
0.4700000 -34.3249741
0.4710000 -4.8126893
0.4720000 -60.9960976
0.4730000 -5.7237296
0.4740000 -42.2997780
0.4750000 18.5081024
0.4760000 36.2007637
0.4770000 5.6237726
0.4780000 -10.1812019
0.4790000 56.1970596
0.4800000 -33.6469116
0.4810000 -0.8023805
0.4820000 47.5080223
0.4830000 5.2947187
0.4840000 9.8432074
0.4850000 7.0096545
0.4860000 53.9841194
0.4870000 -36.4147377
0.4880000 31.5729713
0.4890000 1.5292035
0.4900000 25.5398788
0.4910000 5.4143014
0.4920000 42.6900940
0.4930000 24.3831177
0.4940000 -46.8053970
0.4950000 5.4098172
0.4960000 9.9590330
0.4970000 -63.0185738
0.4980000 -26.4330425
0.4990000 23.4627171
0.5000000 -17.1911831
0.5010000 4.8899403
0.5020000 22.2048035
0.5030000 -16.5794907
0.5040000 -37.1525497
0.5050000 100.5433502
0.5060000 -15.5463648
0.5070000 -8.5465631
0.5080000 -0.7482225
0.5090000 45.5051918
0.5100000 -46.7451515
0.5110000 38.6427536
0.5120000 -3.8345160
0.5130000 -14.8676634
0.5140000 -2.5010378
0.5150000 -24.0862694
0.5160000 5.7994804
0.5170000 -3.5499361
0.5180000 -3.6436484
0.5190000 -39.1383896
0.5200000 -29.3079109
0.5210000 -1.4166243
0.5220000 -30.5560608
0.5230000 -36.4313393
0.5240000 -79.9992218
0.5250000 75.3783875
0.5260000 -39.0507622
0.5270000 10.7503881
0.5280000 54.5337029
0.5290000 -36.1911354
0.5300000 -29.6580791
0.5310000 -38.8939056
0.5320000 25.6752930
0.5330000 -57.3851357
0.5340000 35.3948631
0.5350000 48.4598732
0.5360000 18.3435593
0.5370000 -37.2170830
0.5380000 -27.2947330
0.5390000 -21.5038834
0.5400000 27.5736618
0.5410000 27.4334488
0.5420000 5.7376642
0.5430000 -56.3359985
0.5440000 48.9252777
0.5450000 22.6126766
0.5460000 50.8654060
0.5470000 10.7747355
0.5480000 -74.8705215
0.5490000 28.7290745
0.5500000 6.6397572
0.5510000 43.4717178
0.5520000 38.0174026
0.5530000 1.7047169
0.5540000 -2.8923271
0.5550000 27.8350658
0.5560000 -35.0262718
0.5570000 -5.1212974
0.5580000 -0.9440908
0.5590000 -10.5913515
0.5600000 -14.0630045
0.5610000 1.3102307
0.5620000 54.1925888
0.5630000 -8.0111551
0.5640000 -5.1467366
0.5650000 40.2934494
0.5660000 47.5413017
0.5670000 15.1084375
0.5680000 62.9507637
0.5690000 18.1534004
0.5700000 -42.1030655
0.5710000 41.7881927
0.5720000 22.3428097
0.5730000 -2.0085454
0.5740000 3.3409066
0.5750000 50.2542419
0.5760000 -55.3200645
0.5770000 91.7748871
0.5780000 37.6847305
0.5790000 -71.7303467
0.5800000 33.8265190
0.5810000 -52.9153023
0.5820000 121.7424011
0.5830000 8.1971436
0.5840000 -28.3407879
0.5850000 -14.3361406
0.5860000 -11.0121088
0.5870000 -43.2899094
0.5880000 18.4654903
0.5890000 -37.9376907
0.5900000 58.2540092
0.5910000 47.5223045
0.5920000 -2.1149352
0.5930000 -12.8931732
0.5940000 -20.4000282
0.5950000 -20.8454533
0.5960000 -72.4976807
0.5970000 -34.1661720
0.5980000 39.0245438
0.5990000 16.0939274
0.6000000 -63.7046967
0.6010000 7.5516672
0.6020000 -81.4342957
0.6030000 12.4377213
0.6040000 -24.2827206
0.6050000 -46.1627922
0.6060000 -4.9106712
0.6070000 3.9741471
0.6080000 44.7964668
0.6090000 30.8145828
0.6100000 64.6185074
0.6110000 37.9502602
0.6120000 6.9686103
0.6130000 15.5379734
0.6140000 -54.9061623
0.6150000 41.9649849
0.6160000 26.2672501
0.6170000 -64.3502655
0.6180000 19.4891071
0.6190000 -34.4258385
0.6200000 8.0935764
0.6210000 -15.0080719
0.6220000 21.9955425
0.6230000 33.9842720
0.6240000 -46.3542938
0.6250000 -14.3585711
0.6260000 59.2979469
0.6270000 63.0551567
0.6280000 5.9949560
0.6290000 31.7220440
0.6300000 -10.1030054
0.6310000 50.1141548
0.6320000 11.4604893
0.6330000 3.3925304
0.6340000 -46.0252724
0.6350000 8.0011835
0.6360000 -38.5999184
0.6370000 2.3946481
0.6380000 -28.8024807
0.6390000 17.4444199
0.6400000 5.5669751
0.6410000 14.4680090
0.6420000 46.1832809
0.6430000 -35.8426743
0.6440000 6.0846124
0.6450000 -1.1068023
0.6460000 27.3671265
0.6470000 27.2429237
0.6480000 -61.3621902
0.6490000 60.0428810
0.6500000 1.7975395
0.6510000 -86.3797607
0.6520000 7.4442611
0.6530000 12.3613472
0.6540000 -1.1738119
0.6550000 -43.5785217
0.6560000 -37.6504364
0.6570000 -55.5095940
0.6580000 41.2540550
0.6590000 -10.9768877
0.6600000 7.2499752
0.6610000 28.8339691
0.6620000 -14.5509796
0.6630000 9.6119947
0.6640000 -95.4930344
0.6650000 65.4541473
0.6660000 -35.2187653
0.6670000 -30.2897644
0.6680000 1.2486922
0.6690000 13.5521116
0.6700000 -36.8781891
0.6710000 54.9684029
0.6720000 11.8230000
0.6730000 19.0710278
0.6740000 10.2784643
0.6750000 2.3458726
0.6760000 13.3007669
0.6770000 4.8744841
0.6780000 -3.5244200
0.6790000 50.9102936
0.6800000 -5.2784667
0.6810000 38.6866074
0.6820000 1.4759367
0.6830000 -42.2219162
0.6840000 -21.9061050
0.6850000 12.5370150
0.6860000 29.0185547
0.6870000 47.5641136
0.6880000 -29.8431492
0.6890000 49.2012825
0.6900000 22.7359104
0.6910000 -52.0065460
0.6920000 9.0931034
0.6930000 8.0813303
0.6940000 -24.1071186
0.6950000 -23.4974842
0.6960000 37.9087524
0.6970000 -23.7812481
0.6980000 -25.1746979
0.6990000 12.5268536
0.7000000 36.7279701
0.7010000 -7.0260730
0.7020000 45.4912109
0.7030000 2.1020811
0.7040000 37.4919395
0.7050000 0.7183610
0.7060000 27.0275345
0.7070000 39.7291565
0.7080000 1.6514587
0.7090000 25.3796062
0.7100000 32.4278564
0.7110000 48.5295715
0.7120000 26.6501465
0.7130000 54.0612984
0.7140000 -29.8612137
0.7150000 4.8542829
0.7160000 -36.8297691
0.7170000 -23.7304573
0.7180000 -6.0541272
0.7190000 -1.6345173
0.7200000 2.7400668
0.7210000 33.9491997
0.7220000 -85.9853897
0.7230000 -63.2035522
0.7240000 16.4003773
0.7250000 41.0337906
0.7260000 -5.0183306
0.7270000 1.1426258
0.7280000 12.3556356
0.7290000 -26.0793266
0.7300000 -72.2357788
0.7310000 42.9059601
0.7320000 -52.5615768
0.7330000 15.6817913
0.7340000 64.9116821
0.7350000 -20.2890053
0.7360000 41.1785431
0.7370000 -13.0921974
0.7380000 -27.3223877
0.7390000 -36.8349953
0.7400000 -12.9935694
0.7410000 -17.7881813
0.7420000 75.3363342
0.7430000 0.3623310
0.7440000 67.7168121
0.7450000 -5.3718047
0.7460000 -25.8164406
0.7470000 -18.1788635
0.7480000 -12.8895626
0.7490000 -37.5866508
0.7500000 27.6100101
0.7510000 6.9525700
0.7520000 23.8773670
0.7530000 -15.5815306
0.7540000 90.5612411
0.7550000 19.2511139
0.7560000 -77.9868164
0.7570000 2.1752784
0.7580000 -26.8085766
0.7590000 -70.6482697
0.7600000 -16.8168068
0.7610000 52.6610680
0.7620000 -23.0317535
0.7630000 23.1321888
0.7640000 -6.5534611
0.7650000 43.5529480
0.7660000 -30.5956326
0.7670000 11.0353622
0.7680000 -36.3583069
0.7690000 -31.5107174
0.7700000 -79.4705963
0.7710000 -15.4374084
0.7720000 -55.8198853
0.7730000 2.2463200
0.7740000 -8.8316164
0.7750000 38.6139145
0.7760000 -52.8674049
0.7770000 -24.5421848
0.7780000 34.1764374
0.7790000 -20.1604633
0.7800000 -58.9218636
0.7810000 -20.8710022
0.7820000 23.0938187
0.7830000 21.5074940
0.7840000 -13.8389482
0.7850000 3.5079513
0.7860000 -44.9867554
0.7870000 -83.9560089
0.7880000 71.7793808
0.7890000 -20.7645264
0.7900000 38.0093307
0.7910000 8.0856962
0.7920000 -18.7168694
0.7930000 10.6673136
0.7940000 -31.7409611
0.7950000 21.7627239
0.7960000 -7.2039886
0.7970000 -16.8374672
0.7980000 -20.5159073
0.7990000 -23.4186954
0.8000000 -44.6677589
0.8010000 -43.2561302
0.8020000 20.4188061
0.8030000 73.9907913
0.8040000 13.3524208
0.8050000 14.9446793
0.8060000 -0.2450261
0.8070000 -3.6798942
0.8080000 -1.7551879
0.8090000 -2.1923199
0.8100000 1.8827448
0.8110000 -4.6755400
0.8120000 63.8591385
0.8130000 8.8379326
0.8140000 -14.2740889
0.8150000 28.6986294
0.8160000 24.4881382
0.8170000 20.3832626
0.8180000 -13.0339680
0.8190000 -40.5628929
0.8200000 -41.4695091
0.8210000 -0.8699000
0.8220000 38.5697708
0.8230000 44.8750305
0.8240000 21.2685089
0.8250000 -10.1292381
0.8260000 -33.7115326
0.8270000 -3.5200512
0.8280000 -3.3097944
0.8290000 20.8508968
0.8300000 -37.0736084
0.8310000 -30.9934158
0.8320000 62.0464859
0.8330000 8.8050356
0.8340000 -5.2679653
0.8350000 46.9665604
0.8360000 7.6976190
0.8370000 -40.0187912
0.8380000 -0.8220909
0.8390000 40.5326500
0.8400000 5.8725138
0.8410000 -36.7031250
0.8420000 -0.5947114
0.8430000 -20.6392803
0.8440000 -1.0097007
0.8450000 38.3446388
0.8460000 22.8816452
0.8470000 63.0330429
0.8480000 53.3730888
0.8490000 14.0691109
0.8500000 -18.6077328
0.8510000 -15.8155146
0.8520000 -22.9767570
0.8530000 -39.4818001
0.8540000 19.5777435
0.8550000 -10.8040390
0.8560000 -36.0406380
0.8570000 21.2038422
0.8580000 -15.9257946
0.8590000 11.4800301
0.8600000 -25.5486145
0.8610000 -70.8505096
0.8620000 38.8338127
0.8630000 -0.8837854
0.8640000 -49.5468102
0.8650000 45.1352654
0.8660000 6.7983770
0.8670000 68.2378998
0.8680000 -41.8454933
0.8690000 -77.0844498
0.8700000 -4.5139337
0.8710000 39.6775246
0.8720000 -15.8472271
0.8730000 -41.0006828
0.8740000 -33.8771629
0.8750000 -30.7254601
0.8760000 -8.5840435
0.8770000 -15.1401501
0.8780000 -7.2901506
0.8790000 9.5852633
0.8800000 -57.9394493
0.8810000 -47.6327477
0.8820000 6.6576157
0.8830000 -32.3542328
0.8840000 12.8624525
0.8850000 28.2897491
0.8860000 -13.2096672
0.8870000 -12.3324175
0.8880000 -2.1286325
0.8890000 10.0668774
0.8900000 -10.5318050
0.8910000 17.5951004
0.8920000 -3.0702224
0.8930000 -23.3667564
0.8940000 -24.3739891
0.8950000 64.5362778
0.8960000 -28.6565628
0.8970000 -120.8044968
0.8980000 41.9259071
0.8990000 12.4255648
0.9000000 4.3791208
0.9010000 -11.8035402
0.9020000 20.3984623
0.9030000 19.2161007
0.9040000 -20.3504601
0.9050000 44.9408760
0.9060000 24.7514477
0.9070000 7.9659753
0.9080000 46.6024437
0.9090000 40.7060089
0.9100000 -19.6498184
0.9110000 -58.6473846
0.9120000 64.9205399
0.9130000 9.3337317
0.9140000 -8.7167816
0.9150000 58.6529846
0.9160000 -5.8565984
0.9170000 27.7159424
0.9180000 -29.9385014
0.9190000 1.2502490
0.9200000 -25.5336761
0.9210000 25.1229458
0.9220000 19.8598270
0.9230000 -29.6699409
0.9240000 6.3622198
0.9250000 48.1475029
0.9260000 -50.9534645
0.9270000 8.2788754
0.9280000 -9.3847046
0.9290000 6.3333030
0.9300000 19.4682579
0.9310000 1.2833310
0.9320000 -44.8318825
0.9330000 -14.3606672
0.9340000 52.6069717
0.9350000 44.7016411
0.9360000 21.0487785
0.9370000 -10.5734873
0.9380000 -30.6027260
0.9390000 12.6714058
0.9400000 -41.2448349
0.9410000 3.1731074
0.9420000 0.0791427
0.9430000 -30.4276142
0.9440000 -10.9790144
0.9450000 43.9082222
0.9460000 45.5774727
0.9470000 -7.2273469
0.9480000 36.8712921
0.9490000 -13.5430822
0.9500000 -12.0406055
0.9510000 -32.2012901
0.9520000 22.3647594
0.9530000 84.1822815
0.9540000 -19.7826424
0.9550000 -27.9643497
0.9560000 65.9069977
0.9570000 -32.2734604
0.9580000 -39.2459183
0.9590000 61.6234932
0.9600000 30.9748459
0.9610000 -13.7142973
0.9620000 -10.6754761
0.9630000 8.7662277
0.9640000 -39.7395973
0.9650000 31.0611439
0.9660000 -50.1214256
0.9670000 -12.7765779
0.9680000 13.0020161
0.9690000 -1.8599601
0.9700000 -84.3977966
0.9710000 -47.1202431
0.9720000 -52.4686546
0.9730000 -101.1222916
0.9740000 44.7025566
0.9750000 10.0949173
0.9760000 -8.7056503
0.9770000 28.0614700
0.9780000 -25.9050579
0.9790000 -35.1703300
0.9800000 9.7628069
0.9810000 27.2025795
0.9820000 -49.9898262
0.9830000 54.7626114
0.9840000 20.5388222
0.9850000 -17.4476109
0.9860000 -60.3864670
0.9870000 -19.4769421
0.9880000 -3.0431249
0.9890000 -6.8859143
0.9900000 -11.6101093
0.9910000 2.6572526
0.9920000 -27.7416172
0.9930000 -70.0886002
0.9940000 -16.2129440
0.9950000 -38.2321892
0.9960000 22.9710598
0.9970000 -16.9244766
0.9980000 -80.2697830
0.9990000 13.2621202
