0.0000000 -26.4801292
0.0010000 -9.5951614
0.0020000 4.8725338
0.0030000 19.5620079
0.0040000 -19.9113827
0.0050000 -24.4337330
0.0060000 53.7910614
0.0070000 22.4596176
0.0080000 -11.5021133
0.0090000 -7.5459824
0.0100000 -31.0406570
0.0110000 -12.8843346
0.0120000 22.3034840
0.0130000 44.8395767
0.0140000 -18.2040367
0.0150000 -13.7368641
0.0160000 36.8261795
0.0170000 -38.7537498
0.0180000 10.2618399
0.0190000 14.4448910
0.0200000 47.7706299
0.0210000 1.7501211
0.0220000 -14.2793560
0.0230000 18.9435692
0.0240000 38.3163872
0.0250000 5.3140121
0.0260000 -42.7058105
0.0270000 31.1041012
0.0280000 7.3837080
0.0290000 52.5393143
0.0300000 -30.6902924
0.0310000 4.6618657
0.0320000 -25.5442677
0.0330000 -8.7532597
0.0340000 -35.2634087
0.0350000 8.8189774
0.0360000 32.1369667
0.0370000 6.4736185
0.0380000 -11.7030144
0.0390000 41.8930550
0.0400000 -7.9336395
0.0410000 -1.0670633
0.0420000 43.4394913
0.0430000 26.7397423
0.0440000 -6.3982220
0.0450000 30.5195808
0.0460000 32.0022087
0.0470000 1.8014646
0.0480000 -4.8697629
0.0490000 -2.5902965
0.0500000 -32.7830200
0.0510000 -13.6022568
0.0520000 -1.1369604
0.0530000 -17.5945606
0.0540000 -74.0463257
0.0550000 32.7158012
0.0560000 -11.8811035
0.0570000 -8.2265577
0.0580000 32.9402924
0.0590000 30.2105770
0.0600000 46.0271912
0.0610000 7.0681515
0.0620000 25.3510780
0.0630000 45.2584267
0.0640000 -7.1451006
0.0650000 25.3276997
0.0660000 -70.7405167
0.0670000 56.0892677
0.0680000 -78.6259155
0.0690000 21.0589161
0.0700000 -29.6784000
0.0710000 88.8838654
0.0720000 39.0201836
0.0730000 3.9701426
0.0740000 15.7074022
0.0750000 12.9630098
0.0760000 -47.7214127
0.0770000 -30.1277637
0.0780000 6.1323051
0.0790000 75.1385574
0.0800000 68.2536926
0.0810000 53.2925644
0.0820000 34.5393944
0.0830000 -12.4669037
0.0840000 -5.3088293
0.0850000 -7.9791632
0.0860000 11.1894779
0.0870000 19.7740784
0.0880000 -45.8495255
0.0890000 2.3922389
0.0900000 -45.8923187
0.0910000 -53.0552368
0.0920000 4.2505856
0.0930000 -0.5416767
0.0940000 0.5536569
0.0950000 63.6815910
0.0960000 13.2997379
0.0970000 10.3054953
0.0980000 -0.8701454
0.0990000 -21.8825722
0.1000000 -53.5173225
0.1010000 8.7901077
0.1020000 16.7367477
0.1030000 6.2158790
0.1040000 -4.9277954
0.1050000 13.8628769
0.1060000 55.8091774
0.1070000 37.7590981
0.1080000 -5.2275510
0.1090000 60.9733963
0.1100000 4.1449499
0.1110000 14.2388353
0.1120000 43.8152809
0.1130000 -3.6088874
0.1140000 -42.1382179
0.1150000 27.5638733
0.1160000 13.1274977
0.1170000 -24.2759972
0.1180000 37.6055717
0.1190000 -23.0446396
0.1200000 14.5612087
0.1210000 -27.7895641
0.1220000 -0.7159280
0.1230000 -17.1595993
0.1240000 -14.0724916
0.1250000 -12.9639587
0.1260000 23.3837852
0.1270000 19.8143024
0.1280000 22.1450367
0.1290000 -1.3021204
0.1300000 3.4077864
0.1310000 44.5094795
0.1320000 -22.7962017
0.1330000 -49.8593407
0.1340000 -2.0931652
0.1350000 40.1672974
0.1360000 66.7838745
0.1370000 56.7234421
0.1380000 0.0468572
0.1390000 35.1208992
0.1400000 -22.0689201
0.1410000 64.7936172
0.1420000 56.8401909
0.1430000 23.5563374
0.1440000 -48.2527885
0.1450000 64.9411163
0.1460000 -36.4147453
0.1470000 17.3152828
0.1480000 56.8125153
0.1490000 17.5605469
0.1500000 -10.0910921
0.1510000 -75.2125244
0.1520000 -19.4458866
0.1530000 3.4134479
0.1540000 19.4509048
0.1550000 -31.9424686
0.1560000 3.4603336
0.1570000 10.7704182
0.1580000 63.0326424
0.1590000 49.8296318
0.1600000 9.4204693
0.1610000 -15.4086580
0.1620000 -11.9490042
0.1630000 55.9952545
0.1640000 18.4311562
0.1650000 1.0653030
0.1660000 32.2557259
0.1670000 0.8600222
0.1680000 1.1239562
0.1690000 19.0336151
0.1700000 -20.4369049
0.1710000 5.4440570
0.1720000 19.8788147
0.1730000 18.3650970
0.1740000 -62.9011650
0.1750000 -29.9648991
0.1760000 -7.9351187
0.1770000 80.6669846
0.1780000 25.3577213
0.1790000 19.4273167
0.1800000 -0.2311681
0.1810000 43.1013336
0.1820000 16.5338573
0.1830000 -19.9705524
0.1840000 -86.9334412
0.1850000 39.6140289
0.1860000 -9.5901937
0.1870000 -56.3137817
0.1880000 45.4132233
0.1890000 2.4014683
0.1900000 -10.8260603
0.1910000 49.6818161
0.1920000 -78.0865479
0.1930000 -0.0684491
0.1940000 48.1662979
0.1950000 -30.1568527
0.1960000 -14.2058859
0.1970000 -40.3525314
0.1980000 25.0993462
0.1990000 65.2188263
0.2000000 38.0652504
0.2010000 29.9652748
0.2020000 54.5503082
0.2030000 -40.6324348
0.2040000 -12.1995764
0.2050000 53.9282227
0.2060000 -26.1666985
0.2070000 -15.7881546
0.2080000 -22.7341671
0.2090000 62.1740036
0.2100000 -59.7996902
0.2110000 24.6636009
0.2120000 27.1864567
0.2130000 -19.1020126
0.2140000 3.7491074
0.2150000 -13.7945509
0.2160000 -55.2115936
0.2170000 1.7012814
0.2180000 -13.3773613
0.2190000 -17.5755024
0.2200000 -23.2286682
0.2210000 10.8144665
0.2220000 -7.3112903
0.2230000 22.8720207
0.2240000 71.7763062
0.2250000 -58.0689240
0.2260000 5.0779848
0.2270000 22.2520618
0.2280000 8.6075487
0.2290000 5.6742969
0.2300000 38.5441513
0.2310000 30.2575226
0.2320000 -45.8059769
0.2330000 22.2741585
0.2340000 8.8423185
0.2350000 26.4097576
0.2360000 -12.1710987
0.2370000 -4.1457758
0.2380000 -2.2668331
0.2390000 75.4884796
0.2400000 31.6326008
0.2410000 -18.1332722
0.2420000 -13.3520546
0.2430000 -32.5317039
0.2440000 38.2977600
0.2450000 5.0356231
0.2460000 -57.5558357
0.2470000 15.6191225
0.2480000 21.7042542
0.2490000 6.4828134
0.2500000 -49.9474411
0.2510000 17.3873768
0.2520000 0.6888406
0.2530000 61.8240776
0.2540000 17.8581524
0.2550000 -70.4274673
0.2560000 -6.0298347
0.2570000 -27.9503155
0.2580000 108.3888321
0.2590000 31.0868034
0.2600000 45.3769073
0.2610000 -1.2958237
0.2620000 -33.5299034
0.2630000 -8.3880415
0.2640000 -28.4870033
0.2650000 -0.6897448
0.2660000 21.4444523
0.2670000 29.0487919
0.2680000 -63.8027115
0.2690000 -31.0424004
0.2700000 -18.1631603
0.2710000 11.5588331
0.2720000 -49.5610237
0.2730000 -33.5692215
0.2740000 -54.2605896
0.2750000 -7.0133834
0.2760000 -27.4915619
0.2770000 -1.1056290
0.2780000 -5.1800237
0.2790000 -1.8329163
0.2800000 33.5503654
0.2810000 -45.6428642
0.2820000 -3.1645534
0.2830000 -4.6515059
0.2840000 2.6898332
0.2850000 17.8712177
0.2860000 -1.6608070
0.2870000 54.0289879
0.2880000 -42.4157486
0.2890000 59.3734856
0.2900000 4.9187732
0.2910000 32.9872169
0.2920000 -10.1344175
0.2930000 -10.0112038
0.2940000 7.1975489
0.2950000 6.0079660
0.2960000 -18.7945232
0.2970000 11.7215443
0.2980000 -31.9213848
0.2990000 7.9880333
0.3000000 8.3136158
0.3010000 -33.6319809
0.3020000 -33.6497078
0.3030000 -45.0815811
0.3040000 28.0154934
0.3050000 42.0625877
0.3060000 69.6783295
0.3070000 -39.5845108
0.3080000 -28.2666721
0.3090000 -22.3938351
0.3100000 41.1855507
0.3110000 71.7690582
0.3120000 52.4480286
0.3130000 -38.1056175
0.3140000 23.4929485
0.3150000 28.2216053
0.3160000 -19.8446007
0.3170000 13.6420670
0.3180000 -21.3252907
0.3190000 -69.9835434
0.3200000 -31.7800121
0.3210000 6.0040655
0.3220000 -11.5822115
0.3230000 39.0728569
0.3240000 39.7754860
0.3250000 -8.9399128
0.3260000 -4.8984227
0.3270000 -33.5728035
0.3280000 41.9497910
0.3290000 -12.6334143
0.3300000 9.3874397
0.3310000 -38.9214134
0.3320000 108.8541946
0.3330000 -22.4241982
0.3340000 -21.7408466
0.3350000 96.9591293
0.3360000 4.8454099
0.3370000 4.2156153
0.3380000 -32.0815010
0.3390000 -9.8212757
0.3400000 -7.6073995
0.3410000 22.5081463
0.3420000 51.8915100
0.3430000 -0.6535197
0.3440000 -41.8800430
0.3450000 1.8336787
0.3460000 44.4417801
0.3470000 8.4793949
0.3480000 25.9832802
0.3490000 -4.0983100
0.3500000 -14.1865587
0.3510000 -3.6313100
0.3520000 -24.6127529
0.3530000 -48.4116707
0.3540000 -47.6002617
0.3550000 -44.5277176
0.3560000 26.0869942
0.3570000 6.0388036
0.3580000 74.2634048
0.3590000 40.1166191
0.3600000 -38.7134018
0.3610000 40.6784439
0.3620000 13.5819731
0.3630000 25.6327095
0.3640000 20.0032234
0.3650000 -18.9095402
0.3660000 10.9793968
0.3670000 3.4050109
0.3680000 -50.2718353
0.3690000 9.1502085
0.3700000 23.6273632
0.3710000 -21.3718796
0.3720000 8.5341959
0.3730000 -19.8795605
0.3740000 -64.5271301
0.3750000 -30.0690956
0.3760000 27.0584049
0.3770000 -12.0435467
0.3780000 -6.8212819
0.3790000 -21.4241390
0.3800000 33.2435532
0.3810000 22.2648220
0.3820000 -42.0812073
0.3830000 -10.9189339
0.3840000 -29.7928925
0.3850000 -0.8634002
0.3860000 -18.1310616
0.3870000 -10.1121759
0.3880000 36.0547714
0.3890000 7.3545513
0.3900000 27.0855312
0.3910000 -43.9411163
0.3920000 -80.5301361
0.3930000 -29.9362335
0.3940000 -16.9741879
0.3950000 -27.5921993
0.3960000 -29.4898624
0.3970000 -29.5525951
0.3980000 -7.8146591
0.3990000 -16.7315025
0.4000000 73.8045731
0.4010000 42.6678581
0.4020000 -18.6688404
0.4030000 -19.2092152
0.4040000 -56.6582489
0.4050000 -48.1651268
0.4060000 46.6457787
0.4070000 -7.6831341
0.4080000 -20.7426739
0.4090000 -17.6530228
0.4100000 -39.5466690
0.4110000 -46.8289795
0.4120000 -9.5779085
0.4130000 -2.0340292
0.4140000 -7.1638298
0.4150000 -19.4146938
0.4160000 25.6279678
0.4170000 -22.6863823
0.4180000 107.6272583
0.4190000 -30.2412987
0.4200000 -19.4537907
0.4210000 59.5361404
0.4220000 -59.8405952
0.4230000 63.6084518
0.4240000 -3.5989263
0.4250000 -25.4861565
0.4260000 -53.7731018
0.4270000 75.4212952
0.4280000 -15.6159859
0.4290000 -9.3635139
0.4300000 -45.1233482
0.4310000 -3.2191370
0.4320000 -57.9981995
0.4330000 -17.4980602
0.4340000 -94.5901337
0.4350000 15.3436975
0.4360000 11.9102001
0.4370000 -46.1607323
0.4380000 -62.6830978
0.4390000 15.2435246
0.4400000 -4.6069188
0.4410000 17.4844093
0.4420000 -42.2463341
0.4430000 -7.1365123
0.4440000 38.5548706
0.4450000 -22.8960037
0.4460000 13.7486343
0.4470000 24.0412827
0.4480000 -24.2243099
0.4490000 -8.9367085
0.4500000 -82.3260498
0.4510000 29.1632175
0.4520000 43.9354210
0.4530000 14.9363289
0.4540000 18.4075413
0.4550000 31.5080452
0.4560000 46.4955559
0.4570000 -9.9747534
0.4580000 34.6326790
0.4590000 39.4321480
0.4600000 -21.2784424
0.4610000 38.1113777
0.4620000 -79.8924408
0.4630000 17.9856339
0.4640000 -11.8248854
0.4650000 -40.6971169
0.4660000 14.2072744
0.4670000 10.4514799
0.4680000 70.6242676
0.4690000 -60.9359818
0.4700000 -25.5082321
0.4710000 28.4010925
0.4720000 -41.8092728
0.4730000 40.2139282
0.4740000 13.6041813
0.4750000 -5.0255976
0.4760000 20.3961353
0.4770000 45.5658112
0.4780000 -24.1064510
0.4790000 37.3916512
0.4800000 -36.8770142
0.4810000 -102.5096436
0.4820000 -51.0640717
0.4830000 -21.1888008
0.4840000 -43.3248253
0.4850000 -9.8390923
0.4860000 -3.7353208
0.4870000 -14.0688972
0.4880000 -30.4951897
0.4890000 -36.7546539
0.4900000 14.0867767
0.4910000 1.5786483
0.4920000 -49.9565964
0.4930000 7.5445876
0.4940000 -27.6174183
0.4950000 -13.3733950
0.4960000 45.4027290
0.4970000 49.1851959
0.4980000 -13.8855200
0.4990000 5.8672743
0.5000000 38.7004395
0.5010000 -15.9454756
0.5020000 69.1932755
0.5030000 35.1554184
0.5040000 2.9514589
0.5050000 14.4162350
0.5060000 -35.4233284
0.5070000 21.8264103
0.5080000 9.6929216
0.5090000 -7.2935419
0.5100000 44.4310913
0.5110000 32.6209602
0.5120000 24.0949764
0.5130000 6.0529561
0.5140000 -26.3811378
0.5150000 23.1601810
0.5160000 29.1064167
0.5170000 76.7728348
0.5180000 5.3601465
0.5190000 35.3259544
0.5200000 -7.1297455
0.5210000 12.9309473
0.5220000 3.9530218
0.5230000 6.4028473
0.5240000 -7.8006935
0.5250000 26.7662830
0.5260000 56.5390625
0.5270000 -27.0729294
0.5280000 64.4370651
0.5290000 -15.2437153
0.5300000 2.7669489
0.5310000 12.9491901
0.5320000 -39.2768555
0.5330000 -1.5813279
0.5340000 -22.0620403
0.5350000 -59.5368614
0.5360000 -5.4867377
0.5370000 0.0159293
0.5380000 15.9409943
0.5390000 12.0851603
0.5400000 -60.5247917
0.5410000 -10.8908501
0.5420000 34.5889778
0.5430000 22.9476280
0.5440000 -1.2591960
0.5450000 32.1860352
0.5460000 66.0186234
0.5470000 33.7167587
0.5480000 21.7158203
0.5490000 11.9793415
0.5500000 -22.3482227
0.5510000 7.2564940
0.5520000 9.2177801
0.5530000 34.9453354
0.5540000 -32.5905685
0.5550000 -27.9759312
0.5560000 -38.6884003
0.5570000 23.0549412
0.5580000 43.0846786
0.5590000 97.8718872
0.5600000 30.9146442
0.5610000 27.1090870
0.5620000 87.6228867
0.5630000 14.7939100
0.5640000 -18.3263493
0.5650000 11.6207952
0.5660000 2.7415798
0.5670000 -37.9707146
0.5680000 -34.7635918
0.5690000 46.5926514
0.5700000 -24.4824352
0.5710000 -51.6884956
0.5720000 -55.2972565
0.5730000 -11.2491512
0.5740000 31.2024250
0.5750000 13.3507605
0.5760000 -35.7052917
0.5770000 -30.0688057
0.5780000 38.6902237
0.5790000 -1.6961819
0.5800000 31.0919704
0.5810000 20.6007843
0.5820000 -44.7726784
0.5830000 29.0300961
0.5840000 -27.8840809
0.5850000 46.5511703
0.5860000 4.7745609
0.5870000 -28.8544064
0.5880000 17.3299656
0.5890000 -5.1146207
0.5900000 -103.4781189
0.5910000 41.4807243
0.5920000 47.2514267
0.5930000 24.3815422
0.5940000 9.9210348
0.5950000 39.2561798
0.5960000 14.3216915
0.5970000 5.1526260
0.5980000 -18.1101494
0.5990000 -45.8145638
0.6000000 71.5840454
0.6010000 -6.2931452
0.6020000 24.6936512
0.6030000 -15.7562065
0.6040000 -63.1072350
0.6050000 -20.4087105
0.6060000 20.9824772
0.6070000 20.2351646
0.6080000 9.9892473
0.6090000 -2.2757936
0.6100000 33.7923279
0.6110000 42.0986710
0.6120000 -11.9316101
0.6130000 36.4676170
0.6140000 -10.7303591
0.6150000 -3.2443042
0.6160000 -12.8464966
0.6170000 40.2199936
0.6180000 -25.4576130
0.6190000 35.4761314
0.6200000 -23.3018436
0.6210000 -12.3178654
0.6220000 -30.8805084
0.6230000 0.1995967
0.6240000 3.5838349
0.6250000 5.9129214
0.6260000 -17.6904411
0.6270000 -51.3828926
0.6280000 -27.6721840
0.6290000 31.9571476
0.6300000 -13.8323326
0.6310000 -2.9839742
0.6320000 39.0641556
0.6330000 -19.6503868
0.6340000 2.9769084
0.6350000 55.8815269
0.6360000 25.3336048
0.6370000 29.4874001
0.6380000 -48.3494301
0.6390000 14.8888988
0.6400000 14.9011278
0.6410000 0.7807214
0.6420000 16.2950020
0.6430000 99.4654312
0.6440000 -27.2656059
0.6450000 25.0879288
0.6460000 -59.5367470
0.6470000 -25.2917347
0.6480000 -47.3582649
0.6490000 -60.5318375
0.6500000 69.2735214
0.6510000 -15.6207848
0.6520000 -57.0709114
0.6530000 11.8218374
0.6540000 26.3256092
0.6550000 41.8375053
0.6560000 -3.3505998
0.6570000 -8.0866423
0.6580000 35.5574150
0.6590000 -13.7713184
0.6600000 30.9259834
0.6610000 -15.2636290
0.6620000 15.3694277
0.6630000 -14.8138256
0.6640000 19.2158756
0.6650000 23.5801353
0.6660000 -32.5579109
0.6670000 2.8702610
0.6680000 -5.8279438
0.6690000 -70.0126266
0.6700000 16.3454475
0.6710000 -8.1394110
0.6720000 8.8671560
0.6730000 -1.1061397
0.6740000 25.4064007
0.6750000 -13.1673746
0.6760000 12.6671963
0.6770000 7.7574949
0.6780000 -37.5380974
0.6790000 -7.4302788
0.6800000 -60.1734962
0.6810000 -19.8752823
0.6820000 -1.3099258
0.6830000 15.0391617
0.6840000 51.8436775
0.6850000 -1.0764085
0.6860000 -4.4106011
0.6870000 -61.6253738
0.6880000 33.4771118
0.6890000 -10.6644115
0.6900000 6.3361745
0.6910000 -58.2804070
0.6920000 3.1426630
0.6930000 15.8482380
0.6940000 26.2635841
0.6950000 -5.4951859
0.6960000 -26.1969624
0.6970000 38.3708572
0.6980000 -13.3203850
0.6990000 5.5017681
0.7000000 50.6914520
0.7010000 2.5473471
0.7020000 -43.5299797
0.7030000 29.6724873
0.7040000 3.0220053
0.7050000 64.6812973
0.7060000 7.7376151
0.7070000 -20.0901871
0.7080000 -32.6588821
0.7090000 12.8092594
0.7100000 -68.2020645
0.7110000 34.7053909
0.7120000 -5.5044560
0.7130000 -1.3514229
0.7140000 27.3309536
0.7150000 32.6501236
0.7160000 15.2416744
0.7170000 -12.6809168
0.7180000 -29.7156181
0.7190000 -1.7741548
0.7200000 51.7465591
0.7210000 -16.5421886
0.7220000 83.4198303
0.7230000 -19.7519321
0.7240000 9.1265583
0.7250000 -21.3446407
0.7260000 -19.1689548
0.7270000 -3.5994756
0.7280000 39.8931007
0.7290000 -84.7799835
0.7300000 39.1119270
0.7310000 46.2319527
0.7320000 5.6825948
0.7330000 -16.5887470
0.7340000 -44.6209030
0.7350000 76.3559341
0.7360000 24.0985355
0.7370000 -15.2128716
0.7380000 -50.8617325
0.7390000 5.1749167
0.7400000 32.1436424
0.7410000 -9.8436966
0.7420000 28.2231064
0.7430000 20.5396843
0.7440000 19.7692833
0.7450000 -35.1571846
0.7460000 1.8221626
0.7470000 11.0811377
0.7480000 18.7072926
0.7490000 -25.3779011
0.7500000 -16.9790382
0.7510000 -43.6359825
0.7520000 5.3957019
0.7530000 2.3629594
0.7540000 6.1515007
0.7550000 19.9680023
0.7560000 -13.3995523
0.7570000 -59.4864311
0.7580000 38.6246910
0.7590000 -1.1799890
0.7600000 6.4196410
0.7610000 7.7233295
0.7620000 -27.1333599
0.7630000 -39.9324684
0.7640000 -5.0892258
0.7650000 9.7980747
0.7660000 3.8834174
0.7670000 20.0502853
0.7680000 19.0506306
0.7690000 27.7999897
0.7700000 37.8610268
0.7710000 -43.8988533
0.7720000 3.8281255
0.7730000 5.7007232
0.7740000 -32.7020493
0.7750000 65.4808502
0.7760000 18.1786022
0.7770000 44.3351898
0.7780000 7.7363238
0.7790000 24.9670792
0.7800000 11.8402853
0.7810000 18.7953453
0.7820000 52.7472153
0.7830000 13.7959080
0.7840000 -6.8476334
0.7850000 -14.3482656
0.7860000 -16.3004723
0.7870000 58.3689613
0.7880000 -22.3601875
0.7890000 30.6478062
0.7900000 34.0344086
0.7910000 -20.6108227
0.7920000 43.7561035
0.7930000 10.8465405
0.7940000 34.8791046
0.7950000 15.9622068
0.7960000 16.4368954
0.7970000 28.5487309
0.7980000 43.5838509
0.7990000 15.1647425
0.8000000 -28.4374886
0.8010000 18.3155479
0.8020000 13.5253630
0.8030000 -5.9923372
0.8040000 10.7849808
0.8050000 9.6546278
0.8060000 11.2259541
0.8070000 78.4860001
0.8080000 -21.4891663
0.8090000 -26.5267296
0.8100000 29.5366821
0.8110000 32.5839081
0.8120000 -8.5397520
0.8130000 -34.0832062
0.8140000 32.1300087
0.8150000 -59.2970619
0.8160000 -17.2069378
0.8170000 16.9276009
0.8180000 3.2862706
0.8190000 -19.8555298
0.8200000 18.4596767
0.8210000 54.9296227
0.8220000 -73.1891937
0.8230000 10.0925274
0.8240000 57.5969696
0.8250000 -30.0324287
0.8260000 10.1607113
0.8270000 -104.4821396
0.8280000 9.4427767
0.8290000 -11.6713495
0.8300000 41.0982819
0.8310000 6.1194277
0.8320000 -51.8227921
0.8330000 -21.5019073
0.8340000 12.7071972
0.8350000 4.2710366
0.8360000 -40.5872803
0.8370000 42.1290932
0.8380000 24.2589493
0.8390000 18.9558983
0.8400000 19.5693817
0.8410000 -23.4721088
0.8420000 -15.1136942
0.8430000 7.4607773
0.8440000 -26.9595585
0.8450000 -21.7726498
0.8460000 9.1971645
0.8470000 -18.2015343
0.8480000 -51.0926933
0.8490000 -54.5233269
0.8500000 39.8493958
0.8510000 30.5906601
0.8520000 -0.8005880
0.8530000 41.6805077
0.8540000 -15.9466066
0.8550000 -12.3559589
0.8560000 39.6313286
0.8570000 -23.1960545
0.8580000 2.2765291
0.8590000 -89.0643921
0.8600000 -32.7121086
0.8610000 -44.9949646
0.8620000 -16.3095837
0.8630000 -76.2818909
0.8640000 17.0653400
0.8650000 13.7393818
0.8660000 0.3607429
0.8670000 -5.7587600
0.8680000 8.8520308
0.8690000 -90.6731339
0.8700000 -69.9699631
0.8710000 33.2073746
0.8720000 -3.7189753
0.8730000 14.2987928
0.8740000 39.1257706
0.8750000 -24.3041992
0.8760000 18.3535309
0.8770000 -58.5025177
0.8780000 17.9879551
0.8790000 -3.4885821
0.8800000 -16.7595539
0.8810000 -5.4718437
0.8820000 8.9823742
0.8830000 -27.3261108
0.8840000 -58.7124786
0.8850000 -34.7739601
0.8860000 43.2810287
0.8870000 -18.0675640
0.8880000 34.4567947
0.8890000 11.9767933
0.8900000 -34.6895027
0.8910000 -7.1416159
0.8920000 7.6085210
0.8930000 -24.0106564
0.8940000 -13.4874620
0.8950000 25.4084644
0.8960000 79.3390579
0.8970000 18.3636780
0.8980000 -86.7814941
0.8990000 -19.9232330
0.9000000 -41.1546173
0.9010000 -33.3718681
0.9020000 24.3318233
0.9030000 -28.7880383
0.9040000 -18.4986553
0.9050000 -70.6162033
0.9060000 43.3338814
0.9070000 -59.7347908
0.9080000 -71.5742950
0.9090000 8.1210451
0.9100000 -110.6295853
0.9110000 -44.9604988
0.9120000 11.2393064
0.9130000 -12.0190363
0.9140000 84.0782623
0.9150000 -40.2094765
0.9160000 10.6580410
0.9170000 39.3825073
0.9180000 -20.1141205
0.9190000 -29.7560635
0.9200000 -8.3403959
0.9210000 -45.9585037
0.9220000 15.0953131
0.9230000 18.8654480
0.9240000 49.4925690
0.9250000 0.3020110
0.9260000 -1.6278104
0.9270000 2.8480477
0.9280000 -2.1034870
0.9290000 -4.2636514
0.9300000 53.2731209
0.9310000 -20.9038963
0.9320000 4.2221527
0.9330000 -13.2712765
0.9340000 -12.2874413
0.9350000 21.2085533
0.9360000 -25.9708862
0.9370000 2.0197184
0.9380000 39.7640305
0.9390000 8.2667837
0.9400000 -11.9837379
0.9410000 -18.0703011
0.9420000 -0.2127024
0.9430000 -3.5556717
0.9440000 -19.6332188
0.9450000 43.1253929
0.9460000 -14.6388674
0.9470000 4.3127332
0.9480000 32.6193161
0.9490000 -23.8263378
0.9500000 26.6721668
0.9510000 -33.2397842
0.9520000 11.9769773
0.9530000 18.5865078
0.9540000 25.3286381
0.9550000 8.0492725
0.9560000 30.5290318
0.9570000 59.5691261
0.9580000 -25.2315731
0.9590000 15.4867783
0.9600000 18.1052856
0.9610000 10.3089848
0.9620000 15.3182211
0.9630000 -6.3248739
0.9640000 -43.0776672
0.9650000 -32.2429810
0.9660000 -31.8006935
0.9670000 27.1547260
0.9680000 4.7207618
0.9690000 36.6652031
0.9700000 -23.0837631
0.9710000 6.3140278
0.9720000 13.5269375
0.9730000 40.9886589
0.9740000 -24.6813908
0.9750000 13.6273794
0.9760000 72.1643677
0.9770000 38.9670219
0.9780000 -22.7711010
0.9790000 20.2636070
0.9800000 6.5388451
0.9810000 -19.5302067
0.9820000 49.7722664
0.9830000 -7.6273589
0.9840000 20.3318462
0.9850000 5.8346505
0.9860000 14.3125639
0.9870000 12.5354433
0.9880000 -21.9150524
0.9890000 -27.7760544
0.9900000 33.9707832
0.9910000 5.8423805
0.9920000 -25.9985695
0.9930000 45.5342941
0.9940000 -71.6184082
0.9950000 -9.0238161
0.9960000 -29.4560089
0.9970000 -0.6200843
0.9980000 37.8342476
0.9990000 42.7427139
