0.0000000 41.6573792
0.0010000 -26.5880508
0.0020000 29.7767181
0.0030000 14.1471291
0.0040000 -18.3983250
0.0050000 22.1463470
0.0060000 29.0298367
0.0070000 32.5421982
0.0080000 -13.2127047
0.0090000 9.2301159
0.0100000 3.9906614
0.0110000 39.6186371
0.0120000 36.8222656
0.0130000 -56.6811409
0.0140000 111.7277527
0.0150000 -20.4147282
0.0160000 -3.0139799
0.0170000 -82.1149063
0.0180000 -21.6474400
0.0190000 40.9115410
0.0200000 12.2108955
0.0210000 44.1992188
0.0220000 -49.2770691
0.0230000 -36.0888252
0.0240000 -3.0797315
0.0250000 90.0009003
0.0260000 -75.5856934
0.0270000 56.6633034
0.0280000 -20.4620800
0.0290000 -1.1455632
0.0300000 -34.0820770
0.0310000 -67.4139175
0.0320000 7.6086955
0.0330000 -20.2646294
0.0340000 -30.5507565
0.0350000 -61.3961983
0.0360000 -1.6250459
0.0370000 2.5066922
0.0380000 13.2522583
0.0390000 -29.7960491
0.0400000 -47.2493439
0.0410000 -6.6517358
0.0420000 14.9911432
0.0430000 20.8971424
0.0440000 -1.7836577
0.0450000 -14.7951317
0.0460000 19.8487568
0.0470000 -24.6355267
0.0480000 -38.4860954
0.0490000 -7.8238382
0.0500000 5.1573868
0.0510000 29.7277889
0.0520000 27.8447304
0.0530000 51.8055229
0.0540000 -72.2719345
0.0550000 -8.2109575
0.0560000 -49.1412201
0.0570000 -51.7513695
0.0580000 -15.4483604
0.0590000 -38.9119263
0.0600000 -5.6129260
0.0610000 5.8776698
0.0620000 -18.5300217
0.0630000 -88.3234558
0.0640000 -23.8031864
0.0650000 -3.1075060
0.0660000 -3.1664793
0.0670000 35.9731102
0.0680000 1.2938026
0.0690000 -20.4945393
0.0700000 -3.7537470
0.0710000 9.3752193
0.0720000 27.7960758
0.0730000 -32.3461723
0.0740000 42.6834869
0.0750000 -18.2867756
0.0760000 9.5066128
0.0770000 20.9235764
0.0780000 -45.7122231
0.0790000 75.8006134
0.0800000 59.8973694
0.0810000 7.9789653
0.0820000 -38.0235901
0.0830000 14.0619822
0.0840000 13.2111616
0.0850000 37.1401520
0.0860000 1.8463612
0.0870000 15.9278965
0.0880000 -36.2985725
0.0890000 29.2054043
0.0900000 16.6401196
0.0910000 -31.1694088
0.0920000 58.7125244
0.0930000 80.5787354
0.0940000 88.3184814
0.0950000 47.9555168
0.0960000 61.4666786
0.0970000 -2.7068012
0.0980000 -39.7013588
0.0990000 54.6380272
0.1000000 -32.9367104
0.1010000 15.0028419
0.1020000 35.5251236
0.1030000 -12.1242208
0.1040000 -34.9941216
0.1050000 -2.7667363
0.1060000 -52.3573418
0.1070000 43.2030640
0.1080000 49.9367218
0.1090000 -31.0570831
0.1100000 -17.5990734
0.1110000 19.0559940
0.1120000 40.7884979
0.1130000 24.2315941
0.1140000 -49.2721024
0.1150000 -4.9699321
0.1160000 -89.2001266
0.1170000 -8.1002417
0.1180000 55.6294708
0.1190000 -10.7684431
0.1200000 -55.1179123
0.1210000 16.6751270
0.1220000 20.9172459
0.1230000 -40.8636093
0.1240000 33.6989784
0.1250000 20.0629368
0.1260000 8.9185085
0.1270000 4.6902905
0.1280000 -14.8077059
0.1290000 -25.1240330
0.1300000 -21.4109383
0.1310000 76.2232513
0.1320000 63.1556702
0.1330000 -18.0181351
0.1340000 35.0809212
0.1350000 -21.6718845
0.1360000 -7.4356704
0.1370000 -22.0926361
0.1380000 -10.4976940
0.1390000 -16.3671360
0.1400000 43.9529762
0.1410000 -22.9034634
0.1420000 -7.2170029
0.1430000 43.5774574
0.1440000 -15.0724077
0.1450000 46.8155937
0.1460000 27.2272110
0.1470000 -21.6850357
0.1480000 18.9037838
0.1490000 -7.7594743
0.1500000 -28.1198940
0.1510000 -32.7497597
0.1520000 31.6903496
0.1530000 -36.7296524
0.1540000 -11.8935833
0.1550000 -28.0921612
0.1560000 -37.3464394
0.1570000 26.6959610
0.1580000 -11.1131372
0.1590000 -70.3019104
0.1600000 -40.5517273
0.1610000 -35.4752922
0.1620000 4.9799118
0.1630000 52.5828819
0.1640000 14.8117657
0.1650000 32.2122345
0.1660000 19.7048130
0.1670000 31.4962063
0.1680000 -23.4753075
0.1690000 11.3038197
0.1700000 -4.5330334
0.1710000 11.7661400
0.1720000 19.2945404
0.1730000 24.7971420
0.1740000 39.7661858
0.1750000 30.8113174
0.1760000 -77.4355927
0.1770000 -38.3590012
0.1780000 7.6489902
0.1790000 22.9258060
0.1800000 -50.8526611
0.1810000 -23.0583229
0.1820000 30.9876003
0.1830000 26.2584305
0.1840000 -18.2165165
0.1850000 2.8080707
0.1860000 -21.6269703
0.1870000 -37.7381134
0.1880000 -11.1734285
0.1890000 -13.2371578
0.1900000 20.6954079
0.1910000 -65.8302994
0.1920000 -23.2264118
0.1930000 76.7574387
0.1940000 -26.3372688
0.1950000 30.5176334
0.1960000 -80.2822037
0.1970000 -55.9367409
0.1980000 43.9962578
0.1990000 -58.2547607
0.2000000 -16.5075512
0.2010000 -34.2191124
0.2020000 68.0070801
0.2030000 63.9369774
0.2040000 58.3684845
0.2050000 34.3226280
0.2060000 37.2453499
0.2070000 -6.8916116
0.2080000 -48.7598991
0.2090000 2.6571417
0.2100000 38.2912788
0.2110000 -6.7407584
0.2120000 -33.9285698
0.2130000 -2.5514686
0.2140000 -58.5257301
0.2150000 30.3835793
0.2160000 -73.3835907
0.2170000 -59.3447342
0.2180000 66.0797043
0.2190000 42.2104988
0.2200000 20.2646046
0.2210000 -45.8154869
0.2220000 4.2455306
0.2230000 -64.0217056
0.2240000 -44.8693542
0.2250000 27.0749245
0.2260000 25.6409588
0.2270000 -17.9164524
0.2280000 17.1957245
0.2290000 -26.5156288
0.2300000 -44.1055641
0.2310000 -27.5191746
0.2320000 0.9634261
0.2330000 -22.6214867
0.2340000 -12.0402184
0.2350000 43.0923462
0.2360000 -7.4608359
0.2370000 -5.0820727
0.2380000 16.8107891
0.2390000 38.6388893
0.2400000 -7.9062486
0.2410000 2.8937480
0.2420000 39.2701683
0.2430000 -18.4320602
0.2440000 19.7416210
0.2450000 -28.6525974
0.2460000 28.2970753
0.2470000 51.0678902
0.2480000 53.8653297
0.2490000 -27.8562870
0.2500000 -14.8329439
0.2510000 -3.8399842
0.2520000 19.1733742
0.2530000 -51.6167374
0.2540000 -16.2487164
0.2550000 -41.7507248
0.2560000 -48.5255699
0.2570000 41.9436302
0.2580000 -47.6771202
0.2590000 -22.8314896
0.2600000 19.5142879
0.2610000 -16.5313892
0.2620000 -62.1360397
0.2630000 -38.1674881
0.2640000 -54.5068932
0.2650000 -10.8432140
0.2660000 45.6594009
0.2670000 -59.6797943
0.2680000 -41.8987617
0.2690000 -29.6171761
0.2700000 19.4662304
0.2710000 19.8027954
0.2720000 4.9006047
0.2730000 -34.6058350
0.2740000 -91.3184814
0.2750000 9.3780088
0.2760000 -19.8174782
0.2770000 -28.1835308
0.2780000 -11.2117882
0.2790000 40.9760399
0.2800000 19.7901764
0.2810000 -25.0203457
0.2820000 -3.4768112
0.2830000 4.8307390
0.2840000 -9.5435820
0.2850000 13.5569687
0.2860000 -25.0308247
0.2870000 4.3983154
0.2880000 -29.0082798
0.2890000 15.3119154
0.2900000 -9.7958183
0.2910000 -9.3546734
0.2920000 -10.0677118
0.2930000 -44.3217773
0.2940000 31.0419006
0.2950000 -34.9891510
0.2960000 19.5784416
0.2970000 -25.1960297
0.2980000 -6.1646504
0.2990000 -23.0373878
0.3000000 -47.3258247
0.3010000 -53.2752342
0.3020000 13.4305859
0.3030000 22.3835392
0.3040000 27.9439316
0.3050000 -59.0009880
0.3060000 -31.7772961
0.3070000 1.3549482
0.3080000 -12.5840569
0.3090000 17.2568760
0.3100000 21.5943165
0.3110000 21.3740540
0.3120000 -40.9080544
0.3130000 -5.7584248
0.3140000 48.0974503
0.3150000 39.3879509
0.3160000 -23.1640549
0.3170000 -82.7784271
0.3180000 42.8352432
0.3190000 -17.9576073
0.3200000 59.2518044
0.3210000 6.1521578
0.3220000 4.2990055
0.3230000 -10.4787788
0.3240000 28.8513508
0.3250000 15.5458450
0.3260000 97.2756271
0.3270000 -53.0709343
0.3280000 -33.3115044
0.3290000 -21.6509247
0.3300000 -32.3127937
0.3310000 -47.4009018
0.3320000 30.8256779
0.3330000 -50.8933525
0.3340000 16.1444607
0.3350000 42.0030937
0.3360000 19.9653358
0.3370000 -35.7121544
0.3380000 17.4849434
0.3390000 -57.8467941
0.3400000 25.4803448
0.3410000 -3.6136215
0.3420000 14.4324694
0.3430000 16.1223049
0.3440000 2.0377562
0.3450000 0.9206303
0.3460000 -11.1817999
0.3470000 -4.4152369
0.3480000 52.5286751
0.3490000 -31.3734341
0.3500000 12.4488344
0.3510000 25.8108406
0.3520000 35.7784996
0.3530000 42.6847916
0.3540000 -9.7399368
0.3550000 -37.5501595
0.3560000 53.2623749
0.3570000 -21.1893444
0.3580000 -52.4830399
0.3590000 57.1701546
0.3600000 -15.0080376
0.3610000 -15.6993380
0.3620000 15.8990364
0.3630000 7.0427933
0.3640000 18.7729549
0.3650000 -1.5010513
0.3660000 27.0483627
0.3670000 -46.9935684
0.3680000 -5.9713559
0.3690000 -0.7049096
0.3700000 21.7046452
0.3710000 -22.7100334
0.3720000 -31.7659931
0.3730000 3.6094606
0.3740000 43.4295654
0.3750000 7.3683171
0.3760000 -7.6222606
0.3770000 -20.4066811
0.3780000 19.2643185
0.3790000 -0.0176310
0.3800000 -10.9035578
0.3810000 15.9281025
0.3820000 24.3414536
0.3830000 39.7836456
0.3840000 -43.1851234
0.3850000 -10.4560337
0.3860000 -13.4110327
0.3870000 1.3285713
0.3880000 32.7243042
0.3890000 11.6413536
0.3900000 -7.0711498
0.3910000 -20.2300320
0.3920000 10.2344666
0.3930000 -24.5019627
0.3940000 24.9270821
0.3950000 38.8928413
0.3960000 -21.9941654
0.3970000 17.0183887
0.3980000 -9.5951557
0.3990000 25.4266834
0.4000000 19.2283115
0.4010000 -4.3007717
0.4020000 3.0076320
0.4030000 -13.1838522
0.4040000 33.2095718
0.4050000 13.8637085
0.4060000 0.8478315
0.4070000 42.4666595
0.4080000 -7.5454993
0.4090000 44.8800240
0.4100000 -8.1987419
0.4110000 -18.3375912
0.4120000 27.1976013
0.4130000 23.6075592
0.4140000 50.2760162
0.4150000 47.7193184
0.4160000 50.4190598
0.4170000 79.3541565
0.4180000 -48.1051865
0.4190000 26.2602177
0.4200000 -39.9910011
0.4210000 24.6516247
0.4220000 -36.9338341
0.4230000 -37.7644806
0.4240000 -14.0514679
0.4250000 39.6194229
0.4260000 59.3613129
0.4270000 30.3970394
0.4280000 -79.9557648
0.4290000 18.9615269
0.4300000 -8.9013615
0.4310000 -19.8922768
0.4320000 -50.3568840
0.4330000 12.9460583
0.4340000 -4.8651094
0.4350000 12.2782249
0.4360000 16.3671284
0.4370000 9.7691984
0.4380000 -1.6416029
0.4390000 -24.4962692
0.4400000 -16.6276932
0.4410000 -47.5499763
0.4420000 -63.9005089
0.4430000 54.9191284
0.4440000 6.0117316
0.4450000 39.0253029
0.4460000 30.9526672
0.4470000 -4.3151417
0.4480000 -18.4898624
0.4490000 -51.9943466
0.4500000 94.8999863
0.4510000 37.1202431
0.4520000 -1.3980052
0.4530000 5.4897881
0.4540000 3.4972422
0.4550000 30.3028469
0.4560000 -37.9346275
0.4570000 -23.9844494
0.4580000 -65.4750137
0.4590000 22.5809422
0.4600000 -18.5367794
0.4610000 13.8953028
0.4620000 -51.7671013
0.4630000 1.9050353
0.4640000 -17.3289738
0.4650000 -25.7093391
0.4660000 -66.6367645
0.4670000 -57.4496536
0.4680000 -68.8128967
0.4690000 -49.9890251
0.4700000 -34.5883102
0.4710000 -35.4484940
0.4720000 -29.1468868
0.4730000 8.4885569
0.4740000 6.6175528
0.4750000 30.7573223
0.4760000 32.0303535
0.4770000 -23.8899517
0.4780000 -5.4508958
0.4790000 -32.2904434
0.4800000 -18.4054298
0.4810000 -28.0263023
0.4820000 -52.6471329
0.4830000 -2.2940679
0.4840000 10.4453621
0.4850000 0.4432642
0.4860000 -63.4693947
0.4870000 -47.1478157
0.4880000 -27.9319954
0.4890000 -23.5551567
0.4900000 -25.0909958
0.4910000 -60.7790337
0.4920000 -10.5752220
0.4930000 46.7792816
0.4940000 -6.2685895
0.4950000 22.9928036
0.4960000 -14.6631451
0.4970000 -33.2612648
0.4980000 45.6576881
0.4990000 -0.0483510
0.5000000 -35.7035065
0.5010000 -8.0382757
0.5020000 -1.8519986
0.5030000 -4.4503775
0.5040000 -36.0037880
0.5050000 42.3143692
0.5060000 -23.8898106
0.5070000 -13.2673187
0.5080000 40.4632072
0.5090000 37.5430870
0.5100000 20.3875713
0.5110000 9.3224745
0.5120000 -3.5501175
0.5130000 18.6616383
0.5140000 52.9705658
0.5150000 -32.4976234
0.5160000 -23.3146610
0.5170000 -68.6408539
0.5180000 -9.1961174
0.5190000 3.2267811
0.5200000 -66.5258484
0.5210000 10.3398933
0.5220000 -64.1744232
0.5230000 6.2234125
0.5240000 21.6295071
0.5250000 -1.0755720
0.5260000 -24.0113297
0.5270000 -63.1718712
0.5280000 -45.4339523
0.5290000 -29.5363579
0.5300000 4.7493482
0.5310000 -20.1764641
0.5320000 19.5811195
0.5330000 12.5075150
0.5340000 42.1806145
0.5350000 47.2131348
0.5360000 -1.8240604
0.5370000 -4.9978666
0.5380000 -5.8732705
0.5390000 45.4549789
0.5400000 12.3810415
0.5410000 8.8618546
0.5420000 49.2198906
0.5430000 56.2547264
0.5440000 20.3384552
0.5450000 54.0962791
0.5460000 -68.4175415
0.5470000 41.3947563
0.5480000 -1.2114854
0.5490000 64.2376480
0.5500000 -0.0892399
0.5510000 19.6931515
0.5520000 -55.0024033
0.5530000 -48.5527306
0.5540000 -16.0479088
0.5550000 -50.7256966
0.5560000 74.6467972
0.5570000 21.2219677
0.5580000 25.1896935
0.5590000 8.9747734
0.5600000 -0.1070292
0.5610000 -109.2568512
0.5620000 31.2140980
0.5630000 12.7475758
0.5640000 36.4921074
0.5650000 -24.7588463
0.5660000 37.6879005
0.5670000 29.7670689
0.5680000 48.1496353
0.5690000 45.5717926
0.5700000 -10.2907524
0.5710000 -11.6833620
0.5720000 74.3400879
0.5730000 -19.8138618
0.5740000 -28.1135616
0.5750000 87.2517014
0.5760000 -34.3439560
0.5770000 -59.7816238
0.5780000 17.4937668
0.5790000 -32.3014717
0.5800000 -20.3639927
0.5810000 -46.7153778
0.5820000 -39.1403275
0.5830000 -11.6753588
0.5840000 -4.1928887
0.5850000 78.0795517
0.5860000 -31.2168789
0.5870000 15.3765240
0.5880000 3.2473617
0.5890000 -62.1184731
0.5900000 -51.5149879
0.5910000 -36.7371292
0.5920000 -31.6478310
0.5930000 -39.0368576
0.5940000 -2.0632885
0.5950000 61.3704262
0.5960000 -31.9739952
0.5970000 23.3672256
0.5980000 18.6101379
0.5990000 35.7435341
0.6000000 45.2484512
0.6010000 -14.3994255
0.6020000 23.4086437
0.6030000 -37.6325569
0.6040000 -92.0340652
0.6050000 24.1637249
0.6060000 -10.2244539
0.6070000 16.2993126
0.6080000 45.8068390
0.6090000 37.6197243
0.6100000 12.4387159
0.6110000 -28.8332977
0.6120000 22.8851624
0.6130000 41.3887634
0.6140000 -12.6759834
0.6150000 -26.1637325
0.6160000 41.4377861
0.6170000 5.7500582
0.6180000 -24.9032288
0.6190000 -50.9870300
0.6200000 -25.0611839
0.6210000 -14.9106588
0.6220000 -14.5912752
0.6230000 -28.2993374
0.6240000 -53.9405823
0.6250000 66.1241150
0.6260000 22.4540787
0.6270000 41.0188255
0.6280000 -1.5144358
0.6290000 28.3803234
0.6300000 38.0041695
0.6310000 -7.7245340
0.6320000 31.8051224
0.6330000 25.5425758
0.6340000 41.9968452
0.6350000 15.4518108
0.6360000 -40.1017342
0.6370000 -18.2746582
0.6380000 19.4276199
0.6390000 -43.1121712
0.6400000 -11.1192780
0.6410000 29.3354568
0.6420000 8.6415825
0.6430000 60.6523933
0.6440000 -0.1342257
0.6450000 10.6603937
0.6460000 41.2822952
0.6470000 69.9248276
0.6480000 63.8563309
0.6490000 10.8637333
0.6500000 25.1661301
0.6510000 -14.9016581
0.6520000 13.9244928
0.6530000 31.8209915
0.6540000 48.9838028
0.6550000 27.0434227
0.6560000 19.7034073
0.6570000 -24.4983234
0.6580000 -91.6347580
0.6590000 62.2112541
0.6600000 65.2869415
0.6610000 -47.9013557
0.6620000 42.1188583
0.6630000 -53.3372993
0.6640000 45.4880981
0.6650000 2.0373816
0.6660000 -37.8981247
0.6670000 -60.5825768
0.6680000 -99.4164963
0.6690000 -64.9770584
0.6700000 -32.4635468
0.6710000 -64.1222763
0.6720000 -4.8543696
0.6730000 -26.0794029
0.6740000 -19.0995617
0.6750000 -42.5817184
0.6760000 -9.5422392
0.6770000 -21.8873177
0.6780000 48.5048790
0.6790000 12.8997898
0.6800000 -10.0108547
0.6810000 9.8195753
0.6820000 8.4364634
0.6830000 2.3685989
0.6840000 83.6092300
0.6850000 -17.2034168
0.6860000 20.6941204
0.6870000 1.9523489
0.6880000 20.9263401
0.6890000 -6.0609946
0.6900000 5.7438664
0.6910000 -46.5610237
0.6920000 62.0850601
0.6930000 -26.5791321
0.6940000 -16.8142128
0.6950000 -33.2129059
0.6960000 5.8423676
0.6970000 -24.5075264
0.6980000 -38.4087563
0.6990000 33.2122803
0.7000000 -17.1188641
0.7010000 6.0101972
0.7020000 -31.1476479
0.7030000 -41.1945496
0.7040000 14.2801266
0.7050000 -22.2069931
0.7060000 27.1011467
0.7070000 -20.8347397
0.7080000 -9.6120777
0.7090000 74.4869537
0.7100000 27.1487617
0.7110000 103.0865250
0.7120000 -30.3923607
0.7130000 -21.7645416
0.7140000 -12.0657434
0.7150000 -44.4632301
0.7160000 -37.2906570
0.7170000 -15.4386225
0.7180000 21.8543282
0.7190000 71.8358994
0.7200000 25.7476978
0.7210000 28.9867325
0.7220000 11.0073185
0.7230000 66.4857178
0.7240000 31.8253460
0.7250000 -26.5106926
0.7260000 14.7134600
0.7270000 -14.9272766
0.7280000 -18.7271729
0.7290000 -27.5267963
0.7300000 8.1566658
0.7310000 -2.5684655
0.7320000 -18.5516491
0.7330000 -7.0969486
0.7340000 -22.1071835
0.7350000 22.9261322
0.7360000 37.8786163
0.7370000 21.3638229
0.7380000 -6.5157089
0.7390000 -34.2603531
0.7400000 8.2330923
0.7410000 37.0846634
0.7420000 40.1017685
0.7430000 31.5208664
0.7440000 -14.5592918
0.7450000 -41.1715469
0.7460000 3.1930130
0.7470000 76.5281906
0.7480000 -17.0531406
0.7490000 -14.5262089
0.7500000 23.2537041
0.7510000 -32.7920189
0.7520000 30.3784695
0.7530000 33.4037170
0.7540000 -3.1895247
0.7550000 18.2075768
0.7560000 14.6779470
0.7570000 5.9839144
0.7580000 -39.3237457
0.7590000 -12.2636404
0.7600000 7.1234369
0.7610000 11.9203339
0.7620000 34.8498039
0.7630000 12.2123213
0.7640000 7.1306496
0.7650000 17.1336136
0.7660000 2.9687397
0.7670000 -20.7104244
0.7680000 -28.1280975
0.7690000 -3.2554455
0.7700000 31.4253159
0.7710000 -50.5786896
0.7720000 32.5386963
0.7730000 25.6233406
0.7740000 -4.3488860
0.7750000 3.3514040
0.7760000 -105.3845444
0.7770000 -41.6517067
0.7780000 -9.6374922
0.7790000 -9.1481743
0.7800000 -5.7926426
0.7810000 -42.5333710
0.7820000 24.8850250
0.7830000 14.9153261
0.7840000 12.2894087
0.7850000 -41.5740623
0.7860000 -34.4443817
0.7870000 25.8630714
0.7880000 -39.8739853
0.7890000 10.5537844
0.7900000 2.0897000
0.7910000 -5.7748957
0.7920000 15.8163347
0.7930000 0.7988065
0.7940000 70.8958969
0.7950000 -14.6014967
0.7960000 24.3612404
0.7970000 -51.2025642
0.7980000 24.6929169
0.7990000 18.7022572
0.8000000 50.0997734
0.8010000 15.4250793
0.8020000 2.4419789
0.8030000 51.5896797
0.8040000 -59.1658096
0.8050000 -2.3011084
0.8060000 8.5354376
0.8070000 13.8079290
0.8080000 2.6299469
0.8090000 30.5730858
0.8100000 40.2425117
0.8110000 -75.9344711
0.8120000 10.2744417
0.8130000 18.5652161
0.8140000 29.4145012
0.8150000 82.0448685
0.8160000 -12.7954512
0.8170000 14.9944286
0.8180000 27.3192844
0.8190000 -24.3332939
0.8200000 21.8599586
0.8210000 -2.7508776
0.8220000 -2.0305197
0.8230000 29.2032509
0.8240000 -23.1942596
0.8250000 -15.3612795
0.8260000 35.5439835
0.8270000 45.3302345
0.8280000 20.2542915
0.8290000 -36.0123978
0.8300000 -14.7596855
0.8310000 -35.5229874
0.8320000 26.2025185
0.8330000 14.1377201
0.8340000 -5.9568038
0.8350000 37.6220131
0.8360000 -9.1808252
0.8370000 8.9951181
0.8380000 30.5546112
0.8390000 -87.5577698
0.8400000 10.5453968
0.8410000 40.8691483
0.8420000 -10.5878048
0.8430000 -49.5920258
0.8440000 39.7827187
0.8450000 24.1644077
0.8460000 19.2949600
0.8470000 28.8967514
0.8480000 26.8302650
0.8490000 -25.0743618
0.8500000 -14.2320642
0.8510000 9.5788965
0.8520000 74.7121811
0.8530000 0.1674759
0.8540000 17.1211243
0.8550000 14.9576740
0.8560000 -16.4811382
0.8570000 36.7365036
0.8580000 -30.6654911
0.8590000 6.4916911
0.8600000 -25.5811634
0.8610000 -47.2857819
0.8620000 -17.5575981
0.8630000 12.4763994
0.8640000 75.7538605
0.8650000 -13.1667557
0.8660000 -9.3019056
0.8670000 -35.7803230
0.8680000 19.6401825
0.8690000 38.5038872
0.8700000 52.6646805
0.8710000 2.2365658
0.8720000 58.1352615
0.8730000 22.8858891
0.8740000 22.4939919
0.8750000 -20.1511269
0.8760000 7.3273101
0.8770000 -7.0861940
0.8780000 -39.7466812
0.8790000 6.9954596
0.8800000 -1.3527139
0.8810000 49.1258011
0.8820000 -13.0075808
0.8830000 23.2859612
0.8840000 -41.5940781
0.8850000 -49.1689301
0.8860000 -20.0500336
0.8870000 11.2834854
0.8880000 35.0401039
0.8890000 41.8996048
0.8900000 41.2372284
0.8910000 -3.7272866
0.8920000 -10.8838930
0.8930000 9.1129560
0.8940000 19.7610302
0.8950000 38.9582748
0.8960000 10.3180151
0.8970000 34.0917549
0.8980000 16.0096512
0.8990000 -75.9463577
0.9000000 16.7214127
0.9010000 43.9154015
0.9020000 -42.9042664
0.9030000 -41.5244331
0.9040000 -10.9089947
0.9050000 17.8839302
0.9060000 -15.9295912
0.9070000 -100.6015930
0.9080000 -13.8040466
0.9090000 -14.4858036
0.9100000 19.2065468
0.9110000 -26.9838562
0.9120000 31.1824036
0.9130000 -83.1411896
0.9140000 -30.7580261
0.9150000 -15.4330158
0.9160000 -66.7518311
0.9170000 -18.5779190
0.9180000 9.7001381
0.9190000 22.3734264
0.9200000 -7.8791370
0.9210000 -17.5828171
0.9220000 15.6775360
0.9230000 35.0593719
0.9240000 -18.6529369
0.9250000 -48.5740623
0.9260000 4.4862971
0.9270000 23.8176231
0.9280000 -46.3329048
0.9290000 2.0830159
0.9300000 66.8879089
0.9310000 15.6770029
0.9320000 46.1489868
0.9330000 8.6404085
0.9340000 20.3920803
0.9350000 -8.6361217
0.9360000 6.1154051
0.9370000 32.7044792
0.9380000 -33.7497673
0.9390000 -15.1888123
0.9400000 16.0975857
0.9410000 22.0495625
0.9420000 55.7966766
0.9430000 -8.2711592
0.9440000 19.2020016
0.9450000 30.2475815
0.9460000 -15.4003315
0.9470000 18.3216877
0.9480000 -9.6144476
0.9490000 -53.6569748
0.9500000 73.0883713
0.9510000 -49.2967758
0.9520000 50.0613327
0.9530000 -64.3422623
0.9540000 -13.5659237
0.9550000 41.6015739
0.9560000 4.7170315
0.9570000 67.9656677
0.9580000 -28.1199722
0.9590000 23.5693130
0.9600000 -0.0133054
0.9610000 18.5883636
0.9620000 -37.9329071
0.9630000 36.5561218
0.9640000 15.3982201
0.9650000 36.8130074
0.9660000 -18.4876881
0.9670000 8.1418886
0.9680000 -30.1276283
0.9690000 -32.7865524
0.9700000 -24.4228420
0.9710000 -8.5660286
0.9720000 31.5852699
0.9730000 21.9246311
0.9740000 21.8178730
0.9750000 -40.4804001
0.9760000 -13.3166161
0.9770000 24.6239700
0.9780000 -41.7962341
0.9790000 41.5569916
0.9800000 -27.7487431
0.9810000 -13.5737543
0.9820000 -6.3525157
0.9830000 19.6828136
0.9840000 -2.1687915
0.9850000 -45.3098183
0.9860000 -2.0530231
0.9870000 11.0985613
0.9880000 80.4648514
0.9890000 -21.7294960
0.9900000 30.0897789
0.9910000 -40.1549721
0.9920000 33.8600578
0.9930000 -44.1134834
0.9940000 47.8478546
0.9950000 -37.7480392
0.9960000 38.8214188
0.9970000 11.4383202
0.9980000 -58.9370689
0.9990000 -19.4577007
