0.0000000 -22.1038208
0.0010000 -28.4226112
0.0020000 13.9397268
0.0030000 43.3789520
0.0040000 -20.3079872
0.0050000 -25.7107506
0.0060000 22.8682156
0.0070000 52.6035309
0.0080000 51.5322914
0.0090000 -14.4245358
0.0100000 -21.1247139
0.0110000 -13.6860094
0.0120000 46.8613930
0.0130000 -19.6712456
0.0140000 34.3298454
0.0150000 2.0771720
0.0160000 -45.1929970
0.0170000 -3.4144828
0.0180000 -43.0218925
0.0190000 63.5699806
0.0200000 -44.7221222
0.0210000 -69.5246964
0.0220000 -48.7088242
0.0230000 8.9664288
0.0240000 -20.2916355
0.0250000 -17.2139606
0.0260000 44.2122688
0.0270000 6.4364977
0.0280000 8.0982456
0.0290000 -31.2934246
0.0300000 46.2064705
0.0310000 26.0185318
0.0320000 1.9340982
0.0330000 37.2968521
0.0340000 17.2709789
0.0350000 38.1854897
0.0360000 -4.6009068
0.0370000 36.6155663
0.0380000 -23.0509624
0.0390000 -1.1383293
0.0400000 -23.5025883
0.0410000 14.2519512
0.0420000 42.9080124
0.0430000 4.8710656
0.0440000 -41.3272743
0.0450000 -3.0592225
0.0460000 55.4303894
0.0470000 22.7404480
0.0480000 -53.2396355
0.0490000 17.8845024
0.0500000 16.1671486
0.0510000 -15.5069828
0.0520000 -46.3890610
0.0530000 47.6859360
0.0540000 43.4645119
0.0550000 -64.9775543
0.0560000 -49.6731110
0.0570000 -25.5711441
0.0580000 -58.8693352
0.0590000 -2.7785697
0.0600000 -38.3821220
0.0610000 34.3207283
0.0620000 -31.5527496
0.0630000 28.4651184
0.0640000 -4.7473426
0.0650000 14.9911060
0.0660000 67.1446609
0.0670000 -6.6129737
0.0680000 -39.4574280
0.0690000 -25.3635597
0.0700000 32.9846725
0.0710000 -26.5436573
0.0720000 74.4837723
0.0730000 19.8167076
0.0740000 -16.2329617
0.0750000 5.9208570
0.0760000 -22.9529171
0.0770000 16.1747952
0.0780000 -4.5490522
0.0790000 -23.3034115
0.0800000 38.0805664
0.0810000 14.6179056
0.0820000 8.3763037
0.0830000 11.1346951
0.0840000 7.3533792
0.0850000 9.2467127
0.0860000 -11.0201702
0.0870000 62.6990776
0.0880000 3.1016440
0.0890000 86.3616257
0.0900000 22.9755993
0.0910000 -3.9702652
0.0920000 5.5320315
0.0930000 15.8475313
0.0940000 36.6309891
0.0950000 -32.1802940
0.0960000 -15.7271061
0.0970000 -20.7039566
0.0980000 32.1203613
0.0990000 -39.2714424
0.1000000 -26.1253643
0.1010000 41.3715744
0.1020000 17.3117867
0.1030000 -35.4828987
0.1040000 11.4053907
0.1050000 5.9760079
0.1060000 -0.2651408
0.1070000 4.6991158
0.1080000 20.0271263
0.1090000 31.3245621
0.1100000 -20.6796551
0.1110000 55.6376724
0.1120000 -15.0380106
0.1130000 -2.7405033
0.1140000 -33.5393982
0.1150000 12.7694016
0.1160000 1.3225516
0.1170000 -9.9476719
0.1180000 6.8482356
0.1190000 14.7062244
0.1200000 -8.2174053
0.1210000 -10.4688148
0.1220000 -4.3922291
0.1230000 -24.7911568
0.1240000 10.0397806
0.1250000 -63.6767807
0.1260000 17.5684128
0.1270000 2.3431413
0.1280000 -46.3378372
0.1290000 -0.5894898
0.1300000 -5.4856758
0.1310000 54.8129425
0.1320000 -16.5303020
0.1330000 2.4526443
0.1340000 58.4053764
0.1350000 6.0135250
0.1360000 41.2865944
0.1370000 49.1807747
0.1380000 -76.8661194
0.1390000 -15.9336643
0.1400000 3.9344513
0.1410000 -18.7936668
0.1420000 -0.4377344
0.1430000 25.6950054
0.1440000 -6.7812619
0.1450000 -35.8154030
0.1460000 -40.1611481
0.1470000 62.0766792
0.1480000 -24.4729519
0.1490000 -44.8027306
0.1500000 -39.1401291
0.1510000 -16.3289337
0.1520000 3.3523138
0.1530000 25.9014683
0.1540000 -45.0154076
0.1550000 -36.3505936
0.1560000 -26.1599045
0.1570000 7.7463994
0.1580000 49.1482315
0.1590000 -10.4095917
0.1600000 17.4856968
0.1610000 -38.3363914
0.1620000 7.5009384
0.1630000 -40.1687241
0.1640000 -37.1084290
0.1650000 6.3239131
0.1660000 6.5138936
0.1670000 -9.7776051
0.1680000 -33.3517380
0.1690000 -23.3780594
0.1700000 -37.9819679
0.1710000 5.6686454
0.1720000 9.6977177
0.1730000 -40.2920647
0.1740000 47.2121887
0.1750000 27.6347218
0.1760000 2.9932842
0.1770000 -33.0943108
0.1780000 64.3582382
0.1790000 16.1145096
0.1800000 8.9847136
0.1810000 37.2449036
0.1820000 -60.9612236
0.1830000 27.8467026
0.1840000 30.0992775
0.1850000 20.2366047
0.1860000 10.0948944
0.1870000 35.6156464
0.1880000 -85.8001785
0.1890000 -51.6005669
0.1900000 -1.6647881
0.1910000 -10.5094147
0.1920000 15.0306339
0.1930000 19.6040173
0.1940000 59.9092102
0.1950000 -16.0600090
0.1960000 -18.6850204
0.1970000 0.7652421
0.1980000 13.7029762
0.1990000 -76.8420486
0.2000000 -14.4624367
0.2010000 57.1543579
0.2020000 -25.6863880
0.2030000 5.3143167
0.2040000 9.0847416
0.2050000 -37.8462563
0.2060000 -36.5033455
0.2070000 21.4467468
0.2080000 -42.3609390
0.2090000 5.5003419
0.2100000 6.8748779
0.2110000 12.2594719
0.2120000 7.9476757
0.2130000 16.6332245
0.2140000 -13.2047997
0.2150000 -16.6320076
0.2160000 -30.6898346
0.2170000 -26.5297756
0.2180000 -70.6360779
0.2190000 28.4535294
0.2200000 -51.7869606
0.2210000 13.4436760
0.2220000 -17.7895508
0.2230000 -33.8513565
0.2240000 -7.9532003
0.2250000 -8.0943489
0.2260000 24.0166779
0.2270000 6.8742371
0.2280000 11.0800190
0.2290000 -0.4645226
0.2300000 29.9830360
0.2310000 -58.5897789
0.2320000 -30.8390884
0.2330000 -33.6979752
0.2340000 -5.1283007
0.2350000 39.1367836
0.2360000 -4.6260834
0.2370000 56.2521095
0.2380000 20.4685345
0.2390000 -0.6049033
0.2400000 -68.5990448
0.2410000 61.3660660
0.2420000 20.9494228
0.2430000 -70.2613068
0.2440000 46.4616623
0.2450000 28.2051163
0.2460000 -63.8029480
0.2470000 31.9909058
0.2480000 78.6383896
0.2490000 9.0177507
0.2500000 47.3033028
0.2510000 12.7406063
0.2520000 -20.1403561
0.2530000 -28.9864483
0.2540000 19.0070229
0.2550000 -28.5047150
0.2560000 -40.7990456
0.2570000 -41.7700577
0.2580000 -50.4552383
0.2590000 -30.9196815
0.2600000 -29.6254311
0.2610000 17.6459427
0.2620000 -0.5908098
0.2630000 -11.2415342
0.2640000 -1.4632412
0.2650000 1.3925022
0.2660000 63.5579834
0.2670000 -56.4493484
0.2680000 -17.3384361
0.2690000 6.0567718
0.2700000 -82.7678986
0.2710000 -34.1397896
0.2720000 -4.7398810
0.2730000 -30.4095402
0.2740000 24.7069111
0.2750000 -17.6436787
0.2760000 27.6480484
0.2770000 19.3400898
0.2780000 26.8801327
0.2790000 -44.7141914
0.2800000 -12.1050100
0.2810000 13.9473066
0.2820000 3.6240194
0.2830000 1.9923450
0.2840000 -21.3803215
0.2850000 -39.0051079
0.2860000 1.9123466
0.2870000 7.5476890
0.2880000 37.2455750
0.2890000 -30.1277180
0.2900000 -9.5550318
0.2910000 29.3982925
0.2920000 -8.2109451
0.2930000 7.6567993
0.2940000 -6.3449278
0.2950000 -9.5912437
0.2960000 -22.1807480
0.2970000 -31.5626144
0.2980000 -76.4481659
0.2990000 25.7186222
0.3000000 -58.5526810
0.3010000 34.4910240
0.3020000 5.6482434
0.3030000 -23.2277069
0.3040000 -33.0053596
0.3050000 -38.8287468
0.3060000 28.1932240
0.3070000 -33.4403305
0.3080000 8.3377829
0.3090000 -8.4702959
0.3100000 -59.0617676
0.3110000 29.9776211
0.3120000 -0.3450616
0.3130000 -6.3833876
0.3140000 18.8766098
0.3150000 -16.9875374
0.3160000 -66.2991638
0.3170000 47.9781647
0.3180000 17.0648270
0.3190000 14.7308722
0.3200000 10.4234419
0.3210000 34.5656738
0.3220000 -5.8651195
0.3230000 -24.4897251
0.3240000 -14.8405371
0.3250000 66.3505478
0.3260000 6.0018220
0.3270000 -65.3214798
0.3280000 -17.1421394
0.3290000 -36.5386887
0.3300000 -41.5901375
0.3310000 -6.9036841
0.3320000 -25.2328358
0.3330000 -55.2486649
0.3340000 -16.5152435
0.3350000 -14.4066362
0.3360000 36.2589531
0.3370000 -5.1539149
0.3380000 59.3821526
0.3390000 17.3070927
0.3400000 4.0772691
0.3410000 -22.9708118
0.3420000 36.3631172
0.3430000 -4.9040866
0.3440000 -21.7089405
0.3450000 -14.1081915
0.3460000 -29.8139133
0.3470000 -24.6499519
0.3480000 -93.6992264
0.3490000 28.0646324
0.3500000 2.8513689
0.3510000 17.2199745
0.3520000 26.9580231
0.3530000 -20.3603325
0.3540000 -44.9635353
0.3550000 -11.3251143
0.3560000 -63.2985268
0.3570000 -20.6452045
0.3580000 -31.4636974
0.3590000 -25.7717094
0.3600000 -52.1745377
0.3610000 -24.4173431
0.3620000 0.4369147
0.3630000 20.9966927
0.3640000 13.1611729
0.3650000 33.4838333
0.3660000 -22.6317959
0.3670000 -8.4106426
0.3680000 -98.8835526
0.3690000 74.2523880
0.3700000 59.0194893
0.3710000 -60.6428452
0.3720000 -4.6905408
0.3730000 61.2315254
0.3740000 -54.7137642
0.3750000 21.3693638
0.3760000 -20.5867748
0.3770000 10.6475067
0.3780000 -32.0121956
0.3790000 0.2237570
0.3800000 -4.3130131
0.3810000 24.8569241
0.3820000 11.1759977
0.3830000 -30.9724655
0.3840000 14.2267132
0.3850000 17.9653721
0.3860000 -77.1708679
0.3870000 -17.9540310
0.3880000 2.4285126
0.3890000 -38.5904083
0.3900000 59.4584656
0.3910000 -36.2120514
0.3920000 15.9377489
0.3930000 20.8042374
0.3940000 11.4078245
0.3950000 40.6285591
0.3960000 -29.5414467
0.3970000 21.6393032
0.3980000 -4.3194900
0.3990000 -23.1213398
0.4000000 -35.9263763
0.4010000 -83.4265747
0.4020000 -12.4915752
0.4030000 -22.8249130
0.4040000 -16.0030098
0.4050000 -8.3687048
0.4060000 -21.5670300
0.4070000 4.8070040
0.4080000 9.9073868
0.4090000 -6.5033274
0.4100000 4.6301832
0.4110000 -22.0289326
0.4120000 -19.9627075
0.4130000 -7.2807832
0.4140000 -10.6455965
0.4150000 25.2798176
0.4160000 39.1297493
0.4170000 15.5323467
0.4180000 16.5474720
0.4190000 36.1957855
0.4200000 33.1515465
0.4210000 44.5078621
0.4220000 -9.4423895
0.4230000 -59.4243317
0.4240000 8.6907253
0.4250000 -38.3566589
0.4260000 -15.4905472
0.4270000 38.6103745
0.4280000 14.5444317
0.4290000 23.2643566
0.4300000 -28.6435299
0.4310000 -46.0211639
0.4320000 -51.2725296
0.4330000 -30.9408531
0.4340000 13.8204041
0.4350000 -5.4117689
0.4360000 23.8845558
0.4370000 -11.9012718
0.4380000 -30.9370003
0.4390000 -22.0351448
0.4400000 21.3239956
0.4410000 25.4604263
0.4420000 11.6878443
0.4430000 -29.8891048
0.4440000 -3.6213677
0.4450000 -56.2206535
0.4460000 -39.1434326
0.4470000 -24.0859966
0.4480000 -15.0404720
0.4490000 -25.1132984
0.4500000 -85.9773560
0.4510000 -16.8399715
0.4520000 -33.5410995
0.4530000 -63.4268341
0.4540000 -47.2174835
0.4550000 -12.9343729
0.4560000 -30.6133709
0.4570000 21.9363022
0.4580000 11.3329821
0.4590000 1.1850293
0.4600000 -6.0692306
0.4610000 -72.2311325
0.4620000 29.3481007
0.4630000 -28.6759892
0.4640000 10.1884527
0.4650000 4.7622390
0.4660000 19.6711922
0.4670000 19.1481228
0.4680000 1.3146340
0.4690000 -27.1251850
0.4700000 -74.3857574
0.4710000 86.9182358
0.4720000 -3.9011185
0.4730000 -12.9532280
0.4740000 -19.0856628
0.4750000 84.7256927
0.4760000 -59.5854721
0.4770000 -76.0990982
0.4780000 39.6761398
0.4790000 23.7249451
0.4800000 -13.5682039
0.4810000 -44.6509781
0.4820000 21.9012127
0.4830000 14.1647320
0.4840000 37.9156265
0.4850000 -56.6953583
0.4860000 -82.4384537
0.4870000 -84.3879395
0.4880000 32.3224983
0.4890000 3.1564398
0.4900000 -55.9160690
0.4910000 -9.5360842
0.4920000 77.9492645
0.4930000 -15.7321539
0.4940000 -5.2178764
0.4950000 -4.2506542
0.4960000 -44.5116043
0.4970000 -38.1797562
0.4980000 23.0382576
0.4990000 -48.2956696
0.5000000 3.3121109
0.5010000 50.7863998
0.5020000 8.1507540
0.5030000 46.6302567
0.5040000 19.8653717
0.5050000 67.8113480
0.5060000 5.3298697
0.5070000 -43.6824303
0.5080000 6.8388290
0.5090000 -13.8089190
0.5100000 -7.2275796
0.5110000 -11.2614927
0.5120000 -70.8293457
0.5130000 52.2606087
0.5140000 -0.5902236
0.5150000 28.2347355
0.5160000 -37.3957214
0.5170000 10.3918114
0.5180000 -4.3617778
0.5190000 28.0479126
0.5200000 -2.2892909
0.5210000 18.9716282
0.5220000 8.7854595
0.5230000 -51.8090935
0.5240000 -44.2476807
0.5250000 23.3639507
0.5260000 9.8023968
0.5270000 5.0825205
0.5280000 -33.7801285
0.5290000 -65.5252762
0.5300000 -33.7324677
0.5310000 1.4345167
0.5320000 24.4508705
0.5330000 41.6912689
0.5340000 -33.4660873
0.5350000 -2.6954968
0.5360000 -43.6143875
0.5370000 -18.8717976
0.5380000 20.1032372
0.5390000 30.3030014
0.5400000 -0.8757458
0.5410000 -3.1619887
0.5420000 0.0097423
0.5430000 -62.4088554
0.5440000 44.7139702
0.5450000 -29.1765480
0.5460000 -14.8982649
0.5470000 24.4085522
0.5480000 -32.2912636
0.5490000 2.4549158
0.5500000 -4.9135351
0.5510000 54.2734108
0.5520000 33.3625298
0.5530000 -19.3074741
0.5540000 36.8814011
0.5550000 -16.3213463
0.5560000 -11.6672373
0.5570000 -44.6135597
0.5580000 52.2905540
0.5590000 21.6437225
0.5600000 -2.7688725
0.5610000 -36.4064751
0.5620000 -37.5477638
0.5630000 -43.6931305
0.5640000 -58.2077560
0.5650000 15.6548033
0.5660000 -32.9356384
0.5670000 -3.6686287
0.5680000 35.8535767
0.5690000 2.9991939
0.5700000 8.0869341
0.5710000 -0.4769169
0.5720000 -12.4865503
0.5730000 -3.3096278
0.5740000 -32.0941277
0.5750000 -81.2019577
0.5760000 -17.4181118
0.5770000 23.6296597
0.5780000 41.8799400
0.5790000 -3.8336952
0.5800000 3.8186626
0.5810000 -2.4102471
0.5820000 1.8379108
0.5830000 -37.6333313
0.5840000 70.6618271
0.5850000 5.3637514
0.5860000 5.9722939
0.5870000 -28.7535038
0.5880000 54.3104897
0.5890000 5.1839714
0.5900000 2.0852220
0.5910000 -65.3672104
0.5920000 -43.9628105
0.5930000 22.3890820
0.5940000 14.3759413
0.5950000 17.5021229
0.5960000 -38.0041885
0.5970000 -19.8345299
0.5980000 -32.7745590
0.5990000 21.2119789
0.6000000 -4.7604651
0.6010000 33.4082413
0.6020000 -13.6772041
0.6030000 -18.0724621
0.6040000 -15.4756079
0.6050000 -2.9345677
0.6060000 37.0527992
0.6070000 19.6778259
0.6080000 5.2179265
0.6090000 4.5859303
0.6100000 13.0687046
0.6110000 -32.9431686
0.6120000 24.3518524
0.6130000 7.2427855
0.6140000 23.6757336
0.6150000 12.4065199
0.6160000 -5.7867165
0.6170000 9.0429668
0.6180000 -2.3617775
0.6190000 21.0558510
0.6200000 6.1976886
0.6210000 59.5171967
0.6220000 -42.0206223
0.6230000 -5.0675578
0.6240000 -21.9348869
0.6250000 13.6930571
0.6260000 28.7138882
0.6270000 -22.0566921
0.6280000 18.6719131
0.6290000 2.0869524
0.6300000 -81.4754868
0.6310000 -35.0964622
0.6320000 -12.1483774
0.6330000 -18.6465302
0.6340000 -47.9762115
0.6350000 -11.9932156
0.6360000 -21.3667049
0.6370000 1.1169426
0.6380000 29.3712215
0.6390000 79.0393829
0.6400000 -22.1645241
0.6410000 23.4938450
0.6420000 47.3220901
0.6430000 -31.2844849
0.6440000 35.8425179
0.6450000 -16.1194820
0.6460000 43.4280510
0.6470000 66.6221848
0.6480000 4.2872148
0.6490000 -16.7719193
0.6500000 -51.6073189
0.6510000 10.2849541
0.6520000 -72.5410919
0.6530000 -24.5411110
0.6540000 -69.1878204
0.6550000 5.8503857
0.6560000 -65.4064941
0.6570000 -5.7518907
0.6580000 12.7217407
0.6590000 -30.2865868
0.6600000 24.7908001
0.6610000 5.7530794
0.6620000 -73.5835800
0.6630000 19.4870453
0.6640000 -14.0497913
0.6650000 -0.1536315
0.6660000 64.5945816
0.6670000 33.3991165
0.6680000 19.1189651
0.6690000 79.5711517
0.6700000 18.1859760
0.6710000 25.0171185
0.6720000 1.0240043
0.6730000 -22.0071106
0.6740000 -7.3136787
0.6750000 -86.2835007
0.6760000 21.4253635
0.6770000 -8.1484547
0.6780000 73.0490036
0.6790000 -59.9533043
0.6800000 23.7667980
0.6810000 -20.9152775
0.6820000 -3.3140457
0.6830000 48.8292465
0.6840000 -30.3575191
0.6850000 21.9257278
0.6860000 -14.5837631
0.6870000 7.9421349
0.6880000 -16.7147236
0.6890000 8.3999405
0.6900000 36.6453094
0.6910000 -19.2668476
0.6920000 -39.1500893
0.6930000 67.6754456
0.6940000 5.4540596
0.6950000 -46.2451782
0.6960000 28.0700665
0.6970000 27.6340446
0.6980000 10.6237020
0.6990000 -49.3491859
0.7000000 -20.3193169
0.7010000 -22.7227135
0.7020000 36.5137978
0.7030000 3.0538740
0.7040000 -31.5079708
0.7050000 -8.8372164
0.7060000 4.4394965
0.7070000 -48.4593086
0.7080000 -33.4265137
0.7090000 8.6890249
0.7100000 41.9648819
0.7110000 -18.1820126
0.7120000 -44.4992714
0.7130000 19.0369854
0.7140000 32.5539894
0.7150000 -20.6592960
0.7160000 38.6648407
0.7170000 -16.6869698
0.7180000 11.4133835
0.7190000 0.7137581
0.7200000 -23.5247955
0.7210000 50.9428406
0.7220000 -1.4731258
0.7230000 11.6347084
0.7240000 -17.7719631
0.7250000 -30.4021358
0.7260000 15.7211494
0.7270000 -4.7895737
0.7280000 -44.1661797
0.7290000 -16.2127934
0.7300000 -36.4562874
0.7310000 -15.5806808
0.7320000 10.3262482
0.7330000 19.7110615
0.7340000 -31.8298836
0.7350000 -58.2465096
0.7360000 -35.5308876
0.7370000 16.8879757
0.7380000 15.3975115
0.7390000 -34.2153053
0.7400000 15.7742853
0.7410000 -84.6796417
0.7420000 13.7592316
0.7430000 32.8297958
0.7440000 -32.4463959
0.7450000 -12.6160927
0.7460000 2.5735807
0.7470000 29.6630936
0.7480000 -52.0291481
0.7490000 75.3753891
0.7500000 9.2363653
0.7510000 23.2409744
0.7520000 -12.4849243
0.7530000 4.7686291
0.7540000 51.5275421
0.7550000 -37.4481697
0.7560000 7.6970992
0.7570000 32.8779984
0.7580000 -40.0648537
0.7590000 -33.2856178
0.7600000 -12.5243616
0.7610000 30.9609718
0.7620000 13.1230373
0.7630000 41.3635101
0.7640000 -55.2506866
0.7650000 40.5404549
0.7660000 -25.1317253
0.7670000 -30.4874382
0.7680000 89.7172699
0.7690000 -1.5643915
0.7700000 -88.7048264
0.7710000 64.7462692
0.7720000 20.0318050
0.7730000 11.0813570
0.7740000 -40.8340912
0.7750000 39.5291061
0.7760000 -11.1112652
0.7770000 59.3263130
0.7780000 -16.9923286
0.7790000 25.8981190
0.7800000 -5.4677272
0.7810000 -56.6268692
0.7820000 -41.4770927
0.7830000 -30.0166550
0.7840000 38.0996933
0.7850000 -4.1116652
0.7860000 15.6595211
0.7870000 44.7375183
0.7880000 -37.0133324
0.7890000 25.8107796
0.7900000 -47.6963654
0.7910000 12.7662525
0.7920000 35.2925148
0.7930000 45.8338318
0.7940000 56.4330597
0.7950000 -40.3595200
0.7960000 6.6615071
0.7970000 30.1218605
0.7980000 56.3484116
0.7990000 24.7863789
0.8000000 -5.8750286
0.8010000 53.7294044
0.8020000 49.8137856
0.8030000 -9.5284710
0.8040000 -6.5589147
0.8050000 -18.6273079
0.8060000 -52.2744789
0.8070000 13.3698845
0.8080000 -12.0098629
0.8090000 -32.7207413
0.8100000 21.8557873
0.8110000 43.1599045
0.8120000 13.1317625
0.8130000 47.6339378
0.8140000 23.8158379
0.8150000 -2.9757087
0.8160000 -59.2871323
0.8170000 -23.8448677
0.8180000 22.6835117
0.8190000 -28.8772831
0.8200000 -13.2954931
0.8210000 -25.8945160
0.8220000 -50.7501106
0.8230000 27.9333363
0.8240000 52.4796104
0.8250000 -63.0640793
0.8260000 20.8463535
0.8270000 23.8796654
0.8280000 16.7705612
0.8290000 10.8535166
0.8300000 73.7190933
0.8310000 62.1037102
0.8320000 -18.8746090
0.8330000 49.1690826
0.8340000 -40.8406258
0.8350000 9.4082747
0.8360000 4.9807172
0.8370000 -10.6719933
0.8380000 -19.5388241
0.8390000 -31.8802547
0.8400000 25.1089458
0.8410000 -21.8827324
0.8420000 -21.0114937
0.8430000 -10.0959167
0.8440000 49.7439270
0.8450000 -56.4303856
0.8460000 1.6874279
0.8470000 5.0080910
0.8480000 -39.9366646
0.8490000 32.4612350
0.8500000 -49.0096474
0.8510000 9.8057365
0.8520000 -5.6794915
0.8530000 28.6491680
0.8540000 -36.3363113
0.8550000 35.7220421
0.8560000 -28.0345707
0.8570000 67.4555893
0.8580000 30.9948349
0.8590000 77.2863770
0.8600000 51.3146667
0.8610000 25.3053303
0.8620000 3.4538751
0.8630000 81.5304489
0.8640000 -6.3515410
0.8650000 83.5130997
0.8660000 -6.2700391
0.8670000 -8.3981771
0.8680000 29.8033886
0.8690000 5.8250918
0.8700000 5.0283136
0.8710000 -5.0928245
0.8720000 76.6906052
0.8730000 -26.6505547
0.8740000 11.8969631
0.8750000 24.6116486
0.8760000 12.6517839
0.8770000 11.6242342
0.8780000 -63.1125755
0.8790000 9.7194195
0.8800000 -37.5056152
0.8810000 -22.0762463
0.8820000 4.0827675
0.8830000 25.6818104
0.8840000 -42.0738602
0.8850000 36.9225616
0.8860000 -27.1703568
0.8870000 25.5588951
0.8880000 33.8266258
0.8890000 3.2734718
0.8900000 27.4162788
0.8910000 -31.2058182
0.8920000 -2.9342213
0.8930000 10.5707426
0.8940000 -17.7317123
0.8950000 -18.6773796
0.8960000 6.8343492
0.8970000 8.7749586
0.8980000 51.3088913
0.8990000 -11.4339447
0.9000000 35.1989708
0.9010000 77.0920563
0.9020000 -2.2159994
0.9030000 -16.0182514
0.9040000 21.0134201
0.9050000 7.3377481
0.9060000 -54.8420906
0.9070000 -33.3233871
0.9080000 23.9568310
0.9090000 -4.9258370
0.9100000 34.7700768
0.9110000 4.7135048
0.9120000 -65.5458679
0.9130000 5.0287399
0.9140000 -24.1985283
0.9150000 26.3984756
0.9160000 -3.7795238
0.9170000 -13.5392437
0.9180000 6.9734750
0.9190000 12.9813852
0.9200000 -55.3362312
0.9210000 -70.2006989
0.9220000 16.3546352
0.9230000 38.7811089
0.9240000 -37.2493057
0.9250000 19.7425289
0.9260000 -12.2306213
0.9270000 33.3717499
0.9280000 66.8203430
0.9290000 38.1136131
0.9300000 -15.9351530
0.9310000 -8.3710384
0.9320000 -34.3608322
0.9330000 8.3254042
0.9340000 41.4800949
0.9350000 28.5368958
0.9360000 36.2221680
0.9370000 63.1723099
0.9380000 -5.5961976
0.9390000 -18.2309723
0.9400000 54.2628517
0.9410000 -12.2278700
0.9420000 -20.6442661
0.9430000 -80.5765915
0.9440000 -16.1192703
0.9450000 -25.9314384
0.9460000 61.1604118
0.9470000 -18.1703129
0.9480000 -24.4000263
0.9490000 25.6730213
0.9500000 -1.3986132
0.9510000 -38.0483513
0.9520000 -13.1434202
0.9530000 81.9811401
0.9540000 40.6351967
0.9550000 -36.8723106
0.9560000 20.3356781
0.9570000 4.8377333
0.9580000 64.7611542
0.9590000 -50.6992493
0.9600000 15.1700115
0.9610000 -20.4311676
0.9620000 -39.0419159
0.9630000 0.3868913
0.9640000 20.6605892
0.9650000 7.8092446
0.9660000 76.0954437
0.9670000 58.4322777
0.9680000 46.1411057
0.9690000 -24.1149731
0.9700000 -66.0600433
0.9710000 5.7399149
0.9720000 -12.1470995
0.9730000 23.0272789
0.9740000 -65.4147491
0.9750000 35.2311020
0.9760000 74.6591034
0.9770000 32.7316017
0.9780000 44.8532219
0.9790000 23.8722668
0.9800000 -3.9437230
0.9810000 21.7670918
0.9820000 -10.2786865
0.9830000 -63.1833496
0.9840000 49.3903236
0.9850000 28.8937588
0.9860000 -28.3440685
0.9870000 15.8673782
0.9880000 -18.5759830
0.9890000 87.9472656
0.9900000 56.7671127
0.9910000 -80.4291229
0.9920000 -6.8480663
0.9930000 38.3645782
0.9940000 9.6500750
0.9950000 14.0232220
0.9960000 -51.5386009
0.9970000 17.1331024
0.9980000 20.8150368
0.9990000 -4.6555333
