0.0000000 -28.6912498
0.0010000 -16.3335857
0.0020000 8.7139339
0.0030000 3.0878465
0.0040000 23.6620121
0.0050000 2.8504727
0.0060000 65.2367172
0.0070000 17.4218540
0.0080000 3.4338856
0.0090000 43.1320114
0.0100000 27.4781647
0.0110000 23.6218834
0.0120000 -22.4755936
0.0130000 -34.5294495
0.0140000 22.6712379
0.0150000 -66.0682755
0.0160000 -48.2049179
0.0170000 -33.4312248
0.0180000 13.0957508
0.0190000 32.1702652
0.0200000 -54.1665916
0.0210000 60.8821564
0.0220000 31.7413521
0.0230000 -14.4785843
0.0240000 -4.8855448
0.0250000 18.0335064
0.0260000 37.8911324
0.0270000 36.7874107
0.0280000 -1.4923108
0.0290000 46.3636284
0.0300000 -22.0578365
0.0310000 -23.0784988
0.0320000 39.8428802
0.0330000 -18.9487667
0.0340000 6.2303133
0.0350000 19.3737373
0.0360000 31.4197350
0.0370000 -0.5499623
0.0380000 7.5411105
0.0390000 66.2984390
0.0400000 49.5197144
0.0410000 -14.8067350
0.0420000 -26.3092937
0.0430000 17.5087013
0.0440000 21.3006516
0.0450000 24.1451454
0.0460000 38.2649994
0.0470000 -1.9824368
0.0480000 -56.2960510
0.0490000 30.2211113
0.0500000 9.2706757
0.0510000 23.3859119
0.0520000 -1.3553751
0.0530000 -4.5687542
0.0540000 2.4593346
0.0550000 -8.2217112
0.0560000 25.4473915
0.0570000 6.6347775
0.0580000 -10.2284069
0.0590000 1.0882030
0.0600000 2.7416782
0.0610000 -10.1830711
0.0620000 -35.6086044
0.0630000 57.2665825
0.0640000 -8.6623650
0.0650000 9.2609577
0.0660000 -1.6185557
0.0670000 14.1291857
0.0680000 6.0687776
0.0690000 54.5493431
0.0700000 -3.3409860
0.0710000 4.0258117
0.0720000 -40.4401474
0.0730000 0.1956032
0.0740000 21.6415653
0.0750000 -11.5712204
0.0760000 -102.1440659
0.0770000 -6.1375332
0.0780000 9.7407417
0.0790000 4.9707355
0.0800000 5.9947190
0.0810000 39.2568474
0.0820000 15.6439362
0.0830000 35.1193504
0.0840000 67.7838593
0.0850000 -34.7002983
0.0860000 -5.2966590
0.0870000 24.8069572
0.0880000 -12.6250334
0.0890000 -26.9186382
0.0900000 -41.1564713
0.0910000 -14.4195232
0.0920000 9.6033163
0.0930000 23.1783047
0.0940000 60.7845840
0.0950000 58.5851631
0.0960000 -35.8178062
0.0970000 31.1606178
0.0980000 -48.3287086
0.0990000 -17.3367367
0.1000000 -0.7752932
0.1010000 68.9758759
0.1020000 15.1937265
0.1030000 -49.0019989
0.1040000 -80.2214737
0.1050000 -7.3029900
0.1060000 -27.9379082
0.1070000 -27.9677467
0.1080000 7.7572360
0.1090000 15.9716177
0.1100000 -18.9751568
0.1110000 -53.3544350
0.1120000 -21.2809372
0.1130000 -18.6305561
0.1140000 -3.2824242
0.1150000 -39.4482498
0.1160000 62.4534531
0.1170000 -8.9930372
0.1180000 -12.2182817
0.1190000 5.9544544
0.1200000 34.2753868
0.1210000 1.8515598
0.1220000 8.6648207
0.1230000 53.3299789
0.1240000 39.6868782
0.1250000 4.1650090
0.1260000 -56.1561623
0.1270000 29.7930889
0.1280000 -68.9762802
0.1290000 14.7755241
0.1300000 55.7766304
0.1310000 2.5637200
0.1320000 -30.8843517
0.1330000 57.3072968
0.1340000 -8.8789978
0.1350000 -28.8300037
0.1360000 -37.0134926
0.1370000 14.8251019
0.1380000 15.7626543
0.1390000 -47.0720367
0.1400000 55.3811646
0.1410000 19.1311760
0.1420000 79.6740646
0.1430000 -15.4329033
0.1440000 2.6536908
0.1450000 -10.4452276
0.1460000 -53.8855972
0.1470000 -5.0046744
0.1480000 -17.9912796
0.1490000 2.2581496
0.1500000 17.0223255
0.1510000 -40.4263687
0.1520000 -46.1951180
0.1530000 38.4708138
0.1540000 -9.4935160
0.1550000 77.2398453
0.1560000 -21.8170033
0.1570000 -10.1298513
0.1580000 -32.5284386
0.1590000 36.5815849
0.1600000 33.5707016
0.1610000 19.7934742
0.1620000 -47.6093025
0.1630000 64.6539688
0.1640000 17.7584915
0.1650000 -15.4931135
0.1660000 -12.8820553
0.1670000 34.4587593
0.1680000 -20.0839806
0.1690000 -5.5514574
0.1700000 -14.3109951
0.1710000 -16.4412804
0.1720000 19.1472931
0.1730000 -0.0252104
0.1740000 31.4264450
0.1750000 -13.0221443
0.1760000 -20.8991070
0.1770000 59.5459976
0.1780000 -35.1303558
0.1790000 -30.3736000
0.1800000 22.0548344
0.1810000 40.4236450
0.1820000 -7.5874715
0.1830000 -0.7544107
0.1840000 -30.5385609
0.1850000 5.2402921
0.1860000 -54.5832405
0.1870000 12.0066462
0.1880000 -9.9160061
0.1890000 20.6432381
0.1900000 -35.1171341
0.1910000 -24.3651009
0.1920000 32.0874977
0.1930000 -33.1498909
0.1940000 14.6761904
0.1950000 47.5980492
0.1960000 -12.5776539
0.1970000 -4.8978500
0.1980000 21.6317635
0.1990000 29.6114330
0.2000000 -29.0113792
0.2010000 -1.6512268
0.2020000 67.2565994
0.2030000 57.3547134
0.2040000 41.7555466
0.2050000 -54.3696480
0.2060000 26.2139111
0.2070000 61.8582001
0.2080000 -41.9984894
0.2090000 -52.8895187
0.2100000 22.5317421
0.2110000 53.2898827
0.2120000 -16.6700001
0.2130000 36.4396820
0.2140000 28.7489204
0.2150000 34.7092209
0.2160000 -20.7538414
0.2170000 11.1800842
0.2180000 20.3145504
0.2190000 35.4716759
0.2200000 -15.4824572
0.2210000 67.4388428
0.2220000 9.1789150
0.2230000 34.9512596
0.2240000 28.4991016
0.2250000 -29.8130379
0.2260000 -7.8695450
0.2270000 32.3460007
0.2280000 -38.5200005
0.2290000 -30.6051388
0.2300000 28.4318523
0.2310000 5.1926875
0.2320000 82.5244370
0.2330000 -34.6582375
0.2340000 -1.4711380
0.2350000 50.7752647
0.2360000 -14.3259563
0.2370000 -23.6285992
0.2380000 31.8517323
0.2390000 5.4187541
0.2400000 9.9408932
0.2410000 48.5606461
0.2420000 -15.6299734
0.2430000 -53.3584480
0.2440000 -26.8956432
0.2450000 29.6858768
0.2460000 -1.8377047
0.2470000 22.3400955
0.2480000 16.6953430
0.2490000 16.2481461
0.2500000 -60.8473396
0.2510000 -14.1000271
0.2520000 -5.3369417
0.2530000 -12.3356781
0.2540000 6.7446413
0.2550000 -54.6712456
0.2560000 -18.1406670
0.2570000 -91.2427216
0.2580000 -5.5335164
0.2590000 6.7491870
0.2600000 71.4500656
0.2610000 10.1227512
0.2620000 -16.2005215
0.2630000 -48.9825401
0.2640000 -62.5636177
0.2650000 26.7306728
0.2660000 14.8211565
0.2670000 6.4052167
0.2680000 62.9041901
0.2690000 -26.0568352
0.2700000 22.4687500
0.2710000 3.1492288
0.2720000 11.8459597
0.2730000 2.0075309
0.2740000 -0.2532499
0.2750000 72.5493011
0.2760000 -29.4029293
0.2770000 18.6594257
0.2780000 -90.7993011
0.2790000 0.1278645
0.2800000 -42.0213051
0.2810000 82.6815414
0.2820000 -62.1879501
0.2830000 -18.4893570
0.2840000 -77.6627197
0.2850000 31.0664539
0.2860000 -10.1110868
0.2870000 -99.0823822
0.2880000 -38.7314453
0.2890000 -43.0218201
0.2900000 2.0612481
0.2910000 87.1937103
0.2920000 22.7167473
0.2930000 -12.7913532
0.2940000 11.4884796
0.2950000 -41.5476189
0.2960000 2.0653958
0.2970000 10.0290709
0.2980000 3.0649600
0.2990000 9.6483068
0.3000000 10.3674831
0.3010000 -36.5700493
0.3020000 2.9396062
0.3030000 31.1997948
0.3040000 -57.0054855
0.3050000 -8.0783348
0.3060000 16.1767159
0.3070000 22.2205849
0.3080000 -2.6361790
0.3090000 20.9301682
0.3100000 -27.5765419
0.3110000 2.8586144
0.3120000 50.6211357
0.3130000 34.5237579
0.3140000 29.6357784
0.3150000 -15.3394089
0.3160000 -5.8913884
0.3170000 -15.6754389
0.3180000 -11.0909395
0.3190000 37.0082703
0.3200000 -4.5282006
0.3210000 -10.3502474
0.3220000 -38.1198044
0.3230000 30.7860374
0.3240000 50.8313179
0.3250000 63.2643509
0.3260000 -21.5308304
0.3270000 -31.0050983
0.3280000 -29.5070896
0.3290000 -2.6362228
0.3300000 44.4348412
0.3310000 25.8955746
0.3320000 -48.1006393
0.3330000 31.9150677
0.3340000 -36.3318214
0.3350000 -52.4933014
0.3360000 21.2957554
0.3370000 25.8388252
0.3380000 74.1285477
0.3390000 -45.2321587
0.3400000 -39.5764771
0.3410000 -7.6474543
0.3420000 12.9573679
0.3430000 -16.9879169
0.3440000 17.1510944
0.3450000 13.7964344
0.3460000 1.1572627
0.3470000 1.9667854
0.3480000 -12.8663301
0.3490000 36.0125198
0.3500000 -10.6471901
0.3510000 -19.0981388
0.3520000 -80.6756897
0.3530000 -36.4012413
0.3540000 -32.7164764
0.3550000 -48.9295616
0.3560000 29.9938431
0.3570000 29.2777691
0.3580000 99.8372803
0.3590000 4.7458034
0.3600000 31.5831318
0.3610000 -45.0581512
0.3620000 -29.6239052
0.3630000 -3.3891456
0.3640000 -12.0509825
0.3650000 -5.3372002
0.3660000 -38.6483269
0.3670000 49.3653793
0.3680000 -17.1321697
0.3690000 -9.2872410
0.3700000 -22.1708374
0.3710000 -40.0543365
0.3720000 34.7105560
0.3730000 -42.0247040
0.3740000 3.7050087
0.3750000 27.4006252
0.3760000 8.2126017
0.3770000 33.1770973
0.3780000 -4.5733747
0.3790000 54.2984238
0.3800000 10.9661102
0.3810000 8.6362162
0.3820000 30.5078220
0.3830000 37.2165985
0.3840000 20.9476490
0.3850000 -16.6021938
0.3860000 21.9980736
0.3870000 -47.5613060
0.3880000 -5.5176840
0.3890000 1.7652708
0.3900000 -4.8697972
0.3910000 68.0588913
0.3920000 -32.6085930
0.3930000 -21.4180527
0.3940000 37.3504753
0.3950000 10.8285322
0.3960000 51.6370163
0.3970000 43.4218369
0.3980000 23.3166046
0.3990000 7.6820416
0.4000000 -17.9655495
0.4010000 -7.9443069
0.4020000 57.8995094
0.4030000 12.9586363
0.4040000 -25.8909168
0.4050000 -20.2541599
0.4060000 38.9305153
0.4070000 27.2066822
0.4080000 -40.3393631
0.4090000 18.4969769
0.4100000 37.9069901
0.4110000 31.4184856
0.4120000 -30.2814045
0.4130000 -16.9684734
0.4140000 -23.4196396
0.4150000 -1.8806300
0.4160000 39.3017159
0.4170000 -25.1580963
0.4180000 60.9208298
0.4190000 -39.5011482
0.4200000 12.8535852
0.4210000 5.7192864
0.4220000 -28.6388893
0.4230000 13.8342257
0.4240000 5.9621968
0.4250000 18.6461563
0.4260000 31.2423458
0.4270000 -5.7516427
0.4280000 -82.2048874
0.4290000 31.8051224
0.4300000 -2.3527579
0.4310000 -23.9726601
0.4320000 27.1001873
0.4330000 -22.9198380
0.4340000 31.3326473
0.4350000 11.2622595
0.4360000 39.0966110
0.4370000 15.9469395
0.4380000 15.1086197
0.4390000 -3.1353786
0.4400000 -11.2938137
0.4410000 -8.4124193
0.4420000 -8.6135235
0.4430000 -11.9301596
0.4440000 -26.8530655
0.4450000 -8.4819307
0.4460000 -30.8534985
0.4470000 -19.8506603
0.4480000 -6.3455133
0.4490000 10.0778618
0.4500000 -16.4773273
0.4510000 4.5824585
0.4520000 82.8434296
0.4530000 14.0701475
0.4540000 -35.9142303
0.4550000 33.4490280
0.4560000 3.7988915
0.4570000 -29.6029663
0.4580000 8.1418781
0.4590000 22.2856216
0.4600000 6.8841653
0.4610000 -2.6348655
0.4620000 35.6346703
0.4630000 7.3118620
0.4640000 -17.5205364
0.4650000 -26.9793568
0.4660000 28.2293453
0.4670000 10.2202282
0.4680000 -9.1432772
0.4690000 9.4176207
0.4700000 14.7557030
0.4710000 13.1651669
0.4720000 -33.0640144
0.4730000 19.0107746
0.4740000 -24.8566341
0.4750000 -9.0044861
0.4760000 -27.1406975
0.4770000 27.5724297
0.4780000 53.9263878
0.4790000 -19.4387836
0.4800000 -0.9300872
0.4810000 16.0937729
0.4820000 -27.9285603
0.4830000 9.7283630
0.4840000 45.9352074
0.4850000 40.7232971
0.4860000 -53.4787292
0.4870000 -106.7862320
0.4880000 5.7303009
0.4890000 -11.4189205
0.4900000 62.2014847
0.4910000 6.3013110
0.4920000 -14.7664833
0.4930000 77.4463425
0.4940000 10.1116877
0.4950000 -6.6738315
0.4960000 43.3221321
0.4970000 -23.4830284
0.4980000 -3.5935426
0.4990000 10.4300890
0.5000000 6.7495866
0.5010000 6.1582360
0.5020000 -8.6379461
0.5030000 57.4276772
0.5040000 -68.6342850
0.5050000 21.3014660
0.5060000 34.9881325
0.5070000 24.3573837
0.5080000 10.9428616
0.5090000 30.4549828
0.5100000 -41.5945587
0.5110000 8.1884375
0.5120000 1.3177195
0.5130000 44.1897011
0.5140000 1.1209491
0.5150000 47.9854431
0.5160000 18.5377178
0.5170000 64.2602921
0.5180000 37.3243942
0.5190000 71.3676071
0.5200000 31.1118813
0.5210000 -7.7992229
0.5220000 12.5685225
0.5230000 -35.0187302
0.5240000 12.5754414
0.5250000 3.0848444
0.5260000 -22.0710735
0.5270000 -77.9599838
0.5280000 -30.4470959
0.5290000 -9.0591288
0.5300000 22.9009209
0.5310000 53.3724937
0.5320000 19.4471188
0.5330000 34.7402763
0.5340000 -39.5481796
0.5350000 15.9555407
0.5360000 10.6767282
0.5370000 9.7232714
0.5380000 -31.2572269
0.5390000 -29.5465794
0.5400000 46.5277214
0.5410000 -65.7475357
0.5420000 70.4402542
0.5430000 -15.4603415
0.5440000 22.6639614
0.5450000 71.0738754
0.5460000 -37.1149559
0.5470000 -29.2567883
0.5480000 34.7259216
0.5490000 28.1849003
0.5500000 -28.6128616
0.5510000 -13.5559855
0.5520000 40.3050690
0.5530000 6.2435613
0.5540000 0.7203661
0.5550000 54.3449440
0.5560000 -49.5939903
0.5570000 -18.6634941
0.5580000 -22.7489891
0.5590000 -15.2711916
0.5600000 15.2100840
0.5610000 10.3319750
0.5620000 -40.2732162
0.5630000 32.4572067
0.5640000 6.9389219
0.5650000 30.1114902
0.5660000 7.6921420
0.5670000 -24.8654060
0.5680000 -7.0857110
0.5690000 -25.5098705
0.5700000 16.4343243
0.5710000 13.2011929
0.5720000 8.6616154
0.5730000 -40.4948692
0.5740000 30.8264256
0.5750000 1.1322578
0.5760000 -28.9053249
0.5770000 28.4404602
0.5780000 -18.7899647
0.5790000 -59.9971733
0.5800000 14.5624228
0.5810000 41.3565140
0.5820000 -0.8058081
0.5830000 -29.1642590
0.5840000 -44.9318428
0.5850000 12.9151411
0.5860000 -45.8685150
0.5870000 1.7456634
0.5880000 81.7020569
0.5890000 10.9053307
0.5900000 -22.7622223
0.5910000 2.8564594
0.5920000 -58.8246117
0.5930000 -29.3362141
0.5940000 26.1572800
0.5950000 -11.9098377
0.5960000 -49.5684013
0.5970000 44.7955933
0.5980000 -40.1560326
0.5990000 -3.7347047
0.6000000 16.9316368
0.6010000 48.2137146
0.6020000 -20.9087162
0.6030000 16.9278278
0.6040000 38.2136192
0.6050000 -28.4027767
0.6060000 -30.9994183
0.6070000 2.2034917
0.6080000 -17.8120880
0.6090000 50.9539528
0.6100000 4.1782222
0.6110000 -26.9103031
0.6120000 8.4415064
0.6130000 28.0629120
0.6140000 28.9171963
0.6150000 -21.2452335
0.6160000 39.4363937
0.6170000 14.4445686
0.6180000 -9.0800447
0.6190000 -0.2189303
0.6200000 -16.3656807
0.6210000 -39.3650208
0.6220000 59.8641930
0.6230000 44.7722092
0.6240000 -18.6934662
0.6250000 61.8587646
0.6260000 -9.1302891
0.6270000 -16.0090103
0.6280000 53.8082809
0.6290000 -0.4374853
0.6300000 -41.0216293
0.6310000 5.1325164
0.6320000 2.4096799
0.6330000 -6.4508142
0.6340000 17.1100578
0.6350000 32.7303162
0.6360000 2.5036871
0.6370000 -7.3404112
0.6380000 9.6807480
0.6390000 23.9075394
0.6400000 -75.8760071
0.6410000 -4.5905309
0.6420000 21.3600235
0.6430000 -20.5159740
0.6440000 7.4240851
0.6450000 -39.9493217
0.6460000 12.2655478
0.6470000 4.4146771
0.6480000 5.3469329
0.6490000 -31.1272449
0.6500000 51.3932228
0.6510000 1.7034836
0.6520000 -26.7378578
0.6530000 -2.4192317
0.6540000 -0.5400591
0.6550000 -15.0060034
0.6560000 14.9363155
0.6570000 19.2220078
0.6580000 -5.2818427
0.6590000 -50.2682686
0.6600000 32.0454483
0.6610000 0.2212838
0.6620000 -64.5494843
0.6630000 -16.9457874
0.6640000 12.3440142
0.6650000 -57.8533096
0.6660000 15.0572691
0.6670000 -18.8453255
0.6680000 19.8583012
0.6690000 57.6379623
0.6700000 -13.8686457
0.6710000 59.0483017
0.6720000 52.4234505
0.6730000 -31.5921955
0.6740000 -20.2995720
0.6750000 42.5117683
0.6760000 23.4376411
0.6770000 -27.9019833
0.6780000 -43.2142258
0.6790000 -4.7505894
0.6800000 22.5927563
0.6810000 -19.9671841
0.6820000 24.2395916
0.6830000 -15.2518892
0.6840000 -16.8031788
0.6850000 -11.8240900
0.6860000 1.8370799
0.6870000 -14.0523491
0.6880000 18.0860195
0.6890000 -52.4124451
0.6900000 39.2296944
0.6910000 -31.6696339
0.6920000 37.2383995
0.6930000 29.7267551
0.6940000 -9.4555397
0.6950000 -17.4733448
0.6960000 -19.7091408
0.6970000 48.1105461
0.6980000 -6.2357268
0.6990000 17.4082832
0.7000000 -22.5208340
0.7010000 34.7879906
0.7020000 -24.7755566
0.7030000 28.5664558
0.7040000 -85.4209671
0.7050000 37.8135147
0.7060000 33.6678658
0.7070000 19.6534500
0.7080000 45.6035690
0.7090000 58.2714882
0.7100000 -9.2230854
0.7110000 -0.2219157
0.7120000 77.7763214
0.7130000 -38.3079605
0.7140000 -21.7123508
0.7150000 -15.7966843
0.7160000 14.7689505
0.7170000 26.6693001
0.7180000 -25.1603088
0.7190000 12.5649328
0.7200000 -14.2306747
0.7210000 95.3440704
0.7220000 93.2994690
0.7230000 66.5247879
0.7240000 -32.2005768
0.7250000 44.0098381
0.7260000 21.6652145
0.7270000 61.3710594
0.7280000 -43.0063286
0.7290000 2.0816617
0.7300000 25.1255302
0.7310000 -48.4696083
0.7320000 -32.7535973
0.7330000 12.4440584
0.7340000 -27.2116928
0.7350000 -33.6133842
0.7360000 0.0390140
0.7370000 5.8407841
0.7380000 48.7407074
0.7390000 -11.9229326
0.7400000 15.1975508
0.7410000 -27.5229149
0.7420000 4.2049465
0.7430000 -25.4174919
0.7440000 -57.3839035
0.7450000 49.1227379
0.7460000 21.0440311
0.7470000 23.8501701
0.7480000 -30.4233341
0.7490000 16.6844959
0.7500000 29.1348019
0.7510000 46.4282112
0.7520000 19.3525600
0.7530000 -45.8509827
0.7540000 57.3922691
0.7550000 -46.0713005
0.7560000 32.4373207
0.7570000 -0.2558815
0.7580000 -11.0031967
0.7590000 39.3476868
0.7600000 -60.1242981
0.7610000 24.5171738
0.7620000 -3.5083065
0.7630000 38.8458099
0.7640000 -54.1509323
0.7650000 -26.3310375
0.7660000 -47.8473663
0.7670000 7.8724713
0.7680000 -23.7153416
0.7690000 2.0079126
0.7700000 16.0145493
0.7710000 30.6561317
0.7720000 -42.1320381
0.7730000 14.2409887
0.7740000 33.8066521
0.7750000 69.1960068
0.7760000 -18.5808907
0.7770000 -25.3342171
0.7780000 -51.1280556
0.7790000 15.9068079
0.7800000 60.6462135
0.7810000 -28.6042805
0.7820000 -94.8023453
0.7830000 -34.8963890
0.7840000 15.9391813
0.7850000 67.6716080
0.7860000 26.8440285
0.7870000 -58.4273033
0.7880000 16.6855507
0.7890000 -33.0972023
0.7900000 -2.0783696
0.7910000 20.4804897
0.7920000 -17.2625446
0.7930000 -30.5277405
0.7940000 7.3782358
0.7950000 73.5705872
0.7960000 -42.1464043
0.7970000 -6.6534681
0.7980000 -25.4432087
0.7990000 19.8065815
0.8000000 69.7335129
0.8010000 -19.6944695
0.8020000 10.4187469
0.8030000 -53.0458832
0.8040000 -6.9131327
0.8050000 42.3470154
0.8060000 -21.9729633
0.8070000 -3.7784886
0.8080000 53.0341988
0.8090000 -17.1657524
0.8100000 -24.0087643
0.8110000 10.1967669
0.8120000 -15.6017580
0.8130000 -1.8924185
0.8140000 -11.6311016
0.8150000 -9.7155027
0.8160000 48.7390251
0.8170000 -25.0595131
0.8180000 16.4137859
0.8190000 -36.9846077
0.8200000 -0.5259585
0.8210000 0.0357394
0.8220000 22.1578827
0.8230000 -18.6384048
0.8240000 76.2721939
0.8250000 58.1674118
0.8260000 5.9113274
0.8270000 -19.1842651
0.8280000 5.8239193
0.8290000 -21.5436058
0.8300000 -19.5301189
0.8310000 29.2588158
0.8320000 12.0283117
0.8330000 70.4853821
0.8340000 -33.1586075
0.8350000 25.9591675
0.8360000 19.3298798
0.8370000 41.7857590
0.8380000 32.9212036
0.8390000 19.4802341
0.8400000 72.9112625
0.8410000 5.7353730
0.8420000 23.4730606
0.8430000 73.2976761
0.8440000 34.8468971
0.8450000 -22.9284401
0.8460000 -2.9463558
0.8470000 21.8300362
0.8480000 -77.5436249
0.8490000 -53.7765388
0.8500000 -32.7488785
0.8510000 -4.2386789
0.8520000 -5.5894237
0.8530000 10.8721285
0.8540000 40.8597870
0.8550000 -2.1061008
0.8560000 10.1633043
0.8570000 -24.1049461
0.8580000 17.4667625
0.8590000 33.0433350
0.8600000 29.1859322
0.8610000 68.1799545
0.8620000 72.3007050
0.8630000 -28.4025993
0.8640000 -16.8322773
0.8650000 -52.9690323
0.8660000 -25.9942474
0.8670000 30.2455082
0.8680000 -49.1487427
0.8690000 49.9466476
0.8700000 9.0804129
0.8710000 -9.4384737
0.8720000 7.5438914
0.8730000 -53.5215492
0.8740000 16.8401241
0.8750000 38.9794693
0.8760000 15.1017904
0.8770000 -32.4703293
0.8780000 3.8397214
0.8790000 -64.9505005
0.8800000 -12.1938162
0.8810000 35.1629791
0.8820000 -6.5739360
0.8830000 37.7423286
0.8840000 14.3633327
0.8850000 34.7811508
0.8860000 28.5113087
0.8870000 -27.4507122
0.8880000 13.4043026
0.8890000 -8.4879618
0.8900000 -12.2272272
0.8910000 -29.6046047
0.8920000 -28.7456245
0.8930000 4.1359577
0.8940000 -27.6581326
0.8950000 -19.2317505
0.8960000 -20.3634090
0.8970000 46.2531013
0.8980000 44.5504875
0.8990000 -0.2119181
0.9000000 -14.2025223
0.9010000 -2.3921967
0.9020000 29.3592911
0.9030000 -51.6379089
0.9040000 -6.3012185
0.9050000 -41.3452682
0.9060000 -2.2815790
0.9070000 15.9298382
0.9080000 50.6863022
0.9090000 -8.1988173
0.9100000 18.5400410
0.9110000 -11.0021839
0.9120000 -49.1531906
0.9130000 -62.3873405
0.9140000 -33.8258514
0.9150000 96.9512558
0.9160000 6.0809050
0.9170000 -69.8678970
0.9180000 -73.1007919
0.9190000 1.0922196
0.9200000 -10.2880688
0.9210000 -16.0766640
0.9220000 -24.9746819
0.9230000 -31.7982979
0.9240000 -89.3558502
0.9250000 19.0591221
0.9260000 9.1431446
0.9270000 29.9079933
0.9280000 17.3168163
0.9290000 -2.7796605
0.9300000 48.3276787
0.9310000 -39.2790108
0.9320000 -11.0382414
0.9330000 23.3621120
0.9340000 -5.0828600
0.9350000 -54.9248581
0.9360000 -12.5723829
0.9370000 9.1528645
0.9380000 26.3755398
0.9390000 43.2770729
0.9400000 -36.9880104
0.9410000 10.8278332
0.9420000 -28.9171009
0.9430000 -25.4653053
0.9440000 -6.8431783
0.9450000 -67.2821960
0.9460000 22.3268929
0.9470000 -11.0844011
0.9480000 15.0017576
0.9490000 -8.1379747
0.9500000 -9.9649839
0.9510000 33.2943840
0.9520000 1.1596367
0.9530000 -11.8624792
0.9540000 -49.2674255
0.9550000 -2.8147798
0.9560000 2.1228197
0.9570000 27.3930550
0.9580000 1.7639638
0.9590000 -25.2865429
0.9600000 -36.4575157
0.9610000 -3.5192387
0.9620000 -42.7369232
0.9630000 -19.4752254
0.9640000 41.6794434
0.9650000 3.5640364
0.9660000 5.0505085
0.9670000 47.3058357
0.9680000 19.8430061
0.9690000 -27.0488071
0.9700000 57.8165588
0.9710000 -5.8255491
0.9720000 17.1592178
0.9730000 1.3466644
0.9740000 31.2613564
0.9750000 -8.4289093
0.9760000 -1.7815970
0.9770000 86.4386139
0.9780000 89.4495087
0.9790000 -8.3362408
0.9800000 -3.3579679
0.9810000 88.3826752
0.9820000 25.1101513
0.9830000 41.8442192
0.9840000 41.4206581
0.9850000 -19.2428875
0.9860000 -53.5962982
0.9870000 -37.1686287
0.9880000 -14.2502804
0.9890000 43.2171745
0.9900000 11.4423904
0.9910000 -67.7537384
0.9920000 -27.0921345
0.9930000 7.9200840
0.9940000 -16.5675144
0.9950000 -1.5018246
0.9960000 44.6136551
0.9970000 30.0566654
0.9980000 60.5051498
0.9990000 -4.5755172
