0.0000000 40.0209007
0.0010000 -39.2747688
0.0020000 61.2850494
0.0030000 23.2719097
0.0040000 40.3537674
0.0050000 22.4610252
0.0060000 49.7025032
0.0070000 11.3732023
0.0080000 5.1651540
0.0090000 -17.7884922
0.0100000 -4.6879659
0.0110000 0.0181937
0.0120000 19.7719059
0.0130000 14.8884182
0.0140000 -19.5939178
0.0150000 -17.9345703
0.0160000 29.7920837
0.0170000 -43.2787590
0.0180000 31.7132702
0.0190000 24.5384750
0.0200000 -58.0258751
0.0210000 -11.2383518
0.0220000 -75.6847382
0.0230000 83.8152466
0.0240000 5.7891979
0.0250000 14.6719332
0.0260000 -25.6664944
0.0270000 6.5833902
0.0280000 3.6281171
0.0290000 17.6980915
0.0300000 -17.4463615
0.0310000 31.3329773
0.0320000 -19.6741581
0.0330000 15.1185560
0.0340000 -58.6035423
0.0350000 35.8314934
0.0360000 19.7332954
0.0370000 17.8973274
0.0380000 -21.2550240
0.0390000 52.4115257
0.0400000 60.1913872
0.0410000 -29.8988991
0.0420000 25.2583981
0.0430000 -27.5989304
0.0440000 19.0632114
0.0450000 32.0411110
0.0460000 -21.3081360
0.0470000 -33.8200722
0.0480000 -2.6702352
0.0490000 34.7973976
0.0500000 8.6948271
0.0510000 41.3021812
0.0520000 -40.6737518
0.0530000 -5.5637016
0.0540000 -35.7924500
0.0550000 30.6738815
0.0560000 -14.1102314
0.0570000 38.7077446
0.0580000 -16.8117828
0.0590000 9.4596586
0.0600000 -51.7459946
0.0610000 -8.0636110
0.0620000 32.3150558
0.0630000 21.0697060
0.0640000 14.4940567
0.0650000 -18.1824875
0.0660000 16.7915363
0.0670000 55.3181610
0.0680000 16.9710770
0.0690000 8.8018036
0.0700000 67.0049973
0.0710000 3.7369432
0.0720000 -44.8665962
0.0730000 -15.6090250
0.0740000 6.0106344
0.0750000 13.4051628
0.0760000 37.6341171
0.0770000 -39.0412216
0.0780000 1.6175860
0.0790000 -53.6306305
0.0800000 -3.8456860
0.0810000 45.0583115
0.0820000 -53.5067940
0.0830000 59.9027290
0.0840000 13.4635258
0.0850000 -2.2921624
0.0860000 55.6420288
0.0870000 -38.0335464
0.0880000 71.6976700
0.0890000 -4.6934800
0.0900000 -48.4799576
0.0910000 -23.0846100
0.0920000 23.9670868
0.0930000 -14.4583712
0.0940000 49.1063080
0.0950000 36.8579102
0.0960000 -24.4063187
0.0970000 -11.4097347
0.0980000 -53.0674515
0.0990000 -3.4676988
0.1000000 -25.1362457
0.1010000 1.2634753
0.1020000 19.9233360
0.1030000 -59.1398621
0.1040000 13.7280817
0.1050000 -43.4898796
0.1060000 -6.6712379
0.1070000 -45.3150597
0.1080000 -22.8815918
0.1090000 2.6686709
0.1100000 -63.2708855
0.1110000 29.6975746
0.1120000 57.3741455
0.1130000 26.9834480
0.1140000 -3.6477542
0.1150000 2.5406821
0.1160000 0.8907200
0.1170000 33.8265839
0.1180000 83.7395477
0.1190000 20.2414646
0.1200000 -49.7222443
0.1210000 8.3933258
0.1220000 8.7328186
0.1230000 -12.5000153
0.1240000 -1.7837011
0.1250000 8.6139030
0.1260000 -19.9130116
0.1270000 -35.1576843
0.1280000 -15.7163954
0.1290000 -37.4716568
0.1300000 -22.7114468
0.1310000 -20.3542652
0.1320000 23.8723965
0.1330000 -2.8991265
0.1340000 99.1465149
0.1350000 -32.6518326
0.1360000 -57.4529228
0.1370000 76.7062073
0.1380000 20.0254230
0.1390000 33.7636566
0.1400000 34.5307846
0.1410000 13.0560493
0.1420000 -18.8593731
0.1430000 3.3345442
0.1440000 36.7472534
0.1450000 -62.9665871
0.1460000 -49.5370178
0.1470000 4.6048379
0.1480000 39.8807716
0.1490000 37.6293831
0.1500000 -2.0295882
0.1510000 -23.1232567
0.1520000 -6.2534132
0.1530000 9.9490194
0.1540000 52.0717049
0.1550000 19.5268745
0.1560000 32.1008492
0.1570000 -37.0207214
0.1580000 12.4630098
0.1590000 -4.3771439
0.1600000 -76.9729614
0.1610000 -28.4284306
0.1620000 2.8624666
0.1630000 -39.0480957
0.1640000 39.6981659
0.1650000 17.2422104
0.1660000 33.5447350
0.1670000 70.6151962
0.1680000 28.7307873
0.1690000 50.2827454
0.1700000 22.6204090
0.1710000 -43.9791260
0.1720000 -5.5928860
0.1730000 -9.1717625
0.1740000 54.5588493
0.1750000 26.1964417
0.1760000 -26.9192238
0.1770000 21.8059425
0.1780000 21.1262093
0.1790000 41.9438858
0.1800000 2.2051301
0.1810000 -3.9078667
0.1820000 -27.3851204
0.1830000 39.0107422
0.1840000 -4.7769704
0.1850000 -19.0784607
0.1860000 -20.3948460
0.1870000 22.4764042
0.1880000 13.4854164
0.1890000 14.5566092
0.1900000 -8.4003963
0.1910000 36.7494621
0.1920000 48.7416954
0.1930000 15.9555435
0.1940000 -9.3994665
0.1950000 8.7449236
0.1960000 38.1302109
0.1970000 34.2046471
0.1980000 43.7009430
0.1990000 -25.6126709
0.2000000 2.4463584
0.2010000 -46.5565872
0.2020000 27.4621868
0.2030000 29.3789024
0.2040000 1.7157408
0.2050000 -66.2717972
0.2060000 8.5677977
0.2070000 2.3015850
0.2080000 8.5088396
0.2090000 44.7264748
0.2100000 15.0347061
0.2110000 -42.2590027
0.2120000 -10.5466785
0.2130000 2.8912024
0.2140000 -15.9095335
0.2150000 -44.6362076
0.2160000 -11.7318850
0.2170000 -32.3322487
0.2180000 40.2613449
0.2190000 18.9517612
0.2200000 19.6111126
0.2210000 25.8199139
0.2220000 -7.7740769
0.2230000 31.3470097
0.2240000 -6.6583838
0.2250000 25.8503227
0.2260000 -58.3815651
0.2270000 28.8791866
0.2280000 -15.8860550
0.2290000 77.2587891
0.2300000 3.9103358
0.2310000 25.7542858
0.2320000 -11.8761368
0.2330000 -19.5970669
0.2340000 41.0287476
0.2350000 -16.3735828
0.2360000 36.2208099
0.2370000 -5.0664573
0.2380000 17.7217464
0.2390000 -4.2691798
0.2400000 77.3217697
0.2410000 -9.7747965
0.2420000 46.5135536
0.2430000 -66.5872421
0.2440000 -82.5874939
0.2450000 -7.5732770
0.2460000 -12.0262356
0.2470000 -16.1747055
0.2480000 20.0357342
0.2490000 37.7312050
0.2500000 -15.6960487
0.2510000 33.8721619
0.2520000 -3.4144006
0.2530000 -7.8097377
0.2540000 33.5076141
0.2550000 19.7464828
0.2560000 -41.7880821
0.2570000 -8.3843069
0.2580000 -18.2335358
0.2590000 1.0486577
0.2600000 21.1066551
0.2610000 20.4932289
0.2620000 24.4980183
0.2630000 -64.7357635
0.2640000 8.5538702
0.2650000 -26.5299721
0.2660000 55.9302444
0.2670000 52.5198288
0.2680000 -53.3277512
0.2690000 -25.2891102
0.2700000 12.3896818
0.2710000 16.5376167
0.2720000 30.5823441
0.2730000 16.0395355
0.2740000 -0.1586822
0.2750000 31.8946457
0.2760000 29.5997105
0.2770000 -26.5622940
0.2780000 2.8480246
0.2790000 30.9134502
0.2800000 6.2568102
0.2810000 16.8489113
0.2820000 -26.9615173
0.2830000 -33.0753403
0.2840000 40.4581451
0.2850000 6.2264013
0.2860000 6.3894758
0.2870000 6.7504053
0.2880000 -3.3497655
0.2890000 -26.7587471
0.2900000 -0.6247188
0.2910000 -20.1061916
0.2920000 -72.1088181
0.2930000 4.7187800
0.2940000 47.2352028
0.2950000 -4.5520692
0.2960000 29.9345951
0.2970000 -38.4308319
0.2980000 21.5491123
0.2990000 -24.7372227
0.3000000 -7.6310253
0.3010000 -49.8893547
0.3020000 2.9528227
0.3030000 -38.2518272
0.3040000 -10.5222168
0.3050000 35.7766151
0.3060000 0.5284032
0.3070000 -28.6818142
0.3080000 13.2598877
0.3090000 -13.0230885
0.3100000 -2.9265263
0.3110000 59.7947273
0.3120000 -14.8707151
0.3130000 42.0433655
0.3140000 54.4741020
0.3150000 -19.4728947
0.3160000 61.1861458
0.3170000 -69.4709930
0.3180000 37.0352325
0.3190000 33.1220512
0.3200000 -35.5705566
0.3210000 71.1467972
0.3220000 -73.5504074
0.3230000 41.7078514
0.3240000 44.1258430
0.3250000 17.6323547
0.3260000 45.1992416
0.3270000 3.0231278
0.3280000 -25.5594807
0.3290000 1.3064984
0.3300000 47.7292290
0.3310000 0.0273756
0.3320000 57.7716713
0.3330000 29.6180115
0.3340000 25.4788322
0.3350000 2.6887589
0.3360000 41.4818382
0.3370000 17.3005981
0.3380000 11.4111347
0.3390000 -5.1946115
0.3400000 3.5774150
0.3410000 -1.1379023
0.3420000 -39.9629555
0.3430000 -36.4564056
0.3440000 -23.0319881
0.3450000 -33.4988022
0.3460000 10.2835159
0.3470000 -20.1626511
0.3480000 38.2076645
0.3490000 5.2879248
0.3500000 -31.5282078
0.3510000 -2.3470602
0.3520000 17.0584412
0.3530000 25.8528194
0.3540000 -22.4756699
0.3550000 -43.9236794
0.3560000 -37.2108765
0.3570000 -50.9219780
0.3580000 -23.6350708
0.3590000 9.7689180
0.3600000 -8.4535570
0.3610000 1.2418309
0.3620000 -60.2136078
0.3630000 -11.7020254
0.3640000 104.3367004
0.3650000 -20.6935539
0.3660000 -40.0838203
0.3670000 21.2764015
0.3680000 12.8421745
0.3690000 -38.2562180
0.3700000 -26.6961231
0.3710000 -41.2124252
0.3720000 1.3092767
0.3730000 63.9785233
0.3740000 6.3066778
0.3750000 6.8889174
0.3760000 -6.9487963
0.3770000 13.7497225
0.3780000 -32.5129318
0.3790000 -25.8465004
0.3800000 -67.1130753
0.3810000 43.2355461
0.3820000 13.2433386
0.3830000 -10.6659737
0.3840000 -8.3732176
0.3850000 -4.5525317
0.3860000 -2.8153706
0.3870000 39.0001678
0.3880000 29.4930897
0.3890000 4.1150126
0.3900000 -26.4773331
0.3910000 -2.7308373
0.3920000 17.2441292
0.3930000 -30.2865543
0.3940000 37.8471107
0.3950000 -82.2886353
0.3960000 -56.4253693
0.3970000 21.4478149
0.3980000 -15.4561110
0.3990000 54.4269257
0.4000000 -32.0051422
0.4010000 29.1390705
0.4020000 -26.8009586
0.4030000 -9.7026901
0.4040000 -23.6106358
0.4050000 44.1845932
0.4060000 -80.0629654
0.4070000 -59.3092804
0.4080000 -1.7076075
0.4090000 20.3985157
0.4100000 -4.1261473
0.4110000 45.3236389
0.4120000 -31.4376297
0.4130000 -39.4999847
0.4140000 31.3661861
0.4150000 -8.6388512
0.4160000 77.7557907
0.4170000 11.9899902
0.4180000 6.6373420
0.4190000 46.2810974
0.4200000 9.3142500
0.4210000 -21.8908978
0.4220000 36.6736870
0.4230000 10.5940752
0.4240000 -7.9818234
0.4250000 28.7533913
0.4260000 4.1635485
0.4270000 1.6093611
0.4280000 41.9663887
0.4290000 1.4980915
0.4300000 33.0121651
0.4310000 37.9698830
0.4320000 -53.8080444
0.4330000 -31.8716049
0.4340000 -8.8583994
0.4350000 29.4704781
0.4360000 -47.8586159
0.4370000 59.7026634
0.4380000 -2.6803384
0.4390000 -48.7003975
0.4400000 -5.6123495
0.4410000 19.9340820
0.4420000 0.5869316
0.4430000 -30.5388527
0.4440000 -26.2970467
0.4450000 -15.3720903
0.4460000 -45.4143295
0.4470000 49.9087715
0.4480000 -27.5718822
0.4490000 31.4806499
0.4500000 14.8352156
0.4510000 -7.6294446
0.4520000 64.0954666
0.4530000 -0.4084866
0.4540000 18.8682861
0.4550000 50.3251724
0.4560000 27.5418262
0.4570000 47.6318054
0.4580000 23.2602577
0.4590000 -59.7454567
0.4600000 27.9797573
0.4610000 15.2894058
0.4620000 22.7467098
0.4630000 -5.8401842
0.4640000 44.9331970
0.4650000 50.1658745
0.4660000 74.4870300
0.4670000 -22.2628441
0.4680000 -22.3405437
0.4690000 -1.4226172
0.4700000 4.4752097
0.4710000 31.1904736
0.4720000 103.8399200
0.4730000 -8.4359169
0.4740000 -5.8445787
0.4750000 -33.5986938
0.4760000 24.0147533
0.4770000 31.6047096
0.4780000 7.5216341
0.4790000 2.8689563
0.4800000 -69.2850876
0.4810000 -24.7359943
0.4820000 -70.8201675
0.4830000 -9.3400822
0.4840000 -10.4597282
0.4850000 -8.2778244
0.4860000 -23.8193550
0.4870000 4.9033213
0.4880000 4.8604174
0.4890000 16.4331322
0.4900000 10.5261250
0.4910000 -41.1812592
0.4920000 11.4854746
0.4930000 0.0338635
0.4940000 13.9752302
0.4950000 -0.4458719
0.4960000 -28.2001991
0.4970000 33.7313309
0.4980000 30.3442974
0.4990000 23.6417446
0.5000000 -80.7131882
0.5010000 -22.1241188
0.5020000 -106.6757736
0.5030000 2.7480199
0.5040000 35.1677589
0.5050000 -37.5787506
0.5060000 -73.0917206
0.5070000 -23.9394245
0.5080000 13.7431536
0.5090000 -9.0158720
0.5100000 40.5578880
0.5110000 -4.6509047
0.5120000 58.4465408
0.5130000 21.0497627
0.5140000 -33.5356979
0.5150000 36.7908707
0.5160000 15.4746246
0.5170000 100.3360901
0.5180000 -1.5702717
0.5190000 -27.5340977
0.5200000 2.4472733
0.5210000 -34.1020660
0.5220000 -22.9672604
0.5230000 3.7534804
0.5240000 -10.4473867
0.5250000 33.7325554
0.5260000 -7.5197587
0.5270000 12.1025925
0.5280000 -5.6208372
0.5290000 -53.6568756
0.5300000 40.9093857
0.5310000 7.8964510
0.5320000 -26.0715828
0.5330000 18.3152103
0.5340000 -40.5706825
0.5350000 0.0420141
0.5360000 35.3293991
0.5370000 -28.2968616
0.5380000 12.8311367
0.5390000 54.6576920
0.5400000 -0.8512366
0.5410000 59.9420700
0.5420000 94.8684082
0.5430000 -1.7315298
0.5440000 -53.0744553
0.5450000 30.3989258
0.5460000 -45.2563515
0.5470000 -17.2090034
0.5480000 32.2953758
0.5490000 4.7707520
0.5500000 35.3287430
0.5510000 -35.5048752
0.5520000 -13.1403847
0.5530000 -5.9068503
0.5540000 23.5363617
0.5550000 19.2465897
0.5560000 15.5046053
0.5570000 -14.0434265
0.5580000 -10.5562954
0.5590000 -24.9801750
0.5600000 -7.4871998
0.5610000 12.9700289
0.5620000 -46.9736328
0.5630000 14.6439791
0.5640000 21.8450489
0.5650000 -17.3756504
0.5660000 35.9001083
0.5670000 -1.5421519
0.5680000 13.6508245
0.5690000 22.1826725
0.5700000 -25.8190308
0.5710000 -46.1511497
0.5720000 -9.0411425
0.5730000 7.6293797
0.5740000 34.4668579
0.5750000 24.4507484
0.5760000 19.4581070
0.5770000 28.5862217
0.5780000 53.0949287
0.5790000 -8.8034801
0.5800000 -4.6084423
0.5810000 -17.9027328
0.5820000 9.2894173
0.5830000 -26.1657848
0.5840000 10.3345165
0.5850000 14.2244930
0.5860000 -47.5026817
0.5870000 30.0521011
0.5880000 7.7120423
0.5890000 -54.3644600
0.5900000 20.1932297
0.5910000 -32.8473091
0.5920000 -13.1510353
0.5930000 15.4422503
0.5940000 3.8058531
0.5950000 -7.6917830
0.5960000 64.5220261
0.5970000 -9.0992613
0.5980000 -66.7588272
0.5990000 -26.4015923
0.6000000 -60.2889709
0.6010000 -48.2399063
0.6020000 10.2902975
0.6030000 74.4028091
0.6040000 47.4307442
0.6050000 6.2808900
0.6060000 18.5158577
0.6070000 59.9067764
0.6080000 7.4281063
0.6090000 -8.2020569
0.6100000 46.0395584
0.6110000 73.3230362
0.6120000 1.9217601
0.6130000 -76.8903580
0.6140000 3.5618994
0.6150000 -63.5160866
0.6160000 34.3287964
0.6170000 -26.7938538
0.6180000 32.9124832
0.6190000 -49.2393990
0.6200000 -5.3262305
0.6210000 17.7225952
0.6220000 25.7971821
0.6230000 39.5667686
0.6240000 13.4063902
0.6250000 -23.2100430
0.6260000 10.9144135
0.6270000 -53.5545464
0.6280000 -42.4929733
0.6290000 -26.0758400
0.6300000 20.6980820
0.6310000 38.1791763
0.6320000 -50.6067390
0.6330000 -32.7532158
0.6340000 9.0721788
0.6350000 89.4560013
0.6360000 -9.4519911
0.6370000 -5.4735918
0.6380000 -25.9545116
0.6390000 -9.2478046
0.6400000 -7.6762657
0.6410000 -37.9538994
0.6420000 -62.4639511
0.6430000 23.0683002
0.6440000 69.5504074
0.6450000 -60.6292686
0.6460000 -91.6463013
0.6470000 -7.5189471
0.6480000 -52.2724838
0.6490000 21.8042736
0.6500000 -48.7155609
0.6510000 88.1651001
0.6520000 -44.2023163
0.6530000 4.3175316
0.6540000 -26.0247822
0.6550000 13.3852024
0.6560000 35.3487740
0.6570000 5.0403199
0.6580000 -74.5186768
0.6590000 2.6944201
0.6600000 20.4430752
0.6610000 -46.6738510
0.6620000 22.6289177
0.6630000 -46.2188530
0.6640000 9.9186811
0.6650000 -35.8214722
0.6660000 -13.2403736
0.6670000 16.7203884
0.6680000 14.5718288
0.6690000 28.2210064
0.6700000 -60.5684700
0.6710000 -43.7121925
0.6720000 9.3278475
0.6730000 -92.5550537
0.6740000 15.8705912
0.6750000 -29.3654690
0.6760000 -40.1618423
0.6770000 -39.6540146
0.6780000 -55.7860718
0.6790000 -17.1984138
0.6800000 23.8417320
0.6810000 -5.1401000
0.6820000 -35.8792419
0.6830000 -64.8706512
0.6840000 -3.9535046
0.6850000 -19.2099457
0.6860000 36.1223145
0.6870000 -10.5831671
0.6880000 37.3151245
0.6890000 18.3230133
0.6900000 19.6816807
0.6910000 15.3033981
0.6920000 -28.1694775
0.6930000 36.1065140
0.6940000 13.5122595
0.6950000 -21.5981102
0.6960000 18.8874397
0.6970000 -58.8532295
0.6980000 27.2141914
0.6990000 -6.9330926
0.7000000 10.9003716
0.7010000 23.0375690
0.7020000 87.3587265
0.7030000 -19.3755798
0.7040000 12.9939203
0.7050000 0.4733154
0.7060000 36.3575172
0.7070000 39.1115456
0.7080000 30.5740910
0.7090000 -44.7170029
0.7100000 -23.0407219
0.7110000 50.0842628
0.7120000 -36.9383354
0.7130000 7.7869062
0.7140000 56.2347450
0.7150000 24.6624069
0.7160000 -23.8701839
0.7170000 -27.3749981
0.7180000 15.3989515
0.7190000 15.9031019
0.7200000 72.8023758
0.7210000 -33.7584190
0.7220000 -35.1128349
0.7230000 44.4225693
0.7240000 2.8509824
0.7250000 39.2649651
0.7260000 -26.2106228
0.7270000 61.5774384
0.7280000 -10.2882061
0.7290000 54.3250389
0.7300000 32.3215828
0.7310000 18.1838074
0.7320000 8.7930231
0.7330000 59.4710503
0.7340000 47.2692642
0.7350000 35.6527061
0.7360000 -54.6969643
0.7370000 -33.9669609
0.7380000 8.0320530
0.7390000 24.0065651
0.7400000 9.1940928
0.7410000 -13.0198679
0.7420000 -21.5108452
0.7430000 4.3448405
0.7440000 -45.7573051
0.7450000 -132.0530701
0.7460000 2.7790744
0.7470000 10.6083031
0.7480000 -5.6672602
0.7490000 89.9295578
0.7500000 14.9512720
0.7510000 13.0949411
0.7520000 38.4077759
0.7530000 -65.6855927
0.7540000 11.7640190
0.7550000 -21.6236115
0.7560000 -7.9831190
0.7570000 -3.9175968
0.7580000 -51.4157486
0.7590000 20.8560600
0.7600000 -13.2706223
0.7610000 -89.4660034
0.7620000 16.8308201
0.7630000 -24.5192070
0.7640000 -46.8276939
0.7650000 -4.7346411
0.7660000 -15.2393570
0.7670000 -20.0116825
0.7680000 49.3275108
0.7690000 -1.0101775
0.7700000 -3.9668336
0.7710000 9.4445105
0.7720000 -30.0239258
0.7730000 -57.2566223
0.7740000 34.6622467
0.7750000 59.0472717
0.7760000 41.7103043
0.7770000 -2.6135094
0.7780000 40.2515068
0.7790000 16.2380600
0.7800000 -13.2679234
0.7810000 87.2495880
0.7820000 -9.3688231
0.7830000 39.8607903
0.7840000 -1.5274092
0.7850000 -24.2179394
0.7860000 -30.3504906
0.7870000 9.7489548
0.7880000 7.8978615
0.7890000 -52.2781563
0.7900000 -47.3218613
0.7910000 -77.9257889
0.7920000 23.0504837
0.7930000 59.9526711
0.7940000 -2.5874484
0.7950000 -71.3236237
0.7960000 -45.9889336
0.7970000 -6.5930462
0.7980000 -5.5370092
0.7990000 -6.4034767
0.8000000 38.4667816
0.8010000 -89.9804916
0.8020000 12.5356207
0.8030000 8.3496780
0.8040000 66.6969070
0.8050000 -3.3996062
0.8060000 3.2873900
0.8070000 -87.6393204
0.8080000 -20.2395763
0.8090000 7.2408381
0.8100000 -50.9933853
0.8110000 -29.0077858
0.8120000 34.8552361
0.8130000 17.8181763
0.8140000 -2.1304991
0.8150000 -20.4045181
0.8160000 19.3038540
0.8170000 -90.9670944
0.8180000 31.8337650
0.8190000 -12.4009476
0.8200000 -24.5140362
0.8210000 40.2894630
0.8220000 -17.0475063
0.8230000 12.9911385
0.8240000 -8.6037445
0.8250000 11.5710182
0.8260000 28.3587132
0.8270000 -43.3938217
0.8280000 3.3973329
0.8290000 2.1088951
0.8300000 -46.5197334
0.8310000 1.5908176
0.8320000 58.1250229
0.8330000 37.2330208
0.8340000 -67.5577850
0.8350000 -45.5428848
0.8360000 55.2006035
0.8370000 0.4843517
0.8380000 -20.0793285
0.8390000 41.0740623
0.8400000 37.4073257
0.8410000 4.1068420
0.8420000 -4.4454322
0.8430000 31.4568119
0.8440000 -3.3209448
0.8450000 3.2199473
0.8460000 -50.3934250
0.8470000 68.2777100
0.8480000 56.6594849
0.8490000 -25.3144493
0.8500000 25.6466045
0.8510000 -84.6719894
0.8520000 1.5872548
0.8530000 15.1383162
0.8540000 -4.1395488
0.8550000 21.1580772
0.8560000 -9.3717203
0.8570000 6.4219551
0.8580000 16.3126373
0.8590000 -13.5717897
0.8600000 -16.3374653
0.8610000 26.3331032
0.8620000 24.4919357
0.8630000 -6.4814806
0.8640000 0.1044063
0.8650000 56.5121078
0.8660000 -37.8090401
0.8670000 45.3923569
0.8680000 -13.1742678
0.8690000 -18.2030983
0.8700000 -35.9965172
0.8710000 -27.3909321
0.8720000 12.5149784
0.8730000 -32.3311272
0.8740000 17.8951817
0.8750000 -8.8610268
0.8760000 10.5090914
0.8770000 22.8159542
0.8780000 -13.2540407
0.8790000 -2.9674070
0.8800000 -1.2398671
0.8810000 -22.7738132
0.8820000 -4.8683391
0.8830000 -54.9307518
0.8840000 6.4844708
0.8850000 -25.5150509
0.8860000 6.5833144
0.8870000 -11.4728279
0.8880000 -11.5902596
0.8890000 -65.2409821
0.8900000 -18.5613651
0.8910000 48.1168900
0.8920000 -18.8459778
0.8930000 4.0832448
0.8940000 9.0680437
0.8950000 63.3368225
0.8960000 26.7140751
0.8970000 16.1058846
0.8980000 -45.9806557
0.8990000 6.1150832
0.9000000 -2.3098333
0.9010000 -5.5569773
0.9020000 6.3150587
0.9030000 -27.1808510
0.9040000 54.1545296
0.9050000 -26.6587868
0.9060000 106.8194351
0.9070000 25.3969688
0.9080000 22.2904587
0.9090000 42.0640564
0.9100000 -2.6791468
0.9110000 -68.2273636
0.9120000 55.6944542
0.9130000 -20.0422897
0.9140000 -36.4485321
0.9150000 -0.4844843
0.9160000 28.2119484
0.9170000 -30.6841888
0.9180000 -48.9360619
0.9190000 1.2557153
0.9200000 -65.6070557
0.9210000 22.8315811
0.9220000 -42.2134323
0.9230000 -37.0853271
0.9240000 15.6404037
0.9250000 21.4276848
0.9260000 43.3836517
0.9270000 2.0726542
0.9280000 30.9023800
0.9290000 -28.0640011
0.9300000 6.5758147
0.9310000 -35.7504883
0.9320000 -16.4901161
0.9330000 2.3052108
0.9340000 96.5839539
0.9350000 29.7074013
0.9360000 13.4384127
0.9370000 39.1920929
0.9380000 -43.3999596
0.9390000 30.3749523
0.9400000 -21.8176250
0.9410000 -33.2185059
0.9420000 -70.3670197
0.9430000 46.7894325
0.9440000 2.0521827
0.9450000 27.9764442
0.9460000 -38.3172722
0.9470000 30.9187546
0.9480000 3.9284444
0.9490000 4.5891767
0.9500000 -1.6404113
0.9510000 2.4869988
0.9520000 8.0241423
0.9530000 -28.3706627
0.9540000 20.8163376
0.9550000 -26.2518730
0.9560000 7.9609289
0.9570000 11.7333059
0.9580000 27.5206280
0.9590000 39.3189697
0.9600000 42.2046623
0.9610000 -20.7561054
0.9620000 31.2314072
0.9630000 -14.9502602
0.9640000 -55.5285721
0.9650000 -28.5310555
0.9660000 -63.9912758
0.9670000 27.5716419
0.9680000 36.0635643
0.9690000 -26.6713314
0.9700000 13.3797283
0.9710000 -21.9790077
0.9720000 17.8660049
0.9730000 21.1179390
0.9740000 20.7606277
0.9750000 12.4596500
0.9760000 3.3536465
0.9770000 -30.3288002
0.9780000 22.0018425
0.9790000 -76.3610535
0.9800000 -58.0283661
0.9810000 -25.5071735
0.9820000 89.8627167
0.9830000 -7.1183853
0.9840000 68.8981400
0.9850000 16.8554420
0.9860000 -39.2170868
0.9870000 -3.7685542
0.9880000 59.3533974
0.9890000 -7.5816765
0.9900000 -2.1305544
0.9910000 6.1440849
0.9920000 -70.6812363
0.9930000 -1.4591902
0.9940000 -10.4977531
0.9950000 40.9357033
0.9960000 5.7272458
0.9970000 20.6878662
0.9980000 24.0602264
0.9990000 16.3713188
