0.0000000 24.7786732
0.0010000 -43.5447540
0.0020000 -7.6805515
0.0030000 -31.3425560
0.0040000 -81.4308472
0.0050000 45.7885780
0.0060000 -30.1590328
0.0070000 -14.2303400
0.0080000 -14.7683258
0.0090000 3.9791279
0.0100000 12.9466038
0.0110000 13.8511810
0.0120000 7.9544582
0.0130000 -39.8308144
0.0140000 -34.0452423
0.0150000 -26.4014797
0.0160000 -6.6162620
0.0170000 1.5418912
0.0180000 84.7801132
0.0190000 -10.4317837
0.0200000 -15.5166903
0.0210000 17.5319138
0.0220000 -59.2586975
0.0230000 -27.3170910
0.0240000 -15.0345335
0.0250000 17.4038448
0.0260000 32.9195366
0.0270000 42.8442688
0.0280000 16.3325577
0.0290000 -23.4536629
0.0300000 -31.9081573
0.0310000 11.3847799
0.0320000 4.5608459
0.0330000 18.1849976
0.0340000 90.5611954
0.0350000 10.3830080
0.0360000 -18.3322811
0.0370000 29.1215916
0.0380000 -6.2856503
0.0390000 -54.2559128
0.0400000 3.0830457
0.0410000 -15.4264402
0.0420000 36.7295036
0.0430000 -66.6872940
0.0440000 35.2628593
0.0450000 -19.8514977
0.0460000 -39.8611794
0.0470000 -3.8530111
0.0480000 42.6288719
0.0490000 -38.4124794
0.0500000 20.8482876
0.0510000 -31.2640972
0.0520000 -13.6717539
0.0530000 11.0692453
0.0540000 33.2637177
0.0550000 -24.5651836
0.0560000 76.5273514
0.0570000 73.6620865
0.0580000 -30.8434753
0.0590000 15.8396130
0.0600000 -51.8665619
0.0610000 -34.4942474
0.0620000 10.6487942
0.0630000 -26.7584076
0.0640000 42.2640419
0.0650000 -44.6168709
0.0660000 -47.3085632
0.0670000 19.4195824
0.0680000 -12.4070826
0.0690000 -18.5398846
0.0700000 -49.9589233
0.0710000 -37.9128189
0.0720000 -46.9942245
0.0730000 -3.7316103
0.0740000 -2.4623125
0.0750000 -14.9651232
0.0760000 -77.4231873
0.0770000 -32.2210579
0.0780000 26.2232151
0.0790000 17.1674309
0.0800000 -9.0957918
0.0810000 -35.4833870
0.0820000 64.1196213
0.0830000 19.3732243
0.0840000 -40.2710609
0.0850000 -35.6724281
0.0860000 7.8222775
0.0870000 8.3119221
0.0880000 28.1965694
0.0890000 -37.4964600
0.0900000 26.3707008
0.0910000 27.4319553
0.0920000 -36.8286324
0.0930000 8.8174992
0.0940000 -53.1985092
0.0950000 10.8698483
0.0960000 8.3090210
0.0970000 -59.2975883
0.0980000 10.9446917
0.0990000 -5.3384924
0.1000000 -12.8252010
0.1010000 35.6941986
0.1020000 -21.8894844
0.1030000 24.9584885
0.1040000 -76.1931534
0.1050000 -1.3318801
0.1060000 16.3035507
0.1070000 23.4690762
0.1080000 -56.2593536
0.1090000 -12.7186251
0.1100000 -12.6810637
0.1110000 60.0378113
0.1120000 -21.3646164
0.1130000 -10.7775936
0.1140000 36.2345314
0.1150000 39.5585747
0.1160000 -5.4587302
0.1170000 -5.3810797
0.1180000 -9.1099491
0.1190000 75.0359116
0.1200000 -2.7744229
0.1210000 51.4667511
0.1220000 5.3892674
0.1230000 41.1934776
0.1240000 2.0634840
0.1250000 -25.5246792
0.1260000 -32.5022659
0.1270000 -18.4418774
0.1280000 30.9389496
0.1290000 -16.7124958
0.1300000 0.3169772
0.1310000 -46.0589256
0.1320000 -23.3142643
0.1330000 -1.0059733
0.1340000 -30.4388294
0.1350000 23.4991455
0.1360000 -8.5835342
0.1370000 -20.6079082
0.1380000 -1.3373619
0.1390000 52.2741470
0.1400000 -2.9696712
0.1410000 17.7736721
0.1420000 22.6848621
0.1430000 24.7077694
0.1440000 22.5813789
0.1450000 -56.6554070
0.1460000 39.0268898
0.1470000 37.7394753
0.1480000 -30.3095207
0.1490000 27.3748646
0.1500000 -0.4357583
0.1510000 -12.1291647
0.1520000 -13.2619514
0.1530000 7.7010622
0.1540000 13.4436712
0.1550000 25.1385479
0.1560000 -17.6401577
0.1570000 13.9736032
0.1580000 -59.4008026
0.1590000 -19.1875229
0.1600000 -40.4184341
0.1610000 2.6234343
0.1620000 70.6863480
0.1630000 -17.7996902
0.1640000 44.5559158
0.1650000 40.3636856
0.1660000 -68.4093399
0.1670000 14.6215105
0.1680000 -33.3649902
0.1690000 16.6669445
0.1700000 3.5932684
0.1710000 -39.2722397
0.1720000 -5.5955462
0.1730000 57.0195274
0.1740000 -40.1393166
0.1750000 2.4310799
0.1760000 -3.6328757
0.1770000 -13.9970055
0.1780000 -30.7405510
0.1790000 -4.5200248
0.1800000 -3.3840404
0.1810000 40.3166046
0.1820000 -3.9398937
0.1830000 23.1697102
0.1840000 29.4512596
0.1850000 -56.4209633
0.1860000 -3.4844818
0.1870000 5.4646192
0.1880000 -28.9590034
0.1890000 -76.3436737
0.1900000 57.1543999
0.1910000 39.3467789
0.1920000 -9.6691370
0.1930000 16.7436905
0.1940000 -42.6296844
0.1950000 40.5513802
0.1960000 -15.1287518
0.1970000 -33.7115173
0.1980000 -6.3819604
0.1990000 -10.9422798
0.2000000 34.4090691
0.2010000 -21.2593460
0.2020000 -24.5010090
0.2030000 -63.5851631
0.2040000 -47.7775192
0.2050000 10.6011295
0.2060000 -77.6346893
0.2070000 79.9507446
0.2080000 37.4278755
0.2090000 -3.4614632
0.2100000 -10.8889036
0.2110000 -67.2364731
0.2120000 43.0276070
0.2130000 16.3345795
0.2140000 -15.8004274
0.2150000 40.6646614
0.2160000 -10.0030365
0.2170000 -31.9784641
0.2180000 23.1512375
0.2190000 -33.1405029
0.2200000 28.9955578
0.2210000 70.1401978
0.2220000 -20.9589710
0.2230000 -15.6730833
0.2240000 45.5573196
0.2250000 -13.9455538
0.2260000 16.6211987
0.2270000 83.0152893
0.2280000 35.9679642
0.2290000 -0.6841493
0.2300000 -25.7333775
0.2310000 35.2142067
0.2320000 -43.5595436
0.2330000 -105.1749039
0.2340000 31.4752121
0.2350000 78.3209686
0.2360000 12.3412285
0.2370000 -68.5141220
0.2380000 -7.0358996
0.2390000 -38.3586502
0.2400000 33.9002571
0.2410000 34.3267212
0.2420000 -9.0627785
0.2430000 30.0387192
0.2440000 20.7312527
0.2450000 -41.2465706
0.2460000 -13.3646383
0.2470000 -22.2378387
0.2480000 -80.3834915
0.2490000 22.1219902
0.2500000 20.7302513
0.2510000 18.3822498
0.2520000 -20.4215584
0.2530000 28.1518803
0.2540000 -37.4595680
0.2550000 9.4929895
0.2560000 49.2797737
0.2570000 -67.1828079
0.2580000 7.4904814
0.2590000 -17.4492035
0.2600000 47.4860344
0.2610000 22.2525349
0.2620000 67.2921219
0.2630000 12.6365786
0.2640000 69.1855621
0.2650000 27.8053131
0.2660000 39.6738281
0.2670000 25.8501225
0.2680000 -86.3360138
0.2690000 4.7951984
0.2700000 7.0913038
0.2710000 -18.6342392
0.2720000 -48.3733368
0.2730000 21.2353172
0.2740000 40.5830193
0.2750000 -6.3911638
0.2760000 -58.7098694
0.2770000 -9.2108164
0.2780000 10.7595968
0.2790000 19.8584709
0.2800000 -36.3384399
0.2810000 -32.7946472
0.2820000 -13.1778107
0.2830000 26.1662540
0.2840000 -0.4677275
0.2850000 -68.3043289
0.2860000 -30.0746117
0.2870000 -64.2122803
0.2880000 11.4253788
0.2890000 23.0290813
0.2900000 -6.1660323
0.2910000 18.0490589
0.2920000 74.6291046
0.2930000 -9.7631025
0.2940000 28.5741673
0.2950000 42.7433434
0.2960000 13.0371122
0.2970000 -59.8040276
0.2980000 50.9411697
0.2990000 -50.9866257
0.3000000 -5.3892322
0.3010000 -28.0125923
0.3020000 13.3987503
0.3030000 -18.7845421
0.3040000 8.5370197
0.3050000 -8.9491844
0.3060000 -73.6190109
0.3070000 -43.7822227
0.3080000 34.5452080
0.3090000 18.2925129
0.3100000 -15.8300581
0.3110000 19.4920063
0.3120000 -30.8502522
0.3130000 -39.7245407
0.3140000 53.2121429
0.3150000 -6.4277945
0.3160000 28.0687199
0.3170000 -7.4246554
0.3180000 -38.0982208
0.3190000 -46.3726959
0.3200000 -4.6926980
0.3210000 34.2728500
0.3220000 64.3652039
0.3230000 34.1910057
0.3240000 28.3144817
0.3250000 -42.5028801
0.3260000 53.1016235
0.3270000 -50.2838478
0.3280000 -89.6884613
0.3290000 -15.9885416
0.3300000 0.7638131
0.3310000 3.5286314
0.3320000 1.3331659
0.3330000 30.2545090
0.3340000 -13.0768843
0.3350000 -62.1580734
0.3360000 -45.8484192
0.3370000 -7.5673428
0.3380000 16.9260674
0.3390000 -42.9214706
0.3400000 2.0347738
0.3410000 56.7635460
0.3420000 36.6720695
0.3430000 -66.4385910
0.3440000 -73.3057709
0.3450000 25.4560699
0.3460000 -18.9515228
0.3470000 8.1347418
0.3480000 -49.3517914
0.3490000 -29.9287624
0.3500000 3.4553325
0.3510000 24.9983368
0.3520000 -18.1193829
0.3530000 -31.3358459
0.3540000 -0.4952991
0.3550000 -69.2023544
0.3560000 -42.6150055
0.3570000 37.1725235
0.3580000 -11.3455849
0.3590000 -36.8644295
0.3600000 -31.1798038
0.3610000 42.3100853
0.3620000 -33.2736015
0.3630000 40.3734894
0.3640000 -3.9185967
0.3650000 -24.5663776
0.3660000 -50.1047821
0.3670000 -0.6946171
0.3680000 -47.2777252
0.3690000 -49.4112091
0.3700000 -64.0552139
0.3710000 11.5650988
0.3720000 -2.9645815
0.3730000 -36.4702988
0.3740000 9.4589663
0.3750000 5.4958625
0.3760000 0.0228870
0.3770000 -9.0603161
0.3780000 30.7716789
0.3790000 31.9635448
0.3800000 32.7700500
0.3810000 8.9699059
0.3820000 30.7555122
0.3830000 -24.4505100
0.3840000 -3.7897987
0.3850000 -25.0740967
0.3860000 13.5951262
0.3870000 -34.0292625
0.3880000 4.7609510
0.3890000 36.3730316
0.3900000 37.8471718
0.3910000 12.2772236
0.3920000 -8.7012720
0.3930000 -1.9415060
0.3940000 27.2251511
0.3950000 -13.9926863
0.3960000 40.1069565
0.3970000 13.2385035
0.3980000 68.8533859
0.3990000 14.2951078
0.4000000 -21.5897923
0.4010000 36.5578690
0.4020000 19.8465366
0.4030000 -28.9161072
0.4040000 -56.6111183
0.4050000 -13.0304937
0.4060000 -31.7474613
0.4070000 12.9690456
0.4080000 84.2840958
0.4090000 30.4635677
0.4100000 26.1882229
0.4110000 -4.9307108
0.4120000 -49.5864983
0.4130000 44.7089806
0.4140000 -25.0276165
0.4150000 3.8025243
0.4160000 -21.4407330
0.4170000 -35.4260292
0.4180000 23.6103649
0.4190000 54.9284210
0.4200000 -6.8965559
0.4210000 31.8652382
0.4220000 0.7099723
0.4230000 50.8944397
0.4240000 28.1728249
0.4250000 -60.5549393
0.4260000 33.9027252
0.4270000 15.1915197
0.4280000 -0.0187040
0.4290000 -5.4521346
0.4300000 23.6896954
0.4310000 -52.3622284
0.4320000 0.0683388
0.4330000 -49.6077957
0.4340000 -7.0868034
0.4350000 30.9435616
0.4360000 20.6821594
0.4370000 24.1782589
0.4380000 24.3276501
0.4390000 -2.3837092
0.4400000 27.5944290
0.4410000 -63.7136765
0.4420000 24.6604881
0.4430000 -65.8316650
0.4440000 -31.1014919
0.4450000 7.5825133
0.4460000 -24.6886711
0.4470000 -75.8787918
0.4480000 -66.8458633
0.4490000 -15.2031670
0.4500000 -47.6379852
0.4510000 -23.6159115
0.4520000 35.5458946
0.4530000 17.7159023
0.4540000 -67.1008759
0.4550000 24.2429867
0.4560000 65.6874771
0.4570000 -59.1279984
0.4580000 -24.4902153
0.4590000 10.3106327
0.4600000 -67.6681213
0.4610000 -9.8476992
0.4620000 -59.4697876
0.4630000 6.2017498
0.4640000 18.7601166
0.4650000 -56.4071922
0.4660000 2.5937886
0.4670000 -26.7202110
0.4680000 16.1762581
0.4690000 11.1870127
0.4700000 12.0347404
0.4710000 8.6278381
0.4720000 20.2353325
0.4730000 11.4566450
0.4740000 -15.3883648
0.4750000 -10.7224360
0.4760000 -46.0418015
0.4770000 -25.7685261
0.4780000 11.8884087
0.4790000 -28.0883102
0.4800000 -13.9599600
0.4810000 -19.7727146
0.4820000 26.5212746
0.4830000 -16.2690067
0.4840000 -3.2380323
0.4850000 -32.4764557
0.4860000 -25.5499840
0.4870000 29.9976845
0.4880000 -26.5366421
0.4890000 -38.7264633
0.4900000 3.9211218
0.4910000 -71.2937851
0.4920000 13.4815979
0.4930000 -31.5421886
0.4940000 2.4127731
0.4950000 7.9297762
0.4960000 -44.8550224
0.4970000 -3.4602776
0.4980000 -39.2566414
0.4990000 64.1913223
0.5000000 22.7216549
0.5010000 26.8531494
0.5020000 -9.2310581
0.5030000 32.3123665
0.5040000 22.5017986
0.5050000 -33.7723427
0.5060000 -26.9551277
0.5070000 6.9279776
0.5080000 -36.4471664
0.5090000 11.8284321
0.5100000 -56.3859062
0.5110000 -33.5620422
0.5120000 -8.5184307
0.5130000 -50.0790176
0.5140000 16.1757908
0.5150000 -11.7661390
0.5160000 -8.1886921
0.5170000 13.9564991
0.5180000 49.5252075
0.5190000 -8.7231722
0.5200000 -36.7106819
0.5210000 21.7415009
0.5220000 -21.5499306
0.5230000 31.9207077
0.5240000 -23.1906834
0.5250000 -33.0478706
0.5260000 -2.2621777
0.5270000 -51.5334206
0.5280000 2.4767909
0.5290000 20.8700123
0.5300000 58.7813950
0.5310000 -58.0980034
0.5320000 16.9474888
0.5330000 -5.9354177
0.5340000 -7.6491890
0.5350000 -11.5354137
0.5360000 -18.4576759
0.5370000 -19.1425686
0.5380000 -3.3879685
0.5390000 -32.3404083
0.5400000 37.1846466
0.5410000 -15.8679657
0.5420000 -41.7907944
0.5430000 6.0757360
0.5440000 9.4729424
0.5450000 -63.1378288
0.5460000 37.4153214
0.5470000 43.9879074
0.5480000 12.1851473
0.5490000 24.9172878
0.5500000 -17.1981850
0.5510000 79.9370728
0.5520000 23.2345161
0.5530000 -11.4590998
0.5540000 12.6399031
0.5550000 -59.5147018
0.5560000 -16.4262524
0.5570000 46.5911598
0.5580000 39.9727936
0.5590000 49.2256241
0.5600000 1.6092975
0.5610000 -40.8652916
0.5620000 -30.1572533
0.5630000 47.7643089
0.5640000 24.7207813
0.5650000 12.2992868
0.5660000 -58.1046753
0.5670000 42.3518677
0.5680000 -15.0791874
0.5690000 17.0553246
0.5700000 14.7896566
0.5710000 -1.6466523
0.5720000 49.4448547
0.5730000 10.3436613
0.5740000 -39.6185532
0.5750000 11.9739389
0.5760000 -0.8632925
0.5770000 41.4001770
0.5780000 34.3688202
0.5790000 43.6522369
0.5800000 65.7995071
0.5810000 1.9759874
0.5820000 -29.0304317
0.5830000 -0.9234009
0.5840000 -5.7147636
0.5850000 6.1024837
0.5860000 -52.1836548
0.5870000 13.0915432
0.5880000 1.8216617
0.5890000 -24.4205761
0.5900000 17.3816853
0.5910000 -19.7853184
0.5920000 -32.8658447
0.5930000 -68.3968506
0.5940000 12.5482187
0.5950000 -27.0730877
0.5960000 -46.8083000
0.5970000 -11.5189056
0.5980000 5.5506301
0.5990000 -35.8535767
0.6000000 13.7365103
0.6010000 -34.0631561
0.6020000 23.4432449
0.6030000 -14.0875959
0.6040000 6.3836565
0.6050000 -7.9176898
0.6060000 75.9918671
0.6070000 5.0018668
0.6080000 5.9964380
0.6090000 1.8496051
0.6100000 -16.3443604
0.6110000 11.0141926
0.6120000 83.4391937
0.6130000 -24.9807568
0.6140000 38.4961014
0.6150000 6.3952518
0.6160000 71.0362396
0.6170000 7.3739386
0.6180000 -70.1207275
0.6190000 63.0000648
0.6200000 -38.1941948
0.6210000 21.1308346
0.6220000 -4.8512440
0.6230000 71.9802094
0.6240000 85.9257584
0.6250000 -27.7918491
0.6260000 45.9073830
0.6270000 23.3145199
0.6280000 -1.3008844
0.6290000 -1.4108489
0.6300000 29.6643810
0.6310000 -24.5441418
0.6320000 29.7111626
0.6330000 -68.2056580
0.6340000 50.8584442
0.6350000 36.6573143
0.6360000 -34.6235809
0.6370000 -18.6609478
0.6380000 10.7798796
0.6390000 38.2100677
0.6400000 0.2560028
0.6410000 42.7104187
0.6420000 6.8074813
0.6430000 6.6249790
0.6440000 13.5339613
0.6450000 24.1853924
0.6460000 55.1762276
0.6470000 4.7063088
0.6480000 -42.5641632
0.6490000 84.5902557
0.6500000 -31.0438232
0.6510000 -44.3673210
0.6520000 29.1993923
0.6530000 -7.1781440
0.6540000 29.2559395
0.6550000 -15.6580210
0.6560000 25.9655743
0.6570000 -36.9432640
0.6580000 43.9652824
0.6590000 16.1120663
0.6600000 35.0336113
0.6610000 -6.0371842
0.6620000 -4.8879333
0.6630000 -5.8657365
0.6640000 -30.6220703
0.6650000 -109.3696747
0.6660000 44.5735092
0.6670000 -18.4555874
0.6680000 23.3972836
0.6690000 -23.2149067
0.6700000 -23.6917725
0.6710000 -7.3986053
0.6720000 21.5486641
0.6730000 25.8858032
0.6740000 44.3793449
0.6750000 -9.0173683
0.6760000 -80.1345673
0.6770000 -3.9307256
0.6780000 -18.1985531
0.6790000 18.5062675
0.6800000 -37.1121407
0.6810000 -57.3940353
0.6820000 57.3100319
0.6830000 41.1624832
0.6840000 -53.9352798
0.6850000 9.7212801
0.6860000 42.4492722
0.6870000 -24.1893978
0.6880000 -32.8246613
0.6890000 -12.1078806
0.6900000 59.2932358
0.6910000 -32.4937897
0.6920000 -57.5305748
0.6930000 7.9861507
0.6940000 -5.7469945
0.6950000 -85.0282059
0.6960000 26.3388767
0.6970000 31.1384811
0.6980000 -0.2016513
0.6990000 -18.2606735
0.7000000 -57.3931160
0.7010000 14.2203951
0.7020000 -35.2517471
0.7030000 25.5321884
0.7040000 -33.7588120
0.7050000 -66.6633835
0.7060000 42.2811050
0.7070000 -4.5646024
0.7080000 9.3870115
0.7090000 36.3920097
0.7100000 -8.5346451
0.7110000 5.6093540
0.7120000 -28.7570953
0.7130000 -1.7520951
0.7140000 26.7926350
0.7150000 -7.7507496
0.7160000 1.7831217
0.7170000 7.4755964
0.7180000 8.9969168
0.7190000 0.1549807
0.7200000 7.8323417
0.7210000 -41.8623810
0.7220000 56.5380669
0.7230000 32.9782944
0.7240000 -13.4508171
0.7250000 11.4789610
0.7260000 12.8573112
0.7270000 -22.0024872
0.7280000 -9.9941826
0.7290000 -15.6641169
0.7300000 75.9884567
0.7310000 -10.2802372
0.7320000 -3.9033666
0.7330000 36.5985413
0.7340000 -27.6042614
0.7350000 -14.5958881
0.7360000 17.9356155
0.7370000 51.4504395
0.7380000 24.1262054
0.7390000 -24.6183891
0.7400000 62.8981056
0.7410000 -19.3715611
0.7420000 11.0175304
0.7430000 3.3733096
0.7440000 4.4573741
0.7450000 -16.7436619
0.7460000 38.8384819
0.7470000 -42.5452271
0.7480000 -45.7742958
0.7490000 2.4248278
0.7500000 84.5886230
0.7510000 -34.8370438
0.7520000 -8.2591391
0.7530000 10.6623764
0.7540000 6.6563048
0.7550000 -9.9292746
0.7560000 6.0106258
0.7570000 -5.6041269
0.7580000 31.8161678
0.7590000 -59.3844032
0.7600000 27.3531990
0.7610000 -48.4553223
0.7620000 -18.6321602
0.7630000 -49.4027443
0.7640000 -41.3840981
0.7650000 60.7363129
0.7660000 33.9701920
0.7670000 28.2834454
0.7680000 6.0636644
0.7690000 -7.9765830
0.7700000 10.2933302
0.7710000 11.3598480
0.7720000 -24.2708054
0.7730000 -24.7954674
0.7740000 -10.9936323
0.7750000 35.0941353
0.7760000 -107.8601151
0.7770000 -36.0445442
0.7780000 -64.4342194
0.7790000 27.1394958
0.7800000 -14.2237568
0.7810000 -18.9916229
0.7820000 -45.0673485
0.7830000 42.8502312
0.7840000 -29.0629406
0.7850000 15.1286755
0.7860000 -5.5777197
0.7870000 56.2435188
0.7880000 -43.4931908
0.7890000 5.4094868
0.7900000 -3.2913313
0.7910000 -26.1237411
0.7920000 -32.4782219
0.7930000 -32.3552017
0.7940000 41.8415031
0.7950000 -92.1741867
0.7960000 30.9146729
0.7970000 24.3591614
0.7980000 7.3364596
0.7990000 16.1381760
0.8000000 -16.1799870
0.8010000 -57.2102242
0.8020000 12.6324654
0.8030000 -42.4044647
0.8040000 -15.9854422
0.8050000 -12.6131334
0.8060000 -4.9925165
0.8070000 29.2465858
0.8080000 47.5718689
0.8090000 -34.2447205
0.8100000 -2.7554862
0.8110000 40.8476257
0.8120000 -10.5483150
0.8130000 84.3274994
0.8140000 12.6242008
0.8150000 37.2512054
0.8160000 -9.6235027
0.8170000 -28.6881409
0.8180000 -20.3206062
0.8190000 -55.5760880
0.8200000 22.9361210
0.8210000 55.0758324
0.8220000 -21.9383583
0.8230000 6.7798190
0.8240000 28.3025017
0.8250000 -14.5281658
0.8260000 -28.4587708
0.8270000 -16.5774460
0.8280000 -20.7657547
0.8290000 11.5301905
0.8300000 -40.8755836
0.8310000 -30.0091610
0.8320000 -29.0233784
0.8330000 22.7471581
0.8340000 51.3193550
0.8350000 -44.8539581
0.8360000 51.3192368
0.8370000 41.6477699
0.8380000 -49.4513092
0.8390000 -49.3603325
0.8400000 9.5033054
0.8410000 30.5328388
0.8420000 -55.6887932
0.8430000 45.6833191
0.8440000 33.2561340
0.8450000 42.5344582
0.8460000 51.7091484
0.8470000 32.2429390
0.8480000 -14.1899366
0.8490000 -35.6769295
0.8500000 -36.0205193
0.8510000 -51.4158707
0.8520000 15.1307459
0.8530000 -9.1501417
0.8540000 -36.8692513
0.8550000 37.0483894
0.8560000 78.5209122
0.8570000 -76.2790604
0.8580000 -5.4590940
0.8590000 -7.6037192
0.8600000 16.1340580
0.8610000 -21.4397545
0.8620000 14.5003300
0.8630000 18.9799519
0.8640000 -16.2722530
0.8650000 19.5817833
0.8660000 -79.6726303
0.8670000 -9.7101297
0.8680000 32.4267883
0.8690000 6.4949293
0.8700000 -31.4449596
0.8710000 -14.3489094
0.8720000 -0.0732538
0.8730000 -95.4291000
0.8740000 -34.6528625
0.8750000 22.1157112
0.8760000 6.8486013
0.8770000 10.8818750
0.8780000 8.5979118
0.8790000 38.5863342
0.8800000 -30.1275578
0.8810000 -1.5351963
0.8820000 -13.1260166
0.8830000 -83.8131943
0.8840000 32.3691177
0.8850000 -68.8692780
0.8860000 -35.2429314
0.8870000 52.3475647
0.8880000 -3.4862168
0.8890000 4.1027164
0.8900000 -12.7834301
0.8910000 -50.6779099
0.8920000 15.5976801
0.8930000 17.5991688
0.8940000 -4.6209030
0.8950000 -4.2407451
0.8960000 -46.9718819
0.8970000 11.9912491
0.8980000 0.9982788
0.8990000 32.2656174
0.9000000 6.0864568
0.9010000 -6.2222605
0.9020000 -8.1823797
0.9030000 -31.1769753
0.9040000 58.7836494
0.9050000 8.3083677
0.9060000 6.0995226
0.9070000 15.3466806
0.9080000 -10.9339161
0.9090000 -43.8700485
0.9100000 41.9826851
0.9110000 23.7769146
0.9120000 -53.0815277
0.9130000 14.9076147
0.9140000 -44.1253738
0.9150000 -43.5027695
0.9160000 -7.2178307
0.9170000 -25.5827980
0.9180000 -52.7805061
0.9190000 49.0171165
0.9200000 -20.6255379
0.9210000 7.7699285
0.9220000 -9.8508835
0.9230000 -5.8403883
0.9240000 20.3402977
0.9250000 26.4831467
0.9260000 -14.3965092
0.9270000 11.3726063
0.9280000 25.9108772
0.9290000 31.2816525
0.9300000 60.8981895
0.9310000 20.4534321
0.9320000 42.8616219
0.9330000 -22.3417015
0.9340000 -54.0487099
0.9350000 58.1880150
0.9360000 13.1908693
0.9370000 -12.9780178
0.9380000 -63.7854996
0.9390000 -21.8870583
0.9400000 -41.7046432
0.9410000 45.4120941
0.9420000 -25.2749329
0.9430000 1.8173692
0.9440000 -5.3304067
0.9450000 34.1706543
0.9460000 -4.0409417
0.9470000 41.0676842
0.9480000 -6.6414976
0.9490000 45.0183411
0.9500000 91.4965286
0.9510000 -15.8466702
0.9520000 23.1640739
0.9530000 37.0158920
0.9540000 -3.9822900
0.9550000 6.8030581
0.9560000 -55.5200996
0.9570000 -50.5492783
0.9580000 -15.7632427
0.9590000 16.6232758
0.9600000 9.4691582
0.9610000 23.4341812
0.9620000 23.4016781
0.9630000 -40.5916977
0.9640000 99.3505936
0.9650000 -17.5292397
0.9660000 -10.7679014
0.9670000 74.0916901
0.9680000 0.9633564
0.9690000 4.6018620
0.9700000 -72.5203247
0.9710000 14.7001801
0.9720000 -37.6605301
0.9730000 23.4713116
0.9740000 6.0554457
0.9750000 -48.6085587
0.9760000 -17.2644062
0.9770000 3.3292844
0.9780000 5.5525026
0.9790000 32.8392220
0.9800000 -53.0910645
0.9810000 -32.3512764
0.9820000 -42.9317245
0.9830000 9.7809362
0.9840000 -42.6748581
0.9850000 8.9713335
0.9860000 12.9874640
0.9870000 20.2684689
0.9880000 30.3088417
0.9890000 3.2872431
0.9900000 -39.4423752
0.9910000 -11.8193951
0.9920000 24.0293522
0.9930000 -24.0878448
0.9940000 8.8943796
0.9950000 -6.0494475
0.9960000 19.9620075
0.9970000 48.1751595
0.9980000 38.3774490
0.9990000 -34.5627213
