0.0000000 -45.3330231
0.0010000 -6.0027299
0.0020000 -45.2906113
0.0030000 11.4718475
0.0040000 -33.8732910
0.0050000 -0.0239828
0.0060000 -45.7359886
0.0070000 -60.3073120
0.0080000 3.3797154
0.0090000 20.8367081
0.0100000 4.4509935
0.0110000 -12.6135120
0.0120000 -10.4688931
0.0130000 1.5522354
0.0140000 44.4126320
0.0150000 35.5097618
0.0160000 -10.9708242
0.0170000 -9.1000185
0.0180000 37.6392059
0.0190000 22.2666168
0.0200000 -26.7169628
0.0210000 44.4482765
0.0220000 14.3308039
0.0230000 13.4147739
0.0240000 53.1135826
0.0250000 -6.8481889
0.0260000 34.6524963
0.0270000 43.2356758
0.0280000 -42.8803596
0.0290000 24.6502895
0.0300000 -50.7267532
0.0310000 12.4420919
0.0320000 6.0904741
0.0330000 23.4575710
0.0340000 -51.6147728
0.0350000 1.1105545
0.0360000 0.8826118
0.0370000 -75.8230057
0.0380000 -16.1385689
0.0390000 14.0449076
0.0400000 51.0223427
0.0410000 61.2437782
0.0420000 19.4278641
0.0430000 -37.5439148
0.0440000 26.9908466
0.0450000 7.0046353
0.0460000 -23.5173054
0.0470000 -48.2717743
0.0480000 2.6275089
0.0490000 26.3048820
0.0500000 -33.6606865
0.0510000 41.6114616
0.0520000 52.6413307
0.0530000 11.8393345
0.0540000 -33.6002464
0.0550000 -3.1713049
0.0560000 -14.0806627
0.0570000 22.5927525
0.0580000 -68.2742691
0.0590000 -0.8639376
0.0600000 -29.8235779
0.0610000 -4.5841246
0.0620000 13.2521725
0.0630000 -1.1783173
0.0640000 34.7881279
0.0650000 19.1795559
0.0660000 20.6743965
0.0670000 28.6289272
0.0680000 -14.7324114
0.0690000 82.1317368
0.0700000 -61.8052330
0.0710000 -5.6017103
0.0720000 17.0693684
0.0730000 -32.4273758
0.0740000 17.8547401
0.0750000 7.7745967
0.0760000 -32.0592422
0.0770000 -15.4779463
0.0780000 -17.4852028
0.0790000 47.2394447
0.0800000 -36.2287979
0.0810000 -37.3364334
0.0820000 -37.9003563
0.0830000 -36.3765259
0.0840000 0.0749426
0.0850000 2.4854183
0.0860000 2.8315976
0.0870000 74.7880554
0.0880000 -34.2961388
0.0890000 -8.0426645
0.0900000 -11.3766518
0.0910000 -15.1339254
0.0920000 -24.7557087
0.0930000 -36.3128319
0.0940000 61.1239319
0.0950000 -8.9846563
0.0960000 48.8965988
0.0970000 -27.5743389
0.0980000 -49.8484459
0.0990000 -7.0549254
0.1000000 54.5964355
0.1010000 -23.1728382
0.1020000 6.6370268
0.1030000 -26.8800831
0.1040000 -3.2677176
0.1050000 -45.9956207
0.1060000 25.6704502
0.1070000 -4.5084152
0.1080000 -2.0632761
0.1090000 -25.1365166
0.1100000 -35.0417175
0.1110000 22.2894382
0.1120000 -5.6485443
0.1130000 12.5004129
0.1140000 37.8638649
0.1150000 40.3205147
0.1160000 -0.7760158
0.1170000 -17.7160244
0.1180000 6.5239196
0.1190000 -15.3774595
0.1200000 -0.8537381
0.1210000 44.0197144
0.1220000 49.3627777
0.1230000 18.1769981
0.1240000 8.4040394
0.1250000 39.7903328
0.1260000 -4.5030527
0.1270000 0.4053733
0.1280000 49.9049797
0.1290000 5.7078905
0.1300000 -54.7489433
0.1310000 26.6179295
0.1320000 20.2437592
0.1330000 -27.6620293
0.1340000 -14.5784149
0.1350000 -17.9499550
0.1360000 -19.4498196
0.1370000 -76.0629272
0.1380000 -22.1585865
0.1390000 -21.4681759
0.1400000 -31.6489429
0.1410000 -8.2007303
0.1420000 -5.6276999
0.1430000 0.2135702
0.1440000 9.4439602
0.1450000 19.0743160
0.1460000 -9.9845924
0.1470000 35.4041901
0.1480000 -18.0930061
0.1490000 -42.5053139
0.1500000 20.5357456
0.1510000 -32.2109489
0.1520000 -14.1489573
0.1530000 19.2190247
0.1540000 14.9082613
0.1550000 8.9369020
0.1560000 -81.5361786
0.1570000 -37.8040848
0.1580000 -25.7994347
0.1590000 15.9894781
0.1600000 17.7062168
0.1610000 -16.6317406
0.1620000 -29.3921337
0.1630000 -87.4487228
0.1640000 -3.8864582
0.1650000 10.4336920
0.1660000 -25.5096836
0.1670000 -39.3850403
0.1680000 -55.3149872
0.1690000 33.6742287
0.1700000 -1.4044380
0.1710000 -53.1549072
0.1720000 20.9630775
0.1730000 8.0861320
0.1740000 33.1022720
0.1750000 57.2262268
0.1760000 -64.4837265
0.1770000 -23.8388882
0.1780000 9.5646019
0.1790000 -2.4954391
0.1800000 -36.7969742
0.1810000 -32.0056686
0.1820000 27.8581734
0.1830000 69.4160843
0.1840000 14.2159281
0.1850000 -2.1128335
0.1860000 43.5009842
0.1870000 45.5132713
0.1880000 -11.2130995
0.1890000 -62.3326759
0.1900000 -5.5794158
0.1910000 -19.8178539
0.1920000 -15.9641724
0.1930000 -1.3674394
0.1940000 14.4606857
0.1950000 -5.7804489
0.1960000 26.5718441
0.1970000 12.1914635
0.1980000 9.3759956
0.1990000 21.5163498
0.2000000 9.7993298
0.2010000 -23.5929413
0.2020000 -35.3860664
0.2030000 -11.4057312
0.2040000 -26.2023907
0.2050000 -42.5161018
0.2060000 19.8933964
0.2070000 9.6936121
0.2080000 -3.1068325
0.2090000 -5.2902899
0.2100000 23.5118675
0.2110000 13.8692961
0.2120000 -24.3872604
0.2130000 24.6576500
0.2140000 -36.2279930
0.2150000 52.7301712
0.2160000 -61.3392563
0.2170000 42.1274147
0.2180000 -18.5639992
0.2190000 -54.0220413
0.2200000 -1.7079041
0.2210000 47.8596001
0.2220000 -34.7517052
0.2230000 46.2493782
0.2240000 -19.0549259
0.2250000 18.7154694
0.2260000 -7.0459733
0.2270000 -0.8334070
0.2280000 4.0278335
0.2290000 -18.8327217
0.2300000 -38.0789757
0.2310000 12.3610964
0.2320000 -31.3403111
0.2330000 6.2546282
0.2340000 -16.8267155
0.2350000 -19.0224781
0.2360000 -31.0764999
0.2370000 1.6560380
0.2380000 33.4464951
0.2390000 -15.7382812
0.2400000 -10.2368469
0.2410000 -21.0539036
0.2420000 23.7373695
0.2430000 -9.6528215
0.2440000 -12.6373405
0.2450000 14.5722132
0.2460000 4.0606275
0.2470000 -10.7781696
0.2480000 -4.5788441
0.2490000 53.0302467
0.2500000 3.0359037
0.2510000 -35.0595818
0.2520000 -44.1817970
0.2530000 -23.0723743
0.2540000 22.8041534
0.2550000 44.1084785
0.2560000 -28.7002544
0.2570000 3.6520681
0.2580000 -17.2666645
0.2590000 -50.1862144
0.2600000 -33.5683556
0.2610000 27.3632221
0.2620000 -48.3302422
0.2630000 9.4158993
0.2640000 -21.3159790
0.2650000 37.6067429
0.2660000 32.2374306
0.2670000 -20.9416256
0.2680000 5.4044847
0.2690000 -0.4980814
0.2700000 8.2521963
0.2710000 19.8313370
0.2720000 15.9856596
0.2730000 -19.7496414
0.2740000 -36.0170555
0.2750000 -12.4561062
0.2760000 -20.6937408
0.2770000 12.5643511
0.2780000 -22.2179298
0.2790000 10.4356804
0.2800000 -3.6409714
0.2810000 -25.0070896
0.2820000 74.3109665
0.2830000 -33.6215439
0.2840000 -3.6813135
0.2850000 2.7637453
0.2860000 64.2158890
0.2870000 -92.8126526
0.2880000 27.9882355
0.2890000 12.2756424
0.2900000 -33.7145882
0.2910000 54.0698166
0.2920000 -27.6498013
0.2930000 -10.7806082
0.2940000 -20.2346439
0.2950000 -31.1858959
0.2960000 -3.5985978
0.2970000 17.2488728
0.2980000 -32.1362305
0.2990000 -24.2377243
0.3000000 7.4765449
0.3010000 1.7537520
0.3020000 56.5236359
0.3030000 20.5884018
0.3040000 11.0418043
0.3050000 6.7864194
0.3060000 -7.7720189
0.3070000 23.4770050
0.3080000 -11.9155264
0.3090000 -12.1868181
0.3100000 -1.7141715
0.3110000 4.9729257
0.3120000 4.4157195
0.3130000 13.5333509
0.3140000 -45.3052292
0.3150000 16.8045673
0.3160000 -27.1490612
0.3170000 44.7303658
0.3180000 13.0663042
0.3190000 6.0574422
0.3200000 4.9910583
0.3210000 -18.5525742
0.3220000 8.1763868
0.3230000 9.8302393
0.3240000 -11.6573896
0.3250000 16.8729439
0.3260000 52.4780502
0.3270000 -29.3842258
0.3280000 -8.6685257
0.3290000 17.1736431
0.3300000 34.0718346
0.3310000 9.2670813
0.3320000 -63.3763351
0.3330000 56.5681725
0.3340000 11.1217957
0.3350000 14.7365999
0.3360000 -52.6900749
0.3370000 -52.0994568
0.3380000 1.6357093
0.3390000 -11.4590788
0.3400000 13.1250248
0.3410000 -99.7763443
0.3420000 -5.9535689
0.3430000 5.1155443
0.3440000 28.7653732
0.3450000 -44.8803711
0.3460000 37.9414062
0.3470000 6.7926121
0.3480000 -28.7653236
0.3490000 118.7021408
0.3500000 -29.0171566
0.3510000 2.2691221
0.3520000 38.5032845
0.3530000 -69.5275879
0.3540000 12.2981157
0.3550000 15.9964056
0.3560000 2.1047466
0.3570000 -4.9636359
0.3580000 17.8536148
0.3590000 2.8890777
0.3600000 -11.1368113
0.3610000 24.9560299
0.3620000 19.1455097
0.3630000 13.1067419
0.3640000 -5.0390429
0.3650000 -65.7339706
0.3660000 65.7804031
0.3670000 42.1734734
0.3680000 7.5774894
0.3690000 -7.5768170
0.3700000 39.8282509
0.3710000 -51.6101227
0.3720000 -37.2085571
0.3730000 -23.7396584
0.3740000 27.3154240
0.3750000 61.0056686
0.3760000 -61.7712746
0.3770000 -22.1242561
0.3780000 -70.3551178
0.3790000 7.2578869
0.3800000 -3.6012375
0.3810000 11.7514963
0.3820000 88.8997116
0.3830000 44.7576180
0.3840000 -15.4126949
0.3850000 -39.9186249
0.3860000 42.2048645
0.3870000 54.4665413
0.3880000 30.9729099
0.3890000 36.8782730
0.3900000 17.0465946
0.3910000 -73.7702484
0.3920000 -18.1668568
0.3930000 -70.3673782
0.3940000 -29.0731049
0.3950000 -24.2881165
0.3960000 -26.1658516
0.3970000 -57.0435982
0.3980000 -29.9040871
0.3990000 -38.3500481
0.4000000 59.2503548
0.4010000 16.5585041
0.4020000 17.9151764
0.4030000 3.5842524
0.4040000 2.4068255
0.4050000 -22.6105747
0.4060000 55.8357925
0.4070000 -37.4751282
0.4080000 -2.3892541
0.4090000 38.5715790
0.4100000 -11.7008142
0.4110000 6.9429932
0.4120000 9.9598312
0.4130000 3.3975542
0.4140000 25.4157734
0.4150000 -47.5394211
0.4160000 -39.0839806
0.4170000 -31.8996830
0.4180000 31.6081905
0.4190000 -23.6673870
0.4200000 -48.9009056
0.4210000 -9.2625237
0.4220000 -1.9013453
0.4230000 62.8028297
0.4240000 -9.3202744
0.4250000 -50.1918907
0.4260000 57.6662788
0.4270000 -11.4631624
0.4280000 1.1476947
0.4290000 32.2771988
0.4300000 24.9336586
0.4310000 -35.8123817
0.4320000 41.8199234
0.4330000 -18.1871529
0.4340000 -26.2648163
0.4350000 20.3091774
0.4360000 -18.5262318
0.4370000 25.3549461
0.4380000 43.8713074
0.4390000 -23.8889847
0.4400000 -8.3236074
0.4410000 22.1952705
0.4420000 13.7670422
0.4430000 0.2344755
0.4440000 1.7974324
0.4450000 -36.4783821
0.4460000 18.3051014
0.4470000 -51.1651649
0.4480000 -31.3273640
0.4490000 -43.1571274
0.4500000 -68.1279297
0.4510000 -2.8570805
0.4520000 -48.0115051
0.4530000 -23.2799892
0.4540000 25.7829494
0.4550000 -63.2980881
0.4560000 -5.0641446
0.4570000 -30.8148785
0.4580000 10.8481855
0.4590000 43.1745987
0.4600000 -21.0051060
0.4610000 38.4329300
0.4620000 42.0757980
0.4630000 -47.9402390
0.4640000 1.5366992
0.4650000 -7.4790659
0.4660000 -3.2734234
0.4670000 4.0435505
0.4680000 -24.8351135
0.4690000 55.1708221
0.4700000 -44.8534927
0.4710000 -3.7291768
0.4720000 35.9693909
0.4730000 51.8702240
0.4740000 -21.5633411
0.4750000 7.4901028
0.4760000 -8.8917894
0.4770000 4.0092506
0.4780000 12.9369879
0.4790000 -10.9387503
0.4800000 37.0609550
0.4810000 21.0863247
0.4820000 15.8849001
0.4830000 14.4062395
0.4840000 -13.7995691
0.4850000 -11.1621714
0.4860000 -57.5730400
0.4870000 33.8080635
0.4880000 -24.8932514
0.4890000 3.2720566
0.4900000 -92.8028488
0.4910000 -14.8149910
0.4920000 -49.4792328
0.4930000 -28.4736080
0.4940000 19.4062996
0.4950000 7.7373872
0.4960000 -18.4755344
0.4970000 -17.4330273
0.4980000 -9.1687574
0.4990000 22.7806129
0.5000000 31.3051949
0.5010000 12.5231581
0.5020000 27.7453232
0.5030000 18.3148994
0.5040000 25.0523205
0.5050000 -22.6715870
0.5060000 24.1044292
0.5070000 -90.2860413
0.5080000 -85.3519440
0.5090000 -47.7469559
0.5100000 29.2942028
0.5110000 -12.1237020
0.5120000 55.7962227
0.5130000 12.0560780
0.5140000 -6.6473160
0.5150000 -36.0552216
0.5160000 -17.8161106
0.5170000 15.5706615
0.5180000 6.5262642
0.5190000 -53.5143738
0.5200000 -3.3868065
0.5210000 40.7933502
0.5220000 -20.3048573
0.5230000 14.6978092
0.5240000 -20.9136600
0.5250000 43.2669792
0.5260000 -25.8801365
0.5270000 0.0006788
0.5280000 28.9998608
0.5290000 14.5243092
0.5300000 30.3291950
0.5310000 62.4103317
0.5320000 16.8798084
0.5330000 -32.4567413
0.5340000 -7.7245984
0.5350000 -19.7606983
0.5360000 -18.1766644
0.5370000 74.0483780
0.5380000 -71.7961655
0.5390000 2.5218730
0.5400000 22.2443600
0.5410000 -56.7264099
0.5420000 -47.6407700
0.5430000 20.8877125
0.5440000 -55.5765381
0.5450000 -76.8265533
0.5460000 49.9993591
0.5470000 -60.2130814
0.5480000 -17.2106476
0.5490000 -24.5897579
0.5500000 -8.3611107
0.5510000 -22.0116081
0.5520000 11.9809475
0.5530000 -1.8426172
0.5540000 71.3696671
0.5550000 -32.0626373
0.5560000 -38.5857353
0.5570000 -9.2886438
0.5580000 23.3268375
0.5590000 -41.3004570
0.5600000 58.0115623
0.5610000 18.6275578
0.5620000 -5.8774033
0.5630000 -29.2771988
0.5640000 -3.8013995
0.5650000 -8.9741983
0.5660000 21.5755787
0.5670000 -85.0555420
0.5680000 -45.2645454
0.5690000 -15.9574385
0.5700000 6.8228412
0.5710000 -12.5578289
0.5720000 -3.6843395
0.5730000 -15.1066599
0.5740000 -91.8887024
0.5750000 6.4061437
0.5760000 40.4351311
0.5770000 -32.8468285
0.5780000 -4.3666449
0.5790000 9.4022064
0.5800000 -4.5450716
0.5810000 -67.3437805
0.5820000 -34.6884422
0.5830000 -44.5077324
0.5840000 12.3923607
0.5850000 25.4739304
0.5860000 35.5830116
0.5870000 35.3132782
0.5880000 7.3883176
0.5890000 -20.4489975
0.5900000 -4.5489817
0.5910000 68.4400406
0.5920000 -4.9560552
0.5930000 -43.1208954
0.5940000 43.4697762
0.5950000 46.3068466
0.5960000 -61.5876427
0.5970000 -25.7927837
0.5980000 -38.8646011
0.5990000 48.8660011
0.6000000 -7.9624281
0.6010000 26.1911602
0.6020000 -91.1328964
0.6030000 0.7133051
0.6040000 -38.1754189
0.6050000 6.8687077
0.6060000 -48.5837936
0.6070000 40.3811607
0.6080000 20.1616707
0.6090000 40.0716629
0.6100000 72.1384888
0.6110000 -56.5369682
0.6120000 -32.6333008
0.6130000 44.2318802
0.6140000 19.7492332
0.6150000 -11.5273237
0.6160000 49.9300117
0.6170000 -3.7145648
0.6180000 10.8391647
0.6190000 -17.6911964
0.6200000 38.0117607
0.6210000 10.5509195
0.6220000 38.3421402
0.6230000 -52.9440918
0.6240000 6.0423789
0.6250000 16.9049950
0.6260000 -7.4105268
0.6270000 -15.5747719
0.6280000 47.6571541
0.6290000 15.5069847
0.6300000 30.7620220
0.6310000 -15.5754633
0.6320000 32.7514915
0.6330000 -18.5053082
0.6340000 -59.9430656
0.6350000 -53.8625031
0.6360000 -22.7421932
0.6370000 14.6221123
0.6380000 23.9702034
0.6390000 -31.4727573
0.6400000 -50.9565201
0.6410000 -6.5200319
0.6420000 18.3393974
0.6430000 12.8359480
0.6440000 13.0299807
0.6450000 16.2001438
0.6460000 45.2769890
0.6470000 29.2886982
0.6480000 17.6665096
0.6490000 116.9533768
0.6500000 40.5406494
0.6510000 60.9480019
0.6520000 -34.5354691
0.6530000 -29.9665260
0.6540000 -10.2349072
0.6550000 45.7630844
0.6560000 7.0730109
0.6570000 -6.1442618
0.6580000 -9.9556732
0.6590000 17.1729527
0.6600000 -6.4637547
0.6610000 -40.2289162
0.6620000 15.7250166
0.6630000 -32.9708900
0.6640000 52.6328926
0.6650000 -22.4006023
0.6660000 13.1373472
0.6670000 13.1226416
0.6680000 39.0007439
0.6690000 4.3110962
0.6700000 27.9345570
0.6710000 8.1483507
0.6720000 -5.1896648
0.6730000 27.5455990
0.6740000 -4.5840678
0.6750000 9.7216930
0.6760000 -31.8992805
0.6770000 -30.1368217
0.6780000 -29.2397537
0.6790000 13.2215614
0.6800000 -21.0735283
0.6810000 3.2792330
0.6820000 72.3943939
0.6830000 -55.3621521
0.6840000 11.5965729
0.6850000 -9.3115463
0.6860000 28.3020630
0.6870000 42.9613953
0.6880000 55.5338020
0.6890000 -21.4875088
0.6900000 26.4100742
0.6910000 -41.1096611
0.6920000 2.3095789
0.6930000 -12.1523447
0.6940000 -23.5492401
0.6950000 -24.9408188
0.6960000 -0.8005598
0.6970000 -38.1619377
0.6980000 25.6583996
0.6990000 35.0064850
0.7000000 -13.4027643
0.7010000 -92.3565140
0.7020000 -2.8160753
0.7030000 38.9871063
0.7040000 38.7953186
0.7050000 -16.8971386
0.7060000 9.2100363
0.7070000 18.7766075
0.7080000 29.1318474
0.7090000 -40.6408691
0.7100000 -33.5318756
0.7110000 -51.7536964
0.7120000 -8.7766733
0.7130000 18.8801594
0.7140000 16.6184120
0.7150000 -3.1774468
0.7160000 -38.4945641
0.7170000 -13.6303816
0.7180000 -7.7100272
0.7190000 -14.7677708
0.7200000 -44.5716820
0.7210000 -2.5263953
0.7220000 6.5955286
0.7230000 -6.4719238
0.7240000 -0.9482258
0.7250000 21.2908459
0.7260000 -32.2878113
0.7270000 -61.6657295
0.7280000 46.4284935
0.7290000 -42.5274582
0.7300000 23.0643597
0.7310000 36.3062668
0.7320000 30.1763630
0.7330000 7.5914326
0.7340000 -6.2636166
0.7350000 11.0428104
0.7360000 19.9352417
0.7370000 -27.8792801
0.7380000 -6.9871359
0.7390000 -24.0304680
0.7400000 -3.6088398
0.7410000 -8.6620665
0.7420000 -10.1729460
0.7430000 -48.6619415
0.7440000 12.4562225
0.7450000 12.5047817
0.7460000 -40.5216446
0.7470000 -9.3859234
0.7480000 -35.2273254
0.7490000 27.5863667
0.7500000 11.7451839
0.7510000 40.6774940
0.7520000 27.9509201
0.7530000 65.9673691
0.7540000 -35.4782791
0.7550000 -13.8592358
0.7560000 32.4461975
0.7570000 -74.7092667
0.7580000 -28.1496964
0.7590000 -14.4851370
0.7600000 -22.8222065
0.7610000 1.6510158
0.7620000 -66.1632614
0.7630000 6.1855783
0.7640000 42.0045395
0.7650000 -0.2981214
0.7660000 -100.0722885
0.7670000 -37.1493874
0.7680000 -40.3584099
0.7690000 -58.2901878
0.7700000 4.4966931
0.7710000 -28.3974895
0.7720000 -73.8973770
0.7730000 13.3279161
0.7740000 -46.9137955
0.7750000 14.4224768
0.7760000 -15.7480602
0.7770000 -5.7390504
0.7780000 33.4223175
0.7790000 -59.5843086
0.7800000 35.2942886
0.7810000 -11.7218647
0.7820000 -24.5087166
0.7830000 -50.1023979
0.7840000 -0.7427166
0.7850000 -37.4515533
0.7860000 39.9916878
0.7870000 -30.1389790
0.7880000 -1.6528318
0.7890000 36.4702682
0.7900000 -33.2339516
0.7910000 -34.7535400
0.7920000 13.7161627
0.7930000 42.0940552
0.7940000 116.5139771
0.7950000 -15.5704803
0.7960000 22.4335938
0.7970000 -0.4596700
0.7980000 -2.1267853
0.7990000 -19.7944298
0.8000000 34.8722153
0.8010000 -13.4025517
0.8020000 41.4865532
0.8030000 45.0140076
0.8040000 40.5377350
0.8050000 -4.0002384
0.8060000 1.5414022
0.8070000 -20.0133953
0.8080000 1.8760039
0.8090000 8.0745344
0.8100000 10.8304529
0.8110000 6.4721174
0.8120000 19.6193600
0.8130000 -17.8423729
0.8140000 8.1161432
0.8150000 68.6013336
0.8160000 11.7774324
0.8170000 -48.5676460
0.8180000 39.0756226
0.8190000 -45.5041618
0.8200000 33.0077209
0.8210000 -59.0363312
0.8220000 30.5455780
0.8230000 14.5329561
0.8240000 -42.7093620
0.8250000 -21.6819496
0.8260000 26.3032494
0.8270000 39.3960114
0.8280000 7.5704446
0.8290000 39.7582207
0.8300000 39.3046989
0.8310000 16.1507950
0.8320000 13.5541553
0.8330000 -27.3779755
0.8340000 -46.8699493
0.8350000 48.4710197
0.8360000 -20.2934837
0.8370000 -32.6490097
0.8380000 -23.1408482
0.8390000 2.6184692
0.8400000 33.6854439
0.8410000 14.5921812
0.8420000 -65.1688385
0.8430000 -28.4846916
0.8440000 30.5681381
0.8450000 22.9806137
0.8460000 51.4097443
0.8470000 -33.4641495
0.8480000 18.3213310
0.8490000 -19.4921722
0.8500000 -4.6317329
0.8510000 -30.8953514
0.8520000 -15.3212748
0.8530000 13.4663877
0.8540000 50.6207848
0.8550000 10.2274513
0.8560000 -46.3208656
0.8570000 37.2383385
0.8580000 -13.2840748
0.8590000 -33.3106613
0.8600000 69.2556534
0.8610000 10.0885010
0.8620000 13.6775894
0.8630000 -22.4431667
0.8640000 33.1877022
0.8650000 -73.8657837
0.8660000 -30.1408119
0.8670000 -23.4080811
0.8680000 41.9672356
0.8690000 -94.8889847
0.8700000 9.5931568
0.8710000 44.6188393
0.8720000 -15.4898767
0.8730000 -42.8965645
0.8740000 -20.1233864
0.8750000 12.3998785
0.8760000 19.6446514
0.8770000 11.8176479
0.8780000 -33.0014954
0.8790000 -4.1718788
0.8800000 -1.3329937
0.8810000 23.8290100
0.8820000 -7.4152884
0.8830000 -37.3582954
0.8840000 -1.2300527
0.8850000 6.5464091
0.8860000 60.7641945
0.8870000 36.8365135
0.8880000 -20.3777008
0.8890000 90.5035095
0.8900000 30.1058960
0.8910000 -15.6937456
0.8920000 -47.1836891
0.8930000 -31.6560898
0.8940000 34.1243706
0.8950000 76.1169128
0.8960000 21.9120140
0.8970000 -32.1705704
0.8980000 35.4180374
0.8990000 -35.3693619
0.9000000 12.3451061
0.9010000 49.0708580
0.9020000 -2.8425252
0.9030000 3.8773019
0.9040000 17.7345257
0.9050000 8.2624655
0.9060000 -12.5848455
0.9070000 -84.6697845
0.9080000 32.5790596
0.9090000 14.8609419
0.9100000 0.6704392
0.9110000 1.2785828
0.9120000 1.9152871
0.9130000 68.6463394
0.9140000 10.5307894
0.9150000 13.1917906
0.9160000 -13.5802622
0.9170000 9.0290213
0.9180000 23.0863018
0.9190000 72.3014069
0.9200000 -19.0600033
0.9210000 35.9354782
0.9220000 -71.0116806
0.9230000 -1.7239236
0.9240000 -32.2845345
0.9250000 5.1464615
0.9260000 -27.7560577
0.9270000 -31.3765068
0.9280000 2.3198104
0.9290000 18.8434448
0.9300000 43.5227394
0.9310000 7.2961273
0.9320000 26.8624954
0.9330000 -17.4634361
0.9340000 48.8625717
0.9350000 12.2043486
0.9360000 16.3416386
0.9370000 0.4483064
0.9380000 -19.1187229
0.9390000 31.4828014
0.9400000 45.1736259
0.9410000 19.2674580
0.9420000 14.1325102
0.9430000 45.6547165
0.9440000 -19.3600082
0.9450000 -74.4642334
0.9460000 4.0876813
0.9470000 -23.8332691
0.9480000 42.2922325
0.9490000 -17.1037998
0.9500000 0.9458724
0.9510000 -34.3566284
0.9520000 46.0116043
0.9530000 3.0568597
0.9540000 37.6322861
0.9550000 -27.1850281
0.9560000 -70.4809570
0.9570000 -15.5835009
0.9580000 -32.6093369
0.9590000 10.7625446
0.9600000 1.3859110
0.9610000 -24.2652416
0.9620000 34.9293251
0.9630000 23.9385719
0.9640000 -33.7029114
0.9650000 4.6032948
0.9660000 -48.6374474
0.9670000 73.9505920
0.9680000 -44.1905899
0.9690000 -8.5469933
0.9700000 -48.2851257
0.9710000 -41.6798592
0.9720000 -59.2624779
0.9730000 34.2175865
0.9740000 11.3458729
0.9750000 24.4416466
0.9760000 -12.9384642
0.9770000 -63.0029945
0.9780000 1.5732495
0.9790000 24.1140804
0.9800000 -13.5473642
0.9810000 35.3074646
0.9820000 16.1151237
0.9830000 8.9302549
0.9840000 48.2666435
0.9850000 -77.6541519
0.9860000 -15.4988041
0.9870000 -8.6617002
0.9880000 -29.6012516
0.9890000 -75.2928696
0.9900000 6.7633262
0.9910000 -14.3572168
0.9920000 -22.9588413
0.9930000 -61.7053566
0.9940000 -14.2019014
0.9950000 -8.9998198
0.9960000 -28.3541412
0.9970000 27.5423298
0.9980000 -13.6962547
0.9990000 49.7643356
