0.0000000 29.6819725
0.0010000 1.7329216
0.0020000 10.4954681
0.0030000 -27.1702595
0.0040000 13.3313274
0.0050000 -20.4502850
0.0060000 36.0720482
0.0070000 -49.2095566
0.0080000 -25.8864193
0.0090000 49.4697456
0.0100000 3.3633256
0.0110000 -78.6759796
0.0120000 -0.4395814
0.0130000 28.0453434
0.0140000 -10.1054277
0.0150000 22.4782257
0.0160000 53.6256409
0.0170000 -27.7509842
0.0180000 12.1157598
0.0190000 5.0077157
0.0200000 41.8527756
0.0210000 -21.7954769
0.0220000 -50.4057808
0.0230000 21.3936634
0.0240000 23.6206779
0.0250000 25.5583649
0.0260000 -47.9804840
0.0270000 -2.2544799
0.0280000 27.8100815
0.0290000 23.4806652
0.0300000 35.8526230
0.0310000 6.2989507
0.0320000 32.0545464
0.0330000 6.0036616
0.0340000 43.7667389
0.0350000 9.8703547
0.0360000 -47.8230247
0.0370000 14.0942421
0.0380000 16.9554367
0.0390000 -46.6290665
0.0400000 -48.1981888
0.0410000 -52.9800568
0.0420000 12.4945784
0.0430000 -25.5309505
0.0440000 8.4659700
0.0450000 19.2924347
0.0460000 -19.0075626
0.0470000 -39.4557419
0.0480000 51.5411835
0.0490000 -23.3449097
0.0500000 36.3145447
0.0510000 -46.7593765
0.0520000 46.6630707
0.0530000 -10.4220858
0.0540000 -5.6355982
0.0550000 -25.8201294
0.0560000 -3.9817162
0.0570000 -30.0251408
0.0580000 6.0013704
0.0590000 -67.4707184
0.0600000 61.4183235
0.0610000 6.4816594
0.0620000 -57.9601059
0.0630000 0.9746165
0.0640000 66.7920074
0.0650000 -8.3140440
0.0660000 72.8222885
0.0670000 1.3809813
0.0680000 -26.7606544
0.0690000 -13.8782024
0.0700000 23.7666817
0.0710000 -30.4401016
0.0720000 -17.6399307
0.0730000 30.8642521
0.0740000 -35.7948647
0.0750000 -8.7377644
0.0760000 -8.4633007
0.0770000 -19.0506020
0.0780000 -51.4533081
0.0790000 -3.7311749
0.0800000 48.6644058
0.0810000 -109.0240555
0.0820000 27.2558594
0.0830000 -29.3930874
0.0840000 15.4208775
0.0850000 2.2917206
0.0860000 18.3774529
0.0870000 17.7444954
0.0880000 37.7282639
0.0890000 -33.9438629
0.0900000 -0.7541142
0.0910000 -11.5465221
0.0920000 31.0649414
0.0930000 -27.5018311
0.0940000 66.4224930
0.0950000 47.2587700
0.0960000 -0.8777373
0.0970000 -22.5210953
0.0980000 -20.5175247
0.0990000 -0.6769557
0.1000000 27.3312988
0.1010000 13.2306509
0.1020000 25.6850510
0.1030000 -24.0023060
0.1040000 -32.2091904
0.1050000 -16.7291145
0.1060000 -4.7145805
0.1070000 63.6691055
0.1080000 -23.6489735
0.1090000 -9.7966080
0.1100000 -21.5646057
0.1110000 -71.2305603
0.1120000 -42.2042770
0.1130000 -45.2187347
0.1140000 -7.1431956
0.1150000 11.1211767
0.1160000 27.2615471
0.1170000 32.1745491
0.1180000 -12.7521229
0.1190000 -44.3554840
0.1200000 54.5130463
0.1210000 -20.2326241
0.1220000 -36.8201447
0.1230000 -18.0774212
0.1240000 -9.3003960
0.1250000 -40.4699707
0.1260000 7.4862447
0.1270000 18.9816780
0.1280000 -12.5992413
0.1290000 32.1077614
0.1300000 -5.7224755
0.1310000 -54.7651367
0.1320000 -26.4817314
0.1330000 60.3309479
0.1340000 83.3385773
0.1350000 3.0869038
0.1360000 -48.0657120
0.1370000 -16.0910721
0.1380000 42.4269409
0.1390000 -6.4442334
0.1400000 17.1981468
0.1410000 22.3267517
0.1420000 8.6077385
0.1430000 20.3674164
0.1440000 -42.4544182
0.1450000 -29.6043816
0.1460000 -4.3031168
0.1470000 64.9797821
0.1480000 -3.7972896
0.1490000 24.8381233
0.1500000 -1.8491933
0.1510000 29.8205566
0.1520000 -42.1664276
0.1530000 -48.2990189
0.1540000 -42.5162277
0.1550000 11.1938143
0.1560000 -14.4800901
0.1570000 -47.2414627
0.1580000 35.9147911
0.1590000 -15.3062325
0.1600000 11.9500170
0.1610000 8.0655861
0.1620000 -9.1763783
0.1630000 -12.3008108
0.1640000 7.7411776
0.1650000 7.9169245
0.1660000 39.7605133
0.1670000 -56.2448082
0.1680000 40.1200600
0.1690000 -25.0555592
0.1700000 47.2485962
0.1710000 27.1235180
0.1720000 -3.3211391
0.1730000 2.7223921
0.1740000 -42.6027603
0.1750000 -40.2844429
0.1760000 8.4868593
0.1770000 9.1725016
0.1780000 -3.4177523
0.1790000 -24.7207680
0.1800000 -65.7123642
0.1810000 -13.4737854
0.1820000 17.3530998
0.1830000 4.3343582
0.1840000 47.4554558
0.1850000 19.4439220
0.1860000 0.1561835
0.1870000 -52.7283401
0.1880000 4.8490067
0.1890000 10.1809149
0.1900000 37.2282982
0.1910000 9.1695900
0.1920000 -38.2244759
0.1930000 5.7032018
0.1940000 46.7293129
0.1950000 -15.6809015
0.1960000 11.1615534
0.1970000 10.6070185
0.1980000 26.1598530
0.1990000 -38.1167488
0.2000000 -43.2366714
0.2010000 61.8366241
0.2020000 53.5600891
0.2030000 -3.7431388
0.2040000 -27.1290493
0.2050000 32.6290550
0.2060000 17.8261833
0.2070000 13.0860891
0.2080000 -9.9726181
0.2090000 -11.0338392
0.2100000 -53.8379555
0.2110000 -7.8430123
0.2120000 -4.8728080
0.2130000 49.1724434
0.2140000 40.8036842
0.2150000 19.7287750
0.2160000 30.0920982
0.2170000 2.6745374
0.2180000 29.5462074
0.2190000 -11.4667788
0.2200000 -1.2662154
0.2210000 27.1030426
0.2220000 14.3382483
0.2230000 23.8013382
0.2240000 -42.7221031
0.2250000 51.3852577
0.2260000 13.6845407
0.2270000 -33.2795601
0.2280000 39.0974350
0.2290000 25.5333061
0.2300000 -31.6111164
0.2310000 -32.2750587
0.2320000 66.3621445
0.2330000 10.5194960
0.2340000 5.9150052
0.2350000 14.5600319
0.2360000 -3.1247027
0.2370000 -4.9674287
0.2380000 25.7589550
0.2390000 -22.4357414
0.2400000 49.5277939
0.2410000 -46.0791550
0.2420000 73.2447968
0.2430000 49.5389671
0.2440000 -37.5128403
0.2450000 14.4905090
0.2460000 -76.7438049
0.2470000 -16.3322086
0.2480000 -12.1511927
0.2490000 19.6585999
0.2500000 29.1796017
0.2510000 -65.1200180
0.2520000 18.3436642
0.2530000 -23.0748177
0.2540000 -9.8169689
0.2550000 19.7839069
0.2560000 31.7273769
0.2570000 48.1971817
0.2580000 23.7405834
0.2590000 -23.7900429
0.2600000 74.8893127
0.2610000 -46.3918648
0.2620000 -58.4357376
0.2630000 -35.6674957
0.2640000 -37.3166847
0.2650000 -24.5507412
0.2660000 14.1987829
0.2670000 35.5028076
0.2680000 62.9759789
0.2690000 23.6943722
0.2700000 20.4273396
0.2710000 16.4790840
0.2720000 -7.7185206
0.2730000 -22.3624363
0.2740000 -0.2922833
0.2750000 28.0440273
0.2760000 33.8140259
0.2770000 40.5463181
0.2780000 30.5395107
0.2790000 29.9309540
0.2800000 -3.2113574
0.2810000 24.0089016
0.2820000 21.0081081
0.2830000 -29.5802040
0.2840000 -44.2058868
0.2850000 -53.1236534
0.2860000 27.0576057
0.2870000 2.9050560
0.2880000 59.7116280
0.2890000 -18.4690876
0.2900000 27.5285168
0.2910000 29.7163773
0.2920000 -23.1401730
0.2930000 32.4429054
0.2940000 4.5381637
0.2950000 38.7661209
0.2960000 42.7479362
0.2970000 -30.5496273
0.2980000 -0.8509380
0.2990000 -14.9971161
0.3000000 -22.6015377
0.3010000 -27.2841587
0.3020000 -19.5480595
0.3030000 31.6089630
0.3040000 16.5607567
0.3050000 5.3505092
0.3060000 -38.2248802
0.3070000 27.1822739
0.3080000 31.1175938
0.3090000 10.2399130
0.3100000 29.8696518
0.3110000 -120.3093109
0.3120000 30.5234737
0.3130000 18.3790016
0.3140000 1.1799227
0.3150000 -42.6062126
0.3160000 -10.5518751
0.3170000 34.9823723
0.3180000 39.2779770
0.3190000 -24.6437511
0.3200000 -18.8497753
0.3210000 -20.6085777
0.3220000 -4.0777211
0.3230000 1.8279500
0.3240000 9.3370914
0.3250000 -21.0020504
0.3260000 -2.5859306
0.3270000 25.4870281
0.3280000 -26.6821194
0.3290000 -36.0722313
0.3300000 35.5357285
0.3310000 2.9637079
0.3320000 20.0438347
0.3330000 -41.3433495
0.3340000 -47.8640289
0.3350000 16.0270443
0.3360000 15.0605640
0.3370000 11.9636707
0.3380000 34.6163292
0.3390000 35.6282578
0.3400000 42.6425095
0.3410000 -5.8021388
0.3420000 39.6506691
0.3430000 33.4082413
0.3440000 60.3860130
0.3450000 -46.6801338
0.3460000 -43.4050026
0.3470000 14.1028891
0.3480000 14.8399639
0.3490000 -20.9160461
0.3500000 23.7255402
0.3510000 -9.6316652
0.3520000 -4.1281986
0.3530000 21.9528275
0.3540000 3.8674195
0.3550000 15.5407114
0.3560000 17.6269817
0.3570000 -0.9780942
0.3580000 28.1312561
0.3590000 -36.4942322
0.3600000 43.0891190
0.3610000 26.1652107
0.3620000 -1.9927486
0.3630000 -12.8691158
0.3640000 4.2140670
0.3650000 5.1838951
0.3660000 -46.8613396
0.3670000 18.0776596
0.3680000 17.8632946
0.3690000 12.1339684
0.3700000 -23.1234722
0.3710000 -64.1343384
0.3720000 21.9931450
0.3730000 30.4291859
0.3740000 -16.3456230
0.3750000 -32.2832146
0.3760000 -1.6065688
0.3770000 5.4845066
0.3780000 -48.4429283
0.3790000 21.9912243
0.3800000 -26.7974167
0.3810000 -10.4118366
0.3820000 -15.1879244
0.3830000 27.6685905
0.3840000 8.8317556
0.3850000 -24.5782719
0.3860000 -25.9854488
0.3870000 -8.7783136
0.3880000 -33.5781631
0.3890000 -2.9755120
0.3900000 9.5526381
0.3910000 -12.2013521
0.3920000 -44.1494522
0.3930000 8.5821619
0.3940000 25.5114174
0.3950000 67.0272217
0.3960000 -18.5640068
0.3970000 -2.0520599
0.3980000 7.8101625
0.3990000 -52.6559410
0.4000000 -57.3810349
0.4010000 37.3784065
0.4020000 60.1064110
0.4030000 -37.8237686
0.4040000 -41.6198997
0.4050000 -25.2770996
0.4060000 4.2985392
0.4070000 76.8486481
0.4080000 -9.6285257
0.4090000 7.0419173
0.4100000 -52.5189171
0.4110000 52.9467087
0.4120000 -19.6830940
0.4130000 3.3943195
0.4140000 3.6584430
0.4150000 -16.1367264
0.4160000 77.6079636
0.4170000 22.8791485
0.4180000 85.7415771
0.4190000 -33.6300125
0.4200000 -30.0918980
0.4210000 -22.9816303
0.4220000 64.9091644
0.4230000 41.9010124
0.4240000 16.3186340
0.4250000 -21.9893608
0.4260000 -44.0817528
0.4270000 -74.0681152
0.4280000 38.2417336
0.4290000 -33.3265190
0.4300000 -40.3195457
0.4310000 23.9387798
0.4320000 45.0500298
0.4330000 101.3952637
0.4340000 -30.2203693
0.4350000 -33.2093773
0.4360000 -47.2556686
0.4370000 44.4603653
0.4380000 34.4673195
0.4390000 -41.5777206
0.4400000 -60.0941162
0.4410000 115.9436722
0.4420000 44.2629852
0.4430000 41.4085350
0.4440000 -15.7342415
0.4450000 -46.8809433
0.4460000 -56.6896324
0.4470000 -30.7359085
0.4480000 17.6616516
0.4490000 41.6715469
0.4500000 -66.4291840
0.4510000 10.0053453
0.4520000 -16.3831844
0.4530000 13.8053226
0.4540000 -1.4497856
0.4550000 -19.7126789
0.4560000 14.8120384
0.4570000 5.4904618
0.4580000 -9.1822214
0.4590000 28.0383415
0.4600000 13.9495687
0.4610000 24.8704948
0.4620000 -33.2899361
0.4630000 54.3330116
0.4640000 37.2960472
0.4650000 6.3878860
0.4660000 30.3515587
0.4670000 -80.3289108
0.4680000 46.6102448
0.4690000 9.6487961
0.4700000 -41.5330276
0.4710000 44.4326859
0.4720000 26.5549812
0.4730000 -25.8569088
0.4740000 -17.0592995
0.4750000 -38.0898094
0.4760000 -6.3859334
0.4770000 30.4510708
0.4780000 28.7014446
0.4790000 -24.3625774
0.4800000 18.7574139
0.4810000 63.4250259
0.4820000 18.1724663
0.4830000 3.9664962
0.4840000 84.2860794
0.4850000 21.3737373
0.4860000 -31.6775036
0.4870000 -7.4360247
0.4880000 5.3353438
0.4890000 8.2598763
0.4900000 -3.3446558
0.4910000 31.6596889
0.4920000 9.7098694
0.4930000 -8.9604473
0.4940000 -36.8534737
0.4950000 29.5119324
0.4960000 15.8930731
0.4970000 -33.8093987
0.4980000 7.0311723
0.4990000 66.8973618
0.5000000 11.5482645
0.5010000 -19.9827957
0.5020000 13.6991062
0.5030000 -25.9800873
0.5040000 -6.2719822
0.5050000 54.4885750
0.5060000 42.9927902
0.5070000 -34.8388214
0.5080000 3.3034937
0.5090000 17.7325974
0.5100000 37.7106247
0.5110000 -30.9271984
0.5120000 24.8013859
0.5130000 48.9834290
0.5140000 11.3299589
0.5150000 19.0695934
0.5160000 -6.8124337
0.5170000 -1.1272522
0.5180000 28.1975842
0.5190000 -29.1765728
0.5200000 -11.1015596
0.5210000 -27.1215096
0.5220000 -3.4986053
0.5230000 -28.9881802
0.5240000 52.9893379
0.5250000 3.2782826
0.5260000 20.1514053
0.5270000 17.0852203
0.5280000 56.6618919
0.5290000 19.8925953
0.5300000 11.0809793
0.5310000 33.2493706
0.5320000 -16.1318493
0.5330000 -24.2152214
0.5340000 16.7920837
0.5350000 31.6260071
0.5360000 14.8277540
0.5370000 -30.1184788
0.5380000 -36.3179779
0.5390000 -6.4718604
0.5400000 -14.3694363
0.5410000 15.9948959
0.5420000 -1.2603335
0.5430000 9.1496782
0.5440000 38.1502838
0.5450000 -49.8960304
0.5460000 32.8810539
0.5470000 54.3882866
0.5480000 -19.6235046
0.5490000 -3.4226046
0.5500000 -34.8800850
0.5510000 -13.0656643
0.5520000 -20.7978592
0.5530000 8.0860977
0.5540000 44.9708633
0.5550000 22.3878536
0.5560000 -12.6305542
0.5570000 -37.5759163
0.5580000 29.1259422
0.5590000 6.7823286
0.5600000 46.4959068
0.5610000 67.8090515
0.5620000 -8.6725693
0.5630000 28.4270535
0.5640000 22.7904797
0.5650000 -53.3954926
0.5660000 -34.0747032
0.5670000 -40.5940895
0.5680000 62.0049820
0.5690000 -18.0533180
0.5700000 9.4085283
0.5710000 -21.8586578
0.5720000 0.2815780
0.5730000 -17.7551956
0.5740000 13.5163689
0.5750000 -47.0481453
0.5760000 -48.8413620
0.5770000 3.3212178
0.5780000 3.0555046
0.5790000 -7.8266034
0.5800000 -24.5344524
0.5810000 -13.3218060
0.5820000 34.1944542
0.5830000 -18.8413677
0.5840000 13.7962065
0.5850000 21.3034821
0.5860000 -65.3298416
0.5870000 2.0678995
0.5880000 -3.6627622
0.5890000 16.2241325
0.5900000 63.0630646
0.5910000 56.6303406
0.5920000 9.3024101
0.5930000 27.1396637
0.5940000 -12.2301035
0.5950000 -50.9280548
0.5960000 -32.5381699
0.5970000 36.0278282
0.5980000 -46.2168198
0.5990000 0.1608431
0.6000000 0.8874115
0.6010000 -23.9165554
0.6020000 36.4956512
0.6030000 -72.7559128
0.6040000 43.8708267
0.6050000 33.5868835
0.6060000 -13.6320066
0.6070000 -12.8866854
0.6080000 -1.4528297
0.6090000 27.2639618
0.6100000 -8.7586823
0.6110000 1.4850764
0.6120000 6.3069010
0.6130000 16.5839882
0.6140000 -27.4751015
0.6150000 -18.0414677
0.6160000 48.7532387
0.6170000 -7.0264554
0.6180000 -0.7125306
0.6190000 49.8075638
0.6200000 -41.5262566
0.6210000 25.8080750
0.6220000 32.3273582
0.6230000 2.1880143
0.6240000 22.7708683
0.6250000 41.9660912
0.6260000 82.8195648
0.6270000 27.7416763
0.6280000 -45.4306068
0.6290000 26.0634441
0.6300000 14.9823828
0.6310000 59.9329262
0.6320000 93.2613449
0.6330000 -1.3304365
0.6340000 -41.9072876
0.6350000 -9.3796673
0.6360000 5.3722849
0.6370000 -30.2597408
0.6380000 -21.9341373
0.6390000 15.7172098
0.6400000 18.2375546
0.6410000 1.1971281
0.6420000 7.2035542
0.6430000 23.0171509
0.6440000 -2.1325645
0.6450000 -42.2495422
0.6460000 -5.1276455
0.6470000 24.1239395
0.6480000 -48.9439926
0.6490000 24.0077744
0.6500000 22.8217812
0.6510000 -2.8073792
0.6520000 -25.9128971
0.6530000 36.8278427
0.6540000 62.8649635
0.6550000 6.3341231
0.6560000 4.9830446
0.6570000 7.8452849
0.6580000 -39.5386810
0.6590000 -13.7888584
0.6600000 33.5685692
0.6610000 -18.4773121
0.6620000 49.3176689
0.6630000 -5.9864955
0.6640000 0.5866702
0.6650000 33.7914543
0.6660000 33.8794632
0.6670000 30.9372005
0.6680000 1.2277713
0.6690000 -37.9755058
0.6700000 49.0486908
0.6710000 4.4010177
0.6720000 25.2870216
0.6730000 -8.5090151
0.6740000 -49.5548935
0.6750000 40.4774895
0.6760000 -29.3082809
0.6770000 -6.8949580
0.6780000 -35.1337204
0.6790000 -9.1706238
0.6800000 36.6630516
0.6810000 -23.7067013
0.6820000 70.8843460
0.6830000 47.7579613
0.6840000 6.6477585
0.6850000 28.2054348
0.6860000 56.3075981
0.6870000 36.3854561
0.6880000 10.4038134
0.6890000 66.3501129
0.6900000 4.1212015
0.6910000 72.7168427
0.6920000 -42.8081360
0.6930000 -5.4840837
0.6940000 4.1011376
0.6950000 60.3306198
0.6960000 -43.1126862
0.6970000 37.4119835
0.6980000 15.1214161
0.6990000 10.5444498
0.7000000 -32.6849709
0.7010000 4.6464467
0.7020000 49.9232559
0.7030000 -18.5521278
0.7040000 -4.4208431
0.7050000 -24.2950726
0.7060000 -10.2554636
0.7070000 27.8726692
0.7080000 -75.0476227
0.7090000 -2.3995335
0.7100000 37.4797440
0.7110000 8.6588812
0.7120000 -6.5576868
0.7130000 -7.2882195
0.7140000 0.0084620
0.7150000 -10.0463524
0.7160000 35.4911957
0.7170000 2.5629106
0.7180000 -5.6756401
0.7190000 -6.3009338
0.7200000 6.3794084
0.7210000 -12.6458845
0.7220000 -73.3389740
0.7230000 63.4138794
0.7240000 32.7876587
0.7250000 9.6960201
0.7260000 22.2403221
0.7270000 -18.0252285
0.7280000 20.6322250
0.7290000 5.2087879
0.7300000 36.2491035
0.7310000 49.1111336
0.7320000 6.1555672
0.7330000 -21.5985527
0.7340000 9.8331547
0.7350000 9.8966694
0.7360000 39.0935364
0.7370000 22.5062714
0.7380000 -27.7316151
0.7390000 20.3587341
0.7400000 -21.6727695
0.7410000 -27.7830410
0.7420000 -8.0417500
0.7430000 -14.2433968
0.7440000 -10.8993826
0.7450000 -40.3409157
0.7460000 5.0962143
0.7470000 -13.6942987
0.7480000 9.7302141
0.7490000 33.6967087
0.7500000 8.7517385
0.7510000 -14.3420734
0.7520000 47.1835938
0.7530000 -49.2171173
0.7540000 13.8900928
0.7550000 29.8584766
0.7560000 -25.3518925
0.7570000 -15.2070141
0.7580000 13.9266739
0.7590000 -4.4632587
0.7600000 -27.0045681
0.7610000 2.5752637
0.7620000 13.0604362
0.7630000 49.3013649
0.7640000 -26.4247303
0.7650000 -35.5423508
0.7660000 23.4790859
0.7670000 -43.4528236
0.7680000 -38.6918144
0.7690000 2.2165124
0.7700000 -74.8935547
0.7710000 -18.1504250
0.7720000 -64.5903473
0.7730000 32.0436592
0.7740000 8.4264326
0.7750000 71.8395920
0.7760000 -25.5219460
0.7770000 34.7497406
0.7780000 -50.4209213
0.7790000 43.0317116
0.7800000 -55.3554077
0.7810000 15.1722937
0.7820000 9.4211149
0.7830000 -35.8092117
0.7840000 34.4059753
0.7850000 -52.8544540
0.7860000 10.7108374
0.7870000 18.2045689
0.7880000 -11.6788960
0.7890000 -44.6171913
0.7900000 -9.4696140
0.7910000 -4.5375414
0.7920000 30.3558540
0.7930000 16.1043129
0.7940000 66.3553314
0.7950000 -39.4606590
0.7960000 24.2555847
0.7970000 -3.9706488
0.7980000 -10.9462395
0.7990000 -17.2485352
0.8000000 29.6012821
0.8010000 14.8424006
0.8020000 1.6215366
0.8030000 3.0213974
0.8040000 -30.5176315
0.8050000 -22.9748440
0.8060000 -17.4653835
0.8070000 -88.0998993
0.8080000 -8.1431713
0.8090000 -31.2471714
0.8100000 -1.2315738
0.8110000 26.2170238
0.8120000 -14.2235451
0.8130000 26.5379200
0.8140000 -50.3412514
0.8150000 -33.6445961
0.8160000 4.0141778
0.8170000 11.7853737
0.8180000 17.2551651
0.8190000 21.5007668
0.8200000 19.6180210
0.8210000 -55.4927177
0.8220000 -10.5897665
0.8230000 -18.7456608
0.8240000 -15.2880573
0.8250000 9.1645956
0.8260000 14.9152651
0.8270000 -36.0754433
0.8280000 -81.8166809
0.8290000 34.4296150
0.8300000 -33.3668213
0.8310000 21.9364243
0.8320000 71.7942886
0.8330000 -39.7582664
0.8340000 6.4057899
0.8350000 34.2683792
0.8360000 -34.1552010
0.8370000 47.4718399
0.8380000 -16.2437134
0.8390000 -14.4864750
0.8400000 -22.9233131
0.8410000 -10.2902279
0.8420000 18.9699535
0.8430000 -12.8311586
0.8440000 -41.3084946
0.8450000 58.2974091
0.8460000 4.3641748
0.8470000 -49.8954124
0.8480000 57.2838173
0.8490000 -6.6638894
0.8500000 7.4415450
0.8510000 24.5317898
0.8520000 14.8359747
0.8530000 62.3114738
0.8540000 -62.3935318
0.8550000 -11.9100571
0.8560000 -12.6928415
0.8570000 -16.8285465
0.8580000 9.7074385
0.8590000 60.7904053
0.8600000 -80.3254395
0.8610000 -19.6595726
0.8620000 14.7969418
0.8630000 -16.8090515
0.8640000 22.6943741
0.8650000 -42.7488174
0.8660000 -0.4016875
0.8670000 -61.3873100
0.8680000 -6.7022891
0.8690000 -7.2224216
0.8700000 12.3161640
0.8710000 -96.4524155
0.8720000 -27.1520157
0.8730000 4.2555914
0.8740000 74.0852356
0.8750000 -14.2520752
0.8760000 -10.8833237
0.8770000 -29.1631432
0.8780000 -59.4136276
0.8790000 42.7721558
0.8800000 11.0822277
0.8810000 -47.9632645
0.8820000 -0.7996112
0.8830000 4.6546807
0.8840000 -1.7165385
0.8850000 70.5494156
0.8860000 0.4923700
0.8870000 15.7709532
0.8880000 32.8109818
0.8890000 -54.8166580
0.8900000 8.8377371
0.8910000 -36.5112991
0.8920000 11.6181536
0.8930000 -32.3402367
0.8940000 0.8776776
0.8950000 15.3519258
0.8960000 35.3496323
0.8970000 37.7385826
0.8980000 0.5088891
0.8990000 -17.1963253
0.9000000 3.8380330
0.9010000 21.3304806
0.9020000 29.1965122
0.9030000 22.3284512
0.9040000 86.3554459
0.9050000 -17.6500740
0.9060000 28.8799934
0.9070000 -19.3886471
0.9080000 25.5860100
0.9090000 23.8141613
0.9100000 -3.1054738
0.9110000 -40.4720879
0.9120000 -29.5744896
0.9130000 -8.3583069
0.9140000 -30.6349945
0.9150000 -6.7177420
0.9160000 21.4101963
0.9170000 28.7406330
0.9180000 -22.2989140
0.9190000 30.7999496
0.9200000 -15.5098400
0.9210000 -4.5332232
0.9220000 -82.4364853
0.9230000 -12.3849068
0.9240000 38.0354271
0.9250000 97.0372162
0.9260000 -13.2447929
0.9270000 -44.2933273
0.9280000 -11.4274035
0.9290000 70.3297424
0.9300000 -24.1767845
0.9310000 21.5332775
0.9320000 45.7981110
0.9330000 68.4956970
0.9340000 -24.0961361
0.9350000 -22.3838425
0.9360000 37.5769768
0.9370000 -19.2710876
0.9380000 60.9033279
0.9390000 -81.2436371
0.9400000 3.4469161
0.9410000 -9.7243824
0.9420000 42.5025063
0.9430000 2.5058556
0.9440000 -15.9032087
0.9450000 4.4361000
0.9460000 14.5698271
0.9470000 -10.7692022
0.9480000 34.5882263
0.9490000 -33.6695366
0.9500000 -13.7823372
0.9510000 5.9791870
0.9520000 82.7436371
0.9530000 42.3755341
0.9540000 22.5122852
0.9550000 -29.0549431
0.9560000 -23.8719902
0.9570000 -41.0040550
0.9580000 -40.6511993
0.9590000 18.5590363
0.9600000 45.2869911
0.9610000 -19.8517170
0.9620000 -10.0185099
0.9630000 31.7055283
0.9640000 -15.9642954
0.9650000 43.2241745
0.9660000 16.4070740
0.9670000 -46.0519180
0.9680000 10.3075686
0.9690000 -28.5371304
0.9700000 0.0594833
0.9710000 -60.1290665
0.9720000 41.4300537
0.9730000 27.6661205
0.9740000 -7.3080063
0.9750000 43.3033142
0.9760000 -28.4129181
0.9770000 32.3545685
0.9780000 17.2313976
0.9790000 18.7708073
0.9800000 -8.2580109
0.9810000 -20.3619709
0.9820000 -21.8608074
0.9830000 8.3217821
0.9840000 -14.4192553
0.9850000 38.9981308
0.9860000 -30.9047642
0.9870000 -8.5723953
0.9880000 6.3227706
0.9890000 -40.8670616
0.9900000 18.4317074
0.9910000 13.2611341
0.9920000 -35.3797646
0.9930000 7.8205767
0.9940000 -33.2370834
0.9950000 -39.1177216
0.9960000 -17.9828644
0.9970000 97.8496399
0.9980000 -12.2815752
0.9990000 -14.2342911
