0.0000000 -12.5059614
0.0010000 -22.4611111
0.0020000 44.4217758
0.0030000 -41.3702393
0.0040000 -46.4557838
0.0050000 29.2856503
0.0060000 31.7388020
0.0070000 -11.5701418
0.0080000 -53.7995186
0.0090000 95.5008469
0.0100000 -35.4932632
0.0110000 -42.3213081
0.0120000 9.3155527
0.0130000 -4.3929276
0.0140000 -1.0670090
0.0150000 5.8856249
0.0160000 41.3328514
0.0170000 -1.9574608
0.0180000 -47.3265190
0.0190000 -62.6610527
0.0200000 -37.8793144
0.0210000 8.2764378
0.0220000 57.2764473
0.0230000 29.6828499
0.0240000 -56.5728951
0.0250000 -50.4280357
0.0260000 20.4180527
0.0270000 62.7674904
0.0280000 -10.5585814
0.0290000 -11.0668297
0.0300000 -67.7565842
0.0310000 56.6215096
0.0320000 -17.6632538
0.0330000 17.5491982
0.0340000 -18.6304073
0.0350000 27.7220020
0.0360000 21.2356415
0.0370000 28.1675854
0.0380000 -47.0898247
0.0390000 57.9827156
0.0400000 51.2238121
0.0410000 14.1385746
0.0420000 33.4324989
0.0430000 -37.9729691
0.0440000 -43.1089745
0.0450000 -10.3816833
0.0460000 18.1304893
0.0470000 27.3439426
0.0480000 -17.1949177
0.0490000 9.4423923
0.0500000 -11.8310633
0.0510000 34.9488716
0.0520000 -56.8339233
0.0530000 -64.1437912
0.0540000 10.2514057
0.0550000 21.8803959
0.0560000 -21.3903294
0.0570000 -11.7088604
0.0580000 -43.0865669
0.0590000 1.0648847
0.0600000 -3.0018587
0.0610000 15.5036192
0.0620000 -12.4810152
0.0630000 -4.5717735
0.0640000 0.4662217
0.0650000 -18.9740410
0.0660000 -63.5697365
0.0670000 23.6488037
0.0680000 -12.0074959
0.0690000 -0.6102130
0.0700000 61.4950333
0.0710000 -32.5811691
0.0720000 -16.3967495
0.0730000 -40.0203438
0.0740000 -70.0810394
0.0750000 40.2820549
0.0760000 -9.1060362
0.0770000 19.3818207
0.0780000 84.3424301
0.0790000 4.6568389
0.0800000 -41.3794899
0.0810000 73.3391724
0.0820000 -38.9825249
0.0830000 18.9655628
0.0840000 62.7258072
0.0850000 -18.0174141
0.0860000 -27.7380676
0.0870000 -22.1514282
0.0880000 12.6130066
0.0890000 13.5969181
0.0900000 -14.2041311
0.0910000 16.2434597
0.0920000 4.0030322
0.0930000 14.1037073
0.0940000 -3.8903775
0.0950000 27.8069801
0.0960000 -7.4547367
0.0970000 -62.2599754
0.0980000 15.8318119
0.0990000 -77.2388077
0.1000000 40.7026520
0.1010000 -23.4012032
0.1020000 -10.6300907
0.1030000 66.7668915
0.1040000 -18.1640282
0.1050000 32.0588608
0.1060000 -46.8473053
0.1070000 2.5191905
0.1080000 1.8342494
0.1090000 23.1077957
0.1100000 -37.4516602
0.1110000 65.5989914
0.1120000 32.4444618
0.1130000 3.4446955
0.1140000 -27.8644600
0.1150000 -18.2106133
0.1160000 20.8380222
0.1170000 33.0558853
0.1180000 -33.6415749
0.1190000 -7.6790833
0.1200000 9.6094055
0.1210000 65.9879761
0.1220000 27.0132599
0.1230000 33.6585541
0.1240000 -2.5898879
0.1250000 -13.9175987
0.1260000 17.5491753
0.1270000 53.4660645
0.1280000 1.1565077
0.1290000 -7.8717980
0.1300000 18.1973400
0.1310000 21.9515400
0.1320000 30.7210293
0.1330000 -0.6970935
0.1340000 -21.0724049
0.1350000 -14.2495966
0.1360000 -32.2094154
0.1370000 -11.6334190
0.1380000 11.2748899
0.1390000 20.5508404
0.1400000 6.6085372
0.1410000 -3.7852457
0.1420000 -30.8010082
0.1430000 2.1953421
0.1440000 -64.1649551
0.1450000 11.5738573
0.1460000 18.7341137
0.1470000 -42.3963890
0.1480000 10.8135023
0.1490000 40.3096886
0.1500000 30.2167187
0.1510000 27.3744659
0.1520000 -9.4601135
0.1530000 1.4123617
0.1540000 -26.5838604
0.1550000 42.7354622
0.1560000 -88.7433090
0.1570000 -16.3186493
0.1580000 -6.5837808
0.1590000 -7.8565683
0.1600000 37.6829414
0.1610000 33.3173294
0.1620000 -36.1122055
0.1630000 -19.8408890
0.1640000 -39.3042679
0.1650000 7.8192320
0.1660000 15.8596773
0.1670000 61.4184685
0.1680000 21.6625900
0.1690000 22.9823475
0.1700000 44.1898003
0.1710000 34.7593880
0.1720000 -26.6778374
0.1730000 -48.1247711
0.1740000 -49.9991722
0.1750000 -25.8279648
0.1760000 -39.6743584
0.1770000 25.9913731
0.1780000 88.5990372
0.1790000 -84.5585022
0.1800000 -13.2366695
0.1810000 -2.6645033
0.1820000 68.7636414
0.1830000 -10.9965687
0.1840000 45.6842804
0.1850000 26.5248909
0.1860000 18.1575108
0.1870000 -38.4520607
0.1880000 2.9721475
0.1890000 -22.6688366
0.1900000 11.0340538
0.1910000 47.6071358
0.1920000 -41.1522636
0.1930000 59.4974174
0.1940000 -36.0553322
0.1950000 18.4868755
0.1960000 -53.9970589
0.1970000 40.9307785
0.1980000 -6.8049164
0.1990000 -33.5567741
0.2000000 -12.2059040
0.2010000 8.7923355
0.2020000 -28.2123356
0.2030000 -62.1093330
0.2040000 -21.3595619
0.2050000 -82.3106308
0.2060000 -26.4987831
0.2070000 -5.7997856
0.2080000 59.8863335
0.2090000 27.0896320
0.2100000 -58.2370644
0.2110000 -26.6641560
0.2120000 -10.7906380
0.2130000 -5.2673707
0.2140000 -35.6297913
0.2150000 -22.7218342
0.2160000 45.9804230
0.2170000 -6.0801158
0.2180000 49.7922783
0.2190000 74.3812180
0.2200000 30.4868088
0.2210000 40.8229408
0.2220000 10.8109646
0.2230000 -2.6658790
0.2240000 -49.0308380
0.2250000 59.0043030
0.2260000 -32.1416168
0.2270000 -6.6520867
0.2280000 65.3457184
0.2290000 5.5457621
0.2300000 -17.0501461
0.2310000 -45.1626625
0.2320000 50.5870590
0.2330000 3.7737494
0.2340000 -49.1224709
0.2350000 46.3030281
0.2360000 20.2797623
0.2370000 8.3971949
0.2380000 -29.2074242
0.2390000 19.0110931
0.2400000 -13.3181419
0.2410000 -31.6943970
0.2420000 -27.5733356
0.2430000 -41.6005402
0.2440000 -20.0460873
0.2450000 27.7974110
0.2460000 -2.8958943
0.2470000 54.9069366
0.2480000 -33.4715118
0.2490000 16.6090260
0.2500000 53.2438393
0.2510000 -7.4707718
0.2520000 5.8109288
0.2530000 34.8538704
0.2540000 -26.6217403
0.2550000 -27.8660202
0.2560000 50.2417526
0.2570000 3.0213649
0.2580000 19.6389751
0.2590000 -19.0683689
0.2600000 -40.4203491
0.2610000 33.3624306
0.2620000 -49.8575401
0.2630000 13.8809099
0.2640000 -41.7522354
0.2650000 -8.1822205
0.2660000 -7.7757621
0.2670000 -44.2365875
0.2680000 -27.0882645
0.2690000 27.6039925
0.2700000 4.8967228
0.2710000 25.2494526
0.2720000 4.7516212
0.2730000 20.5251923
0.2740000 13.1482391
0.2750000 49.2356567
0.2760000 -5.8180718
0.2770000 54.5384178
0.2780000 -12.0026140
0.2790000 -18.8727646
0.2800000 32.3668175
0.2810000 9.0698252
0.2820000 -36.9277420
0.2830000 64.4356079
0.2840000 1.8981869
0.2850000 37.6778259
0.2860000 -4.6671338
0.2870000 -83.8109512
0.2880000 72.8122025
0.2890000 -6.0890112
0.2900000 17.1321621
0.2910000 -6.3973374
0.2920000 -36.9745560
0.2930000 -5.9293146
0.2940000 48.8704796
0.2950000 -36.5926819
0.2960000 28.2670898
0.2970000 -44.3585548
0.2980000 -0.3414066
0.2990000 31.7264290
0.3000000 72.4724426
0.3010000 31.1372700
0.3020000 30.0729103
0.3030000 20.3466816
0.3040000 -12.9416571
0.3050000 -6.4753466
0.3060000 -75.2514648
0.3070000 23.8841648
0.3080000 -50.6481667
0.3090000 57.5392609
0.3100000 16.1969223
0.3110000 -0.9992355
0.3120000 45.9608002
0.3130000 26.9222412
0.3140000 -63.1818733
0.3150000 10.0658808
0.3160000 68.6846542
0.3170000 -83.6761475
0.3180000 9.6196070
0.3190000 -14.7792683
0.3200000 44.3389740
0.3210000 -4.5722675
0.3220000 -6.5878596
0.3230000 17.2226315
0.3240000 -3.2141416
0.3250000 -30.7667465
0.3260000 11.5046024
0.3270000 63.3891144
0.3280000 -14.6736002
0.3290000 88.0003967
0.3300000 21.9749184
0.3310000 -21.4892845
0.3320000 27.3829422
0.3330000 -60.1042633
0.3340000 42.5840416
0.3350000 2.7265141
0.3360000 -4.8178663
0.3370000 4.7330537
0.3380000 64.1377563
0.3390000 -12.6615105
0.3400000 50.1343651
0.3410000 -28.3722744
0.3420000 51.0225143
0.3430000 -28.2281799
0.3440000 64.0289917
0.3450000 -54.5410576
0.3460000 3.9413645
0.3470000 -63.2812233
0.3480000 15.3375092
0.3490000 15.4592810
0.3500000 -12.7852859
0.3510000 -39.7090340
0.3520000 2.7564185
0.3530000 3.5790629
0.3540000 -16.6134834
0.3550000 27.8333740
0.3560000 35.5555725
0.3570000 -6.6185198
0.3580000 -18.0374794
0.3590000 -24.1610203
0.3600000 -29.6850586
0.3610000 -21.6328011
0.3620000 27.3740044
0.3630000 -12.8947763
0.3640000 4.0220461
0.3650000 -3.5684421
0.3660000 34.0392532
0.3670000 50.6945686
0.3680000 -85.6938095
0.3690000 -10.1468792
0.3700000 -12.5836868
0.3710000 42.1691589
0.3720000 47.1165466
0.3730000 80.0363693
0.3740000 27.4187679
0.3750000 62.9186096
0.3760000 -22.1252174
0.3770000 29.4463997
0.3780000 -26.0423107
0.3790000 -36.1860962
0.3800000 34.4293022
0.3810000 49.6181526
0.3820000 41.7558060
0.3830000 -17.0856457
0.3840000 35.8418579
0.3850000 39.3121567
0.3860000 21.9506588
0.3870000 -5.6082263
0.3880000 23.1858196
0.3890000 -43.4003143
0.3900000 8.7559643
0.3910000 -74.1201019
0.3920000 -50.8636894
0.3930000 -0.7409416
0.3940000 2.6605141
0.3950000 3.9118752
0.3960000 32.3726273
0.3970000 -57.3644714
0.3980000 1.3340477
0.3990000 13.1225805
0.4000000 -37.9500580
0.4010000 32.2131310
0.4020000 -37.1843643
0.4030000 3.8752623
0.4040000 -38.5455780
0.4050000 -21.4335098
0.4060000 -20.8728962
0.4070000 -29.7355442
0.4080000 -5.3408179
0.4090000 -19.1937275
0.4100000 -25.0002956
0.4110000 -54.8355446
0.4120000 -44.7439575
0.4130000 53.4437828
0.4140000 3.7571914
0.4150000 -20.7451382
0.4160000 -20.0460377
0.4170000 -9.2927828
0.4180000 8.7204504
0.4190000 8.2835693
0.4200000 14.5285854
0.4210000 61.1535339
0.4220000 -51.3984413
0.4230000 34.2589455
0.4240000 -18.9952202
0.4250000 -36.3343124
0.4260000 49.4509811
0.4270000 -5.7499862
0.4280000 24.9577026
0.4290000 -31.4955921
0.4300000 -76.3746643
0.4310000 -27.2546730
0.4320000 -35.3605347
0.4330000 -10.7823296
0.4340000 29.0225983
0.4350000 14.6398430
0.4360000 36.2684517
0.4370000 -32.0706978
0.4380000 -4.7412515
0.4390000 -72.1959305
0.4400000 -33.8096962
0.4410000 4.3421969
0.4420000 30.2773724
0.4430000 -38.7521057
0.4440000 63.7629013
0.4450000 -6.3627925
0.4460000 44.6338959
0.4470000 -35.8090897
0.4480000 46.3337631
0.4490000 14.6643152
0.4500000 -9.2800674
0.4510000 6.1655698
0.4520000 -11.5647659
0.4530000 11.5960255
0.4540000 -52.2557678
0.4550000 -14.1251335
0.4560000 -6.8553166
0.4570000 -41.7137756
0.4580000 5.0811338
0.4590000 -16.3373127
0.4600000 10.9966002
0.4610000 11.8294382
0.4620000 -21.1322441
0.4630000 14.2655735
0.4640000 -16.5892963
0.4650000 -30.7557945
0.4660000 -15.5297718
0.4670000 -8.8856812
0.4680000 23.4729786
0.4690000 46.7796936
0.4700000 27.8069420
0.4710000 45.6684647
0.4720000 49.7463837
0.4730000 12.8180256
0.4740000 7.6040964
0.4750000 -30.7805767
0.4760000 -43.9319839
0.4770000 3.3942072
0.4780000 -34.1493874
0.4790000 31.9650288
0.4800000 -54.8595276
0.4810000 -12.9984236
0.4820000 -41.4608574
0.4830000 -24.3674946
0.4840000 48.1160393
0.4850000 67.0922165
0.4860000 -58.0791893
0.4870000 -27.3499012
0.4880000 -12.5840816
0.4890000 74.0869598
0.4900000 -49.3371696
0.4910000 6.2761602
0.4920000 -10.5996714
0.4930000 34.5507317
0.4940000 -11.9284964
0.4950000 0.1540984
0.4960000 -97.2979660
0.4970000 -41.8361320
0.4980000 59.0905495
0.4990000 -13.2451448
0.5000000 -59.6353760
0.5010000 18.0774117
0.5020000 32.6084023
0.5030000 2.5067933
0.5040000 54.6859360
0.5050000 35.9415512
0.5060000 36.2737160
0.5070000 -42.6623955
0.5080000 -36.8909874
0.5090000 33.8051720
0.5100000 -18.8626347
0.5110000 15.1368780
0.5120000 -17.9656925
0.5130000 -31.4504890
0.5140000 -67.5204849
0.5150000 25.2115040
0.5160000 17.4814110
0.5170000 50.1460838
0.5180000 36.3328476
0.5190000 41.6423264
0.5200000 -64.9188919
0.5210000 16.5578613
0.5220000 79.8025208
0.5230000 -42.8675499
0.5240000 3.9185722
0.5250000 -7.4888988
0.5260000 45.8428612
0.5270000 -25.6490040
0.5280000 -22.4774227
0.5290000 -57.9867172
0.5300000 52.0703468
0.5310000 -21.2569065
0.5320000 -14.2899227
0.5330000 -81.7076950
0.5340000 12.1256952
0.5350000 86.7019272
0.5360000 12.3973751
0.5370000 46.1305275
0.5380000 -16.4341717
0.5390000 4.9641299
0.5400000 29.2656746
0.5410000 8.1294632
0.5420000 -1.8083805
0.5430000 29.2696838
0.5440000 7.5454969
0.5450000 -38.3256302
0.5460000 -34.6222191
0.5470000 39.0864601
0.5480000 -47.9832077
0.5490000 14.5986414
0.5500000 -37.4559631
0.5510000 35.3689308
0.5520000 -17.2140923
0.5530000 -45.5116501
0.5540000 23.8377075
0.5550000 23.4738674
0.5560000 12.3338051
0.5570000 -6.8319592
0.5580000 53.4060287
0.5590000 51.7238159
0.5600000 61.7865028
0.5610000 -17.4529591
0.5620000 -11.6358385
0.5630000 -19.8645477
0.5640000 5.5230713
0.5650000 -1.2336034
0.5660000 -8.8151731
0.5670000 29.9046230
0.5680000 11.3360672
0.5690000 -6.6501508
0.5700000 -8.2418957
0.5710000 -21.1773205
0.5720000 -17.2931595
0.5730000 -2.3282485
0.5740000 -8.6836033
0.5750000 -47.1221733
0.5760000 7.5429034
0.5770000 -3.2524364
0.5780000 -31.0753250
0.5790000 -1.2028079
0.5800000 2.1648135
0.5810000 -16.6590443
0.5820000 -7.7978368
0.5830000 -14.9460630
0.5840000 -8.6321545
0.5850000 1.2708538
0.5860000 -69.1004181
0.5870000 -6.1071334
0.5880000 -12.0638256
0.5890000 -7.2354054
0.5900000 5.9758277
0.5910000 -81.3835602
0.5920000 -71.7830887
0.5930000 -26.4539127
0.5940000 13.5232687
0.5950000 25.0323315
0.5960000 96.9116211
0.5970000 -8.2574244
0.5980000 -1.4482569
0.5990000 0.0582010
0.6000000 -2.6336098
0.6010000 72.7695236
0.6020000 38.8108788
0.6030000 -11.1283340
0.6040000 -24.4174881
0.6050000 -11.1322765
0.6060000 32.1691704
0.6070000 -6.5613670
0.6080000 -27.1042233
0.6090000 43.5560760
0.6100000 56.1396294
0.6110000 -46.2779427
0.6120000 -45.5068359
0.6130000 9.5375710
0.6140000 -30.8860340
0.6150000 -13.1112871
0.6160000 -61.3113708
0.6170000 56.9885368
0.6180000 -48.5773163
0.6190000 -14.5670500
0.6200000 -18.3858833
0.6210000 26.7256870
0.6220000 -12.2919626
0.6230000 42.2870331
0.6240000 26.2540703
0.6250000 0.9662869
0.6260000 -33.0522232
0.6270000 -5.9238977
0.6280000 11.8602009
0.6290000 -2.6977155
0.6300000 23.9210033
0.6310000 -30.3761425
0.6320000 29.8041477
0.6330000 -17.4346199
0.6340000 -9.1484804
0.6350000 -5.6938295
0.6360000 -87.5579987
0.6370000 19.1366405
0.6380000 -0.8065273
0.6390000 -50.8571129
0.6400000 12.5908337
0.6410000 -34.2764893
0.6420000 32.4088707
0.6430000 20.2561150
0.6440000 13.5804501
0.6450000 -27.4820538
0.6460000 15.8392658
0.6470000 -45.5344200
0.6480000 -9.4681473
0.6490000 4.5166893
0.6500000 8.0435562
0.6510000 75.7244873
0.6520000 3.5513275
0.6530000 -13.6447926
0.6540000 5.6239190
0.6550000 -9.1353874
0.6560000 -25.6499615
0.6570000 19.6901932
0.6580000 -22.4576664
0.6590000 -6.4481330
0.6600000 30.4557381
0.6610000 37.4204025
0.6620000 21.4285259
0.6630000 27.7291355
0.6640000 29.7008839
0.6650000 -2.9793646
0.6660000 -23.7742176
0.6670000 -128.8838654
0.6680000 -27.7511311
0.6690000 12.3942785
0.6700000 1.4749401
0.6710000 70.4512329
0.6720000 -69.1713028
0.6730000 -3.1374254
0.6740000 22.9940758
0.6750000 4.1125054
0.6760000 6.3491545
0.6770000 -34.6283569
0.6780000 27.4230080
0.6790000 10.5009880
0.6800000 2.0267792
0.6810000 -6.7703161
0.6820000 -10.1496878
0.6830000 44.5034218
0.6840000 -27.9882450
0.6850000 25.6681557
0.6860000 25.0086422
0.6870000 -50.7654305
0.6880000 16.9081802
0.6890000 15.1121044
0.6900000 26.5164089
0.6910000 -51.4667435
0.6920000 -1.0644215
0.6930000 -30.7498436
0.6940000 -29.0523758
0.6950000 24.5250435
0.6960000 52.4957657
0.6970000 20.7411156
0.6980000 22.9724598
0.6990000 8.1421156
0.7000000 -5.2236776
0.7010000 41.0092659
0.7020000 26.6179028
0.7030000 18.8239803
0.7040000 -9.8151550
0.7050000 -51.8628426
0.7060000 -33.9930191
0.7070000 -77.9130554
0.7080000 -33.2915306
0.7090000 13.7694120
0.7100000 -26.6424809
0.7110000 2.3842976
0.7120000 -12.6862469
0.7130000 -3.4900727
0.7140000 -7.5221834
0.7150000 37.1674538
0.7160000 36.3451653
0.7170000 47.8463249
0.7180000 54.9510117
0.7190000 -58.7800255
0.7200000 -39.2309875
0.7210000 -57.5278282
0.7220000 -48.1926918
0.7230000 16.7882328
0.7240000 -0.6989495
0.7250000 -1.7050530
0.7260000 -14.0344648
0.7270000 11.1843348
0.7280000 52.0938148
0.7290000 64.8269806
0.7300000 9.8489943
0.7310000 -36.3493614
0.7320000 6.7158675
0.7330000 -4.7383938
0.7340000 -71.2564240
0.7350000 -21.6316719
0.7360000 -51.9187965
0.7370000 -3.7762537
0.7380000 26.8414059
0.7390000 -8.1997356
0.7400000 -64.3687286
0.7410000 13.1738453
0.7420000 -66.2981186
0.7430000 40.3006973
0.7440000 -45.2819405
0.7450000 2.1413465
0.7460000 -4.8352418
0.7470000 19.7953415
0.7480000 84.6895676
0.7490000 91.7937622
0.7500000 12.7354097
0.7510000 26.6857872
0.7520000 3.6704376
0.7530000 -22.2334213
0.7540000 33.3378143
0.7550000 1.9563895
0.7560000 -5.2806005
0.7570000 -43.0609207
0.7580000 -36.3186073
0.7590000 -29.8771534
0.7600000 26.1738796
0.7610000 -2.8180048
0.7620000 -41.5353088
0.7630000 -9.0568333
0.7640000 1.1475435
0.7650000 11.2427673
0.7660000 -72.8093414
0.7670000 4.9785857
0.7680000 -10.6204414
0.7690000 -1.3564105
0.7700000 -40.4581108
0.7710000 20.2888889
0.7720000 4.5175691
0.7730000 53.1671753
0.7740000 -47.0645981
0.7750000 -38.2291336
0.7760000 73.2284317
0.7770000 -2.6615314
0.7780000 -119.6332855
0.7790000 -58.1364250
0.7800000 11.0131035
0.7810000 -42.5768051
0.7820000 18.3089466
0.7830000 31.2784386
0.7840000 -19.0757904
0.7850000 -59.6486206
0.7860000 40.4053192
0.7870000 -2.2995884
0.7880000 -16.8737164
0.7890000 -7.7291913
0.7900000 -27.7112846
0.7910000 -17.7152729
0.7920000 -4.8679490
0.7930000 -19.3853168
0.7940000 -63.9032326
0.7950000 47.1920891
0.7960000 -41.5301857
0.7970000 -64.7815781
0.7980000 31.9942055
0.7990000 -3.4225907
0.8000000 28.1582241
0.8010000 -29.0949898
0.8020000 26.5112400
0.8030000 0.2137726
0.8040000 14.1258497
0.8050000 52.2556763
0.8060000 85.3376923
0.8070000 63.6150436
0.8080000 -35.7354279
0.8090000 -29.2976017
0.8100000 -33.1819496
0.8110000 -34.7028847
0.8120000 -34.4888535
0.8130000 -34.1311150
0.8140000 -24.2158928
0.8150000 -4.3145103
0.8160000 24.6912823
0.8170000 35.9103661
0.8180000 -63.6310501
0.8190000 -43.0867653
0.8200000 -11.9584961
0.8210000 46.8298302
0.8220000 -20.3047848
0.8230000 -20.5670929
0.8240000 34.0294685
0.8250000 26.2660141
0.8260000 -32.4516983
0.8270000 20.0485153
0.8280000 -76.8254547
0.8290000 -21.3543396
0.8300000 1.1588870
0.8310000 0.4959133
0.8320000 -54.3492508
0.8330000 48.2482224
0.8340000 63.1363831
0.8350000 -7.3491511
0.8360000 -13.4757614
0.8370000 59.9549141
0.8380000 -43.9800262
0.8390000 -40.2133102
0.8400000 -25.2427769
0.8410000 -44.3969574
0.8420000 -28.5364552
0.8430000 -40.4017105
0.8440000 -19.4235783
0.8450000 -10.7660246
0.8460000 -69.7677307
0.8470000 -37.5028610
0.8480000 -19.2340546
0.8490000 46.4270592
0.8500000 10.0693665
0.8510000 -26.5275917
0.8520000 -13.4529724
0.8530000 -31.2220325
0.8540000 15.1876230
0.8550000 53.2861900
0.8560000 -14.8727503
0.8570000 -91.9939194
0.8580000 14.5838556
0.8590000 -11.3413048
0.8600000 19.5656910
0.8610000 -14.3168116
0.8620000 -54.7715225
0.8630000 1.3277482
0.8640000 -65.2270203
0.8650000 -18.6217632
0.8660000 5.2178216
0.8670000 22.3127346
0.8680000 -10.8591957
0.8690000 -16.2083263
0.8700000 41.3626060
0.8710000 -1.2674843
0.8720000 -16.2820969
0.8730000 -12.3918142
0.8740000 13.5761204
0.8750000 -9.7122698
0.8760000 -44.2787666
0.8770000 74.6418762
0.8780000 -11.6275988
0.8790000 36.8619308
0.8800000 11.4815922
0.8810000 77.3599625
0.8820000 33.6329918
0.8830000 -18.6684456
0.8840000 -12.7833366
0.8850000 41.9458618
0.8860000 -10.7415218
0.8870000 9.8714180
0.8880000 -28.1414433
0.8890000 -18.6155281
0.8900000 -16.4431953
0.8910000 -9.2697077
0.8920000 30.4625263
0.8930000 20.3272705
0.8940000 -58.8381500
0.8950000 -23.1841373
0.8960000 10.4887915
0.8970000 -2.6270089
0.8980000 -5.4550867
0.8990000 29.0985661
0.9000000 -24.4828129
0.9010000 -11.9920435
0.9020000 -33.9692154
0.9030000 -2.8498104
0.9040000 -1.9430946
0.9050000 19.1766968
0.9060000 23.9705334
0.9070000 5.1226249
0.9080000 -5.6212831
0.9090000 -49.1980896
0.9100000 21.1349354
0.9110000 39.2489510
0.9120000 13.5800495
0.9130000 -4.8130956
0.9140000 -8.9681101
0.9150000 -5.8359632
0.9160000 -18.1103458
0.9170000 29.9056854
0.9180000 -13.6791000
0.9190000 -75.5261154
0.9200000 -46.9986763
0.9210000 -82.7549438
0.9220000 -8.5635309
0.9230000 43.2261009
0.9240000 83.3652496
0.9250000 -17.6694584
0.9260000 -18.2623539
0.9270000 -35.5373116
0.9280000 27.2216034
0.9290000 -11.5082874
0.9300000 -23.2723560
0.9310000 101.6134109
0.9320000 -28.2861271
0.9330000 17.8079071
0.9340000 -10.2732325
0.9350000 -44.6453629
0.9360000 -14.2899809
0.9370000 10.0237780
0.9380000 55.2204514
0.9390000 -24.5832214
0.9400000 47.4168663
0.9410000 68.4902802
0.9420000 2.8761671
0.9430000 -14.4098473
0.9440000 -0.6301895
0.9450000 -84.6062317
0.9460000 67.8431473
0.9470000 25.6593571
0.9480000 19.2635307
0.9490000 -13.4808474
0.9500000 -14.1769791
0.9510000 -0.4132370
0.9520000 -20.7842674
0.9530000 63.7694511
0.9540000 -0.9733247
0.9550000 21.3317013
0.9560000 6.1740022
0.9570000 20.9407215
0.9580000 12.7055111
0.9590000 -41.1285820
0.9600000 17.2891026
0.9610000 -44.4973602
0.9620000 10.2047186
0.9630000 15.1769018
0.9640000 -10.3776236
0.9650000 13.3460493
0.9660000 -14.6815767
0.9670000 -20.9503689
0.9680000 -26.8679581
0.9690000 -8.4587831
0.9700000 33.5948296
0.9710000 -59.2563705
0.9720000 -5.5230236
0.9730000 -37.7973976
0.9740000 53.3392677
0.9750000 47.1586571
0.9760000 5.4055386
0.9770000 -8.0761280
0.9780000 26.6346912
0.9790000 -52.0757942
0.9800000 42.2504463
0.9810000 -13.7750673
0.9820000 -24.7982273
0.9830000 26.0562992
0.9840000 10.8506556
0.9850000 39.5112610
0.9860000 27.4200821
0.9870000 -34.8714561
0.9880000 35.8379135
0.9890000 -18.7017078
0.9900000 -11.3287697
0.9910000 5.4780226
0.9920000 8.3147221
0.9930000 62.5874100
0.9940000 -13.4365807
0.9950000 -6.3563342
0.9960000 -12.3436499
0.9970000 19.0499916
0.9980000 -66.9849243
0.9990000 33.1612740
