0.0000000 13.6522198
0.0010000 16.3119869
0.0020000 12.7992735
0.0030000 -21.4765682
0.0040000 -9.7842503
0.0050000 50.3987961
0.0060000 68.8542786
0.0070000 12.1373587
0.0080000 13.7527475
0.0090000 3.6007569
0.0100000 34.2025146
0.0110000 -30.3901882
0.0120000 -34.8707848
0.0130000 40.3477364
0.0140000 9.6839914
0.0150000 23.1955757
0.0160000 -37.6229248
0.0170000 63.7435799
0.0180000 -43.7898712
0.0190000 -35.6844444
0.0200000 4.4165883
0.0210000 -23.6214371
0.0220000 52.5483322
0.0230000 32.3620834
0.0240000 -9.8575592
0.0250000 39.3828468
0.0260000 72.9389801
0.0270000 26.9272366
0.0280000 36.9799614
0.0290000 11.2793293
0.0300000 42.8364487
0.0310000 -7.0258794
0.0320000 40.8691483
0.0330000 -75.1674423
0.0340000 -7.5892401
0.0350000 -14.3169870
0.0360000 -22.4393463
0.0370000 38.8872566
0.0380000 -11.5717144
0.0390000 30.3881607
0.0400000 50.9023285
0.0410000 -14.7650957
0.0420000 -29.9292908
0.0430000 -2.7236083
0.0440000 -3.3831882
0.0450000 21.1532764
0.0460000 20.1853466
0.0470000 57.8764191
0.0480000 -45.6397667
0.0490000 23.2173920
0.0500000 -50.0856056
0.0510000 -16.7151966
0.0520000 32.0739441
0.0530000 -4.1338515
0.0540000 76.5482788
0.0550000 -12.9327240
0.0560000 7.6315193
0.0570000 6.2205796
0.0580000 30.7590160
0.0590000 -63.7194405
0.0600000 -11.7318621
0.0610000 65.9870453
0.0620000 8.9615059
0.0630000 -21.6023827
0.0640000 3.8654280
0.0650000 11.9955378
0.0660000 -27.4411545
0.0670000 -14.4263506
0.0680000 -12.7842703
0.0690000 -47.8897896
0.0700000 -12.6570835
0.0710000 -24.9365864
0.0720000 30.7820663
0.0730000 -25.2189217
0.0740000 64.0563278
0.0750000 40.3902283
0.0760000 20.5489483
0.0770000 89.1198730
0.0780000 9.8424129
0.0790000 -5.7947526
0.0800000 -1.8990432
0.0810000 0.8786816
0.0820000 -8.0382156
0.0830000 -14.1361408
0.0840000 51.4797897
0.0850000 14.1206350
0.0860000 19.3485470
0.0870000 29.1666985
0.0880000 -0.6712382
0.0890000 -48.6224976
0.0900000 7.3123593
0.0910000 -62.0829010
0.0920000 63.3673286
0.0930000 -23.4551258
0.0940000 50.2210426
0.0950000 20.0870342
0.0960000 3.6269665
0.0970000 0.8674272
0.0980000 -32.5564079
0.0990000 -2.1007566
0.1000000 -1.8299278
0.1010000 -16.8157158
0.1020000 -32.2599983
0.1030000 -15.9437809
0.1040000 31.6516991
0.1050000 14.3501921
0.1060000 34.2478371
0.1070000 31.9516506
0.1080000 39.9177437
0.1090000 9.6611643
0.1100000 -26.1668777
0.1110000 -8.4522266
0.1120000 35.5825615
0.1130000 -5.7553129
0.1140000 -0.1138077
0.1150000 -43.0928497
0.1160000 -4.0624390
0.1170000 2.0926952
0.1180000 9.0966253
0.1190000 10.3368568
0.1200000 3.0624828
0.1210000 -33.0040741
0.1220000 65.4696503
0.1230000 13.9157438
0.1240000 -61.7140694
0.1250000 14.9867477
0.1260000 43.2103386
0.1270000 54.6588135
0.1280000 69.9029617
0.1290000 12.9984856
0.1300000 27.9616985
0.1310000 24.6717033
0.1320000 -5.4775376
0.1330000 22.7986183
0.1340000 -5.9253302
0.1350000 15.5116711
0.1360000 -21.8761940
0.1370000 -13.5591192
0.1380000 8.6408091
0.1390000 -50.9769058
0.1400000 -48.7246933
0.1410000 33.3549271
0.1420000 32.1873779
0.1430000 18.6847744
0.1440000 60.7433052
0.1450000 59.2907715
0.1460000 21.0404110
0.1470000 -15.3482132
0.1480000 -4.7539411
0.1490000 -67.9140854
0.1500000 -10.3089380
0.1510000 4.8490949
0.1520000 58.8708916
0.1530000 -28.7754097
0.1540000 28.1410427
0.1550000 -5.6055984
0.1560000 83.7870712
0.1570000 19.2095776
0.1580000 1.0276132
0.1590000 44.0722809
0.1600000 7.1961436
0.1610000 14.9756832
0.1620000 24.2511063
0.1630000 -5.7203031
0.1640000 27.5903111
0.1650000 52.1507759
0.1660000 41.7676430
0.1670000 -12.7345419
0.1680000 -32.1791077
0.1690000 10.4664679
0.1700000 27.6090488
0.1710000 26.6954708
0.1720000 -57.3024330
0.1730000 25.2827473
0.1740000 10.3382521
0.1750000 -42.5871162
0.1760000 -45.5309563
0.1770000 9.7221355
0.1780000 -21.9606056
0.1790000 -102.0098877
0.1800000 -27.2175674
0.1810000 76.7599792
0.1820000 -2.7098076
0.1830000 23.5236206
0.1840000 -45.5380058
0.1850000 29.6071033
0.1860000 -87.2208328
0.1870000 -65.3203430
0.1880000 -46.4859924
0.1890000 2.0941074
0.1900000 -48.1452560
0.1910000 29.5225906
0.1920000 -56.0876808
0.1930000 56.7540970
0.1940000 49.3022194
0.1950000 -37.2185287
0.1960000 -19.1813297
0.1970000 -12.0148668
0.1980000 -23.5445385
0.1990000 80.2578354
0.2000000 9.9288425
0.2010000 23.4086914
0.2020000 8.0591745
0.2030000 8.6436281
0.2040000 -14.2693949
0.2050000 -15.4509258
0.2060000 -68.9510574
0.2070000 -1.7306471
0.2080000 13.9681873
0.2090000 -8.9972687
0.2100000 -54.6935692
0.2110000 -16.6695728
0.2120000 1.8655490
0.2130000 3.7472782
0.2140000 18.1242371
0.2150000 8.9168453
0.2160000 -24.1031494
0.2170000 -0.2871556
0.2180000 5.5606942
0.2190000 -19.0525761
0.2200000 -4.8969102
0.2210000 47.0349236
0.2220000 26.2551880
0.2230000 -4.7307734
0.2240000 24.3766003
0.2250000 2.3891985
0.2260000 30.9326706
0.2270000 32.4683952
0.2280000 17.3583851
0.2290000 27.0094318
0.2300000 31.4044495
0.2310000 -55.1253281
0.2320000 60.5932465
0.2330000 -58.4752274
0.2340000 70.9442444
0.2350000 21.3719311
0.2360000 -1.6456873
0.2370000 -21.9906921
0.2380000 16.8758087
0.2390000 30.1989117
0.2400000 60.7818260
0.2410000 2.3949883
0.2420000 -15.7487831
0.2430000 24.9859867
0.2440000 12.0036430
0.2450000 0.3188955
0.2460000 -3.5248640
0.2470000 19.6536503
0.2480000 18.7056332
0.2490000 -60.1013260
0.2500000 21.2060204
0.2510000 24.2564354
0.2520000 6.9170380
0.2530000 -18.3306332
0.2540000 -17.7539120
0.2550000 -15.0460825
0.2560000 -41.6461449
0.2570000 -26.4631748
0.2580000 -12.6001701
0.2590000 16.0360126
0.2600000 34.7326736
0.2610000 17.3247604
0.2620000 61.0049248
0.2630000 24.6045704
0.2640000 17.5625000
0.2650000 -19.7046089
0.2660000 15.6946840
0.2670000 -10.9410343
0.2680000 23.6355629
0.2690000 -44.4473610
0.2700000 -28.6932449
0.2710000 -12.9084520
0.2720000 5.9559479
0.2730000 -2.1474006
0.2740000 24.9996586
0.2750000 -22.8896542
0.2760000 53.6712456
0.2770000 43.9278183
0.2780000 50.1089630
0.2790000 -12.2809362
0.2800000 24.7293720
0.2810000 19.1880207
0.2820000 11.1569386
0.2830000 -42.6268654
0.2840000 -31.7039471
0.2850000 -46.4391785
0.2860000 7.1888771
0.2870000 4.8104229
0.2880000 -21.3068047
0.2890000 -19.2529068
0.2900000 25.1980877
0.2910000 -73.5241318
0.2920000 -31.7351608
0.2930000 -56.2187309
0.2940000 17.0040417
0.2950000 -26.2981949
0.2960000 26.0090981
0.2970000 22.4254761
0.2980000 18.3837395
0.2990000 61.1258926
0.3000000 -20.7161865
0.3010000 -6.1866131
0.3020000 -14.1344147
0.3030000 -7.8720174
0.3040000 -36.6313744
0.3050000 13.4957113
0.3060000 33.8600807
0.3070000 27.9662418
0.3080000 57.8225365
0.3090000 -4.3847933
0.3100000 28.5321255
0.3110000 -51.1027184
0.3120000 39.9897423
0.3130000 -0.2710560
0.3140000 -64.8296661
0.3150000 -72.2211533
0.3160000 -0.8944982
0.3170000 -39.6942482
0.3180000 -35.7413712
0.3190000 75.8402176
0.3200000 35.0025711
0.3210000 21.5419922
0.3220000 -77.7561340
0.3230000 61.2301712
0.3240000 14.2898054
0.3250000 -33.5924187
0.3260000 -13.9600859
0.3270000 -19.5463333
0.3280000 -26.7565002
0.3290000 31.7922840
0.3300000 -20.6780128
0.3310000 -46.2006493
0.3320000 4.1063256
0.3330000 -47.6461945
0.3340000 -14.7801447
0.3350000 -2.3183138
0.3360000 16.3212719
0.3370000 -21.7183475
0.3380000 -46.7911110
0.3390000 23.8707695
0.3400000 -88.3258972
0.3410000 -20.0621014
0.3420000 -21.1581345
0.3430000 12.2696600
0.3440000 38.0737724
0.3450000 71.9557343
0.3460000 -45.1813927
0.3470000 28.5538464
0.3480000 40.9830170
0.3490000 -51.5308685
0.3500000 -19.3704147
0.3510000 77.7631454
0.3520000 -40.9913216
0.3530000 11.2787046
0.3540000 -2.7391400
0.3550000 42.0492401
0.3560000 -51.3773956
0.3570000 -17.9570389
0.3580000 1.2632002
0.3590000 41.1411209
0.3600000 -65.4998245
0.3610000 -0.3298205
0.3620000 9.4446898
0.3630000 -45.7556458
0.3640000 4.4409165
0.3650000 43.9316978
0.3660000 -10.1638355
0.3670000 62.8445244
0.3680000 -1.9829146
0.3690000 -54.9292793
0.3700000 10.9502840
0.3710000 28.3639793
0.3720000 54.4844627
0.3730000 49.8619728
0.3740000 50.3709755
0.3750000 -0.7809117
0.3760000 12.3495426
0.3770000 5.6583300
0.3780000 6.4885335
0.3790000 -96.6415176
0.3800000 -8.6931829
0.3810000 24.6498604
0.3820000 8.6882858
0.3830000 23.3256245
0.3840000 67.3008194
0.3850000 -0.8506595
0.3860000 -58.4765244
0.3870000 47.0267372
0.3880000 -35.2129364
0.3890000 33.1587639
0.3900000 40.4460678
0.3910000 -18.9772472
0.3920000 -4.4138780
0.3930000 7.7409234
0.3940000 -29.8506737
0.3950000 8.9744005
0.3960000 -33.1856461
0.3970000 23.3018875
0.3980000 -2.1342123
0.3990000 -18.1160755
0.4000000 -8.4745121
0.4010000 -42.6595688
0.4020000 38.2611351
0.4030000 18.4820995
0.4040000 -25.8839188
0.4050000 23.2362442
0.4060000 -33.4264412
0.4070000 -60.1362877
0.4080000 -8.6130104
0.4090000 1.4452659
0.4100000 -87.6722260
0.4110000 1.9699892
0.4120000 -38.0552940
0.4130000 4.0427289
0.4140000 5.6113496
0.4150000 -0.6602726
0.4160000 -23.4382038
0.4170000 43.8086128
0.4180000 -20.1911983
0.4190000 -9.1503181
0.4200000 12.3149786
0.4210000 21.8143101
0.4220000 -43.1107521
0.4230000 20.2739601
0.4240000 -41.6162529
0.4250000 -3.4493017
0.4260000 32.2111320
0.4270000 51.1466560
0.4280000 5.0925698
0.4290000 -36.1153336
0.4300000 -9.1250372
0.4310000 -4.9350882
0.4320000 18.3558712
0.4330000 -2.9097338
0.4340000 -7.1238179
0.4350000 19.1257172
0.4360000 5.0610147
0.4370000 -21.1373920
0.4380000 16.2767792
0.4390000 26.5006695
0.4400000 -78.1481934
0.4410000 18.2077751
0.4420000 -19.8635807
0.4430000 0.2957040
0.4440000 -16.7524166
0.4450000 -60.7950363
0.4460000 66.9632339
0.4470000 8.8457232
0.4480000 44.5940399
0.4490000 15.4373913
0.4500000 -35.5134163
0.4510000 28.8834457
0.4520000 -7.2009683
0.4530000 -13.7046194
0.4540000 53.4231644
0.4550000 -45.7015152
0.4560000 -29.4758034
0.4570000 17.0644474
0.4580000 -43.5227318
0.4590000 16.8179111
0.4600000 65.1457214
0.4610000 26.2955437
0.4620000 -68.8423004
0.4630000 -6.7600360
0.4640000 -63.7443352
0.4650000 14.4061203
0.4660000 19.1391430
0.4670000 78.6317596
0.4680000 43.1230545
0.4690000 -12.2112141
0.4700000 30.7245255
0.4710000 -7.4725513
0.4720000 -10.2845364
0.4730000 3.9716678
0.4740000 -43.1738739
0.4750000 21.2390079
0.4760000 3.9762306
0.4770000 -60.8166046
0.4780000 87.6864777
0.4790000 16.2820816
0.4800000 -3.0240955
0.4810000 37.2632370
0.4820000 32.4464989
0.4830000 -23.8220768
0.4840000 -3.4227593
0.4850000 13.1105080
0.4860000 6.0810280
0.4870000 -19.2047672
0.4880000 8.5003738
0.4890000 -13.9623442
0.4900000 -67.5087128
0.4910000 19.2194366
0.4920000 11.9586992
0.4930000 5.9306288
0.4940000 31.4400616
0.4950000 66.9660645
0.4960000 43.5017433
0.4970000 -46.7188110
0.4980000 -19.3189697
0.4990000 23.4302616
0.5000000 13.2554674
0.5010000 -13.4515362
0.5020000 13.1154995
0.5030000 -0.4484660
0.5040000 -7.5952959
0.5050000 -2.5267622
0.5060000 6.4308686
0.5070000 -3.5336936
0.5080000 34.4364052
0.5090000 -34.1847534
0.5100000 -53.4095688
0.5110000 -6.8304324
0.5120000 8.4433470
0.5130000 -40.8885918
0.5140000 43.1957436
0.5150000 -64.6508331
0.5160000 21.0987549
0.5170000 53.9511147
0.5180000 -30.5142002
0.5190000 38.4315338
0.5200000 -8.5152960
0.5210000 -15.9070320
0.5220000 -43.2479248
0.5230000 -48.7891960
0.5240000 44.1553574
0.5250000 9.0106058
0.5260000 27.1708546
0.5270000 -6.0523067
0.5280000 12.7428265
0.5290000 -12.5280342
0.5300000 -9.1968584
0.5310000 -26.3023891
0.5320000 -26.2910328
0.5330000 12.6258564
0.5340000 -3.2400901
0.5350000 15.8492680
0.5360000 66.9421463
0.5370000 3.9058666
0.5380000 38.5704117
0.5390000 -70.3576355
0.5400000 34.6904068
0.5410000 9.1139059
0.5420000 16.5841446
0.5430000 24.0777054
0.5440000 24.1400700
0.5450000 -10.0443907
0.5460000 25.1715527
0.5470000 5.4042215
0.5480000 16.7388649
0.5490000 43.7782402
0.5500000 3.5201538
0.5510000 -21.8563652
0.5520000 -84.7731552
0.5530000 33.7056122
0.5540000 31.4404278
0.5550000 15.3189907
0.5560000 48.7261047
0.5570000 19.8390903
0.5580000 -59.4601936
0.5590000 -20.9406071
0.5600000 -51.2061424
0.5610000 49.4989510
0.5620000 31.7416401
0.5630000 58.4707222
0.5640000 -53.6675529
0.5650000 -9.4899902
0.5660000 39.8029327
0.5670000 -54.2339287
0.5680000 -38.7008438
0.5690000 64.1420135
0.5700000 -5.0078192
0.5710000 48.3957939
0.5720000 4.6767545
0.5730000 45.6753159
0.5740000 25.5398598
0.5750000 20.3106689
0.5760000 -35.5508804
0.5770000 -28.2160473
0.5780000 -41.5970764
0.5790000 60.2692146
0.5800000 9.0926838
0.5810000 -16.7273331
0.5820000 -49.7065277
0.5830000 3.9904485
0.5840000 -42.0518341
0.5850000 2.2037666
0.5860000 78.0877838
0.5870000 -39.2167931
0.5880000 -54.8165474
0.5890000 29.7034817
0.5900000 36.7734795
0.5910000 30.9994736
0.5920000 15.8342276
0.5930000 -18.9308033
0.5940000 -55.1975517
0.5950000 -2.1736412
0.5960000 53.2711296
0.5970000 4.2923584
0.5980000 -72.8624878
0.5990000 -16.6394405
0.6000000 -31.5842724
0.6010000 -52.0572166
0.6020000 74.1067657
0.6030000 10.0858154
0.6040000 -23.9430485
0.6050000 -35.1750641
0.6060000 -26.9179783
0.6070000 7.3951588
0.6080000 -30.0557461
0.6090000 32.2347031
0.6100000 -43.6912613
0.6110000 5.8501730
0.6120000 63.3858299
0.6130000 9.1267147
0.6140000 16.1691360
0.6150000 36.1242867
0.6160000 -9.2010546
0.6170000 19.2448463
0.6180000 -57.0965729
0.6190000 -45.8540154
0.6200000 -28.9898243
0.6210000 39.4260902
0.6220000 -29.3802261
0.6230000 -17.0321827
0.6240000 77.6867676
0.6250000 -4.3427505
0.6260000 6.1188302
0.6270000 -19.9936562
0.6280000 -24.6749859
0.6290000 7.0311384
0.6300000 -6.5642958
0.6310000 33.0858955
0.6320000 76.7495041
0.6330000 24.8304119
0.6340000 -33.0787773
0.6350000 25.3237247
0.6360000 27.0135078
0.6370000 33.2147408
0.6380000 11.6349001
0.6390000 -32.4874153
0.6400000 -51.2785339
0.6410000 -20.1432705
0.6420000 41.4957695
0.6430000 -63.1924973
0.6440000 11.9644852
0.6450000 -47.9868279
0.6460000 38.6275558
0.6470000 -39.0816765
0.6480000 -35.1531334
0.6490000 -37.2527618
0.6500000 16.2706585
0.6510000 -2.9746077
0.6520000 17.1381245
0.6530000 7.3272214
0.6540000 -6.5285711
0.6550000 15.9397497
0.6560000 -4.0120354
0.6570000 23.2880249
0.6580000 -2.2891498
0.6590000 25.8466034
0.6600000 -37.7080460
0.6610000 25.6387196
0.6620000 -6.3057957
0.6630000 18.4163017
0.6640000 -13.1587553
0.6650000 -49.9079323
0.6660000 21.4143753
0.6670000 16.3403454
0.6680000 -37.2714195
0.6690000 -17.0166893
0.6700000 -7.6606913
0.6710000 1.2171427
0.6720000 -10.6014423
0.6730000 4.3821998
0.6740000 6.5679717
0.6750000 24.8625526
0.6760000 7.1566358
0.6770000 -39.7887192
0.6780000 3.0529015
0.6790000 50.6835098
0.6800000 -54.1463470
0.6810000 17.3354664
0.6820000 -13.4369993
0.6830000 72.1661148
0.6840000 -5.1661572
0.6850000 -29.8354816
0.6860000 9.8003492
0.6870000 -8.4541140
0.6880000 -43.9139481
0.6890000 29.8371086
0.6900000 23.8090057
0.6910000 42.0500946
0.6920000 13.2572737
0.6930000 -44.8869247
0.6940000 -28.8654976
0.6950000 -28.2339096
0.6960000 -70.7183762
0.6970000 -42.6681595
0.6980000 19.8252335
0.6990000 -20.1938839
0.7000000 48.2952614
0.7010000 21.5927906
0.7020000 -9.0419569
0.7030000 53.6680450
0.7040000 20.6075687
0.7050000 79.5003510
0.7060000 4.2162142
0.7070000 39.9787903
0.7080000 -3.0220411
0.7090000 2.0135148
0.7100000 -6.9209185
0.7110000 12.8027315
0.7120000 19.2827988
0.7130000 39.7104607
0.7140000 18.2251415
0.7150000 -10.0635262
0.7160000 61.4288559
0.7170000 27.7317238
0.7180000 -33.0047569
0.7190000 -49.1676712
0.7200000 -33.4581184
0.7210000 -77.8733368
0.7220000 -61.0563927
0.7230000 -56.8860855
0.7240000 16.3948650
0.7250000 83.3686142
0.7260000 -23.2806778
0.7270000 -41.7082558
0.7280000 0.6834646
0.7290000 -34.4471550
0.7300000 -47.3409271
0.7310000 2.8840311
0.7320000 21.8889942
0.7330000 -9.6892376
0.7340000 -5.1430440
0.7350000 52.8568115
0.7360000 4.8043280
0.7370000 81.9198380
0.7380000 -41.7883530
0.7390000 -67.5598831
0.7400000 -13.5337362
0.7410000 89.8779602
0.7420000 -8.7903042
0.7430000 42.9727745
0.7440000 -56.0685272
0.7450000 20.2944946
0.7460000 -8.1144409
0.7470000 -46.9438477
0.7480000 18.3017712
0.7490000 -58.7863655
0.7500000 -62.4897385
0.7510000 -32.0772362
0.7520000 -33.8869209
0.7530000 19.1713829
0.7540000 -49.5716667
0.7550000 -17.7173786
0.7560000 18.1468182
0.7570000 -3.9390974
0.7580000 23.0439491
0.7590000 58.8058281
0.7600000 63.6923332
0.7610000 48.8444290
0.7620000 -2.4281483
0.7630000 -45.2176094
0.7640000 -23.5208855
0.7650000 -9.3514719
0.7660000 -9.6420631
0.7670000 -2.2551072
0.7680000 12.2454529
0.7690000 -6.2117362
0.7700000 -9.8750668
0.7710000 21.8152370
0.7720000 29.1549511
0.7730000 8.6358299
0.7740000 -22.1010456
0.7750000 26.4260292
0.7760000 -20.2604542
0.7770000 -22.9420986
0.7780000 -26.0419197
0.7790000 6.6370010
0.7800000 -34.0052147
0.7810000 33.8608971
0.7820000 1.4435754
0.7830000 6.4753804
0.7840000 -22.9570866
0.7850000 84.7153320
0.7860000 -21.8600044
0.7870000 -12.9086647
0.7880000 -23.4318066
0.7890000 17.6889267
0.7900000 -10.3995256
0.7910000 40.6559296
0.7920000 -5.3274279
0.7930000 21.3118439
0.7940000 5.8850975
0.7950000 -14.4744120
0.7960000 -10.9558849
0.7970000 -24.2056236
0.7980000 -12.6281366
0.7990000 10.0865164
0.8000000 14.0982666
0.8010000 -21.0255108
0.8020000 51.6412697
0.8030000 -54.0910339
0.8040000 -20.1847782
0.8050000 11.3370028
0.8060000 -22.1090908
0.8070000 -51.7602654
0.8080000 -14.7984009
0.8090000 -2.8038211
0.8100000 -78.5783005
0.8110000 -31.8979015
0.8120000 -48.3098869
0.8130000 -7.7654681
0.8140000 6.5217328
0.8150000 25.1293964
0.8160000 58.7249222
0.8170000 -6.3143315
0.8180000 37.5124817
0.8190000 10.8650141
0.8200000 29.2790432
0.8210000 17.3437233
0.8220000 53.0050468
0.8230000 8.4348822
0.8240000 17.1904144
0.8250000 -31.3208160
0.8260000 2.4274135
0.8270000 28.1254005
0.8280000 31.0296249
0.8290000 -34.1771317
0.8300000 -23.1881027
0.8310000 40.8746223
0.8320000 42.5413017
0.8330000 -3.3077185
0.8340000 -36.7360420
0.8350000 -28.9139576
0.8360000 35.2392731
0.8370000 1.6092163
0.8380000 -72.1251984
0.8390000 10.9523821
0.8400000 -48.8244553
0.8410000 -54.4330025
0.8420000 -2.5492592
0.8430000 5.5254045
0.8440000 -36.9879417
0.8450000 -47.7079086
0.8460000 3.7621427
0.8470000 -63.7257462
0.8480000 6.7797523
0.8490000 -25.8120880
0.8500000 -20.2917309
0.8510000 -57.8952446
0.8520000 -8.5561867
0.8530000 16.8049965
0.8540000 1.1499493
0.8550000 54.5146255
0.8560000 36.1356506
0.8570000 -34.0601997
0.8580000 -5.3968086
0.8590000 -30.4116230
0.8600000 -7.8101468
0.8610000 -43.6285667
0.8620000 -56.9947128
0.8630000 79.3852081
0.8640000 -13.5492172
0.8650000 -9.0665331
0.8660000 6.1452284
0.8670000 28.1855812
0.8680000 -37.0621033
0.8690000 -46.2264557
0.8700000 37.1839905
0.8710000 -49.6996117
0.8720000 -33.7012863
0.8730000 -17.4815979
0.8740000 11.1470642
0.8750000 -30.2415714
0.8760000 29.9353466
0.8770000 -65.1341934
0.8780000 -40.1369209
0.8790000 -40.4044037
0.8800000 -6.6316595
0.8810000 16.1534081
0.8820000 -77.7432632
0.8830000 -8.0494785
0.8840000 1.4427392
0.8850000 -18.0150146
0.8860000 -29.8271885
0.8870000 12.9244099
0.8880000 -32.1054039
0.8890000 -9.7380018
0.8900000 -38.6599884
0.8910000 -27.2181339
0.8920000 27.2709179
0.8930000 18.1549511
0.8940000 22.7638512
0.8950000 23.4026413
0.8960000 -24.6646729
0.8970000 24.1374531
0.8980000 -13.4558296
0.8990000 -49.1507378
0.9000000 49.8096085
0.9010000 28.0534000
0.9020000 -30.3949013
0.9030000 -30.4949646
0.9040000 -14.2408705
0.9050000 2.5741665
0.9060000 -9.1516542
0.9070000 7.5643950
0.9080000 -18.4972286
0.9090000 -32.1198425
0.9100000 -64.9041214
0.9110000 29.4636707
0.9120000 -41.8159485
0.9130000 42.5269699
0.9140000 -46.1172562
0.9150000 17.6354256
0.9160000 7.9189239
0.9170000 4.4640288
0.9180000 39.2642479
0.9190000 -34.9914246
0.9200000 33.6694298
0.9210000 8.4903860
0.9220000 -15.5192795
0.9230000 12.3521719
0.9240000 8.2980146
0.9250000 4.8155060
0.9260000 -52.0854187
0.9270000 -18.3352127
0.9280000 39.4220886
0.9290000 35.9431305
0.9300000 -38.9425430
0.9310000 -16.2942543
0.9320000 68.1865387
0.9330000 -12.1821337
0.9340000 -74.8298492
0.9350000 -34.2796898
0.9360000 -41.9280319
0.9370000 46.7464104
0.9380000 39.8722916
0.9390000 -13.1707439
0.9400000 43.6840439
0.9410000 -36.1533012
0.9420000 4.5181394
0.9430000 -15.2935419
0.9440000 21.1906376
0.9450000 10.0173149
0.9460000 11.3274632
0.9470000 -2.4653597
0.9480000 1.5712155
0.9490000 61.7187004
0.9500000 -37.8071404
0.9510000 -31.1700211
0.9520000 5.1456447
0.9530000 8.9333935
0.9540000 21.9155235
0.9550000 27.7214546
0.9560000 82.3899918
0.9570000 21.0728302
0.9580000 -5.1973724
0.9590000 5.7881889
0.9600000 38.0788345
0.9610000 9.0722895
0.9620000 -19.4905987
0.9630000 -61.5649033
0.9640000 -26.6356220
0.9650000 18.7178230
0.9660000 2.1615865
0.9670000 -27.5367146
0.9680000 43.8318291
0.9690000 24.1972218
0.9700000 -41.1071014
0.9710000 -34.6717224
0.9720000 3.2409456
0.9730000 3.7008135
0.9740000 28.0726261
0.9750000 -5.0813079
0.9760000 -29.1367798
0.9770000 46.3940125
0.9780000 18.7668324
0.9790000 34.5600052
0.9800000 -2.0136423
0.9810000 21.6991329
0.9820000 -76.7347031
0.9830000 -29.8746090
0.9840000 -56.7759781
0.9850000 -10.0906982
0.9860000 -19.9450321
0.9870000 -39.0388527
0.9880000 31.3876247
0.9890000 20.9234447
0.9900000 39.0324287
0.9910000 37.9528236
0.9920000 -4.5248189
0.9930000 14.0735512
0.9940000 40.8716507
0.9950000 -25.2521629
0.9960000 -37.6579132
0.9970000 -8.8359861
0.9980000 0.2947778
0.9990000 -20.8114662
