0.0000000 22.6124115
0.0010000 -13.2843084
0.0020000 91.1585541
0.0030000 -3.3861685
0.0040000 -30.1489944
0.0050000 19.5837460
0.0060000 -43.4460716
0.0070000 -17.7588844
0.0080000 18.3517151
0.0090000 9.1649599
0.0100000 17.6655560
0.0110000 47.7329750
0.0120000 62.2157402
0.0130000 -22.2983646
0.0140000 14.3458443
0.0150000 64.2256775
0.0160000 -48.9113655
0.0170000 -25.0558281
0.0180000 -8.3972778
0.0190000 43.0874825
0.0200000 -20.9480553
0.0210000 -16.6268482
0.0220000 -12.6260586
0.0230000 -18.3752651
0.0240000 74.5335922
0.0250000 68.9901657
0.0260000 -39.4969215
0.0270000 -16.5937691
0.0280000 34.6094246
0.0290000 8.3993235
0.0300000 37.3402824
0.0310000 29.4081573
0.0320000 -14.3808165
0.0330000 63.2972679
0.0340000 -2.1596918
0.0350000 6.6387053
0.0360000 -3.8449416
0.0370000 50.9503517
0.0380000 -0.3043536
0.0390000 15.6230478
0.0400000 -4.1076751
0.0410000 37.7350502
0.0420000 -33.7117386
0.0430000 39.5330887
0.0440000 31.7738438
0.0450000 20.9183006
0.0460000 -19.4257622
0.0470000 -26.9354534
0.0480000 -7.3888459
0.0490000 18.4556923
0.0500000 -27.4272747
0.0510000 -61.6340790
0.0520000 37.2349854
0.0530000 -13.4222212
0.0540000 30.6712036
0.0550000 -22.7551537
0.0560000 -47.3844872
0.0570000 -16.0372219
0.0580000 29.3375168
0.0590000 21.7658348
0.0600000 28.1219387
0.0610000 -13.4061575
0.0620000 28.0873985
0.0630000 -35.5628471
0.0640000 26.5389805
0.0650000 -12.7570591
0.0660000 -26.6003838
0.0670000 4.9399381
0.0680000 -29.1674862
0.0690000 -55.1500587
0.0700000 47.2863007
0.0710000 30.9725018
0.0720000 -32.9541054
0.0730000 21.9254875
0.0740000 -43.4281693
0.0750000 -55.4025574
0.0760000 -29.5764942
0.0770000 -40.5691528
0.0780000 10.4043779
0.0790000 -35.4597359
0.0800000 0.0960319
0.0810000 -32.6705742
0.0820000 18.6836071
0.0830000 -18.8204861
0.0840000 41.9197693
0.0850000 18.3434143
0.0860000 -12.6780882
0.0870000 -19.4070225
0.0880000 -75.4089127
0.0890000 6.5857673
0.0900000 -33.8196297
0.0910000 -12.4382381
0.0920000 1.6857816
0.0930000 25.8059254
0.0940000 -6.9691439
0.0950000 18.1257248
0.0960000 -38.0742760
0.0970000 17.8109818
0.0980000 8.9036226
0.0990000 -35.8627892
0.1000000 35.4593353
0.1010000 6.3468852
0.1020000 45.5409050
0.1030000 88.3017883
0.1040000 33.9501686
0.1050000 14.7457438
0.1060000 -9.1779861
0.1070000 72.5190964
0.1080000 24.7894669
0.1090000 5.1122861
0.1100000 -41.2727394
0.1110000 -4.8428063
0.1120000 17.4219341
0.1130000 48.0877190
0.1140000 -11.1337852
0.1150000 -65.2560959
0.1160000 16.5030918
0.1170000 54.4936371
0.1180000 -6.9348917
0.1190000 44.9048119
0.1200000 10.2884283
0.1210000 37.4245415
0.1220000 17.5740795
0.1230000 -8.3302279
0.1240000 38.6308441
0.1250000 4.1924038
0.1260000 10.0188398
0.1270000 25.4594440
0.1280000 -0.5922144
0.1290000 3.8073096
0.1300000 -11.9104328
0.1310000 -1.9948905
0.1320000 -34.1048584
0.1330000 -21.1227188
0.1340000 21.4684258
0.1350000 -17.1937962
0.1360000 14.2040663
0.1370000 -58.1328316
0.1380000 12.2022667
0.1390000 31.4715824
0.1400000 0.5291995
0.1410000 -23.4957161
0.1420000 -8.5826855
0.1430000 23.4307308
0.1440000 -56.0256500
0.1450000 -16.3121948
0.1460000 -29.5416222
0.1470000 -21.4562283
0.1480000 33.1169586
0.1490000 -0.5065327
0.1500000 14.8047848
0.1510000 -43.0854111
0.1520000 0.0656454
0.1530000 -22.1930885
0.1540000 -44.6377525
0.1550000 -45.9224319
0.1560000 -10.8859434
0.1570000 2.4588573
0.1580000 32.7883873
0.1590000 -9.4242983
0.1600000 26.3108234
0.1610000 -31.9806576
0.1620000 -94.8697433
0.1630000 13.6674051
0.1640000 40.3662224
0.1650000 -44.3713837
0.1660000 151.1082611
0.1670000 14.1819267
0.1680000 49.0593796
0.1690000 22.7952900
0.1700000 -58.8384514
0.1710000 1.0665845
0.1720000 -31.0818939
0.1730000 1.3442153
0.1740000 -34.1606789
0.1750000 21.6249447
0.1760000 24.1669693
0.1770000 11.7051706
0.1780000 -19.0517921
0.1790000 18.7773285
0.1800000 35.9353714
0.1810000 3.0210657
0.1820000 -46.7429390
0.1830000 -45.6781769
0.1840000 25.4679470
0.1850000 24.5778408
0.1860000 -1.9435921
0.1870000 60.3537750
0.1880000 -11.1427135
0.1890000 15.9045382
0.1900000 9.5166025
0.1910000 36.8326340
0.1920000 18.0704098
0.1930000 -17.2072659
0.1940000 -51.7127380
0.1950000 -5.4070325
0.1960000 32.3907776
0.1970000 32.7919502
0.1980000 -11.3294163
0.1990000 32.8603516
0.2000000 -43.2614365
0.2010000 -0.1933305
0.2020000 36.4061508
0.2030000 19.7010288
0.2040000 9.0949078
0.2050000 -46.3382568
0.2060000 -11.3239527
0.2070000 1.5719351
0.2080000 -38.5159798
0.2090000 0.8130714
0.2100000 24.1698780
0.2110000 20.3801575
0.2120000 -63.2522011
0.2130000 -57.6624908
0.2140000 18.9520893
0.2150000 21.3768425
0.2160000 52.1432228
0.2170000 11.8049116
0.2180000 -27.8945675
0.2190000 -23.0190315
0.2200000 -1.4945252
0.2210000 0.7580876
0.2220000 -18.4088650
0.2230000 42.1446724
0.2240000 -7.8037701
0.2250000 96.7898560
0.2260000 2.5330405
0.2270000 -3.3249273
0.2280000 -63.8722458
0.2290000 15.6440105
0.2300000 2.5672891
0.2310000 13.0635109
0.2320000 -7.7788363
0.2330000 -19.4947281
0.2340000 34.5647736
0.2350000 41.7425957
0.2360000 62.6555023
0.2370000 -32.1908798
0.2380000 76.9907227
0.2390000 -14.5306654
0.2400000 6.2298288
0.2410000 -29.5373688
0.2420000 -32.2510147
0.2430000 7.5960579
0.2440000 42.0228958
0.2450000 -17.0666981
0.2460000 -52.2073593
0.2470000 18.8216648
0.2480000 16.3640003
0.2490000 61.6301155
0.2500000 -5.6470981
0.2510000 -27.6538315
0.2520000 50.1523285
0.2530000 41.3547287
0.2540000 22.6565189
0.2550000 27.5702877
0.2560000 19.7684479
0.2570000 21.2772026
0.2580000 52.6085129
0.2590000 -23.3655777
0.2600000 -36.2293777
0.2610000 -33.9408836
0.2620000 -17.6274185
0.2630000 -77.9985733
0.2640000 -16.4591103
0.2650000 -20.9279022
0.2660000 -48.9643211
0.2670000 -20.8687935
0.2680000 1.3966157
0.2690000 -78.7657471
0.2700000 -10.1498079
0.2710000 -42.6613388
0.2720000 -13.3648291
0.2730000 74.4360352
0.2740000 35.9529762
0.2750000 -3.3719723
0.2760000 3.8247232
0.2770000 -15.4550228
0.2780000 -53.6938782
0.2790000 -2.3244126
0.2800000 -9.2824211
0.2810000 14.8422079
0.2820000 29.4966431
0.2830000 27.5610237
0.2840000 -16.5709114
0.2850000 -48.0421371
0.2860000 44.4927406
0.2870000 -42.5162506
0.2880000 -21.4969921
0.2890000 -33.9492073
0.2900000 -17.4339046
0.2910000 21.5030766
0.2920000 -41.1738129
0.2930000 4.3181753
0.2940000 7.4263062
0.2950000 -14.4444027
0.2960000 106.9643631
0.2970000 -13.5231094
0.2980000 8.1605177
0.2990000 -32.1110039
0.3000000 9.4746151
0.3010000 -26.5330276
0.3020000 23.9314804
0.3030000 -6.0536976
0.3040000 -32.6226006
0.3050000 -49.4675713
0.3060000 -40.2508583
0.3070000 -27.2859726
0.3080000 -0.3217525
0.3090000 -25.0283070
0.3100000 -11.7761250
0.3110000 11.3445463
0.3120000 -38.1149178
0.3130000 -25.5178852
0.3140000 -60.8106537
0.3150000 47.8683662
0.3160000 16.4526443
0.3170000 51.5996933
0.3180000 34.1711197
0.3190000 -14.0329466
0.3200000 36.1629372
0.3210000 20.1538868
0.3220000 -3.3746803
0.3230000 36.6184464
0.3240000 26.4627609
0.3250000 6.3868504
0.3260000 73.4230423
0.3270000 -2.8811114
0.3280000 68.3778381
0.3290000 23.4603043
0.3300000 46.0430031
0.3310000 75.7939377
0.3320000 18.6740074
0.3330000 6.4682107
0.3340000 35.6721458
0.3350000 -32.2630653
0.3360000 36.7828331
0.3370000 10.8482790
0.3380000 7.3156586
0.3390000 -12.7497149
0.3400000 18.5290394
0.3410000 -48.8222694
0.3420000 -36.3180389
0.3430000 33.6641388
0.3440000 -4.2241731
0.3450000 4.8319597
0.3460000 -6.0898833
0.3470000 21.7294502
0.3480000 -28.0122356
0.3490000 -25.3052406
0.3500000 -14.1668425
0.3510000 -13.4542074
0.3520000 -29.7152309
0.3530000 61.0845261
0.3540000 -0.1861683
0.3550000 -21.6302280
0.3560000 5.6678829
0.3570000 -6.5652528
0.3580000 -77.9707642
0.3590000 -47.4491501
0.3600000 55.9285088
0.3610000 -13.2232866
0.3620000 -46.6172371
0.3630000 36.3792458
0.3640000 10.7894621
0.3650000 12.1659250
0.3660000 -62.1519089
0.3670000 -65.5134506
0.3680000 50.6504784
0.3690000 48.4412918
0.3700000 6.7329974
0.3710000 -34.3057899
0.3720000 20.1206245
0.3730000 11.9848251
0.3740000 38.7004013
0.3750000 18.7837391
0.3760000 -5.2773910
0.3770000 -6.3149886
0.3780000 -7.9271941
0.3790000 -53.0508385
0.3800000 38.7408638
0.3810000 33.2306633
0.3820000 12.8976231
0.3830000 -25.7649994
0.3840000 -54.7547989
0.3850000 8.6194687
0.3860000 -32.6740150
0.3870000 37.3039970
0.3880000 -37.7792053
0.3890000 4.4079003
0.3900000 9.6303568
0.3910000 -45.1288376
0.3920000 21.1372395
0.3930000 -23.7120857
0.3940000 13.4466219
0.3950000 26.2515049
0.3960000 0.8679200
0.3970000 -55.9051819
0.3980000 -24.2384758
0.3990000 16.0113125
0.4000000 7.7352529
0.4010000 -56.3590736
0.4020000 36.9740791
0.4030000 9.3263102
0.4040000 15.5337086
0.4050000 -40.6866455
0.4060000 9.2954397
0.4070000 -63.9893951
0.4080000 17.1890583
0.4090000 58.4677811
0.4100000 -21.3221283
0.4110000 -5.1600685
0.4120000 -40.7690010
0.4130000 -26.8291836
0.4140000 50.8802109
0.4150000 6.9316635
0.4160000 11.2332802
0.4170000 29.2063904
0.4180000 21.0158119
0.4190000 -34.1491165
0.4200000 -38.2771835
0.4210000 -41.7750206
0.4220000 12.5469456
0.4230000 29.9448891
0.4240000 55.9811440
0.4250000 26.7730541
0.4260000 -24.7100010
0.4270000 6.4001970
0.4280000 -36.6288071
0.4290000 -6.7819161
0.4300000 67.6562805
0.4310000 2.6669552
0.4320000 4.2160840
0.4330000 -20.8157768
0.4340000 -12.0095816
0.4350000 -2.4033966
0.4360000 -44.2660370
0.4370000 -28.2865601
0.4380000 15.3401976
0.4390000 -55.3939095
0.4400000 27.2873974
0.4410000 19.3426094
0.4420000 42.9787598
0.4430000 -63.0854759
0.4440000 -46.2905159
0.4450000 14.2093935
0.4460000 2.5983057
0.4470000 1.2611812
0.4480000 13.0051527
0.4490000 -0.4956177
0.4500000 -45.5290680
0.4510000 -8.9375248
0.4520000 -8.8449678
0.4530000 -0.0193461
0.4540000 90.9344177
0.4550000 16.0474205
0.4560000 1.5659662
0.4570000 -2.1294839
0.4580000 -10.3704643
0.4590000 -55.2945976
0.4600000 7.7668886
0.4610000 -15.9136162
0.4620000 15.9966116
0.4630000 -28.7798824
0.4640000 -23.6425152
0.4650000 -25.9904613
0.4660000 31.2799187
0.4670000 18.5285549
0.4680000 5.1066408
0.4690000 -63.2101135
0.4700000 22.2009220
0.4710000 10.1360922
0.4720000 -25.7998905
0.4730000 -1.1050677
0.4740000 21.6531658
0.4750000 -0.3326947
0.4760000 15.8962603
0.4770000 -98.0833054
0.4780000 -57.7341003
0.4790000 33.8650894
0.4800000 1.2308787
0.4810000 -15.7648058
0.4820000 -40.4162979
0.4830000 -37.3140793
0.4840000 -36.9520073
0.4850000 -35.6465073
0.4860000 -28.0441380
0.4870000 -72.0198975
0.4880000 -44.7334442
0.4890000 1.0069814
0.4900000 -16.1155643
0.4910000 -34.6358871
0.4920000 4.9132090
0.4930000 -51.3834953
0.4940000 -22.5327301
0.4950000 -54.6760254
0.4960000 2.1985576
0.4970000 34.2160416
0.4980000 22.9481373
0.4990000 14.9202662
0.5000000 -61.4370499
0.5010000 14.7873192
0.5020000 -13.5399027
0.5030000 -3.9285226
0.5040000 93.1884232
0.5050000 41.4102783
0.5060000 10.1051207
0.5070000 64.6940460
0.5080000 -80.3124084
0.5090000 30.6128979
0.5100000 8.1755762
0.5110000 -0.7762682
0.5120000 0.9641770
0.5130000 -11.9705667
0.5140000 -54.8467293
0.5150000 11.0494452
0.5160000 19.4861469
0.5170000 0.8567173
0.5180000 -48.6669884
0.5190000 19.6259880
0.5200000 8.5772724
0.5210000 34.1806221
0.5220000 19.6895294
0.5230000 38.5851212
0.5240000 17.7903500
0.5250000 23.9797001
0.5260000 32.7489243
0.5270000 -26.2706718
0.5280000 -38.9510193
0.5290000 -75.6779938
0.5300000 -9.4840059
0.5310000 -8.2630548
0.5320000 4.0473247
0.5330000 -71.4019241
0.5340000 11.0388670
0.5350000 19.2009792
0.5360000 37.4057045
0.5370000 -29.4984550
0.5380000 21.9666042
0.5390000 -30.0435905
0.5400000 52.0345192
0.5410000 -9.1421413
0.5420000 -23.2618580
0.5430000 13.4987307
0.5440000 92.1922913
0.5450000 -26.6417732
0.5460000 19.5960941
0.5470000 -37.8054733
0.5480000 -14.1095161
0.5490000 -27.4255524
0.5500000 10.1299400
0.5510000 2.7755632
0.5520000 23.0915051
0.5530000 43.5047646
0.5540000 34.8552055
0.5550000 54.2150726
0.5560000 4.5719748
0.5570000 -36.5061569
0.5580000 23.3239899
0.5590000 -19.0523605
0.5600000 32.8707809
0.5610000 10.4028206
0.5620000 4.2708158
0.5630000 -43.3939247
0.5640000 -11.9424772
0.5650000 -0.8444892
0.5660000 1.6658720
0.5670000 -2.0527623
0.5680000 1.7231383
0.5690000 -42.1238289
0.5700000 -89.3303452
0.5710000 23.8601608
0.5720000 18.5504856
0.5730000 -7.6965747
0.5740000 -29.3401737
0.5750000 24.7185001
0.5760000 16.3794918
0.5770000 -7.3303747
0.5780000 15.4378271
0.5790000 -32.8319130
0.5800000 3.3381310
0.5810000 55.7652435
0.5820000 47.6753769
0.5830000 -27.5273380
0.5840000 30.5673885
0.5850000 32.0302773
0.5860000 -82.1481857
0.5870000 6.5577083
0.5880000 141.0423737
0.5890000 -0.6732329
0.5900000 1.2359774
0.5910000 5.0732827
0.5920000 24.8918495
0.5930000 63.8327789
0.5940000 -7.0840454
0.5950000 -32.2547760
0.5960000 -60.6952629
0.5970000 24.8974705
0.5980000 5.0956979
0.5990000 -31.6759052
0.6000000 37.1429863
0.6010000 109.9404221
0.6020000 -41.2228012
0.6030000 56.2937355
0.6040000 42.7342567
0.6050000 12.5398912
0.6060000 36.1900291
0.6070000 -9.4424219
0.6080000 5.6113062
0.6090000 -4.2613702
0.6100000 52.0009346
0.6110000 -13.4036999
0.6120000 -64.5330276
0.6130000 -23.2958508
0.6140000 41.0293541
0.6150000 -17.3698635
0.6160000 -26.4037647
0.6170000 -10.0028753
0.6180000 28.3168411
0.6190000 -36.1224289
0.6200000 16.4249496
0.6210000 30.1657963
0.6220000 33.4784126
0.6230000 27.6442699
0.6240000 27.9410629
0.6250000 6.1109400
0.6260000 0.2053792
0.6270000 -25.5595951
0.6280000 44.7378197
0.6290000 -6.5786610
0.6300000 -0.5433134
0.6310000 -19.1818867
0.6320000 58.6737289
0.6330000 26.3973122
0.6340000 2.8465400
0.6350000 57.0592766
0.6360000 16.3360252
0.6370000 -22.7095547
0.6380000 -58.5443459
0.6390000 35.7270851
0.6400000 3.5862095
0.6410000 -56.1733589
0.6420000 16.7451878
0.6430000 -2.7027764
0.6440000 53.9792366
0.6450000 -94.8128052
0.6460000 -20.4917412
0.6470000 24.8909855
0.6480000 -3.1257660
0.6490000 38.6362762
0.6500000 92.6665268
0.6510000 46.4390869
0.6520000 16.8315163
0.6530000 64.3068008
0.6540000 17.1940536
0.6550000 -10.6406021
0.6560000 86.2686768
0.6570000 -3.7413499
0.6580000 -13.7479210
0.6590000 44.6405869
0.6600000 87.4973984
0.6610000 14.4793711
0.6620000 -57.1561470
0.6630000 -50.2846832
0.6640000 -15.9314146
0.6650000 -9.8445530
0.6660000 17.5349064
0.6670000 -20.3208694
0.6680000 -18.8152657
0.6690000 6.6020226
0.6700000 -0.7047696
0.6710000 -37.3707809
0.6720000 -33.0789146
0.6730000 -27.7577305
0.6740000 -16.4409599
0.6750000 -10.8013582
0.6760000 14.5331278
0.6770000 -16.3779392
0.6780000 69.3909225
0.6790000 -38.0485649
0.6800000 2.6731036
0.6810000 -38.2483101
0.6820000 -15.0196848
0.6830000 53.5310364
0.6840000 22.0128822
0.6850000 9.3470907
0.6860000 30.0990543
0.6870000 -15.4877548
0.6880000 20.7414227
0.6890000 -50.2998886
0.6900000 41.2598763
0.6910000 18.2395916
0.6920000 11.8121662
0.6930000 -14.3744745
0.6940000 45.0915565
0.6950000 -45.7629890
0.6960000 -75.1640091
0.6970000 -38.9759331
0.6980000 -64.4505997
0.6990000 -27.0524578
0.7000000 -6.4457979
0.7010000 2.5473957
0.7020000 27.9149895
0.7030000 -17.6180115
0.7040000 -23.5520878
0.7050000 -0.3227878
0.7060000 20.5437489
0.7070000 31.0958767
0.7080000 -2.2903221
0.7090000 -82.5557480
0.7100000 36.0720673
0.7110000 -76.0417557
0.7120000 16.3480434
0.7130000 -6.3157024
0.7140000 -12.4693146
0.7150000 10.0773439
0.7160000 39.2793503
0.7170000 12.2605753
0.7180000 0.8236918
0.7190000 1.2049339
0.7200000 5.0998673
0.7210000 12.2954750
0.7220000 36.3063583
0.7230000 2.8404100
0.7240000 -6.8910317
0.7250000 60.0518112
0.7260000 -7.3176923
0.7270000 -32.8291397
0.7280000 72.5480270
0.7290000 -14.1733713
0.7300000 -20.5065384
0.7310000 3.9266822
0.7320000 61.6022224
0.7330000 -9.8551254
0.7340000 -24.5063782
0.7350000 -1.0017859
0.7360000 -58.0296097
0.7370000 -69.6526184
0.7380000 21.1494370
0.7390000 -12.0604687
0.7400000 -15.4906225
0.7410000 -50.0338669
0.7420000 -19.0839100
0.7430000 -55.6426201
0.7440000 -9.5422745
0.7450000 -29.1867714
0.7460000 57.9637947
0.7470000 52.7478447
0.7480000 -14.6048260
0.7490000 -5.0374231
0.7500000 -7.4943328
0.7510000 -66.5232239
0.7520000 -4.2425261
0.7530000 38.3511467
0.7540000 -43.3454094
0.7550000 71.9820175
0.7560000 -43.1505013
0.7570000 -23.7212658
0.7580000 -0.6081099
0.7590000 2.9158185
0.7600000 40.6896019
0.7610000 -8.9529381
0.7620000 -41.4502563
0.7630000 -22.5637474
0.7640000 -32.3903542
0.7650000 2.8055542
0.7660000 35.3857460
0.7670000 22.2224503
0.7680000 56.9170990
0.7690000 6.1757765
0.7700000 25.7898827
0.7710000 -16.5514183
0.7720000 -1.7421000
0.7730000 -22.0948143
0.7740000 -55.1336975
0.7750000 -24.6667747
0.7760000 64.4197998
0.7770000 -54.7166100
0.7780000 -44.3481369
0.7790000 -0.3837403
0.7800000 -3.1598907
0.7810000 -67.2554474
0.7820000 42.1175575
0.7830000 -64.3953018
0.7840000 -70.5516052
0.7850000 -45.5491333
0.7860000 -6.8865151
0.7870000 4.5031381
0.7880000 -6.5449209
0.7890000 6.0650005
0.7900000 -38.7773857
0.7910000 -30.4129467
0.7920000 63.3134270
0.7930000 26.6964874
0.7940000 -53.3853035
0.7950000 -18.0347195
0.7960000 -26.6007786
0.7970000 -11.6106901
0.7980000 -6.0549264
0.7990000 8.0173531
0.8000000 46.7735405
0.8010000 46.5733795
0.8020000 -5.7357550
0.8030000 21.6905460
0.8040000 -24.2927284
0.8050000 -34.4754105
0.8060000 19.4154949
0.8070000 -35.2832184
0.8080000 25.5994434
0.8090000 10.1902103
0.8100000 72.2229614
0.8110000 -36.4072685
0.8120000 -12.8167658
0.8130000 -34.9666138
0.8140000 -10.9915895
0.8150000 -21.6474056
0.8160000 -1.4731649
0.8170000 -4.7336574
0.8180000 -2.2224989
0.8190000 12.1256733
0.8200000 -12.2325640
0.8210000 36.1837845
0.8220000 7.6454496
0.8230000 6.3519402
0.8240000 -12.6075068
0.8250000 -6.3724251
0.8260000 42.9720421
0.8270000 37.4441490
0.8280000 30.3860111
0.8290000 44.4818993
0.8300000 35.2827110
0.8310000 -45.2227020
0.8320000 -41.6223907
0.8330000 -51.2359009
0.8340000 -29.7242661
0.8350000 15.2467709
0.8360000 65.7871323
0.8370000 18.5073414
0.8380000 -3.6188118
0.8390000 -1.2881463
0.8400000 9.9808035
0.8410000 3.3419986
0.8420000 -14.6482639
0.8430000 9.2117300
0.8440000 -20.0427952
0.8450000 -18.6754742
0.8460000 -6.4304881
0.8470000 -32.4900360
0.8480000 38.8867226
0.8490000 18.5374107
0.8500000 -29.2629433
0.8510000 9.7118998
0.8520000 -18.6774216
0.8530000 -13.4748392
0.8540000 -18.8680744
0.8550000 -38.2651138
0.8560000 -43.2844315
0.8570000 -4.5075216
0.8580000 -3.9502552
0.8590000 45.8044167
0.8600000 -13.0711851
0.8610000 18.1893635
0.8620000 -17.3094006
0.8630000 102.3818512
0.8640000 -39.7424698
0.8650000 25.4356155
0.8660000 -20.3420258
0.8670000 -6.3378544
0.8680000 -0.3799702
0.8690000 23.7072926
0.8700000 -46.3498421
0.8710000 14.6194458
0.8720000 11.6867838
0.8730000 -48.8321419
0.8740000 20.7646637
0.8750000 26.1360779
0.8760000 -17.6992378
0.8770000 38.4966507
0.8780000 11.4210615
0.8790000 -27.3106670
0.8800000 40.2162895
0.8810000 -99.0022812
0.8820000 61.1362457
0.8830000 66.2726669
0.8840000 21.3774757
0.8850000 -1.5326899
0.8860000 19.5325813
0.8870000 47.1666985
0.8880000 29.5771046
0.8890000 35.7551460
0.8900000 28.1787891
0.8910000 -1.5106530
0.8920000 -3.5070558
0.8930000 -26.5128040
0.8940000 34.8480949
0.8950000 -34.0022240
0.8960000 52.0035172
0.8970000 3.9231260
0.8980000 -72.5702057
0.8990000 13.6555700
0.9000000 27.5931416
0.9010000 2.0223939
0.9020000 13.3246326
0.9030000 -39.4069176
0.9040000 -17.2234268
0.9050000 6.2420197
0.9060000 14.4885368
0.9070000 -7.0177460
0.9080000 -15.5187836
0.9090000 14.0264912
0.9100000 -3.8284287
0.9110000 -82.9058151
0.9120000 -36.4410324
0.9130000 -16.6924572
0.9140000 -0.3307039
0.9150000 43.1206894
0.9160000 -4.5521560
0.9170000 111.9004440
0.9180000 -49.1715088
0.9190000 25.0267982
0.9200000 -49.0893364
0.9210000 -7.5161452
0.9220000 67.9905777
0.9230000 39.5585251
0.9240000 9.8075848
0.9250000 37.1776505
0.9260000 1.6900204
0.9270000 -56.7692986
0.9280000 50.6170120
0.9290000 24.3444309
0.9300000 39.0954857
0.9310000 -23.9092598
0.9320000 27.5991821
0.9330000 9.7668924
0.9340000 -9.0374527
0.9350000 53.1228905
0.9360000 -58.0885010
0.9370000 -36.5361404
0.9380000 63.7102127
0.9390000 72.0058594
0.9400000 15.1360359
0.9410000 46.4170151
0.9420000 -19.6065845
0.9430000 -33.9218216
0.9440000 -12.4983692
0.9450000 15.3659239
0.9460000 12.5242338
0.9470000 -10.9904985
0.9480000 -17.4150162
0.9490000 -15.0788450
0.9500000 23.1641750
0.9510000 -2.0878272
0.9520000 -11.9916277
0.9530000 -13.5658865
0.9540000 20.1821194
0.9550000 -17.0775585
0.9560000 9.6903820
0.9570000 48.9136314
0.9580000 -2.2387848
0.9590000 5.7237830
0.9600000 -19.1279793
0.9610000 -34.1095886
0.9620000 -18.3490429
0.9630000 -13.4469194
0.9640000 53.5258560
0.9650000 -11.7870522
0.9660000 11.7206068
0.9670000 80.8073578
0.9680000 22.0655956
0.9690000 12.8218060
0.9700000 -54.6376343
0.9710000 -17.5419922
0.9720000 -19.7249241
0.9730000 42.6070595
0.9740000 -84.3207932
0.9750000 -58.6469116
0.9760000 -43.3249283
0.9770000 14.0791044
0.9780000 -103.2614288
0.9790000 3.2918231
0.9800000 -19.1606903
0.9810000 37.5889435
0.9820000 33.3332863
0.9830000 29.2034378
0.9840000 7.3428769
0.9850000 -18.7754536
0.9860000 -6.0099778
0.9870000 -23.7226677
0.9880000 12.3104620
0.9890000 -38.8092079
0.9900000 34.3491402
0.9910000 -4.4786768
0.9920000 0.5844588
0.9930000 6.1394620
0.9940000 -39.0957756
0.9950000 17.8840714
0.9960000 23.0480213
0.9970000 -37.7885742
0.9980000 20.9221115
0.9990000 -59.9164581
