0.0000000 17.5315323
0.0010000 17.3471680
0.0020000 -30.6121998
0.0030000 -14.3368349
0.0040000 -61.3251724
0.0050000 -16.2954235
0.0060000 -15.6536493
0.0070000 -2.7169471
0.0080000 16.4754143
0.0090000 -28.4149265
0.0100000 21.2936707
0.0110000 -12.8895006
0.0120000 -25.2398186
0.0130000 26.5790615
0.0140000 29.4087887
0.0150000 66.1968765
0.0160000 12.6406794
0.0170000 -6.0027571
0.0180000 21.6217251
0.0190000 5.1744118
0.0200000 -4.7740684
0.0210000 13.1652679
0.0220000 57.9815140
0.0230000 -10.6051121
0.0240000 76.6693573
0.0250000 -45.4485092
0.0260000 -34.6462364
0.0270000 16.0079937
0.0280000 -27.1991005
0.0290000 15.3669605
0.0300000 31.6380863
0.0310000 -11.7991304
0.0320000 17.6374569
0.0330000 14.4722576
0.0340000 75.1357727
0.0350000 -46.5657272
0.0360000 -12.5795708
0.0370000 69.6187592
0.0380000 21.7079391
0.0390000 31.5888634
0.0400000 35.8517036
0.0410000 -56.8088799
0.0420000 1.0025924
0.0430000 1.0965103
0.0440000 1.9953622
0.0450000 -49.3740425
0.0460000 43.2661819
0.0470000 -14.7863989
0.0480000 24.6004219
0.0490000 -21.1596508
0.0500000 0.8249101
0.0510000 -3.1485515
0.0520000 15.4683456
0.0530000 -1.2527173
0.0540000 18.7489548
0.0550000 59.1003227
0.0560000 36.8710289
0.0570000 8.3046694
0.0580000 -79.4571686
0.0590000 17.2432556
0.0600000 52.8243408
0.0610000 -76.1163483
0.0620000 65.7317963
0.0630000 48.4319077
0.0640000 -12.9415159
0.0650000 -21.2399120
0.0660000 -2.3291709
0.0670000 -61.6768112
0.0680000 -6.7218003
0.0690000 -3.8199577
0.0700000 -27.4633446
0.0710000 -49.2979469
0.0720000 -67.3431168
0.0730000 15.2597256
0.0740000 -4.3590455
0.0750000 -4.4134927
0.0760000 30.0391026
0.0770000 19.8308601
0.0780000 -25.6292305
0.0790000 40.3512459
0.0800000 -54.1401596
0.0810000 -2.7797956
0.0820000 28.2928734
0.0830000 33.1411591
0.0840000 31.0269222
0.0850000 5.6869178
0.0860000 33.3038177
0.0870000 -23.7222900
0.0880000 -15.4890327
0.0890000 7.2366900
0.0900000 -48.0437088
0.0910000 -27.9715061
0.0920000 1.0096903
0.0930000 51.2330437
0.0940000 21.7270164
0.0950000 35.8558273
0.0960000 -25.8184509
0.0970000 -43.3950386
0.0980000 -7.9500542
0.0990000 39.1976013
0.1000000 31.3444805
0.1010000 4.8409829
0.1020000 22.0445271
0.1030000 5.0501647
0.1040000 0.5317020
0.1050000 -2.4927020
0.1060000 3.8273573
0.1070000 -10.0619154
0.1080000 38.1517220
0.1090000 -29.1620331
0.1100000 -9.3005981
0.1110000 -23.0496082
0.1120000 41.8271599
0.1130000 12.9731035
0.1140000 -72.8556137
0.1150000 -6.8595934
0.1160000 -5.0157580
0.1170000 -2.5283382
0.1180000 12.2401400
0.1190000 -40.6012421
0.1200000 -16.7308311
0.1210000 14.5409575
0.1220000 -9.5049973
0.1230000 25.4673615
0.1240000 -42.2340088
0.1250000 -27.7682858
0.1260000 -64.5351028
0.1270000 49.2895279
0.1280000 85.3141022
0.1290000 -15.9074697
0.1300000 29.8819008
0.1310000 -22.6935406
0.1320000 6.4483891
0.1330000 -3.5360808
0.1340000 -48.6946487
0.1350000 -32.2024460
0.1360000 -38.3999367
0.1370000 38.1310463
0.1380000 36.2340622
0.1390000 5.4351692
0.1400000 19.8716946
0.1410000 29.1337643
0.1420000 38.4671860
0.1430000 -3.0116832
0.1440000 7.1563005
0.1450000 -2.8073788
0.1460000 -12.4989567
0.1470000 2.5168595
0.1480000 7.5020480
0.1490000 23.0146523
0.1500000 15.1211634
0.1510000 31.3408852
0.1520000 -63.2603073
0.1530000 -13.3548183
0.1540000 36.9472733
0.1550000 -2.2294776
0.1560000 -49.4750748
0.1570000 31.1898174
0.1580000 5.2435856
0.1590000 -9.3294048
0.1600000 -41.4733086
0.1610000 -13.5568485
0.1620000 10.7840557
0.1630000 -33.8540115
0.1640000 -27.0772018
0.1650000 -12.4834833
0.1660000 -57.5678482
0.1670000 5.3681550
0.1680000 -6.4127946
0.1690000 18.8951969
0.1700000 -70.7407455
0.1710000 -13.0662384
0.1720000 -30.8173580
0.1730000 62.5416718
0.1740000 -6.2908316
0.1750000 45.0850906
0.1760000 41.4957924
0.1770000 -3.2060659
0.1780000 47.1586723
0.1790000 -22.3747959
0.1800000 -85.2330933
0.1810000 -61.2187004
0.1820000 49.2345085
0.1830000 13.0270195
0.1840000 34.6735497
0.1850000 13.2467127
0.1860000 -45.4621315
0.1870000 -50.5719986
0.1880000 -38.6035576
0.1890000 5.7098956
0.1900000 -36.5826340
0.1910000 18.9097118
0.1920000 48.2063599
0.1930000 -58.2378387
0.1940000 18.9138241
0.1950000 32.6251030
0.1960000 35.8516235
0.1970000 3.0020459
0.1980000 28.5916443
0.1990000 16.5452957
0.2000000 -20.1211967
0.2010000 11.9186869
0.2020000 -41.6964378
0.2030000 2.1994078
0.2040000 60.1266327
0.2050000 -10.1695366
0.2060000 -21.5187874
0.2070000 65.7113037
0.2080000 -13.9693060
0.2090000 -29.4105415
0.2100000 31.3109474
0.2110000 35.1924667
0.2120000 -18.2834892
0.2130000 -29.7392807
0.2140000 -56.4522438
0.2150000 10.5957069
0.2160000 -13.1082554
0.2170000 10.6212749
0.2180000 51.4328041
0.2190000 -30.2490082
0.2200000 -5.0497966
0.2210000 49.8946037
0.2220000 14.1565638
0.2230000 14.9523478
0.2240000 18.4067593
0.2250000 -61.9010735
0.2260000 -34.1462479
0.2270000 -30.7480907
0.2280000 16.6418457
0.2290000 -16.8554497
0.2300000 3.0878997
0.2310000 55.4910889
0.2320000 75.1220932
0.2330000 1.4535969
0.2340000 29.8727188
0.2350000 12.4542656
0.2360000 -21.7766476
0.2370000 -2.8011394
0.2380000 2.4600575
0.2390000 -18.6689796
0.2400000 -10.2440300
0.2410000 10.3932829
0.2420000 0.2608153
0.2430000 -23.3395653
0.2440000 8.8726196
0.2450000 43.0515480
0.2460000 -26.1908684
0.2470000 19.9057522
0.2480000 -22.3853741
0.2490000 -27.4778976
0.2500000 42.7403450
0.2510000 69.5823822
0.2520000 -7.9686427
0.2530000 14.6337967
0.2540000 24.8614311
0.2550000 -9.3259468
0.2560000 35.2234421
0.2570000 -31.2330818
0.2580000 39.3135529
0.2590000 -21.4868469
0.2600000 -38.6473274
0.2610000 -2.0376768
0.2620000 16.5615406
0.2630000 20.0398674
0.2640000 4.8462768
0.2650000 14.6024761
0.2660000 14.4550371
0.2670000 26.5176620
0.2680000 -16.2944241
0.2690000 22.6297169
0.2700000 -30.7884674
0.2710000 -50.8477173
0.2720000 60.8956184
0.2730000 12.8077717
0.2740000 -0.6890144
0.2750000 -16.2018604
0.2760000 -29.9591351
0.2770000 14.5969572
0.2780000 -14.6652479
0.2790000 -53.3681335
0.2800000 -4.6272769
0.2810000 4.2731056
0.2820000 -7.0104342
0.2830000 -16.8145599
0.2840000 12.5410376
0.2850000 -22.9131489
0.2860000 20.3368740
0.2870000 57.7309723
0.2880000 -37.8771324
0.2890000 -13.2779255
0.2900000 6.7675729
0.2910000 -33.8526917
0.2920000 -22.7756214
0.2930000 -35.1033249
0.2940000 17.7958755
0.2950000 4.3641267
0.2960000 8.3806896
0.2970000 32.7474709
0.2980000 -6.6592102
0.2990000 5.0098629
0.3000000 45.8897324
0.3010000 -6.3165531
0.3020000 22.9722061
0.3030000 -2.8290319
0.3040000 44.8175163
0.3050000 -66.8079529
0.3060000 -38.5686951
0.3070000 -24.8075428
0.3080000 -22.0351715
0.3090000 -35.6490974
0.3100000 46.5468025
0.3110000 -2.6669416
0.3120000 -28.5941467
0.3130000 53.0525665
0.3140000 -1.7507111
0.3150000 50.8850784
0.3160000 16.1896515
0.3170000 -28.8104973
0.3180000 -65.9661102
0.3190000 5.4141431
0.3200000 8.9893188
0.3210000 10.9600897
0.3220000 -1.5519769
0.3230000 10.5538521
0.3240000 -6.2323556
0.3250000 -5.8959851
0.3260000 104.8624573
0.3270000 50.4638100
0.3280000 35.7597008
0.3290000 -5.2868605
0.3300000 1.8572861
0.3310000 100.1233368
0.3320000 41.3011818
0.3330000 -17.6557388
0.3340000 18.4127216
0.3350000 24.4162178
0.3360000 -0.2152800
0.3370000 80.6246185
0.3380000 84.1742630
0.3390000 -58.4307671
0.3400000 37.8920708
0.3410000 24.9074554
0.3420000 2.2028382
0.3430000 15.5558958
0.3440000 -24.9392147
0.3450000 29.5673237
0.3460000 -38.3728828
0.3470000 -19.6151352
0.3480000 35.2336273
0.3490000 16.9991341
0.3500000 -20.8468418
0.3510000 -53.5944824
0.3520000 -32.0267448
0.3530000 -18.4795456
0.3540000 17.5616055
0.3550000 -4.8074346
0.3560000 -4.8060703
0.3570000 -23.3405304
0.3580000 2.0343986
0.3590000 27.7990608
0.3600000 12.2270603
0.3610000 53.0947723
0.3620000 3.9885149
0.3630000 -33.3823700
0.3640000 14.5890779
0.3650000 -73.1906281
0.3660000 -41.5033607
0.3670000 -44.1902924
0.3680000 40.6439056
0.3690000 31.1104050
0.3700000 24.1418076
0.3710000 14.4413176
0.3720000 -27.9342251
0.3730000 -49.8186569
0.3740000 -18.7636909
0.3750000 -28.4467430
0.3760000 32.7975807
0.3770000 -34.2492561
0.3780000 -16.7622471
0.3790000 20.2942429
0.3800000 -45.6724434
0.3810000 34.1531982
0.3820000 7.6607289
0.3830000 -15.1360283
0.3840000 10.6573000
0.3850000 36.5253944
0.3860000 64.0154266
0.3870000 -19.4516029
0.3880000 -67.9053955
0.3890000 17.7475624
0.3900000 -40.6126060
0.3910000 32.7891922
0.3920000 -8.2859602
0.3930000 -2.3076000
0.3940000 -5.7961841
0.3950000 45.4151115
0.3960000 -29.1347218
0.3970000 -25.6549244
0.3980000 14.7283115
0.3990000 -11.6023407
0.4000000 34.7713966
0.4010000 21.2326241
0.4020000 -86.1389084
0.4030000 19.6045055
0.4040000 11.3047209
0.4050000 29.0744743
0.4060000 -14.1637535
0.4070000 -29.7476559
0.4080000 19.1354618
0.4090000 -44.3250237
0.4100000 20.3934689
0.4110000 45.2546997
0.4120000 -45.0616455
0.4130000 4.2508550
0.4140000 -22.5646610
0.4150000 33.7716408
0.4160000 9.8564339
0.4170000 3.4726362
0.4180000 -45.4345703
0.4190000 -12.3333368
0.4200000 -7.5363593
0.4210000 59.4079590
0.4220000 26.4993572
0.4230000 4.9089513
0.4240000 21.5834980
0.4250000 0.7601060
0.4260000 -20.8843613
0.4270000 61.6752777
0.4280000 29.4774818
0.4290000 -8.5827312
0.4300000 -16.1655121
0.4310000 18.1690006
0.4320000 17.2688694
0.4330000 11.0716782
0.4340000 -46.0253487
0.4350000 36.4866676
0.4360000 -34.0544548
0.4370000 6.7385869
0.4380000 -51.5860405
0.4390000 14.1706810
0.4400000 -52.8559608
0.4410000 9.1373329
0.4420000 27.7495308
0.4430000 4.1794200
0.4440000 -84.1201248
0.4450000 -29.6174755
0.4460000 39.5900154
0.4470000 -5.1496806
0.4480000 -1.5521069
0.4490000 -19.3092937
0.4500000 -25.1890774
0.4510000 61.5072823
0.4520000 30.3404732
0.4530000 -44.3891525
0.4540000 34.8836174
0.4550000 17.9247189
0.4560000 32.0949173
0.4570000 55.4042931
0.4580000 28.8555317
0.4590000 -42.8906288
0.4600000 64.8464355
0.4610000 -6.7391000
0.4620000 4.8159833
0.4630000 27.2842922
0.4640000 33.5792084
0.4650000 -17.7749195
0.4660000 11.5091953
0.4670000 -49.4318237
0.4680000 -7.8471651
0.4690000 -0.7010050
0.4700000 54.0985985
0.4710000 -0.4808179
0.4720000 23.8274574
0.4730000 -47.4979172
0.4740000 -49.2042236
0.4750000 -11.9749641
0.4760000 34.1192017
0.4770000 -32.2104759
0.4780000 -49.2406693
0.4790000 20.1042137
0.4800000 35.1467133
0.4810000 -25.0106125
0.4820000 -67.0880508
0.4830000 23.2835712
0.4840000 10.1605358
0.4850000 -1.4641924
0.4860000 20.5787678
0.4870000 14.8212004
0.4880000 -33.8303452
0.4890000 -85.7535553
0.4900000 18.6796093
0.4910000 57.2941856
0.4920000 11.7193213
0.4930000 1.1814266
0.4940000 -35.8313293
0.4950000 14.8073969
0.4960000 15.8365936
0.4970000 -105.1876602
0.4980000 -34.4435158
0.4990000 -31.1466827
0.5000000 40.4878654
0.5010000 -17.5379181
0.5020000 -35.6350784
0.5030000 -15.0758486
0.5040000 -7.5722919
0.5050000 -30.3339787
0.5060000 31.7095547
0.5070000 -5.7958283
0.5080000 -32.0483170
0.5090000 0.9326017
0.5100000 -16.7331944
0.5110000 44.7425423
0.5120000 -5.2797694
0.5130000 1.5084772
0.5140000 15.2557497
0.5150000 10.7480984
0.5160000 31.4388065
0.5170000 -10.9424915
0.5180000 39.6291046
0.5190000 49.8176346
0.5200000 2.7990661
0.5210000 6.1053848
0.5220000 0.1671590
0.5230000 30.0401173
0.5240000 -27.8952141
0.5250000 -65.6334000
0.5260000 21.5175648
0.5270000 -14.1820574
0.5280000 29.8687954
0.5290000 46.9990044
0.5300000 26.7876949
0.5310000 -19.6501503
0.5320000 60.2858238
0.5330000 -20.8364830
0.5340000 47.5452347
0.5350000 1.3223947
0.5360000 -12.7444391
0.5370000 9.8290863
0.5380000 19.1889267
0.5390000 -49.0393524
0.5400000 43.8993950
0.5410000 -39.7814255
0.5420000 35.6662254
0.5430000 28.9180756
0.5440000 5.1443667
0.5450000 6.4443698
0.5460000 22.4336510
0.5470000 17.3864670
0.5480000 22.1112785
0.5490000 14.3658619
0.5500000 -27.9750061
0.5510000 -54.4329109
0.5520000 5.7272601
0.5530000 -5.9698229
0.5540000 19.9257259
0.5550000 23.7370586
0.5560000 -9.5170889
0.5570000 -19.8269691
0.5580000 47.4290390
0.5590000 41.1772919
0.5600000 50.5284958
0.5610000 -17.8475647
0.5620000 15.1046057
0.5630000 12.7650232
0.5640000 -1.7712065
0.5650000 48.0809517
0.5660000 23.8681278
0.5670000 6.9401712
0.5680000 -20.3191280
0.5690000 -4.0713706
0.5700000 101.4927521
0.5710000 -55.4048424
0.5720000 1.9937304
0.5730000 24.2961826
0.5740000 3.2422349
0.5750000 92.2200851
0.5760000 63.8070946
0.5770000 -7.0580440
0.5780000 35.6109467
0.5790000 -54.6209831
0.5800000 -4.2607875
0.5810000 18.1381569
0.5820000 -24.4740639
0.5830000 16.7487450
0.5840000 -24.7870579
0.5850000 16.7327652
0.5860000 -2.8020716
0.5870000 -18.1379547
0.5880000 54.5208511
0.5890000 17.0201015
0.5900000 -39.7503014
0.5910000 49.3708878
0.5920000 -14.2255421
0.5930000 89.0774460
0.5940000 -34.3396950
0.5950000 33.0096703
0.5960000 42.1717148
0.5970000 -21.3162022
0.5980000 -53.4333420
0.5990000 61.0735359
0.6000000 57.3198967
0.6010000 -25.7798805
0.6020000 -12.3316536
0.6030000 -44.0970612
0.6040000 -22.1898575
0.6050000 8.5098276
0.6060000 108.4467316
0.6070000 -17.2234440
0.6080000 -28.0346622
0.6090000 -34.1442947
0.6100000 18.6487217
0.6110000 -1.3946744
0.6120000 11.7839460
0.6130000 24.6617947
0.6140000 -7.2458115
0.6150000 -16.9000263
0.6160000 3.8186460
0.6170000 19.4732895
0.6180000 25.4845333
0.6190000 33.4767151
0.6200000 44.6655540
0.6210000 6.6850343
0.6220000 35.3413391
0.6230000 -22.8137970
0.6240000 -7.9531946
0.6250000 -37.3385735
0.6260000 -17.5044823
0.6270000 -0.0033837
0.6280000 -3.5666442
0.6290000 32.9456367
0.6300000 41.8922615
0.6310000 69.4252243
0.6320000 -46.1018448
0.6330000 -54.2090073
0.6340000 -35.1027107
0.6350000 48.2714577
0.6360000 -52.6172752
0.6370000 43.8616791
0.6380000 36.1670799
0.6390000 12.5043087
0.6400000 35.1727180
0.6410000 -24.3511600
0.6420000 -2.0692573
0.6430000 -15.7681913
0.6440000 81.1866684
0.6450000 -25.8558884
0.6460000 -10.2163811
0.6470000 28.3422260
0.6480000 -51.6192589
0.6490000 66.6987457
0.6500000 41.8670502
0.6510000 -8.5064163
0.6520000 9.2133522
0.6530000 34.5847931
0.6540000 -28.1738853
0.6550000 -54.7361717
0.6560000 -47.4012489
0.6570000 -12.7370157
0.6580000 -42.8334770
0.6590000 -19.8506565
0.6600000 -1.8707124
0.6610000 -5.8021545
0.6620000 13.7647514
0.6630000 -21.3237839
0.6640000 1.7821721
0.6650000 18.1265335
0.6660000 50.4539909
0.6670000 30.5597706
0.6680000 26.8467960
0.6690000 7.5352235
0.6700000 2.3619151
0.6710000 11.9657631
0.6720000 -26.7943211
0.6730000 0.3322546
0.6740000 3.0362475
0.6750000 -23.9702225
0.6760000 49.2425194
0.6770000 11.2082253
0.6780000 -51.0465012
0.6790000 22.5902710
0.6800000 13.5213366
0.6810000 -66.0224228
0.6820000 35.3931160
0.6830000 27.2900791
0.6840000 -17.4224014
0.6850000 7.6617289
0.6860000 -25.0034599
0.6870000 -16.8391972
0.6880000 -17.2881126
0.6890000 -11.8494444
0.6900000 -29.4707680
0.6910000 -44.6790962
0.6920000 -37.5764809
0.6930000 0.1471723
0.6940000 1.2999251
0.6950000 21.5563431
0.6960000 -8.8054743
0.6970000 39.6853638
0.6980000 -20.1593761
0.6990000 48.3405952
0.7000000 18.7077541
0.7010000 42.3259239
0.7020000 -46.2101402
0.7030000 -14.1157389
0.7040000 22.5968552
0.7050000 -25.1304836
0.7060000 -15.4645891
0.7070000 0.9788002
0.7080000 -26.1919270
0.7090000 23.7531300
0.7100000 25.8800087
0.7110000 -39.4152527
0.7120000 57.6614532
0.7130000 25.9717712
0.7140000 36.6070824
0.7150000 -30.0553684
0.7160000 18.1127491
0.7170000 -0.1583434
0.7180000 14.0417881
0.7190000 9.4924555
0.7200000 61.5391998
0.7210000 2.1259103
0.7220000 -31.4743671
0.7230000 -22.3484097
0.7240000 -34.1327019
0.7250000 90.6525116
0.7260000 25.9898319
0.7270000 57.1980286
0.7280000 -16.5385761
0.7290000 -21.3869610
0.7300000 23.3583736
0.7310000 -0.0825646
0.7320000 -62.6072845
0.7330000 -3.1403890
0.7340000 24.4060345
0.7350000 -34.3268623
0.7360000 -0.5003591
0.7370000 17.3352242
0.7380000 -37.8603783
0.7390000 21.9346962
0.7400000 30.1169338
0.7410000 9.1066818
0.7420000 48.3194199
0.7430000 -1.6463610
0.7440000 4.1599312
0.7450000 42.3336258
0.7460000 22.6989975
0.7470000 23.7457600
0.7480000 -24.6612453
0.7490000 -42.7596169
0.7500000 29.4338646
0.7510000 29.9224758
0.7520000 -20.5476971
0.7530000 -23.6739597
0.7540000 -11.2710190
0.7550000 41.2119560
0.7560000 47.6360512
0.7570000 -25.9044476
0.7580000 20.6529560
0.7590000 -55.4147911
0.7600000 -52.7484703
0.7610000 74.3579712
0.7620000 38.2111168
0.7630000 -60.3266754
0.7640000 -39.8264465
0.7650000 -35.2734146
0.7660000 -3.9771380
0.7670000 11.0919933
0.7680000 -7.4670339
0.7690000 4.7100430
0.7700000 69.0914307
0.7710000 -3.0968051
0.7720000 23.6903267
0.7730000 -28.6576138
0.7740000 -54.3987465
0.7750000 76.2604370
0.7760000 -32.8090973
0.7770000 -10.8611155
0.7780000 10.6291876
0.7790000 -19.7640934
0.7800000 -34.4165382
0.7810000 -20.6466541
0.7820000 11.1053276
0.7830000 -5.9858522
0.7840000 46.0285454
0.7850000 26.0807743
0.7860000 9.3072224
0.7870000 7.9607062
0.7880000 56.5722580
0.7890000 -19.7265530
0.7900000 31.3705978
0.7910000 31.6109238
0.7920000 40.8348122
0.7930000 -11.5999470
0.7940000 8.2938709
0.7950000 -34.3568344
0.7960000 60.3707848
0.7970000 9.9677334
0.7980000 -44.6857758
0.7990000 6.8157058
0.8000000 51.9268227
0.8010000 -19.0932121
0.8020000 -23.6434402
0.8030000 -20.3707142
0.8040000 40.2838173
0.8050000 -35.6335945
0.8060000 30.0352421
0.8070000 -34.7551613
0.8080000 16.6948338
0.8090000 8.8121719
0.8100000 -29.5324078
0.8110000 -18.1269321
0.8120000 10.7358828
0.8130000 11.9600592
0.8140000 15.6151838
0.8150000 38.9567223
0.8160000 51.7248611
0.8170000 -36.2599487
0.8180000 1.1052272
0.8190000 -32.7177658
0.8200000 29.7634621
0.8210000 52.3965607
0.8220000 77.9914627
0.8230000 -64.7233505
0.8240000 22.0981007
0.8250000 -46.4824829
0.8260000 77.3410873
0.8270000 0.0053129
0.8280000 -7.2177715
0.8290000 -4.4195361
0.8300000 -26.4824200
0.8310000 -51.2570229
0.8320000 33.8327446
0.8330000 51.4635544
0.8340000 2.1018744
0.8350000 66.4393387
0.8360000 -43.1539307
0.8370000 -20.7745934
0.8380000 -18.9984188
0.8390000 62.5004921
0.8400000 10.3313103
0.8410000 -28.8820553
0.8420000 -16.7183819
0.8430000 -66.6220703
0.8440000 12.0241394
0.8450000 24.1106491
0.8460000 6.1539073
0.8470000 -62.8810425
0.8480000 47.2577400
0.8490000 29.7242413
0.8500000 36.5074234
0.8510000 -0.0904205
0.8520000 -46.2380981
0.8530000 66.6771011
0.8540000 36.5591278
0.8550000 -39.6727257
0.8560000 -14.3564243
0.8570000 -1.8144239
0.8580000 57.1929550
0.8590000 41.3530579
0.8600000 -10.2502432
0.8610000 1.9694957
0.8620000 -15.2714348
0.8630000 -22.5275936
0.8640000 29.0840950
0.8650000 -34.0326805
0.8660000 -42.1174660
0.8670000 -30.5464344
0.8680000 -41.1255379
0.8690000 -3.8326752
0.8700000 -9.7683401
0.8710000 8.3388577
0.8720000 -14.8784733
0.8730000 17.7403870
0.8740000 -18.6172371
0.8750000 19.0612164
0.8760000 -45.0137825
0.8770000 -23.6888676
0.8780000 49.1280823
0.8790000 18.9709911
0.8800000 70.1868134
0.8810000 -1.1910303
0.8820000 62.5137596
0.8830000 -0.5872235
0.8840000 14.3958120
0.8850000 -10.1048183
0.8860000 14.4925671
0.8870000 -15.8714828
0.8880000 5.8577442
0.8890000 2.5110977
0.8900000 -33.1424866
0.8910000 40.5812645
0.8920000 2.2338400
0.8930000 11.0390615
0.8940000 -14.2904797
0.8950000 -10.6261034
0.8960000 67.5309830
0.8970000 -1.3992846
0.8980000 46.8603325
0.8990000 -3.8085842
0.9000000 30.3261185
0.9010000 -26.5094032
0.9020000 -18.4217453
0.9030000 20.9902153
0.9040000 -32.3429222
0.9050000 -69.6437073
0.9060000 6.1014266
0.9070000 -18.0239487
0.9080000 35.2313194
0.9090000 -26.4919033
0.9100000 -48.3209267
0.9110000 -24.7276745
0.9120000 22.9179440
0.9130000 -10.7422199
0.9140000 -2.8588181
0.9150000 62.5602684
0.9160000 1.1829352
0.9170000 -11.4314585
0.9180000 -15.5271997
0.9190000 -16.1688499
0.9200000 9.1352463
0.9210000 -67.0575638
0.9220000 12.9543915
0.9230000 -46.1271019
0.9240000 70.5597687
0.9250000 8.9341707
0.9260000 42.2035828
0.9270000 -4.6915703
0.9280000 -28.1406384
0.9290000 -42.2877731
0.9300000 -62.8622169
0.9310000 33.7092705
0.9320000 72.4957581
0.9330000 16.1323357
0.9340000 -52.0570030
0.9350000 10.5028200
0.9360000 52.1186676
0.9370000 -13.6676655
0.9380000 25.2092857
0.9390000 15.2445040
0.9400000 0.7778270
0.9410000 27.8149090
0.9420000 34.1338730
0.9430000 -70.9188995
0.9440000 42.2041283
0.9450000 -24.0626926
0.9460000 18.7472935
0.9470000 -56.6374245
0.9480000 -1.5029305
0.9490000 -41.1434059
0.9500000 47.9086304
0.9510000 -17.5938110
0.9520000 6.5266929
0.9530000 13.1241999
0.9540000 17.3054295
0.9550000 -26.6837540
0.9560000 -53.9826393
0.9570000 1.8812045
0.9580000 -58.5437393
0.9590000 2.5304320
0.9600000 -29.4356766
0.9610000 -11.1073503
0.9620000 -57.3237839
0.9630000 40.1090508
0.9640000 76.8333359
0.9650000 5.0383196
0.9660000 11.4812212
0.9670000 -1.7919083
0.9680000 -33.5306816
0.9690000 -27.3020134
0.9700000 39.3625259
0.9710000 -73.3632812
0.9720000 69.4163818
0.9730000 -8.9829226
0.9740000 -38.6239967
0.9750000 -57.0497551
0.9760000 52.9120750
0.9770000 -18.7923565
0.9780000 -3.3867898
0.9790000 41.6440697
0.9800000 -18.2189560
0.9810000 -29.1335316
0.9820000 1.9430275
0.9830000 -7.5028467
0.9840000 10.1359463
0.9850000 6.5615611
0.9860000 0.2688607
0.9870000 -0.3024532
0.9880000 -20.4518757
0.9890000 65.1931839
0.9900000 -50.5595322
0.9910000 11.6469707
0.9920000 26.8944607
0.9930000 -23.5981903
0.9940000 -23.0120430
0.9950000 25.3788357
0.9960000 -23.7178249
0.9970000 -2.7350712
0.9980000 -60.9666481
0.9990000 27.4887199
