0.0000000 -44.0224686
0.0010000 60.7692451
0.0020000 -49.1313171
0.0030000 -17.3401146
0.0040000 -14.2361784
0.0050000 38.3502388
0.0060000 -12.2802553
0.0070000 -26.5321579
0.0080000 -26.9457550
0.0090000 13.3681307
0.0100000 14.5759354
0.0110000 84.5550156
0.0120000 16.6762047
0.0130000 48.3994026
0.0140000 -15.5934181
0.0150000 -32.3687553
0.0160000 45.5445633
0.0170000 42.5941467
0.0180000 -54.3082237
0.0190000 20.4772148
0.0200000 -46.7663345
0.0210000 -29.7205963
0.0220000 -16.0071640
0.0230000 -7.1242485
0.0240000 12.3054371
0.0250000 59.5274887
0.0260000 -30.4260674
0.0270000 -21.8813820
0.0280000 11.7830286
0.0290000 76.0403442
0.0300000 6.1710973
0.0310000 27.2659950
0.0320000 -0.1342391
0.0330000 -80.5587311
0.0340000 15.9650326
0.0350000 63.0225487
0.0360000 -29.8402367
0.0370000 11.2105474
0.0380000 35.7755852
0.0390000 7.3973842
0.0400000 -14.0107965
0.0410000 -34.5921669
0.0420000 -17.9254341
0.0430000 17.4277020
0.0440000 39.1232948
0.0450000 2.2673535
0.0460000 -5.5085759
0.0470000 -56.0591965
0.0480000 -42.1522598
0.0490000 15.4420786
0.0500000 64.7915802
0.0510000 38.2951889
0.0520000 -14.7061882
0.0530000 22.7328777
0.0540000 -48.1556816
0.0550000 -109.7185822
0.0560000 23.2421932
0.0570000 27.5217972
0.0580000 10.8090019
0.0590000 -5.4767632
0.0600000 -27.5983124
0.0610000 -74.9119949
0.0620000 -0.2623850
0.0630000 66.1700974
0.0640000 15.6254292
0.0650000 -7.6540041
0.0660000 31.0603638
0.0670000 -29.1038456
0.0680000 -3.1636491
0.0690000 -20.5471001
0.0700000 -51.0275230
0.0710000 10.9794292
0.0720000 11.9285793
0.0730000 -25.0973053
0.0740000 -17.0809879
0.0750000 -8.7675924
0.0760000 23.1652832
0.0770000 -47.6714630
0.0780000 -17.1104507
0.0790000 -8.9997263
0.0800000 25.7309704
0.0810000 -54.9139252
0.0820000 -40.7186432
0.0830000 -22.6115608
0.0840000 -13.2987719
0.0850000 43.5554199
0.0860000 -18.6372929
0.0870000 -27.9030075
0.0880000 92.9714355
0.0890000 -39.3467064
0.0900000 -4.6934433
0.0910000 58.2301292
0.0920000 -34.2238312
0.0930000 70.8366699
0.0940000 2.2878962
0.0950000 0.2726905
0.0960000 30.7367630
0.0970000 -70.8687592
0.0980000 -44.2778168
0.0990000 40.4009399
0.1000000 -13.2921524
0.1010000 36.0558472
0.1020000 -15.6416397
0.1030000 -50.9965935
0.1040000 -53.0336952
0.1050000 -55.0045319
0.1060000 1.2011131
0.1070000 23.2853031
0.1080000 -83.6116028
0.1090000 17.5409775
0.1100000 -30.9758434
0.1110000 3.8301752
0.1120000 16.3346920
0.1130000 6.7075076
0.1140000 19.6108131
0.1150000 -10.2685499
0.1160000 49.9317322
0.1170000 4.2927828
0.1180000 -32.0297089
0.1190000 14.6333790
0.1200000 11.6125088
0.1210000 -6.8748484
0.1220000 4.2225885
0.1230000 6.0311294
0.1240000 21.1678658
0.1250000 25.1213264
0.1260000 -1.9647406
0.1270000 25.4538498
0.1280000 99.0404053
0.1290000 -18.7533588
0.1300000 -7.2557940
0.1310000 63.8462296
0.1320000 21.2050018
0.1330000 -85.1668625
0.1340000 87.0768433
0.1350000 24.0825043
0.1360000 -16.9662285
0.1370000 -28.1281128
0.1380000 -4.8859959
0.1390000 14.6001453
0.1400000 71.1498795
0.1410000 4.6643963
0.1420000 -23.5530338
0.1430000 -26.3513527
0.1440000 47.7103081
0.1450000 -44.2739182
0.1460000 5.6972370
0.1470000 -32.2795486
0.1480000 -38.5066910
0.1490000 -6.4042692
0.1500000 11.7138214
0.1510000 49.4569893
0.1520000 -52.4572411
0.1530000 -17.8829155
0.1540000 -34.2814407
0.1550000 -55.0059013
0.1560000 -10.8179293
0.1570000 49.2422714
0.1580000 -16.0069275
0.1590000 61.9509239
0.1600000 45.2039261
0.1610000 -19.4381905
0.1620000 58.4409904
0.1630000 -51.6571655
0.1640000 -4.3946824
0.1650000 -56.3720779
0.1660000 -30.0329151
0.1670000 25.9990864
0.1680000 -16.0076656
0.1690000 -6.7616386
0.1700000 -89.2477036
0.1710000 -75.3785172
0.1720000 1.0155796
0.1730000 30.2392273
0.1740000 -36.2557182
0.1750000 -27.4023418
0.1760000 62.7770844
0.1770000 58.2972260
0.1780000 15.5487843
0.1790000 -17.9364853
0.1800000 8.8792477
0.1810000 31.3268909
0.1820000 5.7611971
0.1830000 0.9911056
0.1840000 -3.1411259
0.1850000 -56.8707542
0.1860000 -4.1577196
0.1870000 10.0882874
0.1880000 -21.5863514
0.1890000 -41.8774567
0.1900000 -35.5082054
0.1910000 18.1478386
0.1920000 -22.0753651
0.1930000 -28.1252003
0.1940000 -14.8577452
0.1950000 5.9648046
0.1960000 1.3592556
0.1970000 -29.6414642
0.1980000 6.5281382
0.1990000 8.8377438
0.2000000 40.5261459
0.2010000 -9.4360247
0.2020000 78.1767654
0.2030000 -2.2559862
0.2040000 -25.5031929
0.2050000 -0.2947817
0.2060000 15.8516226
0.2070000 -37.3275414
0.2080000 -17.6977444
0.2090000 22.4240246
0.2100000 -29.8709717
0.2110000 -40.4527283
0.2120000 -2.1612475
0.2130000 -28.3391571
0.2140000 12.6099272
0.2150000 26.1823425
0.2160000 -7.9746890
0.2170000 32.6917992
0.2180000 29.5044861
0.2190000 -26.6657104
0.2200000 61.0349083
0.2210000 -22.5491257
0.2220000 -48.5260658
0.2230000 71.2247391
0.2240000 42.6723938
0.2250000 34.3177109
0.2260000 58.8274918
0.2270000 -61.6474533
0.2280000 44.4642792
0.2290000 -19.9831009
0.2300000 29.0750389
0.2310000 20.7224445
0.2320000 -14.7408438
0.2330000 21.5410099
0.2340000 -19.1930294
0.2350000 11.6278095
0.2360000 -23.4257355
0.2370000 -17.1899891
0.2380000 -56.0852623
0.2390000 -43.5553665
0.2400000 16.3907681
0.2410000 17.7726822
0.2420000 -23.3177299
0.2430000 -1.0920292
0.2440000 16.4820728
0.2450000 7.2706246
0.2460000 7.4429092
0.2470000 -21.1779346
0.2480000 -29.3423004
0.2490000 -25.5156021
0.2500000 19.1386375
0.2510000 -29.7886829
0.2520000 -39.4609871
0.2530000 -38.6756134
0.2540000 -31.0404625
0.2550000 51.9463921
0.2560000 -6.0699444
0.2570000 9.2796755
0.2580000 -71.3852005
0.2590000 -52.4357224
0.2600000 19.2720184
0.2610000 -11.3822012
0.2620000 -39.7672768
0.2630000 -17.8763313
0.2640000 7.3605218
0.2650000 -7.7916627
0.2660000 7.4107075
0.2670000 -60.3882980
0.2680000 -12.4602947
0.2690000 13.9697342
0.2700000 -16.3958092
0.2710000 12.6149406
0.2720000 -2.2315619
0.2730000 11.3108282
0.2740000 28.8699322
0.2750000 11.2890024
0.2760000 -0.9265524
0.2770000 -8.9664097
0.2780000 67.1277237
0.2790000 30.4105606
0.2800000 -29.3976555
0.2810000 -4.9881415
0.2820000 -11.0794840
0.2830000 -26.5264282
0.2840000 -14.1710796
0.2850000 -19.3085308
0.2860000 -18.1580963
0.2870000 38.6071968
0.2880000 4.9349518
0.2890000 -50.7345047
0.2900000 6.9453077
0.2910000 17.6085396
0.2920000 19.5049381
0.2930000 -23.6784916
0.2940000 -34.0825577
0.2950000 -17.0572262
0.2960000 -53.1041832
0.2970000 -27.2443924
0.2980000 -24.7413197
0.2990000 10.0105076
0.3000000 34.1870575
0.3010000 -6.2673793
0.3020000 14.2095671
0.3030000 21.9156113
0.3040000 2.0697126
0.3050000 61.4205246
0.3060000 6.7581720
0.3070000 39.3485069
0.3080000 -12.5422649
0.3090000 55.5247917
0.3100000 -26.2910061
0.3110000 -8.4226866
0.3120000 -9.3108749
0.3130000 8.0454330
0.3140000 -39.0187607
0.3150000 28.4178162
0.3160000 13.3164501
0.3170000 22.1875725
0.3180000 -28.2927437
0.3190000 -59.7029533
0.3200000 -3.6105011
0.3210000 -55.3103333
0.3220000 3.9720314
0.3230000 -12.6440029
0.3240000 14.6755753
0.3250000 70.9400558
0.3260000 -8.5261641
0.3270000 15.8932762
0.3280000 77.0982361
0.3290000 47.6635437
0.3300000 40.7491264
0.3310000 -26.3391323
0.3320000 -33.2821350
0.3330000 43.9374809
0.3340000 -45.5852661
0.3350000 7.2235365
0.3360000 71.9740067
0.3370000 -51.0637741
0.3380000 -46.2582130
0.3390000 1.5305430
0.3400000 43.7335243
0.3410000 -55.0343399
0.3420000 39.0581818
0.3430000 26.2256775
0.3440000 -5.3634772
0.3450000 -43.0003433
0.3460000 13.2323275
0.3470000 -66.6976547
0.3480000 -26.8365440
0.3490000 -68.7015991
0.3500000 -69.7539597
0.3510000 3.3924870
0.3520000 -27.9553967
0.3530000 29.4045525
0.3540000 35.5126534
0.3550000 2.4604023
0.3560000 6.1685596
0.3570000 -53.9345512
0.3580000 -5.3663998
0.3590000 0.3605679
0.3600000 42.9575691
0.3610000 11.4959440
0.3620000 -13.1793385
0.3630000 -8.0868359
0.3640000 -28.0411205
0.3650000 4.4655094
0.3660000 -14.3320379
0.3670000 -17.3246574
0.3680000 -87.5136948
0.3690000 19.1817493
0.3700000 87.7879562
0.3710000 -15.6168108
0.3720000 51.8227844
0.3730000 -26.2752018
0.3740000 12.9017620
0.3750000 32.2487526
0.3760000 2.4419863
0.3770000 -68.8384018
0.3780000 -38.5945892
0.3790000 -12.0319319
0.3800000 -31.5371132
0.3810000 -80.4528275
0.3820000 -23.6538181
0.3830000 57.3116150
0.3840000 -41.6959534
0.3850000 27.2426434
0.3860000 -25.7646809
0.3870000 -54.8465271
0.3880000 59.7637405
0.3890000 -35.5940056
0.3900000 12.3264189
0.3910000 -65.6212234
0.3920000 -20.4440594
0.3930000 -20.9818497
0.3940000 -68.7748337
0.3950000 45.2127342
0.3960000 -35.7824020
0.3970000 14.2608452
0.3980000 15.1797428
0.3990000 47.7914581
0.4000000 -42.3018379
0.4010000 16.1447430
0.4020000 56.8123894
0.4030000 32.2428131
0.4040000 -24.8408661
0.4050000 13.7976894
0.4060000 -11.3697815
0.4070000 -80.4124527
0.4080000 6.7383113
0.4090000 50.8586922
0.4100000 39.4750748
0.4110000 -24.4015293
0.4120000 22.0592709
0.4130000 -22.5065956
0.4140000 -57.6596603
0.4150000 7.7191920
0.4160000 1.6376681
0.4170000 26.8509502
0.4180000 42.5323868
0.4190000 31.6347713
0.4200000 55.8496704
0.4210000 -81.2282104
0.4220000 4.4198599
0.4230000 -62.0843430
0.4240000 -8.2604475
0.4250000 5.1069498
0.4260000 13.1042948
0.4270000 -39.9750366
0.4280000 -22.8190632
0.4290000 -28.0197926
0.4300000 -49.4308929
0.4310000 -4.3274741
0.4320000 -34.4004707
0.4330000 -25.6328220
0.4340000 -6.5255551
0.4350000 54.1416969
0.4360000 -22.5008450
0.4370000 -26.2729855
0.4380000 25.6545620
0.4390000 -20.7486897
0.4400000 -45.9561424
0.4410000 -16.3384666
0.4420000 -22.5568695
0.4430000 -48.4363098
0.4440000 -24.7323704
0.4450000 2.2976751
0.4460000 -20.7039700
0.4470000 49.7437820
0.4480000 5.5680318
0.4490000 -35.0801659
0.4500000 -31.5776291
0.4510000 0.7743223
0.4520000 -24.7599316
0.4530000 -32.9970016
0.4540000 34.3062363
0.4550000 -13.8417740
0.4560000 51.8218117
0.4570000 80.4849319
0.4580000 -32.2994766
0.4590000 -22.6556377
0.4600000 45.6436539
0.4610000 -25.5895519
0.4620000 -21.0923195
0.4630000 -6.3207726
0.4640000 -10.0857859
0.4650000 -1.5293074
0.4660000 -38.9414177
0.4670000 14.4337196
0.4680000 3.3557136
0.4690000 -9.6894550
0.4700000 -17.0509472
0.4710000 -18.9138317
0.4720000 51.5304451
0.4730000 77.1312790
0.4740000 37.7113724
0.4750000 -38.7369347
0.4760000 -31.1155109
0.4770000 21.5035305
0.4780000 16.4829731
0.4790000 -48.8039246
0.4800000 -64.4324112
0.4810000 38.2335129
0.4820000 -19.6519413
0.4830000 -22.8656616
0.4840000 43.9865723
0.4850000 -44.3035355
0.4860000 -4.8149939
0.4870000 36.2532043
0.4880000 52.0327301
0.4890000 89.1422424
0.4900000 -9.1903906
0.4910000 -39.3059692
0.4920000 -61.7287979
0.4930000 -0.9167509
0.4940000 -74.6493530
0.4950000 5.4168787
0.4960000 31.9194584
0.4970000 -7.9414434
0.4980000 -18.5123901
0.4990000 -11.8244276
0.5000000 -27.4496727
0.5010000 -20.0526028
0.5020000 62.1713943
0.5030000 45.4861641
0.5040000 17.3299217
0.5050000 21.6849155
0.5060000 -22.3242435
0.5070000 -5.4033465
0.5080000 -35.3518448
0.5090000 -72.3578873
0.5100000 -11.5601616
0.5110000 -33.1818123
0.5120000 -27.5106602
0.5130000 -92.6964264
0.5140000 92.6783676
0.5150000 21.3069916
0.5160000 25.2918377
0.5170000 73.0637436
0.5180000 17.4588947
0.5190000 29.4343910
0.5200000 -49.1898994
0.5210000 -43.0270348
0.5220000 -7.3987327
0.5230000 -38.8787651
0.5240000 29.9075203
0.5250000 16.6979046
0.5260000 -7.5842428
0.5270000 62.6257401
0.5280000 -13.5238934
0.5290000 13.4443541
0.5300000 13.8569794
0.5310000 -51.0639725
0.5320000 29.9888496
0.5330000 -21.5069675
0.5340000 23.4670639
0.5350000 -52.1453590
0.5360000 30.4808235
0.5370000 -6.9317603
0.5380000 5.3263760
0.5390000 20.2744923
0.5400000 -41.8848419
0.5410000 38.5146484
0.5420000 29.0521870
0.5430000 -10.4264259
0.5440000 41.2133904
0.5450000 51.4091721
0.5460000 23.8856983
0.5470000 -8.7184658
0.5480000 -22.5272369
0.5490000 62.2127495
0.5500000 -32.8563919
0.5510000 -4.3971968
0.5520000 62.3142281
0.5530000 25.8997078
0.5540000 -0.8877421
0.5550000 72.6368637
0.5560000 -64.0908737
0.5570000 24.5932159
0.5580000 -3.3931870
0.5590000 0.6794531
0.5600000 -17.1043606
0.5610000 -39.2011871
0.5620000 -6.7818499
0.5630000 21.0324898
0.5640000 -43.5069580
0.5650000 16.7879639
0.5660000 -67.4373169
0.5670000 -52.0700722
0.5680000 49.8659859
0.5690000 -4.4715381
0.5700000 0.3501181
0.5710000 18.1328373
0.5720000 33.1229019
0.5730000 -26.9974117
0.5740000 -67.1114960
0.5750000 -26.7287159
0.5760000 13.9074106
0.5770000 2.0913503
0.5780000 -59.0615730
0.5790000 -46.1680183
0.5800000 -42.2103348
0.5810000 83.1682968
0.5820000 -0.4481775
0.5830000 5.9881563
0.5840000 32.1569366
0.5850000 19.7250881
0.5860000 -24.0108852
0.5870000 14.8800488
0.5880000 -4.4708028
0.5890000 -15.7397118
0.5900000 86.8642502
0.5910000 -53.6206245
0.5920000 3.1873221
0.5930000 -96.8841782
0.5940000 -39.4765396
0.5950000 -17.8053856
0.5960000 15.4871864
0.5970000 1.3736935
0.5980000 -43.0888939
0.5990000 -2.9772658
0.6000000 61.4238853
0.6010000 -29.6005344
0.6020000 28.2897320
0.6030000 25.4778996
0.6040000 37.1043396
0.6050000 16.2997551
0.6060000 -14.6865559
0.6070000 7.2829905
0.6080000 -22.0182838
0.6090000 15.3818455
0.6100000 7.8300543
0.6110000 -22.4841061
0.6120000 11.8320704
0.6130000 37.1702194
0.6140000 42.8231850
0.6150000 6.2348714
0.6160000 12.4115391
0.6170000 23.7909031
0.6180000 -33.0900383
0.6190000 -10.6906395
0.6200000 34.6047363
0.6210000 1.9010528
0.6220000 18.2331295
0.6230000 48.2650185
0.6240000 1.6597675
0.6250000 -30.9729366
0.6260000 13.9272919
0.6270000 -9.5144711
0.6280000 46.7724648
0.6290000 12.8751974
0.6300000 -18.5845127
0.6310000 -19.3318081
0.6320000 23.7014427
0.6330000 31.0427895
0.6340000 26.0859013
0.6350000 -28.7922764
0.6360000 26.0802555
0.6370000 34.5227394
0.6380000 25.0871582
0.6390000 22.1163731
0.6400000 -19.1505947
0.6410000 -22.5045605
0.6420000 23.5378342
0.6430000 1.6279440
0.6440000 -18.7878418
0.6450000 -38.2532654
0.6460000 10.4580126
0.6470000 -8.5185566
0.6480000 14.4159298
0.6490000 12.5151758
0.6500000 4.5697408
0.6510000 -44.4016075
0.6520000 -25.1424942
0.6530000 1.0621184
0.6540000 88.0299377
0.6550000 -63.3207169
0.6560000 21.1005077
0.6570000 -12.3701820
0.6580000 46.2696304
0.6590000 -19.3033676
0.6600000 -18.1059742
0.6610000 21.7505665
0.6620000 -93.2989349
0.6630000 39.9936371
0.6640000 42.0550194
0.6650000 22.0925102
0.6660000 34.0411301
0.6670000 -22.1729145
0.6680000 -65.8572388
0.6690000 -9.4191551
0.6700000 -14.8916664
0.6710000 45.4369202
0.6720000 34.7896309
0.6730000 39.7253380
0.6740000 -24.1999702
0.6750000 -21.6989975
0.6760000 8.4876747
0.6770000 -5.8144169
0.6780000 -60.4317818
0.6790000 32.6892891
0.6800000 25.9206791
0.6810000 82.5553207
0.6820000 39.0305443
0.6830000 11.8547421
0.6840000 -0.7800659
0.6850000 -41.0069160
0.6860000 -18.5786934
0.6870000 -3.7179782
0.6880000 67.0807953
0.6890000 -24.7280483
0.6900000 46.5958366
0.6910000 11.6676044
0.6920000 4.4997730
0.6930000 -43.7546921
0.6940000 33.3456116
0.6950000 27.5771446
0.6960000 -44.6352310
0.6970000 -11.2516251
0.6980000 5.2462225
0.6990000 22.3283482
0.7000000 -32.4496269
0.7010000 -0.3492367
0.7020000 -45.7716904
0.7030000 -8.6903830
0.7040000 27.3476238
0.7050000 -21.4307613
0.7060000 38.7827835
0.7070000 -17.3949375
0.7080000 56.6970863
0.7090000 13.2227840
0.7100000 -15.4256115
0.7110000 100.6403351
0.7120000 0.5140506
0.7130000 61.3076057
0.7140000 38.2980766
0.7150000 -46.0683212
0.7160000 27.3037891
0.7170000 -5.7656708
0.7180000 -27.4131031
0.7190000 33.9325333
0.7200000 26.3973904
0.7210000 -57.6709900
0.7220000 64.9090805
0.7230000 64.5007324
0.7240000 -27.3150234
0.7250000 -0.4976015
0.7260000 34.9319305
0.7270000 17.7009716
0.7280000 40.3723793
0.7290000 21.9134045
0.7300000 13.5648632
0.7310000 23.3118420
0.7320000 -4.0327849
0.7330000 -64.6966476
0.7340000 13.9346495
0.7350000 -48.6623268
0.7360000 16.6283531
0.7370000 9.0580378
0.7380000 44.1432838
0.7390000 17.0057697
0.7400000 -46.4441185
0.7410000 45.1093788
0.7420000 -14.5069847
0.7430000 8.4037991
0.7440000 -44.3617325
0.7450000 4.0564394
0.7460000 -25.8081455
0.7470000 35.8100090
0.7480000 -21.3724785
0.7490000 48.1493416
0.7500000 -63.2230949
0.7510000 26.8645668
0.7520000 20.4951572
0.7530000 41.8810272
0.7540000 38.0874443
0.7550000 -28.9917164
0.7560000 8.1308928
0.7570000 11.8121262
0.7580000 4.9240160
0.7590000 -3.1015351
0.7600000 15.4213705
0.7610000 28.8872204
0.7620000 -27.2273159
0.7630000 -13.0586147
0.7640000 -14.9269457
0.7650000 25.1827717
0.7660000 8.5099297
0.7670000 -47.7721405
0.7680000 36.1197357
0.7690000 -7.0986986
0.7700000 -47.2565308
0.7710000 26.5707493
0.7720000 -3.0902162
0.7730000 -42.3100586
0.7740000 -8.5921516
0.7750000 -4.3130193
0.7760000 20.4938793
0.7770000 3.8858690
0.7780000 -19.2896233
0.7790000 5.0340176
0.7800000 11.8730822
0.7810000 24.8727016
0.7820000 -8.7770853
0.7830000 -46.2326927
0.7840000 -11.4436188
0.7850000 -44.4123878
0.7860000 -16.1128426
0.7870000 -6.7771831
0.7880000 -3.6681871
0.7890000 -25.4460220
0.7900000 -44.3737259
0.7910000 -23.1870346
0.7920000 10.2747421
0.7930000 -16.9648571
0.7940000 41.6708794
0.7950000 2.2391937
0.7960000 -32.8375206
0.7970000 17.7461300
0.7980000 -63.6162109
0.7990000 22.0173740
0.8000000 40.6782990
0.8010000 -22.0952301
0.8020000 75.4709854
0.8030000 36.0424385
0.8040000 56.2442703
0.8050000 20.6193810
0.8060000 -3.8392537
0.8070000 66.7807312
0.8080000 20.3630676
0.8090000 -9.2594757
0.8100000 -10.5866070
0.8110000 38.3548126
0.8120000 -22.3489971
0.8130000 -37.1788673
0.8140000 28.1129284
0.8150000 20.4158916
0.8160000 -14.5450583
0.8170000 -23.4613781
0.8180000 47.8959465
0.8190000 -7.8747096
0.8200000 14.0316668
0.8210000 49.0831757
0.8220000 -21.7987385
0.8230000 -51.5227776
0.8240000 -12.4938612
0.8250000 -5.6127620
0.8260000 76.2635651
0.8270000 -18.0703678
0.8280000 -17.1184559
0.8290000 19.7852726
0.8300000 19.6303253
0.8310000 3.8644500
0.8320000 -52.0093994
0.8330000 10.2771959
0.8340000 -5.6033707
0.8350000 11.8639679
0.8360000 -23.8828964
0.8370000 14.2043591
0.8380000 19.5399189
0.8390000 31.4877510
0.8400000 25.7669888
0.8410000 -35.8983459
0.8420000 29.6882915
0.8430000 13.5338688
0.8440000 22.6578236
0.8450000 36.4165497
0.8460000 -33.0091896
0.8470000 -17.6717262
0.8480000 -17.3233624
0.8490000 -39.7093773
0.8500000 10.1697197
0.8510000 29.7433205
0.8520000 -26.4440517
0.8530000 63.1223068
0.8540000 -7.8299794
0.8550000 -2.9370394
0.8560000 -37.2669945
0.8570000 43.1250114
0.8580000 -47.9861526
0.8590000 -18.1700172
0.8600000 -1.9797302
0.8610000 -55.5840874
0.8620000 -32.3921013
0.8630000 -10.0948410
0.8640000 12.2961159
0.8650000 32.6826782
0.8660000 10.5986767
0.8670000 -2.8470244
0.8680000 -23.5843525
0.8690000 -4.7369447
0.8700000 2.2661598
0.8710000 76.0140762
0.8720000 -30.6364002
0.8730000 -26.2207966
0.8740000 11.2053080
0.8750000 25.0767288
0.8760000 -18.9333591
0.8770000 31.5666161
0.8780000 3.2555628
0.8790000 32.7711906
0.8800000 41.4220619
0.8810000 -28.1057644
0.8820000 51.6548233
0.8830000 -27.7914696
0.8840000 28.7607861
0.8850000 76.4957275
0.8860000 -0.5949984
0.8870000 -1.5126061
0.8880000 -11.1769352
0.8890000 24.0438633
0.8900000 13.7632761
0.8910000 -28.4304600
0.8920000 54.2864380
0.8930000 -26.4403534
0.8940000 -18.1943645
0.8950000 -75.2614059
0.8960000 72.8281555
0.8970000 23.5221481
0.8980000 33.8957367
0.8990000 54.8363914
0.9000000 72.3642120
0.9010000 43.3852272
0.9020000 -32.7019615
0.9030000 58.7852097
0.9040000 -17.5313873
0.9050000 15.9668055
0.9060000 -30.3945847
0.9070000 -69.3097610
0.9080000 -23.1600037
0.9090000 -0.7465664
0.9100000 15.9653511
0.9110000 48.7232933
0.9120000 4.8401508
0.9130000 -5.2733197
0.9140000 -60.6074333
0.9150000 26.8000526
0.9160000 -10.2766695
0.9170000 -38.1823921
0.9180000 -29.1847248
0.9190000 -6.0545154
0.9200000 -44.7305450
0.9210000 -63.0636368
0.9220000 -76.5475540
0.9230000 -9.8703680
0.9240000 -5.0408497
0.9250000 11.0658512
0.9260000 34.0201149
0.9270000 36.2916260
0.9280000 11.7915640
0.9290000 -36.4145966
0.9300000 42.4323044
0.9310000 -16.8731117
0.9320000 39.5525627
0.9330000 -34.8870087
0.9340000 -36.3764534
0.9350000 -46.2079086
0.9360000 -40.3787613
0.9370000 -45.8016777
0.9380000 17.2614727
0.9390000 -59.5879135
0.9400000 -36.2935562
0.9410000 35.9656105
0.9420000 11.6768456
0.9430000 25.8325443
0.9440000 -4.9301414
0.9450000 98.9217224
0.9460000 -24.5282860
0.9470000 -54.2920227
0.9480000 -19.4542828
0.9490000 -77.8778687
0.9500000 -11.8358278
0.9510000 -42.6510429
0.9520000 8.0429897
0.9530000 16.1049728
0.9540000 1.9262711
0.9550000 35.6253586
0.9560000 46.9758759
0.9570000 -2.4351878
0.9580000 -34.7774353
0.9590000 -43.0436096
0.9600000 56.4245186
0.9610000 15.8590288
0.9620000 -9.3494253
0.9630000 5.9681506
0.9640000 -24.7248421
0.9650000 -0.8533221
0.9660000 52.7424049
0.9670000 19.7078323
0.9680000 4.3230872
0.9690000 26.4102058
0.9700000 -14.9569578
0.9710000 -34.6541100
0.9720000 -17.6888618
0.9730000 -46.6654778
0.9740000 62.9036407
0.9750000 -0.7600683
0.9760000 -16.8310127
0.9770000 -15.9603100
0.9780000 41.1313515
0.9790000 15.3178711
0.9800000 24.6732731
0.9810000 18.1254005
0.9820000 -73.2021255
0.9830000 11.3159275
0.9840000 -55.8670731
0.9850000 -85.5982895
0.9860000 -28.0782070
0.9870000 -10.6443691
0.9880000 -19.6406517
0.9890000 11.3811150
0.9900000 68.7601852
0.9910000 25.7038727
0.9920000 -6.2486768
0.9930000 -0.9972688
0.9940000 7.5954885
0.9950000 -54.5263634
0.9960000 -20.5504799
0.9970000 16.1539936
0.9980000 -22.2277756
0.9990000 19.9675388
