0.0000000 -12.0902109
0.0010000 42.9684448
0.0020000 22.3579998
0.0030000 12.3742781
0.0040000 27.6221752
0.0050000 -20.5598240
0.0060000 52.8202019
0.0070000 -40.5141754
0.0080000 6.0048380
0.0090000 -75.5302048
0.0100000 -45.9048958
0.0110000 -39.8881836
0.0120000 -22.5726814
0.0130000 -37.9509659
0.0140000 43.4591751
0.0150000 -5.4142685
0.0160000 51.5966568
0.0170000 3.9238558
0.0180000 -61.3272171
0.0190000 -77.3553238
0.0200000 4.3538790
0.0210000 -51.9715233
0.0220000 25.1800938
0.0230000 3.6720004
0.0240000 -31.2085838
0.0250000 -27.4687386
0.0260000 53.8284416
0.0270000 -76.7412567
0.0280000 -19.0815220
0.0290000 -6.6930895
0.0300000 -31.2889290
0.0310000 -44.3158684
0.0320000 -20.3260536
0.0330000 1.0628496
0.0340000 -2.6179016
0.0350000 -1.0034193
0.0360000 7.7400918
0.0370000 -2.6222579
0.0380000 25.2395325
0.0390000 23.3498249
0.0400000 7.9035292
0.0410000 29.4712143
0.0420000 9.8228359
0.0430000 -17.0374641
0.0440000 61.9922333
0.0450000 -34.9599037
0.0460000 -30.3800678
0.0470000 20.2876701
0.0480000 40.7451591
0.0490000 -41.9380608
0.0500000 -8.6498861
0.0510000 5.6286798
0.0520000 2.2335286
0.0530000 28.5023670
0.0540000 -35.5753632
0.0550000 -36.0657234
0.0560000 38.3255157
0.0570000 -8.1891136
0.0580000 10.2702112
0.0590000 60.1980362
0.0600000 -65.8430252
0.0610000 39.2387161
0.0620000 -18.5926991
0.0630000 9.9437590
0.0640000 -38.2276535
0.0650000 -32.7509766
0.0660000 -6.8527546
0.0670000 -47.4561310
0.0680000 -10.3516026
0.0690000 -31.2399921
0.0700000 56.0252457
0.0710000 -25.9446030
0.0720000 50.1690254
0.0730000 -2.0682480
0.0740000 -21.1571560
0.0750000 57.1894569
0.0760000 26.1471443
0.0770000 20.1519241
0.0780000 44.9454575
0.0790000 -1.0406332
0.0800000 16.1308784
0.0810000 38.3356476
0.0820000 -56.6011543
0.0830000 -11.6064777
0.0840000 -4.1519341
0.0850000 -53.5058060
0.0860000 -21.7174225
0.0870000 -12.8037128
0.0880000 -44.9389305
0.0890000 -8.1804743
0.0900000 -69.1161957
0.0910000 15.9804735
0.0920000 14.8177404
0.0930000 -41.3846512
0.0940000 -17.7259960
0.0950000 21.0229282
0.0960000 -18.9342384
0.0970000 24.6569843
0.0980000 -46.3140144
0.0990000 -49.3498802
0.1000000 -14.0337601
0.1010000 16.7190952
0.1020000 -14.9426289
0.1030000 18.1280022
0.1040000 12.2072258
0.1050000 -44.0398560
0.1060000 32.2851524
0.1070000 -9.6408968
0.1080000 16.8114357
0.1090000 -22.5371037
0.1100000 36.9409027
0.1110000 7.7461662
0.1120000 35.7977409
0.1130000 -19.1958027
0.1140000 -30.1544743
0.1150000 -19.2294006
0.1160000 76.9299011
0.1170000 -56.1652222
0.1180000 -33.6118393
0.1190000 11.9155130
0.1200000 -8.0806360
0.1210000 34.2434502
0.1220000 -87.0374451
0.1230000 8.5773697
0.1240000 15.1650391
0.1250000 -51.7510872
0.1260000 1.4627692
0.1270000 -20.1683369
0.1280000 -3.8064959
0.1290000 -9.9382563
0.1300000 5.7111001
0.1310000 11.3367910
0.1320000 100.5757904
0.1330000 -22.0611401
0.1340000 -25.6143837
0.1350000 11.4976168
0.1360000 -35.2520142
0.1370000 -23.4781380
0.1380000 58.7322922
0.1390000 9.3579779
0.1400000 23.7909298
0.1410000 31.2640591
0.1420000 -10.0727806
0.1430000 -21.6865559
0.1440000 21.2568607
0.1450000 -39.1966743
0.1460000 -11.9416151
0.1470000 20.9148731
0.1480000 -7.8785806
0.1490000 18.7940407
0.1500000 -39.8672905
0.1510000 -24.2882977
0.1520000 28.9375877
0.1530000 8.3244390
0.1540000 -58.2795181
0.1550000 -21.4605713
0.1560000 20.5373993
0.1570000 65.7181015
0.1580000 125.1321564
0.1590000 5.0051832
0.1600000 -3.2876146
0.1610000 5.3612599
0.1620000 -19.0607491
0.1630000 17.0035439
0.1640000 33.2001114
0.1650000 -49.0317535
0.1660000 5.8288164
0.1670000 17.6920166
0.1680000 27.2625427
0.1690000 8.3426676
0.1700000 0.8427571
0.1710000 48.0210457
0.1720000 -38.8391342
0.1730000 -71.2892456
0.1740000 -17.3068562
0.1750000 10.4805670
0.1760000 -14.7350979
0.1770000 -16.1231155
0.1780000 -23.4755211
0.1790000 -30.6479626
0.1800000 -40.1926804
0.1810000 9.6553211
0.1820000 -48.5130272
0.1830000 60.7749138
0.1840000 68.9714203
0.1850000 36.5836868
0.1860000 -33.6915855
0.1870000 -25.3812790
0.1880000 9.5129004
0.1890000 -36.4231606
0.1900000 -5.5020633
0.1910000 42.2144814
0.1920000 25.1159477
0.1930000 -25.6124344
0.1940000 58.9828453
0.1950000 47.1406937
0.1960000 -10.5364799
0.1970000 -31.2892017
0.1980000 -21.6324482
0.1990000 10.7746363
0.2000000 38.2514648
0.2010000 6.1951032
0.2020000 -22.6576290
0.2030000 29.7405930
0.2040000 2.4617038
0.2050000 -28.9628487
0.2060000 -2.9885900
0.2070000 30.7685776
0.2080000 -20.8978710
0.2090000 16.3075066
0.2100000 -22.9172630
0.2110000 -7.9288683
0.2120000 28.7111130
0.2130000 -0.1215665
0.2140000 -13.3124561
0.2150000 -11.3396702
0.2160000 -26.9077034
0.2170000 -5.7911615
0.2180000 -16.3733406
0.2190000 -49.0096054
0.2200000 56.0356407
0.2210000 10.1957932
0.2220000 -46.1784554
0.2230000 34.7901649
0.2240000 -18.0311565
0.2250000 38.2477417
0.2260000 73.6114120
0.2270000 -105.4596634
0.2280000 29.5488453
0.2290000 57.5470848
0.2300000 12.7793398
0.2310000 33.0633583
0.2320000 0.5226732
0.2330000 0.5568902
0.2340000 -30.1130829
0.2350000 -6.1362581
0.2360000 -14.2768145
0.2370000 -14.5980816
0.2380000 17.8801956
0.2390000 -7.8696384
0.2400000 -12.4902754
0.2410000 66.4363022
0.2420000 -8.0072222
0.2430000 -45.8424492
0.2440000 -22.9828148
0.2450000 13.7298126
0.2460000 39.5862198
0.2470000 56.1910477
0.2480000 -15.9479179
0.2490000 1.0098099
0.2500000 85.8651123
0.2510000 17.7909203
0.2520000 -15.6171637
0.2530000 3.3297350
0.2540000 15.3199625
0.2550000 7.1668096
0.2560000 -19.9294567
0.2570000 -66.0745850
0.2580000 -7.0330591
0.2590000 -18.8515549
0.2600000 -1.2734934
0.2610000 -45.2003746
0.2620000 -2.3135536
0.2630000 43.3625793
0.2640000 2.1544631
0.2650000 -23.5615864
0.2660000 -30.7482605
0.2670000 -6.7996812
0.2680000 55.1083755
0.2690000 -9.3803244
0.2700000 -99.7890930
0.2710000 -52.7450142
0.2720000 -28.9700527
0.2730000 -14.4966097
0.2740000 54.8151512
0.2750000 12.9956970
0.2760000 -44.8614807
0.2770000 5.8743267
0.2780000 24.8664989
0.2790000 29.1049843
0.2800000 -34.1384201
0.2810000 -21.9057693
0.2820000 2.4817033
0.2830000 59.5668373
0.2840000 -5.2694888
0.2850000 24.2349281
0.2860000 -12.0139236
0.2870000 42.8572807
0.2880000 -32.4559288
0.2890000 -2.8342462
0.2900000 -39.8219643
0.2910000 16.9958267
0.2920000 59.6736069
0.2930000 -23.9388943
0.2940000 -12.6485548
0.2950000 9.7124166
0.2960000 33.2656364
0.2970000 52.7670746
0.2980000 8.6215248
0.2990000 -83.1790619
0.3000000 -30.0196972
0.3010000 2.4239857
0.3020000 -23.0942230
0.3030000 -51.7711868
0.3040000 -24.5148335
0.3050000 -65.9172287
0.3060000 -17.7766609
0.3070000 -1.0629451
0.3080000 -7.2170420
0.3090000 23.6567516
0.3100000 35.6852798
0.3110000 -69.3042984
0.3120000 -49.0964584
0.3130000 60.3058586
0.3140000 12.3764067
0.3150000 16.9753227
0.3160000 36.6942863
0.3170000 -40.7353134
0.3180000 35.7576942
0.3190000 -59.7886581
0.3200000 34.7378311
0.3210000 14.2512922
0.3220000 -0.8430672
0.3230000 0.9832050
0.3240000 -38.6188698
0.3250000 -0.6239925
0.3260000 37.8927689
0.3270000 14.4980249
0.3280000 -29.3091488
0.3290000 8.4277525
0.3300000 4.2063942
0.3310000 51.4287605
0.3320000 -3.1519101
0.3330000 -5.6180162
0.3340000 -16.9708138
0.3350000 0.2599723
0.3360000 -13.2718639
0.3370000 5.2076592
0.3380000 -2.3076148
0.3390000 -13.8207998
0.3400000 46.6455269
0.3410000 39.6917229
0.3420000 17.8967133
0.3430000 -2.1721187
0.3440000 -67.2753983
0.3450000 1.8662596
0.3460000 -25.1480770
0.3470000 -14.1241970
0.3480000 -14.8201895
0.3490000 -1.6577641
0.3500000 3.1635609
0.3510000 0.3216767
0.3520000 -9.6572638
0.3530000 -7.4471073
0.3540000 -17.1855011
0.3550000 -19.7217731
0.3560000 40.8369102
0.3570000 -9.2487106
0.3580000 -35.5737915
0.3590000 20.6319389
0.3600000 40.8815842
0.3610000 -28.0720215
0.3620000 26.5938530
0.3630000 -25.6981544
0.3640000 -8.1482258
0.3650000 6.6964407
0.3660000 17.1591873
0.3670000 59.3594742
0.3680000 38.6058960
0.3690000 21.5477982
0.3700000 21.8932495
0.3710000 33.6135864
0.3720000 70.4120255
0.3730000 17.7137051
0.3740000 26.5843182
0.3750000 -26.3958054
0.3760000 -1.2236607
0.3770000 -55.0518341
0.3780000 -47.2852097
0.3790000 -70.6000824
0.3800000 -19.6029186
0.3810000 50.4869270
0.3820000 51.6249161
0.3830000 1.8352406
0.3840000 12.0684414
0.3850000 -7.9605231
0.3860000 -63.8817329
0.3870000 47.4555779
0.3880000 5.7946773
0.3890000 4.1314378
0.3900000 14.2447424
0.3910000 -56.5803452
0.3920000 -6.8863263
0.3930000 -24.9532833
0.3940000 -0.2459730
0.3950000 -28.9681492
0.3960000 -60.3294983
0.3970000 -27.1700191
0.3980000 -24.2962246
0.3990000 34.5578423
0.4000000 94.2498398
0.4010000 31.9594765
0.4020000 21.9053040
0.4030000 18.2140083
0.4040000 10.6068773
0.4050000 -44.9627457
0.4060000 -19.9490376
0.4070000 16.7934341
0.4080000 54.0935097
0.4090000 40.3170395
0.4100000 -62.5075150
0.4110000 -6.4791770
0.4120000 -25.6495399
0.4130000 -35.5147820
0.4140000 16.7702198
0.4150000 31.7392254
0.4160000 -38.6239891
0.4170000 -75.8018494
0.4180000 -21.3656063
0.4190000 -7.8915758
0.4200000 -8.0996161
0.4210000 26.4003296
0.4220000 15.7456598
0.4230000 -68.0565720
0.4240000 9.1780100
0.4250000 -68.8488770
0.4260000 -0.1914260
0.4270000 -44.5612030
0.4280000 10.1596117
0.4290000 15.6788263
0.4300000 36.1810951
0.4310000 -32.2665329
0.4320000 -5.1777344
0.4330000 10.7383347
0.4340000 19.0497456
0.4350000 2.7377074
0.4360000 -30.9457226
0.4370000 39.8974190
0.4380000 116.7541122
0.4390000 -16.5244694
0.4400000 53.3953362
0.4410000 3.1469419
0.4420000 -13.5987358
0.4430000 15.2401552
0.4440000 -50.7549553
0.4450000 -1.6362013
0.4460000 14.5148020
0.4470000 15.4999418
0.4480000 -13.3676815
0.4490000 13.9850645
0.4500000 13.5514498
0.4510000 -38.8256187
0.4520000 93.4339447
0.4530000 92.4034805
0.4540000 -35.7466698
0.4550000 -43.8381615
0.4560000 -38.3212433
0.4570000 -17.6090736
0.4580000 86.6541443
0.4590000 -51.2202454
0.4600000 -50.9615669
0.4610000 12.9161959
0.4620000 -15.7946739
0.4630000 53.8280792
0.4640000 -12.4582520
0.4650000 -42.7449226
0.4660000 -38.7435455
0.4670000 27.2638645
0.4680000 20.8416595
0.4690000 -8.6507988
0.4700000 -15.3766575
0.4710000 -52.5534439
0.4720000 14.1732082
0.4730000 34.6444511
0.4740000 -11.0250969
0.4750000 11.8519926
0.4760000 -5.3384461
0.4770000 -48.2370605
0.4780000 38.4967041
0.4790000 -9.8046865
0.4800000 42.5645218
0.4810000 -34.7081108
0.4820000 -22.5874214
0.4830000 28.4687977
0.4840000 11.4725161
0.4850000 -22.5840321
0.4860000 24.7505798
0.4870000 8.4919586
0.4880000 -38.0916557
0.4890000 4.9556370
0.4900000 -59.3880310
0.4910000 -8.2522087
0.4920000 19.5354977
0.4930000 12.1850071
0.4940000 12.7052441
0.4950000 -7.0258369
0.4960000 8.6257248
0.4970000 1.2097193
0.4980000 7.1393924
0.4990000 -68.5013733
0.5000000 7.7054195
0.5010000 -30.4495277
0.5020000 53.0401497
0.5030000 31.5260201
0.5040000 7.2891083
0.5050000 -15.9276562
0.5060000 -58.5617676
0.5070000 21.0097198
0.5080000 -6.4722142
0.5090000 41.7409325
0.5100000 44.9755669
0.5110000 -38.7714996
0.5120000 4.4450359
0.5130000 -23.7037716
0.5140000 18.9421215
0.5150000 62.1025963
0.5160000 -9.9177179
0.5170000 17.5359440
0.5180000 35.2938309
0.5190000 -0.3027900
0.5200000 -8.8346615
0.5210000 -27.5731583
0.5220000 17.2509689
0.5230000 24.3063412
0.5240000 47.4415894
0.5250000 27.7652950
0.5260000 26.3484612
0.5270000 47.0172958
0.5280000 -3.8368549
0.5290000 -23.8663826
0.5300000 -33.2421989
0.5310000 56.1265907
0.5320000 -4.1594400
0.5330000 65.3217621
0.5340000 39.1947746
0.5350000 -41.1302643
0.5360000 -9.1576347
0.5370000 -42.7145729
0.5380000 -1.0623627
0.5390000 -59.6349525
0.5400000 6.8065557
0.5410000 -48.2003822
0.5420000 4.7559381
0.5430000 5.2678018
0.5440000 47.3400917
0.5450000 26.3490086
0.5460000 42.6974831
0.5470000 -23.2816486
0.5480000 -29.5785999
0.5490000 -37.8879089
0.5500000 -20.4617214
0.5510000 -4.4147382
0.5520000 -9.5258703
0.5530000 -16.7441959
0.5540000 55.5196152
0.5550000 12.5414944
0.5560000 -47.7572594
0.5570000 -7.5668249
0.5580000 -36.1988335
0.5590000 23.2756214
0.5600000 9.1839619
0.5610000 -18.4634113
0.5620000 10.5548592
0.5630000 -22.3846760
0.5640000 -32.0891037
0.5650000 13.8385658
0.5660000 7.5559626
0.5670000 -8.8828926
0.5680000 55.6813965
0.5690000 24.9212265
0.5700000 -46.6726227
0.5710000 19.7537308
0.5720000 7.4062471
0.5730000 -11.7624922
0.5740000 13.7103271
0.5750000 -28.9332218
0.5760000 25.5713043
0.5770000 -12.7944279
0.5780000 -63.8871307
0.5790000 -71.5045395
0.5800000 -1.5835538
0.5810000 20.3159199
0.5820000 26.2317963
0.5830000 16.9510746
0.5840000 -16.2980995
0.5850000 -14.3426762
0.5860000 -18.8557796
0.5870000 -63.6773109
0.5880000 39.9198570
0.5890000 -34.7970161
0.5900000 -16.0975151
0.5910000 -48.7672768
0.5920000 27.1536255
0.5930000 27.9367237
0.5940000 24.6689148
0.5950000 14.1210337
0.5960000 3.8279729
0.5970000 3.7085106
0.5980000 15.6333361
0.5990000 57.1096611
0.6000000 11.0332003
0.6010000 -2.2683892
0.6020000 -53.1291428
0.6030000 40.7974586
0.6040000 36.1333160
0.6050000 -6.2599683
0.6060000 53.6549149
0.6070000 12.4891453
0.6080000 10.5823565
0.6090000 -8.4964476
0.6100000 35.1660652
0.6110000 -7.6051331
0.6120000 41.5157585
0.6130000 7.6718960
0.6140000 4.8638120
0.6150000 48.5153923
0.6160000 -2.0677249
0.6170000 -67.4107361
0.6180000 -19.6366787
0.6190000 -14.0006037
0.6200000 53.1364708
0.6210000 32.3668709
0.6220000 34.9028435
0.6230000 21.8940563
0.6240000 10.6041803
0.6250000 26.1401024
0.6260000 -4.9635897
0.6270000 40.4059868
0.6280000 3.8183339
0.6290000 5.6555023
0.6300000 27.7391911
0.6310000 0.5166778
0.6320000 -31.4325371
0.6330000 -5.6588626
0.6340000 -22.8265648
0.6350000 38.0114861
0.6360000 -21.4190254
0.6370000 55.8080864
0.6380000 -10.3269567
0.6390000 -13.8588877
0.6400000 28.8303356
0.6410000 40.6690140
0.6420000 4.7060575
0.6430000 -24.4347382
0.6440000 -85.3796921
0.6450000 -4.6889138
0.6460000 30.3915215
0.6470000 109.2050705
0.6480000 -11.9737797
0.6490000 -4.3612719
0.6500000 -41.4037819
0.6510000 -10.0993376
0.6520000 20.6600666
0.6530000 -22.4599590
0.6540000 25.8234425
0.6550000 -35.4394302
0.6560000 23.1917648
0.6570000 -22.6370888
0.6580000 -10.1165466
0.6590000 61.3002205
0.6600000 39.6677322
0.6610000 1.6161994
0.6620000 59.1577911
0.6630000 -45.6459312
0.6640000 8.5469790
0.6650000 43.7756538
0.6660000 -62.5857315
0.6670000 -60.3506889
0.6680000 -19.1856651
0.6690000 3.1401896
0.6700000 32.1630211
0.6710000 14.5524445
0.6720000 0.6393580
0.6730000 1.2925991
0.6740000 0.8338253
0.6750000 47.6531677
0.6760000 -35.9044724
0.6770000 49.0163994
0.6780000 44.2658577
0.6790000 -61.9043922
0.6800000 -75.4965286
0.6810000 -1.0905759
0.6820000 -7.1767182
0.6830000 -0.7842711
0.6840000 16.5475197
0.6850000 72.0732269
0.6860000 -0.8102311
0.6870000 -16.9738712
0.6880000 37.5950890
0.6890000 37.0179787
0.6900000 -26.0204029
0.6910000 24.1876926
0.6920000 -8.2789927
0.6930000 8.2917213
0.6940000 -43.9456215
0.6950000 -21.4407749
0.6960000 -70.0922775
0.6970000 54.0317268
0.6980000 -13.1807041
0.6990000 -56.7021942
0.7000000 10.6170492
0.7010000 36.7639427
0.7020000 -8.9840660
0.7030000 -27.9752674
0.7040000 -5.7170496
0.7050000 -21.3121166
0.7060000 1.2120465
0.7070000 20.5754662
0.7080000 4.0361180
0.7090000 -14.5362368
0.7100000 32.9860458
0.7110000 -14.8892202
0.7120000 9.8126583
0.7130000 -36.0972176
0.7140000 -2.9936271
0.7150000 20.0531712
0.7160000 49.1157150
0.7170000 -37.2873268
0.7180000 -17.0326595
0.7190000 9.1805496
0.7200000 11.0083780
0.7210000 -1.1059177
0.7220000 19.8773041
0.7230000 26.9637108
0.7240000 -57.3970757
0.7250000 3.7027557
0.7260000 -16.3156166
0.7270000 -9.3520565
0.7280000 52.3818474
0.7290000 68.5878067
0.7300000 24.2094746
0.7310000 29.9222736
0.7320000 70.1144791
0.7330000 -29.4249382
0.7340000 12.8678036
0.7350000 -44.7690506
0.7360000 -29.0942955
0.7370000 -24.9147835
0.7380000 46.4078712
0.7390000 44.4584045
0.7400000 0.6911240
0.7410000 -17.5214195
0.7420000 -1.6801732
0.7430000 -34.2634659
0.7440000 -35.7319984
0.7450000 37.6492958
0.7460000 -23.3071384
0.7470000 31.3017540
0.7480000 -6.6078162
0.7490000 -21.8037434
0.7500000 -50.0376587
0.7510000 22.5834293
0.7520000 -23.0469151
0.7530000 16.2798882
0.7540000 -26.9763584
0.7550000 -15.7014742
0.7560000 -64.8825302
0.7570000 -3.6884766
0.7580000 32.0001373
0.7590000 -19.3856964
0.7600000 0.8470779
0.7610000 -80.4460297
0.7620000 -2.2802830
0.7630000 -43.8336182
0.7640000 50.1025009
0.7650000 -11.0631571
0.7660000 11.1992865
0.7670000 -39.8455658
0.7680000 53.1840286
0.7690000 19.5706577
0.7700000 -20.8278332
0.7710000 14.4370794
0.7720000 35.6542206
0.7730000 12.4761887
0.7740000 -5.2657642
0.7750000 0.5463290
0.7760000 3.2478077
0.7770000 5.1550817
0.7780000 31.5878067
0.7790000 21.9298859
0.7800000 4.3473744
0.7810000 -6.1826286
0.7820000 -10.2990923
0.7830000 9.6514111
0.7840000 -20.2592907
0.7850000 -25.0368938
0.7860000 -8.2184486
0.7870000 4.7986622
0.7880000 -16.1464481
0.7890000 23.0475483
0.7900000 -77.7912903
0.7910000 -10.4681673
0.7920000 15.0188360
0.7930000 26.9161606
0.7940000 -2.8992503
0.7950000 41.2446404
0.7960000 13.2209330
0.7970000 -22.2334404
0.7980000 12.1085167
0.7990000 -34.0407715
0.8000000 -67.0814667
0.8010000 27.3118744
0.8020000 22.7763157
0.8030000 -23.6461124
0.8040000 -5.9452262
0.8050000 -51.9806824
0.8060000 -26.5351982
0.8070000 -15.5451012
0.8080000 -27.3806839
0.8090000 -30.4203548
0.8100000 13.9659243
0.8110000 0.5674033
0.8120000 19.8355808
0.8130000 2.3614216
0.8140000 -31.9446621
0.8150000 19.1570930
0.8160000 -37.9768257
0.8170000 7.2380705
0.8180000 46.6182976
0.8190000 45.8028069
0.8200000 -12.2427282
0.8210000 -36.5939827
0.8220000 -11.2519093
0.8230000 -6.9940033
0.8240000 -39.7285995
0.8250000 31.2849407
0.8260000 -16.2863560
0.8270000 24.2984924
0.8280000 -5.2642331
0.8290000 -6.0019884
0.8300000 32.0122147
0.8310000 -12.8896742
0.8320000 -9.5732250
0.8330000 -30.7444267
0.8340000 30.5486450
0.8350000 -35.6584930
0.8360000 -5.0676360
0.8370000 -18.1602840
0.8380000 -51.3272057
0.8390000 19.2458820
0.8400000 72.6302643
0.8410000 -4.5400877
0.8420000 -77.1363602
0.8430000 19.7980099
0.8440000 33.6536484
0.8450000 -34.1871681
0.8460000 115.8980865
0.8470000 -9.4484138
0.8480000 2.3409894
0.8490000 -46.2358513
0.8500000 -24.2601032
0.8510000 14.1116323
0.8520000 92.0130386
0.8530000 -6.6651373
0.8540000 12.3627949
0.8550000 3.7894847
0.8560000 5.0683794
0.8570000 0.8173665
0.8580000 44.6061478
0.8590000 -3.3473279
0.8600000 5.9818664
0.8610000 -27.2427235
0.8620000 29.3637638
0.8630000 -32.7987709
0.8640000 -27.4928455
0.8650000 28.5820007
0.8660000 -10.8118477
0.8670000 26.9711132
0.8680000 1.9824126
0.8690000 8.1349716
0.8700000 -10.0885210
0.8710000 -0.5113427
0.8720000 -74.0209427
0.8730000 17.9079361
0.8740000 35.7461548
0.8750000 -40.4820862
0.8760000 31.3605728
0.8770000 60.4951096
0.8780000 -1.5627760
0.8790000 7.4439640
0.8800000 -18.6965466
0.8810000 -29.9784641
0.8820000 53.3120461
0.8830000 -2.5798030
0.8840000 5.3558774
0.8850000 82.7939529
0.8860000 37.2066727
0.8870000 14.7329283
0.8880000 24.3536682
0.8890000 -24.1090355
0.8900000 60.6938782
0.8910000 5.8784509
0.8920000 -56.8407555
0.8930000 27.6556282
0.8940000 -57.5692940
0.8950000 -3.0133092
0.8960000 -3.0833700
0.8970000 3.6135263
0.8980000 -25.7218666
0.8990000 48.8241882
0.9000000 35.2716141
0.9010000 48.1938286
0.9020000 21.0490417
0.9030000 -7.2406449
0.9040000 23.4813156
0.9050000 -102.8285217
0.9060000 10.5728378
0.9070000 20.5368538
0.9080000 5.8373938
0.9090000 28.9385624
0.9100000 20.9252796
0.9110000 -3.0050995
0.9120000 -45.8558044
0.9130000 37.1658974
0.9140000 -21.3555813
0.9150000 -38.9518013
0.9160000 44.2372169
0.9170000 31.5687237
0.9180000 -15.9555578
0.9190000 -23.3037891
0.9200000 1.4610581
0.9210000 -25.5043736
0.9220000 -45.9869804
0.9230000 -6.1433344
0.9240000 18.9853096
0.9250000 5.8352208
0.9260000 2.7115502
0.9270000 43.2266045
0.9280000 -25.0537987
0.9290000 31.9167194
0.9300000 -12.0356922
0.9310000 44.7568016
0.9320000 -8.5809193
0.9330000 -14.8754988
0.9340000 -13.6921005
0.9350000 -12.4006920
0.9360000 -25.2821312
0.9370000 24.9697475
0.9380000 41.3630486
0.9390000 -27.4933395
0.9400000 46.3360901
0.9410000 54.3077965
0.9420000 -35.3634186
0.9430000 -27.6787834
0.9440000 43.0492363
0.9450000 -16.4172230
0.9460000 -71.1282730
0.9470000 4.7100253
0.9480000 49.9168625
0.9490000 -0.4332568
0.9500000 -4.1594520
0.9510000 -3.3079927
0.9520000 -8.3758507
0.9530000 -41.7492905
0.9540000 -4.0076046
0.9550000 57.2689247
0.9560000 -9.1038027
0.9570000 -10.2687988
0.9580000 -4.9661121
0.9590000 -18.5439014
0.9600000 1.0719746
0.9610000 67.5674896
0.9620000 24.4606323
0.9630000 -25.3308678
0.9640000 -31.9670582
0.9650000 -21.4227753
0.9660000 67.8529129
0.9670000 4.5737691
0.9680000 13.4132805
0.9690000 51.2884445
0.9700000 -27.1266727
0.9710000 -57.8434944
0.9720000 30.9842873
0.9730000 17.5846043
0.9740000 48.5351372
0.9750000 -20.7828159
0.9760000 -52.4871101
0.9770000 -6.2033253
0.9780000 -10.4275522
0.9790000 30.3889923
0.9800000 -24.1697235
0.9810000 -17.0023460
0.9820000 -8.6969538
0.9830000 -13.6201363
0.9840000 -33.8634262
0.9850000 -20.6548481
0.9860000 18.9058094
0.9870000 -7.9727783
0.9880000 -58.8377647
0.9890000 86.9449158
0.9900000 71.4096222
0.9910000 22.3383389
0.9920000 -47.6816139
0.9930000 -60.5681725
0.9940000 9.6326447
0.9950000 -0.2574218
0.9960000 -4.7162695
0.9970000 24.2843399
0.9980000 -4.7311096
0.9990000 5.1017556
