0.0000000 0.7366051
0.0010000 2.6759853
0.0020000 -5.2156534
0.0030000 54.2923546
0.0040000 40.4181938
0.0050000 -4.2517848
0.0060000 12.5812473
0.0070000 30.2420692
0.0080000 -65.6466599
0.0090000 69.6317673
0.0100000 43.8647919
0.0110000 23.1206360
0.0120000 -46.9307785
0.0130000 -33.8446922
0.0140000 -11.0358629
0.0150000 -43.2771034
0.0160000 40.6506348
0.0170000 -39.0380096
0.0180000 -9.3092289
0.0190000 25.0299664
0.0200000 -11.8747387
0.0210000 27.6154594
0.0220000 10.2248602
0.0230000 51.9112930
0.0240000 16.7290840
0.0250000 21.4799690
0.0260000 -75.2736511
0.0270000 38.5546379
0.0280000 56.3196259
0.0290000 -6.5965295
0.0300000 41.3332939
0.0310000 -34.7146149
0.0320000 -26.3070583
0.0330000 -53.5153351
0.0340000 78.3192215
0.0350000 17.4308548
0.0360000 5.7342062
0.0370000 47.2039261
0.0380000 3.4849415
0.0390000 12.2022581
0.0400000 19.1151924
0.0410000 -11.2907867
0.0420000 29.9904175
0.0430000 -23.7091904
0.0440000 17.4696789
0.0450000 48.1261368
0.0460000 -4.8583603
0.0470000 49.8913727
0.0480000 -27.5274162
0.0490000 70.8326111
0.0500000 -20.5107040
0.0510000 -29.8590984
0.0520000 24.1457119
0.0530000 -20.2212887
0.0540000 25.4339218
0.0550000 -48.3671188
0.0560000 -35.9752502
0.0570000 21.1882858
0.0580000 71.4950790
0.0590000 8.1705332
0.0600000 -99.2252655
0.0610000 12.1707821
0.0620000 -13.8648090
0.0630000 -30.7219906
0.0640000 -29.2673416
0.0650000 -32.8025093
0.0660000 -62.5127068
0.0670000 49.2032852
0.0680000 24.5539951
0.0690000 -27.7954369
0.0700000 -22.1732216
0.0710000 -66.3624268
0.0720000 -6.6163759
0.0730000 18.0286293
0.0740000 -7.3986173
0.0750000 -4.8664460
0.0760000 -65.5802460
0.0770000 25.4688721
0.0780000 18.2527065
0.0790000 22.3684006
0.0800000 -15.9526491
0.0810000 39.3394661
0.0820000 17.7392597
0.0830000 7.8519206
0.0840000 -4.1960769
0.0850000 55.2033043
0.0860000 -24.8926086
0.0870000 23.6415119
0.0880000 -52.7924042
0.0890000 15.3548584
0.0900000 56.0061340
0.0910000 -38.0967598
0.0920000 -47.6074905
0.0930000 -78.4981766
0.0940000 -45.8881302
0.0950000 23.6509209
0.0960000 14.2900181
0.0970000 19.9325161
0.0980000 28.3062840
0.0990000 -8.4098492
0.1000000 21.0978584
0.1010000 29.5982227
0.1020000 -28.5497036
0.1030000 -9.6373739
0.1040000 64.4700470
0.1050000 -9.3658667
0.1060000 -38.7346725
0.1070000 -38.9782562
0.1080000 -14.2395067
0.1090000 -34.6560936
0.1100000 -7.5645165
0.1110000 -1.8321180
0.1120000 -41.8134499
0.1130000 35.1929550
0.1140000 -2.0529623
0.1150000 0.2573300
0.1160000 49.2507858
0.1170000 42.3074875
0.1180000 12.9528275
0.1190000 8.9460545
0.1200000 -24.1239586
0.1210000 59.9148331
0.1220000 -44.5605125
0.1230000 -11.1991558
0.1240000 -40.3434639
0.1250000 0.5144792
0.1260000 -20.7719364
0.1270000 -36.3754463
0.1280000 -27.7526093
0.1290000 -40.7593269
0.1300000 -19.2718964
0.1310000 -37.1833382
0.1320000 20.0048714
0.1330000 5.9646869
0.1340000 6.3969140
0.1350000 -4.0088258
0.1360000 35.5716248
0.1370000 45.3463554
0.1380000 -2.9711709
0.1390000 54.4418526
0.1400000 88.3790665
0.1410000 -10.2883377
0.1420000 6.8967676
0.1430000 -5.9947276
0.1440000 0.6056962
0.1450000 -20.4368954
0.1460000 -45.4502487
0.1470000 52.0908051
0.1480000 0.4462556
0.1490000 -18.0753937
0.1500000 -49.0607834
0.1510000 -97.0270767
0.1520000 -12.7784443
0.1530000 15.7337637
0.1540000 50.9049950
0.1550000 57.0792503
0.1560000 7.0516963
0.1570000 30.9336643
0.1580000 11.8524523
0.1590000 -6.7013750
0.1600000 17.8734035
0.1610000 11.7643471
0.1620000 8.6782703
0.1630000 -7.6758475
0.1640000 36.7790298
0.1650000 9.0583611
0.1660000 75.2358704
0.1670000 -2.9872508
0.1680000 -10.8287563
0.1690000 3.1877942
0.1700000 -3.6654966
0.1710000 9.4456758
0.1720000 9.8898411
0.1730000 -49.7038956
0.1740000 26.0063572
0.1750000 -7.6008539
0.1760000 -33.0406570
0.1770000 27.1266785
0.1780000 -23.9501095
0.1790000 -13.8801336
0.1800000 -47.9887009
0.1810000 7.3678279
0.1820000 -23.2288780
0.1830000 -62.8277931
0.1840000 20.5097351
0.1850000 9.6787395
0.1860000 -14.4605656
0.1870000 -28.3148727
0.1880000 55.6363335
0.1890000 -4.3369951
0.1900000 32.5638504
0.1910000 -0.4296974
0.1920000 8.5663137
0.1930000 27.8797054
0.1940000 38.1247787
0.1950000 -32.2012978
0.1960000 -31.8502636
0.1970000 -34.5198555
0.1980000 15.5996218
0.1990000 26.6074181
0.2000000 -0.0551580
0.2010000 43.4198303
0.2020000 -42.9255295
0.2030000 19.3138218
0.2040000 18.1788197
0.2050000 -22.8201866
0.2060000 -6.2005229
0.2070000 46.0143242
0.2080000 24.9866791
0.2090000 -4.2167253
0.2100000 27.8313560
0.2110000 -70.4440765
0.2120000 -26.0154572
0.2130000 -10.1262379
0.2140000 -19.6066761
0.2150000 -8.3388948
0.2160000 -61.5014305
0.2170000 -5.1543651
0.2180000 -19.2021732
0.2190000 -31.0550652
0.2200000 27.9607544
0.2210000 67.7601776
0.2220000 -64.7876587
0.2230000 -6.7200584
0.2240000 -27.8980808
0.2250000 -12.2032223
0.2260000 -30.7945290
0.2270000 55.3199196
0.2280000 -18.7455082
0.2290000 -15.9145880
0.2300000 89.5322876
0.2310000 -28.2482052
0.2320000 24.0646992
0.2330000 -61.0534248
0.2340000 53.5656548
0.2350000 -24.9961586
0.2360000 22.0198441
0.2370000 -15.8070936
0.2380000 -15.6399660
0.2390000 -44.5779457
0.2400000 -9.3194056
0.2410000 22.3079929
0.2420000 17.0942230
0.2430000 10.0927486
0.2440000 20.0994892
0.2450000 16.2150917
0.2460000 53.3251076
0.2470000 8.3901129
0.2480000 -20.9264984
0.2490000 13.5081949
0.2500000 -53.7900772
0.2510000 1.5173874
0.2520000 -10.0385075
0.2530000 49.3287811
0.2540000 -16.8031197
0.2550000 -30.8741169
0.2560000 -76.4050827
0.2570000 -5.0910869
0.2580000 8.5928688
0.2590000 1.7059451
0.2600000 52.7851143
0.2610000 11.7158432
0.2620000 38.0722771
0.2630000 90.6850510
0.2640000 -4.4747095
0.2650000 22.6946430
0.2660000 -45.3222656
0.2670000 -68.3964462
0.2680000 -16.5826530
0.2690000 37.4874001
0.2700000 -15.2845383
0.2710000 -32.2863121
0.2720000 -6.8397312
0.2730000 31.6450844
0.2740000 50.8132935
0.2750000 39.0127029
0.2760000 0.5925044
0.2770000 40.1319389
0.2780000 -0.5433791
0.2790000 49.8472214
0.2800000 32.3292580
0.2810000 -15.9494677
0.2820000 25.7350998
0.2830000 13.7500248
0.2840000 38.4753227
0.2850000 -29.6177616
0.2860000 27.3527889
0.2870000 -18.5372391
0.2880000 32.8588448
0.2890000 67.7240982
0.2900000 13.3245058
0.2910000 -35.0863571
0.2920000 7.2689600
0.2930000 -45.7980042
0.2940000 29.7295113
0.2950000 55.1373367
0.2960000 -69.8199921
0.2970000 22.3281212
0.2980000 -29.6200218
0.2990000 11.5803766
0.3000000 -29.3744183
0.3010000 42.6413269
0.3020000 25.2408905
0.3030000 -16.2860146
0.3040000 -9.5666361
0.3050000 30.5926647
0.3060000 14.0456591
0.3070000 -47.3723030
0.3080000 60.3009415
0.3090000 55.5030022
0.3100000 32.9621124
0.3110000 24.5736217
0.3120000 -0.2659548
0.3130000 -55.6507721
0.3140000 6.7699456
0.3150000 -73.2385101
0.3160000 61.5065765
0.3170000 21.1003094
0.3180000 -3.8215184
0.3190000 55.2633514
0.3200000 14.2515001
0.3210000 89.9037399
0.3220000 10.6421022
0.3230000 -17.1518612
0.3240000 76.0819016
0.3250000 55.8454094
0.3260000 -24.2073460
0.3270000 -36.1070900
0.3280000 -29.6233177
0.3290000 -13.6571178
0.3300000 -21.2338428
0.3310000 -53.0400429
0.3320000 17.7182484
0.3330000 -54.9913940
0.3340000 -22.4771938
0.3350000 -16.4461670
0.3360000 33.3546295
0.3370000 -29.5540085
0.3380000 36.5379219
0.3390000 28.8365364
0.3400000 33.9158020
0.3410000 -52.0142479
0.3420000 7.8209319
0.3430000 -41.5111122
0.3440000 63.7441177
0.3450000 -3.3303361
0.3460000 -28.2187805
0.3470000 -30.9681568
0.3480000 13.0987377
0.3490000 52.8614922
0.3500000 -5.1241784
0.3510000 49.5356903
0.3520000 -26.4747982
0.3530000 -46.3631058
0.3540000 -42.0739021
0.3550000 -35.5351944
0.3560000 -6.7209449
0.3570000 15.8637133
0.3580000 -46.6991539
0.3590000 20.3635826
0.3600000 -31.9863930
0.3610000 -35.2794228
0.3620000 -46.4322777
0.3630000 -15.1611357
0.3640000 -43.2696114
0.3650000 -13.3211889
0.3660000 45.7915154
0.3670000 24.2889767
0.3680000 28.9298534
0.3690000 -88.6576767
0.3700000 -65.3286896
0.3710000 -10.7895622
0.3720000 16.0419006
0.3730000 -15.3097830
0.3740000 5.3823810
0.3750000 44.7196922
0.3760000 40.0527458
0.3770000 46.9214439
0.3780000 8.2463350
0.3790000 -21.7806396
0.3800000 13.3953218
0.3810000 52.5344620
0.3820000 -65.2229538
0.3830000 -28.0520287
0.3840000 -11.7082205
0.3850000 -19.3182678
0.3860000 29.6915150
0.3870000 59.5317001
0.3880000 -80.5730133
0.3890000 70.5057907
0.3900000 21.7304783
0.3910000 38.0061035
0.3920000 41.6983757
0.3930000 23.2675095
0.3940000 -38.4321213
0.3950000 20.4363689
0.3960000 26.2369137
0.3970000 17.9098282
0.3980000 -30.2894306
0.3990000 -73.6453552
0.4000000 35.1518745
0.4010000 -2.2588441
0.4020000 72.7125092
0.4030000 -37.0953217
0.4040000 30.6816998
0.4050000 -0.9540438
0.4060000 26.5957718
0.4070000 8.6220188
0.4080000 -4.0818038
0.4090000 27.5819588
0.4100000 49.9335327
0.4110000 16.1265373
0.4120000 -7.4907999
0.4130000 -68.6682358
0.4140000 -20.9248562
0.4150000 -19.3892326
0.4160000 17.0844650
0.4170000 -36.0832367
0.4180000 53.4165154
0.4190000 -22.2810574
0.4200000 -30.8872318
0.4210000 -20.8614216
0.4220000 -22.2356663
0.4230000 8.0550556
0.4240000 -9.3749180
0.4250000 30.5718040
0.4260000 26.1771774
0.4270000 -20.3889885
0.4280000 56.3641205
0.4290000 16.6939297
0.4300000 5.7306623
0.4310000 -8.3719931
0.4320000 45.0463829
0.4330000 10.1232796
0.4340000 -64.2784653
0.4350000 -4.2868180
0.4360000 -2.9447021
0.4370000 -1.8105679
0.4380000 32.1509399
0.4390000 -31.9936676
0.4400000 -17.0706482
0.4410000 9.8941832
0.4420000 -3.2339256
0.4430000 40.4789848
0.4440000 -20.0504112
0.4450000 22.8378048
0.4460000 -9.9820518
0.4470000 -1.3075311
0.4480000 61.9628906
0.4490000 -13.5482445
0.4500000 28.5097275
0.4510000 -5.6724157
0.4520000 12.6941891
0.4530000 -12.4089823
0.4540000 27.0238266
0.4550000 62.1475029
0.4560000 6.2152338
0.4570000 40.9174271
0.4580000 -47.3984489
0.4590000 -6.2544470
0.4600000 -33.0967522
0.4610000 -4.4390464
0.4620000 7.7949305
0.4630000 6.4203477
0.4640000 12.9632788
0.4650000 7.3603501
0.4660000 47.9478226
0.4670000 7.4846945
0.4680000 5.6035252
0.4690000 -13.3739319
0.4700000 -10.0510883
0.4710000 56.6901588
0.4720000 33.5965805
0.4730000 -17.2984333
0.4740000 -2.8763587
0.4750000 -55.1099396
0.4760000 1.6219438
0.4770000 -21.5067978
0.4780000 -18.5030041
0.4790000 -25.1314583
0.4800000 35.3738594
0.4810000 7.2526956
0.4820000 -19.6914749
0.4830000 49.6573296
0.4840000 -17.9656372
0.4850000 -36.9041100
0.4860000 -4.6985388
0.4870000 -11.6469479
0.4880000 -5.4212999
0.4890000 -47.6721382
0.4900000 19.5505314
0.4910000 12.9175053
0.4920000 -75.1978912
0.4930000 47.3725700
0.4940000 37.7251053
0.4950000 -20.8728638
0.4960000 -2.9147973
0.4970000 -55.2244568
0.4980000 -2.3688431
0.4990000 34.9525948
0.5000000 -39.5522919
0.5010000 -32.1435242
0.5020000 6.2804708
0.5030000 41.8047523
0.5040000 66.2661362
0.5050000 10.2401581
0.5060000 61.0508881
0.5070000 20.7496948
0.5080000 11.9418430
0.5090000 -3.9842463
0.5100000 -23.9323063
0.5110000 14.3142691
0.5120000 -1.1223164
0.5130000 -25.7823219
0.5140000 -12.1431217
0.5150000 32.6133461
0.5160000 32.2113533
0.5170000 -38.4285355
0.5180000 41.1858978
0.5190000 22.6814861
0.5200000 -35.8868713
0.5210000 -35.2405434
0.5220000 15.1675692
0.5230000 -31.9293880
0.5240000 -54.9278030
0.5250000 10.4063625
0.5260000 12.8104887
0.5270000 18.8814697
0.5280000 -12.0419655
0.5290000 12.3050632
0.5300000 -7.0324965
0.5310000 -22.3193359
0.5320000 48.8725586
0.5330000 60.7565269
0.5340000 91.3588562
0.5350000 23.3700562
0.5360000 -39.3560791
0.5370000 14.6007414
0.5380000 65.4980087
0.5390000 61.2602272
0.5400000 55.4366379
0.5410000 8.5390539
0.5420000 64.4608612
0.5430000 7.1336260
0.5440000 -11.2223282
0.5450000 -35.5606232
0.5460000 21.8688240
0.5470000 -4.4406347
0.5480000 -12.7526388
0.5490000 24.9404507
0.5500000 -74.4293518
0.5510000 16.2310314
0.5520000 58.5651093
0.5530000 -6.1643748
0.5540000 11.7661924
0.5550000 -23.5490227
0.5560000 -27.1409969
0.5570000 36.4760132
0.5580000 -26.0673294
0.5590000 64.5933533
0.5600000 -0.2550859
0.5610000 14.8706264
0.5620000 22.3528137
0.5630000 16.8568192
0.5640000 -48.7730980
0.5650000 30.4243317
0.5660000 12.1676598
0.5670000 4.4280105
0.5680000 -42.1208076
0.5690000 14.6297674
0.5700000 -7.6687102
0.5710000 3.9372191
0.5720000 -3.5874572
0.5730000 -31.7656288
0.5740000 -10.5945625
0.5750000 -14.3914251
0.5760000 42.4297562
0.5770000 22.7616558
0.5780000 11.9976902
0.5790000 -2.9334500
0.5800000 10.1453800
0.5810000 9.2241821
0.5820000 -31.6745758
0.5830000 -9.5744352
0.5840000 12.6452971
0.5850000 -29.3013363
0.5860000 69.7225876
0.5870000 -46.2940750
0.5880000 14.8558092
0.5890000 9.6123724
0.5900000 -16.7209511
0.5910000 46.5436249
0.5920000 8.3846655
0.5930000 3.7569892
0.5940000 37.4852676
0.5950000 12.1166611
0.5960000 16.2862473
0.5970000 -53.1275711
0.5980000 20.4971905
0.5990000 8.0700102
0.6000000 -46.4175301
0.6010000 -13.5155945
0.6020000 11.5133295
0.6030000 73.1717834
0.6040000 18.4956207
0.6050000 31.2827339
0.6060000 22.6605911
0.6070000 32.0714836
0.6080000 44.0417633
0.6090000 86.4875259
0.6100000 -0.1320871
0.6110000 24.8091030
0.6120000 43.0526848
0.6130000 -11.7212467
0.6140000 20.7329483
0.6150000 -32.0462379
0.6160000 -33.3104668
0.6170000 25.9635086
0.6180000 12.5071373
0.6190000 -53.7356682
0.6200000 38.3028336
0.6210000 7.6271744
0.6220000 -4.1881123
0.6230000 -41.1025124
0.6240000 0.2906969
0.6250000 9.8064651
0.6260000 3.5236061
0.6270000 3.4895396
0.6280000 -17.1480293
0.6290000 18.7960892
0.6300000 -25.0714760
0.6310000 -64.6261368
0.6320000 -48.8073959
0.6330000 0.2153471
0.6340000 -41.5063972
0.6350000 40.0245972
0.6360000 -10.4293308
0.6370000 -12.8140497
0.6380000 34.5785408
0.6390000 -55.4670258
0.6400000 3.8523009
0.6410000 84.7361145
0.6420000 4.2715149
0.6430000 -9.5714083
0.6440000 -23.0806484
0.6450000 -29.9668980
0.6460000 -6.2447658
0.6470000 2.6276946
0.6480000 42.2169800
0.6490000 9.7606258
0.6500000 42.9375648
0.6510000 21.1728382
0.6520000 -0.1349551
0.6530000 -51.2686539
0.6540000 59.1424446
0.6550000 6.3726606
0.6560000 29.4643612
0.6570000 -37.6627045
0.6580000 9.9504805
0.6590000 -16.8968792
0.6600000 -10.8603077
0.6610000 -14.3245888
0.6620000 -51.6511078
0.6630000 -17.2616825
0.6640000 -16.2617550
0.6650000 -2.7263989
0.6660000 -25.8983059
0.6670000 4.5483451
0.6680000 -30.2445488
0.6690000 -8.2476358
0.6700000 55.2389526
0.6710000 -60.5641098
0.6720000 77.7341919
0.6730000 43.7037125
0.6740000 46.0486107
0.6750000 11.0378704
0.6760000 2.0186279
0.6770000 -45.4510231
0.6780000 -35.2991371
0.6790000 -68.0921173
0.6800000 46.0652618
0.6810000 -2.4891255
0.6820000 20.8058567
0.6830000 -3.1930382
0.6840000 -35.7856712
0.6850000 15.5223074
0.6860000 -19.6341705
0.6870000 -4.1813283
0.6880000 58.7836952
0.6890000 -24.7814636
0.6900000 -38.2608299
0.6910000 40.2854691
0.6920000 11.9920492
0.6930000 -11.8900614
0.6940000 -39.9593010
0.6950000 22.8885002
0.6960000 -54.3967056
0.6970000 17.8628464
0.6980000 6.8636322
0.6990000 -15.7454557
0.7000000 -12.9211950
0.7010000 22.6947632
0.7020000 -3.6467183
0.7030000 -1.3898705
0.7040000 32.4504395
0.7050000 16.2200737
0.7060000 11.1668739
0.7070000 3.1794958
0.7080000 7.6274810
0.7090000 78.6330185
0.7100000 -3.6105633
0.7110000 -31.2847137
0.7120000 7.7426553
0.7130000 51.6920395
0.7140000 -89.9781647
0.7150000 -58.2181931
0.7160000 -85.5795822
0.7170000 20.8294392
0.7180000 -2.1424859
0.7190000 -30.7975140
0.7200000 9.2591143
0.7210000 -57.3723793
0.7220000 63.7693520
0.7230000 11.4962368
0.7240000 -28.0057430
0.7250000 40.2448273
0.7260000 -33.9101334
0.7270000 -12.4028873
0.7280000 -40.0483017
0.7290000 -32.4595642
0.7300000 61.5083885
0.7310000 30.0768375
0.7320000 -29.0167999
0.7330000 9.4497042
0.7340000 -28.1193237
0.7350000 -9.3828287
0.7360000 -10.7029200
0.7370000 2.7070656
0.7380000 -10.6318159
0.7390000 3.5995591
0.7400000 38.2800713
0.7410000 -43.3228798
0.7420000 0.9531912
0.7430000 -24.2521782
0.7440000 -3.5038946
0.7450000 -35.9409523
0.7460000 -22.1229706
0.7470000 23.2001667
0.7480000 -60.7741776
0.7490000 40.7111397
0.7500000 35.5751648
0.7510000 39.9977150
0.7520000 6.2032952
0.7530000 60.6331635
0.7540000 25.5856590
0.7550000 -43.6005020
0.7560000 43.9405441
0.7570000 -15.7930479
0.7580000 -28.9135456
0.7590000 9.7916622
0.7600000 -2.8438516
0.7610000 30.9214058
0.7620000 -45.8632164
0.7630000 26.6068993
0.7640000 12.0484600
0.7650000 5.6175318
0.7660000 -6.2733850
0.7670000 -38.7979546
0.7680000 8.0505857
0.7690000 5.6249762
0.7700000 17.5549107
0.7710000 35.4405670
0.7720000 61.4027328
0.7730000 -28.8111420
0.7740000 19.8002014
0.7750000 39.9096031
0.7760000 73.7050018
0.7770000 33.5599403
0.7780000 26.1436443
0.7790000 19.7390022
0.7800000 -25.0003719
0.7810000 37.8102074
0.7820000 14.0355339
0.7830000 -90.4079819
0.7840000 24.2837105
0.7850000 -42.7543221
0.7860000 -13.3041286
0.7870000 16.8439560
0.7880000 28.2438030
0.7890000 -12.6416655
0.7900000 -10.6951056
0.7910000 -20.4766045
0.7920000 -34.5691528
0.7930000 47.2544785
0.7940000 -9.8467131
0.7950000 11.8143387
0.7960000 -3.3820720
0.7970000 -10.1830978
0.7980000 21.7086792
0.7990000 52.4576340
0.8000000 -16.1031456
0.8010000 13.3781395
0.8020000 63.4927483
0.8030000 48.2633667
0.8040000 -35.0202026
0.8050000 -23.9146957
0.8060000 -28.8829327
0.8070000 13.9247303
0.8080000 -36.7568665
0.8090000 69.2672348
0.8100000 37.6429672
0.8110000 -3.1606359
0.8120000 -54.1539078
0.8130000 16.0262508
0.8140000 61.9414558
0.8150000 43.8302917
0.8160000 51.6056747
0.8170000 -19.9898720
0.8180000 26.2551880
0.8190000 -0.6309771
0.8200000 13.0830603
0.8210000 2.6552916
0.8220000 54.7110901
0.8230000 -9.8436975
0.8240000 -16.3813019
0.8250000 -5.8346906
0.8260000 24.2123165
0.8270000 -34.3161507
0.8280000 33.3265572
0.8290000 -13.2570667
0.8300000 -60.3253059
0.8310000 16.4763889
0.8320000 -46.7979164
0.8330000 -4.0986991
0.8340000 52.3751869
0.8350000 14.4120789
0.8360000 -39.3535728
0.8370000 -19.9183960
0.8380000 -28.4705620
0.8390000 33.5483513
0.8400000 -42.6128273
0.8410000 -2.0759673
0.8420000 -9.7922049
0.8430000 2.5172954
0.8440000 -43.6693382
0.8450000 4.1654334
0.8460000 40.9734650
0.8470000 -8.7509012
0.8480000 -5.1657171
0.8490000 5.6031137
0.8500000 -60.6885033
0.8510000 -51.9810829
0.8520000 -55.6901512
0.8530000 28.1070499
0.8540000 -41.1731796
0.8550000 20.4315434
0.8560000 -17.8543491
0.8570000 -5.6529546
0.8580000 -15.0724955
0.8590000 30.7993698
0.8600000 22.2708225
0.8610000 -45.1187553
0.8620000 -27.0971718
0.8630000 -36.2057266
0.8640000 -38.1785393
0.8650000 4.8885908
0.8660000 -42.3878860
0.8670000 25.1364269
0.8680000 18.0505581
0.8690000 -35.8570251
0.8700000 -17.0262623
0.8710000 -0.8995768
0.8720000 -6.0372453
0.8730000 -18.9063015
0.8740000 8.0625048
0.8750000 -13.9983282
0.8760000 -2.6016688
0.8770000 2.0299344
0.8780000 34.1429977
0.8790000 -56.8081169
0.8800000 5.0894928
0.8810000 37.1872520
0.8820000 -20.5647163
0.8830000 -45.7659492
0.8840000 51.7347679
0.8850000 -6.0249033
0.8860000 -35.9233398
0.8870000 -32.4079666
0.8880000 -33.7852669
0.8890000 16.5549850
0.8900000 47.2572174
0.8910000 -55.7911835
0.8920000 15.1873331
0.8930000 44.6671333
0.8940000 -39.9099655
0.8950000 46.9531059
0.8960000 9.7024889
0.8970000 16.1157055
0.8980000 14.9276600
0.8990000 -47.3850136
0.9000000 13.6470480
0.9010000 15.8278723
0.9020000 38.5096855
0.9030000 79.7791977
0.9040000 -64.5902023
0.9050000 54.4760857
0.9060000 -49.3727036
0.9070000 -32.4608002
0.9080000 -0.8794591
0.9090000 -37.4104195
0.9100000 25.5895672
0.9110000 30.1790676
0.9120000 59.4311371
0.9130000 3.0909290
0.9140000 -30.4970665
0.9150000 45.5584564
0.9160000 -4.7710514
0.9170000 -40.9264069
0.9180000 10.9454374
0.9190000 88.7206268
0.9200000 -26.6232243
0.9210000 47.8437958
0.9220000 -93.1085281
0.9230000 -10.5336533
0.9240000 10.2499504
0.9250000 32.2023697
0.9260000 22.2729759
0.9270000 37.0030556
0.9280000 7.5116520
0.9290000 10.6713190
0.9300000 70.6647568
0.9310000 -15.5929317
0.9320000 -4.9075708
0.9330000 -54.2244453
0.9340000 -26.8747520
0.9350000 -54.3440742
0.9360000 25.0185070
0.9370000 18.6239357
0.9380000 -47.2288437
0.9390000 -9.3820753
0.9400000 15.4345036
0.9410000 9.9467087
0.9420000 17.7299252
0.9430000 -4.6392775
0.9440000 -50.1998520
0.9450000 -47.6489143
0.9460000 -10.9348621
0.9470000 -4.9411674
0.9480000 14.2648888
0.9490000 -73.1681671
0.9500000 -38.0386772
0.9510000 -34.4918098
0.9520000 62.7193642
0.9530000 14.3699627
0.9540000 -50.5321579
0.9550000 -9.3397694
0.9560000 -15.8214846
0.9570000 9.3262777
0.9580000 -3.6362805
0.9590000 -9.2919998
0.9600000 -62.9017105
0.9610000 48.4530334
0.9620000 -10.9178419
0.9630000 8.4822102
0.9640000 -15.0493355
0.9650000 -62.9574318
0.9660000 -46.2523422
0.9670000 12.7875271
0.9680000 28.0827427
0.9690000 31.7563705
0.9700000 33.8191643
0.9710000 -20.4346943
0.9720000 -20.1042557
0.9730000 44.8898544
0.9740000 44.5039749
0.9750000 -3.5069115
0.9760000 -13.5238495
0.9770000 26.2318287
0.9780000 -37.2467880
0.9790000 47.6800270
0.9800000 42.1058846
0.9810000 8.0519896
0.9820000 -5.1167026
0.9830000 45.2030945
0.9840000 58.6358147
0.9850000 -53.4534454
0.9860000 -60.7821350
0.9870000 17.7992039
0.9880000 34.9804001
0.9890000 7.5681372
0.9900000 66.6952820
0.9910000 0.1134447
0.9920000 7.1364698
0.9930000 22.4839478
0.9940000 12.8970490
0.9950000 -47.4527168
0.9960000 -16.6162872
0.9970000 20.9977913
0.9980000 43.2775421
0.9990000 -53.6507683
