0.0000000 16.6799908
0.0010000 59.7888069
0.0020000 -18.1381683
0.0030000 -2.2692597
0.0040000 45.6752129
0.0050000 10.3890991
0.0060000 20.4062386
0.0070000 17.8334923
0.0080000 14.1040831
0.0090000 33.8069000
0.0100000 1.6696022
0.0110000 21.4963531
0.0120000 -4.3725266
0.0130000 -0.3109555
0.0140000 73.1066437
0.0150000 -64.5869370
0.0160000 -12.8390503
0.0170000 -0.8993684
0.0180000 -25.1027679
0.0190000 4.8759332
0.0200000 -58.1832275
0.0210000 3.4420457
0.0220000 -39.4870987
0.0230000 -43.9733658
0.0240000 3.9173703
0.0250000 -56.0384254
0.0260000 -59.3943062
0.0270000 -7.5564842
0.0280000 -53.1473427
0.0290000 49.4893456
0.0300000 -3.1736383
0.0310000 52.8691597
0.0320000 12.1469393
0.0330000 42.5231476
0.0340000 75.2840118
0.0350000 26.3516750
0.0360000 -8.1290627
0.0370000 14.7204494
0.0380000 27.3923435
0.0390000 1.7556013
0.0400000 37.1329880
0.0410000 29.5319099
0.0420000 -47.4298134
0.0430000 7.1799245
0.0440000 -44.1300049
0.0450000 -12.3540659
0.0460000 -14.5698004
0.0470000 -37.2654533
0.0480000 -26.1951847
0.0490000 12.6042242
0.0500000 64.1130981
0.0510000 17.6187038
0.0520000 -5.8533196
0.0530000 -11.8429527
0.0540000 29.2519493
0.0550000 -15.6591558
0.0560000 31.1013527
0.0570000 -57.1022949
0.0580000 31.6293392
0.0590000 -54.9086418
0.0600000 56.2998581
0.0610000 -21.5486679
0.0620000 -40.5673065
0.0630000 -25.4893646
0.0640000 9.6207027
0.0650000 -29.3417225
0.0660000 43.8090935
0.0670000 -31.3072224
0.0680000 12.0555573
0.0690000 39.1089783
0.0700000 -59.2286263
0.0710000 10.3246698
0.0720000 -18.1127968
0.0730000 26.2248650
0.0740000 -73.3157730
0.0750000 36.7388382
0.0760000 -13.7571154
0.0770000 53.3440475
0.0780000 -25.3802528
0.0790000 54.3418884
0.0800000 44.3842773
0.0810000 -4.6645036
0.0820000 18.1536732
0.0830000 5.2681723
0.0840000 -78.2831039
0.0850000 19.2757397
0.0860000 111.6669312
0.0870000 -23.9777966
0.0880000 11.5798931
0.0890000 62.1427917
0.0900000 72.5496521
0.0910000 -66.5851440
0.0920000 71.5258408
0.0930000 4.0080132
0.0940000 74.7709198
0.0950000 -0.7748196
0.0960000 -0.6675966
0.0970000 -5.0952125
0.0980000 10.7917547
0.0990000 20.2908535
0.1000000 -7.4495020
0.1010000 -20.3650169
0.1020000 -47.4745064
0.1030000 38.5462112
0.1040000 -3.4350874
0.1050000 35.8534241
0.1060000 -9.2890177
0.1070000 -3.6097093
0.1080000 27.6188774
0.1090000 -44.1799088
0.1100000 -10.0953455
0.1110000 -13.1343412
0.1120000 -35.5364876
0.1130000 -14.1009645
0.1140000 16.1626472
0.1150000 -52.7265854
0.1160000 -47.6685791
0.1170000 -15.8544531
0.1180000 23.6048756
0.1190000 -19.2860622
0.1200000 -50.3801613
0.1210000 -7.2377057
0.1220000 76.5675583
0.1230000 -12.0767078
0.1240000 26.0982418
0.1250000 33.6024857
0.1260000 -23.7516537
0.1270000 71.9660950
0.1280000 60.1411591
0.1290000 -0.9246535
0.1300000 36.4864235
0.1310000 57.7082977
0.1320000 43.3862381
0.1330000 -35.2158432
0.1340000 -45.9024811
0.1350000 20.5075512
0.1360000 29.0981369
0.1370000 6.5868425
0.1380000 17.1045380
0.1390000 18.4283524
0.1400000 29.4565754
0.1410000 21.2028065
0.1420000 -3.7780128
0.1430000 52.3460503
0.1440000 -30.1723270
0.1450000 36.6499748
0.1460000 -26.8087883
0.1470000 54.8513412
0.1480000 -5.4465718
0.1490000 -77.9997482
0.1500000 -34.4634972
0.1510000 5.1684589
0.1520000 -17.0450764
0.1530000 -24.4782810
0.1540000 -1.8158941
0.1550000 43.7878952
0.1560000 35.2526894
0.1570000 -14.5192356
0.1580000 -5.0195794
0.1590000 5.6436825
0.1600000 0.9018793
0.1610000 -47.4611855
0.1620000 0.2287062
0.1630000 -27.4754696
0.1640000 -0.7032001
0.1650000 41.1642265
0.1660000 -56.8317261
0.1670000 -44.6525192
0.1680000 5.1008325
0.1690000 -20.5480309
0.1700000 -42.8078842
0.1710000 25.1947460
0.1720000 78.1748581
0.1730000 0.9883105
0.1740000 -27.7001572
0.1750000 15.4125681
0.1760000 17.4111805
0.1770000 29.9846287
0.1780000 -21.4056702
0.1790000 -38.4421005
0.1800000 28.6587238
0.1810000 28.2743206
0.1820000 20.9568233
0.1830000 9.9790325
0.1840000 -0.4627187
0.1850000 -0.4712860
0.1860000 -37.0133018
0.1870000 27.1879139
0.1880000 -13.3045006
0.1890000 -22.1996727
0.1900000 17.0035954
0.1910000 12.0056162
0.1920000 23.3052578
0.1930000 13.9952803
0.1940000 -18.3812752
0.1950000 -55.5713196
0.1960000 11.2247152
0.1970000 83.9246292
0.1980000 -16.7825661
0.1990000 -7.0952153
0.2000000 -10.6392298
0.2010000 -36.5240097
0.2020000 -17.0478954
0.2030000 3.3696184
0.2040000 23.7359943
0.2050000 5.0101132
0.2060000 -5.4544606
0.2070000 -40.0926399
0.2080000 46.0239754
0.2090000 1.0100665
0.2100000 55.9895287
0.2110000 -25.8974152
0.2120000 27.4351425
0.2130000 -59.7808952
0.2140000 32.1813011
0.2150000 -7.0788374
0.2160000 44.0964508
0.2170000 1.9646161
0.2180000 8.5231476
0.2190000 -18.3764133
0.2200000 -17.1559715
0.2210000 -11.0479946
0.2220000 -40.0899734
0.2230000 11.6751451
0.2240000 -72.6208572
0.2250000 17.3744640
0.2260000 22.1119976
0.2270000 -22.7035675
0.2280000 -36.8294487
0.2290000 -10.2027855
0.2300000 -4.6089721
0.2310000 22.0187683
0.2320000 -11.6782732
0.2330000 64.7279739
0.2340000 38.2421036
0.2350000 -42.3133545
0.2360000 -47.5223923
0.2370000 -14.5958338
0.2380000 -27.0651035
0.2390000 15.5460415
0.2400000 -26.1921997
0.2410000 -6.3823147
0.2420000 -9.2015057
0.2430000 74.2398071
0.2440000 20.7154255
0.2450000 1.5570785
0.2460000 -23.3494930
0.2470000 -22.5119858
0.2480000 -27.5628128
0.2490000 -0.1449859
0.2500000 -0.4764751
0.2510000 -33.4063225
0.2520000 21.5275173
0.2530000 9.1259642
0.2540000 59.1631279
0.2550000 -36.1692390
0.2560000 33.8392220
0.2570000 35.3685188
0.2580000 23.4805412
0.2590000 1.7442719
0.2600000 -51.1285858
0.2610000 6.7890701
0.2620000 -95.0490646
0.2630000 -34.3541679
0.2640000 -21.5531979
0.2650000 -6.3794098
0.2660000 19.8499966
0.2670000 -7.1199203
0.2680000 26.1357803
0.2690000 -50.8911057
0.2700000 12.7629547
0.2710000 16.8252201
0.2720000 -50.4228668
0.2730000 -23.6833401
0.2740000 5.4508290
0.2750000 -44.9527435
0.2760000 -15.3296680
0.2770000 33.2796516
0.2780000 64.3403320
0.2790000 -11.7152748
0.2800000 25.1770248
0.2810000 -4.6506000
0.2820000 61.0212936
0.2830000 21.5835171
0.2840000 1.8789039
0.2850000 -29.0714874
0.2860000 -28.4024677
0.2870000 43.4805984
0.2880000 19.5104542
0.2890000 49.5968742
0.2900000 -26.0647583
0.2910000 -10.7944603
0.2920000 -40.3888817
0.2930000 16.9553604
0.2940000 -61.7514801
0.2950000 13.1167688
0.2960000 -45.0519180
0.2970000 -80.0775452
0.2980000 -21.4865398
0.2990000 65.6600876
0.3000000 28.6966152
0.3010000 -17.6669502
0.3020000 10.1760712
0.3030000 9.4422550
0.3040000 -42.8492622
0.3050000 -23.1836033
0.3060000 -37.9360352
0.3070000 20.3180637
0.3080000 109.1757355
0.3090000 24.7877789
0.3100000 16.0804844
0.3110000 24.4250698
0.3120000 35.8586960
0.3130000 -2.0894668
0.3140000 -18.2775402
0.3150000 -56.4006729
0.3160000 21.4830379
0.3170000 22.0432777
0.3180000 5.1129985
0.3190000 -12.1676216
0.3200000 -27.9126511
0.3210000 6.8972206
0.3220000 -52.2587204
0.3230000 3.6793716
0.3240000 -44.2474518
0.3250000 -28.2982674
0.3260000 41.9784470
0.3270000 -65.9091034
0.3280000 -12.3327007
0.3290000 -5.8654160
0.3300000 28.1944809
0.3310000 -9.6876850
0.3320000 75.2099152
0.3330000 -21.7349262
0.3340000 -38.3701668
0.3350000 -13.6777287
0.3360000 -7.2658539
0.3370000 -23.3899040
0.3380000 29.6344814
0.3390000 19.9764080
0.3400000 -48.3908157
0.3410000 9.9748669
0.3420000 2.5574045
0.3430000 49.6722107
0.3440000 -50.0185204
0.3450000 -19.5610027
0.3460000 -23.1954670
0.3470000 -28.4786930
0.3480000 20.5411510
0.3490000 -79.8647232
0.3500000 -43.5306549
0.3510000 -0.3663871
0.3520000 -9.1534872
0.3530000 -34.4430122
0.3540000 43.4314079
0.3550000 -0.6066940
0.3560000 -10.7212553
0.3570000 -26.0412807
0.3580000 -3.4467444
0.3590000 -46.1552811
0.3600000 -14.5527706
0.3610000 -36.6246605
0.3620000 2.0457714
0.3630000 8.4309053
0.3640000 57.4820213
0.3650000 -44.6295280
0.3660000 -55.4343605
0.3670000 -16.5377808
0.3680000 34.5430756
0.3690000 31.0289040
0.3700000 -56.2271690
0.3710000 -3.2245686
0.3720000 -76.8039780
0.3730000 9.8942175
0.3740000 -1.1890104
0.3750000 -33.7334633
0.3760000 -41.1541214
0.3770000 -32.2896538
0.3780000 19.9057198
0.3790000 -34.0632553
0.3800000 73.3702087
0.3810000 48.2088852
0.3820000 -48.4890251
0.3830000 -24.6617832
0.3840000 25.2421284
0.3850000 -29.2360992
0.3860000 -54.2825394
0.3870000 -37.2756691
0.3880000 0.5370373
0.3890000 33.1956482
0.3900000 66.9744873
0.3910000 67.2662811
0.3920000 -40.3484535
0.3930000 -2.2534697
0.3940000 27.3484001
0.3950000 14.6860666
0.3960000 -1.2813305
0.3970000 -17.8318787
0.3980000 -54.7356911
0.3990000 47.7376747
0.4000000 57.0431061
0.4010000 29.1836376
0.4020000 44.5078621
0.4030000 5.9172168
0.4040000 21.7830944
0.4050000 10.5330820
0.4060000 -16.7362366
0.4070000 0.9669547
0.4080000 63.2076836
0.4090000 -2.8304930
0.4100000 48.1234245
0.4110000 18.2489071
0.4120000 -88.6430283
0.4130000 -16.5301895
0.4140000 28.4036236
0.4150000 40.9754448
0.4160000 -9.7011003
0.4170000 -30.6778660
0.4180000 -12.7081308
0.4190000 38.8876419
0.4200000 -6.5249577
0.4210000 21.6080589
0.4220000 -7.0488315
0.4230000 7.1956358
0.4240000 15.4209385
0.4250000 -99.1905060
0.4260000 4.0504160
0.4270000 5.1187019
0.4280000 -28.2508869
0.4290000 -20.6626472
0.4300000 13.9027605
0.4310000 74.9742661
0.4320000 -37.7887344
0.4330000 32.1192398
0.4340000 -25.5586720
0.4350000 -34.9545288
0.4360000 9.4841986
0.4370000 -15.4941778
0.4380000 -28.6582661
0.4390000 -43.8721085
0.4400000 63.0971146
0.4410000 -52.8543434
0.4420000 23.8569336
0.4430000 -2.1326356
0.4440000 -17.3431454
0.4450000 10.9066401
0.4460000 21.7314854
0.4470000 29.9990196
0.4480000 -18.8739777
0.4490000 29.0301266
0.4500000 -6.6292291
0.4510000 45.9285622
0.4520000 40.1135635
0.4530000 12.4575777
0.4540000 -41.9538612
0.4550000 -52.0924301
0.4560000 29.6379490
0.4570000 -6.5577493
0.4580000 -19.8226776
0.4590000 -50.8597488
0.4600000 -20.3934002
0.4610000 -23.3633404
0.4620000 -1.4472646
0.4630000 26.4273930
0.4640000 -20.0860348
0.4650000 6.0658565
0.4660000 13.8171959
0.4670000 -35.3240776
0.4680000 -21.9981403
0.4690000 24.7246037
0.4700000 35.9018898
0.4710000 32.8246841
0.4720000 -55.3635445
0.4730000 -27.8002319
0.4740000 7.7800751
0.4750000 -38.7582893
0.4760000 15.8577690
0.4770000 -44.6299362
0.4780000 29.8661213
0.4790000 -4.7482786
0.4800000 -27.6822529
0.4810000 45.2910271
0.4820000 43.4844360
0.4830000 19.9793949
0.4840000 -29.0322762
0.4850000 -26.6567192
0.4860000 -6.0837736
0.4870000 -44.3015671
0.4880000 -17.0453892
0.4890000 -28.0671520
0.4900000 60.2246933
0.4910000 55.3487358
0.4920000 5.5869331
0.4930000 -62.9093742
0.4940000 47.3895721
0.4950000 -39.0358620
0.4960000 83.0225983
0.4970000 20.9105682
0.4980000 47.2198524
0.4990000 -5.4703965
0.5000000 32.4423676
0.5010000 16.3039227
0.5020000 -18.4494915
0.5030000 10.2270031
0.5040000 14.7261505
0.5050000 -53.6235161
0.5060000 78.9619522
0.5070000 -10.3424044
0.5080000 60.2405663
0.5090000 -47.0541191
0.5100000 16.9593410
0.5110000 -25.9752636
0.5120000 37.7581367
0.5130000 44.3566742
0.5140000 3.2700803
0.5150000 21.4908657
0.5160000 -25.2709274
0.5170000 -9.8595476
0.5180000 3.2687356
0.5190000 -49.8406067
0.5200000 23.1349354
0.5210000 18.7101154
0.5220000 11.4130611
0.5230000 -23.4283314
0.5240000 -9.6606359
0.5250000 -19.5548916
0.5260000 -6.9322410
0.5270000 7.9164448
0.5280000 -58.1544189
0.5290000 57.2497520
0.5300000 42.3893394
0.5310000 25.5008698
0.5320000 -7.6620088
0.5330000 21.9973354
0.5340000 -54.5841560
0.5350000 -20.0601826
0.5360000 -3.8335190
0.5370000 5.0602350
0.5380000 -40.2617989
0.5390000 15.1202841
0.5400000 18.0563316
0.5410000 27.1356506
0.5420000 30.0818233
0.5430000 44.2820129
0.5440000 8.7338924
0.5450000 -31.1864262
0.5460000 -16.4347401
0.5470000 14.9152536
0.5480000 28.0777206
0.5490000 -7.3931551
0.5500000 -36.6582565
0.5510000 -18.2817116
0.5520000 54.6850204
0.5530000 -16.4867115
0.5540000 77.8534851
0.5550000 10.4021111
0.5560000 -6.7737050
0.5570000 -24.3336372
0.5580000 -36.4935112
0.5590000 13.0143328
0.5600000 -14.8873196
0.5610000 -17.3443527
0.5620000 1.1832919
0.5630000 15.0065031
0.5640000 1.0156479
0.5650000 -16.6592426
0.5660000 -74.4406509
0.5670000 -13.8916502
0.5680000 -1.7243211
0.5690000 -0.4889099
0.5700000 -33.1218567
0.5710000 -59.9363594
0.5720000 17.3027000
0.5730000 -17.9498825
0.5740000 20.3144741
0.5750000 -29.2083969
0.5760000 -16.1314621
0.5770000 -22.3751774
0.5780000 47.1156349
0.5790000 1.7110221
0.5800000 -38.7151794
0.5810000 3.3589849
0.5820000 -21.9378357
0.5830000 22.3604088
0.5840000 -27.0216198
0.5850000 -66.1407013
0.5860000 -66.2191162
0.5870000 -37.5225372
0.5880000 -122.6054840
0.5890000 -55.1689568
0.5900000 -2.0384755
0.5910000 -43.8546371
0.5920000 34.0140114
0.5930000 2.5888042
0.5940000 -15.2144098
0.5950000 -15.9829588
0.5960000 31.2273655
0.5970000 9.8228188
0.5980000 -60.3624306
0.5990000 -36.9172058
0.6000000 -10.5702114
0.6010000 22.3810921
0.6020000 -15.6838760
0.6030000 1.3109639
0.6040000 51.0928459
0.6050000 53.2403412
0.6060000 -12.2246752
0.6070000 -8.5764732
0.6080000 19.0124931
0.6090000 7.3580661
0.6100000 3.0377977
0.6110000 -48.9758263
0.6120000 -18.0674629
0.6130000 12.1802797
0.6140000 39.2311478
0.6150000 -14.8673716
0.6160000 -22.7029247
0.6170000 -7.7622981
0.6180000 21.3835564
0.6190000 -79.1923141
0.6200000 8.8900518
0.6210000 -89.8384552
0.6220000 -61.9290581
0.6230000 -10.5375214
0.6240000 11.7135830
0.6250000 30.4756165
0.6260000 42.1188164
0.6270000 -55.9950027
0.6280000 40.6318741
0.6290000 -51.2308998
0.6300000 -20.3038158
0.6310000 -19.5321102
0.6320000 -4.8061690
0.6330000 -3.5613194
0.6340000 50.3923836
0.6350000 30.6162453
0.6360000 1.9206575
0.6370000 5.0652008
0.6380000 -77.5729065
0.6390000 -35.5121536
0.6400000 20.1412048
0.6410000 3.7880905
0.6420000 80.9565582
0.6430000 -11.3603010
0.6440000 41.5625496
0.6450000 40.5133896
0.6460000 26.4005203
0.6470000 11.6698179
0.6480000 -47.5060043
0.6490000 11.5247326
0.6500000 -63.7813835
0.6510000 3.7146349
0.6520000 13.2822132
0.6530000 5.5103083
0.6540000 35.8574562
0.6550000 -28.7651234
0.6560000 24.5141506
0.6570000 -7.1277323
0.6580000 -6.3162923
0.6590000 6.0840383
0.6600000 5.2436709
0.6610000 23.3268700
0.6620000 -1.9212551
0.6630000 -8.6912546
0.6640000 55.8025551
0.6650000 68.2566986
0.6660000 -11.4106827
0.6670000 -45.3874969
0.6680000 13.2373743
0.6690000 8.3289785
0.6700000 -11.4581957
0.6710000 -14.8459988
0.6720000 -17.5971775
0.6730000 -19.5370522
0.6740000 -8.7327862
0.6750000 -4.0458403
0.6760000 -43.6197853
0.6770000 -66.9584808
0.6780000 -3.8500991
0.6790000 -55.4465790
0.6800000 -18.5352726
0.6810000 20.5746975
0.6820000 -35.5476189
0.6830000 -48.7543793
0.6840000 -20.5214329
0.6850000 -3.4370952
0.6860000 -26.7177658
0.6870000 -44.2734070
0.6880000 -58.3165131
0.6890000 -18.9645424
0.6900000 -24.2962799
0.6910000 -27.5220928
0.6920000 38.2266655
0.6930000 10.4125032
0.6940000 15.3343973
0.6950000 16.7454891
0.6960000 -14.3980894
0.6970000 51.5089188
0.6980000 -19.1472969
0.6990000 26.3996372
0.7000000 23.7211056
0.7010000 -60.6029205
0.7020000 39.3669662
0.7030000 55.8925552
0.7040000 13.8865643
0.7050000 -83.5944595
0.7060000 -18.9546928
0.7070000 -30.8161125
0.7080000 9.8682146
0.7090000 27.3387985
0.7100000 22.6948471
0.7110000 43.6344681
0.7120000 -33.6085243
0.7130000 8.6808949
0.7140000 49.3143501
0.7150000 -6.8791680
0.7160000 12.3499641
0.7170000 0.6923220
0.7180000 25.2393761
0.7190000 26.5824280
0.7200000 43.4878006
0.7210000 -11.6414442
0.7220000 20.3568821
0.7230000 -86.8689194
0.7240000 30.1204414
0.7250000 22.4347172
0.7260000 6.4100685
0.7270000 64.6479492
0.7280000 -35.8624001
0.7290000 -0.1430343
0.7300000 -12.4676647
0.7310000 15.0392504
0.7320000 -13.3117514
0.7330000 46.7020950
0.7340000 -32.2888184
0.7350000 21.8669281
0.7360000 -14.2609682
0.7370000 8.3585176
0.7380000 -86.4493713
0.7390000 38.2031860
0.7400000 4.7116036
0.7410000 -27.4921417
0.7420000 29.5804195
0.7430000 38.3883591
0.7440000 -6.2310567
0.7450000 34.7359428
0.7460000 -18.8488503
0.7470000 37.5708199
0.7480000 5.3928852
0.7490000 33.0996933
0.7500000 -49.8926315
0.7510000 25.9671421
0.7520000 7.2804813
0.7530000 -61.3444366
0.7540000 14.0422144
0.7550000 -12.7026644
0.7560000 -19.9587307
0.7570000 -29.7986126
0.7580000 -30.2816334
0.7590000 -15.1165314
0.7600000 -7.4370737
0.7610000 30.6370201
0.7620000 6.8430552
0.7630000 2.6238678
0.7640000 14.8787041
0.7650000 -24.1961575
0.7660000 -28.4858131
0.7670000 -59.9169540
0.7680000 28.2037716
0.7690000 -62.1411171
0.7700000 2.8843684
0.7710000 14.9377575
0.7720000 -24.6895638
0.7730000 16.6226273
0.7740000 16.0114613
0.7750000 -7.0798259
0.7760000 -38.2061081
0.7770000 -46.1510201
0.7780000 16.6579514
0.7790000 -21.9029636
0.7800000 37.3851547
0.7810000 -13.1263466
0.7820000 -2.4413762
0.7830000 24.6248531
0.7840000 -62.6272240
0.7850000 -33.5711632
0.7860000 11.1689091
0.7870000 -12.6900826
0.7880000 36.2603226
0.7890000 -12.9255781
0.7900000 8.6896238
0.7910000 -34.8953056
0.7920000 -19.3879299
0.7930000 -25.4558640
0.7940000 -3.6503623
0.7950000 -46.9687614
0.7960000 38.2449608
0.7970000 43.1057968
0.7980000 27.9331799
0.7990000 7.2436824
0.8000000 14.3231096
0.8010000 -8.9722090
0.8020000 -20.1050320
0.8030000 29.3751602
0.8040000 26.0222130
0.8050000 12.3720446
0.8060000 76.3325272
0.8070000 20.8063469
0.8080000 -43.0925407
0.8090000 77.3395309
0.8100000 0.5379210
0.8110000 -34.9139862
0.8120000 39.6313171
0.8130000 -22.9605007
0.8140000 -53.3895874
0.8150000 24.4706364
0.8160000 -28.6551514
0.8170000 -13.6491117
0.8180000 -49.3215179
0.8190000 36.5576019
0.8200000 13.0991116
0.8210000 -24.5801373
0.8220000 32.6246567
0.8230000 -74.8760223
0.8240000 -3.2154696
0.8250000 4.8882079
0.8260000 73.3950806
0.8270000 24.3768597
0.8280000 -26.7302856
0.8290000 -15.1737852
0.8300000 -20.9617958
0.8310000 10.3961973
0.8320000 32.7274704
0.8330000 14.1714897
0.8340000 35.8526573
0.8350000 -6.9104695
0.8360000 87.4478455
0.8370000 74.8941040
0.8380000 -52.1611938
0.8390000 -21.4872475
0.8400000 0.9619579
0.8410000 -36.3708801
0.8420000 7.5381970
0.8430000 -41.5387650
0.8440000 -42.4585800
0.8450000 11.0471601
0.8460000 28.7203999
0.8470000 -41.8882027
0.8480000 -19.1737366
0.8490000 27.9421749
0.8500000 -1.2217332
0.8510000 45.7037926
0.8520000 28.4211464
0.8530000 46.9805603
0.8540000 -35.1316872
0.8550000 -76.6364517
0.8560000 16.9088783
0.8570000 -0.5630880
0.8580000 -31.0022087
0.8590000 19.2240601
0.8600000 -42.3806381
0.8610000 56.8309975
0.8620000 11.3857250
0.8630000 60.5638161
0.8640000 34.7782402
0.8650000 -5.5586619
0.8660000 19.6282463
0.8670000 1.8776715
0.8680000 20.1161041
0.8690000 18.9880924
0.8700000 -11.1171026
0.8710000 22.8780098
0.8720000 -30.6394157
0.8730000 -46.0239754
0.8740000 -38.4713402
0.8750000 6.3755612
0.8760000 15.9909706
0.8770000 32.4109001
0.8780000 -100.7586670
0.8790000 -36.3207130
0.8800000 25.6433506
0.8810000 -66.5546112
0.8820000 -33.3270912
0.8830000 32.4312553
0.8840000 -14.7498522
0.8850000 28.4567432
0.8860000 4.0276756
0.8870000 -7.6670370
0.8880000 -28.8020897
0.8890000 69.1676178
0.8900000 12.7932014
0.8910000 12.8839045
0.8920000 65.9388580
0.8930000 -18.5993862
0.8940000 5.8571715
0.8950000 -21.4326038
0.8960000 17.3741016
0.8970000 43.8789291
0.8980000 0.8541533
0.8990000 73.4266586
0.9000000 37.1542320
0.9010000 -13.7386007
0.9020000 -43.2893372
0.9030000 26.6137238
0.9040000 20.9343414
0.9050000 -26.8930511
0.9060000 -45.1749153
0.9070000 -31.1820335
0.9080000 41.8581429
0.9090000 29.8688049
0.9100000 20.5518036
0.9110000 14.0967722
0.9120000 25.4956017
0.9130000 -9.0909681
0.9140000 -56.4615898
0.9150000 -10.8078918
0.9160000 69.7313843
0.9170000 42.0211754
0.9180000 9.0654821
0.9190000 -35.3088417
0.9200000 15.5565729
0.9210000 -37.7236710
0.9220000 6.2327785
0.9230000 48.2072868
0.9240000 16.8364964
0.9250000 47.4463005
0.9260000 21.2907085
0.9270000 -10.2559671
0.9280000 44.3459511
0.9290000 33.3586159
0.9300000 -16.1388950
0.9310000 14.7055435
0.9320000 27.9811287
0.9330000 45.5423164
0.9340000 54.1216469
0.9350000 20.4372559
0.9360000 -6.4529157
0.9370000 21.5933228
0.9380000 -38.8332253
0.9390000 -36.6681709
0.9400000 23.9069996
0.9410000 -32.1661263
0.9420000 36.5102539
0.9430000 -13.9270420
0.9440000 13.7736759
0.9450000 -11.7546358
0.9460000 6.6002073
0.9470000 -110.1998901
0.9480000 -16.8360462
0.9490000 -45.9602165
0.9500000 15.0996113
0.9510000 -2.8863230
0.9520000 9.6125164
0.9530000 -35.8623123
0.9540000 31.2406788
0.9550000 -7.4154944
0.9560000 17.4978218
0.9570000 -21.5291805
0.9580000 10.0432663
0.9590000 -13.1053352
0.9600000 11.5587234
0.9610000 -22.5068378
0.9620000 -12.8365383
0.9630000 -14.5092392
0.9640000 -10.8964462
0.9650000 -54.1886292
0.9660000 -10.3694096
0.9670000 -10.6353474
0.9680000 -43.5189590
0.9690000 -35.0589180
0.9700000 -5.7928476
0.9710000 60.2855911
0.9720000 -14.6821947
0.9730000 30.4096546
0.9740000 37.1982956
0.9750000 -52.7980156
0.9760000 56.1817856
0.9770000 -4.3648829
0.9780000 -6.8560109
0.9790000 22.2173214
0.9800000 7.1666741
0.9810000 8.7044134
0.9820000 8.0429077
0.9830000 -28.5207367
0.9840000 -30.7163239
0.9850000 -1.8859750
0.9860000 28.5711384
0.9870000 36.7940178
0.9880000 -0.3718444
0.9890000 28.0499763
0.9900000 38.1694641
0.9910000 -48.9406319
0.9920000 68.5549774
0.9930000 39.1056633
0.9940000 -9.0860939
0.9950000 44.0076637
0.9960000 45.1668587
0.9970000 -46.9946060
0.9980000 -0.4851311
0.9990000 -31.5799656
