0.0000000 -95.4361191
0.0010000 -45.7169228
0.0020000 0.6209726
0.0030000 40.6280708
0.0040000 59.0096703
0.0050000 -3.3781242
0.0060000 -23.4539814
0.0070000 7.5139875
0.0080000 -29.1736946
0.0090000 -10.4205980
0.0100000 11.3816090
0.0110000 26.2753696
0.0120000 17.0519466
0.0130000 -19.9623508
0.0140000 38.2601242
0.0150000 -12.3961000
0.0160000 -9.8254213
0.0170000 -3.9134872
0.0180000 42.8802681
0.0190000 -37.2730179
0.0200000 21.7749424
0.0210000 -3.9864309
0.0220000 6.8468885
0.0230000 54.9021034
0.0240000 25.3718166
0.0250000 -2.4470966
0.0260000 -14.5499125
0.0270000 52.2616920
0.0280000 81.2942276
0.0290000 58.9599800
0.0300000 32.4049759
0.0310000 26.9389515
0.0320000 43.0649643
0.0330000 -46.9027863
0.0340000 10.1424093
0.0350000 12.7001781
0.0360000 33.1288452
0.0370000 -39.5807304
0.0380000 -7.0178003
0.0390000 3.0859129
0.0400000 22.6571999
0.0410000 -25.9867630
0.0420000 -85.9014359
0.0430000 -10.3251219
0.0440000 15.6533604
0.0450000 -39.4874001
0.0460000 8.6298933
0.0470000 -10.6290579
0.0480000 21.7685604
0.0490000 -68.2666779
0.0500000 -16.3244705
0.0510000 -8.9447794
0.0520000 -6.9195557
0.0530000 41.4756088
0.0540000 6.1307163
0.0550000 -4.3584232
0.0560000 31.4479752
0.0570000 -46.4494324
0.0580000 59.1486664
0.0590000 -24.0557671
0.0600000 -0.3797286
0.0610000 -3.8334980
0.0620000 82.2686386
0.0630000 62.8494797
0.0640000 3.3479433
0.0650000 -34.2536583
0.0660000 0.9716910
0.0670000 -51.2553825
0.0680000 -41.6213264
0.0690000 -25.7913055
0.0700000 -79.3719711
0.0710000 -42.5489464
0.0720000 18.5597572
0.0730000 -8.2375603
0.0740000 62.8874474
0.0750000 -18.1387806
0.0760000 -14.6740198
0.0770000 -40.5106964
0.0780000 20.3171501
0.0790000 -16.4794521
0.0800000 21.5576572
0.0810000 23.4564514
0.0820000 -17.6150494
0.0830000 -24.0020351
0.0840000 -9.2066641
0.0850000 16.2737560
0.0860000 -9.6116076
0.0870000 13.9113111
0.0880000 44.9736366
0.0890000 -19.6681118
0.0900000 -14.3270769
0.0910000 -24.3741817
0.0920000 -48.4206390
0.0930000 -7.4353971
0.0940000 33.0128975
0.0950000 33.6274261
0.0960000 32.0262718
0.0970000 0.5557818
0.0980000 32.5766869
0.0990000 -31.7082996
0.1000000 -24.0378761
0.1010000 12.6969433
0.1020000 -43.9117432
0.1030000 5.9147983
0.1040000 34.7837715
0.1050000 41.3411942
0.1060000 -13.6004553
0.1070000 34.1899261
0.1080000 21.2140503
0.1090000 51.3132362
0.1100000 41.5816307
0.1110000 3.0423458
0.1120000 39.8233376
0.1130000 -15.5467539
0.1140000 -21.2826118
0.1150000 -68.7330704
0.1160000 -32.1770744
0.1170000 -11.9323149
0.1180000 4.9798131
0.1190000 18.8123722
0.1200000 -4.0607872
0.1210000 12.0902777
0.1220000 49.5933495
0.1230000 -28.3451328
0.1240000 -40.5459480
0.1250000 3.3627517
0.1260000 12.5800934
0.1270000 -48.2419205
0.1280000 -2.4240205
0.1290000 -33.1284103
0.1300000 -20.2536163
0.1310000 59.4697609
0.1320000 63.7583084
0.1330000 -24.4979153
0.1340000 37.0169144
0.1350000 49.3513107
0.1360000 9.3158045
0.1370000 -46.5221672
0.1380000 18.3325062
0.1390000 4.0804276
0.1400000 -5.6392627
0.1410000 -3.8609190
0.1420000 18.4205742
0.1430000 -27.4245510
0.1440000 27.5934639
0.1450000 -29.5798836
0.1460000 11.8951321
0.1470000 6.6913829
0.1480000 7.5791349
0.1490000 -17.7629128
0.1500000 26.9863110
0.1510000 -14.8676119
0.1520000 -45.3485794
0.1530000 4.2758160
0.1540000 -34.3794594
0.1550000 40.8901329
0.1560000 -2.7574689
0.1570000 3.6456294
0.1580000 57.6785011
0.1590000 -19.1733360
0.1600000 6.2623510
0.1610000 -28.6058578
0.1620000 5.3333735
0.1630000 0.7164434
0.1640000 33.3429718
0.1650000 -12.7114935
0.1660000 10.8502607
0.1670000 -15.5461378
0.1680000 -33.5693550
0.1690000 -17.2691517
0.1700000 34.0591660
0.1710000 21.0482426
0.1720000 -10.2712479
0.1730000 -34.6944351
0.1740000 13.1177082
0.1750000 -33.8354416
0.1760000 -71.6691437
0.1770000 -47.0080528
0.1780000 64.3385086
0.1790000 -4.1817055
0.1800000 1.8284686
0.1810000 -24.8405476
0.1820000 -24.0925102
0.1830000 -9.5538673
0.1840000 -37.9925575
0.1850000 -65.2095566
0.1860000 -16.3905029
0.1870000 -30.6216354
0.1880000 -6.5598555
0.1890000 -12.0549774
0.1900000 -36.6287537
0.1910000 33.7912712
0.1920000 -36.5289459
0.1930000 15.0656834
0.1940000 13.3894510
0.1950000 -28.8316860
0.1960000 11.5797195
0.1970000 17.9475479
0.1980000 45.1795235
0.1990000 34.6127281
0.2000000 3.9016664
0.2010000 44.8387222
0.2020000 21.6587086
0.2030000 39.3242645
0.2040000 -26.6752892
0.2050000 2.8208361
0.2060000 10.4363127
0.2070000 46.2900772
0.2080000 -52.2983208
0.2090000 12.6612368
0.2100000 -36.0066948
0.2110000 -24.4135036
0.2120000 -14.1202345
0.2130000 3.6597793
0.2140000 17.5988407
0.2150000 16.9488297
0.2160000 29.6566372
0.2170000 -31.6429882
0.2180000 24.8801136
0.2190000 46.5220222
0.2200000 25.1746044
0.2210000 7.4449325
0.2220000 -6.4060745
0.2230000 57.7474289
0.2240000 9.4180241
0.2250000 -38.7687302
0.2260000 -0.1345307
0.2270000 21.9559555
0.2280000 7.2824607
0.2290000 20.2125320
0.2300000 43.4288445
0.2310000 -33.5310249
0.2320000 -6.7992229
0.2330000 15.8139467
0.2340000 35.3872566
0.2350000 -28.4279404
0.2360000 -4.3836317
0.2370000 31.1593933
0.2380000 16.8840313
0.2390000 22.3243904
0.2400000 21.3132153
0.2410000 -61.0636520
0.2420000 12.3438206
0.2430000 -56.8019714
0.2440000 -26.6857948
0.2450000 42.8029633
0.2460000 18.0125389
0.2470000 33.6452980
0.2480000 -48.3125000
0.2490000 -12.3268547
0.2500000 -37.4336624
0.2510000 -15.6764803
0.2520000 -15.5957594
0.2530000 6.9365568
0.2540000 -25.6318302
0.2550000 -2.1698198
0.2560000 8.5426054
0.2570000 -71.1472397
0.2580000 4.4017291
0.2590000 -12.0347939
0.2600000 1.2666045
0.2610000 -85.1469955
0.2620000 10.4559212
0.2630000 5.1435275
0.2640000 25.5877991
0.2650000 18.2780170
0.2660000 -45.5662270
0.2670000 1.4090242
0.2680000 -20.6366596
0.2690000 -75.1658325
0.2700000 1.9970585
0.2710000 24.5153027
0.2720000 42.4358978
0.2730000 7.6148205
0.2740000 -49.4118881
0.2750000 -19.4733925
0.2760000 -53.4879379
0.2770000 64.3526077
0.2780000 -8.4467001
0.2790000 -7.2159381
0.2800000 -47.4578056
0.2810000 -22.3378735
0.2820000 -38.1736450
0.2830000 15.0467815
0.2840000 3.4189925
0.2850000 -11.5136909
0.2860000 2.8782778
0.2870000 -12.7665672
0.2880000 57.9877586
0.2890000 40.3511124
0.2900000 -15.8947840
0.2910000 32.4474030
0.2920000 26.3388824
0.2930000 33.4890938
0.2940000 -93.8853760
0.2950000 9.8462029
0.2960000 35.8112984
0.2970000 98.6477432
0.2980000 45.4622726
0.2990000 27.1221428
0.3000000 -46.1705132
0.3010000 -21.8146343
0.3020000 15.1405077
0.3030000 -0.5724400
0.3040000 -71.1736679
0.3050000 -43.0091553
0.3060000 20.5083447
0.3070000 -42.6086922
0.3080000 38.6313438
0.3090000 -31.9199505
0.3100000 0.2313421
0.3110000 -31.4317036
0.3120000 26.1065178
0.3130000 -4.3613605
0.3140000 -10.4010715
0.3150000 62.7327385
0.3160000 67.0046387
0.3170000 10.4713392
0.3180000 23.3810596
0.3190000 -20.6423550
0.3200000 -23.0972271
0.3210000 -1.4427086
0.3220000 17.1735706
0.3230000 -3.8127706
0.3240000 -2.4339993
0.3250000 -49.4758034
0.3260000 42.0195618
0.3270000 40.5317650
0.3280000 -21.0015049
0.3290000 -6.6734486
0.3300000 24.8504791
0.3310000 -15.1933784
0.3320000 6.9873118
0.3330000 48.1746140
0.3340000 15.1342297
0.3350000 -30.4287357
0.3360000 69.0477524
0.3370000 18.7969990
0.3380000 -92.1787872
0.3390000 -8.4160385
0.3400000 -49.4465103
0.3410000 21.1043091
0.3420000 30.4363937
0.3430000 29.2768459
0.3440000 41.4190445
0.3450000 -23.1011066
0.3460000 -22.6596413
0.3470000 -0.2621312
0.3480000 35.7932053
0.3490000 -73.9824219
0.3500000 -57.0918350
0.3510000 13.4353809
0.3520000 -55.8170128
0.3530000 -20.5022984
0.3540000 -22.0000744
0.3550000 -33.8583374
0.3560000 10.0904188
0.3570000 16.9336014
0.3580000 35.5735893
0.3590000 -49.1100807
0.3600000 17.7658291
0.3610000 -14.8253765
0.3620000 48.1968765
0.3630000 -60.5904694
0.3640000 -67.3818512
0.3650000 4.5674009
0.3660000 -108.7772980
0.3670000 44.2243538
0.3680000 72.0438385
0.3690000 -23.8160954
0.3700000 -2.3888056
0.3710000 22.3502769
0.3720000 -18.1539707
0.3730000 8.0656729
0.3740000 -52.0304604
0.3750000 39.1389084
0.3760000 9.4983635
0.3770000 -15.2588892
0.3780000 -24.7909946
0.3790000 -12.0502996
0.3800000 6.4005628
0.3810000 -26.1193562
0.3820000 -7.4922032
0.3830000 21.6622143
0.3840000 55.5829887
0.3850000 23.5552368
0.3860000 60.1906700
0.3870000 32.5705223
0.3880000 2.9305980
0.3890000 -56.8936768
0.3900000 32.5884743
0.3910000 9.0286398
0.3920000 17.7988682
0.3930000 42.8095818
0.3940000 15.7573032
0.3950000 15.3473701
0.3960000 34.6627007
0.3970000 10.8283691
0.3980000 14.2074852
0.3990000 7.8339906
0.4000000 -79.6310654
0.4010000 11.5668287
0.4020000 12.4454269
0.4030000 16.3776836
0.4040000 -41.4883423
0.4050000 -7.3571391
0.4060000 -6.0471711
0.4070000 -35.8631516
0.4080000 12.8552351
0.4090000 -4.4144769
0.4100000 -32.8840866
0.4110000 7.0578074
0.4120000 14.8074961
0.4130000 5.9730721
0.4140000 -45.2522125
0.4150000 9.5279741
0.4160000 8.1680880
0.4170000 70.6285629
0.4180000 -24.5032177
0.4190000 -18.4771385
0.4200000 52.8088570
0.4210000 -20.2021751
0.4220000 57.9416656
0.4230000 -20.6346455
0.4240000 20.9742413
0.4250000 -8.5367517
0.4260000 21.5627022
0.4270000 -42.6130028
0.4280000 -48.0008850
0.4290000 36.3218307
0.4300000 64.5629959
0.4310000 2.6512854
0.4320000 -13.0473013
0.4330000 -72.4823074
0.4340000 -45.2755508
0.4350000 -84.6254120
0.4360000 -14.6651583
0.4370000 -82.0015106
0.4380000 0.0224254
0.4390000 -7.1898098
0.4400000 2.3354168
0.4410000 35.0731926
0.4420000 -9.5631723
0.4430000 10.1792145
0.4440000 9.8793592
0.4450000 -22.6773624
0.4460000 -4.6710777
0.4470000 -12.8655348
0.4480000 66.3625183
0.4490000 0.9654567
0.4500000 7.8732576
0.4510000 -9.6870852
0.4520000 -84.5426254
0.4530000 -7.5896196
0.4540000 3.1847994
0.4550000 29.5148602
0.4560000 87.4934692
0.4570000 -28.5775890
0.4580000 -54.1196404
0.4590000 -19.9904823
0.4600000 7.3554773
0.4610000 25.8331642
0.4620000 21.6653938
0.4630000 -21.3885574
0.4640000 -28.6626205
0.4650000 41.3371086
0.4660000 19.2812805
0.4670000 11.8515396
0.4680000 -52.1507301
0.4690000 -3.9782295
0.4700000 -27.7791672
0.4710000 -51.0595932
0.4720000 -6.3533611
0.4730000 -8.5021782
0.4740000 20.8217335
0.4750000 33.0035782
0.4760000 -39.0663261
0.4770000 -15.8702908
0.4780000 11.0852633
0.4790000 -7.1401548
0.4800000 -4.6459785
0.4810000 -5.1924019
0.4820000 58.5753593
0.4830000 -20.6141510
0.4840000 -60.4555473
0.4850000 -13.7984266
0.4860000 -73.7927170
0.4870000 -31.2105980
0.4880000 -28.3272038
0.4890000 9.2669201
0.4900000 -94.8931580
0.4910000 -42.0647621
0.4920000 20.7734890
0.4930000 -31.4786453
0.4940000 -31.0356998
0.4950000 22.0497112
0.4960000 0.8288048
0.4970000 17.8042068
0.4980000 23.3294945
0.4990000 -10.3848667
0.5000000 12.6973124
0.5010000 -82.7164230
0.5020000 10.5397692
0.5030000 14.2520027
0.5040000 43.9526711
0.5050000 -0.2400976
0.5060000 31.5532703
0.5070000 10.2406425
0.5080000 -27.3778343
0.5090000 -56.3759079
0.5100000 -6.0706377
0.5110000 10.2606907
0.5120000 77.4934769
0.5130000 19.3662548
0.5140000 19.9449310
0.5150000 37.0987816
0.5160000 85.9063644
0.5170000 63.2924271
0.5180000 -24.4461803
0.5190000 -12.5211535
0.5200000 23.2005024
0.5210000 -7.2215962
0.5220000 14.3078775
0.5230000 -21.3810177
0.5240000 27.5695629
0.5250000 29.9858665
0.5260000 -23.2060413
0.5270000 18.5956421
0.5280000 5.0756450
0.5290000 26.3487797
0.5300000 9.4785252
0.5310000 -8.0235796
0.5320000 64.7531967
0.5330000 -60.0047607
0.5340000 24.0584183
0.5350000 10.6897898
0.5360000 46.8559036
0.5370000 19.2643852
0.5380000 -33.5143318
0.5390000 2.5498962
0.5400000 -3.5918303
0.5410000 -84.2289734
0.5420000 0.9824633
0.5430000 -27.7029915
0.5440000 -40.0911674
0.5450000 -2.9407721
0.5460000 -3.1411743
0.5470000 57.7639732
0.5480000 13.2181873
0.5490000 26.4163208
0.5500000 56.0006790
0.5510000 -0.2230109
0.5520000 -50.9504623
0.5530000 25.8188610
0.5540000 66.3684692
0.5550000 -38.0288582
0.5560000 8.0570812
0.5570000 -30.8381329
0.5580000 -46.6576653
0.5590000 84.4735489
0.5600000 -23.5779591
0.5610000 14.9561195
0.5620000 -31.6826305
0.5630000 -24.7160034
0.5640000 -44.1789398
0.5650000 -66.9990158
0.5660000 29.8366795
0.5670000 12.4756956
0.5680000 26.8095379
0.5690000 5.5525379
0.5700000 11.4156027
0.5710000 37.2196732
0.5720000 75.5183792
0.5730000 11.5687037
0.5740000 -15.9777575
0.5750000 34.0069962
0.5760000 2.8207412
0.5770000 32.7999763
0.5780000 -19.1634827
0.5790000 22.3153210
0.5800000 -32.9118500
0.5810000 29.9436855
0.5820000 24.4034748
0.5830000 4.0589128
0.5840000 -18.7187614
0.5850000 -35.4304504
0.5860000 -26.7664375
0.5870000 50.8839874
0.5880000 -8.8304691
0.5890000 20.7888374
0.5900000 -28.5922794
0.5910000 40.6725693
0.5920000 -46.0871086
0.5930000 -27.7623043
0.5940000 12.8897409
0.5950000 -113.9644012
0.5960000 48.6169891
0.5970000 2.4173086
0.5980000 41.4097481
0.5990000 39.2782135
0.6000000 21.9899673
0.6010000 -43.0075226
0.6020000 12.0169191
0.6030000 4.6904063
0.6040000 3.8951185
0.6050000 23.0637836
0.6060000 -34.3659172
0.6070000 34.5608826
0.6080000 -11.7069416
0.6090000 39.4754944
0.6100000 -24.9214878
0.6110000 55.4675064
0.6120000 15.0577774
0.6130000 34.1272469
0.6140000 57.1551743
0.6150000 14.2231102
0.6160000 -3.8422458
0.6170000 74.2176666
0.6180000 -26.5429306
0.6190000 4.8891463
0.6200000 -11.0316639
0.6210000 15.4284716
0.6220000 -26.3912792
0.6230000 -42.2755585
0.6240000 47.9837608
0.6250000 -18.0650425
0.6260000 23.8782291
0.6270000 76.2564316
0.6280000 49.6472740
0.6290000 -4.1346812
0.6300000 24.7595139
0.6310000 -22.6183987
0.6320000 -22.2458305
0.6330000 53.3753548
0.6340000 15.8936405
0.6350000 6.5110974
0.6360000 -4.6425891
0.6370000 -37.9068222
0.6380000 9.5467319
0.6390000 14.5580130
0.6400000 -53.1108780
0.6410000 25.8962269
0.6420000 -2.5991318
0.6430000 15.9886847
0.6440000 15.8072481
0.6450000 -36.2317009
0.6460000 -23.0480556
0.6470000 1.6367818
0.6480000 -28.1578941
0.6490000 -52.5064087
0.6500000 -5.9750752
0.6510000 20.0315437
0.6520000 -41.0852623
0.6530000 -40.1439667
0.6540000 -3.2416620
0.6550000 13.0424852
0.6560000 -20.5772476
0.6570000 -34.9591026
0.6580000 -33.2360191
0.6590000 -31.4002647
0.6600000 -0.6716295
0.6610000 -12.3262110
0.6620000 -36.7997017
0.6630000 71.2139511
0.6640000 -7.0054331
0.6650000 9.7619715
0.6660000 49.2692223
0.6670000 30.0144958
0.6680000 -20.4542866
0.6690000 -21.4458294
0.6700000 26.1582260
0.6710000 25.2673855
0.6720000 35.0172157
0.6730000 5.8712282
0.6740000 -3.1370614
0.6750000 -0.8885595
0.6760000 -34.6851311
0.6770000 59.5312119
0.6780000 37.7114639
0.6790000 18.1809006
0.6800000 -20.3104229
0.6810000 -23.5076084
0.6820000 -5.4420757
0.6830000 16.4472427
0.6840000 -64.8814011
0.6850000 -33.7843704
0.6860000 -55.9853172
0.6870000 -26.9131165
0.6880000 27.5056057
0.6890000 -2.2761962
0.6900000 -40.9647980
0.6910000 50.1484261
0.6920000 -70.6958542
0.6930000 61.8348351
0.6940000 -4.8767772
0.6950000 -21.6451836
0.6960000 27.3168583
0.6970000 12.3271732
0.6980000 27.5143433
0.6990000 21.6004333
0.7000000 85.7062988
0.7010000 -20.3432713
0.7020000 -1.8184528
0.7030000 62.1527672
0.7040000 10.1256647
0.7050000 5.2356281
0.7060000 47.9845848
0.7070000 -53.0178490
0.7080000 34.2001495
0.7090000 38.4764671
0.7100000 0.9234756
0.7110000 5.5031400
0.7120000 100.8949280
0.7130000 -4.3746395
0.7140000 -29.6542873
0.7150000 -15.4350653
0.7160000 -0.1069770
0.7170000 57.1375122
0.7180000 -49.2897377
0.7190000 58.0890083
0.7200000 -51.0962219
0.7210000 -37.5059738
0.7220000 30.8616257
0.7230000 53.7431717
0.7240000 -14.8401194
0.7250000 -43.0580521
0.7260000 -11.3943872
0.7270000 1.6082751
0.7280000 -5.2240829
0.7290000 -41.4677277
0.7300000 24.6141472
0.7310000 -35.6296539
0.7320000 -6.9563975
0.7330000 -48.1202583
0.7340000 -38.9339447
0.7350000 14.4762077
0.7360000 -19.7190552
0.7370000 21.1057663
0.7380000 18.3493118
0.7390000 -48.1989212
0.7400000 -18.2857018
0.7410000 30.9230309
0.7420000 -21.1838150
0.7430000 -6.0352354
0.7440000 -14.6788082
0.7450000 -20.7032967
0.7460000 -8.8337374
0.7470000 -9.2096071
0.7480000 2.1146975
0.7490000 -2.2436583
0.7500000 -25.9119701
0.7510000 -22.1743622
0.7520000 44.7719688
0.7530000 -6.4566708
0.7540000 19.5972786
0.7550000 27.4105759
0.7560000 10.9657869
0.7570000 -8.3487253
0.7580000 -14.8981009
0.7590000 8.9138012
0.7600000 -3.5628409
0.7610000 23.4361992
0.7620000 64.5210037
0.7630000 16.6945782
0.7640000 29.9863110
0.7650000 92.0847855
0.7660000 60.2282829
0.7670000 27.1385479
0.7680000 -27.8152161
0.7690000 50.4001083
0.7700000 21.5005112
0.7710000 59.6648254
0.7720000 6.5633087
0.7730000 40.3014603
0.7740000 43.9702530
0.7750000 24.2250900
0.7760000 -8.3067522
0.7770000 40.7801895
0.7780000 20.0904560
0.7790000 50.2431526
0.7800000 57.8894615
0.7810000 9.9993792
0.7820000 -3.4500940
0.7830000 -23.1392918
0.7840000 -17.7439632
0.7850000 38.7009430
0.7860000 -6.8532696
0.7870000 -29.6300850
0.7880000 -4.9035153
0.7890000 17.9247761
0.7900000 21.0288754
0.7910000 1.2579001
0.7920000 -46.0625801
0.7930000 -32.5713577
0.7940000 34.9556770
0.7950000 -3.7795095
0.7960000 41.0198479
0.7970000 -22.1414375
0.7980000 9.9565239
0.7990000 26.6252708
0.8000000 -41.6523323
0.8010000 -9.5328913
0.8020000 -50.5394897
0.8030000 8.4113874
0.8040000 5.7128220
0.8050000 -14.3274584
0.8060000 -20.0389023
0.8070000 12.9586105
0.8080000 53.4788361
0.8090000 -12.3345423
0.8100000 14.7379980
0.8110000 13.7353611
0.8120000 11.2416887
0.8130000 -34.5294685
0.8140000 40.9023819
0.8150000 -31.6950836
0.8160000 5.3841405
0.8170000 0.8200383
0.8180000 53.6615639
0.8190000 33.3242722
0.8200000 48.0776711
0.8210000 -22.3578224
0.8220000 7.6001492
0.8230000 37.0171051
0.8240000 16.2982731
0.8250000 20.6200981
0.8260000 28.3537216
0.8270000 63.4300652
0.8280000 16.5185318
0.8290000 32.3945732
0.8300000 -53.5005188
0.8310000 -8.7432518
0.8320000 48.8222122
0.8330000 -0.9241045
0.8340000 12.8880243
0.8350000 35.0360222
0.8360000 -2.9323018
0.8370000 -20.3681736
0.8380000 -7.2576180
0.8390000 -9.2307291
0.8400000 12.7615643
0.8410000 -46.6137772
0.8420000 -2.5875885
0.8430000 -31.4109287
0.8440000 24.4125729
0.8450000 80.2503815
0.8460000 -12.1649370
0.8470000 -20.6569023
0.8480000 -80.9361115
0.8490000 -5.0894818
0.8500000 -32.5532913
0.8510000 74.4058456
0.8520000 -45.0107880
0.8530000 -15.4787397
0.8540000 -20.4615173
0.8550000 33.7538910
0.8560000 54.8997917
0.8570000 32.5222816
0.8580000 7.5200357
0.8590000 -18.4146538
0.8600000 -50.4204330
0.8610000 -22.0440350
0.8620000 -39.4881973
0.8630000 -58.5469131
0.8640000 21.2191010
0.8650000 34.0675468
0.8660000 -61.8754654
0.8670000 54.0621109
0.8680000 80.8087769
0.8690000 -14.4082994
0.8700000 12.4681511
0.8710000 -13.5520477
0.8720000 -13.4483490
0.8730000 -59.3096733
0.8740000 20.2603817
0.8750000 34.3306236
0.8760000 -45.9501190
0.8770000 -25.7414856
0.8780000 -3.7134140
0.8790000 20.7711487
0.8800000 15.7803049
0.8810000 9.7633591
0.8820000 -10.2284031
0.8830000 -25.3355045
0.8840000 9.0061226
0.8850000 46.0222054
0.8860000 57.2781410
0.8870000 33.8092499
0.8880000 -19.0664501
0.8890000 68.3157501
0.8900000 -3.8994422
0.8910000 38.6741867
0.8920000 -44.1688995
0.8930000 -1.4281787
0.8940000 34.8619308
0.8950000 -11.9681053
0.8960000 -66.2655716
0.8970000 -13.1940746
0.8980000 11.0995903
0.8990000 -32.8707848
0.9000000 19.0557289
0.9010000 -13.3977718
0.9020000 -12.1171112
0.9030000 -7.7450953
0.9040000 11.3192892
0.9050000 31.1306648
0.9060000 -6.2899303
0.9070000 -14.8139219
0.9080000 -22.9223881
0.9090000 40.2471695
0.9100000 10.1801567
0.9110000 20.3108463
0.9120000 11.4313946
0.9130000 -17.2793198
0.9140000 -12.0866270
0.9150000 13.4211798
0.9160000 60.8636513
0.9170000 -29.0432091
0.9180000 -5.1943016
0.9190000 38.9883842
0.9200000 81.8707352
0.9210000 -18.8443928
0.9220000 -74.7867050
0.9230000 -14.2451992
0.9240000 8.4651327
0.9250000 -17.6170406
0.9260000 -10.3757133
0.9270000 -13.5535707
0.9280000 -71.0017395
0.9290000 -41.1091118
0.9300000 -8.4502964
0.9310000 35.4635773
0.9320000 -24.3834457
0.9330000 34.3204002
0.9340000 -3.4054563
0.9350000 15.9312649
0.9360000 18.0888653
0.9370000 -66.0723190
0.9380000 7.7051134
0.9390000 19.0303574
0.9400000 27.1550446
0.9410000 -42.7083931
0.9420000 4.8354139
0.9430000 -18.9749222
0.9440000 22.0535564
0.9450000 -6.5228348
0.9460000 -54.2486687
0.9470000 -47.4770088
0.9480000 8.5262632
0.9490000 -6.1814775
0.9500000 26.9317131
0.9510000 -20.2247124
0.9520000 20.0147552
0.9530000 45.0957985
0.9540000 -4.7489977
0.9550000 -14.2817297
0.9560000 -8.1099339
0.9570000 -42.7500610
0.9580000 -11.9640532
0.9590000 -39.4496384
0.9600000 10.3940601
0.9610000 -27.6781712
0.9620000 -51.4642525
0.9630000 -8.2973318
0.9640000 -51.4077644
0.9650000 -36.9844055
0.9660000 -28.8188705
0.9670000 -2.7180474
0.9680000 59.6426048
0.9690000 34.3406067
0.9700000 11.2310791
0.9710000 46.3939552
0.9720000 -36.8773613
0.9730000 -19.0148621
0.9740000 -2.3188019
0.9750000 26.2034645
0.9760000 -10.6824951
0.9770000 -40.0952110
0.9780000 26.0396957
0.9790000 -7.1073990
0.9800000 31.5655117
0.9810000 -15.2105637
0.9820000 -4.2052155
0.9830000 3.5215752
0.9840000 42.9518700
0.9850000 38.4610291
0.9860000 40.6610985
0.9870000 -50.1869545
0.9880000 10.2941818
0.9890000 -23.2279530
0.9900000 18.5480289
0.9910000 39.9479179
0.9920000 21.0168457
0.9930000 -9.2625856
0.9940000 47.0416756
0.9950000 8.1969738
0.9960000 36.7153091
0.9970000 72.1069641
0.9980000 54.9134674
0.9990000 -42.9009056
