0.0000000 -30.2792892
0.0010000 -22.7463989
0.0020000 -17.8881588
0.0030000 -31.9343967
0.0040000 22.0104141
0.0050000 15.4103165
0.0060000 -1.7291006
0.0070000 -13.5609837
0.0080000 7.8039594
0.0090000 -17.9365387
0.0100000 -18.8081264
0.0110000 -14.6169662
0.0120000 -11.8069153
0.0130000 11.9899960
0.0140000 -26.3267555
0.0150000 66.4714890
0.0160000 19.1538315
0.0170000 -73.6326599
0.0180000 20.6933956
0.0190000 -13.7363882
0.0200000 -24.3039265
0.0210000 5.4654379
0.0220000 28.5718155
0.0230000 -11.2838316
0.0240000 -11.6577234
0.0250000 4.1004887
0.0260000 15.4373512
0.0270000 54.7159882
0.0280000 33.7161140
0.0290000 -20.8805866
0.0300000 -34.9879990
0.0310000 -19.4012337
0.0320000 3.5105290
0.0330000 -4.9001060
0.0340000 67.1393204
0.0350000 35.4414597
0.0360000 52.1316338
0.0370000 -68.0075378
0.0380000 40.4531136
0.0390000 5.5047889
0.0400000 40.2719078
0.0410000 -35.1795845
0.0420000 -2.7845945
0.0430000 -0.7390125
0.0440000 -21.3023891
0.0450000 -24.1087112
0.0460000 -1.6038383
0.0470000 -6.5644817
0.0480000 57.7561531
0.0490000 -26.1781158
0.0500000 -40.9365463
0.0510000 81.3244781
0.0520000 -4.0748243
0.0530000 -8.1017952
0.0540000 -15.2935820
0.0550000 83.6266479
0.0560000 -0.5796921
0.0570000 46.2387276
0.0580000 -78.9368744
0.0590000 19.5983276
0.0600000 -49.6657677
0.0610000 -69.5806732
0.0620000 64.9822159
0.0630000 -2.3747518
0.0640000 76.1537781
0.0650000 -47.6192169
0.0660000 35.8162956
0.0670000 31.8761005
0.0680000 5.3165159
0.0690000 -26.6587543
0.0700000 29.0629444
0.0710000 -43.7846375
0.0720000 30.0896740
0.0730000 -22.0513115
0.0740000 26.4669456
0.0750000 31.1900883
0.0760000 -67.7376328
0.0770000 14.8190784
0.0780000 49.8496361
0.0790000 26.7260876
0.0800000 -8.7489729
0.0810000 22.7812386
0.0820000 30.0611973
0.0830000 5.9806662
0.0840000 -53.5209312
0.0850000 -62.6627998
0.0860000 -13.4233599
0.0870000 -28.6759529
0.0880000 -22.1778145
0.0890000 -46.8737221
0.0900000 17.6157188
0.0910000 2.2305391
0.0920000 53.8489265
0.0930000 3.0317717
0.0940000 -10.2028170
0.0950000 58.8727570
0.0960000 51.5055656
0.0970000 6.8388333
0.0980000 28.0827274
0.0990000 -51.7594681
0.1000000 45.7348099
0.1010000 37.1084366
0.1020000 50.4587631
0.1030000 -10.3315458
0.1040000 -28.2498837
0.1050000 11.4526606
0.1060000 -22.2953892
0.1070000 -53.7418137
0.1080000 11.4120026
0.1090000 23.6010113
0.1100000 37.5041618
0.1110000 -29.5100136
0.1120000 -13.3493881
0.1130000 -48.5597649
0.1140000 57.2173653
0.1150000 -85.9003296
0.1160000 -22.9238510
0.1170000 -21.2949772
0.1180000 -39.3323326
0.1190000 67.4291534
0.1200000 -60.1625862
0.1210000 -103.3293915
0.1220000 -34.8594017
0.1230000 -54.1557503
0.1240000 -66.9195480
0.1250000 -22.7889538
0.1260000 29.8608513
0.1270000 -9.7096720
0.1280000 30.5319233
0.1290000 15.2679338
0.1300000 -17.8699112
0.1310000 -4.8112836
0.1320000 6.1972775
0.1330000 8.6565056
0.1340000 -28.7524910
0.1350000 30.1414986
0.1360000 39.2858429
0.1370000 -41.1482544
0.1380000 7.1625781
0.1390000 -41.7162781
0.1400000 46.3190575
0.1410000 -12.9660702
0.1420000 54.6546021
0.1430000 -52.5110741
0.1440000 65.1033554
0.1450000 29.1302948
0.1460000 16.7995052
0.1470000 -40.9104195
0.1480000 -47.5571899
0.1490000 -14.5294409
0.1500000 -27.1018677
0.1510000 -43.3850136
0.1520000 37.5582619
0.1530000 2.2487719
0.1540000 33.6121559
0.1550000 25.1026249
0.1560000 50.6106606
0.1570000 71.2097778
0.1580000 15.5773735
0.1590000 -11.7721281
0.1600000 -1.1340268
0.1610000 15.1858177
0.1620000 -101.1180573
0.1630000 1.7423322
0.1640000 -43.6315041
0.1650000 47.1465111
0.1660000 -53.6328468
0.1670000 37.5314827
0.1680000 -8.6455441
0.1690000 65.0490875
0.1700000 20.4237003
0.1710000 11.1797686
0.1720000 -61.6472435
0.1730000 -17.9761982
0.1740000 -2.8863409
0.1750000 70.7886658
0.1760000 -27.6699181
0.1770000 81.3827362
0.1780000 40.5234032
0.1790000 43.6873627
0.1800000 -48.1326866
0.1810000 -25.9795971
0.1820000 42.2873154
0.1830000 -89.5732422
0.1840000 36.9672165
0.1850000 41.5840340
0.1860000 26.6256447
0.1870000 21.1298103
0.1880000 -18.1467056
0.1890000 19.9951916
0.1900000 -10.4325953
0.1910000 30.2834988
0.1920000 -28.9686108
0.1930000 -27.9349976
0.1940000 6.9469461
0.1950000 0.2930676
0.1960000 -42.8138046
0.1970000 -16.6850300
0.1980000 1.3610818
0.1990000 -2.9405737
0.2000000 -10.2427979
0.2010000 50.3535576
0.2020000 -3.2472873
0.2030000 18.7406578
0.2040000 2.9913840
0.2050000 -13.0759869
0.2060000 7.6241708
0.2070000 -32.6847954
0.2080000 -17.9379692
0.2090000 -6.1870546
0.2100000 3.2678523
0.2110000 10.9259501
0.2120000 -33.6503067
0.2130000 46.6457748
0.2140000 2.5841131
0.2150000 17.1774273
0.2160000 -100.6811295
0.2170000 2.5036995
0.2180000 -10.4060698
0.2190000 -39.3597565
0.2200000 -10.9503670
0.2210000 14.7588243
0.2220000 -34.1309013
0.2230000 81.9667130
0.2240000 21.7913074
0.2250000 5.2792339
0.2260000 10.6982517
0.2270000 17.8731098
0.2280000 4.5978127
0.2290000 5.8423319
0.2300000 64.7422485
0.2310000 -40.4522629
0.2320000 23.8382835
0.2330000 -9.7531013
0.2340000 -20.7134914
0.2350000 -9.5101624
0.2360000 -0.7869139
0.2370000 -6.1345487
0.2380000 -2.9105070
0.2390000 56.0001907
0.2400000 -0.7555393
0.2410000 25.9574718
0.2420000 -6.1709175
0.2430000 39.0647469
0.2440000 6.4858623
0.2450000 -49.0825043
0.2460000 -41.6565475
0.2470000 21.9171829
0.2480000 6.7361336
0.2490000 -35.2054214
0.2500000 11.2767305
0.2510000 25.1021061
0.2520000 3.1168902
0.2530000 -6.2493472
0.2540000 -37.9713287
0.2550000 -71.4852829
0.2560000 10.9338150
0.2570000 -15.9782667
0.2580000 24.0295200
0.2590000 -41.2415581
0.2600000 15.8884363
0.2610000 15.2163048
0.2620000 -44.8041801
0.2630000 45.8898888
0.2640000 -21.0759277
0.2650000 -63.0104980
0.2660000 26.9038982
0.2670000 -35.7070351
0.2680000 7.0041184
0.2690000 4.6208439
0.2700000 -79.7039871
0.2710000 26.0201664
0.2720000 -34.0318947
0.2730000 -26.6909676
0.2740000 -67.0993576
0.2750000 29.9387093
0.2760000 -5.9209828
0.2770000 -20.5091591
0.2780000 9.7926073
0.2790000 93.7948303
0.2800000 -31.1371861
0.2810000 80.8654404
0.2820000 -35.4988174
0.2830000 -61.5133514
0.2840000 22.9595242
0.2850000 -43.8040085
0.2860000 36.6752014
0.2870000 -52.7736092
0.2880000 87.6362534
0.2890000 8.4338551
0.2900000 13.8944454
0.2910000 15.8398991
0.2920000 -29.6886921
0.2930000 -13.4128790
0.2940000 31.5996323
0.2950000 -17.2866650
0.2960000 43.2238770
0.2970000 -32.0147438
0.2980000 -48.6280174
0.2990000 -50.2919846
0.3000000 23.1357479
0.3010000 41.6100693
0.3020000 -2.8788886
0.3030000 1.7257366
0.3040000 -1.6876658
0.3050000 -6.1142216
0.3060000 7.0805631
0.3070000 -46.1738777
0.3080000 -81.2955627
0.3090000 12.1774912
0.3100000 -19.3462772
0.3110000 -12.0898275
0.3120000 -5.8449383
0.3130000 20.8888474
0.3140000 -9.4977827
0.3150000 20.8467731
0.3160000 3.8605292
0.3170000 -22.0272884
0.3180000 -19.0550079
0.3190000 -43.5278435
0.3200000 96.9471207
0.3210000 -76.5944519
0.3220000 -11.5026970
0.3230000 -49.7548370
0.3240000 -10.8096714
0.3250000 -56.2065201
0.3260000 -17.8644123
0.3270000 -10.7894440
0.3280000 50.0652885
0.3290000 -46.4978714
0.3300000 49.9903717
0.3310000 30.9306984
0.3320000 17.5759754
0.3330000 39.6093254
0.3340000 11.8350506
0.3350000 44.6786499
0.3360000 -22.3536148
0.3370000 38.4716187
0.3380000 14.5805483
0.3390000 10.4056911
0.3400000 22.9889202
0.3410000 -9.6513233
0.3420000 -16.5836582
0.3430000 -49.8202171
0.3440000 36.4165039
0.3450000 7.8011966
0.3460000 -31.3787708
0.3470000 12.6936722
0.3480000 65.1016922
0.3490000 8.0951719
0.3500000 28.2474098
0.3510000 6.7719631
0.3520000 -0.0408019
0.3530000 -22.9197140
0.3540000 -11.7016153
0.3550000 -29.1029949
0.3560000 -6.9209318
0.3570000 -5.4770212
0.3580000 -76.1664200
0.3590000 -6.3038697
0.3600000 -19.7896309
0.3610000 0.9562320
0.3620000 29.4783859
0.3630000 -3.4336801
0.3640000 2.1699097
0.3650000 -18.4243240
0.3660000 -55.1388206
0.3670000 74.8527679
0.3680000 27.0425701
0.3690000 -36.5943756
0.3700000 -30.2405167
0.3710000 -2.6356258
0.3720000 -38.2549210
0.3730000 -0.6181792
0.3740000 8.0540762
0.3750000 -63.9341812
0.3760000 37.6031685
0.3770000 10.1231279
0.3780000 -20.7504139
0.3790000 -23.4866047
0.3800000 38.1078949
0.3810000 -49.5136185
0.3820000 -13.3940077
0.3830000 -30.6556740
0.3840000 33.0800896
0.3850000 -33.4645271
0.3860000 53.9415398
0.3870000 8.2334757
0.3880000 -60.4694557
0.3890000 -30.5806885
0.3900000 43.5921707
0.3910000 -6.4405274
0.3920000 3.8048697
0.3930000 31.4143982
0.3940000 44.0116463
0.3950000 6.4905586
0.3960000 18.9273815
0.3970000 32.5909843
0.3980000 -12.0443869
0.3990000 -29.8890171
0.4000000 18.9167767
0.4010000 -28.8568535
0.4020000 -26.2348251
0.4030000 -66.8618927
0.4040000 -40.3099594
0.4050000 -96.2887878
0.4060000 -93.9770813
0.4070000 17.2905693
0.4080000 9.7456903
0.4090000 -32.0690193
0.4100000 -16.4252834
0.4110000 41.4826393
0.4120000 8.3313465
0.4130000 -37.1094437
0.4140000 -5.9354677
0.4150000 48.8133926
0.4160000 6.8245125
0.4170000 16.4107189
0.4180000 19.0631371
0.4190000 -30.6199093
0.4200000 -48.7100182
0.4210000 -52.1649818
0.4220000 2.2715702
0.4230000 55.6136131
0.4240000 -10.6848946
0.4250000 11.2909269
0.4260000 23.9254055
0.4270000 6.5672913
0.4280000 3.1429474
0.4290000 22.8455505
0.4300000 -9.7238283
0.4310000 -47.1237907
0.4320000 30.2690372
0.4330000 -3.3715425
0.4340000 -60.8180923
0.4350000 -14.8930492
0.4360000 -50.3810577
0.4370000 -40.1614571
0.4380000 -19.7699623
0.4390000 -6.3504415
0.4400000 12.3749533
0.4410000 21.0195656
0.4420000 -40.2461472
0.4430000 -31.9525509
0.4440000 0.5953671
0.4450000 -23.3530827
0.4460000 104.2070389
0.4470000 15.9703331
0.4480000 -42.3571472
0.4490000 -12.7570591
0.4500000 39.0138283
0.4510000 6.6648259
0.4520000 -18.4804935
0.4530000 22.8763103
0.4540000 -66.2603607
0.4550000 -23.5376358
0.4560000 55.3748970
0.4570000 20.5490265
0.4580000 22.3634224
0.4590000 -17.4437714
0.4600000 35.7067642
0.4610000 -10.9140406
0.4620000 -18.3858776
0.4630000 69.9611130
0.4640000 68.2343903
0.4650000 13.8104239
0.4660000 -40.5751152
0.4670000 -15.2144938
0.4680000 -56.0171890
0.4690000 -69.2901154
0.4700000 -23.6212845
0.4710000 10.1399775
0.4720000 -35.3276978
0.4730000 17.3127060
0.4740000 -39.1691933
0.4750000 -14.8958101
0.4760000 -35.1911316
0.4770000 16.5760441
0.4780000 53.4464111
0.4790000 36.6994514
0.4800000 11.1739864
0.4810000 -68.9554214
0.4820000 -18.6696987
0.4830000 -13.1166544
0.4840000 38.2998123
0.4850000 -45.3766441
0.4860000 66.9596024
0.4870000 -11.6270037
0.4880000 66.2962341
0.4890000 42.4915123
0.4900000 -4.4068251
0.4910000 6.0221906
0.4920000 -1.8802125
0.4930000 31.6689816
0.4940000 25.5755215
0.4950000 -24.1952953
0.4960000 -12.0112562
0.4970000 -12.8092775
0.4980000 10.5114307
0.4990000 -33.9010353
0.5000000 17.3997612
0.5010000 -60.8422966
0.5020000 -45.1285400
0.5030000 -5.5748687
0.5040000 20.9346962
0.5050000 63.6632614
0.5060000 15.3918533
0.5070000 -29.9272099
0.5080000 39.9971123
0.5090000 -13.7001257
0.5100000 -21.6402607
0.5110000 -15.2900009
0.5120000 -0.3288795
0.5130000 39.7042274
0.5140000 -4.9986491
0.5150000 -5.3214927
0.5160000 -73.2123032
0.5170000 -15.6548204
0.5180000 -7.2308068
0.5190000 31.9312019
0.5200000 20.1842613
0.5210000 -14.4398537
0.5220000 56.4644051
0.5230000 31.8777828
0.5240000 85.9904099
0.5250000 13.5777178
0.5260000 15.9065437
0.5270000 -65.9900665
0.5280000 -28.6156044
0.5290000 87.4263458
0.5300000 5.5793476
0.5310000 -24.3105431
0.5320000 24.1886463
0.5330000 -8.1332598
0.5340000 51.2046585
0.5350000 -6.5364318
0.5360000 61.2596169
0.5370000 44.8427467
0.5380000 -15.5753813
0.5390000 -37.4541550
0.5400000 34.3912430
0.5410000 -6.3822570
0.5420000 -1.7541052
0.5430000 -10.2084742
0.5440000 44.6414757
0.5450000 -24.1145821
0.5460000 -35.1438789
0.5470000 -24.4895630
0.5480000 29.7715836
0.5490000 23.7074280
0.5500000 23.1111755
0.5510000 19.7962875
0.5520000 -10.9532862
0.5530000 0.2174607
0.5540000 -8.5870476
0.5550000 -14.7995920
0.5560000 9.0855169
0.5570000 -28.1253910
0.5580000 3.7675359
0.5590000 8.5030737
0.5600000 11.7608738
0.5610000 -33.9065933
0.5620000 -77.0912781
0.5630000 9.3284655
0.5640000 -10.1696320
0.5650000 -17.7252884
0.5660000 -78.3286972
0.5670000 -58.4928627
0.5680000 -13.8512888
0.5690000 60.2400551
0.5700000 -7.0647182
0.5710000 -28.1978321
0.5720000 6.6530704
0.5730000 -11.6273155
0.5740000 39.6146164
0.5750000 -2.5465353
0.5760000 31.2187099
0.5770000 -13.4989510
0.5780000 -38.7344131
0.5790000 -17.9266071
0.5800000 -30.1374168
0.5810000 -65.5775604
0.5820000 -48.8875237
0.5830000 49.3695717
0.5840000 24.0359383
0.5850000 -26.7886105
0.5860000 21.2651424
0.5870000 -35.2921181
0.5880000 -71.6367493
0.5890000 40.8448410
0.5900000 -28.4173107
0.5910000 -29.4924526
0.5920000 31.1707764
0.5930000 -19.5673676
0.5940000 7.7453732
0.5950000 25.8360691
0.5960000 -7.3333726
0.5970000 -23.8899727
0.5980000 -13.2019901
0.5990000 9.5114279
0.6000000 47.4167252
0.6010000 -11.3103218
0.6020000 93.5479736
0.6030000 -27.7506027
0.6040000 28.9424324
0.6050000 10.6290951
0.6060000 -27.0017738
0.6070000 -40.0146027
0.6080000 -17.2814331
0.6090000 -7.8153453
0.6100000 15.9565687
0.6110000 -33.2020836
0.6120000 -0.8993381
0.6130000 -25.2849808
0.6140000 -2.1201465
0.6150000 -26.1791248
0.6160000 -51.0799332
0.6170000 32.3958855
0.6180000 -39.5372047
0.6190000 -38.1425819
0.6200000 -19.0646973
0.6210000 -53.7416878
0.6220000 21.1085835
0.6230000 -30.8811321
0.6240000 8.9803953
0.6250000 29.4010391
0.6260000 -64.3185501
0.6270000 -5.3173332
0.6280000 36.6785278
0.6290000 -38.2753105
0.6300000 4.4246178
0.6310000 -31.5344143
0.6320000 -8.5696373
0.6330000 -19.6485748
0.6340000 -12.9668941
0.6350000 8.5212870
0.6360000 -6.4163380
0.6370000 25.9763069
0.6380000 2.4641509
0.6390000 69.0311966
0.6400000 -64.7979202
0.6410000 -25.6086292
0.6420000 -8.3071232
0.6430000 -18.8184204
0.6440000 21.1003056
0.6450000 -28.0194454
0.6460000 25.9596386
0.6470000 -15.6823139
0.6480000 9.3812914
0.6490000 15.6778278
0.6500000 36.7293587
0.6510000 -31.2525024
0.6520000 18.1105595
0.6530000 26.1779556
0.6540000 12.4142332
0.6550000 -0.5437940
0.6560000 16.4519711
0.6570000 -21.2966461
0.6580000 -8.8080063
0.6590000 -5.1125431
0.6600000 -6.2565846
0.6610000 28.1154346
0.6620000 26.8376904
0.6630000 29.8545513
0.6640000 44.8100319
0.6650000 -17.9732132
0.6660000 4.6197453
0.6670000 9.0949879
0.6680000 2.0121024
0.6690000 41.3049622
0.6700000 5.9605331
0.6710000 55.8942184
0.6720000 -20.6806240
0.6730000 -55.8520508
0.6740000 25.1261559
0.6750000 -4.6485395
0.6760000 82.3527832
0.6770000 10.6424856
0.6780000 45.1806755
0.6790000 -0.2170835
0.6800000 -7.5320873
0.6810000 13.2080164
0.6820000 -1.1101778
0.6830000 21.8700886
0.6840000 -44.3412132
0.6850000 36.1177292
0.6860000 -8.3947697
0.6870000 21.1010838
0.6880000 27.1757622
0.6890000 -69.4424591
0.6900000 0.4738354
0.6910000 -24.2666988
0.6920000 -53.3646126
0.6930000 1.8892612
0.6940000 -17.9023457
0.6950000 10.7517176
0.6960000 22.4683685
0.6970000 14.0088558
0.6980000 -20.4749947
0.6990000 8.6009169
0.7000000 -29.6250763
0.7010000 4.4509015
0.7020000 35.3810768
0.7030000 43.3472977
0.7040000 38.6823959
0.7050000 12.1870031
0.7060000 -81.9044266
0.7070000 -7.9416609
0.7080000 -16.0534153
0.7090000 -50.6489525
0.7100000 5.9975576
0.7110000 44.3733292
0.7120000 29.0088043
0.7130000 -1.0061917
0.7140000 3.2516239
0.7150000 -18.9514008
0.7160000 37.0810928
0.7170000 -10.3875637
0.7180000 -54.5982285
0.7190000 28.6020317
0.7200000 38.8305092
0.7210000 25.7952557
0.7220000 -6.3190260
0.7230000 -27.2420902
0.7240000 -1.5977738
0.7250000 -18.3288097
0.7260000 4.0048261
0.7270000 -15.7350874
0.7280000 18.0911655
0.7290000 -35.8691826
0.7300000 -47.1147041
0.7310000 -25.0998631
0.7320000 -11.5666857
0.7330000 -37.4875984
0.7340000 15.4496908
0.7350000 84.5640945
0.7360000 -9.5018024
0.7370000 -7.1009812
0.7380000 68.0740585
0.7390000 8.8101892
0.7400000 73.6977463
0.7410000 72.2664032
0.7420000 17.9962769
0.7430000 25.4130573
0.7440000 4.0627208
0.7450000 -0.2187905
0.7460000 -82.3910980
0.7470000 -37.9578934
0.7480000 -52.1737137
0.7490000 -42.9907227
0.7500000 8.5575228
0.7510000 32.4120712
0.7520000 8.4527674
0.7530000 -51.5289001
0.7540000 9.7741137
0.7550000 -51.4807434
0.7560000 -30.5669632
0.7570000 -29.9884720
0.7580000 -8.3810406
0.7590000 -4.5556149
0.7600000 -5.8322129
0.7610000 28.3819275
0.7620000 -32.1538048
0.7630000 -4.9231868
0.7640000 -5.7144499
0.7650000 17.4843330
0.7660000 -0.8684672
0.7670000 -19.0970230
0.7680000 -61.6120872
0.7690000 -31.5531902
0.7700000 31.5441437
0.7710000 33.1948357
0.7720000 6.5760055
0.7730000 -88.0119781
0.7740000 -4.1957998
0.7750000 7.1398554
0.7760000 -46.2565308
0.7770000 22.6858749
0.7780000 -45.5054703
0.7790000 33.2098007
0.7800000 -3.3801661
0.7810000 22.2648277
0.7820000 -15.9257250
0.7830000 48.1241188
0.7840000 -28.8658180
0.7850000 41.3317070
0.7860000 67.9267120
0.7870000 32.5731087
0.7880000 28.4206543
0.7890000 25.7018795
0.7900000 -8.9818554
0.7910000 -62.7012939
0.7920000 -11.9683561
0.7930000 9.9973307
0.7940000 41.3747826
0.7950000 20.9707642
0.7960000 -1.3905194
0.7970000 55.6520576
0.7980000 15.7083654
0.7990000 8.8738050
0.8000000 -18.0738602
0.8010000 -34.8123512
0.8020000 -25.5408306
0.8030000 42.3141823
0.8040000 25.4261360
0.8050000 -5.5423732
0.8060000 -40.2695389
0.8070000 0.8883869
0.8080000 -49.1459541
0.8090000 21.5375099
0.8100000 5.5600119
0.8110000 -4.6565847
0.8120000 20.1891537
0.8130000 -32.8222122
0.8140000 -6.4887390
0.8150000 21.2202053
0.8160000 42.3118553
0.8170000 65.4468079
0.8180000 1.1270623
0.8190000 -23.3736191
0.8200000 -16.0837593
0.8210000 -39.1597595
0.8220000 46.2972374
0.8230000 -44.7560158
0.8240000 18.5304527
0.8250000 65.8871613
0.8260000 21.8650417
0.8270000 -31.3187752
0.8280000 -31.3815784
0.8290000 -8.2291250
0.8300000 -8.9924488
0.8310000 4.0666537
0.8320000 -1.8504975
0.8330000 10.6375961
0.8340000 -21.7840729
0.8350000 -28.3031349
0.8360000 24.5697079
0.8370000 -8.9968052
0.8380000 -39.6877594
0.8390000 -33.3500595
0.8400000 2.2301755
0.8410000 19.8970356
0.8420000 -81.3447876
0.8430000 -23.7708836
0.8440000 -6.0683379
0.8450000 0.2355051
0.8460000 -26.1666660
0.8470000 -45.2102585
0.8480000 57.1199570
0.8490000 -13.9373302
0.8500000 54.7902451
0.8510000 39.1255684
0.8520000 27.3245335
0.8530000 33.6273575
0.8540000 22.0880432
0.8550000 44.0088539
0.8560000 -52.7565193
0.8570000 5.9671893
0.8580000 -28.3474503
0.8590000 2.3137891
0.8600000 30.5591316
0.8610000 -11.8196850
0.8620000 28.3332272
0.8630000 11.6863918
0.8640000 -25.7788162
0.8650000 -20.3723717
0.8660000 -37.3290749
0.8670000 -15.3026342
0.8680000 48.0276794
0.8690000 101.3694229
0.8700000 -31.3771267
0.8710000 3.3087139
0.8720000 8.9363203
0.8730000 18.9930344
0.8740000 -1.7300801
0.8750000 -40.2912178
0.8760000 4.4724622
0.8770000 -1.1335545
0.8780000 -44.4206390
0.8790000 -4.0413165
0.8800000 34.2788315
0.8810000 29.4133587
0.8820000 -64.1946030
0.8830000 9.3907824
0.8840000 89.6195602
0.8850000 -11.6123381
0.8860000 -51.8863449
0.8870000 -10.1574230
0.8880000 -11.8205090
0.8890000 16.7199898
0.8900000 -9.8907261
0.8910000 51.9291115
0.8920000 -2.3315170
0.8930000 -13.5163126
0.8940000 2.9414642
0.8950000 24.8665142
0.8960000 14.1190186
0.8970000 -11.9513845
0.8980000 12.0668039
0.8990000 5.2725983
0.9000000 -5.1975374
0.9010000 11.5368891
0.9020000 1.1116467
0.9030000 23.8701172
0.9040000 -63.4754753
0.9050000 -10.5214071
0.9060000 22.1632690
0.9070000 -30.0428009
0.9080000 19.7353935
0.9090000 34.7770119
0.9100000 -58.4721680
0.9110000 -30.2086868
0.9120000 63.2357407
0.9130000 67.2399826
0.9140000 7.8353715
0.9150000 -21.0100956
0.9160000 -41.2229843
0.9170000 14.8970556
0.9180000 -34.5840569
0.9190000 46.1928711
0.9200000 86.4150238
0.9210000 15.6743908
0.9220000 -71.8942719
0.9230000 -17.6193027
0.9240000 4.9263449
0.9250000 -6.9064221
0.9260000 8.5665407
0.9270000 -30.6592598
0.9280000 25.7209034
0.9290000 7.7352743
0.9300000 3.2113864
0.9310000 8.9196663
0.9320000 -10.4396315
0.9330000 -44.1558762
0.9340000 35.1682243
0.9350000 19.5441093
0.9360000 -44.0088692
0.9370000 -24.7037563
0.9380000 -19.6951370
0.9390000 -19.0704632
0.9400000 29.3024197
0.9410000 54.8928070
0.9420000 28.5242519
0.9430000 -27.7745361
0.9440000 -14.9574881
0.9450000 -51.3566284
0.9460000 24.0102310
0.9470000 -4.2657766
0.9480000 10.1413631
0.9490000 28.0153255
0.9500000 -1.9320583
0.9510000 -59.3928108
0.9520000 14.9215231
0.9530000 81.0265198
0.9540000 5.4637151
0.9550000 19.1908779
0.9560000 -86.9841385
0.9570000 -44.0897408
0.9580000 -30.3028545
0.9590000 24.6054440
0.9600000 -30.2273579
0.9610000 -4.8092828
0.9620000 -21.2737122
0.9630000 -24.7404976
0.9640000 30.7553844
0.9650000 -96.8773651
0.9660000 -39.9338608
0.9670000 -46.6308060
0.9680000 -21.2026978
0.9690000 -39.9994431
0.9700000 47.5252342
0.9710000 -32.4735794
0.9720000 -17.8735085
0.9730000 -6.0526161
0.9740000 -17.5214176
0.9750000 -2.7857037
0.9760000 -6.6676774
0.9770000 46.9984283
0.9780000 -15.0368052
0.9790000 -0.7918674
0.9800000 -4.1755991
0.9810000 8.8627281
0.9820000 11.8567047
0.9830000 -65.9367599
0.9840000 3.6766310
0.9850000 -22.8663578
0.9860000 10.3313189
0.9870000 -34.2039261
0.9880000 -43.0202141
0.9890000 89.5190582
0.9900000 -36.3744240
0.9910000 21.0743237
0.9920000 -15.1861839
0.9930000 32.5505791
0.9940000 -4.7690077
0.9950000 13.1784439
0.9960000 60.0125084
0.9970000 -2.0679245
0.9980000 22.4941502
0.9990000 7.4840660
