0.0000000 1.3260890
0.0010000 26.5162125
0.0020000 25.0304966
0.0030000 28.0437870
0.0040000 -1.0983127
0.0050000 -40.4361305
0.0060000 10.5238867
0.0070000 -29.1228294
0.0080000 -55.3519402
0.0090000 51.4688339
0.0100000 -26.7754345
0.0110000 21.6594219
0.0120000 -14.8081617
0.0130000 -51.8085823
0.0140000 -10.6816721
0.0150000 56.0731583
0.0160000 9.9995966
0.0170000 28.8880081
0.0180000 -39.9860115
0.0190000 -79.6427536
0.0200000 -27.5627670
0.0210000 16.4729538
0.0220000 -25.9121170
0.0230000 17.5792236
0.0240000 -5.4917583
0.0250000 70.9272003
0.0260000 -17.3898945
0.0270000 -23.4542923
0.0280000 6.4174147
0.0290000 7.0101166
0.0300000 -39.8217278
0.0310000 58.8027611
0.0320000 -63.2421188
0.0330000 -17.1291084
0.0340000 -4.3748121
0.0350000 -73.8028717
0.0360000 19.3575649
0.0370000 63.5514107
0.0380000 45.5634766
0.0390000 -4.3604221
0.0400000 -16.4543781
0.0410000 -0.1936932
0.0420000 44.0126190
0.0430000 -49.5951920
0.0440000 -13.2134304
0.0450000 3.4183302
0.0460000 -63.9744492
0.0470000 22.5906944
0.0480000 -6.2632332
0.0490000 61.4475670
0.0500000 -37.0791702
0.0510000 -8.3477468
0.0520000 -1.2576001
0.0530000 36.1505737
0.0540000 10.7530384
0.0550000 -29.0377731
0.0560000 59.9650536
0.0570000 -40.3127441
0.0580000 42.5851479
0.0590000 -25.0775299
0.0600000 -55.8760910
0.0610000 -43.0486374
0.0620000 41.5458679
0.0630000 -3.3742075
0.0640000 -23.3485374
0.0650000 -28.1633911
0.0660000 -14.5522327
0.0670000 71.0814667
0.0680000 14.2862320
0.0690000 49.0487556
0.0700000 -15.5786314
0.0710000 60.8463593
0.0720000 -32.4639587
0.0730000 2.7386315
0.0740000 -7.8187785
0.0750000 40.9999504
0.0760000 36.1525383
0.0770000 23.4661579
0.0780000 64.7016754
0.0790000 66.0848999
0.0800000 -68.2865982
0.0810000 47.1386681
0.0820000 47.8107300
0.0830000 -4.1435008
0.0840000 -34.9814072
0.0850000 -49.3852577
0.0860000 -39.0926781
0.0870000 -4.4626989
0.0880000 -6.2952576
0.0890000 -29.9229603
0.0900000 32.4290390
0.0910000 35.6822166
0.0920000 -18.9353867
0.0930000 -6.7365403
0.0940000 35.0146751
0.0950000 -10.0092106
0.0960000 52.3809090
0.0970000 -10.4350166
0.0980000 27.2717819
0.0990000 -41.9336624
0.1000000 -30.9461346
0.1010000 113.9764328
0.1020000 47.0464668
0.1030000 4.1839290
0.1040000 -2.3793650
0.1050000 7.9455585
0.1060000 56.0962524
0.1070000 -13.9665604
0.1080000 -42.5237579
0.1090000 21.9762917
0.1100000 32.0953445
0.1110000 46.6385460
0.1120000 -11.0283928
0.1130000 56.3218842
0.1140000 14.7758236
0.1150000 7.9549117
0.1160000 -54.0899582
0.1170000 16.7577267
0.1180000 23.9258766
0.1190000 14.8561707
0.1200000 49.1836128
0.1210000 -25.1996212
0.1220000 -24.2163353
0.1230000 34.0010338
0.1240000 47.4420853
0.1250000 -4.9960966
0.1260000 -14.7000828
0.1270000 24.6172066
0.1280000 -55.4130020
0.1290000 6.7427592
0.1300000 51.8177872
0.1310000 38.9050598
0.1320000 -18.7862244
0.1330000 69.3549805
0.1340000 -24.4122219
0.1350000 10.6361456
0.1360000 -40.8380966
0.1370000 12.1480579
0.1380000 -24.4030361
0.1390000 6.4814372
0.1400000 7.1423106
0.1410000 20.3089542
0.1420000 -8.1320696
0.1430000 54.6169548
0.1440000 -7.1759439
0.1450000 5.4201074
0.1460000 10.3106689
0.1470000 86.9715576
0.1480000 52.5904846
0.1490000 35.4504929
0.1500000 12.4682102
0.1510000 -1.9713488
0.1520000 -4.0744066
0.1530000 -13.9089594
0.1540000 15.5774078
0.1550000 -28.6735840
0.1560000 37.0931702
0.1570000 25.7465973
0.1580000 -20.9911289
0.1590000 27.8222504
0.1600000 15.2912626
0.1610000 26.6250439
0.1620000 -23.6803379
0.1630000 -12.4949608
0.1640000 -29.2732906
0.1650000 -28.6720104
0.1660000 41.8152390
0.1670000 -64.8432770
0.1680000 -12.3046761
0.1690000 -2.6047602
0.1700000 17.6808243
0.1710000 35.0505295
0.1720000 7.0917692
0.1730000 6.1860151
0.1740000 9.0544939
0.1750000 -36.2824936
0.1760000 -52.5232964
0.1770000 35.5403214
0.1780000 -9.6741276
0.1790000 -18.6136093
0.1800000 12.6953135
0.1810000 -13.3727722
0.1820000 9.6509132
0.1830000 -10.4905376
0.1840000 57.2577515
0.1850000 27.3443012
0.1860000 -10.8049545
0.1870000 -24.2012691
0.1880000 -64.9433136
0.1890000 -7.4800749
0.1900000 -31.9105110
0.1910000 19.8972969
0.1920000 -61.2270813
0.1930000 -15.7017422
0.1940000 -3.7420108
0.1950000 8.7863102
0.1960000 30.0321999
0.1970000 35.4426498
0.1980000 13.3919582
0.1990000 -18.9873066
0.2000000 18.1169357
0.2010000 -63.3047562
0.2020000 -23.4696102
0.2030000 -5.8566751
0.2040000 -4.9125633
0.2050000 -38.7558403
0.2060000 42.8227425
0.2070000 55.5974808
0.2080000 -48.6778297
0.2090000 1.0288696
0.2100000 -1.0222634
0.2110000 9.3049135
0.2120000 -14.7740240
0.2130000 -22.3570175
0.2140000 -40.3163452
0.2150000 -20.0019569
0.2160000 -57.2414169
0.2170000 40.4005775
0.2180000 -25.4871502
0.2190000 27.1967258
0.2200000 -79.6321487
0.2210000 72.4524155
0.2220000 -0.4505489
0.2230000 -6.1066527
0.2240000 -0.6502333
0.2250000 -5.3629441
0.2260000 25.0046749
0.2270000 -24.7714214
0.2280000 -9.4836512
0.2290000 -8.8571959
0.2300000 2.8473563
0.2310000 -48.7164383
0.2320000 -9.0248508
0.2330000 13.6239414
0.2340000 19.9321232
0.2350000 38.8862686
0.2360000 -14.6880941
0.2370000 15.8272877
0.2380000 4.7920623
0.2390000 7.9273157
0.2400000 -20.9489555
0.2410000 2.7722867
0.2420000 22.2676907
0.2430000 14.3470755
0.2440000 -33.2320976
0.2450000 82.0721817
0.2460000 62.2780724
0.2470000 -5.7443495
0.2480000 -41.0758324
0.2490000 36.6461105
0.2500000 17.3365059
0.2510000 26.6554680
0.2520000 -1.7779508
0.2530000 9.8567772
0.2540000 -6.6086302
0.2550000 47.4032745
0.2560000 6.2591701
0.2570000 2.1808414
0.2580000 20.8646927
0.2590000 60.9574585
0.2600000 2.0074084
0.2610000 -24.9389915
0.2620000 15.2507601
0.2630000 -51.2858696
0.2640000 -13.2262249
0.2650000 19.2192192
0.2660000 -24.4718513
0.2670000 55.6275406
0.2680000 17.4426632
0.2690000 8.4670105
0.2700000 15.0322227
0.2710000 2.5239871
0.2720000 9.6786585
0.2730000 -9.6322975
0.2740000 -45.7774773
0.2750000 -1.6038051
0.2760000 2.9492273
0.2770000 -10.7452765
0.2780000 -12.2351618
0.2790000 -14.5021620
0.2800000 -54.6182938
0.2810000 -5.5492582
0.2820000 52.0824471
0.2830000 68.3234253
0.2840000 -44.4545364
0.2850000 4.8034735
0.2860000 -3.7530384
0.2870000 -51.7437744
0.2880000 23.0558662
0.2890000 -11.6721888
0.2900000 13.3599720
0.2910000 30.3176975
0.2920000 12.7767191
0.2930000 7.3133359
0.2940000 -55.4938011
0.2950000 4.4482203
0.2960000 -19.6545315
0.2970000 -6.6344948
0.2980000 35.7674217
0.2990000 -3.4926424
0.3000000 3.3263888
0.3010000 12.6362333
0.3020000 10.2433271
0.3030000 -27.3602123
0.3040000 3.3348773
0.3050000 -27.2271214
0.3060000 -2.6898150
0.3070000 6.1012506
0.3080000 -24.7223110
0.3090000 53.7452316
0.3100000 12.2917929
0.3110000 0.7990503
0.3120000 -28.0320282
0.3130000 -2.7112477
0.3140000 7.8186579
0.3150000 -56.2091484
0.3160000 37.6871719
0.3170000 -44.8397064
0.3180000 -21.6714630
0.3190000 -51.7762413
0.3200000 -23.8485394
0.3210000 -32.0519028
0.3220000 -25.5489025
0.3230000 29.9912128
0.3240000 -37.8046608
0.3250000 -22.8031712
0.3260000 -52.8886528
0.3270000 -26.0328941
0.3280000 50.3393097
0.3290000 29.3188438
0.3300000 15.0032883
0.3310000 -25.0307751
0.3320000 15.5287237
0.3330000 -31.0069180
0.3340000 -10.3802576
0.3350000 -23.8909531
0.3360000 27.7576828
0.3370000 -5.4599104
0.3380000 -51.4658661
0.3390000 5.8046942
0.3400000 55.8028793
0.3410000 12.3730564
0.3420000 18.1820068
0.3430000 -3.7150216
0.3440000 -15.8840580
0.3450000 12.1913824
0.3460000 -44.4194794
0.3470000 52.3599510
0.3480000 -22.6369724
0.3490000 -12.8721380
0.3500000 -6.9706154
0.3510000 13.8561220
0.3520000 14.3237286
0.3530000 59.2361374
0.3540000 -57.4616890
0.3550000 16.4215870
0.3560000 -3.2679620
0.3570000 -0.1061437
0.3580000 -10.9478607
0.3590000 -16.4562168
0.3600000 -16.0139923
0.3610000 38.2754517
0.3620000 10.9293652
0.3630000 11.2015219
0.3640000 25.3943806
0.3650000 14.1496429
0.3660000 -14.3940163
0.3670000 23.3920898
0.3680000 -18.0181599
0.3690000 -29.3320084
0.3700000 13.8076410
0.3710000 25.8344994
0.3720000 47.8435860
0.3730000 25.6365795
0.3740000 23.9729843
0.3750000 42.2030334
0.3760000 -9.7689981
0.3770000 23.2285748
0.3780000 8.1506901
0.3790000 8.0693703
0.3800000 46.6370850
0.3810000 -39.6187134
0.3820000 -11.4928141
0.3830000 18.0475712
0.3840000 -7.9430456
0.3850000 5.3621488
0.3860000 39.1396217
0.3870000 34.9201279
0.3880000 17.0499687
0.3890000 -17.5719070
0.3900000 0.5259694
0.3910000 -24.3670483
0.3920000 25.0682545
0.3930000 68.0191345
0.3940000 -47.9722939
0.3950000 22.4819431
0.3960000 31.3113022
0.3970000 -54.4341545
0.3980000 31.2659626
0.3990000 -72.5287781
0.4000000 -14.2741909
0.4010000 -29.0924721
0.4020000 49.4959488
0.4030000 37.8916359
0.4040000 5.5785289
0.4050000 -3.7697186
0.4060000 -10.8827019
0.4070000 16.9720669
0.4080000 -30.5750923
0.4090000 -25.6309776
0.4100000 -25.8239899
0.4110000 -25.3836956
0.4120000 -8.4152451
0.4130000 46.3949127
0.4140000 -26.8476124
0.4150000 12.6607447
0.4160000 7.0857973
0.4170000 -1.9507210
0.4180000 -13.4173555
0.4190000 11.1442776
0.4200000 46.9370766
0.4210000 -71.6349411
0.4220000 18.4420147
0.4230000 36.1476898
0.4240000 39.8917770
0.4250000 -56.2503967
0.4260000 -17.1748600
0.4270000 41.6597900
0.4280000 -5.9121718
0.4290000 -15.9066038
0.4300000 11.2662067
0.4310000 -20.7742786
0.4320000 -42.2772636
0.4330000 -1.9828943
0.4340000 6.7017441
0.4350000 -15.5343151
0.4360000 -66.8709488
0.4370000 -21.2501698
0.4380000 -6.2396336
0.4390000 -36.4168892
0.4400000 -21.8015308
0.4410000 -12.0976515
0.4420000 -33.4239616
0.4430000 -57.7878685
0.4440000 -35.8970947
0.4450000 18.5535316
0.4460000 11.9610605
0.4470000 -35.6784782
0.4480000 37.8073311
0.4490000 90.2164612
0.4500000 -44.9067497
0.4510000 76.0231857
0.4520000 22.2555923
0.4530000 0.8266480
0.4540000 21.8177166
0.4550000 -25.3207378
0.4560000 17.8516502
0.4570000 39.4032516
0.4580000 -49.0277939
0.4590000 -12.1685524
0.4600000 -6.3475776
0.4610000 35.7666740
0.4620000 24.7339935
0.4630000 -37.8819733
0.4640000 8.3373413
0.4650000 22.4477539
0.4660000 8.1498270
0.4670000 -52.2695351
0.4680000 -50.1065254
0.4690000 -19.5837879
0.4700000 -3.9657786
0.4710000 -38.9035835
0.4720000 -70.0485306
0.4730000 26.9677830
0.4740000 -47.8598022
0.4750000 4.2841001
0.4760000 16.8749981
0.4770000 -8.5211029
0.4780000 1.1860915
0.4790000 -16.6814651
0.4800000 -34.1110458
0.4810000 -37.5311012
0.4820000 85.9258270
0.4830000 -52.1676903
0.4840000 54.0256195
0.4850000 -15.0490761
0.4860000 -34.2081108
0.4870000 23.0829201
0.4880000 26.3522015
0.4890000 -11.5789900
0.4900000 33.1797218
0.4910000 54.5769310
0.4920000 38.1197968
0.4930000 -39.3530540
0.4940000 -31.4961243
0.4950000 -11.0386086
0.4960000 -1.1079646
0.4970000 -22.5916405
0.4980000 -1.8798897
0.4990000 -42.9325371
0.5000000 1.3642234
0.5010000 25.6387978
0.5020000 43.9845047
0.5030000 2.6680651
0.5040000 -1.9414643
0.5050000 -17.3993759
0.5060000 -20.5922832
0.5070000 -5.9845176
0.5080000 -15.3358536
0.5090000 13.3363781
0.5100000 -34.7892075
0.5110000 -33.2830124
0.5120000 66.9267883
0.5130000 36.1194344
0.5140000 20.2154179
0.5150000 7.3997512
0.5160000 -75.8035355
0.5170000 44.1825638
0.5180000 -39.8408356
0.5190000 60.4239197
0.5200000 40.6856918
0.5210000 -27.0191383
0.5220000 16.1545773
0.5230000 -4.7684422
0.5240000 37.1974258
0.5250000 23.2607536
0.5260000 -50.0199471
0.5270000 -21.7583618
0.5280000 80.3792496
0.5290000 3.9432144
0.5300000 49.5714760
0.5310000 17.6451855
0.5320000 45.6849709
0.5330000 -87.3342819
0.5340000 33.8188324
0.5350000 -26.7307987
0.5360000 -66.2605515
0.5370000 -2.4239295
0.5380000 -7.7591333
0.5390000 68.3532410
0.5400000 -12.6242170
0.5410000 3.0977945
0.5420000 -5.1147923
0.5430000 31.0732059
0.5440000 13.3576469
0.5450000 -21.9130173
0.5460000 -16.7769642
0.5470000 2.6115043
0.5480000 73.3539581
0.5490000 -6.6777272
0.5500000 14.9912062
0.5510000 -19.0197411
0.5520000 32.3630066
0.5530000 -65.0942383
0.5540000 16.8387012
0.5550000 -23.9918537
0.5560000 -17.1887646
0.5570000 -7.8599362
0.5580000 -0.9100854
0.5590000 13.1342459
0.5600000 -19.6075134
0.5610000 53.6408653
0.5620000 -12.5675888
0.5630000 -21.3622093
0.5640000 -8.2283039
0.5650000 2.4263232
0.5660000 52.1480522
0.5670000 0.8161216
0.5680000 -28.4560356
0.5690000 -28.3454762
0.5700000 -7.4302487
0.5710000 -70.1763153
0.5720000 80.3731995
0.5730000 -10.5163174
0.5740000 -39.7969551
0.5750000 36.6455078
0.5760000 15.9937019
0.5770000 17.7571526
0.5780000 8.8838758
0.5790000 12.3116245
0.5800000 39.7961655
0.5810000 30.2139034
0.5820000 -21.2568417
0.5830000 -8.3534784
0.5840000 -42.5147476
0.5850000 -52.0397568
0.5860000 -50.3021431
0.5870000 6.8432474
0.5880000 15.3262253
0.5890000 -74.8213043
0.5900000 2.6872640
0.5910000 -39.7779312
0.5920000 10.1570005
0.5930000 32.3279228
0.5940000 9.8747330
0.5950000 42.8015327
0.5960000 15.9451571
0.5970000 25.6145630
0.5980000 -3.0306966
0.5990000 -30.5735188
0.6000000 1.8868673
0.6010000 23.0770760
0.6020000 15.3003445
0.6030000 46.6185722
0.6040000 -19.1346931
0.6050000 2.1265607
0.6060000 34.4471054
0.6070000 -11.5072536
0.6080000 -21.8504162
0.6090000 55.6874352
0.6100000 6.5597024
0.6110000 -1.8433977
0.6120000 5.4334445
0.6130000 -29.7251587
0.6140000 -15.2656136
0.6150000 -24.3837261
0.6160000 25.1411304
0.6170000 12.7807541
0.6180000 58.8437958
0.6190000 -21.8476162
0.6200000 55.6415367
0.6210000 -30.8794060
0.6220000 9.5687370
0.6230000 60.1694908
0.6240000 22.4727020
0.6250000 -3.8975706
0.6260000 20.9614067
0.6270000 -6.3292370
0.6280000 33.0859909
0.6290000 -1.4601905
0.6300000 65.4460678
0.6310000 -50.3635826
0.6320000 36.4387398
0.6330000 -51.6134415
0.6340000 22.1278477
0.6350000 -13.0373020
0.6360000 27.6695881
0.6370000 20.2733727
0.6380000 -51.2362671
0.6390000 -84.7335663
0.6400000 -20.7583961
0.6410000 89.8879623
0.6420000 -2.9249487
0.6430000 -0.4541031
0.6440000 4.4550571
0.6450000 -39.0128746
0.6460000 109.9493561
0.6470000 44.7404823
0.6480000 25.0065289
0.6490000 -20.7496185
0.6500000 3.4704947
0.6510000 10.6141567
0.6520000 54.7148514
0.6530000 17.9983311
0.6540000 -2.4218633
0.6550000 -11.4434586
0.6560000 1.6540562
0.6570000 27.8747234
0.6580000 -10.1466694
0.6590000 42.2130203
0.6600000 -71.8089447
0.6610000 -24.5622044
0.6620000 34.3629341
0.6630000 9.5919933
0.6640000 -23.7030125
0.6650000 -23.2948513
0.6660000 -35.7367935
0.6670000 8.0878878
0.6680000 -21.2078171
0.6690000 -29.0089760
0.6700000 34.2501373
0.6710000 -28.3443470
0.6720000 -2.0650258
0.6730000 -20.2253113
0.6740000 17.5479774
0.6750000 -7.1916742
0.6760000 -0.1616934
0.6770000 11.3578634
0.6780000 -87.8307343
0.6790000 25.0662498
0.6800000 30.0452232
0.6810000 -22.0389862
0.6820000 -14.1975002
0.6830000 19.6073284
0.6840000 -33.9505653
0.6850000 44.8467369
0.6860000 -1.5750932
0.6870000 -79.9209213
0.6880000 -28.0677490
0.6890000 -34.9516945
0.6900000 2.4655287
0.6910000 49.5223122
0.6920000 15.7212439
0.6930000 0.0310672
0.6940000 -27.3129692
0.6950000 -104.6233978
0.6960000 23.8008671
0.6970000 45.4002762
0.6980000 50.2348137
0.6990000 -21.4714241
0.7000000 19.1438026
0.7010000 33.7323494
0.7020000 -11.4727020
0.7030000 -11.2730780
0.7040000 2.6860387
0.7050000 -61.1823235
0.7060000 92.3933182
0.7070000 -61.8941307
0.7080000 34.0815773
0.7090000 -11.3067703
0.7100000 -16.2686749
0.7110000 34.8294601
0.7120000 29.7670345
0.7130000 51.2038460
0.7140000 -15.5373745
0.7150000 6.4110222
0.7160000 -9.0793457
0.7170000 -30.4517231
0.7180000 -26.3292427
0.7190000 70.7721024
0.7200000 -21.0144348
0.7210000 -8.0384426
0.7220000 7.1236048
0.7230000 28.8836231
0.7240000 -54.1351013
0.7250000 -17.0098858
0.7260000 47.7982254
0.7270000 -2.2873287
0.7280000 36.5809746
0.7290000 50.4542770
0.7300000 -29.6693192
0.7310000 -28.1165524
0.7320000 -38.5148163
0.7330000 4.5645342
0.7340000 22.8691387
0.7350000 -17.9661350
0.7360000 -52.4947968
0.7370000 -48.1663170
0.7380000 24.1588116
0.7390000 0.4057389
0.7400000 30.4529152
0.7410000 -24.5818691
0.7420000 31.8503647
0.7430000 65.1350708
0.7440000 -10.6354284
0.7450000 -35.8740578
0.7460000 -39.5502853
0.7470000 -18.5261688
0.7480000 -1.4761083
0.7490000 27.7909355
0.7500000 12.0373449
0.7510000 -10.7454824
0.7520000 -28.3730373
0.7530000 -12.4324722
0.7540000 15.3285513
0.7550000 2.2843888
0.7560000 -41.5511551
0.7570000 -24.8238449
0.7580000 -3.3077500
0.7590000 -11.3846550
0.7600000 22.7646523
0.7610000 -1.2331005
0.7620000 -36.0113678
0.7630000 7.7168088
0.7640000 -43.3128014
0.7650000 -37.1761742
0.7660000 14.1218119
0.7670000 56.9060974
0.7680000 -40.9188423
0.7690000 -2.2889142
0.7700000 -53.7362518
0.7710000 -47.3289070
0.7720000 6.4053416
0.7730000 -15.1965904
0.7740000 16.7153740
0.7750000 42.6446381
0.7760000 45.6012802
0.7770000 19.0056877
0.7780000 -8.6161833
0.7790000 20.1626816
0.7800000 -18.9572754
0.7810000 17.6545753
0.7820000 36.0532799
0.7830000 14.6463232
0.7840000 47.6256065
0.7850000 -55.8418045
0.7860000 -30.5066109
0.7870000 -49.0132790
0.7880000 -16.6919518
0.7890000 38.6250954
0.7900000 -29.6379948
0.7910000 -27.1439095
0.7920000 -36.5102882
0.7930000 10.3609200
0.7940000 -34.2502632
0.7950000 13.7489357
0.7960000 -14.2759476
0.7970000 -2.2039018
0.7980000 8.0245562
0.7990000 -48.2428093
0.8000000 -33.9750061
0.8010000 5.4485178
0.8020000 -34.8135147
0.8030000 -38.5869789
0.8040000 39.1986961
0.8050000 18.2061405
0.8060000 -19.8134842
0.8070000 -13.8685169
0.8080000 -30.9568539
0.8090000 -33.3498955
0.8100000 19.9279404
0.8110000 18.2755165
0.8120000 5.5286398
0.8130000 56.9847145
0.8140000 -31.8353119
0.8150000 -26.0526581
0.8160000 87.8862228
0.8170000 -0.5482035
0.8180000 -11.6677332
0.8190000 2.1471839
0.8200000 7.2101631
0.8210000 -31.4514942
0.8220000 4.6490841
0.8230000 -44.1051292
0.8240000 -9.9514084
0.8250000 3.0646698
0.8260000 25.1952190
0.8270000 18.0365829
0.8280000 17.5083618
0.8290000 47.7843208
0.8300000 26.7892685
0.8310000 13.8090878
0.8320000 14.4466467
0.8330000 -66.2776413
0.8340000 5.2902274
0.8350000 9.4738417
0.8360000 -37.0003967
0.8370000 -8.1734114
0.8380000 46.7932434
0.8390000 32.3514214
0.8400000 10.3569412
0.8410000 36.0064697
0.8420000 15.5285683
0.8430000 -9.8924608
0.8440000 13.3838787
0.8450000 22.9551620
0.8460000 3.0073011
0.8470000 13.0709486
0.8480000 1.9547030
0.8490000 -16.6003609
0.8500000 23.6051693
0.8510000 9.2501936
0.8520000 -27.1531086
0.8530000 -16.1178131
0.8540000 -7.7116189
0.8550000 91.8675308
0.8560000 22.3599796
0.8570000 37.2672806
0.8580000 -80.8805695
0.8590000 -6.7591634
0.8600000 6.2214761
0.8610000 -18.0214691
0.8620000 4.9093776
0.8630000 -4.0523562
0.8640000 6.0006099
0.8650000 52.4411621
0.8660000 6.0563416
0.8670000 5.1416774
0.8680000 3.9267747
0.8690000 56.0214500
0.8700000 -87.1744843
0.8710000 -12.0590506
0.8720000 44.5571404
0.8730000 -19.4149609
0.8740000 5.7480235
0.8750000 -57.0457115
0.8760000 31.7123718
0.8770000 -75.7719345
0.8780000 -10.2504177
0.8790000 -35.8437843
0.8800000 -8.3784637
0.8810000 6.6126428
0.8820000 -25.1096802
0.8830000 7.0334015
0.8840000 -25.3106918
0.8850000 -22.1526413
0.8860000 27.5516319
0.8870000 36.2703705
0.8880000 30.1829185
0.8890000 26.7640743
0.8900000 -67.5029602
0.8910000 57.6355476
0.8920000 23.9177380
0.8930000 -27.8192635
0.8940000 15.8587036
0.8950000 -25.5001297
0.8960000 -5.7834210
0.8970000 -49.0117989
0.8980000 31.7787743
0.8990000 -24.1718292
0.9000000 54.6079559
0.9010000 10.2700090
0.9020000 25.8010406
0.9030000 40.0920944
0.9040000 10.7246447
0.9050000 -0.8823299
0.9060000 -11.2733526
0.9070000 -5.5918694
0.9080000 -4.7858472
0.9090000 76.7738495
0.9100000 8.8804169
0.9110000 -53.6509209
0.9120000 -17.9848003
0.9130000 -80.9001465
0.9140000 47.9127426
0.9150000 16.2971153
0.9160000 -22.0453053
0.9170000 44.5885124
0.9180000 6.1999316
0.9190000 -37.2085495
0.9200000 35.6455345
0.9210000 -13.4663010
0.9220000 -66.0755692
0.9230000 65.0037308
0.9240000 25.0003052
0.9250000 -12.4794674
0.9260000 -1.1261941
0.9270000 -4.5411067
0.9280000 10.9302034
0.9290000 -55.6993637
0.9300000 -31.2975674
0.9310000 -24.3195457
0.9320000 -53.1831627
0.9330000 31.6281357
0.9340000 -22.8194294
0.9350000 -57.8374825
0.9360000 74.4259415
0.9370000 -54.0179520
0.9380000 -10.8906813
0.9390000 0.2905280
0.9400000 9.0628920
0.9410000 15.4280653
0.9420000 26.4695854
0.9430000 8.1883955
0.9440000 8.8634424
0.9450000 -17.6105118
0.9460000 -17.5609608
0.9470000 4.8797793
0.9480000 -47.1286125
0.9490000 6.5595026
0.9500000 -28.7023888
0.9510000 5.5061092
0.9520000 4.7806668
0.9530000 19.7843552
0.9540000 -7.9924817
0.9550000 -34.5325737
0.9560000 -53.8168068
0.9570000 -53.4827309
0.9580000 31.7942543
0.9590000 -11.0886250
0.9600000 29.3996525
0.9610000 -27.9238853
0.9620000 -29.6026497
0.9630000 44.7001686
0.9640000 -32.2347374
0.9650000 13.3573093
0.9660000 27.5755405
0.9670000 -10.1513605
0.9680000 14.6214952
0.9690000 -54.1058235
0.9700000 11.2919283
0.9710000 14.5160494
0.9720000 -27.3128166
0.9730000 19.5097256
0.9740000 -37.1237984
0.9750000 22.5505371
0.9760000 -16.7833195
0.9770000 -71.8237152
0.9780000 42.7529106
0.9790000 -6.0009322
0.9800000 -11.3331308
0.9810000 57.2577362
0.9820000 5.9016623
0.9830000 29.5295410
0.9840000 -17.4520245
0.9850000 -3.3426812
0.9860000 76.3432846
0.9870000 -59.2840538
0.9880000 51.5422745
0.9890000 52.5279922
0.9900000 42.4448166
0.9910000 -9.6290207
0.9920000 42.7267570
0.9930000 47.0170364
0.9940000 -31.0138130
0.9950000 20.9439087
0.9960000 -9.5899858
0.9970000 63.9058113
0.9980000 13.9008121
0.9990000 57.2290077
