0.0000000 37.1824951
0.0010000 9.3396368
0.0020000 38.4958229
0.0030000 0.7376666
0.0040000 -10.6223583
0.0050000 21.1167698
0.0060000 8.8207140
0.0070000 -6.3446259
0.0080000 -0.5720584
0.0090000 16.8328609
0.0100000 10.9878073
0.0110000 12.9374084
0.0120000 25.1557026
0.0130000 -1.0744764
0.0140000 -54.4939766
0.0150000 -63.6625786
0.0160000 15.7582893
0.0170000 -8.9514418
0.0180000 30.0352497
0.0190000 54.5791931
0.0200000 -22.1285591
0.0210000 -4.8118277
0.0220000 14.7675018
0.0230000 20.6271801
0.0240000 10.1793337
0.0250000 -14.4980793
0.0260000 7.0045900
0.0270000 -3.7237177
0.0280000 32.7868958
0.0290000 -29.3727779
0.0300000 -43.7455254
0.0310000 49.5527382
0.0320000 41.5777779
0.0330000 1.5891694
0.0340000 -85.8662643
0.0350000 55.9405479
0.0360000 -42.2959862
0.0370000 -58.5871735
0.0380000 -11.8215055
0.0390000 54.5264015
0.0400000 -5.9615998
0.0410000 -42.1408539
0.0420000 46.2110939
0.0430000 26.4835835
0.0440000 22.2723770
0.0450000 -8.3199825
0.0460000 -19.6411705
0.0470000 16.4045105
0.0480000 -35.9325600
0.0490000 -10.1354866
0.0500000 25.4638691
0.0510000 -66.7928696
0.0520000 -40.0573616
0.0530000 8.5831652
0.0540000 -3.7484128
0.0550000 -37.7497177
0.0560000 -34.1232300
0.0570000 -32.8693428
0.0580000 -29.9727612
0.0590000 -1.2937466
0.0600000 87.1960449
0.0610000 51.1231728
0.0620000 -29.8418407
0.0630000 -14.7642565
0.0640000 -45.4883537
0.0650000 -6.5578275
0.0660000 3.8759854
0.0670000 19.2692032
0.0680000 -22.3685818
0.0690000 21.2444534
0.0700000 20.4013977
0.0710000 -40.6302834
0.0720000 27.4507389
0.0730000 -29.9903202
0.0740000 55.9622803
0.0750000 3.1791039
0.0760000 1.2059839
0.0770000 -7.6946130
0.0780000 51.6148071
0.0790000 13.8400021
0.0800000 16.7429771
0.0810000 -33.1999702
0.0820000 65.3424225
0.0830000 17.2890835
0.0840000 -33.6275330
0.0850000 -14.5342569
0.0860000 28.8567791
0.0870000 23.0493088
0.0880000 21.4284458
0.0890000 49.6624756
0.0900000 77.1233139
0.0910000 8.6274366
0.0920000 -44.0187111
0.0930000 -10.8837566
0.0940000 9.2894630
0.0950000 8.4865847
0.0960000 1.5346264
0.0970000 8.2291193
0.0980000 -27.9140091
0.0990000 36.9939270
0.1000000 -30.2847462
0.1010000 15.1864433
0.1020000 -12.0663738
0.1030000 7.8834405
0.1040000 9.4238977
0.1050000 -60.7631416
0.1060000 -36.7426987
0.1070000 5.4784932
0.1080000 6.4650502
0.1090000 46.0156631
0.1100000 -38.5872803
0.1110000 -37.5672798
0.1120000 -38.2165527
0.1130000 -51.2400894
0.1140000 57.4904327
0.1150000 33.4633102
0.1160000 0.1229694
0.1170000 20.4297352
0.1180000 41.2917023
0.1190000 3.7703078
0.1200000 -14.0242538
0.1210000 -26.1753578
0.1220000 19.9686089
0.1230000 -36.3696632
0.1240000 -44.1615791
0.1250000 37.0207787
0.1260000 14.1309500
0.1270000 -14.3402147
0.1280000 4.7263999
0.1290000 45.9642639
0.1300000 46.5039978
0.1310000 35.9615707
0.1320000 -3.7515724
0.1330000 -30.7093544
0.1340000 -59.0757866
0.1350000 54.8988152
0.1360000 30.5644341
0.1370000 11.6857462
0.1380000 -60.6490784
0.1390000 28.9023800
0.1400000 -74.7233734
0.1410000 -21.4172935
0.1420000 13.0756407
0.1430000 -24.9254742
0.1440000 42.1456184
0.1450000 4.8514261
0.1460000 98.9639359
0.1470000 -13.6445551
0.1480000 21.9663124
0.1490000 45.9717941
0.1500000 5.1481586
0.1510000 -24.2345657
0.1520000 -64.8004303
0.1530000 17.0155525
0.1540000 38.7234116
0.1550000 13.5319462
0.1560000 -39.6220589
0.1570000 30.2339725
0.1580000 23.5232430
0.1590000 -26.2687435
0.1600000 37.5968933
0.1610000 3.2397511
0.1620000 -13.9404573
0.1630000 72.2800369
0.1640000 -7.8520594
0.1650000 -7.9418516
0.1660000 46.2370796
0.1670000 24.6099567
0.1680000 26.2687492
0.1690000 86.7400589
0.1700000 30.7039146
0.1710000 17.9144459
0.1720000 120.6259384
0.1730000 -0.7576208
0.1740000 -7.7214460
0.1750000 -5.5135841
0.1760000 -38.1812248
0.1770000 -10.1980200
0.1780000 78.5634613
0.1790000 -22.5676556
0.1800000 -56.3130608
0.1810000 20.1771812
0.1820000 -7.0306292
0.1830000 -53.8216019
0.1840000 -22.1253223
0.1850000 41.2351189
0.1860000 2.8774121
0.1870000 36.4563370
0.1880000 5.3167009
0.1890000 -3.0850487
0.1900000 -26.5328922
0.1910000 35.1586761
0.1920000 23.4231129
0.1930000 21.8787994
0.1940000 31.2779160
0.1950000 39.7058182
0.1960000 2.9246445
0.1970000 -15.3305197
0.1980000 28.0163651
0.1990000 1.1746842
0.2000000 73.2252655
0.2010000 -20.9311142
0.2020000 5.5252824
0.2030000 7.7010827
0.2040000 25.4025955
0.2050000 12.4376154
0.2060000 -1.9192435
0.2070000 -3.4594371
0.2080000 0.8244941
0.2090000 21.2908020
0.2100000 -91.9503479
0.2110000 11.5727787
0.2120000 -5.4353004
0.2130000 -3.2453666
0.2140000 34.2009735
0.2150000 -22.4455509
0.2160000 -67.3216019
0.2170000 -42.9282265
0.2180000 87.3381882
0.2190000 90.6413956
0.2200000 -72.5114975
0.2210000 -64.0523605
0.2220000 -11.3777914
0.2230000 8.4842596
0.2240000 67.4459381
0.2250000 61.8677979
0.2260000 2.7089400
0.2270000 32.8099670
0.2280000 50.3737030
0.2290000 42.3217888
0.2300000 -28.7051983
0.2310000 35.8635864
0.2320000 -17.5473652
0.2330000 41.7146683
0.2340000 -10.2642679
0.2350000 30.3956394
0.2360000 -8.2911720
0.2370000 -29.9528236
0.2380000 -42.1613693
0.2390000 -57.1599274
0.2400000 -9.2527628
0.2410000 -10.8531618
0.2420000 15.0606060
0.2430000 -8.6059685
0.2440000 9.7482023
0.2450000 -12.9307766
0.2460000 -9.9393377
0.2470000 39.9631310
0.2480000 11.3008490
0.2490000 6.8596296
0.2500000 13.6688051
0.2510000 52.8662682
0.2520000 -80.0378799
0.2530000 -20.9631844
0.2540000 -40.8042755
0.2550000 -37.7582932
0.2560000 -1.8438944
0.2570000 -4.6645074
0.2580000 -27.8575249
0.2590000 4.6144686
0.2600000 18.2494774
0.2610000 31.9027901
0.2620000 -28.6932621
0.2630000 -34.2831230
0.2640000 61.5989647
0.2650000 -20.3217793
0.2660000 -48.9863548
0.2670000 16.8658085
0.2680000 -25.4558907
0.2690000 21.4428501
0.2700000 32.9101944
0.2710000 -41.8635788
0.2720000 22.1580811
0.2730000 -56.7842407
0.2740000 16.2739201
0.2750000 -31.1679096
0.2760000 2.0868776
0.2770000 5.4627542
0.2780000 22.8703041
0.2790000 44.3003807
0.2800000 14.3951511
0.2810000 45.1695099
0.2820000 9.7881546
0.2830000 -26.7981873
0.2840000 -41.2604446
0.2850000 17.7522087
0.2860000 9.0261412
0.2870000 24.7325153
0.2880000 11.1847019
0.2890000 67.6806717
0.2900000 -6.8130808
0.2910000 -36.5569267
0.2920000 34.8725700
0.2930000 -23.5666199
0.2940000 -10.5854979
0.2950000 35.7913589
0.2960000 26.1296349
0.2970000 17.7089653
0.2980000 -23.5250835
0.2990000 89.9342728
0.3000000 63.3764267
0.3010000 46.2949524
0.3020000 63.3961525
0.3030000 -19.6528568
0.3040000 6.7335410
0.3050000 13.1411963
0.3060000 -43.6653671
0.3070000 -17.0095062
0.3080000 -13.2061157
0.3090000 37.6747894
0.3100000 58.2943993
0.3110000 79.9315186
0.3120000 -35.5842781
0.3130000 4.5323558
0.3140000 19.6675262
0.3150000 -28.5283604
0.3160000 -17.4378948
0.3170000 1.1891456
0.3180000 -2.6168587
0.3190000 -30.9811573
0.3200000 -12.1714621
0.3210000 -26.1637249
0.3220000 -3.3249016
0.3230000 -34.4848976
0.3240000 63.7459679
0.3250000 6.8322911
0.3260000 -43.6736031
0.3270000 -88.1079865
0.3280000 13.8464012
0.3290000 22.8594246
0.3300000 9.2493725
0.3310000 12.8431311
0.3320000 -60.5936127
0.3330000 -18.5118122
0.3340000 52.6274223
0.3350000 41.8837624
0.3360000 -9.1717253
0.3370000 40.5611877
0.3380000 -36.5262527
0.3390000 21.3587494
0.3400000 19.0923290
0.3410000 39.0892868
0.3420000 -20.5561676
0.3430000 -56.0579109
0.3440000 -22.9539204
0.3450000 -48.7441177
0.3460000 -29.7967358
0.3470000 110.8578568
0.3480000 -26.4091244
0.3490000 -31.3746529
0.3500000 25.4155941
0.3510000 3.1987107
0.3520000 54.6611404
0.3530000 24.7406197
0.3540000 15.4056950
0.3550000 37.5213737
0.3560000 -1.4070729
0.3570000 41.0170135
0.3580000 -12.7345943
0.3590000 -76.3063507
0.3600000 59.4645081
0.3610000 17.9915829
0.3620000 66.0043488
0.3630000 -17.6149673
0.3640000 -20.1645107
0.3650000 -12.4093103
0.3660000 -31.9588490
0.3670000 -39.5235023
0.3680000 -12.7746143
0.3690000 -37.6748924
0.3700000 20.6305275
0.3710000 -13.5656137
0.3720000 20.0707684
0.3730000 -8.7216711
0.3740000 22.1049061
0.3750000 -5.1331215
0.3760000 -25.9199085
0.3770000 -3.4761031
0.3780000 62.0513992
0.3790000 17.7326927
0.3800000 -20.0662193
0.3810000 41.4852715
0.3820000 -22.0180817
0.3830000 23.5785027
0.3840000 57.1106720
0.3850000 -26.1973305
0.3860000 -30.0288048
0.3870000 42.8184433
0.3880000 -14.2703371
0.3890000 74.5702209
0.3900000 1.0197493
0.3910000 21.0020542
0.3920000 -53.2335091
0.3930000 -14.3909674
0.3940000 7.9775472
0.3950000 1.7274503
0.3960000 -67.2678604
0.3970000 -40.3543587
0.3980000 -41.0909576
0.3990000 15.8342962
0.4000000 -44.4295273
0.4010000 27.5725155
0.4020000 22.1317368
0.4030000 2.5228665
0.4040000 43.1649361
0.4050000 64.3219757
0.4060000 -83.7554779
0.4070000 50.7680664
0.4080000 51.1331825
0.4090000 -65.1094437
0.4100000 91.6191483
0.4110000 15.2533464
0.4120000 75.9310303
0.4130000 -2.9859350
0.4140000 -17.6814404
0.4150000 -7.4305048
0.4160000 -74.7190323
0.4170000 -0.3177209
0.4180000 -0.5076561
0.4190000 43.9476967
0.4200000 12.6651402
0.4210000 73.1591873
0.4220000 -9.8835869
0.4230000 5.9096751
0.4240000 -47.1967125
0.4250000 -10.6058683
0.4260000 31.8054199
0.4270000 -15.9717302
0.4280000 59.0116119
0.4290000 24.9178371
0.4300000 19.8009968
0.4310000 63.1353722
0.4320000 17.6876659
0.4330000 -24.4984760
0.4340000 0.2144432
0.4350000 32.7999573
0.4360000 9.5738382
0.4370000 -10.0075188
0.4380000 -40.9437370
0.4390000 -67.2879333
0.4400000 10.4938173
0.4410000 -44.1622314
0.4420000 -7.2906046
0.4430000 44.2826767
0.4440000 8.5703030
0.4450000 34.9436722
0.4460000 29.3937359
0.4470000 -89.9665451
0.4480000 9.6487703
0.4490000 -1.1008446
0.4500000 -2.7343233
0.4510000 22.9305191
0.4520000 -16.0391941
0.4530000 -13.7484007
0.4540000 1.3109734
0.4550000 9.6700153
0.4560000 -6.0017471
0.4570000 28.9821796
0.4580000 34.6507339
0.4590000 -14.5295210
0.4600000 27.7626381
0.4610000 7.8082166
0.4620000 -39.6565475
0.4630000 11.3098059
0.4640000 -69.6196899
0.4650000 33.9444885
0.4660000 -46.5952530
0.4670000 7.1218877
0.4680000 -24.1491985
0.4690000 53.0667953
0.4700000 0.6971964
0.4710000 24.0332603
0.4720000 -22.6642437
0.4730000 9.7088842
0.4740000 -23.7037678
0.4750000 -39.9823151
0.4760000 -55.0063400
0.4770000 97.6914902
0.4780000 -40.5942345
0.4790000 -40.5061111
0.4800000 -7.4047956
0.4810000 -17.2077770
0.4820000 11.4648190
0.4830000 21.5117741
0.4840000 21.9312439
0.4850000 -55.6030312
0.4860000 9.6469707
0.4870000 -9.2666674
0.4880000 23.9325771
0.4890000 -36.3901367
0.4900000 -52.2007751
0.4910000 9.0299196
0.4920000 -6.6342559
0.4930000 34.5005875
0.4940000 7.0016103
0.4950000 -27.9441433
0.4960000 -6.2988853
0.4970000 49.3858376
0.4980000 -60.4053154
0.4990000 -10.6197968
0.5000000 72.7058563
0.5010000 -11.9313231
0.5020000 -2.3019929
0.5030000 -34.7645683
0.5040000 84.6289520
0.5050000 -12.1544189
0.5060000 8.6004477
0.5070000 -8.2477798
0.5080000 5.8838325
0.5090000 -15.0831699
0.5100000 -0.3051133
0.5110000 -12.2644396
0.5120000 74.3700790
0.5130000 -56.2201080
0.5140000 -1.6466036
0.5150000 -6.6225491
0.5160000 29.5248756
0.5170000 62.6007233
0.5180000 35.7530022
0.5190000 43.2513123
0.5200000 -2.5843740
0.5210000 11.5267839
0.5220000 -4.1598568
0.5230000 -7.9121184
0.5240000 -3.7385314
0.5250000 48.1623459
0.5260000 -15.7395811
0.5270000 -10.5962086
0.5280000 -6.1804934
0.5290000 -11.2157021
0.5300000 -30.0248356
0.5310000 17.4783306
0.5320000 -35.5238457
0.5330000 71.8319092
0.5340000 -22.0760117
0.5350000 10.1404715
0.5360000 -18.8292084
0.5370000 -7.8217144
0.5380000 -16.8508091
0.5390000 -6.1127310
0.5400000 7.8668065
0.5410000 26.2966824
0.5420000 -29.2545872
0.5430000 -14.1589098
0.5440000 35.0385361
0.5450000 6.4161844
0.5460000 40.9339180
0.5470000 64.8791580
0.5480000 -11.3889866
0.5490000 54.2082825
0.5500000 -36.7034302
0.5510000 18.3291626
0.5520000 11.0144510
0.5530000 -55.4712486
0.5540000 17.5633926
0.5550000 -2.8620985
0.5560000 26.7249489
0.5570000 50.4155884
0.5580000 7.2371573
0.5590000 34.7362595
0.5600000 24.3481197
0.5610000 18.7250671
0.5620000 -27.3562775
0.5630000 -10.7241344
0.5640000 46.9054222
0.5650000 37.3375397
0.5660000 -3.3075888
0.5670000 -64.1227951
0.5680000 -69.3974304
0.5690000 -17.9233246
0.5700000 1.3647681
0.5710000 23.0890045
0.5720000 -36.4102707
0.5730000 -57.0419044
0.5740000 -19.3166065
0.5750000 -27.5146008
0.5760000 -30.6757545
0.5770000 51.4578362
0.5780000 -41.1791344
0.5790000 -12.6798210
0.5800000 10.3227072
0.5810000 -46.2318268
0.5820000 -9.6222382
0.5830000 6.3415775
0.5840000 6.0388470
0.5850000 9.0970087
0.5860000 -4.4993310
0.5870000 -61.4269295
0.5880000 23.5154152
0.5890000 36.4639931
0.5900000 -16.0657368
0.5910000 -4.3593059
0.5920000 7.9049592
0.5930000 -12.6219330
0.5940000 -15.7717180
0.5950000 -58.9349403
0.5960000 -68.2980957
0.5970000 -31.2284184
0.5980000 -57.3012314
0.5990000 10.5926514
0.6000000 -14.1769371
0.6010000 -0.7069714
0.6020000 -29.4026527
0.6030000 -33.0182381
0.6040000 74.6029205
0.6050000 35.3449631
0.6060000 46.3502235
0.6070000 13.2996922
0.6080000 16.4281044
0.6090000 -26.4223804
0.6100000 48.2125206
0.6110000 -59.3619232
0.6120000 29.4006042
0.6130000 1.1478915
0.6140000 40.7719269
0.6150000 3.6470931
0.6160000 -20.6134491
0.6170000 11.6934938
0.6180000 36.3375969
0.6190000 18.8751984
0.6200000 -48.4445496
0.6210000 17.5277748
0.6220000 -3.9202757
0.6230000 23.6189404
0.6240000 27.8124390
0.6250000 -19.7170811
0.6260000 -43.8244133
0.6270000 -70.8787766
0.6280000 -59.2926598
0.6290000 -1.5772655
0.6300000 -31.4078045
0.6310000 -15.9075775
0.6320000 24.2526474
0.6330000 -8.9858847
0.6340000 0.1583086
0.6350000 -75.9544678
0.6360000 -4.1969838
0.6370000 -58.0484772
0.6380000 -28.6748066
0.6390000 54.3710785
0.6400000 -50.7429581
0.6410000 -20.4788113
0.6420000 21.0725040
0.6430000 -4.1219416
0.6440000 17.3071041
0.6450000 21.7895241
0.6460000 22.1689892
0.6470000 18.3230953
0.6480000 40.9792099
0.6490000 -38.5480843
0.6500000 84.8584137
0.6510000 55.3671989
0.6520000 -1.3132097
0.6530000 -5.2432880
0.6540000 -5.8982463
0.6550000 20.5886898
0.6560000 31.9818592
0.6570000 46.1344719
0.6580000 39.0867996
0.6590000 -1.1423850
0.6600000 -46.1379547
0.6610000 17.0150852
0.6620000 24.6283073
0.6630000 -49.4076271
0.6640000 -62.7339478
0.6650000 -55.3981590
0.6660000 30.1610203
0.6670000 14.6176815
0.6680000 -4.6912789
0.6690000 29.4001427
0.6700000 -7.3126254
0.6710000 -33.8324471
0.6720000 69.4799805
0.6730000 -21.4604588
0.6740000 -32.5479507
0.6750000 -10.4070425
0.6760000 -43.3266487
0.6770000 -27.9207611
0.6780000 27.7771111
0.6790000 -49.9639854
0.6800000 19.7083530
0.6810000 33.7373734
0.6820000 51.9291115
0.6830000 -71.1801910
0.6840000 -12.3601179
0.6850000 27.6083450
0.6860000 48.7420845
0.6870000 24.7523575
0.6880000 -23.6255322
0.6890000 -0.2020226
0.6900000 8.3615208
0.6910000 23.1474361
0.6920000 -28.4117146
0.6930000 -24.8115864
0.6940000 -3.9545293
0.6950000 30.0114460
0.6960000 -27.0469856
0.6970000 7.6383519
0.6980000 -17.0297279
0.6990000 28.6778774
0.7000000 50.9479637
0.7010000 -28.3674755
0.7020000 59.5751152
0.7030000 -19.0925045
0.7040000 -21.6349621
0.7050000 18.4486465
0.7060000 -10.8083181
0.7070000 -29.9378872
0.7080000 -33.0795441
0.7090000 1.8664365
0.7100000 54.4635124
0.7110000 29.5166225
0.7120000 43.6731491
0.7130000 -83.2630692
0.7140000 23.2022629
0.7150000 61.5499611
0.7160000 63.5538635
0.7170000 9.4189520
0.7180000 -54.0170822
0.7190000 -11.9487505
0.7200000 -36.7575569
0.7210000 51.1814919
0.7220000 -45.0762177
0.7230000 -3.4610934
0.7240000 -33.7845955
0.7250000 11.0863924
0.7260000 -47.4252357
0.7270000 -35.5932846
0.7280000 69.5132751
0.7290000 -62.1157799
0.7300000 -12.3808413
0.7310000 -49.9880600
0.7320000 -34.9067993
0.7330000 40.6489983
0.7340000 -38.2861099
0.7350000 43.3924599
0.7360000 68.9285965
0.7370000 -5.5302081
0.7380000 82.5381622
0.7390000 -19.1255569
0.7400000 -0.6576409
0.7410000 57.2058907
0.7420000 -4.5777392
0.7430000 7.9844146
0.7440000 -70.7577591
0.7450000 44.2355347
0.7460000 -4.4902768
0.7470000 -3.8190093
0.7480000 4.1974053
0.7490000 -11.9290934
0.7500000 -46.3077240
0.7510000 34.6108360
0.7520000 -0.8024127
0.7530000 -20.9214344
0.7540000 -22.7998199
0.7550000 -38.2058678
0.7560000 -39.8094597
0.7570000 12.6173620
0.7580000 9.9412174
0.7590000 -21.6330051
0.7600000 -32.8921242
0.7610000 -75.0562134
0.7620000 22.9538097
0.7630000 6.0363111
0.7640000 -1.3247318
0.7650000 -32.4350243
0.7660000 -5.9989977
0.7670000 -26.2630615
0.7680000 -36.0113411
0.7690000 33.8437195
0.7700000 -35.3253212
0.7710000 -13.4022121
0.7720000 -18.1715336
0.7730000 -11.9829006
0.7740000 80.1078949
0.7750000 46.1556549
0.7760000 25.2903366
0.7770000 31.7437115
0.7780000 -24.0500679
0.7790000 16.7792015
0.7800000 11.5110073
0.7810000 20.7145672
0.7820000 -3.4031632
0.7830000 39.7222824
0.7840000 53.8014450
0.7850000 -29.5865688
0.7860000 -4.2207294
0.7870000 67.5626450
0.7880000 -25.8273010
0.7890000 8.1882229
0.7900000 -46.0372849
0.7910000 40.2648430
0.7920000 -59.6150703
0.7930000 20.9388008
0.7940000 19.5235004
0.7950000 -26.8889999
0.7960000 -9.9284105
0.7970000 58.2411194
0.7980000 45.6382027
0.7990000 5.2120590
0.8000000 -10.2331762
0.8010000 47.5018311
0.8020000 30.3279819
0.8030000 29.4630432
0.8040000 13.2564306
0.8050000 31.2617035
0.8060000 -38.7567139
0.8070000 34.3787727
0.8080000 -10.8612738
0.8090000 -18.8468018
0.8100000 4.8389769
0.8110000 33.9424782
0.8120000 17.1666965
0.8130000 73.4556885
0.8140000 -2.4446399
0.8150000 -68.8872986
0.8160000 -28.8158569
0.8170000 26.2875690
0.8180000 49.2338409
0.8190000 -43.2476845
0.8200000 30.3530846
0.8210000 -23.1246319
0.8220000 -7.2572260
0.8230000 69.1632996
0.8240000 -18.4644890
0.8250000 14.3428297
0.8260000 7.6505408
0.8270000 -56.2007446
0.8280000 14.2425528
0.8290000 23.3985462
0.8300000 4.4879203
0.8310000 -59.6407509
0.8320000 39.8282661
0.8330000 -6.8394461
0.8340000 -5.4971256
0.8350000 -28.1821461
0.8360000 2.1322145
0.8370000 60.9007416
0.8380000 57.1695175
0.8390000 12.0118752
0.8400000 -32.2443237
0.8410000 48.5224571
0.8420000 -41.8263512
0.8430000 16.1987953
0.8440000 -64.5778351
0.8450000 76.3153458
0.8460000 3.7723732
0.8470000 25.6419849
0.8480000 -36.3419952
0.8490000 -22.7537537
0.8500000 27.7583961
0.8510000 5.5542879
0.8520000 -48.0160828
0.8530000 -11.7735062
0.8540000 2.1747518
0.8550000 36.7443085
0.8560000 15.5668554
0.8570000 33.1310272
0.8580000 -43.1235619
0.8590000 62.4609108
0.8600000 24.8816872
0.8610000 -45.1902008
0.8620000 9.5156984
0.8630000 49.7512932
0.8640000 -38.0112610
0.8650000 27.9612007
0.8660000 -0.1320090
0.8670000 -43.7806320
0.8680000 42.3351135
0.8690000 -14.2458315
0.8700000 18.5654755
0.8710000 -31.1582355
0.8720000 -19.1359921
0.8730000 -23.3614216
0.8740000 16.1172638
0.8750000 -5.2117977
0.8760000 54.9853592
0.8770000 -45.8075943
0.8780000 -21.0767612
0.8790000 -6.1005588
0.8800000 19.1992741
0.8810000 14.2621222
0.8820000 -9.2624807
0.8830000 -27.7803249
0.8840000 20.7144432
0.8850000 -17.6659622
0.8860000 49.3171234
0.8870000 48.2297592
0.8880000 -24.4967384
0.8890000 -2.1071343
0.8900000 -6.5523033
0.8910000 -60.5680885
0.8920000 10.6835928
0.8930000 -23.6486702
0.8940000 -0.6570917
0.8950000 -18.8607483
0.8960000 2.5202711
0.8970000 -80.3316498
0.8980000 -34.6700058
0.8990000 36.2617493
0.9000000 -7.0151324
0.9010000 -30.9183884
0.9020000 -3.8542464
0.9030000 -9.7518301
0.9040000 8.4587078
0.9050000 -72.7822037
0.9060000 13.9371281
0.9070000 -77.8697510
0.9080000 32.5394211
0.9090000 -1.3670547
0.9100000 -6.8796539
0.9110000 -1.6543946
0.9120000 -66.3077621
0.9130000 20.8050880
0.9140000 29.2075729
0.9150000 -2.0516071
0.9160000 -31.7978191
0.9170000 -38.9198456
0.9180000 29.5467052
0.9190000 77.5128021
0.9200000 12.0047760
0.9210000 -40.6340408
0.9220000 -29.6364937
0.9230000 -33.7402802
0.9240000 -34.8276749
0.9250000 24.2142105
0.9260000 -27.7910233
0.9270000 30.0575943
0.9280000 40.6840057
0.9290000 39.7769279
0.9300000 3.3195252
0.9310000 23.6948814
0.9320000 -0.7663453
0.9330000 -2.0573187
0.9340000 -22.9745045
0.9350000 -13.4489317
0.9360000 -74.5357971
0.9370000 70.3109207
0.9380000 -0.2254629
0.9390000 -27.5065041
0.9400000 -0.9137553
0.9410000 52.7479858
0.9420000 -20.3185558
0.9430000 1.9952495
0.9440000 12.1524220
0.9450000 72.3578186
0.9460000 4.6381469
0.9470000 34.5370140
0.9480000 -0.1512014
0.9490000 31.2362328
0.9500000 -0.7230859
0.9510000 -25.5939598
0.9520000 -34.7557220
0.9530000 -12.0451565
0.9540000 -66.1892395
0.9550000 -25.6689224
0.9560000 -0.6610003
0.9570000 64.8708344
0.9580000 -6.5208087
0.9590000 65.7603989
0.9600000 45.1276588
0.9610000 -57.6797256
0.9620000 28.2781601
0.9630000 -19.9369068
0.9640000 6.6996522
0.9650000 18.1814613
0.9660000 -34.1918335
0.9670000 -33.4842758
0.9680000 -64.4226913
0.9690000 -39.7066917
0.9700000 -46.7877541
0.9710000 -3.3140588
0.9720000 -12.8517742
0.9730000 -48.0566750
0.9740000 52.8776398
0.9750000 16.9038868
0.9760000 -35.4998436
0.9770000 0.9151462
0.9780000 -38.3210754
0.9790000 25.0862885
0.9800000 -61.3108368
0.9810000 -7.0824428
0.9820000 17.0022449
0.9830000 -31.8138504
0.9840000 4.1805429
0.9850000 19.0287647
0.9860000 24.3440323
0.9870000 -27.6180840
0.9880000 6.3592229
0.9890000 -2.5103374
0.9900000 -46.5101700
0.9910000 -14.8027096
0.9920000 -28.9237633
0.9930000 -14.2770939
0.9940000 46.0155716
0.9950000 -51.9151726
0.9960000 63.1824799
0.9970000 -34.8989830
0.9980000 57.8175735
0.9990000 53.3773727
