0.0000000 -28.4305191
0.0010000 -19.6602230
0.0020000 -19.8586483
0.0030000 3.0098729
0.0040000 15.2824860
0.0050000 20.1156883
0.0060000 2.6211290
0.0070000 55.7007332
0.0080000 -15.5508232
0.0090000 -3.8291981
0.0100000 14.0597963
0.0110000 -6.5284095
0.0120000 -101.7784958
0.0130000 -5.2072096
0.0140000 60.4047470
0.0150000 -19.1798038
0.0160000 -0.6106838
0.0170000 45.8042641
0.0180000 -71.5249634
0.0190000 21.7233639
0.0200000 -1.2192819
0.0210000 -9.4916801
0.0220000 25.8440285
0.0230000 38.0793381
0.0240000 -20.9250374
0.0250000 69.2527771
0.0260000 -51.7141495
0.0270000 18.6677456
0.0280000 0.3512538
0.0290000 53.0892487
0.0300000 28.5564842
0.0310000 27.7635365
0.0320000 -11.0418339
0.0330000 -6.5388942
0.0340000 15.3495741
0.0350000 -36.2540627
0.0360000 28.6140156
0.0370000 -10.5039749
0.0380000 22.7729015
0.0390000 -82.2590942
0.0400000 12.5170116
0.0410000 12.2443056
0.0420000 24.5192699
0.0430000 7.7802000
0.0440000 -34.5860519
0.0450000 24.2866707
0.0460000 -33.7619400
0.0470000 38.4524765
0.0480000 -11.2618952
0.0490000 -5.4311938
0.0500000 33.6669579
0.0510000 -8.6922312
0.0520000 38.0050240
0.0530000 -7.1506782
0.0540000 -1.9463936
0.0550000 -2.0162089
0.0560000 -46.2666817
0.0570000 28.1888580
0.0580000 -5.2088017
0.0590000 -11.5974169
0.0600000 -2.8088272
0.0610000 27.8302441
0.0620000 7.5075998
0.0630000 65.6273499
0.0640000 19.2763615
0.0650000 6.3113155
0.0660000 32.2565002
0.0670000 52.9808502
0.0680000 36.4317513
0.0690000 -31.5972462
0.0700000 -1.3199785
0.0710000 -7.1311622
0.0720000 -54.5678329
0.0730000 -17.0351658
0.0740000 -41.6902275
0.0750000 29.7561207
0.0760000 -17.0571499
0.0770000 -83.0221939
0.0780000 -6.7523432
0.0790000 31.7476234
0.0800000 -50.4715614
0.0810000 -43.7124710
0.0820000 -22.6557026
0.0830000 11.1158648
0.0840000 35.7065468
0.0850000 19.1700954
0.0860000 66.4783096
0.0870000 -16.9005241
0.0880000 30.7960968
0.0890000 -46.2674980
0.0900000 22.6235867
0.0910000 -2.5569813
0.0920000 -26.2316475
0.0930000 -47.1664886
0.0940000 9.2549706
0.0950000 0.3787901
0.0960000 7.4862757
0.0970000 65.4549484
0.0980000 50.3018951
0.0990000 54.1939011
0.1000000 50.9822617
0.1010000 -18.5963516
0.1020000 28.2496567
0.1030000 -15.1068878
0.1040000 38.7813835
0.1050000 -34.9802361
0.1060000 -20.5756245
0.1070000 -6.1111646
0.1080000 -11.2191401
0.1090000 6.7424622
0.1100000 -57.2982101
0.1110000 10.4969587
0.1120000 -15.8375759
0.1130000 33.9528046
0.1140000 14.4924364
0.1150000 -23.1652660
0.1160000 -16.3223057
0.1170000 -19.2172775
0.1180000 12.8311110
0.1190000 67.8694000
0.1200000 5.5952911
0.1210000 33.7196503
0.1220000 82.3269424
0.1230000 0.1594378
0.1240000 27.1461926
0.1250000 -26.3896999
0.1260000 -53.9198837
0.1270000 40.4895668
0.1280000 -38.0629234
0.1290000 42.1099167
0.1300000 16.6298218
0.1310000 13.0132914
0.1320000 -13.5547848
0.1330000 4.0471115
0.1340000 -12.8914299
0.1350000 24.1429672
0.1360000 11.5952501
0.1370000 -22.1953754
0.1380000 7.9208622
0.1390000 -5.3982105
0.1400000 19.6185894
0.1410000 15.1914959
0.1420000 -67.6192322
0.1430000 14.9521484
0.1440000 -66.2948532
0.1450000 -29.2223377
0.1460000 -50.4743881
0.1470000 42.7495422
0.1480000 60.3675652
0.1490000 -18.5047626
0.1500000 -46.7939224
0.1510000 58.9761505
0.1520000 8.8744659
0.1530000 -37.8838120
0.1540000 -34.1300430
0.1550000 13.8992290
0.1560000 -28.3196125
0.1570000 -30.4197636
0.1580000 -40.6290283
0.1590000 -39.9097786
0.1600000 2.6887901
0.1610000 -77.4488831
0.1620000 13.7970638
0.1630000 -53.7382431
0.1640000 3.8733089
0.1650000 -26.6408901
0.1660000 1.1395892
0.1670000 -15.1995096
0.1680000 11.7456446
0.1690000 -41.9200974
0.1700000 8.0990648
0.1710000 23.0876179
0.1720000 -21.1959915
0.1730000 23.3177967
0.1740000 -27.3938236
0.1750000 -0.0528124
0.1760000 21.0813122
0.1770000 19.8650532
0.1780000 51.5947342
0.1790000 23.3567543
0.1800000 -63.1182251
0.1810000 -9.2698412
0.1820000 64.2073517
0.1830000 8.5234003
0.1840000 -15.9459753
0.1850000 -13.0665359
0.1860000 31.0303516
0.1870000 63.0226631
0.1880000 0.3302591
0.1890000 70.9014282
0.1900000 44.4004135
0.1910000 -0.0537902
0.1920000 -26.4374580
0.1930000 34.2977943
0.1940000 -39.1119957
0.1950000 23.8597050
0.1960000 -22.6065731
0.1970000 -31.4210625
0.1980000 -15.6977568
0.1990000 72.6027145
0.2000000 -14.6444530
0.2010000 -3.5334878
0.2020000 18.5478992
0.2030000 -49.7249947
0.2040000 46.4638557
0.2050000 -11.1055174
0.2060000 -15.3907795
0.2070000 17.7108440
0.2080000 -7.4149427
0.2090000 -12.1472130
0.2100000 -10.8085842
0.2110000 -42.0498886
0.2120000 -21.8733406
0.2130000 -16.2501736
0.2140000 -84.5552063
0.2150000 10.6673574
0.2160000 -0.6142842
0.2170000 21.6975632
0.2180000 33.7968597
0.2190000 23.9528217
0.2200000 -10.3731689
0.2210000 -14.4044065
0.2220000 -53.5115623
0.2230000 -12.4401960
0.2240000 43.3489151
0.2250000 46.9351845
0.2260000 -10.6420670
0.2270000 43.0578346
0.2280000 -22.9548302
0.2290000 -5.8047252
0.2300000 16.0016308
0.2310000 -70.1562347
0.2320000 -3.3296652
0.2330000 -3.6743021
0.2340000 -14.6375656
0.2350000 2.1328623
0.2360000 -8.4178715
0.2370000 -3.1435587
0.2380000 -7.3630385
0.2390000 63.1429939
0.2400000 42.7099838
0.2410000 62.4836655
0.2420000 45.5607262
0.2430000 -21.7438107
0.2440000 51.7180634
0.2450000 -1.0121691
0.2460000 -4.3942318
0.2470000 -3.8017955
0.2480000 48.7086945
0.2490000 -8.0084572
0.2500000 18.5086784
0.2510000 -66.7655106
0.2520000 65.0092850
0.2530000 -14.2255764
0.2540000 85.4670105
0.2550000 30.0255585
0.2560000 12.0360432
0.2570000 14.1362848
0.2580000 -19.9786644
0.2590000 -76.7964020
0.2600000 -1.1211829
0.2610000 1.5760366
0.2620000 0.9975885
0.2630000 -22.5550060
0.2640000 20.9259663
0.2650000 0.4527355
0.2660000 -85.0976791
0.2670000 67.5587692
0.2680000 47.6283188
0.2690000 -97.9178619
0.2700000 73.3169022
0.2710000 52.7812614
0.2720000 -13.8853683
0.2730000 -49.7600060
0.2740000 20.7807999
0.2750000 19.9720383
0.2760000 8.0669003
0.2770000 -16.3698387
0.2780000 -77.7261353
0.2790000 -78.5994110
0.2800000 47.4257240
0.2810000 -70.5791702
0.2820000 71.9399567
0.2830000 40.5049896
0.2840000 5.5439839
0.2850000 91.6290436
0.2860000 -23.2430477
0.2870000 63.6962738
0.2880000 71.9923630
0.2890000 -32.3118362
0.2900000 28.4709587
0.2910000 7.2675061
0.2920000 -37.4384422
0.2930000 1.5636824
0.2940000 4.3979359
0.2950000 11.2338142
0.2960000 66.0669250
0.2970000 24.2562313
0.2980000 -34.8476753
0.2990000 19.3111153
0.3000000 40.6214371
0.3010000 -1.4784763
0.3020000 -59.4700012
0.3030000 42.0361786
0.3040000 19.4064198
0.3050000 45.2531471
0.3060000 6.6611309
0.3070000 30.5081806
0.3080000 -1.1144766
0.3090000 55.9543533
0.3100000 -28.4290180
0.3110000 -0.2182501
0.3120000 -79.6833496
0.3130000 -32.7584686
0.3140000 31.1298599
0.3150000 34.8688087
0.3160000 -57.4687386
0.3170000 32.6899223
0.3180000 -8.1413193
0.3190000 40.5925446
0.3200000 3.1063228
0.3210000 41.5072212
0.3220000 -30.6959915
0.3230000 -45.3696861
0.3240000 39.4017220
0.3250000 30.7340412
0.3260000 -13.2934418
0.3270000 17.0517769
0.3280000 47.6395340
0.3290000 31.5908623
0.3300000 27.0705032
0.3310000 -49.7092094
0.3320000 14.0451145
0.3330000 -56.9009895
0.3340000 -12.1859121
0.3350000 24.9491730
0.3360000 -19.2984715
0.3370000 -4.0459666
0.3380000 15.0599508
0.3390000 -19.8359909
0.3400000 12.5025320
0.3410000 35.9520264
0.3420000 -17.4404449
0.3430000 18.2336864
0.3440000 -2.0479951
0.3450000 -41.2727737
0.3460000 53.1826630
0.3470000 33.5413132
0.3480000 -29.5026379
0.3490000 91.7634201
0.3500000 -40.4335709
0.3510000 13.8752537
0.3520000 -24.4249268
0.3530000 -55.0827255
0.3540000 25.3242855
0.3550000 -22.2558289
0.3560000 2.0110335
0.3570000 0.0200581
0.3580000 35.2784653
0.3590000 -44.0379143
0.3600000 -56.3842278
0.3610000 -56.3586273
0.3620000 8.0050087
0.3630000 -33.1792488
0.3640000 44.5566673
0.3650000 -35.3503304
0.3660000 -16.5942631
0.3670000 -21.9858494
0.3680000 -8.0098782
0.3690000 -16.1613998
0.3700000 -47.6139069
0.3710000 -16.6534557
0.3720000 12.4771919
0.3730000 -18.6519604
0.3740000 -45.2171288
0.3750000 -27.6552715
0.3760000 58.2043228
0.3770000 49.1998444
0.3780000 -16.6352348
0.3790000 23.7187843
0.3800000 -30.4974899
0.3810000 -4.4599047
0.3820000 -46.4840851
0.3830000 42.5942039
0.3840000 44.6812782
0.3850000 7.0945930
0.3860000 41.5021019
0.3870000 -41.6611366
0.3880000 -27.6911907
0.3890000 4.1909814
0.3900000 82.4081802
0.3910000 46.4038811
0.3920000 36.8240547
0.3930000 5.4611659
0.3940000 5.5929365
0.3950000 -43.8050842
0.3960000 -22.5573559
0.3970000 -32.9217033
0.3980000 33.8504105
0.3990000 -51.2094460
0.4000000 -9.4012861
0.4010000 -14.1700764
0.4020000 -35.3148232
0.4030000 -35.8515816
0.4040000 17.7673626
0.4050000 -7.9590511
0.4060000 -37.1393280
0.4070000 17.6586952
0.4080000 14.9992762
0.4090000 -40.1723022
0.4100000 -36.0058708
0.4110000 28.6761932
0.4120000 24.8470306
0.4130000 -22.0730724
0.4140000 28.3127346
0.4150000 36.9103889
0.4160000 63.7872849
0.4170000 55.2394829
0.4180000 -56.3590508
0.4190000 -5.6429958
0.4200000 22.7121983
0.4210000 -58.9675865
0.4220000 42.1306992
0.4230000 -12.2929459
0.4240000 -55.5330238
0.4250000 -3.5624166
0.4260000 -68.3958511
0.4270000 11.0791521
0.4280000 -23.7662277
0.4290000 -64.7307663
0.4300000 -18.8030453
0.4310000 -23.7456722
0.4320000 -24.1165829
0.4330000 39.7125778
0.4340000 -79.9125290
0.4350000 -14.9894276
0.4360000 -13.7853756
0.4370000 -17.4430771
0.4380000 -27.9250507
0.4390000 -6.5657988
0.4400000 56.9613304
0.4410000 -15.4095249
0.4420000 0.9730042
0.4430000 -38.4893265
0.4440000 30.1885681
0.4450000 -2.3105061
0.4460000 -12.7135611
0.4470000 17.2839890
0.4480000 4.8199401
0.4490000 13.8582802
0.4500000 -23.6034145
0.4510000 55.9884605
0.4520000 10.5231218
0.4530000 49.3298645
0.4540000 32.2375832
0.4550000 65.7818222
0.4560000 82.1779785
0.4570000 30.9230766
0.4580000 1.6056452
0.4590000 -1.2220886
0.4600000 26.2397671
0.4610000 8.9617538
0.4620000 13.0042162
0.4630000 -18.6962547
0.4640000 29.7934952
0.4650000 25.7899075
0.4660000 -37.9565659
0.4670000 26.3870754
0.4680000 -23.1222496
0.4690000 -7.3140612
0.4700000 -24.0554829
0.4710000 27.8746185
0.4720000 -31.1696529
0.4730000 63.3963203
0.4740000 -41.8292198
0.4750000 -56.3561974
0.4760000 -18.1526012
0.4770000 -13.3123884
0.4780000 40.7263260
0.4790000 3.5965145
0.4800000 38.4385376
0.4810000 22.4253197
0.4820000 21.6548653
0.4830000 23.8093777
0.4840000 -23.3472385
0.4850000 -102.6167984
0.4860000 -41.4891472
0.4870000 68.1603928
0.4880000 79.4412003
0.4890000 -14.9962940
0.4900000 -4.3095818
0.4910000 13.8822889
0.4920000 -40.4991188
0.4930000 4.9343715
0.4940000 1.0286838
0.4950000 -27.9777927
0.4960000 26.8623810
0.4970000 -8.4647551
0.4980000 -24.5553589
0.4990000 -43.0366249
0.5000000 25.0618687
0.5010000 34.6219215
0.5020000 -2.1852031
0.5030000 -19.8063812
0.5040000 -32.4793701
0.5050000 32.1100235
0.5060000 27.9478893
0.5070000 -17.8746700
0.5080000 20.1567841
0.5090000 -2.2045717
0.5100000 63.9565811
0.5110000 30.9933605
0.5120000 69.3145294
0.5130000 -30.9373817
0.5140000 -13.6783085
0.5150000 29.6908588
0.5160000 60.3846512
0.5170000 1.0557425
0.5180000 55.3396149
0.5190000 4.4818687
0.5200000 22.2750912
0.5210000 20.2058811
0.5220000 31.8136730
0.5230000 -63.6045341
0.5240000 40.7865601
0.5250000 27.2202797
0.5260000 17.5140152
0.5270000 -27.2121792
0.5280000 36.7123299
0.5290000 36.0040779
0.5300000 -32.5048752
0.5310000 39.8891869
0.5320000 -7.0602827
0.5330000 14.9911728
0.5340000 45.8849373
0.5350000 37.2470093
0.5360000 -3.6793485
0.5370000 -78.3625641
0.5380000 -37.4873161
0.5390000 -2.1760323
0.5400000 -34.3536835
0.5410000 19.7851219
0.5420000 -10.1815090
0.5430000 41.0977707
0.5440000 -79.3768692
0.5450000 2.3601279
0.5460000 42.3754082
0.5470000 -24.8873997
0.5480000 -25.2412872
0.5490000 -46.6542473
0.5500000 -0.1347197
0.5510000 -37.3016968
0.5520000 17.2159100
0.5530000 -5.8397274
0.5540000 18.6532059
0.5550000 10.9301920
0.5560000 8.0680771
0.5570000 3.0470681
0.5580000 -22.0141125
0.5590000 37.1578712
0.5600000 -15.6950560
0.5610000 -11.7365599
0.5620000 -24.1061897
0.5630000 59.2844048
0.5640000 33.0831146
0.5650000 -7.6477847
0.5660000 -30.2477188
0.5670000 28.6662865
0.5680000 14.4284191
0.5690000 -13.0078011
0.5700000 41.2416878
0.5710000 -28.5977554
0.5720000 -17.0257702
0.5730000 -15.7833271
0.5740000 35.3475609
0.5750000 18.7753410
0.5760000 0.7280335
0.5770000 -103.4943695
0.5780000 5.6570621
0.5790000 -2.9742820
0.5800000 -52.6714211
0.5810000 37.2225304
0.5820000 -16.0246525
0.5830000 -4.2526555
0.5840000 -22.4337940
0.5850000 -25.5124092
0.5860000 47.7023773
0.5870000 -14.3611832
0.5880000 -38.7242355
0.5890000 21.9239445
0.5900000 24.6447639
0.5910000 -0.6897756
0.5920000 -44.7261467
0.5930000 -70.4168549
0.5940000 -6.7003951
0.5950000 -12.4011936
0.5960000 -33.0029488
0.5970000 -4.6256309
0.5980000 -4.4531412
0.5990000 -65.2603912
0.6000000 38.0229530
0.6010000 -5.8562055
0.6020000 18.1240349
0.6030000 22.9038696
0.6040000 -37.9126816
0.6050000 -34.7915115
0.6060000 10.6947594
0.6070000 50.7184448
0.6080000 -12.0380068
0.6090000 -39.2050438
0.6100000 -41.9736328
0.6110000 6.6182919
0.6120000 -48.5478172
0.6130000 -14.6133165
0.6140000 11.8478928
0.6150000 5.7037516
0.6160000 6.7497077
0.6170000 39.2079735
0.6180000 17.3924503
0.6190000 -31.3765831
0.6200000 -37.8942642
0.6210000 30.1702290
0.6220000 -4.3038745
0.6230000 23.0006847
0.6240000 78.8607101
0.6250000 -20.1459503
0.6260000 25.4852352
0.6270000 -15.1315880
0.6280000 -57.5724258
0.6290000 -23.1916866
0.6300000 49.6315384
0.6310000 -13.1586237
0.6320000 -24.2591610
0.6330000 59.8997993
0.6340000 54.2314339
0.6350000 -28.8891220
0.6360000 -2.6888137
0.6370000 42.3916931
0.6380000 -46.7852287
0.6390000 -27.4921608
0.6400000 41.2196083
0.6410000 -38.6586761
0.6420000 35.1507378
0.6430000 -6.0673013
0.6440000 -15.8495073
0.6450000 -30.2627182
0.6460000 -6.9486418
0.6470000 21.8657341
0.6480000 -62.0202522
0.6490000 -1.1010791
0.6500000 8.2310572
0.6510000 -7.7204313
0.6520000 -66.3976898
0.6530000 29.1217365
0.6540000 21.9835072
0.6550000 -34.6762352
0.6560000 -32.5469437
0.6570000 19.4245338
0.6580000 -32.0521698
0.6590000 27.2222652
0.6600000 -3.5823159
0.6610000 28.7527065
0.6620000 -11.8690948
0.6630000 -40.0118484
0.6640000 -11.6290846
0.6650000 -65.9342270
0.6660000 42.7813568
0.6670000 5.9758911
0.6680000 13.8450937
0.6690000 28.1210575
0.6700000 25.2929764
0.6710000 -25.4780979
0.6720000 -62.6406975
0.6730000 -48.3585930
0.6740000 -44.3617210
0.6750000 0.6056386
0.6760000 60.4495010
0.6770000 81.9832916
0.6780000 15.6931877
0.6790000 -29.7147598
0.6800000 29.3070450
0.6810000 28.1645737
0.6820000 -38.3284760
0.6830000 -46.8325043
0.6840000 -22.8528271
0.6850000 -15.7445526
0.6860000 43.8630524
0.6870000 35.2567787
0.6880000 46.1453743
0.6890000 10.4212656
0.6900000 22.6264191
0.6910000 -10.5866652
0.6920000 35.4027863
0.6930000 48.0830269
0.6940000 6.1014748
0.6950000 12.9748220
0.6960000 10.8078814
0.6970000 -30.4615993
0.6980000 54.2485085
0.6990000 -16.2706585
0.7000000 84.5126038
0.7010000 2.6234639
0.7020000 11.0806265
0.7030000 17.0918045
0.7040000 100.5684662
0.7050000 89.7138977
0.7060000 15.1534557
0.7070000 -24.6110058
0.7080000 58.0298309
0.7090000 -19.2207661
0.7100000 63.0279617
0.7110000 -97.3582993
0.7120000 64.0045547
0.7130000 -32.9613380
0.7140000 -55.0735626
0.7150000 -60.9729500
0.7160000 27.3743305
0.7170000 -6.0276027
0.7180000 -32.1463280
0.7190000 50.9847870
0.7200000 0.8755133
0.7210000 15.1044111
0.7220000 -27.8008881
0.7230000 -34.8170013
0.7240000 31.2038746
0.7250000 -37.0598831
0.7260000 64.8345947
0.7270000 -25.8920364
0.7280000 -72.7610855
0.7290000 -48.8770599
0.7300000 18.3815022
0.7310000 -6.7877736
0.7320000 53.4936600
0.7330000 26.8449383
0.7340000 34.9126930
0.7350000 27.0526333
0.7360000 -4.4666257
0.7370000 5.0252476
0.7380000 66.1427917
0.7390000 52.2626190
0.7400000 3.1187170
0.7410000 8.5198221
0.7420000 16.4610291
0.7430000 20.5146751
0.7440000 11.9964066
0.7450000 -7.5629950
0.7460000 -36.4428368
0.7470000 -55.5875587
0.7480000 2.0159011
0.7490000 -8.5589666
0.7500000 9.0932360
0.7510000 -12.0682812
0.7520000 30.0201397
0.7530000 -6.6817317
0.7540000 48.3076248
0.7550000 -13.9509573
0.7560000 2.1316235
0.7570000 -42.2423172
0.7580000 25.5451946
0.7590000 38.3113556
0.7600000 16.2710247
0.7610000 22.7041759
0.7620000 10.6620588
0.7630000 31.0315361
0.7640000 -13.0281477
0.7650000 3.1161287
0.7660000 -47.7973976
0.7670000 54.7708244
0.7680000 -9.9741755
0.7690000 8.5423298
0.7700000 50.9045372
0.7710000 -29.9495792
0.7720000 6.7619066
0.7730000 53.9160576
0.7740000 -33.4167709
0.7750000 -13.0794621
0.7760000 -26.5355415
0.7770000 28.7815495
0.7780000 -45.7238083
0.7790000 -59.8187485
0.7800000 -39.3265114
0.7810000 13.9086924
0.7820000 -70.9191818
0.7830000 62.3597984
0.7840000 -42.2375908
0.7850000 21.3342896
0.7860000 20.0856533
0.7870000 -34.7974472
0.7880000 21.7371368
0.7890000 -10.8841085
0.7900000 -34.1083221
0.7910000 -18.0000839
0.7920000 16.4405842
0.7930000 50.0080910
0.7940000 -42.6403770
0.7950000 -33.8050499
0.7960000 60.3079643
0.7970000 -16.5278511
0.7980000 -73.1797714
0.7990000 -29.7823029
0.8000000 37.2151756
0.8010000 42.1520195
0.8020000 -18.1518440
0.8030000 -29.5271835
0.8040000 85.6919098
0.8050000 -40.1701584
0.8060000 -3.4118962
0.8070000 -51.8721542
0.8080000 -3.7591593
0.8090000 11.8490372
0.8100000 -34.2853279
0.8110000 -27.1002388
0.8120000 -32.3995667
0.8130000 1.5899771
0.8140000 54.9853554
0.8150000 1.0239660
0.8160000 6.4246063
0.8170000 -45.3803177
0.8180000 7.1058540
0.8190000 68.1609879
0.8200000 -29.1767979
0.8210000 14.0077314
0.8220000 30.4083042
0.8230000 49.8413391
0.8240000 12.0412369
0.8250000 -14.0132723
0.8260000 -53.5177956
0.8270000 -25.7740955
0.8280000 4.7003865
0.8290000 -9.7851582
0.8300000 -29.2042465
0.8310000 53.8946991
0.8320000 47.3390999
0.8330000 -29.8091908
0.8340000 -47.5037537
0.8350000 14.2088547
0.8360000 -4.4806018
0.8370000 -15.8200445
0.8380000 -3.0487821
0.8390000 -18.5975971
0.8400000 -19.5707951
0.8410000 -37.8043404
0.8420000 -11.1798000
0.8430000 1.8044711
0.8440000 17.0457592
0.8450000 1.3006692
0.8460000 -11.0878620
0.8470000 -12.3442440
0.8480000 -31.3389950
0.8490000 -66.3197174
0.8500000 17.6255474
0.8510000 15.3946676
0.8520000 -50.8849449
0.8530000 63.0015411
0.8540000 58.4847908
0.8550000 -8.0144873
0.8560000 -48.3624992
0.8570000 3.3630755
0.8580000 25.2988873
0.8590000 -5.8534298
0.8600000 -26.2720528
0.8610000 2.3780766
0.8620000 -38.1490555
0.8630000 -7.5510726
0.8640000 -33.1443481
0.8650000 34.5356865
0.8660000 62.9351807
0.8670000 70.4347076
0.8680000 -22.1564846
0.8690000 22.8612671
0.8700000 40.2213402
0.8710000 -33.3916817
0.8720000 -4.8651552
0.8730000 -57.4751778
0.8740000 57.7441521
0.8750000 -38.9465218
0.8760000 95.8785095
0.8770000 39.3687134
0.8780000 9.3272991
0.8790000 33.8652649
0.8800000 -5.8042746
0.8810000 -22.9108868
0.8820000 -7.3834825
0.8830000 7.6727262
0.8840000 8.5281668
0.8850000 34.8943405
0.8860000 -66.4361801
0.8870000 -2.2048166
0.8880000 -15.8083677
0.8890000 23.3409138
0.8900000 -35.2417183
0.8910000 12.6038074
0.8920000 -9.6646051
0.8930000 21.5773315
0.8940000 59.6415749
0.8950000 17.2180595
0.8960000 -13.6952791
0.8970000 -29.7377148
0.8980000 12.3107548
0.8990000 -44.6968765
0.9000000 -8.3661833
0.9010000 48.1450958
0.9020000 21.1804714
0.9030000 75.0913391
0.9040000 -30.8811417
0.9050000 -27.9552631
0.9060000 -14.4677734
0.9070000 -6.1700468
0.9080000 44.2552414
0.9090000 26.2382545
0.9100000 -1.5712811
0.9110000 -41.2224846
0.9120000 -14.6265402
0.9130000 5.5034184
0.9140000 5.1132212
0.9150000 14.8920765
0.9160000 -21.7522888
0.9170000 84.4175568
0.9180000 3.3844388
0.9190000 10.2669773
0.9200000 66.8123550
0.9210000 -4.0310130
0.9220000 16.2208920
0.9230000 38.1642685
0.9240000 -10.0224056
0.9250000 34.2483521
0.9260000 36.7596321
0.9270000 -41.1849403
0.9280000 9.0622587
0.9290000 31.6518421
0.9300000 3.9961534
0.9310000 48.7693100
0.9320000 16.1707134
0.9330000 27.5758114
0.9340000 17.4629097
0.9350000 -4.5653548
0.9360000 20.5878506
0.9370000 13.5739031
0.9380000 -11.0598230
0.9390000 -5.9641447
0.9400000 2.6349428
0.9410000 22.1819954
0.9420000 -13.2953091
0.9430000 1.3665378
0.9440000 -5.4129667
0.9450000 41.3297691
0.9460000 -14.2667894
0.9470000 27.8675938
0.9480000 -17.3214226
0.9490000 4.4482107
0.9500000 -31.2998047
0.9510000 10.6299152
0.9520000 -30.1915665
0.9530000 -39.5872993
0.9540000 65.4160767
0.9550000 4.5472884
0.9560000 21.7786007
0.9570000 -37.8445396
0.9580000 -31.2581310
0.9590000 8.5106373
0.9600000 8.3863468
0.9610000 -31.5628700
0.9620000 2.2141609
0.9630000 -3.8936064
0.9640000 -49.3864098
0.9650000 39.2403831
0.9660000 -59.6393776
0.9670000 -15.2807961
0.9680000 -53.9345627
0.9690000 -0.0765607
0.9700000 -0.3602966
0.9710000 -17.5074329
0.9720000 2.3034627
0.9730000 -6.1261687
0.9740000 -26.5764999
0.9750000 43.9370384
0.9760000 -1.8650583
0.9770000 -4.8333330
0.9780000 -10.3856630
0.9790000 25.8551579
0.9800000 -1.5962149
0.9810000 -43.4338684
0.9820000 39.1348686
0.9830000 14.2767944
0.9840000 -6.1156545
0.9850000 -70.0960007
0.9860000 -28.3701153
0.9870000 32.9952927
0.9880000 10.1180515
0.9890000 74.6628036
0.9900000 31.0791779
0.9910000 6.6771421
0.9920000 6.9944811
0.9930000 -45.8931580
0.9940000 -24.6668892
0.9950000 -16.0808105
0.9960000 62.2081642
0.9970000 -25.1750298
0.9980000 -53.1007690
0.9990000 12.7613335
