0.0000000 46.7776680
0.0010000 60.2865334
0.0020000 -9.2963333
0.0030000 -72.3429947
0.0040000 57.2280922
0.0050000 3.7222846
0.0060000 -31.8151073
0.0070000 -9.6328917
0.0080000 -30.2875347
0.0090000 -12.6198225
0.0100000 7.2754707
0.0110000 -17.0936508
0.0120000 -47.8477974
0.0130000 24.6269989
0.0140000 12.9003344
0.0150000 18.0640831
0.0160000 54.5465240
0.0170000 38.9751434
0.0180000 14.4073524
0.0190000 47.7786369
0.0200000 -27.8793392
0.0210000 -10.4816265
0.0220000 -15.4450731
0.0230000 12.2020826
0.0240000 -8.8433809
0.0250000 -16.4845943
0.0260000 -53.3119812
0.0270000 34.1820259
0.0280000 -53.0134087
0.0290000 43.0714188
0.0300000 40.9855118
0.0310000 15.2610960
0.0320000 15.7557077
0.0330000 -64.8433533
0.0340000 35.8396645
0.0350000 -6.3925710
0.0360000 -25.4905319
0.0370000 4.5158358
0.0380000 -36.1024704
0.0390000 13.5791950
0.0400000 -47.4771004
0.0410000 2.6876626
0.0420000 -78.2239990
0.0430000 -3.8107400
0.0440000 48.6692619
0.0450000 -16.0233746
0.0460000 -3.3358648
0.0470000 -33.1115189
0.0480000 -40.8881531
0.0490000 -1.7846459
0.0500000 29.7895527
0.0510000 21.4104118
0.0520000 61.9383774
0.0530000 11.8889713
0.0540000 12.1166773
0.0550000 -17.3291721
0.0560000 23.3380375
0.0570000 18.0264225
0.0580000 4.6242762
0.0590000 34.7647095
0.0600000 -50.6835518
0.0610000 56.0073547
0.0620000 -24.4199409
0.0630000 5.9430370
0.0640000 16.1207085
0.0650000 -1.7883377
0.0660000 -42.5763741
0.0670000 -24.6387424
0.0680000 -41.3792191
0.0690000 -9.9904060
0.0700000 14.0672970
0.0710000 -44.7863274
0.0720000 -8.2519264
0.0730000 26.6154957
0.0740000 -50.8802223
0.0750000 15.0206194
0.0760000 42.2512932
0.0770000 4.4909592
0.0780000 -9.7648640
0.0790000 -5.9786930
0.0800000 27.6426105
0.0810000 6.4397669
0.0820000 -41.3870621
0.0830000 14.4216757
0.0840000 1.0815753
0.0850000 28.5855618
0.0860000 2.3975954
0.0870000 -18.1776066
0.0880000 -59.2314072
0.0890000 51.2335701
0.0900000 1.1928198
0.0910000 -19.8222866
0.0920000 -53.0250244
0.0930000 -13.1331444
0.0940000 -10.4605169
0.0950000 -67.9238892
0.0960000 14.3887367
0.0970000 1.8412008
0.0980000 -54.2102165
0.0990000 -2.5541549
0.1000000 7.3582344
0.1010000 -41.3542900
0.1020000 -38.7740631
0.1030000 10.1035194
0.1040000 59.1702805
0.1050000 -19.0854702
0.1060000 -25.1491222
0.1070000 22.2710209
0.1080000 -11.7029200
0.1090000 22.9228706
0.1100000 28.6122150
0.1110000 -22.0877914
0.1120000 -24.9718285
0.1130000 21.5888443
0.1140000 -15.1714287
0.1150000 -14.4097376
0.1160000 54.8025894
0.1170000 -11.3938665
0.1180000 -10.6932421
0.1190000 -11.8292189
0.1200000 -29.1806107
0.1210000 -1.2533526
0.1220000 -11.9109659
0.1230000 41.3308754
0.1240000 5.8406105
0.1250000 -13.6718264
0.1260000 -32.3244972
0.1270000 -53.2016068
0.1280000 -49.0404854
0.1290000 23.9558964
0.1300000 43.3044205
0.1310000 -15.9412489
0.1320000 -22.9157715
0.1330000 25.1542015
0.1340000 -57.1531868
0.1350000 14.5460835
0.1360000 -35.7440681
0.1370000 10.1003561
0.1380000 -20.5383301
0.1390000 19.1372128
0.1400000 -90.4818878
0.1410000 -40.5488358
0.1420000 36.3758469
0.1430000 -34.2248039
0.1440000 26.5322685
0.1450000 -91.3250122
0.1460000 -18.8693886
0.1470000 34.3705482
0.1480000 -9.7386827
0.1490000 -49.2816772
0.1500000 50.1915588
0.1510000 23.9043007
0.1520000 -40.7299614
0.1530000 -103.7454224
0.1540000 0.4807718
0.1550000 16.5580559
0.1560000 -33.5278664
0.1570000 -9.2228079
0.1580000 -100.8309860
0.1590000 3.0286713
0.1600000 18.0301857
0.1610000 27.0067596
0.1620000 -11.3370209
0.1630000 11.7579842
0.1640000 4.6993699
0.1650000 13.6376829
0.1660000 23.0181427
0.1670000 -1.4269338
0.1680000 -57.2703514
0.1690000 66.3697052
0.1700000 77.8300247
0.1710000 0.7543346
0.1720000 7.4700336
0.1730000 -23.3544655
0.1740000 -36.1036263
0.1750000 41.8913307
0.1760000 53.1892891
0.1770000 4.7838173
0.1780000 -46.5589333
0.1790000 -23.4609890
0.1800000 -37.0471039
0.1810000 13.6827269
0.1820000 79.7363968
0.1830000 -43.6597023
0.1840000 -1.1378410
0.1850000 46.5123215
0.1860000 0.4634602
0.1870000 -35.4212341
0.1880000 -50.4823189
0.1890000 -46.7339134
0.1900000 26.1582451
0.1910000 12.4190454
0.1920000 20.4680748
0.1930000 52.8828735
0.1940000 13.5539112
0.1950000 40.1919098
0.1960000 -14.1219797
0.1970000 -22.3753929
0.1980000 23.3277836
0.1990000 -1.3810060
0.2000000 -30.3604145
0.2010000 82.3729630
0.2020000 -48.5239983
0.2030000 -61.1935654
0.2040000 -34.7072906
0.2050000 -29.7563438
0.2060000 12.1041384
0.2070000 0.8469056
0.2080000 -8.7037640
0.2090000 -50.5148392
0.2100000 0.2136088
0.2110000 -40.3212242
0.2120000 -63.8300705
0.2130000 -20.8057461
0.2140000 53.0187340
0.2150000 -14.2097301
0.2160000 6.8198323
0.2170000 -32.2458801
0.2180000 -23.1197453
0.2190000 -7.7844429
0.2200000 2.3935211
0.2210000 -15.2945318
0.2220000 -8.6044455
0.2230000 -24.0219498
0.2240000 -15.3512936
0.2250000 -31.4786968
0.2260000 31.1078186
0.2270000 18.9087563
0.2280000 30.4270439
0.2290000 -52.3006630
0.2300000 -5.3044295
0.2310000 35.9899406
0.2320000 -3.2943854
0.2330000 30.1130981
0.2340000 16.3291054
0.2350000 9.6858711
0.2360000 -22.7926636
0.2370000 -20.2963238
0.2380000 -23.3808727
0.2390000 24.0057068
0.2400000 19.7709007
0.2410000 -1.9389790
0.2420000 -1.3868084
0.2430000 8.9115124
0.2440000 19.6406059
0.2450000 -19.4346199
0.2460000 27.3641663
0.2470000 -42.4390221
0.2480000 -5.0087838
0.2490000 -70.7301025
0.2500000 -98.2319107
0.2510000 16.2572384
0.2520000 -36.3113441
0.2530000 -16.6048450
0.2540000 -30.3218708
0.2550000 -13.9697838
0.2560000 -81.9585419
0.2570000 -14.2818184
0.2580000 14.9718657
0.2590000 -39.6402130
0.2600000 -47.1135330
0.2610000 -26.5028877
0.2620000 35.0953026
0.2630000 -5.9552412
0.2640000 -27.2174129
0.2650000 61.2673225
0.2660000 -12.0379858
0.2670000 -13.5629826
0.2680000 6.1391716
0.2690000 41.5409698
0.2700000 -49.5299568
0.2710000 -85.7834625
0.2720000 30.1681938
0.2730000 31.0739269
0.2740000 34.4001694
0.2750000 8.6238022
0.2760000 -91.9529800
0.2770000 56.9865608
0.2780000 54.7802696
0.2790000 46.2587280
0.2800000 -26.5314903
0.2810000 20.7367134
0.2820000 -3.5839667
0.2830000 47.4634781
0.2840000 3.5279317
0.2850000 -49.2161179
0.2860000 -23.2168217
0.2870000 0.7386032
0.2880000 -30.2155991
0.2890000 -41.5557632
0.2900000 -20.5617352
0.2910000 -34.0798683
0.2920000 48.0712662
0.2930000 28.4716434
0.2940000 19.4888515
0.2950000 37.0400009
0.2960000 -1.2447752
0.2970000 -6.4694424
0.2980000 1.0624959
0.2990000 2.4648750
0.3000000 20.9137230
0.3010000 0.7132895
0.3020000 -44.5986290
0.3030000 -18.8146172
0.3040000 -77.7933044
0.3050000 -64.4993134
0.3060000 49.5181465
0.3070000 5.0270076
0.3080000 -17.6336288
0.3090000 20.0959854
0.3100000 2.6271875
0.3110000 15.7617369
0.3120000 43.7284698
0.3130000 5.4876828
0.3140000 13.7920694
0.3150000 67.0207138
0.3160000 -30.8850861
0.3170000 25.2909431
0.3180000 -8.8107681
0.3190000 18.2833519
0.3200000 -15.4086218
0.3210000 4.5869246
0.3220000 29.0269356
0.3230000 -23.7635250
0.3240000 16.0326786
0.3250000 13.7549953
0.3260000 59.1238251
0.3270000 -30.7347641
0.3280000 0.5121919
0.3290000 -10.6713867
0.3300000 9.3590183
0.3310000 -26.6743279
0.3320000 10.3875923
0.3330000 30.7122116
0.3340000 64.7564697
0.3350000 2.2610996
0.3360000 10.5104179
0.3370000 13.7449999
0.3380000 21.1093388
0.3390000 33.3619003
0.3400000 89.4828873
0.3410000 -42.9038620
0.3420000 31.8039894
0.3430000 100.4396896
0.3440000 37.5236702
0.3450000 -5.0915112
0.3460000 18.5953732
0.3470000 -13.3314934
0.3480000 -18.1427498
0.3490000 -22.8539906
0.3500000 18.3998432
0.3510000 7.7216187
0.3520000 91.9151459
0.3530000 -29.0004692
0.3540000 -80.8453522
0.3550000 0.3275955
0.3560000 67.1562881
0.3570000 6.6751447
0.3580000 25.7744350
0.3590000 -52.3249931
0.3600000 3.3002112
0.3610000 -2.0187030
0.3620000 41.5494232
0.3630000 -18.1392040
0.3640000 55.1638145
0.3650000 44.7562408
0.3660000 -10.1938448
0.3670000 41.2702866
0.3680000 -18.1087666
0.3690000 8.9874830
0.3700000 -74.6580276
0.3710000 -71.5213776
0.3720000 -24.8404102
0.3730000 20.7228413
0.3740000 8.8888874
0.3750000 -25.5251198
0.3760000 -35.7299309
0.3770000 -33.8744965
0.3780000 4.7003579
0.3790000 5.7560573
0.3800000 36.0050812
0.3810000 -51.8121681
0.3820000 53.4793625
0.3830000 -22.3020363
0.3840000 15.9257870
0.3850000 -33.0801086
0.3860000 -20.1093483
0.3870000 0.6336666
0.3880000 36.3337898
0.3890000 -34.5229454
0.3900000 -7.6769524
0.3910000 28.1206932
0.3920000 1.8889189
0.3930000 -21.3916569
0.3940000 -7.0628181
0.3950000 -14.2267551
0.3960000 19.5884495
0.3970000 66.3164825
0.3980000 -18.6755810
0.3990000 48.2938118
0.4000000 4.6395221
0.4010000 30.9442863
0.4020000 -8.7799520
0.4030000 59.9799194
0.4040000 21.5266800
0.4050000 38.0989838
0.4060000 -2.1167152
0.4070000 36.0956192
0.4080000 -0.1780217
0.4090000 10.9810972
0.4100000 -8.4099846
0.4110000 62.8272705
0.4120000 -12.3068304
0.4130000 19.4868126
0.4140000 -95.9336014
0.4150000 22.1267319
0.4160000 16.6589184
0.4170000 -11.0602388
0.4180000 -6.7855220
0.4190000 40.7738190
0.4200000 -19.4858456
0.4210000 -34.3874359
0.4220000 29.8108788
0.4230000 44.0834198
0.4240000 16.7515087
0.4250000 42.1695709
0.4260000 1.2277561
0.4270000 -25.7159233
0.4280000 -60.2695503
0.4290000 -13.9104767
0.4300000 -43.6393013
0.4310000 -35.1844063
0.4320000 -67.9621658
0.4330000 -64.0919266
0.4340000 54.4415588
0.4350000 -19.2834969
0.4360000 0.3737729
0.4370000 -7.0347176
0.4380000 -46.0972710
0.4390000 11.3417549
0.4400000 19.5143299
0.4410000 -32.6818771
0.4420000 -2.1225817
0.4430000 -15.1455631
0.4440000 25.0549908
0.4450000 43.5565834
0.4460000 -8.3549709
0.4470000 10.6299963
0.4480000 -24.1167297
0.4490000 -44.8995590
0.4500000 -23.0063915
0.4510000 -55.0672836
0.4520000 24.9190235
0.4530000 6.6745024
0.4540000 -7.6533370
0.4550000 30.2052422
0.4560000 0.6597567
0.4570000 -17.3872585
0.4580000 -28.0969658
0.4590000 -23.4069767
0.4600000 12.0327549
0.4610000 18.2839775
0.4620000 -11.2642088
0.4630000 75.2182236
0.4640000 8.2517862
0.4650000 4.6437221
0.4660000 -26.6596966
0.4670000 -58.6803932
0.4680000 30.4641438
0.4690000 -32.5800171
0.4700000 -28.1291561
0.4710000 -15.0206413
0.4720000 6.4686871
0.4730000 -4.5694518
0.4740000 -45.3689194
0.4750000 26.0963993
0.4760000 -15.4861374
0.4770000 8.6359978
0.4780000 -10.5388088
0.4790000 22.3439922
0.4800000 -21.6641254
0.4810000 -23.7609882
0.4820000 55.7854805
0.4830000 -83.6377869
0.4840000 8.7859735
0.4850000 -104.2857971
0.4860000 39.7925148
0.4870000 13.8583746
0.4880000 16.3036366
0.4890000 32.6210976
0.4900000 -50.8382149
0.4910000 -45.1959496
0.4920000 36.7914543
0.4930000 4.8561096
0.4940000 18.3227749
0.4950000 16.4515762
0.4960000 -36.8526573
0.4970000 23.2348061
0.4980000 -61.5202560
0.4990000 -36.7011375
0.5000000 -32.9190826
0.5010000 -8.9959497
0.5020000 -1.2203051
0.5030000 5.7517223
0.5040000 91.6641846
0.5050000 -16.4810772
0.5060000 6.2504764
0.5070000 -30.4284611
0.5080000 37.0392494
0.5090000 -33.2101479
0.5100000 29.5508957
0.5110000 11.3366194
0.5120000 -41.5484962
0.5130000 -70.1958466
0.5140000 13.0322237
0.5150000 32.6719017
0.5160000 17.7116680
0.5170000 -57.2576790
0.5180000 -21.8338909
0.5190000 -17.4276314
0.5200000 -29.0438099
0.5210000 15.3803501
0.5220000 -36.5904884
0.5230000 22.8113117
0.5240000 -11.3703003
0.5250000 14.7305927
0.5260000 -73.1239777
0.5270000 -4.8638639
0.5280000 -9.5216341
0.5290000 25.1988316
0.5300000 -20.9320507
0.5310000 37.9806175
0.5320000 33.2080956
0.5330000 16.1601105
0.5340000 17.3088341
0.5350000 -32.6524811
0.5360000 13.0875902
0.5370000 -29.0195904
0.5380000 31.7932892
0.5390000 5.1672349
0.5400000 50.6134605
0.5410000 -3.7649505
0.5420000 -16.5666275
0.5430000 28.8557873
0.5440000 -16.5694008
0.5450000 28.6179047
0.5460000 -14.9478579
0.5470000 -6.6115170
0.5480000 30.3774948
0.5490000 5.1991382
0.5500000 -53.9442177
0.5510000 51.6756172
0.5520000 39.3882065
0.5530000 25.9683666
0.5540000 -35.0768280
0.5550000 15.6193895
0.5560000 -14.8313484
0.5570000 -34.5316048
0.5580000 18.2278328
0.5590000 -37.1486473
0.5600000 3.2865636
0.5610000 3.8964109
0.5620000 3.4856071
0.5630000 -11.3254089
0.5640000 14.1318378
0.5650000 55.5879250
0.5660000 11.2113371
0.5670000 -23.3139610
0.5680000 -12.9070597
0.5690000 40.4445152
0.5700000 -31.4941311
0.5710000 -26.6697769
0.5720000 -60.6127777
0.5730000 2.7952731
0.5740000 0.4827071
0.5750000 17.6723232
0.5760000 -33.9787674
0.5770000 -0.3381889
0.5780000 -26.9831772
0.5790000 9.0339251
0.5800000 -19.0384808
0.5810000 10.3466473
0.5820000 -9.1463881
0.5830000 -30.5887814
0.5840000 -17.4885864
0.5850000 -24.3580990
0.5860000 17.8618813
0.5870000 -20.5598869
0.5880000 3.1393061
0.5890000 -32.4020157
0.5900000 20.0928154
0.5910000 52.3786163
0.5920000 -20.6755638
0.5930000 15.9757996
0.5940000 26.6245193
0.5950000 -45.3269043
0.5960000 -2.6647816
0.5970000 -38.9035568
0.5980000 -2.6669528
0.5990000 -0.8152938
0.6000000 -47.8550339
0.6010000 10.1369429
0.6020000 28.2192574
0.6030000 31.8003979
0.6040000 22.3979015
0.6050000 0.9759723
0.6060000 -18.3968258
0.6070000 27.2489147
0.6080000 29.8961926
0.6090000 88.8778534
0.6100000 64.3669357
0.6110000 -42.9234657
0.6120000 -10.6819267
0.6130000 17.1650791
0.6140000 12.6100550
0.6150000 75.4263000
0.6160000 12.5725708
0.6170000 1.7859561
0.6180000 -34.5902634
0.6190000 6.3425879
0.6200000 25.8908062
0.6210000 86.0773087
0.6220000 -15.2291851
0.6230000 -36.9973221
0.6240000 14.9751501
0.6250000 -27.4083023
0.6260000 15.1778784
0.6270000 -21.4000225
0.6280000 -43.8811836
0.6290000 -5.9446049
0.6300000 53.3468819
0.6310000 28.7570763
0.6320000 -45.5206337
0.6330000 43.4238205
0.6340000 -17.4696426
0.6350000 6.0750709
0.6360000 11.8093090
0.6370000 -8.5924320
0.6380000 35.8489647
0.6390000 -45.8757782
0.6400000 -24.3466415
0.6410000 -23.1032810
0.6420000 14.4687281
0.6430000 61.0325050
0.6440000 79.9034042
0.6450000 19.0711555
0.6460000 33.2831650
0.6470000 33.1403122
0.6480000 -72.9142303
0.6490000 -24.3375683
0.6500000 -9.3545036
0.6510000 19.1044312
0.6520000 -14.7852945
0.6530000 -19.3937683
0.6540000 -20.0574970
0.6550000 -22.2772484
0.6560000 41.1193008
0.6570000 -61.9907265
0.6580000 -50.5803032
0.6590000 41.7216911
0.6600000 12.4227219
0.6610000 -1.3973000
0.6620000 19.4623127
0.6630000 -43.8135529
0.6640000 58.5272217
0.6650000 97.3015900
0.6660000 -68.8126678
0.6670000 -0.6181269
0.6680000 -18.2198372
0.6690000 20.0454350
0.6700000 45.3037415
0.6710000 10.1973667
0.6720000 -8.8040123
0.6730000 -6.5370903
0.6740000 61.5222893
0.6750000 10.8089886
0.6760000 -26.7513733
0.6770000 47.0764351
0.6780000 13.5814762
0.6790000 -37.5803146
0.6800000 17.5240765
0.6810000 2.2757993
0.6820000 -13.8655968
0.6830000 -21.8483810
0.6840000 11.0671463
0.6850000 18.0413380
0.6860000 -34.7538223
0.6870000 -1.5614442
0.6880000 24.8844357
0.6890000 -22.2731876
0.6900000 -11.3927813
0.6910000 -56.3203430
0.6920000 -50.8722725
0.6930000 -21.1927032
0.6940000 44.6763191
0.6950000 -40.8715324
0.6960000 -40.7736473
0.6970000 -32.9088097
0.6980000 -25.3674812
0.6990000 -33.4730225
0.7000000 14.8250008
0.7010000 -4.9128332
0.7020000 76.9313354
0.7030000 -30.3479691
0.7040000 7.0842199
0.7050000 -5.0993800
0.7060000 -30.2207909
0.7070000 -14.6485491
0.7080000 -19.5328808
0.7090000 -16.4973602
0.7100000 -20.4153023
0.7110000 -1.0828962
0.7120000 9.3925495
0.7130000 38.3842125
0.7140000 -8.8848562
0.7150000 -32.1651382
0.7160000 -53.3123093
0.7170000 8.3785372
0.7180000 73.8448715
0.7190000 11.3346443
0.7200000 19.1924934
0.7210000 -19.0817204
0.7220000 -20.7016563
0.7230000 -39.6939812
0.7240000 -25.4816589
0.7250000 -11.8441010
0.7260000 66.7936096
0.7270000 6.1056800
0.7280000 -13.4804020
0.7290000 6.7375026
0.7300000 36.1172562
0.7310000 -83.4818039
0.7320000 -35.0268173
0.7330000 3.8050241
0.7340000 40.6320648
0.7350000 20.8791046
0.7360000 55.1986885
0.7370000 6.3283882
0.7380000 10.4092846
0.7390000 9.6340570
0.7400000 -53.3125343
0.7410000 -41.7317085
0.7420000 -140.4344177
0.7430000 -6.7952132
0.7440000 7.2481689
0.7450000 -16.2684689
0.7460000 18.2647572
0.7470000 4.0889201
0.7480000 -25.6502151
0.7490000 -91.0182190
0.7500000 14.0683899
0.7510000 -52.8570557
0.7520000 -66.4075241
0.7530000 -27.6009579
0.7540000 -41.8880348
0.7550000 -33.9328156
0.7560000 0.3182685
0.7570000 38.1883392
0.7580000 -2.3907835
0.7590000 2.0964580
0.7600000 -27.7988567
0.7610000 -10.0091610
0.7620000 -6.0215440
0.7630000 8.5842056
0.7640000 -5.3845468
0.7650000 61.9071007
0.7660000 -11.3032017
0.7670000 -8.0880451
0.7680000 -9.1333609
0.7690000 7.1068630
0.7700000 -75.8190384
0.7710000 35.7133331
0.7720000 -6.6489401
0.7730000 19.0325470
0.7740000 49.2702789
0.7750000 14.4707222
0.7760000 11.9070177
0.7770000 -16.5249691
0.7780000 -21.3487377
0.7790000 4.3143940
0.7800000 -0.2559984
0.7810000 13.5708542
0.7820000 88.8009262
0.7830000 6.0392756
0.7840000 -34.9510651
0.7850000 -37.9749870
0.7860000 -31.8807220
0.7870000 9.7417383
0.7880000 -10.8650312
0.7890000 0.9514996
0.7900000 4.0512247
0.7910000 5.7997456
0.7920000 44.7871170
0.7930000 4.8376470
0.7940000 1.4315833
0.7950000 10.3280363
0.7960000 -15.2987185
0.7970000 73.7248001
0.7980000 -3.5955157
0.7990000 -19.5710258
0.8000000 21.9705448
0.8010000 19.8375854
0.8020000 31.1918221
0.8030000 -18.8521023
0.8040000 34.1954575
0.8050000 0.5425172
0.8060000 -38.4027138
0.8070000 39.5406609
0.8080000 3.4242609
0.8090000 13.1936016
0.8100000 -4.9879651
0.8110000 -42.5016861
0.8120000 30.6033211
0.8130000 -52.8984413
0.8140000 17.4520073
0.8150000 53.8019142
0.8160000 -114.2239380
0.8170000 27.3836040
0.8180000 37.0213623
0.8190000 10.1758041
0.8200000 36.3707085
0.8210000 0.9177260
0.8220000 0.3830657
0.8230000 -53.5786629
0.8240000 48.3460770
0.8250000 71.8411026
0.8260000 -3.0412648
0.8270000 -6.1468921
0.8280000 87.4716034
0.8290000 9.9722366
0.8300000 17.3585491
0.8310000 65.0285568
0.8320000 34.0145683
0.8330000 -1.4115062
0.8340000 0.1897550
0.8350000 -3.1565139
0.8360000 69.0433197
0.8370000 43.0593224
0.8380000 35.6288185
0.8390000 68.8493500
0.8400000 -37.9255791
0.8410000 -4.0367274
0.8420000 19.9019108
0.8430000 8.9865847
0.8440000 -27.7577267
0.8450000 -4.2864084
0.8460000 -61.6159477
0.8470000 -29.8235703
0.8480000 107.9650269
0.8490000 12.0925264
0.8500000 30.6910763
0.8510000 -56.8924980
0.8520000 4.6139274
0.8530000 -25.7426987
0.8540000 64.6607895
0.8550000 11.0772228
0.8560000 -34.3570671
0.8570000 -10.9148550
0.8580000 -76.6271210
0.8590000 -51.4701920
0.8600000 -4.5811219
0.8610000 14.0917044
0.8620000 -31.1903076
0.8630000 39.5679245
0.8640000 -24.5295868
0.8650000 -8.4822426
0.8660000 -39.5456581
0.8670000 -33.0945473
0.8680000 12.4805336
0.8690000 22.3319016
0.8700000 -2.4885676
0.8710000 27.5280838
0.8720000 -47.4216919
0.8730000 -64.3460541
0.8740000 76.1325150
0.8750000 -3.9906156
0.8760000 4.9709921
0.8770000 15.4109612
0.8780000 -7.4074197
0.8790000 -25.6259937
0.8800000 -18.9816265
0.8810000 -11.3625050
0.8820000 -6.9052291
0.8830000 6.0565677
0.8840000 0.7618282
0.8850000 4.0235181
0.8860000 102.2704697
0.8870000 26.1883335
0.8880000 6.7801499
0.8890000 48.8996391
0.8900000 -7.2560453
0.8910000 -26.8709259
0.8920000 -5.2376981
0.8930000 -29.9526577
0.8940000 37.3188629
0.8950000 6.9297867
0.8960000 -27.2239590
0.8970000 -11.0145388
0.8980000 -87.6970749
0.8990000 -2.2126977
0.9000000 -10.1968718
0.9010000 -70.5901260
0.9020000 28.9599285
0.9030000 7.1515679
0.9040000 -45.3605080
0.9050000 -40.7541161
0.9060000 5.6855803
0.9070000 -48.4950905
0.9080000 -7.9484339
0.9090000 -2.1045244
0.9100000 6.0144396
0.9110000 -7.7439160
0.9120000 -17.5407066
0.9130000 4.1680794
0.9140000 20.7345276
0.9150000 -56.2561111
0.9160000 -56.7246704
0.9170000 84.8667755
0.9180000 -28.6100178
0.9190000 -0.9459612
0.9200000 57.2916260
0.9210000 -22.8016930
0.9220000 23.1034203
0.9230000 -10.1330595
0.9240000 -49.6670609
0.9250000 13.0298882
0.9260000 51.4567337
0.9270000 28.7847385
0.9280000 19.3814068
0.9290000 65.1936111
0.9300000 15.2746658
0.9310000 -17.9692898
0.9320000 9.5971050
0.9330000 -2.3170960
0.9340000 63.0383949
0.9350000 -1.3912079
0.9360000 -52.7592850
0.9370000 32.8999939
0.9380000 37.7574883
0.9390000 -25.0184059
0.9400000 75.8512039
0.9410000 22.8957195
0.9420000 -57.2308884
0.9430000 5.7125130
0.9440000 11.3794737
0.9450000 -72.8466187
0.9460000 29.0142231
0.9470000 -26.2571030
0.9480000 -9.3214216
0.9490000 115.9025116
0.9500000 0.3130125
0.9510000 -57.8392105
0.9520000 -4.7087951
0.9530000 -42.9696732
0.9540000 48.6142159
0.9550000 16.7105503
0.9560000 4.7971721
0.9570000 -8.1063271
0.9580000 6.8601694
0.9590000 -1.1127217
0.9600000 63.9432755
0.9610000 5.6032667
0.9620000 -47.3651199
0.9630000 -63.0260811
0.9640000 -51.6965828
0.9650000 47.8345413
0.9660000 46.1141472
0.9670000 -32.5963402
0.9680000 -37.2952957
0.9690000 36.8540192
0.9700000 -4.1355386
0.9710000 15.0211935
0.9720000 -7.4854217
0.9730000 36.0061073
0.9740000 11.7312164
0.9750000 -11.2403297
0.9760000 -43.1025848
0.9770000 45.5363770
0.9780000 50.0697289
0.9790000 -15.1555128
0.9800000 1.9732596
0.9810000 59.4066925
0.9820000 -9.4700327
0.9830000 19.1422310
0.9840000 18.0344410
0.9850000 33.3513565
0.9860000 -17.9580402
0.9870000 -10.3255720
0.9880000 20.4874840
0.9890000 -59.3221970
0.9900000 -19.2001305
0.9910000 -3.3756316
0.9920000 30.1161137
0.9930000 2.1406534
0.9940000 -50.0284386
0.9950000 -37.1467171
0.9960000 -12.1675301
0.9970000 14.7189989
0.9980000 -7.6142802
0.9990000 -11.8306055
