0.0000000 -42.4434547
0.0010000 1.0739057
0.0020000 4.6504831
0.0030000 -75.9025116
0.0040000 45.9153023
0.0050000 23.7652054
0.0060000 6.6726217
0.0070000 -41.9569664
0.0080000 -7.6674032
0.0090000 7.5791597
0.0100000 28.0363674
0.0110000 32.9942932
0.0120000 -33.8892937
0.0130000 -45.3860550
0.0140000 -9.8008060
0.0150000 31.4712181
0.0160000 -49.4058800
0.0170000 -32.4174042
0.0180000 9.5122004
0.0190000 -18.7061481
0.0200000 -39.5904999
0.0210000 44.2330246
0.0220000 -23.2390862
0.0230000 -24.1962547
0.0240000 48.9278831
0.0250000 -8.3095655
0.0260000 -0.4867103
0.0270000 -21.8079643
0.0280000 -6.4269457
0.0290000 -47.5481567
0.0300000 44.0442543
0.0310000 -17.9318447
0.0320000 -2.7849083
0.0330000 18.5279465
0.0340000 5.1547494
0.0350000 -6.4292250
0.0360000 -27.7023849
0.0370000 15.4796352
0.0380000 -5.4395771
0.0390000 14.8986378
0.0400000 -11.1016541
0.0410000 23.0546055
0.0420000 -12.1029453
0.0430000 -45.2238464
0.0440000 4.9971666
0.0450000 5.0054259
0.0460000 -36.6009254
0.0470000 4.3768139
0.0480000 15.1311369
0.0490000 8.3023949
0.0500000 71.2735672
0.0510000 -9.9753113
0.0520000 -3.1706455
0.0530000 24.0661926
0.0540000 32.4847031
0.0550000 -21.4094353
0.0560000 33.1348801
0.0570000 -1.3464510
0.0580000 13.9334335
0.0590000 -39.9859772
0.0600000 29.4726887
0.0610000 9.6493835
0.0620000 11.4370203
0.0630000 62.4821472
0.0640000 42.4538994
0.0650000 -42.1801338
0.0660000 -48.9432602
0.0670000 37.8535004
0.0680000 20.4294662
0.0690000 -35.5455170
0.0700000 -21.6459236
0.0710000 30.1240768
0.0720000 -30.6175518
0.0730000 -24.4693584
0.0740000 16.5208988
0.0750000 45.4551163
0.0760000 -61.1568413
0.0770000 -19.7863560
0.0780000 -0.6677478
0.0790000 41.6327972
0.0800000 -22.6202869
0.0810000 -26.4299374
0.0820000 49.6185493
0.0830000 -28.0285568
0.0840000 4.0798950
0.0850000 35.6506157
0.0860000 28.5583744
0.0870000 1.6677922
0.0880000 -7.9221206
0.0890000 -70.4755020
0.0900000 -16.2932911
0.0910000 43.0363426
0.0920000 16.5845928
0.0930000 37.0060577
0.0940000 -2.4160326
0.0950000 -27.5889568
0.0960000 59.0731850
0.0970000 -29.7211246
0.0980000 68.5509872
0.0990000 -36.7312813
0.1000000 -13.6770792
0.1010000 -8.6484470
0.1020000 -12.7428198
0.1030000 -5.2123733
0.1040000 -57.3352661
0.1050000 78.3664932
0.1060000 -58.6443291
0.1070000 -45.5108528
0.1080000 3.2582567
0.1090000 -4.1598616
0.1100000 25.7154312
0.1110000 -15.2969313
0.1120000 -46.9032173
0.1130000 30.8127918
0.1140000 -13.2167435
0.1150000 -81.0007935
0.1160000 35.7816963
0.1170000 -19.7560749
0.1180000 -59.3128777
0.1190000 58.5016060
0.1200000 0.4315312
0.1210000 16.9184494
0.1220000 11.0254450
0.1230000 18.0310707
0.1240000 -32.9227257
0.1250000 15.7262354
0.1260000 28.1533604
0.1270000 -30.7705460
0.1280000 -2.5094354
0.1290000 25.2472420
0.1300000 9.7648582
0.1310000 -12.3067551
0.1320000 1.2827699
0.1330000 -8.2407122
0.1340000 12.5971193
0.1350000 -49.2508812
0.1360000 1.3584311
0.1370000 -14.7713194
0.1380000 -17.1020412
0.1390000 -33.7075653
0.1400000 -33.2739983
0.1410000 11.5124578
0.1420000 48.3532028
0.1430000 100.7650299
0.1440000 8.8786097
0.1450000 -24.7838001
0.1460000 31.8547287
0.1470000 27.3668938
0.1480000 -42.9937592
0.1490000 31.7165833
0.1500000 -6.2418504
0.1510000 -46.6961098
0.1520000 15.6298494
0.1530000 -74.6609421
0.1540000 -6.6008277
0.1550000 29.4865341
0.1560000 -40.4702263
0.1570000 3.7385480
0.1580000 14.2295341
0.1590000 13.1043987
0.1600000 -1.2633063
0.1610000 40.9164734
0.1620000 -32.4861069
0.1630000 -0.4143281
0.1640000 41.5798874
0.1650000 27.5573788
0.1660000 16.1271076
0.1670000 -0.5757561
0.1680000 5.2937584
0.1690000 9.7850752
0.1700000 12.4156666
0.1710000 -10.3973665
0.1720000 -39.6018181
0.1730000 12.2435808
0.1740000 32.4446793
0.1750000 21.6228294
0.1760000 -11.9237671
0.1770000 22.5086918
0.1780000 44.9776459
0.1790000 110.9661713
0.1800000 -7.6895866
0.1810000 -3.0441933
0.1820000 -29.1801605
0.1830000 -37.4418182
0.1840000 24.4641571
0.1850000 30.2177582
0.1860000 43.8373222
0.1870000 0.4008774
0.1880000 20.6301727
0.1890000 22.3629398
0.1900000 -20.7681866
0.1910000 41.8255539
0.1920000 -74.1980209
0.1930000 28.1768646
0.1940000 -28.8463173
0.1950000 -0.5357887
0.1960000 49.9333000
0.1970000 10.6774244
0.1980000 34.5343628
0.1990000 34.1089745
0.2000000 -8.2708101
0.2010000 -16.8984928
0.2020000 -65.1076660
0.2030000 -3.7959049
0.2040000 -34.0705185
0.2050000 65.4403687
0.2060000 -28.9998722
0.2070000 51.2498360
0.2080000 55.2025566
0.2090000 12.4533539
0.2100000 37.5799866
0.2110000 64.6396866
0.2120000 13.4070520
0.2130000 14.4824638
0.2140000 59.6272049
0.2150000 10.1118479
0.2160000 -15.9644270
0.2170000 30.1488972
0.2180000 54.6740646
0.2190000 44.5368538
0.2200000 -6.3676572
0.2210000 12.6701212
0.2220000 39.8622513
0.2230000 32.7750397
0.2240000 81.8544006
0.2250000 -37.1674690
0.2260000 -0.0567193
0.2270000 -24.3742275
0.2280000 -11.5914822
0.2290000 -23.6004429
0.2300000 6.4368491
0.2310000 -21.4684372
0.2320000 16.2698994
0.2330000 -17.1707230
0.2340000 21.6794739
0.2350000 36.4365234
0.2360000 25.6731148
0.2370000 10.5349436
0.2380000 3.6805644
0.2390000 -55.3185387
0.2400000 33.3452492
0.2410000 -9.6817217
0.2420000 41.9086189
0.2430000 -13.3811445
0.2440000 18.0403805
0.2450000 -17.8244381
0.2460000 -12.9802895
0.2470000 44.8748207
0.2480000 24.6243916
0.2490000 -10.9874115
0.2500000 119.0999756
0.2510000 -23.0060711
0.2520000 25.4763355
0.2530000 23.9937363
0.2540000 77.5658722
0.2550000 -1.5839661
0.2560000 33.6012192
0.2570000 20.4140530
0.2580000 53.9378052
0.2590000 -17.9631863
0.2600000 17.5162125
0.2610000 39.3732948
0.2620000 17.9232655
0.2630000 -28.1840935
0.2640000 32.6396408
0.2650000 -15.9837379
0.2660000 -1.3582406
0.2670000 -29.5979042
0.2680000 14.9276781
0.2690000 6.1107907
0.2700000 12.1599226
0.2710000 -52.4567070
0.2720000 39.3604431
0.2730000 61.6830139
0.2740000 16.6494522
0.2750000 -77.0516434
0.2760000 -15.0935907
0.2770000 15.9776106
0.2780000 -17.8881340
0.2790000 30.8884697
0.2800000 24.9057980
0.2810000 -37.5138741
0.2820000 24.8409767
0.2830000 -11.8982248
0.2840000 -22.8604889
0.2850000 30.4475307
0.2860000 1.5172892
0.2870000 -25.5460873
0.2880000 11.2028103
0.2890000 6.9385905
0.2900000 35.7732964
0.2910000 -20.0932617
0.2920000 53.1861496
0.2930000 30.4895744
0.2940000 22.2445488
0.2950000 3.3973854
0.2960000 -20.9319420
0.2970000 32.7759399
0.2980000 -41.2936821
0.2990000 7.9957542
0.3000000 35.7763557
0.3010000 -14.1667833
0.3020000 -13.6355076
0.3030000 43.8674545
0.3040000 -36.6914864
0.3050000 35.7407608
0.3060000 28.3625355
0.3070000 -27.1686172
0.3080000 -9.3766804
0.3090000 31.8670444
0.3100000 -4.6677890
0.3110000 -19.6957493
0.3120000 12.1231022
0.3130000 5.5405827
0.3140000 -45.1139755
0.3150000 31.1428890
0.3160000 0.3963237
0.3170000 -50.1606941
0.3180000 -99.2135773
0.3190000 39.7391815
0.3200000 -14.4781208
0.3210000 87.5076370
0.3220000 -28.3127098
0.3230000 -3.1212509
0.3240000 -44.1963768
0.3250000 -40.6522408
0.3260000 -7.8471341
0.3270000 -49.1516533
0.3280000 6.0056639
0.3290000 44.0912132
0.3300000 27.9752579
0.3310000 69.2428818
0.3320000 38.4914207
0.3330000 10.9041557
0.3340000 -72.9788818
0.3350000 -12.4304476
0.3360000 33.0324516
0.3370000 -43.5233345
0.3380000 44.5350304
0.3390000 -16.6616840
0.3400000 -29.9390106
0.3410000 -0.1109894
0.3420000 -25.1939259
0.3430000 36.7221031
0.3440000 -42.6396217
0.3450000 41.9762955
0.3460000 -31.6724281
0.3470000 33.3674583
0.3480000 -25.3200169
0.3490000 -5.9514642
0.3500000 2.2820661
0.3510000 -15.3951817
0.3520000 17.8400707
0.3530000 -2.8137798
0.3540000 43.2792244
0.3550000 47.1218567
0.3560000 -44.4205360
0.3570000 6.1398621
0.3580000 -9.9947405
0.3590000 -34.3639679
0.3600000 -1.6229272
0.3610000 7.9630337
0.3620000 -3.7773542
0.3630000 32.4761009
0.3640000 34.6785583
0.3650000 -2.1941068
0.3660000 -27.5750675
0.3670000 -90.8078690
0.3680000 5.8403797
0.3690000 8.4717674
0.3700000 -3.9173396
0.3710000 27.7871532
0.3720000 -9.7114820
0.3730000 20.0363922
0.3740000 17.3112679
0.3750000 73.1584091
0.3760000 9.4622707
0.3770000 -6.2200785
0.3780000 -11.2619371
0.3790000 -6.1582313
0.3800000 -25.7109814
0.3810000 2.3321538
0.3820000 -19.8603458
0.3830000 22.9041615
0.3840000 -27.5186195
0.3850000 1.0505787
0.3860000 -19.8990440
0.3870000 7.1739483
0.3880000 -9.3497801
0.3890000 18.9211636
0.3900000 36.2702026
0.3910000 21.9584846
0.3920000 -18.9584980
0.3930000 23.6741066
0.3940000 -16.4433918
0.3950000 -35.4169083
0.3960000 -36.2007065
0.3970000 0.3734694
0.3980000 -81.4994888
0.3990000 10.2089520
0.4000000 36.9394760
0.4010000 66.2873611
0.4020000 -5.6813235
0.4030000 67.4255142
0.4040000 48.1238060
0.4050000 -2.3447471
0.4060000 -1.6016949
0.4070000 -78.1645584
0.4080000 12.5716152
0.4090000 -12.7521544
0.4100000 -22.2674217
0.4110000 4.7901449
0.4120000 57.1234283
0.4130000 20.0037136
0.4140000 50.6082306
0.4150000 10.1696920
0.4160000 46.0657730
0.4170000 2.5492489
0.4180000 9.4138727
0.4190000 40.7507477
0.4200000 -25.1108780
0.4210000 1.7303497
0.4220000 48.0578270
0.4230000 11.4796457
0.4240000 -4.3771825
0.4250000 23.5016365
0.4260000 -15.3675919
0.4270000 39.1074524
0.4280000 47.9149284
0.4290000 10.9600391
0.4300000 2.1743855
0.4310000 -14.2187033
0.4320000 -25.9342175
0.4330000 -35.8243675
0.4340000 -4.5117602
0.4350000 -41.9659576
0.4360000 6.4036179
0.4370000 42.6804733
0.4380000 62.0867348
0.4390000 18.0090275
0.4400000 -5.6198392
0.4410000 -1.4937100
0.4420000 -18.9107533
0.4430000 10.3126621
0.4440000 53.8592911
0.4450000 54.8957520
0.4460000 -22.7067490
0.4470000 -27.3056545
0.4480000 10.8533096
0.4490000 -19.7589550
0.4500000 24.3660488
0.4510000 14.1064224
0.4520000 -3.0719712
0.4530000 45.5838394
0.4540000 -19.2386322
0.4550000 12.1560593
0.4560000 21.3664227
0.4570000 9.9207277
0.4580000 41.7638702
0.4590000 52.5170631
0.4600000 -34.9751740
0.4610000 -4.5846105
0.4620000 3.2185535
0.4630000 -8.3846827
0.4640000 38.1428833
0.4650000 -34.2841415
0.4660000 33.9344635
0.4670000 36.2971115
0.4680000 1.2724211
0.4690000 25.0343819
0.4700000 -7.8408198
0.4710000 -53.7052193
0.4720000 -41.3493423
0.4730000 46.0654221
0.4740000 34.8882942
0.4750000 6.3862252
0.4760000 14.2746439
0.4770000 -15.6367512
0.4780000 44.1315041
0.4790000 42.8121262
0.4800000 -23.5752964
0.4810000 32.4740524
0.4820000 -30.0297089
0.4830000 -11.7697239
0.4840000 30.9014397
0.4850000 -21.7255611
0.4860000 -15.1639977
0.4870000 39.4434128
0.4880000 27.8240509
0.4890000 14.5041513
0.4900000 89.4781036
0.4910000 17.0001411
0.4920000 31.6162186
0.4930000 15.9588194
0.4940000 9.9325838
0.4950000 11.1167622
0.4960000 25.1800766
0.4970000 -2.5318265
0.4980000 -27.5910530
0.4990000 -35.9295921
0.5000000 22.7223816
0.5010000 11.5045681
0.5020000 -18.4615059
0.5030000 28.1834755
0.5040000 23.7572060
0.5050000 -9.1701241
0.5060000 1.8262869
0.5070000 9.8023653
0.5080000 0.9159613
0.5090000 -18.6040478
0.5100000 94.5881653
0.5110000 -24.3928471
0.5120000 -70.4019775
0.5130000 -17.7820702
0.5140000 -23.9458790
0.5150000 20.8066444
0.5160000 23.4577255
0.5170000 45.3707275
0.5180000 49.2466812
0.5190000 -45.4691505
0.5200000 -64.9550858
0.5210000 -34.5101128
0.5220000 -3.6414177
0.5230000 41.4665070
0.5240000 26.8580608
0.5250000 53.9103813
0.5260000 6.3791256
0.5270000 -14.5009546
0.5280000 -16.1262989
0.5290000 -35.5412102
0.5300000 46.0153198
0.5310000 -4.9068084
0.5320000 -12.6993666
0.5330000 15.0335588
0.5340000 27.1195164
0.5350000 20.5981770
0.5360000 72.5953064
0.5370000 25.5527573
0.5380000 11.7402668
0.5390000 -37.9279175
0.5400000 -32.2029305
0.5410000 -24.0321617
0.5420000 30.5676498
0.5430000 -52.5830116
0.5440000 -14.3541298
0.5450000 -4.0770893
0.5460000 13.8544331
0.5470000 -5.0532436
0.5480000 18.1020622
0.5490000 -26.0374298
0.5500000 29.2193527
0.5510000 -24.6869144
0.5520000 -14.4898911
0.5530000 22.5697384
0.5540000 0.5067786
0.5550000 -33.1621933
0.5560000 -6.7810574
0.5570000 -17.4551697
0.5580000 -19.5830193
0.5590000 -61.2600060
0.5600000 -19.7469120
0.5610000 17.2518024
0.5620000 35.8555260
0.5630000 13.1960135
0.5640000 16.2867622
0.5650000 -40.4110603
0.5660000 40.7518005
0.5670000 -24.0672665
0.5680000 12.3988991
0.5690000 -16.9129047
0.5700000 -15.4292555
0.5710000 92.4242706
0.5720000 -45.7334785
0.5730000 -32.2090759
0.5740000 -23.5677795
0.5750000 43.7435837
0.5760000 16.9889088
0.5770000 29.5981236
0.5780000 36.8399353
0.5790000 -29.7911987
0.5800000 -85.9968109
0.5810000 32.3287582
0.5820000 -3.2087753
0.5830000 14.3099051
0.5840000 -60.9405327
0.5850000 -22.6974277
0.5860000 53.5698013
0.5870000 4.2842765
0.5880000 -9.5839605
0.5890000 42.1181870
0.5900000 24.6807594
0.5910000 64.0796204
0.5920000 61.5953979
0.5930000 39.2942467
0.5940000 -20.1928425
0.5950000 27.2258015
0.5960000 67.7333679
0.5970000 46.2314377
0.5980000 -71.1492767
0.5990000 -9.8275757
0.6000000 -1.9732250
0.6010000 23.0502491
0.6020000 75.8923035
0.6030000 -47.6042442
0.6040000 10.2374582
0.6050000 44.6141777
0.6060000 -53.5704269
0.6070000 -90.3069305
0.6080000 6.5148768
0.6090000 -12.7898617
0.6100000 -51.9957695
0.6110000 -9.4280071
0.6120000 51.0954933
0.6130000 -33.8723755
0.6140000 17.2678032
0.6150000 -36.6059380
0.6160000 0.5154319
0.6170000 -4.1074762
0.6180000 -84.2632446
0.6190000 -21.6839981
0.6200000 -54.1000862
0.6210000 32.5280228
0.6220000 -46.5112190
0.6230000 13.8160181
0.6240000 -35.8205948
0.6250000 -21.5420265
0.6260000 23.7215919
0.6270000 27.8256760
0.6280000 -22.2086220
0.6290000 4.1168246
0.6300000 33.0150948
0.6310000 -28.6275749
0.6320000 68.3058167
0.6330000 -2.0697367
0.6340000 -66.2242584
0.6350000 -19.7629299
0.6360000 -18.0300884
0.6370000 13.3408804
0.6380000 -27.3045826
0.6390000 -12.1590748
0.6400000 34.3293877
0.6410000 10.3774061
0.6420000 31.4283543
0.6430000 -10.4112959
0.6440000 -27.9841251
0.6450000 -1.3130791
0.6460000 -5.2776904
0.6470000 32.7716370
0.6480000 27.8177967
0.6490000 -1.3147788
0.6500000 5.4358106
0.6510000 21.1838799
0.6520000 -37.6144676
0.6530000 -31.5821304
0.6540000 -30.5529575
0.6550000 38.9191322
0.6560000 36.7436600
0.6570000 -4.3019576
0.6580000 -34.4121132
0.6590000 18.7706032
0.6600000 90.9693375
0.6610000 18.0048923
0.6620000 -84.6939087
0.6630000 -33.7581520
0.6640000 8.2213507
0.6650000 -30.6367512
0.6660000 30.7253838
0.6670000 39.2295723
0.6680000 -48.2306557
0.6690000 25.4552288
0.6700000 3.2793522
0.6710000 -2.6684544
0.6720000 29.8634663
0.6730000 27.5585651
0.6740000 1.7023542
0.6750000 -31.7654629
0.6760000 -17.6181240
0.6770000 -50.3189697
0.6780000 -69.6672897
0.6790000 32.0673637
0.6800000 -15.5376110
0.6810000 -53.2299805
0.6820000 6.9700556
0.6830000 4.8467340
0.6840000 -1.8558220
0.6850000 15.6751633
0.6860000 22.9213219
0.6870000 -37.3543167
0.6880000 -63.1053619
0.6890000 68.7393417
0.6900000 -36.6437836
0.6910000 42.9406586
0.6920000 5.8860903
0.6930000 2.9374082
0.6940000 12.4709854
0.6950000 -25.8591518
0.6960000 43.2999725
0.6970000 26.4948006
0.6980000 36.7606773
0.6990000 -34.1200485
0.7000000 56.9490814
0.7010000 -30.8480358
0.7020000 2.2818358
0.7030000 -8.9353218
0.7040000 17.8913784
0.7050000 -4.1160445
0.7060000 -21.7961998
0.7070000 -5.8449993
0.7080000 -3.8152690
0.7090000 -4.1069946
0.7100000 -15.8536921
0.7110000 9.7791710
0.7120000 12.5238647
0.7130000 -3.5756779
0.7140000 8.1227016
0.7150000 -46.8137474
0.7160000 3.7063637
0.7170000 -34.4232292
0.7180000 8.4889498
0.7190000 26.3387547
0.7200000 -25.1497135
0.7210000 58.7584648
0.7220000 -68.5971298
0.7230000 12.2544422
0.7240000 41.4996758
0.7250000 -6.0296078
0.7260000 12.2739048
0.7270000 28.8913708
0.7280000 79.9980087
0.7290000 15.9130936
0.7300000 20.5802174
0.7310000 20.1649609
0.7320000 -1.5108705
0.7330000 -5.3392181
0.7340000 -53.4747543
0.7350000 -24.5926323
0.7360000 -24.1483994
0.7370000 -28.2271175
0.7380000 20.8872719
0.7390000 -63.5264320
0.7400000 43.6216507
0.7410000 -51.5098419
0.7420000 28.3742046
0.7430000 33.1878242
0.7440000 41.9852676
0.7450000 -79.6806030
0.7460000 -15.4698792
0.7470000 -14.4339800
0.7480000 6.9740644
0.7490000 -26.7886925
0.7500000 32.7757263
0.7510000 -14.7320395
0.7520000 15.0848913
0.7530000 24.9602585
0.7540000 -53.2156868
0.7550000 -21.1796856
0.7560000 6.2810254
0.7570000 14.5516453
0.7580000 -16.9477253
0.7590000 9.3889990
0.7600000 9.6195335
0.7610000 43.6392555
0.7620000 -11.6501131
0.7630000 21.1749954
0.7640000 -32.3324928
0.7650000 17.8403702
0.7660000 18.6871300
0.7670000 1.9456031
0.7680000 -11.9621973
0.7690000 -119.5578613
0.7700000 14.4840794
0.7710000 -81.7054825
0.7720000 -23.9764004
0.7730000 4.7942424
0.7740000 -13.2677603
0.7750000 16.8945713
0.7760000 -2.9520392
0.7770000 -25.9690418
0.7780000 23.0934124
0.7790000 23.5231037
0.7800000 41.4501038
0.7810000 3.3486242
0.7820000 -86.7991867
0.7830000 26.3834438
0.7840000 -12.4142990
0.7850000 -13.5704460
0.7860000 -17.8711567
0.7870000 25.2341099
0.7880000 -31.8069592
0.7890000 4.7033863
0.7900000 45.4810486
0.7910000 15.3737984
0.7920000 48.9548302
0.7930000 18.5422897
0.7940000 15.6625423
0.7950000 9.6232224
0.7960000 10.8596354
0.7970000 -13.7601414
0.7980000 -13.3801594
0.7990000 -36.5784187
0.8000000 0.7111702
0.8010000 46.3668938
0.8020000 13.9981728
0.8030000 47.7720490
0.8040000 -1.0872447
0.8050000 34.7188911
0.8060000 -0.5297297
0.8070000 -0.2909184
0.8080000 -105.1009064
0.8090000 -47.4764633
0.8100000 -8.4523287
0.8110000 11.7756205
0.8120000 -12.7770834
0.8130000 -19.1419544
0.8140000 -3.8126223
0.8150000 -21.8461094
0.8160000 67.4280777
0.8170000 48.6697121
0.8180000 11.3688345
0.8190000 -37.2010803
0.8200000 -7.9641070
0.8210000 -39.3797569
0.8220000 24.3640842
0.8230000 -16.2598267
0.8240000 43.9090538
0.8250000 47.0771790
0.8260000 111.5784378
0.8270000 -8.2407656
0.8280000 41.7678795
0.8290000 37.7171936
0.8300000 41.1656723
0.8310000 -13.7747746
0.8320000 31.5606403
0.8330000 -2.5467923
0.8340000 49.5673103
0.8350000 27.2163963
0.8360000 -48.5539474
0.8370000 21.1854248
0.8380000 10.8471279
0.8390000 -24.2697773
0.8400000 53.2323799
0.8410000 36.7736855
0.8420000 88.9926376
0.8430000 -30.2023525
0.8440000 45.9006348
0.8450000 18.0593185
0.8460000 -13.0413246
0.8470000 -11.9705849
0.8480000 49.4946976
0.8490000 23.8262901
0.8500000 -27.1136665
0.8510000 32.9289398
0.8520000 3.4805381
0.8530000 54.2489052
0.8540000 -40.7078094
0.8550000 -7.7994118
0.8560000 -73.5865936
0.8570000 -20.3489265
0.8580000 11.1911049
0.8590000 39.1329956
0.8600000 30.0818253
0.8610000 -42.1837883
0.8620000 1.7931010
0.8630000 -18.1187325
0.8640000 28.5927467
0.8650000 22.2157192
0.8660000 -49.8396873
0.8670000 -65.5715256
0.8680000 2.2454653
0.8690000 18.4570217
0.8700000 -26.8046856
0.8710000 -3.2789359
0.8720000 5.4982266
0.8730000 7.0879121
0.8740000 -74.2506714
0.8750000 4.6754346
0.8760000 59.8477325
0.8770000 -74.6626511
0.8780000 -40.5955200
0.8790000 28.3888893
0.8800000 5.7806115
0.8810000 -18.3552113
0.8820000 28.3983574
0.8830000 -37.7881737
0.8840000 -35.7687607
0.8850000 -5.0812302
0.8860000 8.2620468
0.8870000 -9.9919739
0.8880000 36.5171242
0.8890000 13.5879869
0.8900000 -29.3959656
0.8910000 -17.8824749
0.8920000 -55.8036728
0.8930000 1.9535913
0.8940000 -23.6045532
0.8950000 8.3062916
0.8960000 13.2068605
0.8970000 20.0648727
0.8980000 -12.7470236
0.8990000 59.3563995
0.9000000 16.7937393
0.9010000 -1.7780643
0.9020000 47.7982254
0.9030000 -28.7421055
0.9040000 -15.4214401
0.9050000 26.8069458
0.9060000 42.7967415
0.9070000 -4.4620786
0.9080000 9.6907053
0.9090000 53.5522995
0.9100000 39.6059761
0.9110000 -14.7274599
0.9120000 -68.4670029
0.9130000 69.7800522
0.9140000 28.7189674
0.9150000 56.0556908
0.9160000 16.3947411
0.9170000 -15.6135092
0.9180000 -38.5816879
0.9190000 38.6036263
0.9200000 -19.7247009
0.9210000 6.6054192
0.9220000 7.9647794
0.9230000 2.5881941
0.9240000 -7.2225499
0.9250000 -72.4991531
0.9260000 -39.7964478
0.9270000 37.9745903
0.9280000 1.0631410
0.9290000 -37.9901199
0.9300000 21.2891884
0.9310000 0.2566370
0.9320000 48.9080658
0.9330000 -8.5429077
0.9340000 31.5115356
0.9350000 -1.3233569
0.9360000 -35.2391548
0.9370000 11.7081594
0.9380000 -1.6455635
0.9390000 -29.9729538
0.9400000 18.4642372
0.9410000 82.3587418
0.9420000 20.5585346
0.9430000 16.0771790
0.9440000 82.7004547
0.9450000 26.1244450
0.9460000 -30.2689552
0.9470000 11.9883299
0.9480000 34.3075638
0.9490000 31.0197334
0.9500000 -23.8884048
0.9510000 99.1873474
0.9520000 -25.4782658
0.9530000 7.5616717
0.9540000 6.3096662
0.9550000 -17.1426105
0.9560000 -3.4902334
0.9570000 -57.9701157
0.9580000 41.4400558
0.9590000 -2.1430385
0.9600000 60.2169304
0.9610000 88.9360886
0.9620000 -48.0555191
0.9630000 -43.5507698
0.9640000 -2.8738773
0.9650000 2.0563128
0.9660000 -49.4885292
0.9670000 -40.1273537
0.9680000 14.2741156
0.9690000 16.1344776
0.9700000 33.1002274
0.9710000 -9.8357325
0.9720000 -18.6603661
0.9730000 -22.3235054
0.9740000 10.4696941
0.9750000 -23.2744389
0.9760000 17.2796192
0.9770000 -16.3987598
0.9780000 23.7014332
0.9790000 -12.2009993
0.9800000 -11.4935570
0.9810000 79.3921585
0.9820000 -43.6185493
0.9830000 27.6631947
0.9840000 41.8752060
0.9850000 23.2170753
0.9860000 -50.5603676
0.9870000 -1.6760923
0.9880000 -53.2913513
0.9890000 -21.3117943
0.9900000 11.8140574
0.9910000 -15.7611694
0.9920000 -18.1313858
0.9930000 -23.0293541
0.9940000 21.9621735
0.9950000 37.2041321
0.9960000 -68.4137268
0.9970000 6.7960896
0.9980000 52.5560875
0.9990000 18.6874371
