0.0000000 12.3715658
0.0010000 -39.4706497
0.0020000 -27.7244396
0.0030000 27.6150570
0.0040000 1.5922247
0.0050000 46.6205254
0.0060000 -25.8002033
0.0070000 -31.5897141
0.0080000 9.9670963
0.0090000 11.2228785
0.0100000 5.8174129
0.0110000 26.9533501
0.0120000 -1.3352484
0.0130000 29.8315544
0.0140000 -19.3577099
0.0150000 5.4599829
0.0160000 20.1291256
0.0170000 -23.0776806
0.0180000 -32.8871040
0.0190000 24.2071800
0.0200000 14.4698582
0.0210000 4.3911524
0.0220000 -28.6486912
0.0230000 -61.0169983
0.0240000 45.2844696
0.0250000 8.8324060
0.0260000 27.0667839
0.0270000 -76.9683990
0.0280000 10.1934738
0.0290000 60.4755363
0.0300000 -74.5596924
0.0310000 72.5671158
0.0320000 -13.8209486
0.0330000 20.5248642
0.0340000 62.0852318
0.0350000 -6.5490108
0.0360000 22.0439682
0.0370000 31.4389973
0.0380000 -44.4009247
0.0390000 -6.9919791
0.0400000 14.3740101
0.0410000 62.3769188
0.0420000 25.3415680
0.0430000 3.1382239
0.0440000 -6.0305252
0.0450000 -21.3193016
0.0460000 -12.3274593
0.0470000 -25.8297920
0.0480000 8.3416796
0.0490000 -31.9640331
0.0500000 -0.7545397
0.0510000 50.9221840
0.0520000 -0.7332386
0.0530000 41.0981903
0.0540000 21.5457230
0.0550000 -23.8387642
0.0560000 -36.2710495
0.0570000 60.5370445
0.0580000 14.8973265
0.0590000 8.2669573
0.0600000 34.0627365
0.0610000 139.6581726
0.0620000 65.8923798
0.0630000 20.4496746
0.0640000 -34.9909477
0.0650000 44.8045273
0.0660000 3.2884617
0.0670000 29.3836861
0.0680000 17.8456535
0.0690000 -52.8049660
0.0700000 6.6215882
0.0710000 -16.3053303
0.0720000 -38.7784615
0.0730000 -5.1164408
0.0740000 -30.1164856
0.0750000 -45.6745834
0.0760000 23.4625282
0.0770000 -8.2812939
0.0780000 24.1108303
0.0790000 -4.9771223
0.0800000 -49.1526222
0.0810000 16.9617901
0.0820000 22.7398701
0.0830000 -25.3685951
0.0840000 -18.5271759
0.0850000 30.4134045
0.0860000 -11.3745003
0.0870000 56.8041229
0.0880000 55.1590919
0.0890000 -4.6883707
0.0900000 -11.9669294
0.0910000 8.5301237
0.0920000 -46.9439163
0.0930000 -89.2347031
0.0940000 31.5746365
0.0950000 30.9412289
0.0960000 -23.1499786
0.0970000 -33.1209068
0.0980000 3.0284715
0.0990000 -26.6732788
0.1000000 101.0004196
0.1010000 7.3892894
0.1020000 -17.2670021
0.1030000 -5.7080646
0.1040000 -19.1804104
0.1050000 -18.8122692
0.1060000 83.8729019
0.1070000 -45.7308960
0.1080000 15.0898867
0.1090000 -43.5970535
0.1100000 22.3217411
0.1110000 55.4544868
0.1120000 41.0818596
0.1130000 -26.5799675
0.1140000 39.1056175
0.1150000 17.0784931
0.1160000 -33.7645302
0.1170000 -48.4533806
0.1180000 -38.2225380
0.1190000 9.6266117
0.1200000 11.6048822
0.1210000 19.7972527
0.1220000 -5.1154523
0.1230000 -11.5812263
0.1240000 -1.4030046
0.1250000 -29.7125092
0.1260000 35.1944275
0.1270000 -6.7462192
0.1280000 11.1968908
0.1290000 44.5284920
0.1300000 61.9047279
0.1310000 57.1838646
0.1320000 24.6093941
0.1330000 56.0386963
0.1340000 58.3241615
0.1350000 -21.0598774
0.1360000 22.8023586
0.1370000 10.4032221
0.1380000 -43.9756165
0.1390000 -16.2635174
0.1400000 39.7988548
0.1410000 -11.9355841
0.1420000 -42.4696922
0.1430000 48.1339340
0.1440000 -3.2641494
0.1450000 -21.1600647
0.1460000 14.5027237
0.1470000 5.4269013
0.1480000 -81.9738998
0.1490000 29.2669125
0.1500000 40.6647797
0.1510000 -10.0138826
0.1520000 38.1021042
0.1530000 -20.7928333
0.1540000 -26.6658001
0.1550000 -47.9425240
0.1560000 -17.3245201
0.1570000 30.6272984
0.1580000 -53.3734360
0.1590000 22.0082169
0.1600000 -38.8668785
0.1610000 -36.2211151
0.1620000 9.4370584
0.1630000 -17.4722443
0.1640000 -42.2809143
0.1650000 19.4090405
0.1660000 -17.4064426
0.1670000 59.3905792
0.1680000 -46.2021370
0.1690000 -11.4681053
0.1700000 27.5659962
0.1710000 50.2288361
0.1720000 11.3605556
0.1730000 10.7789583
0.1740000 9.5013609
0.1750000 -46.4868126
0.1760000 17.0249119
0.1770000 17.0529690
0.1780000 71.8326111
0.1790000 -43.7481232
0.1800000 48.5583839
0.1810000 20.5858288
0.1820000 9.0220490
0.1830000 21.7690773
0.1840000 -50.5269203
0.1850000 -21.6411953
0.1860000 -22.8409271
0.1870000 6.1091986
0.1880000 -6.9721107
0.1890000 13.8015041
0.1900000 7.0064559
0.1910000 22.1808681
0.1920000 12.6481400
0.1930000 32.0244141
0.1940000 -6.8623214
0.1950000 0.7767384
0.1960000 -25.8842411
0.1970000 24.1094742
0.1980000 -45.3444633
0.1990000 -42.5700684
0.2000000 -11.3853674
0.2010000 57.0386696
0.2020000 -3.6209364
0.2030000 2.5660200
0.2040000 -14.0814018
0.2050000 44.9101715
0.2060000 37.9156990
0.2070000 42.9046516
0.2080000 69.7265396
0.2090000 3.0146563
0.2100000 -9.0358009
0.2110000 -8.4801588
0.2120000 14.5807905
0.2130000 -31.7187271
0.2140000 27.8449841
0.2150000 68.1238556
0.2160000 -10.0477419
0.2170000 15.2497234
0.2180000 26.9496365
0.2190000 51.4092827
0.2200000 -25.5729866
0.2210000 -40.7123756
0.2220000 -43.2837791
0.2230000 -7.9192352
0.2240000 -51.5762291
0.2250000 -32.1166954
0.2260000 -4.2149477
0.2270000 4.5418487
0.2280000 51.9633408
0.2290000 29.2030048
0.2300000 56.7277718
0.2310000 -27.9525375
0.2320000 -16.4831734
0.2330000 18.0680656
0.2340000 10.8611593
0.2350000 24.9838810
0.2360000 -42.7959137
0.2370000 27.4405918
0.2380000 6.6143842
0.2390000 -25.4435291
0.2400000 36.9521446
0.2410000 -1.6500622
0.2420000 -52.6121216
0.2430000 -21.7724056
0.2440000 -14.6321659
0.2450000 38.2990417
0.2460000 32.0703468
0.2470000 76.2136002
0.2480000 39.2583313
0.2490000 10.8620434
0.2500000 25.4866085
0.2510000 13.4737616
0.2520000 -10.5778456
0.2530000 50.1279564
0.2540000 -4.5185075
0.2550000 -41.6881561
0.2560000 4.3788190
0.2570000 12.7767668
0.2580000 -28.0396023
0.2590000 -33.3031845
0.2600000 27.8885193
0.2610000 -12.6446533
0.2620000 67.0205688
0.2630000 -3.0446925
0.2640000 -37.1122284
0.2650000 34.3872223
0.2660000 -10.5813541
0.2670000 36.0018883
0.2680000 -19.9160824
0.2690000 36.0406113
0.2700000 37.8853264
0.2710000 -61.3542480
0.2720000 -10.3536015
0.2730000 -37.6899834
0.2740000 12.0622168
0.2750000 10.1745558
0.2760000 -17.4177361
0.2770000 -15.6435423
0.2780000 -8.1977272
0.2790000 -8.6564569
0.2800000 -30.2502117
0.2810000 -47.8675690
0.2820000 37.5863113
0.2830000 -4.9352760
0.2840000 -30.9024010
0.2850000 -61.2533531
0.2860000 24.2892628
0.2870000 -44.0907059
0.2880000 9.5306072
0.2890000 34.9218521
0.2900000 -35.5069542
0.2910000 30.0920296
0.2920000 8.8741055
0.2930000 -32.8508835
0.2940000 -28.9704189
0.2950000 -10.9866972
0.2960000 -61.5079842
0.2970000 58.7771988
0.2980000 28.2817726
0.2990000 -3.0466774
0.3000000 -8.7568817
0.3010000 57.5397377
0.3020000 34.2524147
0.3030000 -38.6518860
0.3040000 -9.4758186
0.3050000 12.0370102
0.3060000 37.5311699
0.3070000 7.0275846
0.3080000 8.1537781
0.3090000 -6.8053908
0.3100000 38.3766289
0.3110000 -25.8460617
0.3120000 -39.6139488
0.3130000 -19.7420635
0.3140000 27.1587639
0.3150000 -24.7087421
0.3160000 -14.7843018
0.3170000 -31.5549202
0.3180000 -7.6805344
0.3190000 -21.5660000
0.3200000 27.9808559
0.3210000 46.9409103
0.3220000 25.8342419
0.3230000 -6.9837356
0.3240000 -19.2372322
0.3250000 34.2577591
0.3260000 42.9483566
0.3270000 7.9939022
0.3280000 49.7106514
0.3290000 -5.8334203
0.3300000 -46.8846512
0.3310000 3.3602953
0.3320000 23.1218395
0.3330000 23.8629456
0.3340000 10.7409973
0.3350000 0.2109929
0.3360000 -4.8015900
0.3370000 5.1201587
0.3380000 37.8054199
0.3390000 0.9646548
0.3400000 46.8244057
0.3410000 0.2713931
0.3420000 47.9690475
0.3430000 -4.0103846
0.3440000 5.4171853
0.3450000 14.2451687
0.3460000 69.4265442
0.3470000 40.1565170
0.3480000 -40.4771156
0.3490000 72.3780670
0.3500000 31.1854954
0.3510000 -27.5483360
0.3520000 -52.6092186
0.3530000 -4.4768825
0.3540000 -8.5318804
0.3550000 56.5547447
0.3560000 -4.3555002
0.3570000 -5.0917249
0.3580000 -26.3426476
0.3590000 -24.6302433
0.3600000 -6.6180468
0.3610000 31.3370304
0.3620000 11.7619476
0.3630000 33.6965485
0.3640000 -16.8239079
0.3650000 20.9362850
0.3660000 -39.2454414
0.3670000 8.6690025
0.3680000 -19.5460396
0.3690000 -11.2840710
0.3700000 -3.2419248
0.3710000 4.3438373
0.3720000 -19.8312702
0.3730000 3.9120944
0.3740000 62.0622292
0.3750000 -48.5571098
0.3760000 1.6231922
0.3770000 -12.6473312
0.3780000 35.6529846
0.3790000 64.2750244
0.3800000 -25.1086617
0.3810000 26.2382488
0.3820000 -36.1439247
0.3830000 -13.9921331
0.3840000 -82.0355835
0.3850000 -63.9359627
0.3860000 20.5078430
0.3870000 -27.4846725
0.3880000 -32.0970840
0.3890000 -0.4643795
0.3900000 32.9847298
0.3910000 -61.8883209
0.3920000 29.0767956
0.3930000 28.6757393
0.3940000 5.0149207
0.3950000 39.7776031
0.3960000 -28.8262787
0.3970000 -18.9571171
0.3980000 -11.6480141
0.3990000 14.5989552
0.4000000 -9.6093626
0.4010000 58.7762566
0.4020000 8.7108879
0.4030000 13.7782898
0.4040000 -1.6842351
0.4050000 -46.5266724
0.4060000 17.0013638
0.4070000 -2.3190172
0.4080000 -6.2788205
0.4090000 66.7075424
0.4100000 -46.9527588
0.4110000 -18.8584080
0.4120000 4.9857411
0.4130000 47.1410637
0.4140000 39.5652122
0.4150000 1.9771805
0.4160000 16.6264229
0.4170000 -59.8392601
0.4180000 40.8309822
0.4190000 -15.6151056
0.4200000 -10.6621056
0.4210000 20.1935730
0.4220000 3.4019556
0.4230000 1.3703783
0.4240000 -28.4671860
0.4250000 40.0341263
0.4260000 8.9640102
0.4270000 -1.1142199
0.4280000 -29.8991318
0.4290000 -8.2476082
0.4300000 8.8730764
0.4310000 -57.5635643
0.4320000 7.3919220
0.4330000 8.3483906
0.4340000 39.8680725
0.4350000 65.4280243
0.4360000 -12.2687187
0.4370000 2.6272449
0.4380000 30.6331120
0.4390000 27.0021706
0.4400000 -45.4215775
0.4410000 -37.3978806
0.4420000 18.8617859
0.4430000 5.0382347
0.4440000 -38.1015396
0.4450000 23.3620338
0.4460000 59.9599266
0.4470000 43.7467117
0.4480000 27.9935474
0.4490000 14.7210732
0.4500000 -48.7778473
0.4510000 -24.8658276
0.4520000 -40.9684029
0.4530000 -45.3121452
0.4540000 31.0508289
0.4550000 4.8915515
0.4560000 56.8200455
0.4570000 -20.9049797
0.4580000 -21.0621929
0.4590000 -78.4473267
0.4600000 -38.9157867
0.4610000 43.4425087
0.4620000 -18.5390129
0.4630000 14.2769804
0.4640000 31.0656395
0.4650000 -10.1708727
0.4660000 5.8658786
0.4670000 -39.1947517
0.4680000 -2.6706007
0.4690000 -14.3846254
0.4700000 33.2544022
0.4710000 -55.1542892
0.4720000 -35.2361031
0.4730000 0.5653199
0.4740000 -46.3222351
0.4750000 2.4605036
0.4760000 18.3825130
0.4770000 8.8270464
0.4780000 -21.2793694
0.4790000 37.3328552
0.4800000 -63.8392715
0.4810000 37.5158501
0.4820000 -51.4573174
0.4830000 -26.5180264
0.4840000 -27.0134869
0.4850000 24.1063728
0.4860000 -15.8701258
0.4870000 -12.7807274
0.4880000 50.5828476
0.4890000 15.9133778
0.4900000 -7.2021527
0.4910000 -50.1974831
0.4920000 -35.7229996
0.4930000 52.1983032
0.4940000 -33.6946297
0.4950000 -29.5216541
0.4960000 -11.5521851
0.4970000 -2.0456564
0.4980000 -7.2932038
0.4990000 9.3418312
0.5000000 40.2244492
0.5010000 55.4433975
0.5020000 -35.9570656
0.5030000 23.5013733
0.5040000 35.6720161
0.5050000 28.7436104
0.5060000 -24.3434429
0.5070000 -33.1560898
0.5080000 -16.7288895
0.5090000 30.9579964
0.5100000 -90.6973724
0.5110000 -16.0487003
0.5120000 29.1987057
0.5130000 -5.5554686
0.5140000 -19.2742729
0.5150000 97.1543884
0.5160000 14.9136992
0.5170000 -15.6233702
0.5180000 40.0686035
0.5190000 41.9330292
0.5200000 18.4643764
0.5210000 26.5117340
0.5220000 28.6546192
0.5230000 -47.8698883
0.5240000 12.0698509
0.5250000 19.8859978
0.5260000 -56.2652779
0.5270000 -22.6769848
0.5280000 21.3815117
0.5290000 -19.9626656
0.5300000 -18.1058140
0.5310000 -47.9589195
0.5320000 -32.7495346
0.5330000 -61.2686043
0.5340000 -1.5906603
0.5350000 47.9218102
0.5360000 -34.2345047
0.5370000 -3.2955718
0.5380000 12.3490925
0.5390000 -11.4882393
0.5400000 -9.4154272
0.5410000 2.5016768
0.5420000 57.3096771
0.5430000 -44.3484993
0.5440000 -71.9606400
0.5450000 14.7339325
0.5460000 -18.2319965
0.5470000 -35.7518616
0.5480000 40.1853142
0.5490000 52.9596443
0.5500000 -28.2067184
0.5510000 -60.8263435
0.5520000 -47.9613113
0.5530000 -22.0863876
0.5540000 -59.5836220
0.5550000 33.0748749
0.5560000 53.5682449
0.5570000 -3.2997160
0.5580000 18.3748474
0.5590000 19.9704914
0.5600000 21.2073326
0.5610000 23.4247761
0.5620000 -25.3096046
0.5630000 -22.4115219
0.5640000 22.0372372
0.5650000 25.7122726
0.5660000 -21.6489601
0.5670000 13.0106602
0.5680000 -15.4428072
0.5690000 23.9816723
0.5700000 22.4218693
0.5710000 -2.3881602
0.5720000 14.8932753
0.5730000 -18.0281868
0.5740000 31.4606018
0.5750000 -2.8888433
0.5760000 20.8926468
0.5770000 -61.8367767
0.5780000 6.2129335
0.5790000 -63.5062485
0.5800000 21.9582729
0.5810000 5.1027751
0.5820000 -9.7823610
0.5830000 -3.2359824
0.5840000 -29.7013493
0.5850000 -41.8276176
0.5860000 35.8826981
0.5870000 -6.0216651
0.5880000 23.7241917
0.5890000 60.6972961
0.5900000 -44.9626312
0.5910000 -0.7502275
0.5920000 -7.4440722
0.5930000 -20.8383808
0.5940000 31.3804646
0.5950000 18.3661766
0.5960000 -86.5322266
0.5970000 -18.7844734
0.5980000 3.0059173
0.5990000 -4.7721343
0.6000000 -36.7336540
0.6010000 -20.0637016
0.6020000 37.0883255
0.6030000 51.1901169
0.6040000 -17.3822536
0.6050000 5.3880706
0.6060000 -17.4769325
0.6070000 13.7828064
0.6080000 -46.7844315
0.6090000 -12.5204983
0.6100000 32.2939491
0.6110000 -9.2970247
0.6120000 47.0743561
0.6130000 -32.7285271
0.6140000 -28.3527851
0.6150000 -28.3929024
0.6160000 41.2970390
0.6170000 -35.5074158
0.6180000 -11.8188820
0.6190000 -48.5159683
0.6200000 5.7338018
0.6210000 42.0197258
0.6220000 9.3982401
0.6230000 45.6337509
0.6240000 -7.3059611
0.6250000 79.3464890
0.6260000 -9.7953300
0.6270000 -4.7553473
0.6280000 14.0288820
0.6290000 9.7338476
0.6300000 -54.8251381
0.6310000 45.0892410
0.6320000 16.1875000
0.6330000 -18.4045696
0.6340000 8.0402002
0.6350000 -38.7597961
0.6360000 4.8244686
0.6370000 25.6442719
0.6380000 5.9713240
0.6390000 19.0354481
0.6400000 -14.2091646
0.6410000 -66.7106018
0.6420000 -18.4270077
0.6430000 -8.0095329
0.6440000 -18.2800770
0.6450000 -5.8219376
0.6460000 17.8898239
0.6470000 -19.8695736
0.6480000 44.2226410
0.6490000 -21.0691624
0.6500000 52.8191071
0.6510000 -31.6875839
0.6520000 32.7443390
0.6530000 30.6187057
0.6540000 -20.0166874
0.6550000 80.7870483
0.6560000 4.0453973
0.6570000 42.8371048
0.6580000 -5.3034678
0.6590000 12.4002943
0.6600000 -84.0613632
0.6610000 56.6134453
0.6620000 -15.8605633
0.6630000 10.1581430
0.6640000 41.4636917
0.6650000 14.5519514
0.6660000 -14.8829842
0.6670000 31.7141113
0.6680000 12.6210060
0.6690000 -7.9051261
0.6700000 13.4883308
0.6710000 -34.5208359
0.6720000 38.9496117
0.6730000 -14.6820030
0.6740000 -44.7766800
0.6750000 36.1796265
0.6760000 19.0944538
0.6770000 7.8380032
0.6780000 -43.8705673
0.6790000 -18.9118633
0.6800000 -22.6648731
0.6810000 -4.8689642
0.6820000 19.3796978
0.6830000 -33.0117226
0.6840000 83.7720566
0.6850000 13.6547937
0.6860000 -5.8217244
0.6870000 17.0735226
0.6880000 -38.2581406
0.6890000 22.7757835
0.6900000 -12.7788267
0.6910000 -31.9447289
0.6920000 3.1934416
0.6930000 -26.7104607
0.6940000 14.8893251
0.6950000 -26.2504253
0.6960000 -6.2506080
0.6970000 23.0206032
0.6980000 -40.8220520
0.6990000 -23.0048141
0.7000000 -8.1104279
0.7010000 -31.2263222
0.7020000 -32.3331032
0.7030000 -36.6198311
0.7040000 44.8038597
0.7050000 32.7700539
0.7060000 44.5271568
0.7070000 53.2074280
0.7080000 -28.2820587
0.7090000 36.2326355
0.7100000 -66.1623917
0.7110000 3.9378135
0.7120000 -30.4755497
0.7130000 37.5937729
0.7140000 -11.2815113
0.7150000 27.9729595
0.7160000 -14.5042191
0.7170000 43.4382591
0.7180000 -11.7917500
0.7190000 -20.6129780
0.7200000 -3.1558256
0.7210000 62.0374832
0.7220000 57.5786171
0.7230000 -16.2620869
0.7240000 -57.2376633
0.7250000 -63.4785843
0.7260000 -86.2798157
0.7270000 10.7297020
0.7280000 -12.7255268
0.7290000 69.9020920
0.7300000 60.2332115
0.7310000 -64.9206238
0.7320000 -2.9966722
0.7330000 14.1260471
0.7340000 14.7686129
0.7350000 -31.3649750
0.7360000 -9.9322186
0.7370000 -15.5212278
0.7380000 8.4032784
0.7390000 -48.0748634
0.7400000 19.3532143
0.7410000 0.2459184
0.7420000 1.1113106
0.7430000 41.8607368
0.7440000 42.1897888
0.7450000 41.1387825
0.7460000 2.6642694
0.7470000 -28.8574066
0.7480000 7.6015043
0.7490000 74.5943680
0.7500000 -1.9293281
0.7510000 28.3240280
0.7520000 2.4943068
0.7530000 20.1813965
0.7540000 24.0242062
0.7550000 -20.4567165
0.7560000 15.9273634
0.7570000 -19.2414513
0.7580000 -43.7661858
0.7590000 -3.6760590
0.7600000 27.5566025
0.7610000 -3.9169912
0.7620000 16.9402790
0.7630000 3.7218008
0.7640000 -10.6978807
0.7650000 -48.8276787
0.7660000 56.4312668
0.7670000 74.0384445
0.7680000 17.4418030
0.7690000 45.9949150
0.7700000 -14.8550625
0.7710000 51.0978394
0.7720000 -49.5064430
0.7730000 36.4963799
0.7740000 -49.7770691
0.7750000 -55.9660683
0.7760000 3.4571781
0.7770000 -54.3032341
0.7780000 5.3886180
0.7790000 -61.0065536
0.7800000 10.1861725
0.7810000 1.0069391
0.7820000 -18.9829712
0.7830000 8.4126740
0.7840000 66.2344055
0.7850000 49.0777054
0.7860000 -2.2490871
0.7870000 -7.8143158
0.7880000 -26.5162220
0.7890000 23.1337147
0.7900000 8.0783348
0.7910000 43.0707664
0.7920000 -38.6166611
0.7930000 33.6800003
0.7940000 9.5830097
0.7950000 39.1926384
0.7960000 -19.4355164
0.7970000 32.1432037
0.7980000 -88.0163803
0.7990000 -45.8168983
0.8000000 -44.8829994
0.8010000 -1.5495234
0.8020000 -43.4693871
0.8030000 -24.7908649
0.8040000 3.9812140
0.8050000 23.9042110
0.8060000 -14.9296999
0.8070000 -46.4103394
0.8080000 34.6443100
0.8090000 -36.6053772
0.8100000 -48.4165726
0.8110000 5.1810169
0.8120000 -11.5217361
0.8130000 39.5914497
0.8140000 -35.4025574
0.8150000 -18.7444515
0.8160000 -60.8619423
0.8170000 -15.9447269
0.8180000 -7.7299633
0.8190000 -40.5865097
0.8200000 -45.3861732
0.8210000 -51.0533905
0.8220000 14.7315922
0.8230000 30.9017277
0.8240000 8.3175812
0.8250000 32.0635185
0.8260000 43.2370987
0.8270000 -25.2467289
0.8280000 -37.0726128
0.8290000 57.1685562
0.8300000 51.0996170
0.8310000 33.2536125
0.8320000 26.4583778
0.8330000 -43.7669220
0.8340000 -21.6678772
0.8350000 4.3949461
0.8360000 49.1735611
0.8370000 -25.5281868
0.8380000 68.8530121
0.8390000 -64.9378281
0.8400000 28.3793545
0.8410000 3.3067741
0.8420000 -27.4378929
0.8430000 22.2825680
0.8440000 48.0600624
0.8450000 -1.3453654
0.8460000 -68.8893127
0.8470000 0.8526998
0.8480000 -38.2417450
0.8490000 61.2304688
0.8500000 15.6076050
0.8510000 -44.0253410
0.8520000 -50.3963852
0.8530000 -30.4114704
0.8540000 15.2257175
0.8550000 -45.9989014
0.8560000 39.5816078
0.8570000 -14.8738518
0.8580000 26.4633465
0.8590000 -22.7210999
0.8600000 45.9497948
0.8610000 44.6196823
0.8620000 34.4278145
0.8630000 39.5794296
0.8640000 32.7928276
0.8650000 -91.3538818
0.8660000 -38.7948647
0.8670000 -0.9726004
0.8680000 -70.7388306
0.8690000 24.2836704
0.8700000 -20.9395924
0.8710000 -3.1225848
0.8720000 44.7324295
0.8730000 14.2236233
0.8740000 33.2863579
0.8750000 10.9704981
0.8760000 -0.2391813
0.8770000 -22.7922859
0.8780000 2.9205408
0.8790000 54.8119965
0.8800000 22.4642525
0.8810000 -44.4065399
0.8820000 53.4880333
0.8830000 -14.4386311
0.8840000 -40.5330429
0.8850000 8.0142841
0.8860000 -21.2264309
0.8870000 -3.1838360
0.8880000 -27.4516087
0.8890000 29.1939907
0.8900000 -10.7180319
0.8910000 -11.5616283
0.8920000 -11.4577818
0.8930000 24.4934177
0.8940000 33.8827057
0.8950000 32.4301567
0.8960000 2.4480205
0.8970000 -1.0665640
0.8980000 10.8416548
0.8990000 -18.2632408
0.9000000 -3.0756018
0.9010000 15.7480030
0.9020000 -37.9668388
0.9030000 26.9551716
0.9040000 50.9440231
0.9050000 41.6414909
0.9060000 -45.9197617
0.9070000 -1.8593664
0.9080000 -47.7580795
0.9090000 -10.9572258
0.9100000 -26.4075317
0.9110000 -15.5943518
0.9120000 72.1679306
0.9130000 -0.2619464
0.9140000 -46.6395645
0.9150000 -6.8653245
0.9160000 -4.5223355
0.9170000 -1.8647015
0.9180000 -39.4080544
0.9190000 14.2708740
0.9200000 -17.4614391
0.9210000 -7.3771772
0.9220000 -20.3164425
0.9230000 7.7172065
0.9240000 -15.6282434
0.9250000 14.3691826
0.9260000 -38.1024437
0.9270000 -45.5536690
0.9280000 -4.7086220
0.9290000 -45.1936417
0.9300000 6.2062254
0.9310000 26.7485504
0.9320000 -26.8865452
0.9330000 -16.7429028
0.9340000 -16.1858234
0.9350000 -4.2850676
0.9360000 -13.1140518
0.9370000 -38.3343620
0.9380000 39.0019608
0.9390000 -12.3384352
0.9400000 -21.6615353
0.9410000 -70.7429047
0.9420000 -29.3806343
0.9430000 -31.6777515
0.9440000 -14.9486008
0.9450000 -0.5677648
0.9460000 66.5686340
0.9470000 20.0309868
0.9480000 28.8742733
0.9490000 19.2736492
0.9500000 41.0346489
0.9510000 -11.0541430
0.9520000 11.6779032
0.9530000 0.6074492
0.9540000 17.3643780
0.9550000 5.8734040
0.9560000 -29.4304867
0.9570000 -21.0856915
0.9580000 -13.5788393
0.9590000 -34.8351250
0.9600000 -20.5020275
0.9610000 -17.3089695
0.9620000 38.4094810
0.9630000 26.2111034
0.9640000 55.5042343
0.9650000 40.7879944
0.9660000 19.0943241
0.9670000 5.6230288
0.9680000 45.7534714
0.9690000 -17.3077030
0.9700000 -49.1556854
0.9710000 17.3847198
0.9720000 47.4171867
0.9730000 42.0451965
0.9740000 39.5667191
0.9750000 -24.3360519
0.9760000 0.4862952
0.9770000 19.2382011
0.9780000 9.7387266
0.9790000 -28.6978836
0.9800000 -8.4678183
0.9810000 -14.6653042
0.9820000 5.9254785
0.9830000 3.2119732
0.9840000 -11.6852293
0.9850000 -24.9198227
0.9860000 -49.8320694
0.9870000 -32.3077431
0.9880000 -63.9710541
0.9890000 -80.7131348
0.9900000 -80.8796005
0.9910000 53.4907913
0.9920000 4.9867754
0.9930000 -15.0514574
0.9940000 -3.5100224
0.9950000 2.6507299
0.9960000 -47.1603851
0.9970000 7.7629571
0.9980000 35.0515900
0.9990000 -28.6868801
