0.0000000 -11.8953104
0.0010000 5.3527789
0.0020000 23.0949059
0.0030000 -30.5863838
0.0040000 1.9417847
0.0050000 -11.2158432
0.0060000 22.3371544
0.0070000 -51.2958527
0.0080000 -6.5748572
0.0090000 -22.7951317
0.0100000 2.5330083
0.0110000 -15.1879530
0.0120000 28.9633808
0.0130000 39.8054543
0.0140000 8.5448446
0.0150000 -4.4731178
0.0160000 2.4730074
0.0170000 4.3276877
0.0180000 -11.3818951
0.0190000 28.6040211
0.0200000 43.6919327
0.0210000 21.8507690
0.0220000 29.0140285
0.0230000 20.6833229
0.0240000 73.8948135
0.0250000 44.7703705
0.0260000 0.8984585
0.0270000 -15.2848663
0.0280000 -28.8239460
0.0290000 -7.7852359
0.0300000 17.6862221
0.0310000 7.8793206
0.0320000 14.9371157
0.0330000 -4.7490811
0.0340000 27.9841671
0.0350000 20.1440773
0.0360000 10.9107685
0.0370000 21.1749153
0.0380000 -29.0096970
0.0390000 48.8288879
0.0400000 -20.4658451
0.0410000 40.3854942
0.0420000 30.2977676
0.0430000 11.0565062
0.0440000 7.6790295
0.0450000 -20.0918732
0.0460000 11.8272429
0.0470000 5.7056904
0.0480000 -51.3443298
0.0490000 14.3459587
0.0500000 1.6408099
0.0510000 4.0237765
0.0520000 34.2912140
0.0530000 -23.9228172
0.0540000 53.8670998
0.0550000 1.0245382
0.0560000 9.8781910
0.0570000 -12.9335928
0.0580000 37.7140236
0.0590000 31.1743183
0.0600000 -21.3947945
0.0610000 -7.6860471
0.0620000 -8.2433739
0.0630000 4.9419184
0.0640000 -2.6114359
0.0650000 -38.6958961
0.0660000 27.2693844
0.0670000 -27.5777454
0.0680000 -19.4397888
0.0690000 38.7497292
0.0700000 85.1849899
0.0710000 33.9053879
0.0720000 43.5826683
0.0730000 -27.7166977
0.0740000 -8.6539755
0.0750000 17.8015175
0.0760000 20.9797077
0.0770000 -12.9086695
0.0780000 -9.4734449
0.0790000 62.5998650
0.0800000 -18.3868256
0.0810000 34.8494339
0.0820000 -4.6594296
0.0830000 -29.9642868
0.0840000 13.3441534
0.0850000 -34.4426270
0.0860000 44.1901360
0.0870000 11.9114399
0.0880000 32.1281433
0.0890000 -34.8452034
0.0900000 -17.6516514
0.0910000 -51.0365257
0.0920000 -5.1800952
0.0930000 -60.5703697
0.0940000 0.7501601
0.0950000 -7.5167217
0.0960000 -7.8851924
0.0970000 34.6223450
0.0980000 67.4858093
0.0990000 -9.6514254
0.1000000 -71.9411087
0.1010000 17.1958256
0.1020000 10.5964222
0.1030000 -23.2572517
0.1040000 41.5984383
0.1050000 -65.4770889
0.1060000 -35.3885040
0.1070000 -53.7966423
0.1080000 43.5958748
0.1090000 -6.4244065
0.1100000 17.1975594
0.1110000 41.9649811
0.1120000 -91.2394562
0.1130000 7.3493147
0.1140000 -11.2552938
0.1150000 13.4909239
0.1160000 0.3956436
0.1170000 -30.2795258
0.1180000 -17.8754330
0.1190000 35.9027214
0.1200000 -35.3265152
0.1210000 -22.7265949
0.1220000 9.3385706
0.1230000 -95.8970642
0.1240000 -29.8302307
0.1250000 -50.5465813
0.1260000 62.8484039
0.1270000 14.1596584
0.1280000 7.0764256
0.1290000 23.5104256
0.1300000 35.4231987
0.1310000 36.2214584
0.1320000 -0.2268243
0.1330000 -41.9201469
0.1340000 -3.4659786
0.1350000 51.4400063
0.1360000 1.9304991
0.1370000 -23.9928761
0.1380000 -91.5148239
0.1390000 11.9947252
0.1400000 -54.5359535
0.1410000 6.5946298
0.1420000 -26.4156590
0.1430000 49.8439293
0.1440000 29.3386993
0.1450000 -42.7977257
0.1460000 42.2995834
0.1470000 39.2445526
0.1480000 27.9812374
0.1490000 32.9923019
0.1500000 22.6158295
0.1510000 -6.8705182
0.1520000 -21.7290802
0.1530000 -19.8496037
0.1540000 -21.5473137
0.1550000 47.9811668
0.1560000 21.1643791
0.1570000 -55.9205856
0.1580000 -12.1034193
0.1590000 -62.3638000
0.1600000 -68.6779175
0.1610000 -44.8782616
0.1620000 7.7598143
0.1630000 -47.6396599
0.1640000 43.0252876
0.1650000 -39.8272171
0.1660000 -89.0476761
0.1670000 -26.4041920
0.1680000 7.5916476
0.1690000 40.6147156
0.1700000 -15.6549292
0.1710000 2.3712547
0.1720000 -10.9281340
0.1730000 35.9543839
0.1740000 -11.8125639
0.1750000 -48.8223038
0.1760000 23.8220291
0.1770000 -8.1531820
0.1780000 50.5845413
0.1790000 11.7132406
0.1800000 21.5255623
0.1810000 21.2811279
0.1820000 -48.0472717
0.1830000 11.0350666
0.1840000 -36.0733109
0.1850000 -24.0663853
0.1860000 -2.0036619
0.1870000 43.3748093
0.1880000 -66.0073700
0.1890000 74.4961853
0.1900000 33.2269440
0.1910000 1.5944945
0.1920000 8.4847298
0.1930000 78.5030823
0.1940000 14.2808075
0.1950000 43.5694389
0.1960000 -55.8396263
0.1970000 22.7226009
0.1980000 21.5330963
0.1990000 -37.1571846
0.2000000 38.3922195
0.2010000 3.0475295
0.2020000 66.2375870
0.2030000 -33.3288727
0.2040000 33.5525551
0.2050000 1.6326345
0.2060000 -16.9669228
0.2070000 -33.6840477
0.2080000 70.2720947
0.2090000 -30.6331291
0.2100000 12.7677965
0.2110000 -7.5447197
0.2120000 -10.0970583
0.2130000 43.4091606
0.2140000 -46.1920662
0.2150000 4.2602243
0.2160000 20.4099102
0.2170000 39.0515518
0.2180000 17.4842510
0.2190000 -27.8963242
0.2200000 5.0749540
0.2210000 -21.0545425
0.2220000 30.5401382
0.2230000 0.3048841
0.2240000 3.9797130
0.2250000 -42.0402031
0.2260000 45.9607658
0.2270000 46.8953056
0.2280000 10.8864965
0.2290000 55.9702492
0.2300000 -24.2736130
0.2310000 -20.7835007
0.2320000 62.7166672
0.2330000 63.0561447
0.2340000 -21.5975876
0.2350000 44.7102623
0.2360000 28.8044605
0.2370000 5.6850014
0.2380000 64.3538208
0.2390000 35.4577637
0.2400000 -3.8596659
0.2410000 79.6680298
0.2420000 8.2053480
0.2430000 11.3807497
0.2440000 21.1289711
0.2450000 -0.0037026
0.2460000 41.1963234
0.2470000 -16.4221210
0.2480000 -40.0620880
0.2490000 4.0248842
0.2500000 -13.9555569
0.2510000 -10.6556568
0.2520000 32.4065704
0.2530000 -25.2935944
0.2540000 -73.9882812
0.2550000 -10.8529425
0.2560000 17.2667236
0.2570000 27.4207649
0.2580000 -62.7405930
0.2590000 29.0469284
0.2600000 61.3577614
0.2610000 -33.0811615
0.2620000 -49.6381912
0.2630000 3.3203750
0.2640000 21.5278358
0.2650000 -24.9712086
0.2660000 -34.1319618
0.2670000 41.3263092
0.2680000 72.3838348
0.2690000 -47.6800194
0.2700000 4.1750989
0.2710000 3.9738410
0.2720000 -24.6489353
0.2730000 12.6184130
0.2740000 -48.2276764
0.2750000 13.1177950
0.2760000 14.1602592
0.2770000 -85.8181763
0.2780000 19.3037491
0.2790000 9.0061884
0.2800000 20.9834728
0.2810000 -12.6021881
0.2820000 -23.6716366
0.2830000 19.0899429
0.2840000 -9.5958462
0.2850000 -8.0127287
0.2860000 -4.3098378
0.2870000 1.2774655
0.2880000 -16.0678482
0.2890000 3.0129907
0.2900000 15.3230114
0.2910000 -62.4190826
0.2920000 -1.0919276
0.2930000 66.4297409
0.2940000 57.1495323
0.2950000 -13.7457533
0.2960000 -15.4206181
0.2970000 14.0119848
0.2980000 -122.2147522
0.2990000 78.6611176
0.3000000 -3.5505638
0.3010000 23.0584927
0.3020000 9.2489452
0.3030000 -14.3397026
0.3040000 112.4374237
0.3050000 23.8007908
0.3060000 32.3002701
0.3070000 -16.1850777
0.3080000 -20.2450066
0.3090000 -44.5405960
0.3100000 36.3723679
0.3110000 -25.3795013
0.3120000 -22.4338245
0.3130000 57.3055496
0.3140000 37.5363388
0.3150000 47.0932121
0.3160000 -50.7399063
0.3170000 26.7268810
0.3180000 10.5594130
0.3190000 7.5007567
0.3200000 -34.2014313
0.3210000 -37.0643997
0.3220000 6.3590527
0.3230000 -58.4023857
0.3240000 34.9809799
0.3250000 11.2812643
0.3260000 -27.7780018
0.3270000 11.3925629
0.3280000 -33.6882362
0.3290000 -42.8089638
0.3300000 -40.3036575
0.3310000 -23.0776443
0.3320000 -34.6257629
0.3330000 -37.2140121
0.3340000 -2.2442939
0.3350000 11.7137060
0.3360000 -62.8652039
0.3370000 -15.3511114
0.3380000 9.8339586
0.3390000 -43.7068214
0.3400000 -43.9365540
0.3410000 4.4093647
0.3420000 -11.5634804
0.3430000 29.4541607
0.3440000 42.4709167
0.3450000 8.0096645
0.3460000 24.1245232
0.3470000 43.7834778
0.3480000 10.4295483
0.3490000 8.9568386
0.3500000 -26.9854736
0.3510000 -88.4487228
0.3520000 4.9464183
0.3530000 -38.7782135
0.3540000 -35.5873680
0.3550000 40.7125702
0.3560000 -49.4566879
0.3570000 62.9011955
0.3580000 -4.1859789
0.3590000 46.6137314
0.3600000 43.1014900
0.3610000 38.3111000
0.3620000 10.7973728
0.3630000 -7.4152870
0.3640000 -26.9573555
0.3650000 11.9370699
0.3660000 -7.8428445
0.3670000 -47.7489319
0.3680000 -12.4888363
0.3690000 7.3922672
0.3700000 -29.7358456
0.3710000 58.6984940
0.3720000 -26.0630627
0.3730000 7.5477405
0.3740000 -37.3191071
0.3750000 62.7088585
0.3760000 41.0277176
0.3770000 -29.6814289
0.3780000 0.6569672
0.3790000 -58.8885536
0.3800000 -12.8691854
0.3810000 33.5041885
0.3820000 -34.8177032
0.3830000 43.3788910
0.3840000 34.4735756
0.3850000 -25.3925819
0.3860000 -23.6554432
0.3870000 -57.3626595
0.3880000 -32.7157478
0.3890000 29.0255203
0.3900000 25.4477692
0.3910000 -29.6697273
0.3920000 -37.2225647
0.3930000 -10.8445911
0.3940000 0.4023585
0.3950000 32.3008423
0.3960000 53.4686432
0.3970000 15.2462416
0.3980000 -35.4741096
0.3990000 45.1714363
0.4000000 -57.5093842
0.4010000 18.8432636
0.4020000 -1.6603900
0.4030000 -19.8034515
0.4040000 -15.6584787
0.4050000 35.9082985
0.4060000 -57.8441925
0.4070000 8.4345388
0.4080000 29.2300129
0.4090000 11.7078114
0.4100000 29.9723415
0.4110000 12.5513706
0.4120000 -36.6249123
0.4130000 35.0754395
0.4140000 23.5892239
0.4150000 73.2854767
0.4160000 14.7392578
0.4170000 8.4604311
0.4180000 -1.4512765
0.4190000 -4.3024340
0.4200000 -3.6609213
0.4210000 -45.0987778
0.4220000 -26.8519459
0.4230000 -1.4485545
0.4240000 2.3970611
0.4250000 36.7675896
0.4260000 12.1488867
0.4270000 5.9168472
0.4280000 -9.9835205
0.4290000 62.9375191
0.4300000 -18.5779266
0.4310000 38.8675270
0.4320000 30.5086765
0.4330000 43.2953796
0.4340000 52.7294502
0.4350000 -3.6598744
0.4360000 -30.7960129
0.4370000 49.1377220
0.4380000 -21.7858982
0.4390000 -7.1409554
0.4400000 -33.4825630
0.4410000 2.4209256
0.4420000 -30.8695393
0.4430000 -4.8716817
0.4440000 -19.6893749
0.4450000 30.7686596
0.4460000 -49.7485619
0.4470000 -45.4042892
0.4480000 40.9148903
0.4490000 -24.5809193
0.4500000 -18.1290112
0.4510000 60.8669930
0.4520000 0.7126014
0.4530000 21.0399323
0.4540000 13.0903139
0.4550000 -8.4323912
0.4560000 -2.7862685
0.4570000 46.4902954
0.4580000 35.5757179
0.4590000 44.4861298
0.4600000 44.7301102
0.4610000 49.6032791
0.4620000 -19.6516724
0.4630000 -27.6473312
0.4640000 -36.4278717
0.4650000 -3.7691803
0.4660000 4.4132032
0.4670000 -10.4169989
0.4680000 40.7765770
0.4690000 -0.8477377
0.4700000 -14.7446156
0.4710000 -6.3988595
0.4720000 -21.9626369
0.4730000 -32.5851212
0.4740000 -11.4434471
0.4750000 0.2724850
0.4760000 -14.9128332
0.4770000 14.4287453
0.4780000 -43.3388939
0.4790000 -20.2733631
0.4800000 -99.3615723
0.4810000 -31.8318157
0.4820000 -50.3270531
0.4830000 0.7211245
0.4840000 -28.5290527
0.4850000 11.2228661
0.4860000 63.4413376
0.4870000 69.3548126
0.4880000 23.3084450
0.4890000 5.3959560
0.4900000 0.8234603
0.4910000 -4.9478559
0.4920000 -33.4726791
0.4930000 59.9497643
0.4940000 29.0792789
0.4950000 28.0450974
0.4960000 34.6011200
0.4970000 71.9363937
0.4980000 -6.9594316
0.4990000 24.0734386
0.5000000 -16.3211098
0.5010000 -16.7459202
0.5020000 18.7735577
0.5030000 68.7350540
0.5040000 -2.4075933
0.5050000 -28.2192535
0.5060000 23.7291164
0.5070000 7.6188436
0.5080000 -53.7743645
0.5090000 40.4995956
0.5100000 -37.1645432
0.5110000 15.1962729
0.5120000 52.3796158
0.5130000 -35.9390907
0.5140000 -30.5309467
0.5150000 -32.0367546
0.5160000 0.9113612
0.5170000 29.6033154
0.5180000 -74.9442215
0.5190000 -21.6914005
0.5200000 50.3926353
0.5210000 11.8414783
0.5220000 30.5400085
0.5230000 0.7255038
0.5240000 35.7587433
0.5250000 40.9318924
0.5260000 21.4421654
0.5270000 3.2648895
0.5280000 -10.1346054
0.5290000 10.5811434
0.5300000 12.5754576
0.5310000 -35.2098885
0.5320000 -25.8271923
0.5330000 -43.6366768
0.5340000 -57.1779251
0.5350000 51.4124374
0.5360000 -5.8183284
0.5370000 18.4651489
0.5380000 -14.8054218
0.5390000 67.0176773
0.5400000 29.3370056
0.5410000 36.5476456
0.5420000 19.3945179
0.5430000 28.2891178
0.5440000 -14.5746632
0.5450000 79.8174438
0.5460000 -18.1094303
0.5470000 -7.9637437
0.5480000 -8.5739594
0.5490000 5.9263997
0.5500000 -19.6694145
0.5510000 -10.8908386
0.5520000 -11.4149408
0.5530000 14.8920946
0.5540000 53.7372169
0.5550000 27.9958324
0.5560000 -24.5360050
0.5570000 -42.6375046
0.5580000 -9.4444160
0.5590000 -25.7672443
0.5600000 30.4977016
0.5610000 -55.8587341
0.5620000 -31.5122967
0.5630000 -29.5903912
0.5640000 -3.0886428
0.5650000 36.6136360
0.5660000 -4.2820711
0.5670000 -42.6770287
0.5680000 42.6926613
0.5690000 12.7778587
0.5700000 -55.2222633
0.5710000 2.1635489
0.5720000 29.5088730
0.5730000 -30.3345089
0.5740000 -28.5962009
0.5750000 0.4533629
0.5760000 -9.7550011
0.5770000 38.9964561
0.5780000 -39.0869217
0.5790000 -24.0923405
0.5800000 -22.1922150
0.5810000 6.0876956
0.5820000 15.8236904
0.5830000 14.4737453
0.5840000 43.2600403
0.5850000 26.6559563
0.5860000 38.7012253
0.5870000 -19.4121380
0.5880000 6.5239720
0.5890000 -11.4281464
0.5900000 25.3885479
0.5910000 20.9753799
0.5920000 53.5259247
0.5930000 6.1199894
0.5940000 -60.6531181
0.5950000 65.7743912
0.5960000 -17.1937943
0.5970000 -25.1958733
0.5980000 2.3843982
0.5990000 -23.3580532
0.6000000 -7.2791610
0.6010000 14.8788519
0.6020000 27.3222294
0.6030000 2.0113854
0.6040000 -20.2505341
0.6050000 59.4114609
0.6060000 -39.3678589
0.6070000 9.7488794
0.6080000 6.4153857
0.6090000 0.8482046
0.6100000 -47.0470924
0.6110000 2.9470000
0.6120000 36.6996155
0.6130000 -48.5688553
0.6140000 42.3687859
0.6150000 -12.7778997
0.6160000 17.3866749
0.6170000 -2.1463721
0.6180000 -1.4380424
0.6190000 30.1185913
0.6200000 -30.7138481
0.6210000 13.1734133
0.6220000 29.9950867
0.6230000 55.9183044
0.6240000 20.9729919
0.6250000 45.2950859
0.6260000 45.1504936
0.6270000 -2.5197108
0.6280000 27.5981293
0.6290000 -23.6915760
0.6300000 -9.3698797
0.6310000 -46.7038383
0.6320000 -51.4479561
0.6330000 -10.8847647
0.6340000 24.8502712
0.6350000 -50.4508362
0.6360000 -2.7178619
0.6370000 57.1128845
0.6380000 17.2221756
0.6390000 9.9170027
0.6400000 3.9387665
0.6410000 -40.5608673
0.6420000 -4.4400163
0.6430000 -70.9362183
0.6440000 18.6890507
0.6450000 -37.2191772
0.6460000 -59.0105133
0.6470000 -21.2202206
0.6480000 -36.8510361
0.6490000 -20.7290325
0.6500000 58.8504143
0.6510000 47.5895004
0.6520000 12.9640732
0.6530000 28.1630154
0.6540000 29.9385242
0.6550000 64.8190002
0.6560000 -39.1341743
0.6570000 -37.7665100
0.6580000 17.9967556
0.6590000 -18.0742130
0.6600000 -39.7615166
0.6610000 17.6960335
0.6620000 -40.6700935
0.6630000 12.7548218
0.6640000 -33.6986847
0.6650000 40.9849701
0.6660000 -50.9524345
0.6670000 -78.8539658
0.6680000 -91.2606354
0.6690000 -4.9141326
0.6700000 -22.8050251
0.6710000 -48.2087517
0.6720000 35.0662994
0.6730000 -19.4075890
0.6740000 52.6373787
0.6750000 69.3620682
0.6760000 -57.7704964
0.6770000 -57.6687889
0.6780000 -15.4593172
0.6790000 -36.7270813
0.6800000 21.9069996
0.6810000 -48.3224182
0.6820000 28.8980942
0.6830000 29.1031876
0.6840000 44.6590500
0.6850000 56.4765472
0.6860000 16.8165722
0.6870000 -64.6938095
0.6880000 54.3504906
0.6890000 44.9035912
0.6900000 26.8241253
0.6910000 -5.9720120
0.6920000 79.4656143
0.6930000 -7.5866299
0.6940000 -20.8239918
0.6950000 19.8321972
0.6960000 -5.2075210
0.6970000 -65.5873795
0.6980000 -31.9343262
0.6990000 -118.2887955
0.7000000 -37.7817345
0.7010000 4.4113908
0.7020000 6.8535137
0.7030000 10.5026550
0.7040000 32.7126274
0.7050000 0.6648561
0.7060000 11.0080271
0.7070000 -43.3299789
0.7080000 56.9036446
0.7090000 61.5011215
0.7100000 -11.7501345
0.7110000 -34.1891098
0.7120000 -22.8027287
0.7130000 -1.9924927
0.7140000 -24.1307259
0.7150000 4.4746637
0.7160000 -22.1109447
0.7170000 -52.5893364
0.7180000 22.5826874
0.7190000 -8.8194046
0.7200000 25.0576401
0.7210000 36.8626366
0.7220000 11.7391672
0.7230000 21.0075989
0.7240000 -20.8766441
0.7250000 -8.7774601
0.7260000 -35.9205170
0.7270000 -30.1587715
0.7280000 27.6153488
0.7290000 7.8230920
0.7300000 -31.7191219
0.7310000 -8.7337170
0.7320000 -12.6753645
0.7330000 16.5464535
0.7340000 -12.7290745
0.7350000 51.7025566
0.7360000 49.8001823
0.7370000 9.0919437
0.7380000 -91.4230423
0.7390000 -47.4534340
0.7400000 53.7231369
0.7410000 65.6388550
0.7420000 38.2920036
0.7430000 -22.1140079
0.7440000 -17.8989811
0.7450000 -59.8424988
0.7460000 12.8836260
0.7470000 -30.4216385
0.7480000 -14.4806957
0.7490000 51.2077255
0.7500000 -46.6176872
0.7510000 15.4436302
0.7520000 -23.6525917
0.7530000 -14.9491320
0.7540000 12.8957405
0.7550000 -28.2645950
0.7560000 0.7852088
0.7570000 -4.9589419
0.7580000 61.8495522
0.7590000 37.5917282
0.7600000 -3.7238753
0.7610000 29.6447296
0.7620000 -55.1816483
0.7630000 -21.3340473
0.7640000 -45.4073296
0.7650000 -5.7532864
0.7660000 -16.9021587
0.7670000 -10.0184917
0.7680000 -24.8040943
0.7690000 32.1345253
0.7700000 -32.9403000
0.7710000 1.4146355
0.7720000 -33.5767746
0.7730000 8.8086433
0.7740000 6.9114127
0.7750000 2.3363731
0.7760000 -69.2502975
0.7770000 38.3522797
0.7780000 48.5693016
0.7790000 10.1141634
0.7800000 26.8114166
0.7810000 -28.7070465
0.7820000 15.7215633
0.7830000 -48.1626358
0.7840000 -22.6101723
0.7850000 -28.9737072
0.7860000 -41.9711952
0.7870000 23.5496731
0.7880000 -47.3153534
0.7890000 -25.1783333
0.7900000 13.1835117
0.7910000 -23.4344769
0.7920000 50.0244293
0.7930000 14.0789871
0.7940000 -69.4211044
0.7950000 -35.4936218
0.7960000 11.6723814
0.7970000 -32.0004616
0.7980000 -51.7974968
0.7990000 -16.1917286
0.8000000 5.5852060
0.8010000 31.1468525
0.8020000 -46.1338501
0.8030000 -43.4336357
0.8040000 22.3433456
0.8050000 -3.1422701
0.8060000 43.7972260
0.8070000 -13.9936447
0.8080000 -8.2773399
0.8090000 -11.1916790
0.8100000 -23.5074158
0.8110000 -63.7669296
0.8120000 43.2627373
0.8130000 -50.4634590
0.8140000 49.1265068
0.8150000 32.1593056
0.8160000 -8.7667732
0.8170000 26.1509266
0.8180000 -23.2979584
0.8190000 -52.7022209
0.8200000 -6.6297154
0.8210000 -45.2809830
0.8220000 -0.4674561
0.8230000 47.6564636
0.8240000 10.3131437
0.8250000 -10.1452007
0.8260000 7.5379834
0.8270000 3.1543999
0.8280000 -2.1708441
0.8290000 11.4212465
0.8300000 -25.5896358
0.8310000 4.1533842
0.8320000 -31.2898369
0.8330000 5.5285916
0.8340000 -17.9625340
0.8350000 -37.1457863
0.8360000 -49.5250778
0.8370000 13.2671661
0.8380000 -42.5004311
0.8390000 36.2688789
0.8400000 -35.0628624
0.8410000 -55.6163254
0.8420000 -95.5542145
0.8430000 12.2532597
0.8440000 -66.6119690
0.8450000 31.1489201
0.8460000 48.5816536
0.8470000 8.4046583
0.8480000 26.2923660
0.8490000 -46.5047760
0.8500000 20.6157131
0.8510000 -27.3755856
0.8520000 20.2118378
0.8530000 17.4341774
0.8540000 31.9250278
0.8550000 32.7871284
0.8560000 7.0597286
0.8570000 1.7599045
0.8580000 -10.7148418
0.8590000 -15.6367140
0.8600000 30.6582737
0.8610000 21.3591766
0.8620000 -49.8414307
0.8630000 13.4146261
0.8640000 -49.7171059
0.8650000 59.5073471
0.8660000 -9.3152952
0.8670000 43.4341240
0.8680000 -29.3805256
0.8690000 36.6678200
0.8700000 14.6651640
0.8710000 5.2180190
0.8720000 -41.0970650
0.8730000 19.6304836
0.8740000 -52.9066429
0.8750000 -15.6513042
0.8760000 42.5317612
0.8770000 -52.1950569
0.8780000 34.4043579
0.8790000 39.9694328
0.8800000 1.5675720
0.8810000 -5.6462803
0.8820000 15.6899118
0.8830000 17.8945255
0.8840000 -51.1912041
0.8850000 42.1418991
0.8860000 30.0718098
0.8870000 -6.3557830
0.8880000 23.7762508
0.8890000 -11.6402664
0.8900000 18.7370911
0.8910000 -60.4454803
0.8920000 -24.5946217
0.8930000 -24.9611130
0.8940000 20.2074680
0.8950000 -51.0256233
0.8960000 -34.9080086
0.8970000 -20.5585423
0.8980000 -41.8410835
0.8990000 -18.3491173
0.9000000 -41.6266212
0.9010000 60.0552673
0.9020000 9.1461287
0.9030000 21.1814022
0.9040000 22.8156147
0.9050000 46.6777039
0.9060000 -2.2278385
0.9070000 18.0080471
0.9080000 20.3102856
0.9090000 31.4695492
0.9100000 -32.7570992
0.9110000 -13.6876526
0.9120000 108.7999649
0.9130000 19.0107994
0.9140000 20.4435768
0.9150000 -24.8335323
0.9160000 -13.8003874
0.9170000 -32.0914040
0.9180000 -23.8911457
0.9190000 4.1872387
0.9200000 26.6119823
0.9210000 38.9951897
0.9220000 -2.6158483
0.9230000 -40.4803276
0.9240000 -46.5318222
0.9250000 9.9674873
0.9260000 6.1617332
0.9270000 -40.3871422
0.9280000 20.5201359
0.9290000 -30.7741089
0.9300000 -2.3288500
0.9310000 -16.2330971
0.9320000 30.2987232
0.9330000 -20.5656109
0.9340000 -31.3285503
0.9350000 25.7581062
0.9360000 -47.3674850
0.9370000 -9.3732519
0.9380000 25.3371563
0.9390000 -49.9131622
0.9400000 16.0502167
0.9410000 20.0339241
0.9420000 -24.5307732
0.9430000 -39.5398598
0.9440000 -3.6790018
0.9450000 48.8713074
0.9460000 8.0824718
0.9470000 -42.1095009
0.9480000 -33.5811958
0.9490000 -39.7461319
0.9500000 32.2445107
0.9510000 68.5270920
0.9520000 -3.8641410
0.9530000 32.0280266
0.9540000 44.2037621
0.9550000 9.2222042
0.9560000 -41.1835747
0.9570000 35.3073158
0.9580000 -7.0842757
0.9590000 5.3342080
0.9600000 -1.4044938
0.9610000 31.4826221
0.9620000 102.7791290
0.9630000 9.6840334
0.9640000 -12.7271833
0.9650000 4.5531168
0.9660000 -12.3324041
0.9670000 19.7736664
0.9680000 -16.6041069
0.9690000 -34.8199730
0.9700000 -2.7531867
0.9710000 -32.1581573
0.9720000 59.0446167
0.9730000 -21.9606133
0.9740000 -22.1935062
0.9750000 0.2362088
0.9760000 23.8886280
0.9770000 -26.8080387
0.9780000 -15.5838451
0.9790000 -12.5422068
0.9800000 -32.4915428
0.9810000 -10.5934134
0.9820000 -2.1923060
0.9830000 -10.6739702
0.9840000 16.5215816
0.9850000 2.0827301
0.9860000 -34.8418655
0.9870000 9.5378580
0.9880000 -18.0468616
0.9890000 -26.4247818
0.9900000 42.1395607
0.9910000 -24.6077862
0.9920000 75.7326660
0.9930000 -14.9074488
0.9940000 58.6899452
0.9950000 -19.4918785
0.9960000 -46.3414421
0.9970000 -30.9502811
0.9980000 38.8458519
0.9990000 -29.8961754
