0.0000000 -5.9266958
0.0010000 62.8320122
0.0020000 14.4232483
0.0030000 13.7707310
0.0040000 -33.6320229
0.0050000 64.0725632
0.0060000 7.9004745
0.0070000 -0.8297562
0.0080000 -53.4425201
0.0090000 47.3726120
0.0100000 59.4516182
0.0110000 -29.2462654
0.0120000 -73.5232010
0.0130000 29.7389259
0.0140000 -13.7192411
0.0150000 29.9456654
0.0160000 20.1686287
0.0170000 -34.6849518
0.0180000 -61.4163055
0.0190000 -19.7319736
0.0200000 5.6375976
0.0210000 39.6538277
0.0220000 -27.1012459
0.0230000 13.6621838
0.0240000 1.5043679
0.0250000 -32.7083969
0.0260000 27.4673939
0.0270000 -1.0380520
0.0280000 -7.0910311
0.0290000 -25.8488121
0.0300000 33.5430984
0.0310000 6.5606017
0.0320000 58.8824806
0.0330000 -9.0510740
0.0340000 -24.7698803
0.0350000 -17.8150349
0.0360000 37.2557678
0.0370000 21.8310394
0.0380000 -33.9490280
0.0390000 1.1908313
0.0400000 -80.2507706
0.0410000 23.1350136
0.0420000 -40.1592674
0.0430000 -61.8287086
0.0440000 44.0844078
0.0450000 -46.0562057
0.0460000 -16.8583965
0.0470000 3.2325113
0.0480000 30.1790524
0.0490000 -82.6178207
0.0500000 -18.4230671
0.0510000 -75.3153305
0.0520000 -15.6080656
0.0530000 63.6597786
0.0540000 -9.0977859
0.0550000 100.1460571
0.0560000 -41.9765129
0.0570000 -32.3681488
0.0580000 59.5697021
0.0590000 -15.6775198
0.0600000 5.1367850
0.0610000 -32.0363846
0.0620000 -21.2247543
0.0630000 27.0668793
0.0640000 25.5988789
0.0650000 -27.7611313
0.0660000 -64.9401627
0.0670000 33.3613777
0.0680000 19.0171604
0.0690000 7.8880219
0.0700000 -38.8385048
0.0710000 9.2079954
0.0720000 20.9948883
0.0730000 25.6371632
0.0740000 33.8063393
0.0750000 -11.6115446
0.0760000 48.4869728
0.0770000 -22.8416729
0.0780000 53.2310638
0.0790000 5.9335194
0.0800000 44.7132530
0.0810000 -42.1169968
0.0820000 -17.7790565
0.0830000 -55.5568810
0.0840000 -43.1594543
0.0850000 -8.4965563
0.0860000 13.9880657
0.0870000 29.3305931
0.0880000 51.2074318
0.0890000 -51.6774445
0.0900000 -50.1620026
0.0910000 33.8612823
0.0920000 63.3238335
0.0930000 53.9975014
0.0940000 -35.8732491
0.0950000 38.8954620
0.0960000 -58.8412704
0.0970000 -29.9873886
0.0980000 24.5245934
0.0990000 35.2947159
0.1000000 -68.2357788
0.1010000 -5.5697560
0.1020000 46.7595291
0.1030000 27.2459412
0.1040000 -72.5428314
0.1050000 22.4489346
0.1060000 34.9348526
0.1070000 -15.0710516
0.1080000 -36.6159973
0.1090000 -35.6650925
0.1100000 -0.9117121
0.1110000 43.5462875
0.1120000 14.1321754
0.1130000 1.0905325
0.1140000 65.1898651
0.1150000 -21.2317505
0.1160000 29.4674911
0.1170000 -4.1814122
0.1180000 48.2829514
0.1190000 16.5633640
0.1200000 -38.7222404
0.1210000 -29.0478287
0.1220000 18.2935390
0.1230000 -12.1069489
0.1240000 35.4317322
0.1250000 32.0279083
0.1260000 -2.8351388
0.1270000 51.1399689
0.1280000 -22.9083786
0.1290000 10.9397078
0.1300000 45.2117424
0.1310000 -16.5634346
0.1320000 4.9177103
0.1330000 19.6955528
0.1340000 19.0174866
0.1350000 -50.9230423
0.1360000 44.5826378
0.1370000 64.4165649
0.1380000 -23.8880615
0.1390000 21.3494873
0.1400000 -31.7817039
0.1410000 44.3469772
0.1420000 -14.9675646
0.1430000 -57.9302406
0.1440000 -27.6475029
0.1450000 -33.5471954
0.1460000 -7.3733578
0.1470000 -17.2247391
0.1480000 70.8186798
0.1490000 38.2082977
0.1500000 31.5095501
0.1510000 -30.9899368
0.1520000 9.8682528
0.1530000 -19.1628494
0.1540000 -20.4323921
0.1550000 -16.8800468
0.1560000 3.9084508
0.1570000 -48.0572929
0.1580000 -58.7391815
0.1590000 14.6882792
0.1600000 56.7534103
0.1610000 21.7975140
0.1620000 12.5562506
0.1630000 31.2010193
0.1640000 13.1414299
0.1650000 20.3018456
0.1660000 32.2135658
0.1670000 -56.4060478
0.1680000 -21.3715954
0.1690000 -23.4380875
0.1700000 25.8171768
0.1710000 35.5808525
0.1720000 47.7529640
0.1730000 19.5467548
0.1740000 4.1170969
0.1750000 65.1206589
0.1760000 -8.4410563
0.1770000 -51.1324577
0.1780000 68.9712982
0.1790000 -13.1161461
0.1800000 -35.4901505
0.1810000 -88.1515732
0.1820000 7.5875120
0.1830000 -17.7144337
0.1840000 -13.4061670
0.1850000 17.0270405
0.1860000 20.1096363
0.1870000 82.7859497
0.1880000 -0.3636620
0.1890000 -14.6963472
0.1900000 6.7460604
0.1910000 -30.1373081
0.1920000 -27.4760265
0.1930000 21.5417805
0.1940000 14.2569046
0.1950000 -49.7958450
0.1960000 19.9595604
0.1970000 2.4992106
0.1980000 -18.1436138
0.1990000 -22.0545235
0.2000000 -16.2014122
0.2010000 -12.4333220
0.2020000 -4.4676428
0.2030000 -10.9628611
0.2040000 35.3823090
0.2050000 -35.4492493
0.2060000 28.6906490
0.2070000 28.6151829
0.2080000 3.9061639
0.2090000 -37.7795753
0.2100000 44.3986740
0.2110000 -2.0373285
0.2120000 -11.8810616
0.2130000 45.8371696
0.2140000 -48.3676071
0.2150000 -18.0845814
0.2160000 -9.4831924
0.2170000 15.5325623
0.2180000 -35.5115356
0.2190000 25.9231339
0.2200000 -32.4324188
0.2210000 27.0802612
0.2220000 0.9316072
0.2230000 -14.9773912
0.2240000 24.2944088
0.2250000 -18.7043991
0.2260000 17.2313080
0.2270000 -21.9562912
0.2280000 32.1081696
0.2290000 35.0927391
0.2300000 2.1239741
0.2310000 57.9861755
0.2320000 5.1848769
0.2330000 -21.2778721
0.2340000 -76.5285721
0.2350000 70.9229736
0.2360000 52.1789627
0.2370000 24.9098339
0.2380000 -8.6942644
0.2390000 -4.7965789
0.2400000 11.0656166
0.2410000 -41.8297272
0.2420000 -27.0423603
0.2430000 31.3284569
0.2440000 10.0381041
0.2450000 -56.1265640
0.2460000 -35.8511620
0.2470000 -25.5402164
0.2480000 -31.4845371
0.2490000 -55.6324921
0.2500000 -38.1101952
0.2510000 -30.1888084
0.2520000 43.2363968
0.2530000 -35.5662956
0.2540000 -44.5394287
0.2550000 -13.5527353
0.2560000 11.4043112
0.2570000 67.0581436
0.2580000 -13.4958963
0.2590000 -39.1677170
0.2600000 -19.6182938
0.2610000 22.5489559
0.2620000 26.6300602
0.2630000 -47.2059135
0.2640000 -9.6511927
0.2650000 18.0827160
0.2660000 -21.6486759
0.2670000 21.7167454
0.2680000 -38.0422783
0.2690000 -27.7576141
0.2700000 -8.4280338
0.2710000 -18.0412178
0.2720000 16.9087505
0.2730000 -25.0656300
0.2740000 41.6356583
0.2750000 -59.0466347
0.2760000 40.6191406
0.2770000 -10.9107037
0.2780000 -79.4886780
0.2790000 -35.3885536
0.2800000 11.7493191
0.2810000 -59.4248695
0.2820000 28.6236477
0.2830000 34.0692520
0.2840000 -25.5992603
0.2850000 11.5318727
0.2860000 4.8763814
0.2870000 -34.6705360
0.2880000 -37.6496391
0.2890000 38.7738724
0.2900000 21.8335457
0.2910000 18.4031792
0.2920000 -7.3536572
0.2930000 25.1315231
0.2940000 7.6779571
0.2950000 -19.8583317
0.2960000 22.4581451
0.2970000 -86.0410233
0.2980000 -15.8128204
0.2990000 16.1303005
0.3000000 8.4273453
0.3010000 -46.4129333
0.3020000 -20.4109192
0.3030000 10.5966558
0.3040000 -15.6286478
0.3050000 -5.9678302
0.3060000 -96.1084061
0.3070000 -19.0670300
0.3080000 -18.4896469
0.3090000 27.8220825
0.3100000 2.5374646
0.3110000 0.1164682
0.3120000 -36.1928864
0.3130000 -35.4211464
0.3140000 70.9251633
0.3150000 13.0913916
0.3160000 21.3261986
0.3170000 17.1069164
0.3180000 3.3060658
0.3190000 29.1141968
0.3200000 -13.0457153
0.3210000 -14.8968401
0.3220000 -21.0093975
0.3230000 -14.8334351
0.3240000 27.9943256
0.3250000 19.3429413
0.3260000 -9.7080612
0.3270000 70.7537766
0.3280000 34.8663254
0.3290000 16.1086407
0.3300000 10.5082426
0.3310000 17.0396023
0.3320000 -15.6088619
0.3330000 -30.7558155
0.3340000 -40.6434593
0.3350000 27.3615475
0.3360000 2.8857610
0.3370000 10.8901501
0.3380000 -40.7559547
0.3390000 -0.5955200
0.3400000 -14.1388159
0.3410000 26.2413158
0.3420000 22.5779114
0.3430000 33.5015488
0.3440000 -24.8603916
0.3450000 20.1347389
0.3460000 18.4821835
0.3470000 -32.8592987
0.3480000 -8.7216387
0.3490000 -23.0838394
0.3500000 -25.2680950
0.3510000 -99.1745148
0.3520000 25.1454315
0.3530000 16.8880444
0.3540000 18.8724575
0.3550000 -38.9841347
0.3560000 -38.2119293
0.3570000 -73.9163361
0.3580000 31.4151745
0.3590000 28.6486340
0.3600000 -42.9902573
0.3610000 -9.1346178
0.3620000 -44.3811913
0.3630000 -17.9215508
0.3640000 -41.8228607
0.3650000 -22.4574528
0.3660000 8.1255589
0.3670000 36.2516937
0.3680000 -20.2958145
0.3690000 7.5956340
0.3700000 13.4424210
0.3710000 -11.5238419
0.3720000 24.8743382
0.3730000 49.9056053
0.3740000 46.9891739
0.3750000 -13.8036137
0.3760000 -21.7937222
0.3770000 29.2778416
0.3780000 26.0097179
0.3790000 7.3638730
0.3800000 -8.4372606
0.3810000 -29.2442932
0.3820000 27.9789047
0.3830000 17.9203529
0.3840000 -0.1708522
0.3850000 39.0464172
0.3860000 32.7710609
0.3870000 9.5423927
0.3880000 -22.2665291
0.3890000 -43.7845993
0.3900000 -45.8903770
0.3910000 -8.5733099
0.3920000 -24.1620655
0.3930000 -60.2438965
0.3940000 25.8794651
0.3950000 24.4552116
0.3960000 -6.2097473
0.3970000 -25.9900532
0.3980000 -35.7088699
0.3990000 -34.6590614
0.4000000 19.3148174
0.4010000 4.3223691
0.4020000 23.5827732
0.4030000 -54.7513580
0.4040000 4.4037414
0.4050000 3.6711476
0.4060000 -45.5564804
0.4070000 26.4224930
0.4080000 -32.0089684
0.4090000 -5.1120644
0.4100000 -45.0732384
0.4110000 20.1828823
0.4120000 33.9390411
0.4130000 16.5368099
0.4140000 -105.4345627
0.4150000 10.0075035
0.4160000 5.5520782
0.4170000 22.7354813
0.4180000 -12.6481094
0.4190000 7.9219875
0.4200000 28.4272614
0.4210000 26.9789200
0.4220000 82.3976135
0.4230000 -17.7571621
0.4240000 -13.4616213
0.4250000 23.5252476
0.4260000 -37.3182411
0.4270000 9.6241388
0.4280000 -20.9963818
0.4290000 -35.0157433
0.4300000 7.5700607
0.4310000 -1.2668698
0.4320000 10.8161840
0.4330000 44.5562057
0.4340000 -23.8266563
0.4350000 88.7382050
0.4360000 -25.4744873
0.4370000 27.8122025
0.4380000 -70.2960434
0.4390000 -25.5964222
0.4400000 69.9611816
0.4410000 26.8288536
0.4420000 -7.1933422
0.4430000 26.6581631
0.4440000 9.7149382
0.4450000 -53.8245850
0.4460000 -58.9987984
0.4470000 53.6378975
0.4480000 -36.9554558
0.4490000 -45.2806854
0.4500000 74.9460373
0.4510000 -16.7152290
0.4520000 16.1438656
0.4530000 46.7388725
0.4540000 -18.3662701
0.4550000 52.6720467
0.4560000 62.3377647
0.4570000 36.7015190
0.4580000 17.5220337
0.4590000 10.4038372
0.4600000 28.1556797
0.4610000 -22.1141014
0.4620000 -24.6661282
0.4630000 -65.0198593
0.4640000 12.0466385
0.4650000 -1.5878563
0.4660000 5.8631082
0.4670000 -3.1487277
0.4680000 -30.5382843
0.4690000 14.7850666
0.4700000 -0.5695952
0.4710000 22.3887291
0.4720000 -14.9103031
0.4730000 9.8966846
0.4740000 -6.9609609
0.4750000 -28.4541874
0.4760000 -11.8004551
0.4770000 -5.2333369
0.4780000 -14.6277370
0.4790000 -25.8844051
0.4800000 -38.5583229
0.4810000 -13.3579988
0.4820000 24.7573433
0.4830000 64.0331345
0.4840000 24.2827435
0.4850000 -54.7168045
0.4860000 -15.4791422
0.4870000 14.5320578
0.4880000 -65.5856171
0.4890000 53.8897552
0.4900000 4.6585102
0.4910000 60.6358910
0.4920000 -7.7316108
0.4930000 33.9575195
0.4940000 -22.8034573
0.4950000 -16.1919460
0.4960000 52.8976936
0.4970000 -18.1645107
0.4980000 -43.3991966
0.4990000 54.6676598
0.5000000 -14.2069817
0.5010000 63.2429161
0.5020000 59.4606590
0.5030000 -24.0929527
0.5040000 -3.4452550
0.5050000 7.3314724
0.5060000 -33.6731033
0.5070000 -5.6309123
0.5080000 -17.9921436
0.5090000 16.3256474
0.5100000 -5.3185511
0.5110000 75.0096664
0.5120000 -13.6753750
0.5130000 -14.1013632
0.5140000 -40.7917938
0.5150000 12.2814541
0.5160000 14.9038239
0.5170000 35.7276573
0.5180000 -35.6496239
0.5190000 -93.9867477
0.5200000 -28.4548626
0.5210000 -29.0927620
0.5220000 -12.4823446
0.5230000 51.0767365
0.5240000 0.7582144
0.5250000 -67.1934357
0.5260000 -10.4246817
0.5270000 -37.5810089
0.5280000 5.4340277
0.5290000 -28.1396122
0.5300000 -41.1460075
0.5310000 -17.7704964
0.5320000 -113.0919724
0.5330000 -15.0760117
0.5340000 53.7660370
0.5350000 -50.1017761
0.5360000 7.3461432
0.5370000 118.7945099
0.5380000 44.5256996
0.5390000 62.1606979
0.5400000 4.5696726
0.5410000 51.1075592
0.5420000 13.9763746
0.5430000 -0.6251187
0.5440000 13.7090855
0.5450000 36.2571182
0.5460000 -35.6199608
0.5470000 25.0350876
0.5480000 18.7066288
0.5490000 2.1954358
0.5500000 -27.7139034
0.5510000 4.1350403
0.5520000 3.7351525
0.5530000 82.5209351
0.5540000 -3.9077227
0.5550000 5.3347759
0.5560000 -44.3660660
0.5570000 -26.0220222
0.5580000 -38.9714317
0.5590000 32.7569885
0.5600000 53.5873260
0.5610000 20.3650169
0.5620000 -16.6572437
0.5630000 18.2131329
0.5640000 -52.5462723
0.5650000 -17.9257164
0.5660000 -7.2777443
0.5670000 -38.0971794
0.5680000 -4.8233714
0.5690000 21.5723610
0.5700000 -16.6628723
0.5710000 28.0839844
0.5720000 14.1031694
0.5730000 40.0412407
0.5740000 6.1208053
0.5750000 30.6062908
0.5760000 -36.2373581
0.5770000 -14.7359619
0.5780000 -21.3748302
0.5790000 -92.6084061
0.5800000 30.9982586
0.5810000 54.9697876
0.5820000 -21.9370270
0.5830000 -7.1102629
0.5840000 53.1842041
0.5850000 0.5196342
0.5860000 -19.4911785
0.5870000 16.2003002
0.5880000 29.0724430
0.5890000 39.3315659
0.5900000 -19.8733540
0.5910000 4.3359585
0.5920000 45.4141197
0.5930000 32.9992905
0.5940000 -55.3358307
0.5950000 -20.7966766
0.5960000 -29.5301323
0.5970000 -27.9824066
0.5980000 72.3438492
0.5990000 -10.9836235
0.6000000 11.8155479
0.6010000 16.5549946
0.6020000 5.2596993
0.6030000 -53.1015701
0.6040000 27.7379189
0.6050000 2.1826291
0.6060000 25.9084568
0.6070000 36.5664368
0.6080000 16.2149296
0.6090000 -2.6675379
0.6100000 -25.5261650
0.6110000 32.4883728
0.6120000 15.0818987
0.6130000 27.8209991
0.6140000 2.5208001
0.6150000 -20.0011787
0.6160000 29.3432941
0.6170000 12.5925455
0.6180000 20.3264465
0.6190000 24.1209545
0.6200000 -30.0622845
0.6210000 -22.5631676
0.6220000 -39.4023018
0.6230000 -29.4498253
0.6240000 -57.1774864
0.6250000 39.5268974
0.6260000 28.1965027
0.6270000 9.3730965
0.6280000 -14.0381222
0.6290000 -17.8478947
0.6300000 -29.0903358
0.6310000 -20.5259571
0.6320000 -15.8689728
0.6330000 -10.9820910
0.6340000 17.5372334
0.6350000 -50.1137962
0.6360000 -29.6279736
0.6370000 -31.7485390
0.6380000 -4.5633969
0.6390000 -2.1242325
0.6400000 -1.9805347
0.6410000 -24.0947800
0.6420000 -0.1329574
0.6430000 66.2868042
0.6440000 19.7254963
0.6450000 37.4711304
0.6460000 17.6091003
0.6470000 -37.7852631
0.6480000 -2.0243206
0.6490000 -75.6514359
0.6500000 12.8783054
0.6510000 22.0584965
0.6520000 12.0564690
0.6530000 18.8530788
0.6540000 -24.3600121
0.6550000 27.4176445
0.6560000 77.3968582
0.6570000 -10.2051477
0.6580000 -38.7669067
0.6590000 0.2454543
0.6600000 -49.8517113
0.6610000 44.3984604
0.6620000 0.6036983
0.6630000 -23.2230778
0.6640000 38.7252197
0.6650000 -42.4589806
0.6660000 40.1603813
0.6670000 70.6405258
0.6680000 -6.2861772
0.6690000 -29.7254410
0.6700000 -22.4546051
0.6710000 -0.4143977
0.6720000 24.8349590
0.6730000 -1.3994572
0.6740000 -38.0770912
0.6750000 -37.8253632
0.6760000 -7.3945312
0.6770000 -11.8893290
0.6780000 26.0739918
0.6790000 60.6436272
0.6800000 -17.1868439
0.6810000 25.6342831
0.6820000 -4.9339762
0.6830000 4.6925778
0.6840000 29.0208969
0.6850000 83.7618103
0.6860000 -43.1600266
0.6870000 -30.5095749
0.6880000 0.5109162
0.6890000 -21.8226700
0.6900000 -10.8147993
0.6910000 52.2588997
0.6920000 9.5601015
0.6930000 1.9812371
0.6940000 -14.7596779
0.6950000 -13.4529486
0.6960000 -10.1212711
0.6970000 38.9923172
0.6980000 27.5023823
0.6990000 -66.0084381
0.7000000 26.2234802
0.7010000 -48.3276443
0.7020000 -77.7032394
0.7030000 82.5319519
0.7040000 -72.6361237
0.7050000 -37.1429443
0.7060000 -47.0351028
0.7070000 16.6281395
0.7080000 15.4148474
0.7090000 -5.1709366
0.7100000 -73.3071518
0.7110000 95.5167236
0.7120000 -17.1768837
0.7130000 31.6033573
0.7140000 -15.1850204
0.7150000 -2.9940882
0.7160000 12.6109924
0.7170000 -89.7886963
0.7180000 -27.1812763
0.7190000 -28.2072639
0.7200000 41.7475891
0.7210000 10.3787699
0.7220000 -2.4581661
0.7230000 -4.9728580
0.7240000 26.9907742
0.7250000 16.1987381
0.7260000 -16.2556267
0.7270000 -66.8287811
0.7280000 -32.8137131
0.7290000 -18.0522804
0.7300000 88.4039307
0.7310000 -30.9821777
0.7320000 8.5156631
0.7330000 -50.1700745
0.7340000 8.7935009
0.7350000 -12.7772722
0.7360000 -3.5896578
0.7370000 35.8940468
0.7380000 8.2054548
0.7390000 -1.3562502
0.7400000 6.8891702
0.7410000 -45.1837959
0.7420000 0.1229398
0.7430000 -2.6259480
0.7440000 11.9547882
0.7450000 -29.4731045
0.7460000 -5.0970564
0.7470000 -0.9309895
0.7480000 -5.7952981
0.7490000 8.9427404
0.7500000 -15.2377682
0.7510000 -17.1629944
0.7520000 -16.3475227
0.7530000 1.9558702
0.7540000 -12.0308275
0.7550000 -47.8621635
0.7560000 26.1981373
0.7570000 18.6051979
0.7580000 22.9433327
0.7590000 13.5780754
0.7600000 -3.3004904
0.7610000 13.7108660
0.7620000 10.6972303
0.7630000 -6.8144302
0.7640000 -32.2809792
0.7650000 79.7553711
0.7660000 -8.9896011
0.7670000 32.3075867
0.7680000 7.7451196
0.7690000 14.3667936
0.7700000 33.2298584
0.7710000 -57.0129318
0.7720000 36.2582130
0.7730000 -11.3972826
0.7740000 -70.6433868
0.7750000 8.2385111
0.7760000 -22.9529133
0.7770000 14.4798746
0.7780000 -37.4104195
0.7790000 -50.6176682
0.7800000 10.9045801
0.7810000 -64.4529953
0.7820000 45.9347878
0.7830000 13.0706892
0.7840000 -12.3692646
0.7850000 -24.4878902
0.7860000 25.0666428
0.7870000 -23.4436188
0.7880000 13.7377262
0.7890000 -4.6215944
0.7900000 82.6988602
0.7910000 -41.2843323
0.7920000 19.1732368
0.7930000 -34.4269028
0.7940000 -39.5796700
0.7950000 -27.6161118
0.7960000 -39.7383385
0.7970000 -17.0839901
0.7980000 -28.7115898
0.7990000 4.3385072
0.8000000 -13.4857254
0.8010000 -25.5195274
0.8020000 24.6723843
0.8030000 10.2663651
0.8040000 18.5616875
0.8050000 4.1757908
0.8060000 -9.0158815
0.8070000 13.2252169
0.8080000 -17.7207489
0.8090000 0.9289540
0.8100000 41.0169258
0.8110000 -7.6797276
0.8120000 -53.2674141
0.8130000 -19.7560577
0.8140000 -12.5281191
0.8150000 48.6195107
0.8160000 -10.2359934
0.8170000 1.0695130
0.8180000 62.2903557
0.8190000 14.8003750
0.8200000 50.3239059
0.8210000 -72.3325195
0.8220000 23.9387913
0.8230000 31.2635536
0.8240000 68.1375504
0.8250000 21.7967358
0.8260000 -8.4826393
0.8270000 31.8064098
0.8280000 -20.7125912
0.8290000 -9.7020082
0.8300000 -5.2253118
0.8310000 -43.0636902
0.8320000 -21.2663364
0.8330000 -15.8820915
0.8340000 17.9927158
0.8350000 -28.2457123
0.8360000 0.3731779
0.8370000 -27.6864166
0.8380000 3.1437125
0.8390000 -9.0866117
0.8400000 -7.7565007
0.8410000 4.9840269
0.8420000 28.1457329
0.8430000 40.9904556
0.8440000 69.4162827
0.8450000 5.9048800
0.8460000 60.9960785
0.8470000 2.6700957
0.8480000 -1.6880147
0.8490000 -66.8670044
0.8500000 -43.3064384
0.8510000 54.1831932
0.8520000 13.6772442
0.8530000 -64.8290024
0.8540000 -25.3545704
0.8550000 -19.0315247
0.8560000 -7.6124759
0.8570000 -40.8762665
0.8580000 33.2594185
0.8590000 -25.6767540
0.8600000 -25.9909019
0.8610000 24.8771019
0.8620000 -76.3004456
0.8630000 -38.9539833
0.8640000 3.2397420
0.8650000 -6.9849577
0.8660000 13.8248358
0.8670000 -34.4693756
0.8680000 35.9782295
0.8690000 34.4690323
0.8700000 -61.3332405
0.8710000 0.0751320
0.8720000 -11.8611689
0.8730000 -32.4036980
0.8740000 14.9228010
0.8750000 -9.4786224
0.8760000 -3.0061605
0.8770000 -29.7234039
0.8780000 -7.3301644
0.8790000 -7.0371599
0.8800000 41.8892059
0.8810000 16.4701519
0.8820000 28.9914513
0.8830000 3.3246100
0.8840000 10.4350042
0.8850000 22.0970516
0.8860000 -4.6345735
0.8870000 -18.1701508
0.8880000 34.6942177
0.8890000 -41.2591286
0.8900000 7.4837151
0.8910000 54.7579231
0.8920000 62.3580208
0.8930000 -11.9080582
0.8940000 -38.8167725
0.8950000 41.4486504
0.8960000 60.9935112
0.8970000 18.4572334
0.8980000 26.2906036
0.8990000 42.0126915
0.9000000 14.1099415
0.9010000 -30.9970341
0.9020000 -34.5047836
0.9030000 22.8062515
0.9040000 -20.7162151
0.9050000 43.2647209
0.9060000 -48.6678543
0.9070000 -76.5205154
0.9080000 22.0023308
0.9090000 3.2888134
0.9100000 10.5139256
0.9110000 -14.0846939
0.9120000 2.4190476
0.9130000 38.7025108
0.9140000 -36.7636948
0.9150000 53.0949631
0.9160000 -52.5170326
0.9170000 56.2261086
0.9180000 60.3359146
0.9190000 53.6442490
0.9200000 19.3709373
0.9210000 -47.9672508
0.9220000 2.1162734
0.9230000 -7.8371782
0.9240000 14.9819231
0.9250000 -20.3902245
0.9260000 -59.8741302
0.9270000 21.6408291
0.9280000 -40.6805077
0.9290000 83.2220078
0.9300000 30.4403973
0.9310000 -0.6395927
0.9320000 5.5413136
0.9330000 -23.0856342
0.9340000 53.7787247
0.9350000 1.4627476
0.9360000 8.2628546
0.9370000 -46.8510666
0.9380000 -10.3838301
0.9390000 -11.6966686
0.9400000 105.3175278
0.9410000 20.7552128
0.9420000 12.3272743
0.9430000 45.7780266
0.9440000 -25.4635773
0.9450000 86.7482758
0.9460000 39.0888901
0.9470000 -43.1514702
0.9480000 4.6636648
0.9490000 16.1842861
0.9500000 -24.0283108
0.9510000 -16.7062759
0.9520000 10.7612286
0.9530000 17.2463856
0.9540000 -43.7097778
0.9550000 44.4416122
0.9560000 -27.4210873
0.9570000 15.9094152
0.9580000 -68.9296036
0.9590000 -23.7784939
0.9600000 -24.1991634
0.9610000 -10.6198320
0.9620000 11.5037880
0.9630000 -12.1416931
0.9640000 52.2132301
0.9650000 41.7414703
0.9660000 39.4004631
0.9670000 7.9457688
0.9680000 30.8106461
0.9690000 45.4889984
0.9700000 -2.3827367
0.9710000 -12.5614004
0.9720000 7.0708694
0.9730000 -39.1370659
0.9740000 -6.6399374
0.9750000 30.0591640
0.9760000 6.7375274
0.9770000 -57.0473557
0.9780000 19.4487438
0.9790000 -12.3683729
0.9800000 7.1198268
0.9810000 -89.0174103
0.9820000 30.2595425
0.9830000 36.7579765
0.9840000 -72.1408463
0.9850000 38.4510231
0.9860000 44.4509087
0.9870000 90.4722824
0.9880000 -65.5091782
0.9890000 -33.4140320
0.9900000 -24.9638042
0.9910000 -32.1053123
0.9920000 -19.3119774
0.9930000 -31.3118935
0.9940000 -3.9862473
0.9950000 9.7256613
0.9960000 34.7555237
0.9970000 31.4429169
0.9980000 -11.1942501
0.9990000 -33.5821457
