0.0000000 17.1954403
0.0010000 21.9357605
0.0020000 51.8407478
0.0030000 -27.9517460
0.0040000 -23.6351109
0.0050000 19.5226498
0.0060000 -11.8486881
0.0070000 10.2419701
0.0080000 -27.1076908
0.0090000 -3.2871556
0.0100000 57.5466957
0.0110000 58.0722313
0.0120000 -25.6744938
0.0130000 -10.4394855
0.0140000 -1.9358970
0.0150000 -4.3330240
0.0160000 16.5412064
0.0170000 26.9787617
0.0180000 18.9102554
0.0190000 -27.2166157
0.0200000 11.3044729
0.0210000 -19.6604862
0.0220000 15.1264315
0.0230000 53.6561508
0.0240000 -24.9059048
0.0250000 9.4694462
0.0260000 14.3255348
0.0270000 -46.8960381
0.0280000 -27.7289009
0.0290000 -2.9374907
0.0300000 -3.4622056
0.0310000 44.2623444
0.0320000 -20.2913303
0.0330000 6.4943972
0.0340000 -50.5030212
0.0350000 69.7176285
0.0360000 5.2658548
0.0370000 11.4607744
0.0380000 -30.9276657
0.0390000 20.6502304
0.0400000 -29.4527454
0.0410000 3.8489690
0.0420000 2.2684188
0.0430000 -48.2591476
0.0440000 -8.2202644
0.0450000 8.8949299
0.0460000 -99.1484070
0.0470000 7.5033360
0.0480000 16.9042377
0.0490000 36.1305389
0.0500000 -31.0811138
0.0510000 44.7634697
0.0520000 32.0613823
0.0530000 99.9629135
0.0540000 -2.3100867
0.0550000 16.6751728
0.0560000 24.3708649
0.0570000 56.0168877
0.0580000 -59.2424889
0.0590000 3.4656422
0.0600000 63.0158920
0.0610000 -21.4133720
0.0620000 -29.7204361
0.0630000 -62.3836441
0.0640000 25.0429745
0.0650000 -15.2059250
0.0660000 4.2237635
0.0670000 38.5925751
0.0680000 -5.8887558
0.0690000 9.0975933
0.0700000 31.9964752
0.0710000 -34.8829918
0.0720000 32.3706512
0.0730000 -43.1476784
0.0740000 -73.8287277
0.0750000 54.5445023
0.0760000 32.3845520
0.0770000 -9.6644812
0.0780000 1.2464443
0.0790000 0.7996482
0.0800000 10.1909752
0.0810000 -49.4490509
0.0820000 -17.1509781
0.0830000 -35.1054153
0.0840000 4.6573834
0.0850000 53.1532364
0.0860000 96.9392242
0.0870000 -30.0352955
0.0880000 -44.3838768
0.0890000 -38.7116318
0.0900000 16.0029850
0.0910000 18.5050259
0.0920000 -55.8435936
0.0930000 8.9381018
0.0940000 84.3803101
0.0950000 -11.1978407
0.0960000 -43.1455688
0.0970000 -15.4141474
0.0980000 44.2686462
0.0990000 -32.0526772
0.1000000 -18.6540241
0.1010000 -36.3534355
0.1020000 14.2774649
0.1030000 27.5193882
0.1040000 18.8849945
0.1050000 -28.1823368
0.1060000 -40.6482658
0.1070000 -8.5690041
0.1080000 5.0532537
0.1090000 -3.2496023
0.1100000 83.9379044
0.1110000 9.8218527
0.1120000 -6.9575706
0.1130000 2.5098636
0.1140000 -31.2039852
0.1150000 36.1938820
0.1160000 -52.3532066
0.1170000 39.6293373
0.1180000 20.2738895
0.1190000 -37.9678459
0.1200000 0.1700218
0.1210000 12.1669369
0.1220000 -34.8697929
0.1230000 0.6235367
0.1240000 44.9996719
0.1250000 -27.3156414
0.1260000 -21.4848213
0.1270000 16.0349903
0.1280000 32.8456612
0.1290000 -36.0221443
0.1300000 19.5269203
0.1310000 10.3106508
0.1320000 -14.6411495
0.1330000 -22.9750843
0.1340000 23.1100807
0.1350000 -12.0139084
0.1360000 39.7904167
0.1370000 7.6998568
0.1380000 -41.3507080
0.1390000 -29.0117741
0.1400000 39.0154495
0.1410000 5.8303828
0.1420000 -18.7511940
0.1430000 -22.7045383
0.1440000 24.0340443
0.1450000 38.2046280
0.1460000 -60.5883904
0.1470000 33.3892479
0.1480000 -8.6599827
0.1490000 -30.6382580
0.1500000 2.9547038
0.1510000 -31.2237816
0.1520000 -9.5685444
0.1530000 -30.1280422
0.1540000 10.9222651
0.1550000 18.7112026
0.1560000 -75.1740723
0.1570000 10.1555710
0.1580000 -38.9149437
0.1590000 41.6324844
0.1600000 -41.7960968
0.1610000 -54.4846878
0.1620000 -6.9524946
0.1630000 3.5631590
0.1640000 -30.5149994
0.1650000 13.1383619
0.1660000 27.5371761
0.1670000 -11.3581142
0.1680000 -19.4247742
0.1690000 -30.8741951
0.1700000 -1.5038272
0.1710000 -3.4719954
0.1720000 -55.3199005
0.1730000 55.3969498
0.1740000 74.9358444
0.1750000 -26.4829292
0.1760000 -31.8137913
0.1770000 31.4141312
0.1780000 -41.5573006
0.1790000 -21.4931850
0.1800000 -54.8100281
0.1810000 -19.2031975
0.1820000 11.0142269
0.1830000 29.3407078
0.1840000 -18.9558239
0.1850000 59.1330070
0.1860000 -55.3542023
0.1870000 -0.3615382
0.1880000 4.6481919
0.1890000 -3.4385784
0.1900000 -62.3410454
0.1910000 -42.6655922
0.1920000 -29.1855564
0.1930000 -23.0603733
0.1940000 46.0432777
0.1950000 7.2108860
0.1960000 31.4733829
0.1970000 -34.9481926
0.1980000 25.7768021
0.1990000 42.5887299
0.2000000 12.6250200
0.2010000 42.1889648
0.2020000 -46.6535034
0.2030000 31.9234505
0.2040000 72.7595291
0.2050000 32.3753281
0.2060000 64.3082352
0.2070000 -4.1896648
0.2080000 39.9195824
0.2090000 30.2498856
0.2100000 38.0508842
0.2110000 -8.8478031
0.2120000 8.0366478
0.2130000 -22.0441818
0.2140000 67.7570419
0.2150000 38.8716812
0.2160000 7.0481229
0.2170000 -37.3550568
0.2180000 40.0122147
0.2190000 35.1039925
0.2200000 -84.7964020
0.2210000 -18.3854008
0.2220000 -9.8736658
0.2230000 32.2334251
0.2240000 17.0025692
0.2250000 -24.9949989
0.2260000 18.8367920
0.2270000 -17.5128899
0.2280000 37.4597397
0.2290000 -46.8245277
0.2300000 81.0819244
0.2310000 -29.7461834
0.2320000 58.0399094
0.2330000 -18.6060181
0.2340000 -54.6498146
0.2350000 52.3378448
0.2360000 35.1553421
0.2370000 -68.7009048
0.2380000 34.4100952
0.2390000 25.2184372
0.2400000 42.3358994
0.2410000 -58.7574654
0.2420000 -22.8681812
0.2430000 19.9150066
0.2440000 -71.4335480
0.2450000 -56.4911003
0.2460000 -22.2509708
0.2470000 19.7435207
0.2480000 -14.7389317
0.2490000 -60.0099297
0.2500000 -17.1141968
0.2510000 5.2875795
0.2520000 18.3570652
0.2530000 28.2783642
0.2540000 -25.6950722
0.2550000 1.7812586
0.2560000 -10.1224289
0.2570000 15.1704884
0.2580000 -16.9746990
0.2590000 -28.5951023
0.2600000 -12.8137121
0.2610000 25.6506119
0.2620000 9.2453327
0.2630000 33.3631783
0.2640000 -37.9005966
0.2650000 -28.6441631
0.2660000 8.3968048
0.2670000 -33.6291466
0.2680000 -1.9170148
0.2690000 -28.0246105
0.2700000 29.7461662
0.2710000 -18.7377243
0.2720000 -17.9053001
0.2730000 -16.5875854
0.2740000 62.7148743
0.2750000 64.9449387
0.2760000 -6.4883080
0.2770000 -28.3629951
0.2780000 14.8585253
0.2790000 52.0879288
0.2800000 18.9664078
0.2810000 -17.0985069
0.2820000 -15.2311430
0.2830000 -12.3520679
0.2840000 -38.5202446
0.2850000 -10.1223459
0.2860000 -12.6968861
0.2870000 -53.9373016
0.2880000 -39.5998497
0.2890000 10.4476976
0.2900000 -7.7178879
0.2910000 73.8955841
0.2920000 -38.6653976
0.2930000 -33.0328293
0.2940000 19.0237637
0.2950000 -23.1034241
0.2960000 -12.0294943
0.2970000 -10.9638577
0.2980000 16.0199318
0.2990000 -24.7664661
0.3000000 28.1424007
0.3010000 28.4159527
0.3020000 0.2990324
0.3030000 9.3368254
0.3040000 41.0644073
0.3050000 -16.1518078
0.3060000 -4.9065557
0.3070000 15.9118042
0.3080000 -30.4881840
0.3090000 -52.5807877
0.3100000 11.8192205
0.3110000 26.0776711
0.3120000 -56.2015991
0.3130000 4.4721951
0.3140000 -64.7633896
0.3150000 6.3536859
0.3160000 0.9929788
0.3170000 22.6205502
0.3180000 -60.8290901
0.3190000 -29.2254429
0.3200000 -48.5709572
0.3210000 -37.8716698
0.3220000 -9.5263796
0.3230000 -87.6169510
0.3240000 46.8402023
0.3250000 -4.0313053
0.3260000 45.0998611
0.3270000 -0.5822909
0.3280000 -42.7140884
0.3290000 -5.6912832
0.3300000 28.5002899
0.3310000 7.5517912
0.3320000 34.8679237
0.3330000 21.0697746
0.3340000 50.5872040
0.3350000 -29.5967388
0.3360000 14.7628889
0.3370000 -61.5112152
0.3380000 15.0642138
0.3390000 26.1962032
0.3400000 45.6604996
0.3410000 -28.6907825
0.3420000 -10.1793356
0.3430000 -60.7341576
0.3440000 -11.8927393
0.3450000 -6.6498642
0.3460000 7.7446585
0.3470000 4.2684517
0.3480000 6.7408538
0.3490000 -38.8256416
0.3500000 37.6715050
0.3510000 1.0125090
0.3520000 -20.1684837
0.3530000 22.3243999
0.3540000 -10.3878145
0.3550000 0.8701676
0.3560000 -11.4540596
0.3570000 -13.0451183
0.3580000 -56.3220558
0.3590000 -48.1843224
0.3600000 -67.5274506
0.3610000 -14.3482409
0.3620000 -31.7469940
0.3630000 -53.2656364
0.3640000 49.9214325
0.3650000 38.2414856
0.3660000 -39.2340393
0.3670000 116.4686584
0.3680000 -32.4864960
0.3690000 47.2864876
0.3700000 -61.5003433
0.3710000 -72.5487213
0.3720000 13.5378380
0.3730000 3.5691900
0.3740000 28.1189804
0.3750000 29.1235104
0.3760000 -22.8376980
0.3770000 -14.5990868
0.3780000 -15.0380163
0.3790000 -19.7198277
0.3800000 38.5957642
0.3810000 58.4422455
0.3820000 -46.9787331
0.3830000 32.3307266
0.3840000 -5.7489924
0.3850000 23.3745689
0.3860000 31.5547733
0.3870000 -6.9603391
0.3880000 34.9346352
0.3890000 -20.1157093
0.3900000 12.3938894
0.3910000 -44.3138847
0.3920000 109.7269516
0.3930000 -23.6650238
0.3940000 42.3473244
0.3950000 26.1768894
0.3960000 28.0178204
0.3970000 -25.5705147
0.3980000 22.0522575
0.3990000 38.1651917
0.4000000 -7.7881656
0.4010000 -0.7115352
0.4020000 30.3683357
0.4030000 16.3825111
0.4040000 13.9896345
0.4050000 -5.5761871
0.4060000 37.8282433
0.4070000 39.4591980
0.4080000 22.4835796
0.4090000 30.2260952
0.4100000 -2.9856112
0.4110000 -11.7503033
0.4120000 -52.9996758
0.4130000 20.3258801
0.4140000 -48.5027657
0.4150000 -5.1416807
0.4160000 7.1190085
0.4170000 58.0499344
0.4180000 57.7635193
0.4190000 10.8022432
0.4200000 11.0920753
0.4210000 31.2540779
0.4220000 49.3674698
0.4230000 55.4648132
0.4240000 20.2018070
0.4250000 11.4345303
0.4260000 -28.3659744
0.4270000 27.2788582
0.4280000 -18.7760410
0.4290000 -5.3422160
0.4300000 -57.4872055
0.4310000 16.4212227
0.4320000 -4.6586151
0.4330000 -11.2795048
0.4340000 2.4596951
0.4350000 -12.4810400
0.4360000 62.7914925
0.4370000 -24.9094200
0.4380000 41.8981972
0.4390000 -25.8264809
0.4400000 15.1561270
0.4410000 40.4318695
0.4420000 20.6506367
0.4430000 50.8386345
0.4440000 2.0893292
0.4450000 -42.0176735
0.4460000 -2.4585173
0.4470000 -22.7211571
0.4480000 11.0878258
0.4490000 -35.1151695
0.4500000 27.7784309
0.4510000 41.7864838
0.4520000 -1.3334388
0.4530000 3.9059150
0.4540000 -2.7839971
0.4550000 78.4092331
0.4560000 48.6697617
0.4570000 -10.6087046
0.4580000 51.6548424
0.4590000 41.5368004
0.4600000 -6.6409388
0.4610000 18.7800407
0.4620000 -48.7596245
0.4630000 8.0678358
0.4640000 21.5664272
0.4650000 -4.9812818
0.4660000 -11.7565804
0.4670000 -57.4512024
0.4680000 -4.8088980
0.4690000 -5.1613598
0.4700000 -8.9833336
0.4710000 12.0850697
0.4720000 -41.5242233
0.4730000 -10.1773577
0.4740000 19.7045784
0.4750000 -64.0085449
0.4760000 -12.0550785
0.4770000 10.4193182
0.4780000 9.7556686
0.4790000 -34.7427216
0.4800000 11.0626898
0.4810000 3.9448056
0.4820000 -24.9868679
0.4830000 19.0331287
0.4840000 43.1677971
0.4850000 -91.4464722
0.4860000 -33.6123390
0.4870000 48.9748993
0.4880000 12.9695635
0.4890000 -35.3900452
0.4900000 -55.2813606
0.4910000 36.3259926
0.4920000 54.9912758
0.4930000 -9.0340919
0.4940000 -69.3101654
0.4950000 -102.6785049
0.4960000 15.7136755
0.4970000 -18.2537022
0.4980000 -8.2379923
0.4990000 -53.8178177
0.5000000 -21.0665646
0.5010000 -25.8703480
0.5020000 23.5981712
0.5030000 14.7610588
0.5040000 2.6178057
0.5050000 -7.1722860
0.5060000 -21.1670513
0.5070000 32.0114746
0.5080000 -40.2434578
0.5090000 71.9269791
0.5100000 -39.2932625
0.5110000 4.1265650
0.5120000 29.5051727
0.5130000 9.4620790
0.5140000 64.8466263
0.5150000 -66.4844513
0.5160000 -55.0801125
0.5170000 -19.3402119
0.5180000 -22.9756584
0.5190000 15.4295492
0.5200000 39.8878975
0.5210000 -11.8867397
0.5220000 -83.0051956
0.5230000 37.6589317
0.5240000 -60.3911018
0.5250000 -40.6228714
0.5260000 36.7150307
0.5270000 -60.8259926
0.5280000 -7.1959610
0.5290000 -48.3399200
0.5300000 -53.2286301
0.5310000 27.9515038
0.5320000 51.6674156
0.5330000 -4.2592120
0.5340000 43.1136513
0.5350000 16.5138092
0.5360000 0.3648056
0.5370000 41.1929398
0.5380000 -30.6850243
0.5390000 12.2502117
0.5400000 72.2160721
0.5410000 2.1967742
0.5420000 -35.6569176
0.5430000 -24.0456715
0.5440000 10.3071289
0.5450000 6.2964358
0.5460000 -25.3314915
0.5470000 -89.5460281
0.5480000 55.8124580
0.5490000 24.9095974
0.5500000 -16.3530865
0.5510000 75.3209457
0.5520000 -30.6310062
0.5530000 21.8536320
0.5540000 -1.8115482
0.5550000 115.1624527
0.5560000 10.5772696
0.5570000 -0.6693450
0.5580000 75.2727814
0.5590000 16.3042221
0.5600000 -2.0613186
0.5610000 -38.5443039
0.5620000 -74.3351440
0.5630000 -8.2791662
0.5640000 -9.4390087
0.5650000 23.0988503
0.5660000 0.4362791
0.5670000 -5.5781856
0.5680000 -51.8671646
0.5690000 -3.6788580
0.5700000 -30.5789776
0.5710000 13.3200026
0.5720000 2.1297228
0.5730000 -1.6818680
0.5740000 42.3024101
0.5750000 -34.5661201
0.5760000 -37.0521355
0.5770000 -42.2249870
0.5780000 27.6749306
0.5790000 31.4487591
0.5800000 -17.5702515
0.5810000 50.4830017
0.5820000 17.5397053
0.5830000 40.3234253
0.5840000 -21.1772690
0.5850000 15.2204542
0.5860000 -25.3385983
0.5870000 -32.1895790
0.5880000 -43.5124664
0.5890000 5.8442736
0.5900000 13.0149012
0.5910000 -39.8605499
0.5920000 53.4317360
0.5930000 14.0479193
0.5940000 21.3894730
0.5950000 10.7660856
0.5960000 21.8935986
0.5970000 20.4385204
0.5980000 -2.2602220
0.5990000 23.9507351
0.6000000 -14.1375618
0.6010000 10.3211880
0.6020000 -87.3906479
0.6030000 -4.1123986
0.6040000 -17.0651493
0.6050000 8.2386913
0.6060000 -4.1399565
0.6070000 16.6615562
0.6080000 -2.4381902
0.6090000 17.1813107
0.6100000 -35.1176491
0.6110000 37.7314720
0.6120000 43.2347794
0.6130000 -1.0342944
0.6140000 -17.9320621
0.6150000 -3.3555999
0.6160000 -32.0402565
0.6170000 29.1790810
0.6180000 -23.7470551
0.6190000 34.8687172
0.6200000 2.9390132
0.6210000 15.5673676
0.6220000 41.1325073
0.6230000 50.1534386
0.6240000 -59.5878754
0.6250000 10.3446856
0.6260000 35.8094482
0.6270000 -23.5464745
0.6280000 -12.8645687
0.6290000 1.9108332
0.6300000 73.4109268
0.6310000 -19.7222786
0.6320000 11.3234539
0.6330000 -31.5827675
0.6340000 -16.8934841
0.6350000 -5.7933865
0.6360000 15.6227312
0.6370000 25.5135441
0.6380000 -66.8847427
0.6390000 15.8469515
0.6400000 4.7852793
0.6410000 -31.9012661
0.6420000 -65.9154129
0.6430000 -19.0197353
0.6440000 -8.4848404
0.6450000 54.6631699
0.6460000 56.6393394
0.6470000 5.5741310
0.6480000 -50.9867401
0.6490000 -1.7482469
0.6500000 0.2347748
0.6510000 47.2488632
0.6520000 -46.2499161
0.6530000 22.2393150
0.6540000 13.0918980
0.6550000 0.1898187
0.6560000 -14.5928364
0.6570000 56.5321045
0.6580000 -37.2403564
0.6590000 7.8382616
0.6600000 -50.9235191
0.6610000 -56.4937744
0.6620000 -42.8022079
0.6630000 -3.3037634
0.6640000 -24.2502155
0.6650000 -31.0169735
0.6660000 -13.1521130
0.6670000 36.0401115
0.6680000 -20.2424316
0.6690000 14.2192698
0.6700000 -25.1933727
0.6710000 16.2244930
0.6720000 26.3259449
0.6730000 31.8839512
0.6740000 63.8667679
0.6750000 -24.9097252
0.6760000 -29.9175739
0.6770000 20.6603203
0.6780000 1.5933366
0.6790000 -82.0564117
0.6800000 -25.9548244
0.6810000 -25.5435829
0.6820000 11.2993374
0.6830000 3.2138638
0.6840000 10.6489258
0.6850000 -21.8262444
0.6860000 13.3853140
0.6870000 -45.7727356
0.6880000 7.4056740
0.6890000 -42.9534149
0.6900000 -5.0518003
0.6910000 48.6866760
0.6920000 58.2540245
0.6930000 -0.6274520
0.6940000 18.5823727
0.6950000 -14.0665846
0.6960000 10.5004406
0.6970000 -79.5674210
0.6980000 -4.5516210
0.6990000 35.5350189
0.7000000 21.1359272
0.7010000 30.0600357
0.7020000 42.6328812
0.7030000 21.8588219
0.7040000 -20.6856899
0.7050000 -30.2339153
0.7060000 -19.6022644
0.7070000 5.3536067
0.7080000 -17.4134102
0.7090000 2.2026627
0.7100000 44.0461006
0.7110000 -33.4460945
0.7120000 31.0661373
0.7130000 3.6024170
0.7140000 -18.8199177
0.7150000 12.1481104
0.7160000 36.4180832
0.7170000 15.8142681
0.7180000 -25.8979053
0.7190000 -35.1748924
0.7200000 -8.6692448
0.7210000 2.8752081
0.7220000 -15.2375946
0.7230000 -65.0299454
0.7240000 -29.0603008
0.7250000 20.4773407
0.7260000 3.7607930
0.7270000 -44.8207626
0.7280000 -21.2747746
0.7290000 -32.9760170
0.7300000 -8.6916552
0.7310000 -12.1362944
0.7320000 -15.7790623
0.7330000 -31.5429306
0.7340000 12.3836737
0.7350000 53.1827393
0.7360000 -83.4156647
0.7370000 -27.7118950
0.7380000 12.1605015
0.7390000 25.0972004
0.7400000 5.9884562
0.7410000 -2.0518467
0.7420000 -23.8755093
0.7430000 -39.2707481
0.7440000 -50.3347130
0.7450000 -11.9316826
0.7460000 26.5355721
0.7470000 -40.9379845
0.7480000 -8.2575245
0.7490000 29.2883892
0.7500000 5.7652178
0.7510000 -44.0088882
0.7520000 -11.3071890
0.7530000 -46.6357498
0.7540000 3.3800902
0.7550000 -14.7947254
0.7560000 -68.9790726
0.7570000 60.6720886
0.7580000 -36.2739944
0.7590000 -25.8438072
0.7600000 2.4654775
0.7610000 81.1013184
0.7620000 -3.6242332
0.7630000 25.9152699
0.7640000 45.8041878
0.7650000 -18.0244122
0.7660000 -32.0661583
0.7670000 -35.8963356
0.7680000 -81.4531860
0.7690000 33.7952843
0.7700000 28.2154655
0.7710000 -34.8569031
0.7720000 -44.2179413
0.7730000 -60.6810036
0.7740000 -27.5363941
0.7750000 18.0621719
0.7760000 26.5096760
0.7770000 32.6163025
0.7780000 30.4681988
0.7790000 -40.0504723
0.7800000 -0.2323959
0.7810000 4.7412848
0.7820000 -20.9696064
0.7830000 -22.9635487
0.7840000 -87.7931366
0.7850000 90.1492157
0.7860000 8.1798124
0.7870000 -18.8000069
0.7880000 -3.3957024
0.7890000 12.1574993
0.7900000 22.8254967
0.7910000 82.9482193
0.7920000 13.5894194
0.7930000 -20.1003189
0.7940000 10.2211628
0.7950000 -11.5379534
0.7960000 -54.5461082
0.7970000 -4.5683475
0.7980000 50.7943115
0.7990000 -19.7371235
0.8000000 32.6879578
0.8010000 19.6099148
0.8020000 16.9521675
0.8030000 23.4241562
0.8040000 21.4710846
0.8050000 35.2828751
0.8060000 25.4273129
0.8070000 -7.3504987
0.8080000 -39.0930138
0.8090000 39.2026176
0.8100000 42.7089882
0.8110000 -21.9181671
0.8120000 28.6106625
0.8130000 -72.8926392
0.8140000 26.6012573
0.8150000 67.7890091
0.8160000 -45.0035477
0.8170000 39.9782143
0.8180000 -7.8060064
0.8190000 -30.2497902
0.8200000 -55.2708397
0.8210000 49.2260437
0.8220000 37.5121384
0.8230000 1.4571931
0.8240000 4.3346834
0.8250000 44.0347328
0.8260000 26.1527042
0.8270000 1.5039594
0.8280000 -43.0662880
0.8290000 23.7208996
0.8300000 40.3276176
0.8310000 11.6513882
0.8320000 12.1819611
0.8330000 26.3728809
0.8340000 18.5029583
0.8350000 14.0401173
0.8360000 71.1041489
0.8370000 84.8012390
0.8380000 -38.2750549
0.8390000 -52.6490860
0.8400000 -59.9103088
0.8410000 -72.4834747
0.8420000 -50.7174873
0.8430000 11.0500202
0.8440000 -9.1915741
0.8450000 93.2004242
0.8460000 9.5060091
0.8470000 36.4361801
0.8480000 47.0495300
0.8490000 -19.2335148
0.8500000 -60.0227928
0.8510000 -16.9065590
0.8520000 -27.4699821
0.8530000 -16.8047428
0.8540000 6.1798773
0.8550000 0.7888329
0.8560000 -16.9518108
0.8570000 -26.3316517
0.8580000 -19.4334126
0.8590000 19.0327053
0.8600000 -49.9731445
0.8610000 21.2868538
0.8620000 -43.7984428
0.8630000 13.7151918
0.8640000 -4.6558704
0.8650000 -6.5952396
0.8660000 -21.9162159
0.8670000 78.8989258
0.8680000 -6.9177651
0.8690000 1.9988509
0.8700000 -18.2787952
0.8710000 -29.1488075
0.8720000 -5.7737708
0.8730000 2.1785657
0.8740000 -64.2058945
0.8750000 -32.0429420
0.8760000 -26.9276009
0.8770000 -37.6197891
0.8780000 26.5120602
0.8790000 17.0209179
0.8800000 19.7824688
0.8810000 -3.0207226
0.8820000 -64.2478333
0.8830000 5.7802081
0.8840000 76.8738327
0.8850000 -13.1165295
0.8860000 30.3789730
0.8870000 -30.4916458
0.8880000 35.6146317
0.8890000 -23.5764980
0.8900000 -0.0424548
0.8910000 33.2143669
0.8920000 -22.0744171
0.8930000 1.8433225
0.8940000 -21.5979271
0.8950000 84.1745453
0.8960000 -25.6885891
0.8970000 -44.0013351
0.8980000 30.3196201
0.8990000 -23.5779991
0.9000000 -2.0284741
0.9010000 23.5686188
0.9020000 -18.4024353
0.9030000 40.5320282
0.9040000 22.2826824
0.9050000 66.4745712
0.9060000 -20.9295177
0.9070000 -13.1140928
0.9080000 -41.8094711
0.9090000 4.7781129
0.9100000 -7.6685696
0.9110000 -21.6474781
0.9120000 -15.5893965
0.9130000 -26.2101021
0.9140000 -34.7947693
0.9150000 31.8680229
0.9160000 34.8532448
0.9170000 -56.9712830
0.9180000 -45.6226730
0.9190000 -38.2918396
0.9200000 -42.6889877
0.9210000 -3.2030230
0.9220000 90.1097260
0.9230000 -57.9146423
0.9240000 50.7353821
0.9250000 -4.4801087
0.9260000 0.1305061
0.9270000 -57.4824104
0.9280000 44.4143524
0.9290000 -4.6770067
0.9300000 -10.3386412
0.9310000 -4.9186296
0.9320000 19.4227848
0.9330000 12.1872063
0.9340000 -56.3320122
0.9350000 7.7094536
0.9360000 -20.4553394
0.9370000 22.0920353
0.9380000 -13.2357311
0.9390000 -20.9081993
0.9400000 21.5439796
0.9410000 39.0974884
0.9420000 -73.5678406
0.9430000 3.6736772
0.9440000 7.9055123
0.9450000 -12.0914059
0.9460000 25.0912571
0.9470000 -28.7373409
0.9480000 -28.4982185
0.9490000 -21.4496746
0.9500000 -19.8029823
0.9510000 44.2569275
0.9520000 -26.0785122
0.9530000 7.8768082
0.9540000 24.0184212
0.9550000 14.2390146
0.9560000 -79.2260590
0.9570000 -20.7483425
0.9580000 -3.1838610
0.9590000 -20.0711212
0.9600000 23.6653328
0.9610000 -13.3186951
0.9620000 -3.1788497
0.9630000 6.1279616
0.9640000 -47.0141754
0.9650000 -21.3002167
0.9660000 -25.1530457
0.9670000 -48.7211151
0.9680000 -27.1368427
0.9690000 1.1583651
0.9700000 -61.3725815
0.9710000 21.9047909
0.9720000 13.8861637
0.9730000 -18.4628963
0.9740000 -21.0785580
0.9750000 12.0466709
0.9760000 -8.1542807
0.9770000 -4.8262753
0.9780000 -3.4061770
0.9790000 27.5823364
0.9800000 9.1081066
0.9810000 -52.1778336
0.9820000 -20.8860264
0.9830000 12.8965960
0.9840000 -16.9688931
0.9850000 5.8942022
0.9860000 -41.3335266
0.9870000 -5.5467420
0.9880000 -63.7478905
0.9890000 6.8356647
0.9900000 27.0669727
0.9910000 -34.6594048
0.9920000 -57.4677773
0.9930000 8.2461710
0.9940000 46.1712151
0.9950000 15.3919096
0.9960000 -55.4813461
0.9970000 26.6944904
0.9980000 -17.3753338
0.9990000 -8.4467955
