0.0000000 -59.3465233
0.0010000 37.3735695
0.0020000 16.4420185
0.0030000 8.6007833
0.0040000 43.6271248
0.0050000 59.3303947
0.0060000 -79.0044708
0.0070000 -16.3234158
0.0080000 -34.9578247
0.0090000 -62.3251991
0.0100000 7.4552670
0.0110000 -11.8232517
0.0120000 47.8286171
0.0130000 -27.1893082
0.0140000 6.7796531
0.0150000 -10.3084040
0.0160000 -12.0706234
0.0170000 10.9222345
0.0180000 -92.9107742
0.0190000 36.6744614
0.0200000 18.1288815
0.0210000 44.9147606
0.0220000 -43.2702827
0.0230000 2.2761898
0.0240000 -17.3305035
0.0250000 14.0010023
0.0260000 48.4511452
0.0270000 26.9091949
0.0280000 -67.0442276
0.0290000 -31.2642136
0.0300000 -25.5644817
0.0310000 -64.4004364
0.0320000 30.3426094
0.0330000 16.1797886
0.0340000 -12.0656071
0.0350000 -18.9356689
0.0360000 -0.8122738
0.0370000 -24.2597427
0.0380000 74.9520111
0.0390000 7.4584270
0.0400000 0.0912970
0.0410000 27.6305733
0.0420000 50.5295486
0.0430000 -58.0450325
0.0440000 11.1934376
0.0450000 39.3511848
0.0460000 -69.8176956
0.0470000 78.8152771
0.0480000 23.7651863
0.0490000 -41.7754288
0.0500000 4.7175713
0.0510000 78.8022461
0.0520000 -48.8118019
0.0530000 7.5338993
0.0540000 -24.4437675
0.0550000 -9.3387003
0.0560000 -15.2100391
0.0570000 -6.8423557
0.0580000 5.0053239
0.0590000 -1.1048933
0.0600000 -5.7803574
0.0610000 -42.6784554
0.0620000 41.0113640
0.0630000 42.6893158
0.0640000 -40.3844910
0.0650000 32.7737656
0.0660000 6.0501919
0.0670000 23.4380188
0.0680000 28.3403530
0.0690000 9.1896410
0.0700000 -40.5430450
0.0710000 46.3956604
0.0720000 -13.0327530
0.0730000 -29.3520451
0.0740000 1.4733337
0.0750000 -24.8091202
0.0760000 10.9818583
0.0770000 -45.7266426
0.0780000 -27.0307770
0.0790000 -48.7936592
0.0800000 -22.3292274
0.0810000 -27.9693546
0.0820000 3.2531164
0.0830000 -10.7048731
0.0840000 -32.9382820
0.0850000 10.3590918
0.0860000 33.2814941
0.0870000 45.9217110
0.0880000 15.7834578
0.0890000 -22.6866417
0.0900000 1.0146481
0.0910000 16.1508350
0.0920000 31.8001804
0.0930000 -53.3518715
0.0940000 -15.2556658
0.0950000 -47.5024033
0.0960000 18.1789093
0.0970000 42.5726433
0.0980000 -17.3083553
0.0990000 -59.1929245
0.1000000 45.1124535
0.1010000 -19.8612957
0.1020000 -53.2429695
0.1030000 25.7471905
0.1040000 -23.8305836
0.1050000 25.5370102
0.1060000 -23.3561668
0.1070000 -13.6689863
0.1080000 -37.9735947
0.1090000 26.6885128
0.1100000 3.5065591
0.1110000 42.1376915
0.1120000 36.3815384
0.1130000 -17.6258430
0.1140000 -34.6898651
0.1150000 -32.0532608
0.1160000 -23.9003448
0.1170000 23.5559120
0.1180000 -59.6483688
0.1190000 -26.9627075
0.1200000 -13.7095089
0.1210000 -29.9737873
0.1220000 -22.2648659
0.1230000 -45.7543983
0.1240000 25.6196575
0.1250000 -29.4137669
0.1260000 -1.2854549
0.1270000 -84.2445908
0.1280000 32.9758034
0.1290000 37.7592888
0.1300000 -7.8526602
0.1310000 31.0824604
0.1320000 82.5489120
0.1330000 -4.9969406
0.1340000 16.3468494
0.1350000 35.7966156
0.1360000 -10.9062243
0.1370000 12.6199589
0.1380000 -43.5342827
0.1390000 -54.8192177
0.1400000 10.4165077
0.1410000 7.7252173
0.1420000 -34.7450867
0.1430000 -15.9272280
0.1440000 -20.1099911
0.1450000 92.1278534
0.1460000 105.9498672
0.1470000 59.0073166
0.1480000 10.0409555
0.1490000 -10.4632778
0.1500000 26.8337345
0.1510000 60.1179237
0.1520000 26.5752773
0.1530000 25.9541855
0.1540000 -6.2952695
0.1550000 -5.2900896
0.1560000 -55.4799080
0.1570000 -22.2434769
0.1580000 50.3769226
0.1590000 39.4687347
0.1600000 -15.8277044
0.1610000 -13.2738943
0.1620000 -10.9115324
0.1630000 -39.6415062
0.1640000 -61.9243813
0.1650000 34.2885704
0.1660000 -13.2516890
0.1670000 14.0666761
0.1680000 -7.2183847
0.1690000 -30.8176727
0.1700000 40.3159065
0.1710000 46.5748787
0.1720000 -4.6616263
0.1730000 5.6511588
0.1740000 -29.7395859
0.1750000 -62.9303017
0.1760000 28.7591114
0.1770000 -12.3553953
0.1780000 -5.0475507
0.1790000 -45.7189980
0.1800000 -4.9461112
0.1810000 38.6533089
0.1820000 65.0120468
0.1830000 35.8696518
0.1840000 -11.9958105
0.1850000 18.7152023
0.1860000 27.9699478
0.1870000 0.8440963
0.1880000 -29.5241966
0.1890000 -5.8119040
0.1900000 -51.3724174
0.1910000 -1.4869540
0.1920000 -25.5092697
0.1930000 35.1187286
0.1940000 32.9278984
0.1950000 -30.7338657
0.1960000 37.4085197
0.1970000 -12.1788683
0.1980000 13.6566868
0.1990000 28.7386227
0.2000000 -8.1424799
0.2010000 1.7278528
0.2020000 -32.2636795
0.2030000 -17.1137867
0.2040000 21.9574337
0.2050000 19.5526772
0.2060000 -45.4907837
0.2070000 -32.2531433
0.2080000 -27.4611835
0.2090000 9.9215384
0.2100000 -30.4857159
0.2110000 -39.2300453
0.2120000 -21.6315804
0.2130000 -10.2832375
0.2140000 -27.1610088
0.2150000 28.4934788
0.2160000 3.3666089
0.2170000 -14.7604294
0.2180000 -18.5159435
0.2190000 24.9971371
0.2200000 45.6061211
0.2210000 -29.8505993
0.2220000 17.5806255
0.2230000 20.9399071
0.2240000 12.0326815
0.2250000 72.5156097
0.2260000 4.1520782
0.2270000 28.6373310
0.2280000 -50.3710556
0.2290000 -4.4226933
0.2300000 -69.9084625
0.2310000 -0.7658020
0.2320000 -17.8613129
0.2330000 11.3758583
0.2340000 -6.3042417
0.2350000 -13.9036446
0.2360000 -45.2809944
0.2370000 62.7855530
0.2380000 25.7448711
0.2390000 -9.4116983
0.2400000 25.9150372
0.2410000 -6.2722154
0.2420000 79.9035797
0.2430000 -18.5017109
0.2440000 -55.9961853
0.2450000 -11.7555103
0.2460000 -16.2464199
0.2470000 39.8696785
0.2480000 38.4917030
0.2490000 42.0108147
0.2500000 28.4132175
0.2510000 24.8427982
0.2520000 63.4868126
0.2530000 31.9653625
0.2540000 1.1567972
0.2550000 26.9419651
0.2560000 -9.7044392
0.2570000 -17.3128510
0.2580000 -6.4772763
0.2590000 30.5518570
0.2600000 -59.9104538
0.2610000 27.6480198
0.2620000 -3.7990453
0.2630000 51.8348732
0.2640000 11.9265957
0.2650000 -8.8356285
0.2660000 16.5020809
0.2670000 -33.2850914
0.2680000 -12.2646971
0.2690000 13.3219337
0.2700000 -23.3543434
0.2710000 -46.2325478
0.2720000 15.2787189
0.2730000 21.3128471
0.2740000 1.3848433
0.2750000 -62.4828377
0.2760000 54.7147369
0.2770000 24.0432014
0.2780000 19.4553242
0.2790000 -18.5466099
0.2800000 28.8519058
0.2810000 -18.1214294
0.2820000 58.5562210
0.2830000 16.5863533
0.2840000 16.3381405
0.2850000 -41.3081398
0.2860000 -48.6778183
0.2870000 -38.6338501
0.2880000 -11.1362400
0.2890000 -66.3240585
0.2900000 -40.4862404
0.2910000 16.0896263
0.2920000 17.4966869
0.2930000 39.9665909
0.2940000 16.2508011
0.2950000 34.7373924
0.2960000 -10.6314955
0.2970000 -41.6958008
0.2980000 22.9310684
0.2990000 -1.8039588
0.3000000 -2.7016730
0.3010000 37.3853455
0.3020000 -5.1193905
0.3030000 8.0763178
0.3040000 -49.5592384
0.3050000 -44.9041405
0.3060000 -18.5124149
0.3070000 15.0159035
0.3080000 51.1293221
0.3090000 46.7775612
0.3100000 31.2072334
0.3110000 -33.3720627
0.3120000 4.8617997
0.3130000 -45.5455093
0.3140000 -23.3359909
0.3150000 33.4859200
0.3160000 -51.7987556
0.3170000 -38.0894470
0.3180000 -7.9728942
0.3190000 -22.1886501
0.3200000 8.8810596
0.3210000 -23.3752003
0.3220000 21.8786659
0.3230000 -54.3138008
0.3240000 44.3451080
0.3250000 23.4683933
0.3260000 59.1891632
0.3270000 19.6343346
0.3280000 -14.0590630
0.3290000 -23.3121166
0.3300000 6.4966397
0.3310000 34.5840340
0.3320000 68.4809570
0.3330000 64.7598801
0.3340000 -29.7193165
0.3350000 -22.0132179
0.3360000 -36.2633209
0.3370000 45.9858551
0.3380000 17.0017681
0.3390000 -78.5805130
0.3400000 33.9655914
0.3410000 -2.1767390
0.3420000 16.9469490
0.3430000 56.7888832
0.3440000 34.9609337
0.3450000 25.7106323
0.3460000 38.7108498
0.3470000 74.5377502
0.3480000 5.4147434
0.3490000 43.5585556
0.3500000 -67.3705368
0.3510000 16.7872124
0.3520000 10.2637234
0.3530000 39.9138908
0.3540000 29.4350681
0.3550000 -20.4271221
0.3560000 -48.8777466
0.3570000 18.0262184
0.3580000 19.1502590
0.3590000 -12.6178856
0.3600000 -3.2280886
0.3610000 5.8226066
0.3620000 -4.6998925
0.3630000 37.0305099
0.3640000 -49.4978676
0.3650000 48.3172607
0.3660000 -34.6459465
0.3670000 -62.2643242
0.3680000 3.9333704
0.3690000 7.8615007
0.3700000 4.4704294
0.3710000 -4.3617258
0.3720000 74.1596069
0.3730000 27.7402496
0.3740000 56.0311661
0.3750000 24.8663998
0.3760000 37.2516823
0.3770000 18.7374573
0.3780000 20.4299812
0.3790000 -4.0565362
0.3800000 13.2788038
0.3810000 -52.3481903
0.3820000 74.0019455
0.3830000 18.9304981
0.3840000 -30.9469738
0.3850000 -1.4167341
0.3860000 41.2659988
0.3870000 4.7765231
0.3880000 -35.0948257
0.3890000 40.2439384
0.3900000 0.4929434
0.3910000 35.6130066
0.3920000 20.8426304
0.3930000 10.6194191
0.3940000 12.4860249
0.3950000 -23.8913918
0.3960000 16.5973492
0.3970000 -1.1348494
0.3980000 3.5942037
0.3990000 50.3613777
0.4000000 -10.1996984
0.4010000 -3.1355057
0.4020000 9.2249146
0.4030000 -25.7261238
0.4040000 -26.7759457
0.4050000 55.2820396
0.4060000 45.5937424
0.4070000 -42.7668304
0.4080000 -68.9640808
0.4090000 -21.8077030
0.4100000 -5.8675075
0.4110000 46.5638580
0.4120000 7.8378968
0.4130000 -50.1063843
0.4140000 63.3832512
0.4150000 -42.9382133
0.4160000 10.9443340
0.4170000 -11.8990803
0.4180000 2.9270787
0.4190000 -19.5686188
0.4200000 -25.8101807
0.4210000 37.6220093
0.4220000 10.7669897
0.4230000 -7.0726881
0.4240000 16.1689281
0.4250000 -32.7776260
0.4260000 -16.6151447
0.4270000 15.4772444
0.4280000 21.4023781
0.4290000 15.3355961
0.4300000 42.7836838
0.4310000 -65.5630798
0.4320000 13.6672430
0.4330000 29.7038078
0.4340000 18.2156677
0.4350000 50.6655502
0.4360000 24.5757561
0.4370000 -1.6688397
0.4380000 25.1706066
0.4390000 -54.2643776
0.4400000 51.9459267
0.4410000 -51.3084717
0.4420000 4.7400641
0.4430000 27.4437771
0.4440000 -31.5509853
0.4450000 -39.3647194
0.4460000 -48.0236816
0.4470000 74.7242050
0.4480000 -39.1762428
0.4490000 -39.4183426
0.4500000 -34.3248940
0.4510000 3.5341327
0.4520000 29.9263039
0.4530000 -16.5394554
0.4540000 17.8058491
0.4550000 35.8249359
0.4560000 -20.2443504
0.4570000 -21.3764687
0.4580000 49.2070580
0.4590000 31.9715748
0.4600000 -20.6676254
0.4610000 0.9460748
0.4620000 -27.3051662
0.4630000 -24.5223618
0.4640000 -15.4010096
0.4650000 33.0264435
0.4660000 -48.1084480
0.4670000 -28.1765251
0.4680000 -45.5676041
0.4690000 11.1129847
0.4700000 -28.2873402
0.4710000 26.1146641
0.4720000 29.8593884
0.4730000 -3.2019694
0.4740000 -32.0382500
0.4750000 -42.7788239
0.4760000 -12.9276037
0.4770000 -19.5298100
0.4780000 -32.0713120
0.4790000 37.5271988
0.4800000 -39.9831200
0.4810000 24.2682247
0.4820000 -13.9526205
0.4830000 24.0570393
0.4840000 24.8233223
0.4850000 7.5803504
0.4860000 51.6497116
0.4870000 -30.7918758
0.4880000 -52.7991180
0.4890000 7.8762417
0.4900000 12.3100204
0.4910000 15.7207088
0.4920000 -2.1093135
0.4930000 -5.8315239
0.4940000 -22.8462296
0.4950000 -36.9026260
0.4960000 41.7066879
0.4970000 59.2479897
0.4980000 19.9016132
0.4990000 45.2934685
0.5000000 34.7273178
0.5010000 -22.7416496
0.5020000 69.4003220
0.5030000 37.1104355
0.5040000 -4.8159008
0.5050000 12.1466780
0.5060000 27.7211952
0.5070000 -71.2354050
0.5080000 29.6705608
0.5090000 5.6774254
0.5100000 6.3805685
0.5110000 -19.8068714
0.5120000 -11.7680264
0.5130000 40.5426025
0.5140000 -15.6687126
0.5150000 8.9531851
0.5160000 1.1860127
0.5170000 -23.5800400
0.5180000 -9.4954634
0.5190000 23.8625641
0.5200000 43.1455383
0.5210000 48.1236000
0.5220000 24.6924896
0.5230000 -52.0939674
0.5240000 -12.1646147
0.5250000 42.7376938
0.5260000 103.3033295
0.5270000 62.1478233
0.5280000 29.4226112
0.5290000 -58.0930977
0.5300000 -60.1523361
0.5310000 -49.0285721
0.5320000 -12.9776573
0.5330000 34.4498062
0.5340000 -13.1280918
0.5350000 3.8890929
0.5360000 13.8957472
0.5370000 11.2327909
0.5380000 12.5936251
0.5390000 -76.2218628
0.5400000 -18.6439304
0.5410000 48.2326126
0.5420000 -24.0514488
0.5430000 -33.7698555
0.5440000 31.1807251
0.5450000 28.0854645
0.5460000 10.7557144
0.5470000 21.6494408
0.5480000 35.7212830
0.5490000 -16.4363899
0.5500000 4.7450538
0.5510000 -41.7191772
0.5520000 -10.3894300
0.5530000 49.4569168
0.5540000 43.1755295
0.5550000 -15.9258070
0.5560000 -20.4864407
0.5570000 -38.4203339
0.5580000 21.8577194
0.5590000 53.6241684
0.5600000 6.6111240
0.5610000 18.2970467
0.5620000 -46.8765488
0.5630000 16.6142635
0.5640000 -18.8302040
0.5650000 -10.0260820
0.5660000 32.3150826
0.5670000 56.6143227
0.5680000 -4.2661781
0.5690000 23.2414074
0.5700000 10.8300629
0.5710000 29.0862370
0.5720000 25.6621246
0.5730000 12.9027128
0.5740000 -41.0895500
0.5750000 2.0876491
0.5760000 -30.8772259
0.5770000 18.2286167
0.5780000 -15.9420404
0.5790000 -8.8103075
0.5800000 -42.4290581
0.5810000 -47.2150650
0.5820000 0.0490433
0.5830000 16.4756832
0.5840000 -28.5512352
0.5850000 12.7587671
0.5860000 22.2309265
0.5870000 2.3864291
0.5880000 -16.7607861
0.5890000 -6.2546215
0.5900000 -3.0502689
0.5910000 13.1251364
0.5920000 -14.0277710
0.5930000 10.9173956
0.5940000 10.2074785
0.5950000 31.3938160
0.5960000 51.4777756
0.5970000 11.9749308
0.5980000 35.0590134
0.5990000 101.0891113
0.6000000 -26.1963959
0.6010000 35.0847702
0.6020000 -11.6187181
0.6030000 8.9231424
0.6040000 -61.2264366
0.6050000 34.2539215
0.6060000 20.7594929
0.6070000 12.5906897
0.6080000 44.4688606
0.6090000 -40.1780930
0.6100000 57.8140488
0.6110000 23.9546776
0.6120000 32.6106148
0.6130000 -82.4099503
0.6140000 61.6095581
0.6150000 -1.1522514
0.6160000 -31.1360016
0.6170000 10.3133936
0.6180000 22.0877342
0.6190000 -10.3526058
0.6200000 10.5034571
0.6210000 20.1961880
0.6220000 12.3189793
0.6230000 46.1153183
0.6240000 -12.1411743
0.6250000 31.7886944
0.6260000 -2.0508180
0.6270000 -15.1831312
0.6280000 -84.4468307
0.6290000 11.0820179
0.6300000 6.2624788
0.6310000 -62.9737778
0.6320000 38.8340607
0.6330000 -21.8345470
0.6340000 60.7134094
0.6350000 -21.8161507
0.6360000 12.7607155
0.6370000 -26.1123981
0.6380000 -64.7659760
0.6390000 7.1231728
0.6400000 -28.2031975
0.6410000 -1.0645683
0.6420000 31.5682983
0.6430000 9.7961435
0.6440000 -37.6978531
0.6450000 -17.7329693
0.6460000 32.3397217
0.6470000 -24.8139267
0.6480000 -4.5316753
0.6490000 -47.6345444
0.6500000 -16.6868210
0.6510000 44.5054970
0.6520000 20.7521210
0.6530000 -14.1562042
0.6540000 -6.0757475
0.6550000 17.1892834
0.6560000 6.8846002
0.6570000 -33.3624191
0.6580000 46.6949005
0.6590000 -13.3355389
0.6600000 -8.0322962
0.6610000 -38.8476295
0.6620000 66.2132339
0.6630000 -0.7986490
0.6640000 42.5079727
0.6650000 -17.4000854
0.6660000 -59.8720284
0.6670000 12.1082172
0.6680000 -14.8210535
0.6690000 60.5873909
0.6700000 6.2058320
0.6710000 3.9008508
0.6720000 35.7673912
0.6730000 59.2590942
0.6740000 -59.2154160
0.6750000 9.0980673
0.6760000 -13.9854460
0.6770000 -25.3483315
0.6780000 15.3699846
0.6790000 -51.9005432
0.6800000 18.9210453
0.6810000 -21.6415691
0.6820000 -11.5250034
0.6830000 63.9586983
0.6840000 4.7938771
0.6850000 -46.7173424
0.6860000 14.8039522
0.6870000 38.3747902
0.6880000 -12.0318947
0.6890000 -4.6034241
0.6900000 -24.4604378
0.6910000 18.0529671
0.6920000 23.8204136
0.6930000 -78.9587784
0.6940000 -26.7570992
0.6950000 34.1714478
0.6960000 4.0468926
0.6970000 -18.6852131
0.6980000 23.1587238
0.6990000 18.7174397
0.7000000 -72.0119934
0.7010000 1.2481600
0.7020000 9.9567566
0.7030000 -29.8077259
0.7040000 35.0837326
0.7050000 -54.1419907
0.7060000 57.5243950
0.7070000 54.8463058
0.7080000 2.1750007
0.7090000 15.7323246
0.7100000 57.7355690
0.7110000 -24.2480125
0.7120000 3.1344566
0.7130000 13.1623793
0.7140000 33.9600105
0.7150000 24.5516014
0.7160000 11.5239706
0.7170000 -11.0352993
0.7180000 -19.0047131
0.7190000 1.0166920
0.7200000 -8.2333555
0.7210000 113.4481277
0.7220000 -8.5633707
0.7230000 16.1592922
0.7240000 5.9446712
0.7250000 13.9363394
0.7260000 28.5957527
0.7270000 -27.2416859
0.7280000 9.8126087
0.7290000 3.1402302
0.7300000 24.1097813
0.7310000 14.5766640
0.7320000 -35.5372276
0.7330000 -18.0133705
0.7340000 -28.0785503
0.7350000 34.4980469
0.7360000 13.4947720
0.7370000 -10.8131990
0.7380000 30.9953060
0.7390000 -2.5958090
0.7400000 22.0621510
0.7410000 20.7948227
0.7420000 10.8587532
0.7430000 -36.1114883
0.7440000 -39.8692360
0.7450000 17.9286041
0.7460000 -5.8829923
0.7470000 -32.0758858
0.7480000 -16.2031612
0.7490000 -1.1144339
0.7500000 -30.1564674
0.7510000 -6.7066712
0.7520000 -23.3908558
0.7530000 32.8163300
0.7540000 -75.6396637
0.7550000 -8.9090281
0.7560000 -26.2774792
0.7570000 17.0415363
0.7580000 -50.7065506
0.7590000 34.7196236
0.7600000 1.5692303
0.7610000 1.5175310
0.7620000 65.8171082
0.7630000 38.5372963
0.7640000 -15.0782509
0.7650000 23.5228100
0.7660000 18.7010651
0.7670000 18.5361996
0.7680000 26.6810169
0.7690000 4.5374293
0.7700000 6.5502992
0.7710000 -17.1805592
0.7720000 13.5321283
0.7730000 6.7246523
0.7740000 28.3046265
0.7750000 -43.9342194
0.7760000 44.6900864
0.7770000 16.1398468
0.7780000 0.0384398
0.7790000 -3.9834361
0.7800000 -8.0741949
0.7810000 -52.0691490
0.7820000 -2.5833728
0.7830000 -4.5523801
0.7840000 64.0850983
0.7850000 16.0618000
0.7860000 -26.6942253
0.7870000 -1.1633303
0.7880000 -42.8970299
0.7890000 -44.4497375
0.7900000 16.6937809
0.7910000 18.8481426
0.7920000 -26.8966084
0.7930000 18.5894833
0.7940000 -45.2046165
0.7950000 -18.2890282
0.7960000 16.0146523
0.7970000 -10.4060059
0.7980000 37.0496407
0.7990000 1.2540442
0.8000000 -34.5531845
0.8010000 54.6231194
0.8020000 -22.1321049
0.8030000 -43.4951134
0.8040000 25.9402924
0.8050000 47.1711349
0.8060000 -14.6753454
0.8070000 -37.1959229
0.8080000 -40.1190681
0.8090000 17.9283886
0.8100000 -17.0220299
0.8110000 -47.0581017
0.8120000 25.1847172
0.8130000 -37.1776161
0.8140000 -25.8228855
0.8150000 18.2293777
0.8160000 -12.6808853
0.8170000 22.1213570
0.8180000 8.8029337
0.8190000 -35.7003937
0.8200000 13.3575935
0.8210000 -78.0185928
0.8220000 -4.4160075
0.8230000 3.9007986
0.8240000 -33.7634888
0.8250000 53.0078201
0.8260000 44.0717201
0.8270000 11.0802689
0.8280000 18.8610153
0.8290000 10.0527639
0.8300000 -10.0368013
0.8310000 17.3027401
0.8320000 -17.1871738
0.8330000 21.8171978
0.8340000 -40.3100853
0.8350000 37.9292526
0.8360000 29.3935547
0.8370000 22.3328037
0.8380000 35.3969917
0.8390000 -17.8049145
0.8400000 101.9471588
0.8410000 8.3874149
0.8420000 -100.7714615
0.8430000 -8.5182838
0.8440000 6.9583426
0.8450000 -15.9351130
0.8460000 71.1168365
0.8470000 27.9840984
0.8480000 -41.0242195
0.8490000 14.8549194
0.8500000 4.7419291
0.8510000 35.0131493
0.8520000 29.7569008
0.8530000 5.8019018
0.8540000 -30.2112961
0.8550000 -56.8618393
0.8560000 4.4644933
0.8570000 18.4311733
0.8580000 -3.7836003
0.8590000 43.0985680
0.8600000 3.5779748
0.8610000 26.4309597
0.8620000 2.9947753
0.8630000 -19.2738667
0.8640000 18.4007626
0.8650000 -20.0031471
0.8660000 -46.9155502
0.8670000 -99.8787231
0.8680000 -46.6379738
0.8690000 -22.0386314
0.8700000 10.8668251
0.8710000 19.7864285
0.8720000 -7.4974899
0.8730000 2.1233478
0.8740000 -66.3629913
0.8750000 -38.4477425
0.8760000 -0.6224843
0.8770000 18.9050808
0.8780000 81.9122009
0.8790000 -17.6066647
0.8800000 83.4560318
0.8810000 -5.3119197
0.8820000 13.8693008
0.8830000 23.3154430
0.8840000 40.6025009
0.8850000 -42.1705971
0.8860000 -96.9108887
0.8870000 -83.0513916
0.8880000 -37.1974602
0.8890000 49.5840569
0.8900000 -22.7882500
0.8910000 36.2547035
0.8920000 -11.7073641
0.8930000 -28.1739101
0.8940000 17.8045902
0.8950000 -16.1679382
0.8960000 51.6606941
0.8970000 -50.4306183
0.8980000 1.7034047
0.8990000 95.2332153
0.9000000 -7.8271470
0.9010000 38.6105728
0.9020000 8.1911650
0.9030000 56.4347687
0.9040000 -26.1753368
0.9050000 -6.6467333
0.9060000 -48.9551163
0.9070000 58.8954659
0.9080000 -10.5080633
0.9090000 -83.0890961
0.9100000 36.9496193
0.9110000 -22.8511028
0.9120000 -15.9996748
0.9130000 78.8897781
0.9140000 7.6609468
0.9150000 -8.1999378
0.9160000 7.4446411
0.9170000 43.3092995
0.9180000 21.6549320
0.9190000 -20.7429085
0.9200000 -20.6104832
0.9210000 7.7398782
0.9220000 21.4512787
0.9230000 -39.2107391
0.9240000 -39.8760452
0.9250000 -42.1597595
0.9260000 90.3498001
0.9270000 22.1580830
0.9280000 -4.0860472
0.9290000 -60.7830391
0.9300000 -28.0555000
0.9310000 -21.1611214
0.9320000 -60.5711136
0.9330000 -27.4527760
0.9340000 11.9795523
0.9350000 -12.7792110
0.9360000 -39.5853233
0.9370000 -1.1898046
0.9380000 -39.7963600
0.9390000 10.3071384
0.9400000 -16.1112556
0.9410000 1.9488659
0.9420000 -25.6918316
0.9430000 38.7536049
0.9440000 22.6512623
0.9450000 -27.0207176
0.9460000 -36.0367241
0.9470000 -20.3726521
0.9480000 12.0718403
0.9490000 45.6558189
0.9500000 -8.9102993
0.9510000 -34.8571091
0.9520000 52.4196205
0.9530000 -2.0696740
0.9540000 62.1435432
0.9550000 -19.6781597
0.9560000 -17.3507195
0.9570000 -80.1957092
0.9580000 -88.9550171
0.9590000 -35.5729485
0.9600000 15.4102564
0.9610000 27.6815338
0.9620000 -49.6369781
0.9630000 1.4464779
0.9640000 -68.4528046
0.9650000 8.3411951
0.9660000 32.8206100
0.9670000 30.8263607
0.9680000 -17.5896645
0.9690000 -16.5646610
0.9700000 14.1989450
0.9710000 -32.0410347
0.9720000 30.8728256
0.9730000 38.3335609
0.9740000 8.3607779
0.9750000 11.9847307
0.9760000 9.2601490
0.9770000 -32.1778793
0.9780000 -49.8652000
0.9790000 -11.0697432
0.9800000 -3.5292928
0.9810000 3.2151759
0.9820000 32.6524010
0.9830000 -27.0421448
0.9840000 2.7118969
0.9850000 1.1570822
0.9860000 -17.0924320
0.9870000 23.7129326
0.9880000 34.6313705
0.9890000 33.9812660
0.9900000 -30.9186134
0.9910000 -59.7683296
0.9920000 44.7596893
0.9930000 70.2041550
0.9940000 14.3988876
0.9950000 42.5191040
0.9960000 -16.9074345
0.9970000 -43.8040962
0.9980000 -30.9743156
0.9990000 -31.5556526
