0.0000000 33.8442841
0.0010000 -70.5351028
0.0020000 92.4323044
0.0030000 6.9543810
0.0040000 -37.8336830
0.0050000 -36.2848625
0.0060000 -1.9736465
0.0070000 47.0654793
0.0080000 -49.6240730
0.0090000 -30.9181709
0.0100000 61.8631859
0.0110000 -17.0715065
0.0120000 -13.2019424
0.0130000 36.5545502
0.0140000 40.3589516
0.0150000 -4.4915748
0.0160000 20.4142284
0.0170000 -15.5706596
0.0180000 -17.3674736
0.0190000 10.7548723
0.0200000 -24.9094410
0.0210000 23.2104053
0.0220000 5.8732090
0.0230000 -47.2819252
0.0240000 45.2846680
0.0250000 76.2447739
0.0260000 -26.1041088
0.0270000 -26.8117981
0.0280000 -66.8003387
0.0290000 10.6974554
0.0300000 4.6851377
0.0310000 27.4025822
0.0320000 -54.9776192
0.0330000 26.3878613
0.0340000 4.3469629
0.0350000 13.8833895
0.0360000 54.0000076
0.0370000 -44.9343224
0.0380000 -6.3261080
0.0390000 -25.9016190
0.0400000 -11.1521530
0.0410000 14.4154568
0.0420000 18.3022995
0.0430000 -10.5108566
0.0440000 108.2019882
0.0450000 0.6337523
0.0460000 0.6350318
0.0470000 -9.3703976
0.0480000 2.4540274
0.0490000 -26.4480858
0.0500000 42.3960686
0.0510000 72.1417313
0.0520000 10.5991249
0.0530000 -19.6308136
0.0540000 -31.2526493
0.0550000 2.4069579
0.0560000 -71.8567886
0.0570000 -30.6090164
0.0580000 -6.7994876
0.0590000 -9.2142229
0.0600000 9.1981258
0.0610000 -17.2747841
0.0620000 -12.0078592
0.0630000 -49.5429192
0.0640000 21.0514927
0.0650000 26.8626041
0.0660000 -1.5502615
0.0670000 -8.8248520
0.0680000 -20.2709141
0.0690000 -52.8022766
0.0700000 17.2672062
0.0710000 22.2390308
0.0720000 27.7505512
0.0730000 -23.2157993
0.0740000 34.7631493
0.0750000 32.5963478
0.0760000 4.3286295
0.0770000 -15.3512745
0.0780000 34.1740913
0.0790000 -37.7447777
0.0800000 -61.3126335
0.0810000 6.2214766
0.0820000 25.2056293
0.0830000 6.0368290
0.0840000 -65.0536652
0.0850000 -1.0359462
0.0860000 -28.3587799
0.0870000 25.9083118
0.0880000 -9.4732704
0.0890000 46.8224411
0.0900000 -12.1266403
0.0910000 26.6301079
0.0920000 -8.0231819
0.0930000 51.5724983
0.0940000 -40.3603630
0.0950000 48.4238052
0.0960000 36.2088013
0.0970000 15.9819794
0.0980000 78.0230026
0.0990000 75.2356186
0.1000000 59.8961563
0.1010000 27.2149067
0.1020000 -4.0576725
0.1030000 16.7823639
0.1040000 13.2178268
0.1050000 -13.8034716
0.1060000 24.9083118
0.1070000 45.4482422
0.1080000 -2.3683641
0.1090000 -42.0775452
0.1100000 -47.2596054
0.1110000 0.2109885
0.1120000 21.5346527
0.1130000 16.8926048
0.1140000 31.1600952
0.1150000 -29.1706009
0.1160000 43.4387779
0.1170000 1.4654423
0.1180000 -51.2331657
0.1190000 25.7705727
0.1200000 21.5799084
0.1210000 63.6150818
0.1220000 -11.6188707
0.1230000 -15.3552008
0.1240000 -60.5283127
0.1250000 0.0566207
0.1260000 -64.7129898
0.1270000 -32.8760109
0.1280000 -33.2696571
0.1290000 -7.0196877
0.1300000 18.3703804
0.1310000 5.7504163
0.1320000 38.3612595
0.1330000 37.9937172
0.1340000 22.4529724
0.1350000 0.6379311
0.1360000 -28.2273445
0.1370000 17.9775887
0.1380000 -15.6932573
0.1390000 -30.4836712
0.1400000 9.9110756
0.1410000 -10.7536774
0.1420000 18.4549332
0.1430000 -48.1112862
0.1440000 63.8068657
0.1450000 -13.7821894
0.1460000 8.5395422
0.1470000 5.0854592
0.1480000 -2.0554824
0.1490000 58.8120346
0.1500000 6.2445574
0.1510000 26.8891487
0.1520000 5.5585222
0.1530000 -9.6993465
0.1540000 -5.8288465
0.1550000 -11.7197151
0.1560000 24.1386509
0.1570000 14.4420471
0.1580000 -28.9388046
0.1590000 -1.8688059
0.1600000 22.8848267
0.1610000 -40.1612167
0.1620000 50.4465752
0.1630000 -20.1224556
0.1640000 -23.6585159
0.1650000 31.3912525
0.1660000 -72.6097260
0.1670000 -14.6640778
0.1680000 10.1318626
0.1690000 2.1935554
0.1700000 16.2664318
0.1710000 -37.4414444
0.1720000 -9.3995848
0.1730000 59.1661110
0.1740000 -41.3088455
0.1750000 -2.8894730
0.1760000 -0.9572660
0.1770000 -44.0055313
0.1780000 35.5395164
0.1790000 50.4784203
0.1800000 2.1570165
0.1810000 13.0876923
0.1820000 56.8585892
0.1830000 65.4817886
0.1840000 34.3938942
0.1850000 4.2709136
0.1860000 -0.4707823
0.1870000 28.6599388
0.1880000 37.8822327
0.1890000 24.6464691
0.1900000 0.7651421
0.1910000 42.4006042
0.1920000 31.3414936
0.1930000 60.5118141
0.1940000 -37.7151527
0.1950000 -40.5380516
0.1960000 31.8305397
0.1970000 -3.5623903
0.1980000 20.3114986
0.1990000 36.6843910
0.2000000 89.7143707
0.2010000 -18.5304985
0.2020000 23.4710026
0.2030000 -47.4512444
0.2040000 -14.3657408
0.2050000 -0.2731603
0.2060000 -2.5895514
0.2070000 31.9217319
0.2080000 8.9905720
0.2090000 -2.0108767
0.2100000 9.6788845
0.2110000 -31.6699104
0.2120000 -19.8080578
0.2130000 59.0022354
0.2140000 12.0184879
0.2150000 32.3860970
0.2160000 38.4230347
0.2170000 25.7369652
0.2180000 44.4796715
0.2190000 9.8792772
0.2200000 -93.9309921
0.2210000 51.4189568
0.2220000 -44.2872429
0.2230000 -2.9377520
0.2240000 -1.6190547
0.2250000 -56.2004547
0.2260000 13.5710926
0.2270000 -3.7712204
0.2280000 -18.8554745
0.2290000 -22.3666916
0.2300000 -22.8714046
0.2310000 19.2308540
0.2320000 -67.2811127
0.2330000 72.7265930
0.2340000 31.7349110
0.2350000 -19.0172386
0.2360000 76.7370148
0.2370000 19.9190159
0.2380000 -21.7749062
0.2390000 -4.6867037
0.2400000 -31.3850517
0.2410000 -23.4663067
0.2420000 -51.6625366
0.2430000 -11.8141546
0.2440000 -0.4316197
0.2450000 71.7148209
0.2460000 23.3464336
0.2470000 -18.3008041
0.2480000 -42.7053223
0.2490000 -48.3148956
0.2500000 -89.2634888
0.2510000 -2.4789310
0.2520000 -39.3007698
0.2530000 -49.1038589
0.2540000 53.4396667
0.2550000 42.3922348
0.2560000 20.3072491
0.2570000 28.6867657
0.2580000 5.1194010
0.2590000 2.4767120
0.2600000 46.5732841
0.2610000 -18.9378815
0.2620000 -40.9632988
0.2630000 8.7677622
0.2640000 21.0500183
0.2650000 -24.8482113
0.2660000 -2.5559409
0.2670000 -4.3222108
0.2680000 19.6156826
0.2690000 5.5539365
0.2700000 40.1889572
0.2710000 45.6714935
0.2720000 -32.8850784
0.2730000 -23.5425911
0.2740000 -48.3061485
0.2750000 54.3703194
0.2760000 9.7260399
0.2770000 21.8023796
0.2780000 34.9836006
0.2790000 19.6664467
0.2800000 2.9427731
0.2810000 32.8270264
0.2820000 27.8459969
0.2830000 -13.3596592
0.2840000 0.7752588
0.2850000 -38.5043907
0.2860000 -1.4483405
0.2870000 19.4560204
0.2880000 23.8160458
0.2890000 36.7184525
0.2900000 12.9449730
0.2910000 -8.9266605
0.2920000 74.7039032
0.2930000 44.8291283
0.2940000 9.3685837
0.2950000 -43.5772171
0.2960000 22.0393715
0.2970000 -42.3457222
0.2980000 6.1910410
0.2990000 43.1438942
0.3000000 -13.3150797
0.3010000 -61.5495834
0.3020000 -30.4014587
0.3030000 -37.7758179
0.3040000 8.5423622
0.3050000 9.2244253
0.3060000 61.3701973
0.3070000 -61.9670029
0.3080000 -31.7956505
0.3090000 35.9138145
0.3100000 -19.7179241
0.3110000 -2.7781134
0.3120000 -1.8456026
0.3130000 17.0901871
0.3140000 22.5342751
0.3150000 10.0009575
0.3160000 51.7301178
0.3170000 9.4227228
0.3180000 -18.7664356
0.3190000 79.9661560
0.3200000 32.3262634
0.3210000 41.3897018
0.3220000 15.9056854
0.3230000 17.7419338
0.3240000 -22.8300114
0.3250000 44.0638390
0.3260000 2.2776649
0.3270000 -72.2445526
0.3280000 -36.5975380
0.3290000 -60.6465187
0.3300000 46.5061569
0.3310000 18.6573563
0.3320000 58.8792686
0.3330000 22.5791283
0.3340000 5.7384033
0.3350000 1.2193636
0.3360000 12.0897036
0.3370000 -11.3729286
0.3380000 17.7437248
0.3390000 24.3501797
0.3400000 -30.9991970
0.3410000 6.0022569
0.3420000 -14.6003942
0.3430000 31.3671379
0.3440000 70.0198669
0.3450000 -85.6075592
0.3460000 7.5437455
0.3470000 -61.7173424
0.3480000 12.3907194
0.3490000 71.3103027
0.3500000 74.6050110
0.3510000 -12.5981922
0.3520000 52.7094994
0.3530000 24.0013199
0.3540000 -6.3918738
0.3550000 -44.8022499
0.3560000 -10.6567411
0.3570000 2.8101583
0.3580000 -1.3441619
0.3590000 -14.3630133
0.3600000 28.6677094
0.3610000 -12.4732065
0.3620000 17.9347630
0.3630000 -29.3245850
0.3640000 -14.0578909
0.3650000 40.5213165
0.3660000 -64.7626572
0.3670000 -8.3106966
0.3680000 37.7223663
0.3690000 -14.5538769
0.3700000 23.8141575
0.3710000 9.3743963
0.3720000 -56.1135521
0.3730000 31.2942982
0.3740000 -18.1472473
0.3750000 -20.3910503
0.3760000 -32.5037766
0.3770000 -74.6533737
0.3780000 9.0686512
0.3790000 4.9967113
0.3800000 -11.5150223
0.3810000 11.9001503
0.3820000 6.1851916
0.3830000 15.7708778
0.3840000 -11.9518843
0.3850000 -78.9690170
0.3860000 -2.7945523
0.3870000 -10.1934958
0.3880000 19.4459286
0.3890000 -13.5671978
0.3900000 -1.7126077
0.3910000 -5.7417421
0.3920000 -17.8530979
0.3930000 -18.2066288
0.3940000 16.8253841
0.3950000 2.0622153
0.3960000 -2.6577268
0.3970000 -9.0956631
0.3980000 29.5058594
0.3990000 10.1895208
0.4000000 3.3638563
0.4010000 -42.6965141
0.4020000 -60.1217384
0.4030000 -50.3603134
0.4040000 38.1018791
0.4050000 -0.6547447
0.4060000 9.3097372
0.4070000 25.6616077
0.4080000 -49.1457443
0.4090000 95.9402390
0.4100000 18.3615036
0.4110000 -24.6003876
0.4120000 -3.1077256
0.4130000 74.1662750
0.4140000 -10.8907194
0.4150000 18.7670631
0.4160000 -15.5626478
0.4170000 -56.2522659
0.4180000 15.0214348
0.4190000 -54.8705750
0.4200000 -15.1635914
0.4210000 44.2858658
0.4220000 43.2193489
0.4230000 12.3949032
0.4240000 11.2994127
0.4250000 -28.0369759
0.4260000 -38.5352745
0.4270000 -22.0158768
0.4280000 -37.8740158
0.4290000 12.5201855
0.4300000 -17.8337517
0.4310000 -6.2955451
0.4320000 -40.5394516
0.4330000 5.4299107
0.4340000 -36.1728249
0.4350000 -19.1825161
0.4360000 -12.9270601
0.4370000 23.1782379
0.4380000 25.7012272
0.4390000 34.2418976
0.4400000 55.7551880
0.4410000 -8.9369135
0.4420000 55.5044861
0.4430000 -2.8057368
0.4440000 -33.6878471
0.4450000 -30.9303761
0.4460000 33.1326180
0.4470000 -11.1522064
0.4480000 -48.2688828
0.4490000 45.4650574
0.4500000 20.3657246
0.4510000 -59.6445580
0.4520000 41.0175743
0.4530000 -14.9246387
0.4540000 -54.1180305
0.4550000 -23.0647278
0.4560000 -51.2571831
0.4570000 -29.7924271
0.4580000 -5.6574869
0.4590000 1.5257968
0.4600000 49.1974220
0.4610000 -55.3959694
0.4620000 25.3508930
0.4630000 8.7897367
0.4640000 -73.4365540
0.4650000 -15.5111074
0.4660000 1.5597478
0.4670000 56.4454956
0.4680000 5.7001815
0.4690000 -23.7097149
0.4700000 -8.7646694
0.4710000 -4.1080065
0.4720000 -38.1780090
0.4730000 -5.7288961
0.4740000 -5.3360691
0.4750000 -2.3882289
0.4760000 2.9434044
0.4770000 -9.0971632
0.4780000 -28.7100430
0.4790000 21.7094173
0.4800000 6.4699082
0.4810000 54.6972466
0.4820000 9.5316620
0.4830000 -10.2067537
0.4840000 -20.3087711
0.4850000 -35.4969330
0.4860000 -13.3099499
0.4870000 -30.2471886
0.4880000 -29.4393578
0.4890000 -20.3712959
0.4900000 50.2034378
0.4910000 -37.1238441
0.4920000 -29.5818768
0.4930000 -39.4798470
0.4940000 3.2135742
0.4950000 -34.5140228
0.4960000 -34.2737846
0.4970000 -51.1519814
0.4980000 -39.6178627
0.4990000 34.5376015
0.5000000 68.1210098
0.5010000 -15.5085535
0.5020000 2.3462088
0.5030000 83.0723495
0.5040000 -1.8641069
0.5050000 -48.0764198
0.5060000 3.2553062
0.5070000 -42.5434570
0.5080000 -5.0282393
0.5090000 57.1765022
0.5100000 -8.2639446
0.5110000 -16.3715725
0.5120000 -75.0763474
0.5130000 -2.3135955
0.5140000 21.7760429
0.5150000 21.6110039
0.5160000 21.5948925
0.5170000 26.9719048
0.5180000 -3.8620691
0.5190000 -13.5743904
0.5200000 -12.2039328
0.5210000 74.1759491
0.5220000 70.0432739
0.5230000 -33.7795601
0.5240000 -14.6768837
0.5250000 -18.7717991
0.5260000 32.4221954
0.5270000 24.7288723
0.5280000 -7.9017377
0.5290000 7.3975997
0.5300000 79.0450516
0.5310000 28.8026447
0.5320000 11.2151213
0.5330000 -8.4643316
0.5340000 -7.6323752
0.5350000 25.7137012
0.5360000 -39.8473816
0.5370000 25.1157913
0.5380000 14.0038223
0.5390000 21.6869888
0.5400000 -11.6534357
0.5410000 -16.0765934
0.5420000 -34.4059334
0.5430000 14.0519361
0.5440000 20.4217587
0.5450000 -23.8710938
0.5460000 -7.4537263
0.5470000 -32.1883011
0.5480000 -55.0557823
0.5490000 -29.5427170
0.5500000 37.1468353
0.5510000 -0.9500139
0.5520000 -44.9781380
0.5530000 -17.6967030
0.5540000 41.6519623
0.5550000 -77.7138977
0.5560000 -48.1472855
0.5570000 11.0923605
0.5580000 -1.6477009
0.5590000 36.2458496
0.5600000 23.2624454
0.5610000 -13.8393288
0.5620000 22.4740009
0.5630000 -38.5101089
0.5640000 22.2332706
0.5650000 9.2909079
0.5660000 -2.5128212
0.5670000 9.9058914
0.5680000 17.3873539
0.5690000 23.3564396
0.5700000 -12.9213648
0.5710000 10.2655582
0.5720000 17.9822559
0.5730000 -10.3879805
0.5740000 12.1377430
0.5750000 26.2553082
0.5760000 -26.4305706
0.5770000 -19.7110100
0.5780000 -14.6136875
0.5790000 -43.5620880
0.5800000 10.5012512
0.5810000 -95.2933731
0.5820000 3.2690635
0.5830000 12.5766611
0.5840000 -3.5960193
0.5850000 11.1627073
0.5860000 -19.7664108
0.5870000 19.1338196
0.5880000 -23.6410370
0.5890000 -9.5739450
0.5900000 -44.0485992
0.5910000 32.5577850
0.5920000 -9.1807690
0.5930000 32.0663185
0.5940000 -4.1338787
0.5950000 -17.2654533
0.5960000 18.4634705
0.5970000 2.5680828
0.5980000 -5.3623333
0.5990000 -6.3509073
0.6000000 -46.1223373
0.6010000 45.8624268
0.6020000 52.7181892
0.6030000 -11.0799332
0.6040000 -5.4337430
0.6050000 -6.1830921
0.6060000 -70.5777969
0.6070000 -2.3187442
0.6080000 -58.0990715
0.6090000 -19.9200916
0.6100000 11.0653744
0.6110000 4.0281568
0.6120000 3.6215804
0.6130000 -48.4536552
0.6140000 -33.2420158
0.6150000 -3.3026826
0.6160000 -24.8792038
0.6170000 30.7981663
0.6180000 28.2746944
0.6190000 35.4282494
0.6200000 21.2874489
0.6210000 33.3148880
0.6220000 25.7383575
0.6230000 -2.1046684
0.6240000 -6.9911013
0.6250000 -13.1857100
0.6260000 48.7608261
0.6270000 -36.6039314
0.6280000 -19.2270527
0.6290000 31.4324951
0.6300000 29.9198971
0.6310000 36.6719627
0.6320000 5.7571158
0.6330000 25.3024693
0.6340000 -24.4299622
0.6350000 20.9457645
0.6360000 30.6397190
0.6370000 -94.1286316
0.6380000 10.9411259
0.6390000 -66.2914200
0.6400000 1.0778027
0.6410000 -55.9525909
0.6420000 8.3139868
0.6430000 33.6597748
0.6440000 7.4046426
0.6450000 -52.5864372
0.6460000 36.0856934
0.6470000 68.0720367
0.6480000 -138.2132263
0.6490000 14.4663687
0.6500000 -15.5624142
0.6510000 6.7417464
0.6520000 -34.2556190
0.6530000 -0.9463227
0.6540000 -3.9575229
0.6550000 51.9005928
0.6560000 -42.8691788
0.6570000 -66.7095184
0.6580000 -20.0200119
0.6590000 -67.5978546
0.6600000 1.6698526
0.6610000 2.5758224
0.6620000 -29.7728252
0.6630000 -15.6064491
0.6640000 27.5746231
0.6650000 -8.7685251
0.6660000 -38.2707405
0.6670000 -4.7670755
0.6680000 22.0364094
0.6690000 -19.0184116
0.6700000 -22.2092915
0.6710000 63.7540512
0.6720000 19.8107567
0.6730000 18.3491707
0.6740000 17.7018223
0.6750000 -49.7122078
0.6760000 -5.9590573
0.6770000 57.2300377
0.6780000 22.0435696
0.6790000 -12.1116228
0.6800000 -29.9172802
0.6810000 -33.2533073
0.6820000 -58.8345146
0.6830000 -4.9822059
0.6840000 5.1172662
0.6850000 28.1424503
0.6860000 20.6483212
0.6870000 -28.7231808
0.6880000 61.5543900
0.6890000 -12.4386749
0.6900000 13.5816765
0.6910000 47.7290115
0.6920000 66.9455032
0.6930000 5.1009965
0.6940000 -0.4784404
0.6950000 -15.8202753
0.6960000 56.3396187
0.6970000 -49.1193390
0.6980000 -1.2343111
0.6990000 -16.9153862
0.7000000 -53.2131081
0.7010000 11.5419998
0.7020000 -25.7932301
0.7030000 10.5508366
0.7040000 -28.9640026
0.7050000 11.9764166
0.7060000 -37.1806183
0.7070000 -78.6999588
0.7080000 29.3440380
0.7090000 -25.9257469
0.7100000 25.2650471
0.7110000 -4.4412289
0.7120000 -15.5799751
0.7130000 -22.5607643
0.7140000 -4.4131947
0.7150000 6.4908061
0.7160000 8.4248800
0.7170000 24.2424068
0.7180000 51.2440872
0.7190000 -31.1687603
0.7200000 21.5233669
0.7210000 56.2777176
0.7220000 -5.6713748
0.7230000 40.4449348
0.7240000 -47.2513084
0.7250000 -19.4793510
0.7260000 -12.5558338
0.7270000 4.7731214
0.7280000 28.2042885
0.7290000 4.1863127
0.7300000 0.0606417
0.7310000 -16.2147846
0.7320000 16.3671913
0.7330000 5.2715311
0.7340000 15.3708200
0.7350000 44.6076431
0.7360000 47.6327133
0.7370000 -25.7419033
0.7380000 54.2601204
0.7390000 -35.3427124
0.7400000 18.0611610
0.7410000 -31.2218781
0.7420000 38.2635117
0.7430000 13.9872255
0.7440000 -16.9342155
0.7450000 -1.5298046
0.7460000 -14.2903194
0.7470000 -3.8727751
0.7480000 -31.4032936
0.7490000 5.4236760
0.7500000 38.3395348
0.7510000 22.5043640
0.7520000 -47.8317413
0.7530000 12.3486719
0.7540000 6.3388681
0.7550000 22.6233635
0.7560000 6.6821842
0.7570000 -34.3709030
0.7580000 -11.5391102
0.7590000 -77.7621307
0.7600000 46.5256348
0.7610000 -4.4654121
0.7620000 45.4932213
0.7630000 -20.0602493
0.7640000 -14.7858944
0.7650000 21.2668247
0.7660000 7.4865847
0.7670000 -5.2209473
0.7680000 4.1824450
0.7690000 19.1212215
0.7700000 -48.4310570
0.7710000 -63.0340805
0.7720000 52.4538536
0.7730000 28.6379719
0.7740000 0.7038117
0.7750000 19.9568787
0.7760000 -4.9742150
0.7770000 16.8801918
0.7780000 27.1898479
0.7790000 45.3920898
0.7800000 -20.2860203
0.7810000 -20.0737305
0.7820000 10.6719522
0.7830000 16.5566101
0.7840000 21.8850613
0.7850000 3.7769971
0.7860000 -19.1518002
0.7870000 47.2949600
0.7880000 -29.9335823
0.7890000 -13.1018324
0.7900000 19.8993988
0.7910000 30.8812447
0.7920000 76.2788086
0.7930000 8.7529430
0.7940000 -46.0854225
0.7950000 57.9811096
0.7960000 -10.6784029
0.7970000 -30.5494728
0.7980000 -21.7936840
0.7990000 65.2316208
0.8000000 77.8780212
0.8010000 -5.3389611
0.8020000 30.3370609
0.8030000 14.9605446
0.8040000 55.4448433
0.8050000 9.7252817
0.8060000 29.7759132
0.8070000 -14.9237003
0.8080000 -56.3541946
0.8090000 -12.7325907
0.8100000 -44.6703224
0.8110000 73.8974686
0.8120000 38.3783531
0.8130000 53.0949821
0.8140000 -40.6116524
0.8150000 5.0329237
0.8160000 -4.0749364
0.8170000 5.2514129
0.8180000 8.0716219
0.8190000 -14.0051451
0.8200000 21.2127056
0.8210000 43.4551964
0.8220000 -22.6984234
0.8230000 -36.0413628
0.8240000 -6.9293528
0.8250000 30.5738449
0.8260000 -14.7640791
0.8270000 -14.3394451
0.8280000 -55.5994415
0.8290000 -41.7589645
0.8300000 -51.4904709
0.8310000 -11.4719143
0.8320000 -11.3888178
0.8330000 -25.7375660
0.8340000 -8.0256815
0.8350000 86.1312103
0.8360000 -16.7976112
0.8370000 -67.7827225
0.8380000 32.7505951
0.8390000 -9.7022533
0.8400000 -81.0562439
0.8410000 32.9659157
0.8420000 -91.4071045
0.8430000 -2.9770820
0.8440000 -15.9194279
0.8450000 57.9003258
0.8460000 0.7598569
0.8470000 10.7015648
0.8480000 65.8822708
0.8490000 -58.6870804
0.8500000 -27.3564281
0.8510000 20.6793003
0.8520000 -30.7440777
0.8530000 -7.8003068
0.8540000 -17.6425228
0.8550000 -18.7980576
0.8560000 44.4363556
0.8570000 82.7031097
0.8580000 -16.7463207
0.8590000 -43.8850212
0.8600000 19.0623913
0.8610000 -22.0674763
0.8620000 -23.5405388
0.8630000 38.9995155
0.8640000 -2.2388144
0.8650000 -44.4179344
0.8660000 21.7408733
0.8670000 3.8308783
0.8680000 -39.2257652
0.8690000 -5.8604059
0.8700000 32.6115417
0.8710000 41.8408813
0.8720000 -23.9707947
0.8730000 -9.7921906
0.8740000 -32.7626915
0.8750000 21.3885689
0.8760000 55.2660027
0.8770000 -15.7981644
0.8780000 -4.1180305
0.8790000 22.8909740
0.8800000 3.1535635
0.8810000 30.3682880
0.8820000 9.5115433
0.8830000 -2.5887783
0.8840000 -31.1116276
0.8850000 37.8338470
0.8860000 -1.7759484
0.8870000 -10.3522120
0.8880000 -7.6715164
0.8890000 10.9373875
0.8900000 19.5298729
0.8910000 -30.9068775
0.8920000 18.9772816
0.8930000 -80.6304016
0.8940000 102.9732285
0.8950000 -70.2621460
0.8960000 25.9066238
0.8970000 -12.9230413
0.8980000 -20.6382580
0.8990000 3.7729971
0.9000000 -3.2604818
0.9010000 8.6502819
0.9020000 7.0109782
0.9030000 13.8163557
0.9040000 -30.3684444
0.9050000 -10.8113947
0.9060000 15.9622793
0.9070000 -17.0905418
0.9080000 21.1618156
0.9090000 7.4362073
0.9100000 1.6081502
0.9110000 -6.4694514
0.9120000 -38.3732719
0.9130000 29.3344593
0.9140000 19.9469070
0.9150000 -51.1324539
0.9160000 -2.4506140
0.9170000 6.3876734
0.9180000 15.0189486
0.9190000 2.6454265
0.9200000 -24.2527466
0.9210000 7.2091346
0.9220000 58.1884460
0.9230000 -31.8977184
0.9240000 30.8294411
0.9250000 -41.7895546
0.9260000 -0.1390188
0.9270000 -47.6558762
0.9280000 9.4230223
0.9290000 19.9290981
0.9300000 21.7086086
0.9310000 -37.9721909
0.9320000 -18.0961742
0.9330000 -7.6684852
0.9340000 10.3040543
0.9350000 -46.3965492
0.9360000 -18.4535942
0.9370000 -39.3305321
0.9380000 16.1320477
0.9390000 32.7503357
0.9400000 26.4825077
0.9410000 46.0977173
0.9420000 -53.9627838
0.9430000 29.4567986
0.9440000 -12.5055904
0.9450000 5.8028793
0.9460000 4.4346628
0.9470000 -41.5314980
0.9480000 14.5600119
0.9490000 -18.0254269
0.9500000 61.4623413
0.9510000 17.3813400
0.9520000 18.3869648
0.9530000 43.4900589
0.9540000 32.3325806
0.9550000 -23.7204933
0.9560000 -20.8909607
0.9570000 11.1324549
0.9580000 -46.9884644
0.9590000 38.3573761
0.9600000 -13.3150959
0.9610000 -5.5527844
0.9620000 46.5759201
0.9630000 -59.6101608
0.9640000 33.8065834
0.9650000 15.1417990
0.9660000 82.2032471
0.9670000 59.4873924
0.9680000 18.2157459
0.9690000 -31.3529644
0.9700000 11.8551922
0.9710000 -30.8283043
0.9720000 1.9822961
0.9730000 -51.0554810
0.9740000 38.9747658
0.9750000 -88.5731430
0.9760000 -8.9736214
0.9770000 25.6136684
0.9780000 -37.6466751
0.9790000 37.3260078
0.9800000 -67.2365112
0.9810000 41.7012062
0.9820000 36.1911964
0.9830000 -76.5511093
0.9840000 1.4799418
0.9850000 -55.1897354
0.9860000 7.0590663
0.9870000 12.3628492
0.9880000 -48.9524498
0.9890000 2.5383551
0.9900000 -55.0192299
0.9910000 23.3439369
0.9920000 -28.5873299
0.9930000 -45.0368805
0.9940000 -38.2145119
0.9950000 3.8234904
0.9960000 22.3655415
0.9970000 -54.2003212
0.9980000 54.6710968
0.9990000 3.2462654
