0.0000000 41.1949768
0.0010000 -41.5609627
0.0020000 28.5320206
0.0030000 89.1288147
0.0040000 10.2844076
0.0050000 -68.3061295
0.0060000 16.6542034
0.0070000 41.7737885
0.0080000 -6.5549197
0.0090000 48.1565704
0.0100000 -26.7536163
0.0110000 37.2025833
0.0120000 -57.7976646
0.0130000 62.3506050
0.0140000 -11.0901165
0.0150000 38.5721703
0.0160000 -3.0443981
0.0170000 17.0244865
0.0180000 -0.9368581
0.0190000 -0.6038120
0.0200000 -6.3359613
0.0210000 -52.0261269
0.0220000 5.8645086
0.0230000 -24.0812492
0.0240000 -58.7462044
0.0250000 57.5430794
0.0260000 1.5581602
0.0270000 75.2480469
0.0280000 -28.6998463
0.0290000 52.0357552
0.0300000 -9.8292351
0.0310000 12.6479874
0.0320000 8.3869133
0.0330000 -22.5866470
0.0340000 -4.8699284
0.0350000 -18.4317818
0.0360000 -39.4409637
0.0370000 53.8995476
0.0380000 -25.0106583
0.0390000 -3.8823917
0.0400000 6.1423368
0.0410000 -13.6240616
0.0420000 29.8212223
0.0430000 -10.0605135
0.0440000 21.1200352
0.0450000 45.9946175
0.0460000 6.5531740
0.0470000 4.4335246
0.0480000 33.4546547
0.0490000 15.1417675
0.0500000 10.6290007
0.0510000 46.2576599
0.0520000 3.9091802
0.0530000 -101.7922516
0.0540000 -11.1628923
0.0550000 -42.7880211
0.0560000 -19.3635273
0.0570000 25.4699974
0.0580000 -71.5613022
0.0590000 -11.3835192
0.0600000 23.8421230
0.0610000 34.4844704
0.0620000 -50.9639244
0.0630000 -60.6862297
0.0640000 58.6848335
0.0650000 -26.4919033
0.0660000 29.3789139
0.0670000 -56.0177383
0.0680000 -18.9196320
0.0690000 -14.3139248
0.0700000 1.6478301
0.0710000 5.1432600
0.0720000 -29.2415257
0.0730000 -31.3105927
0.0740000 -2.0731940
0.0750000 -10.4993753
0.0760000 -61.5757942
0.0770000 4.5579462
0.0780000 -4.4723487
0.0790000 -40.2256546
0.0800000 5.6797571
0.0810000 -5.2556520
0.0820000 -30.5537453
0.0830000 46.0968208
0.0840000 5.7676249
0.0850000 24.1164722
0.0860000 -23.6099148
0.0870000 3.6302519
0.0880000 37.6774635
0.0890000 14.7023458
0.0900000 -45.5871887
0.0910000 -5.9605460
0.0920000 24.5633984
0.0930000 -24.0722408
0.0940000 -5.7984366
0.0950000 2.2407324
0.0960000 44.9722786
0.0970000 9.1000214
0.0980000 -23.1131096
0.0990000 -0.4862379
0.1000000 -7.6549487
0.1010000 21.8742599
0.1020000 34.0004616
0.1030000 26.6894760
0.1040000 -55.9441566
0.1050000 45.5266418
0.1060000 -32.6211548
0.1070000 15.3996534
0.1080000 28.8132744
0.1090000 12.6727648
0.1100000 38.5165329
0.1110000 73.4036789
0.1120000 -7.9244237
0.1130000 28.4870224
0.1140000 23.3279819
0.1150000 22.2098713
0.1160000 58.9751625
0.1170000 50.7556343
0.1180000 25.3851757
0.1190000 6.0734282
0.1200000 -52.6871376
0.1210000 -14.7563915
0.1220000 5.8212037
0.1230000 -15.2567101
0.1240000 -21.3057728
0.1250000 -52.1289749
0.1260000 1.5770483
0.1270000 -83.5606384
0.1280000 16.2194233
0.1290000 -9.0000648
0.1300000 5.2765779
0.1310000 0.6684430
0.1320000 56.8926773
0.1330000 83.9207535
0.1340000 81.2462463
0.1350000 45.2068405
0.1360000 48.2394714
0.1370000 -21.5247936
0.1380000 -31.7709694
0.1390000 17.4362545
0.1400000 -29.3534756
0.1410000 -73.7827606
0.1420000 -4.1770415
0.1430000 33.2313728
0.1440000 77.0782776
0.1450000 -11.5509300
0.1460000 -28.7008305
0.1470000 -10.4677086
0.1480000 27.0583076
0.1490000 -12.2974072
0.1500000 10.5332594
0.1510000 1.9251920
0.1520000 -34.4670105
0.1530000 7.7183852
0.1540000 -91.3835068
0.1550000 -3.5763941
0.1560000 -20.8470860
0.1570000 20.1882648
0.1580000 -20.4144650
0.1590000 39.9994850
0.1600000 49.1816330
0.1610000 31.1425896
0.1620000 -1.8973328
0.1630000 16.7362957
0.1640000 -9.0539398
0.1650000 35.6717072
0.1660000 -9.2514791
0.1670000 89.0301437
0.1680000 -25.0941792
0.1690000 -5.5149560
0.1700000 44.7707176
0.1710000 -35.3648109
0.1720000 -55.8881950
0.1730000 -21.2876415
0.1740000 -8.3430777
0.1750000 -4.4909987
0.1760000 -1.6791711
0.1770000 -15.6448374
0.1780000 -2.7799499
0.1790000 -50.1109924
0.1800000 -12.4517784
0.1810000 38.4416695
0.1820000 19.6561165
0.1830000 -25.1950760
0.1840000 10.6642570
0.1850000 -8.0186806
0.1860000 -34.6447029
0.1870000 -63.3651543
0.1880000 -29.5050774
0.1890000 1.3101134
0.1900000 -20.8434677
0.1910000 42.7880974
0.1920000 -57.2034454
0.1930000 30.6171513
0.1940000 -28.2084713
0.1950000 -9.5331135
0.1960000 7.8595452
0.1970000 4.4538889
0.1980000 60.0708389
0.1990000 47.9383621
0.2000000 -18.2175770
0.2010000 -48.6061516
0.2020000 -19.2719784
0.2030000 -66.1531754
0.2040000 -33.1059532
0.2050000 11.2963018
0.2060000 -67.7404709
0.2070000 -39.4599190
0.2080000 13.7644653
0.2090000 12.0586605
0.2100000 -39.9991035
0.2110000 25.6771832
0.2120000 -51.0403328
0.2130000 -55.0634499
0.2140000 3.6817131
0.2150000 -28.7961788
0.2160000 -0.6339153
0.2170000 11.0477552
0.2180000 54.3188820
0.2190000 -2.1079562
0.2200000 -41.7496986
0.2210000 5.6442351
0.2220000 4.6286111
0.2230000 -47.8035469
0.2240000 -2.6545806
0.2250000 30.1768875
0.2260000 -17.1378803
0.2270000 -11.8246698
0.2280000 45.2117348
0.2290000 20.4007282
0.2300000 14.8101511
0.2310000 -15.9586086
0.2320000 81.1755142
0.2330000 -48.3946419
0.2340000 -25.8829384
0.2350000 52.4871025
0.2360000 -4.6941547
0.2370000 -5.9470105
0.2380000 -55.3988037
0.2390000 9.7992449
0.2400000 -26.2355709
0.2410000 30.1318665
0.2420000 -35.7460251
0.2430000 -3.7054081
0.2440000 11.3143568
0.2450000 -2.3205819
0.2460000 -14.8013983
0.2470000 67.1831741
0.2480000 -2.4316735
0.2490000 16.2851181
0.2500000 27.8058033
0.2510000 14.9333906
0.2520000 -40.9107704
0.2530000 83.8084564
0.2540000 -27.0384426
0.2550000 25.9955196
0.2560000 16.9003239
0.2570000 -29.6445312
0.2580000 18.9462528
0.2590000 50.0096245
0.2600000 9.4060383
0.2610000 42.1641312
0.2620000 -7.3540902
0.2630000 13.9822350
0.2640000 51.0315781
0.2650000 -18.5361309
0.2660000 -13.8217049
0.2670000 25.5245152
0.2680000 -33.8515282
0.2690000 -2.5456648
0.2700000 -31.6306114
0.2710000 12.1385126
0.2720000 -5.6322508
0.2730000 8.0631008
0.2740000 -25.2593689
0.2750000 11.7283373
0.2760000 62.6772346
0.2770000 16.2895012
0.2780000 18.4498920
0.2790000 25.2869530
0.2800000 -14.5766697
0.2810000 0.2448645
0.2820000 62.2380066
0.2830000 11.9022331
0.2840000 15.8856974
0.2850000 -13.3994179
0.2860000 -49.5073547
0.2870000 54.5681915
0.2880000 3.0927539
0.2890000 -22.4836159
0.2900000 -15.6306772
0.2910000 -16.8918858
0.2920000 -47.9509315
0.2930000 -0.2195934
0.2940000 -33.1569824
0.2950000 -10.9901609
0.2960000 -27.9534016
0.2970000 40.4467278
0.2980000 -23.9455948
0.2990000 11.7616863
0.3000000 12.3642159
0.3010000 -4.8510060
0.3020000 -54.1366043
0.3030000 -7.8528824
0.3040000 53.6438370
0.3050000 -31.8416595
0.3060000 38.3755493
0.3070000 -4.7069912
0.3080000 -6.5296035
0.3090000 -6.4787164
0.3100000 40.8296547
0.3110000 40.1012497
0.3120000 20.7204475
0.3130000 -35.0507011
0.3140000 27.0115776
0.3150000 23.9623699
0.3160000 -43.5035477
0.3170000 -1.0800738
0.3180000 3.5378647
0.3190000 -40.8219109
0.3200000 -40.7876244
0.3210000 -53.3893394
0.3220000 30.5483208
0.3230000 -33.6166954
0.3240000 -21.2234173
0.3250000 16.4036007
0.3260000 -7.0602880
0.3270000 12.7313271
0.3280000 55.2232552
0.3290000 -67.4519348
0.3300000 43.8302269
0.3310000 -69.6761932
0.3320000 17.2797565
0.3330000 3.2867873
0.3340000 -49.4629478
0.3350000 1.4559987
0.3360000 15.7922344
0.3370000 -6.5459871
0.3380000 -25.1663342
0.3390000 23.5896149
0.3400000 67.0212936
0.3410000 9.6587067
0.3420000 61.7878036
0.3430000 30.6022129
0.3440000 -16.7486343
0.3450000 -55.8874702
0.3460000 57.2802887
0.3470000 -29.9922276
0.3480000 -20.4841099
0.3490000 32.3736191
0.3500000 2.7734091
0.3510000 -91.0401840
0.3520000 -44.4309692
0.3530000 -28.4761810
0.3540000 3.4843588
0.3550000 -36.6521950
0.3560000 -33.3766785
0.3570000 -12.3820467
0.3580000 -70.2528687
0.3590000 -20.6319695
0.3600000 1.9632548
0.3610000 49.4494781
0.3620000 58.6447258
0.3630000 26.1223469
0.3640000 -4.9560652
0.3650000 -39.9549065
0.3660000 -57.9781609
0.3670000 4.5396371
0.3680000 6.5319438
0.3690000 28.3152542
0.3700000 33.7873039
0.3710000 -38.4421768
0.3720000 55.3665390
0.3730000 1.2408181
0.3740000 9.6857128
0.3750000 2.0499823
0.3760000 6.6258850
0.3770000 14.3142862
0.3780000 -0.8229654
0.3790000 -21.6355743
0.3800000 7.9016380
0.3810000 -16.0474453
0.3820000 -60.7294579
0.3830000 9.3822765
0.3840000 12.0210238
0.3850000 8.4643421
0.3860000 76.9124451
0.3870000 22.4595623
0.3880000 18.1389942
0.3890000 50.1292458
0.3900000 -64.8728104
0.3910000 -53.4395103
0.3920000 -44.8805428
0.3930000 1.6390138
0.3940000 25.5371971
0.3950000 25.1843815
0.3960000 9.1278982
0.3970000 26.7535706
0.3980000 -13.1992607
0.3990000 39.6696701
0.4000000 -6.4458714
0.4010000 11.4619083
0.4020000 -38.6876640
0.4030000 4.7730184
0.4040000 -38.7552795
0.4050000 2.0601087
0.4060000 -9.6475096
0.4070000 32.5834198
0.4080000 31.3973083
0.4090000 -31.3654556
0.4100000 -1.6569165
0.4110000 -22.7927856
0.4120000 -11.7005291
0.4130000 -0.1061475
0.4140000 12.8314228
0.4150000 42.5005913
0.4160000 -16.6889992
0.4170000 -49.2555542
0.4180000 -20.5553131
0.4190000 9.1670122
0.4200000 10.7098932
0.4210000 21.1727200
0.4220000 -10.0966644
0.4230000 -22.7290516
0.4240000 40.1173248
0.4250000 -8.7766380
0.4260000 7.8146787
0.4270000 -18.0402451
0.4280000 -1.0386784
0.4290000 13.9062424
0.4300000 30.5059853
0.4310000 68.0064163
0.4320000 9.4263840
0.4330000 3.9302146
0.4340000 10.8437586
0.4350000 25.2586594
0.4360000 -103.9825287
0.4370000 -39.5547295
0.4380000 50.5564117
0.4390000 -44.2315750
0.4400000 -67.9275970
0.4410000 -18.4219646
0.4420000 -31.0479183
0.4430000 8.2398834
0.4440000 100.1032715
0.4450000 11.9909725
0.4460000 -19.2448215
0.4470000 17.6917210
0.4480000 -39.0922432
0.4490000 21.2347202
0.4500000 35.2432098
0.4510000 34.5045891
0.4520000 -21.0046005
0.4530000 27.8554726
0.4540000 -2.0909824
0.4550000 -46.1293983
0.4560000 -27.5053577
0.4570000 -25.0714798
0.4580000 40.3108826
0.4590000 66.3260803
0.4600000 53.0583153
0.4610000 51.8314705
0.4620000 -31.1027679
0.4630000 -30.4493675
0.4640000 -36.9220009
0.4650000 -20.5662155
0.4660000 -35.0486603
0.4670000 18.5874748
0.4680000 -20.2921658
0.4690000 37.3966064
0.4700000 -62.0266876
0.4710000 -10.6627274
0.4720000 23.3708649
0.4730000 3.9656208
0.4740000 19.5165615
0.4750000 -17.0356464
0.4760000 -21.3514938
0.4770000 40.1586685
0.4780000 4.3027844
0.4790000 -44.1981277
0.4800000 -5.0202074
0.4810000 -28.6350212
0.4820000 -11.8766518
0.4830000 -41.5420990
0.4840000 -7.8999343
0.4850000 24.3636951
0.4860000 -8.0919065
0.4870000 28.3746395
0.4880000 -39.3157082
0.4890000 11.1606054
0.4900000 -13.9154625
0.4910000 52.8137665
0.4920000 -8.4218826
0.4930000 30.2397156
0.4940000 23.4047050
0.4950000 -55.1003265
0.4960000 -65.5802765
0.4970000 13.2972679
0.4980000 -31.9703846
0.4990000 -23.9653702
0.5000000 18.6929798
0.5010000 -86.5794144
0.5020000 1.3953212
0.5030000 -41.0363655
0.5040000 42.7621994
0.5050000 0.3921854
0.5060000 18.9075603
0.5070000 30.0775776
0.5080000 2.8295486
0.5090000 4.6673231
0.5100000 -27.3207550
0.5110000 -14.0927992
0.5120000 40.0397835
0.5130000 -15.8890104
0.5140000 -2.9918487
0.5150000 -4.7196255
0.5160000 46.3507538
0.5170000 21.2300320
0.5180000 -51.8722458
0.5190000 45.9480133
0.5200000 9.1804132
0.5210000 24.1691532
0.5220000 28.5715637
0.5230000 35.2542458
0.5240000 14.5910196
0.5250000 -6.6871505
0.5260000 -4.9880652
0.5270000 23.7783451
0.5280000 -22.0839119
0.5290000 22.8766003
0.5300000 -39.9806519
0.5310000 -4.3642626
0.5320000 15.0946264
0.5330000 6.7930903
0.5340000 6.8995500
0.5350000 -28.8301315
0.5360000 -34.6357880
0.5370000 16.0776958
0.5380000 8.4444571
0.5390000 -18.5778694
0.5400000 20.7205524
0.5410000 52.4188538
0.5420000 49.5221901
0.5430000 81.2190857
0.5440000 6.0311046
0.5450000 20.1091576
0.5460000 20.7512550
0.5470000 26.6274834
0.5480000 32.7529106
0.5490000 26.4181442
0.5500000 1.8444046
0.5510000 -71.2750015
0.5520000 40.9046707
0.5530000 -22.6617985
0.5540000 -6.6340647
0.5550000 -14.2858915
0.5560000 22.7044983
0.5570000 15.3784513
0.5580000 -23.7213154
0.5590000 6.4514589
0.5600000 -39.1856041
0.5610000 -11.7293243
0.5620000 -6.0644674
0.5630000 -18.1493111
0.5640000 -26.6185093
0.5650000 -1.5024285
0.5660000 4.6047421
0.5670000 -37.9476280
0.5680000 -11.8235626
0.5690000 -26.3595848
0.5700000 -20.7707729
0.5710000 -15.1750135
0.5720000 -11.8866310
0.5730000 -8.0509729
0.5740000 -49.8232880
0.5750000 -0.6609477
0.5760000 -2.6762366
0.5770000 -15.1936941
0.5780000 41.1546783
0.5790000 -57.3632812
0.5800000 -31.5467186
0.5810000 28.2313480
0.5820000 3.3781166
0.5830000 -5.2133846
0.5840000 -34.5916252
0.5850000 16.2287617
0.5860000 6.6639752
0.5870000 26.1676388
0.5880000 15.9751377
0.5890000 35.7935410
0.5900000 34.1071854
0.5910000 0.4447131
0.5920000 -27.3057194
0.5930000 7.1013618
0.5940000 26.6257114
0.5950000 18.1217785
0.5960000 -60.3804970
0.5970000 14.9666195
0.5980000 -27.5448761
0.5990000 24.2669430
0.6000000 5.7381387
0.6010000 -31.8265972
0.6020000 -8.7643061
0.6030000 17.5401306
0.6040000 26.9996662
0.6050000 -19.5315361
0.6060000 -27.7941856
0.6070000 15.7368498
0.6080000 21.7917271
0.6090000 -15.8825788
0.6100000 49.1852303
0.6110000 10.6198215
0.6120000 -37.7574539
0.6130000 -25.9767838
0.6140000 -18.4196930
0.6150000 -79.0066605
0.6160000 -21.1631145
0.6170000 -5.8367047
0.6180000 43.7695007
0.6190000 -71.2356644
0.6200000 -5.2952013
0.6210000 78.8856812
0.6220000 -33.8665390
0.6230000 24.9736061
0.6240000 9.0362396
0.6250000 22.3044834
0.6260000 -41.3867950
0.6270000 30.2798462
0.6280000 30.1868401
0.6290000 -17.8947144
0.6300000 -72.9047470
0.6310000 37.8731613
0.6320000 -32.7973518
0.6330000 -16.7172146
0.6340000 14.9706173
0.6350000 -98.8808365
0.6360000 -44.6622276
0.6370000 47.6555786
0.6380000 -6.6143484
0.6390000 2.8315442
0.6400000 29.8557873
0.6410000 6.4859776
0.6420000 -34.4369698
0.6430000 47.2007027
0.6440000 33.3216515
0.6450000 -60.1844788
0.6460000 7.0428658
0.6470000 -26.2063828
0.6480000 27.6749401
0.6490000 -66.2837982
0.6500000 27.2381668
0.6510000 15.1198740
0.6520000 -40.8613510
0.6530000 11.8080692
0.6540000 14.2246094
0.6550000 -62.0345917
0.6560000 32.9586678
0.6570000 -38.1830139
0.6580000 -50.9063225
0.6590000 -5.4671645
0.6600000 35.8074074
0.6610000 4.0878911
0.6620000 -5.9866967
0.6630000 4.6210828
0.6640000 -24.1291504
0.6650000 0.2728458
0.6660000 2.0149603
0.6670000 -20.9303055
0.6680000 16.9013577
0.6690000 -43.6346436
0.6700000 55.8724823
0.6710000 0.1173318
0.6720000 26.5215206
0.6730000 6.0812206
0.6740000 57.4431953
0.6750000 -31.7987633
0.6760000 -2.4379785
0.6770000 65.4824829
0.6780000 25.9264374
0.6790000 -24.0171394
0.6800000 -43.6169739
0.6810000 -15.6135216
0.6820000 -1.0718316
0.6830000 -59.0221710
0.6840000 -5.5866003
0.6850000 -63.6167755
0.6860000 27.7362328
0.6870000 -47.1007347
0.6880000 -17.2737656
0.6890000 3.1729138
0.6900000 -11.9484034
0.6910000 48.1032257
0.6920000 66.6074677
0.6930000 -51.4029427
0.6940000 6.1301446
0.6950000 26.1135044
0.6960000 44.4420776
0.6970000 29.5165138
0.6980000 59.8698387
0.6990000 14.1534405
0.7000000 -29.6975269
0.7010000 81.4110718
0.7020000 48.4159203
0.7030000 1.1052554
0.7040000 -19.3595257
0.7050000 -12.2451897
0.7060000 -26.6264668
0.7070000 -44.6629791
0.7080000 -40.0694427
0.7090000 18.3162441
0.7100000 2.3373682
0.7110000 -40.1833878
0.7120000 -4.2249775
0.7130000 -44.9478912
0.7140000 -69.6428299
0.7150000 2.9364803
0.7160000 -19.7268295
0.7170000 42.9246635
0.7180000 -27.4489155
0.7190000 37.1371536
0.7200000 -65.4943161
0.7210000 -28.5485477
0.7220000 59.9076271
0.7230000 -5.0438485
0.7240000 19.3372135
0.7250000 3.8525712
0.7260000 6.0996504
0.7270000 49.7208366
0.7280000 15.9290915
0.7290000 -4.6860352
0.7300000 32.5344429
0.7310000 -10.2823763
0.7320000 19.4024162
0.7330000 -5.6966453
0.7340000 64.9456711
0.7350000 -22.4831238
0.7360000 20.9978542
0.7370000 8.1168690
0.7380000 8.9992046
0.7390000 25.4654503
0.7400000 -75.5639267
0.7410000 -57.9454384
0.7420000 6.3769660
0.7430000 -17.4654408
0.7440000 26.5775280
0.7450000 59.8861694
0.7460000 47.7280884
0.7470000 -28.2150536
0.7480000 -11.6120424
0.7490000 18.7294197
0.7500000 -33.4198837
0.7510000 -38.5592575
0.7520000 -51.7655678
0.7530000 -89.9674301
0.7540000 54.3774338
0.7550000 80.3586960
0.7560000 12.0157557
0.7570000 23.9232731
0.7580000 8.1580238
0.7590000 -38.9554367
0.7600000 0.4271406
0.7610000 -17.7097721
0.7620000 30.4464264
0.7630000 -4.9309835
0.7640000 -20.7289600
0.7650000 -16.2609921
0.7660000 41.5700417
0.7670000 -17.4861431
0.7680000 -0.5319374
0.7690000 -62.0467873
0.7700000 -1.6280816
0.7710000 5.3444443
0.7720000 12.9545383
0.7730000 9.5305824
0.7740000 -43.4339104
0.7750000 7.9510503
0.7760000 58.1912155
0.7770000 -10.1104298
0.7780000 -20.5195084
0.7790000 12.0542250
0.7800000 20.5558243
0.7810000 -68.1298370
0.7820000 10.2197514
0.7830000 23.9732018
0.7840000 -14.2392550
0.7850000 -34.8633575
0.7860000 -14.3380365
0.7870000 -52.2464180
0.7880000 74.4553070
0.7890000 -0.1970271
0.7900000 -21.4663181
0.7910000 -29.8016052
0.7920000 -1.3183320
0.7930000 -39.3998909
0.7940000 7.6604953
0.7950000 28.5324783
0.7960000 -10.0253239
0.7970000 11.9348450
0.7980000 5.7207708
0.7990000 -44.8977737
0.8000000 10.4581366
0.8010000 -50.9517403
0.8020000 44.0454292
0.8030000 -23.8680344
0.8040000 -18.1948986
0.8050000 16.2728767
0.8060000 14.4981470
0.8070000 -54.5815544
0.8080000 -89.6620255
0.8090000 1.7257192
0.8100000 -43.8893318
0.8110000 53.4011421
0.8120000 39.3161087
0.8130000 6.6808901
0.8140000 -13.3777809
0.8150000 2.9995139
0.8160000 57.6795540
0.8170000 -20.2103634
0.8180000 -5.1796994
0.8190000 19.7297707
0.8200000 47.1653671
0.8210000 -2.6745381
0.8220000 -15.6401281
0.8230000 30.1326752
0.8240000 -18.8194790
0.8250000 -85.8860550
0.8260000 3.1539922
0.8270000 39.0323524
0.8280000 -18.6862335
0.8290000 7.7334647
0.8300000 -31.0087070
0.8310000 38.1921577
0.8320000 18.8487015
0.8330000 -26.1685696
0.8340000 -11.1969442
0.8350000 -47.6358261
0.8360000 40.7816124
0.8370000 -4.7514639
0.8380000 -70.0442047
0.8390000 -54.5320282
0.8400000 69.8528061
0.8410000 8.4332237
0.8420000 -7.8511634
0.8430000 -5.2765737
0.8440000 51.3592415
0.8450000 -46.5812798
0.8460000 -65.8986511
0.8470000 43.4445267
0.8480000 28.9336815
0.8490000 22.9313202
0.8500000 -14.3313780
0.8510000 -44.5191917
0.8520000 -5.9332156
0.8530000 7.7322750
0.8540000 -10.4680328
0.8550000 11.2947912
0.8560000 79.5007019
0.8570000 -7.3069201
0.8580000 -2.1935689
0.8590000 -10.9010658
0.8600000 3.9898603
0.8610000 -12.1297293
0.8620000 61.5162086
0.8630000 -35.8797264
0.8640000 -17.7791691
0.8650000 18.5581532
0.8660000 -0.8366523
0.8670000 66.3421478
0.8680000 -10.8929939
0.8690000 7.7823677
0.8700000 3.8557649
0.8710000 28.3029499
0.8720000 -35.3205299
0.8730000 30.9623260
0.8740000 22.4299088
0.8750000 -6.9397793
0.8760000 13.6473818
0.8770000 2.3502135
0.8780000 12.3649969
0.8790000 -0.4572265
0.8800000 51.5096245
0.8810000 -43.7579269
0.8820000 -48.3518677
0.8830000 24.8938675
0.8840000 -26.4438152
0.8850000 -58.1645737
0.8860000 23.5370197
0.8870000 5.2085619
0.8880000 -30.5109425
0.8890000 4.2138371
0.8900000 -34.9156380
0.8910000 -34.7808075
0.8920000 -33.2218628
0.8930000 -0.2308674
0.8940000 -27.5801048
0.8950000 -47.6800880
0.8960000 -12.3009577
0.8970000 81.4414825
0.8980000 26.5884171
0.8990000 -24.2354527
0.9000000 53.0561180
0.9010000 51.8301697
0.9020000 39.1240997
0.9030000 33.3129692
0.9040000 -68.9205246
0.9050000 -20.5311661
0.9060000 -25.0502510
0.9070000 15.5644674
0.9080000 -5.1039262
0.9090000 31.6777973
0.9100000 22.0396671
0.9110000 26.9443550
0.9120000 -12.9631262
0.9130000 77.2334824
0.9140000 2.3618834
0.9150000 0.0504185
0.9160000 56.4768562
0.9170000 7.1823931
0.9180000 26.5638218
0.9190000 -30.9123173
0.9200000 -43.3217010
0.9210000 11.1530733
0.9220000 -44.0625801
0.9230000 35.1283607
0.9240000 19.3972321
0.9250000 40.8230705
0.9260000 46.9161224
0.9270000 70.9537354
0.9280000 0.0181480
0.9290000 1.9384166
0.9300000 9.6378326
0.9310000 23.8887138
0.9320000 -44.6176987
0.9330000 -16.2381191
0.9340000 21.0867062
0.9350000 -23.5292053
0.9360000 -38.1709557
0.9370000 16.1034088
0.9380000 14.6583405
0.9390000 18.6843624
0.9400000 13.6289978
0.9410000 43.7568207
0.9420000 12.0629778
0.9430000 -15.5886822
0.9440000 23.2665176
0.9450000 17.8813972
0.9460000 0.3300708
0.9470000 -58.1647758
0.9480000 22.9003716
0.9490000 -1.8749233
0.9500000 -16.2503777
0.9510000 8.9799442
0.9520000 44.4106941
0.9530000 -27.3204994
0.9540000 34.6080551
0.9550000 8.2832909
0.9560000 38.8620186
0.9570000 -18.0846157
0.9580000 -3.0039177
0.9590000 22.8702278
0.9600000 -20.0424843
0.9610000 40.0622978
0.9620000 -14.3135710
0.9630000 -19.5571041
0.9640000 11.1334639
0.9650000 41.2703896
0.9660000 -45.8466187
0.9670000 -5.2019348
0.9680000 -6.9868231
0.9690000 50.5932617
0.9700000 38.1731453
0.9710000 12.0364857
0.9720000 -32.6276970
0.9730000 -36.3265495
0.9740000 -77.6085663
0.9750000 -80.5276566
0.9760000 14.1292505
0.9770000 -9.4181566
0.9780000 3.3830528
0.9790000 7.5721326
0.9800000 59.5090942
0.9810000 -5.9818721
0.9820000 30.9003773
0.9830000 -30.7718811
0.9840000 -17.8240223
0.9850000 54.8547783
0.9860000 0.3976110
0.9870000 -10.1613865
0.9880000 50.9217262
0.9890000 11.4980631
0.9900000 19.3231392
0.9910000 -36.2132187
0.9920000 -19.0090542
0.9930000 10.6491003
0.9940000 -63.8275681
0.9950000 -18.1521664
0.9960000 -12.9729319
0.9970000 55.9246902
0.9980000 -36.4024887
0.9990000 -0.3330644
