0.0000000 -57.9459686
0.0010000 28.0312729
0.0020000 -1.1973990
0.0030000 -2.0314982
0.0040000 -56.1997795
0.0050000 75.9433365
0.0060000 75.2845230
0.0070000 12.9392958
0.0080000 47.1071472
0.0090000 31.0348988
0.0100000 -39.0467911
0.0110000 -5.3302660
0.0120000 4.9463038
0.0130000 -54.3012543
0.0140000 -5.3494520
0.0150000 10.7122946
0.0160000 -69.6204071
0.0170000 -1.3413585
0.0180000 29.0624084
0.0190000 -61.4311523
0.0200000 2.9950192
0.0210000 26.3233261
0.0220000 24.8482056
0.0230000 41.7106323
0.0240000 29.3387794
0.0250000 -3.8383975
0.0260000 -34.3941612
0.0270000 47.7106018
0.0280000 -0.0221438
0.0290000 -9.2104931
0.0300000 27.5873528
0.0310000 70.1545410
0.0320000 -8.6238356
0.0330000 -38.0872040
0.0340000 -13.9891148
0.0350000 0.2540634
0.0360000 42.8132668
0.0370000 1.6116587
0.0380000 4.9068813
0.0390000 -34.6474533
0.0400000 -73.4973221
0.0410000 40.0772095
0.0420000 15.5993710
0.0430000 61.0161018
0.0440000 -17.8689308
0.0450000 33.7652206
0.0460000 -20.1749477
0.0470000 20.2850838
0.0480000 72.8002014
0.0490000 8.2946997
0.0500000 4.9767895
0.0510000 -1.2780535
0.0520000 -38.4095497
0.0530000 46.5212059
0.0540000 -7.4871778
0.0550000 26.7371521
0.0560000 30.4696026
0.0570000 18.6747875
0.0580000 -27.5273438
0.0590000 -42.7186050
0.0600000 -30.9359550
0.0610000 14.8748865
0.0620000 -27.2755413
0.0630000 -0.2972770
0.0640000 22.3630123
0.0650000 -56.2888832
0.0660000 -41.1213799
0.0670000 29.6889725
0.0680000 -14.1296301
0.0690000 36.4974327
0.0700000 -45.0204506
0.0710000 57.5067787
0.0720000 1.8118767
0.0730000 -5.4097581
0.0740000 -35.8464775
0.0750000 -13.9336786
0.0760000 -24.9678993
0.0770000 19.0136929
0.0780000 30.4405937
0.0790000 27.0098495
0.0800000 36.2937698
0.0810000 45.0499573
0.0820000 -13.9467831
0.0830000 64.3760223
0.0840000 -36.7935371
0.0850000 36.0535049
0.0860000 -11.0392075
0.0870000 -62.9115181
0.0880000 -75.0786057
0.0890000 -12.4519806
0.0900000 18.3556747
0.0910000 34.6645126
0.0920000 2.1283638
0.0930000 -52.7567635
0.0940000 -33.7898140
0.0950000 9.3713245
0.0960000 2.0857053
0.0970000 -64.6787262
0.0980000 -48.4908638
0.0990000 -70.1451340
0.1000000 -21.3946991
0.1010000 -35.7224541
0.1020000 -47.3861732
0.1030000 -32.4413719
0.1040000 6.8055820
0.1050000 47.3133011
0.1060000 -10.8993292
0.1070000 -4.1646938
0.1080000 -94.8737640
0.1090000 25.4951992
0.1100000 13.0806484
0.1110000 48.1407967
0.1120000 -74.4028778
0.1130000 9.7747259
0.1140000 3.7474587
0.1150000 -4.3900733
0.1160000 13.0603237
0.1170000 6.4779592
0.1180000 2.0163136
0.1190000 20.4689293
0.1200000 -17.3485584
0.1210000 36.8788719
0.1220000 -31.1965332
0.1230000 47.0827103
0.1240000 52.3173599
0.1250000 -7.7272725
0.1260000 -19.4613438
0.1270000 -40.8799400
0.1280000 -63.2534256
0.1290000 -33.8572273
0.1300000 30.0110340
0.1310000 -9.5435286
0.1320000 28.3995037
0.1330000 -50.5948715
0.1340000 -3.1412711
0.1350000 56.8319397
0.1360000 -6.5596242
0.1370000 5.4634795
0.1380000 -87.1297836
0.1390000 34.3936653
0.1400000 18.2230282
0.1410000 -35.3934593
0.1420000 -20.3036194
0.1430000 -38.6888237
0.1440000 2.8349869
0.1450000 50.7828674
0.1460000 -22.8023605
0.1470000 -79.8565521
0.1480000 31.2583027
0.1490000 -1.2795569
0.1500000 32.9064789
0.1510000 -0.2728210
0.1520000 40.3589325
0.1530000 22.5867958
0.1540000 -12.4992075
0.1550000 -3.4146686
0.1560000 -10.4065065
0.1570000 -43.3058205
0.1580000 -8.9992695
0.1590000 -57.3786583
0.1600000 -16.5415974
0.1610000 -30.4322929
0.1620000 -16.8895798
0.1630000 -16.1584072
0.1640000 68.3131943
0.1650000 14.1385269
0.1660000 -5.5592790
0.1670000 92.7687378
0.1680000 -66.7563477
0.1690000 -35.3073578
0.1700000 24.7721405
0.1710000 -76.8160172
0.1720000 16.7885208
0.1730000 3.8283017
0.1740000 53.7948456
0.1750000 35.3646545
0.1760000 23.5277557
0.1770000 -26.2557030
0.1780000 -52.2851639
0.1790000 38.9870567
0.1800000 37.5039101
0.1810000 -45.4226875
0.1820000 -46.3005867
0.1830000 32.9674873
0.1840000 -12.4928684
0.1850000 42.7447777
0.1860000 -13.9421940
0.1870000 -51.1707115
0.1880000 -20.0248604
0.1890000 -54.8529358
0.1900000 37.5268059
0.1910000 -51.2856865
0.1920000 -60.3164291
0.1930000 63.2507095
0.1940000 -70.7967453
0.1950000 -2.9312801
0.1960000 52.0568657
0.1970000 42.8343430
0.1980000 39.7858772
0.1990000 -53.6593819
0.2000000 -5.7793837
0.2010000 -11.5660543
0.2020000 -20.8956814
0.2030000 -39.3739014
0.2040000 94.5871811
0.2050000 -19.7477036
0.2060000 -21.9838181
0.2070000 22.3845654
0.2080000 40.3300858
0.2090000 -5.2875276
0.2100000 63.4382057
0.2110000 63.7446022
0.2120000 37.1489220
0.2130000 -31.0094433
0.2140000 38.7170792
0.2150000 19.2771778
0.2160000 2.7687569
0.2170000 50.3825607
0.2180000 18.2229671
0.2190000 -19.5653858
0.2200000 34.1584015
0.2210000 19.3955345
0.2220000 2.0188000
0.2230000 61.1077957
0.2240000 -52.3808250
0.2250000 73.4411011
0.2260000 17.3779049
0.2270000 2.1926668
0.2280000 -16.8517227
0.2290000 44.0687332
0.2300000 -12.6690760
0.2310000 -1.1486499
0.2320000 -11.9300957
0.2330000 21.9837456
0.2340000 14.4941702
0.2350000 -61.8768921
0.2360000 -9.4803152
0.2370000 32.5625877
0.2380000 -106.1386490
0.2390000 -22.9574146
0.2400000 -11.8071442
0.2410000 3.2381542
0.2420000 26.8819141
0.2430000 -63.2415466
0.2440000 -33.6812973
0.2450000 22.3295479
0.2460000 -40.2971802
0.2470000 -4.7738628
0.2480000 3.0977874
0.2490000 -31.4299107
0.2500000 28.3580437
0.2510000 -3.2413054
0.2520000 14.2811680
0.2530000 7.0847654
0.2540000 79.1907730
0.2550000 2.7226720
0.2560000 -24.5807972
0.2570000 62.5496826
0.2580000 42.4426308
0.2590000 28.3132000
0.2600000 -0.7182686
0.2610000 -21.5615978
0.2620000 -12.3785610
0.2630000 10.4474640
0.2640000 0.0740660
0.2650000 41.2355728
0.2660000 8.6347961
0.2670000 -1.7021066
0.2680000 -36.9731293
0.2690000 -57.4697647
0.2700000 -54.2298660
0.2710000 18.3835106
0.2720000 24.0705662
0.2730000 24.1125984
0.2740000 11.0484104
0.2750000 -37.8599434
0.2760000 53.8298874
0.2770000 34.1471252
0.2780000 -7.0960317
0.2790000 57.8333778
0.2800000 -4.0367212
0.2810000 -25.3003922
0.2820000 -36.1256218
0.2830000 -19.3159637
0.2840000 4.7268467
0.2850000 4.2406192
0.2860000 -26.0310135
0.2870000 22.8203640
0.2880000 -30.6947193
0.2890000 22.4726238
0.2900000 -2.2501662
0.2910000 -7.3325377
0.2920000 25.7294235
0.2930000 -19.3581276
0.2940000 3.7774384
0.2950000 16.3884773
0.2960000 -2.4368091
0.2970000 -41.6031837
0.2980000 -8.2532682
0.2990000 43.0281563
0.3000000 -46.3165474
0.3010000 -8.5076380
0.3020000 -20.2286758
0.3030000 -1.7325835
0.3040000 -3.5452299
0.3050000 -71.7465286
0.3060000 -47.8166656
0.3070000 7.4288044
0.3080000 20.4954891
0.3090000 -56.1319847
0.3100000 -14.7365036
0.3110000 3.9878967
0.3120000 13.8250399
0.3130000 -1.9025820
0.3140000 19.6730766
0.3150000 42.6426125
0.3160000 30.5759735
0.3170000 -18.6763363
0.3180000 40.7643814
0.3190000 21.4556599
0.3200000 -11.2862434
0.3210000 38.2220497
0.3220000 14.0167542
0.3230000 30.7942963
0.3240000 43.9716949
0.3250000 0.9128266
0.3260000 -12.6053066
0.3270000 -49.3391914
0.3280000 -14.3940601
0.3290000 27.6159935
0.3300000 -59.2968140
0.3310000 -13.0690460
0.3320000 -51.0728912
0.3330000 30.8455887
0.3340000 26.8176823
0.3350000 -27.7021675
0.3360000 -26.7214718
0.3370000 7.2514186
0.3380000 -9.4963036
0.3390000 55.3494949
0.3400000 35.3836784
0.3410000 20.8299160
0.3420000 -1.4507018
0.3430000 6.5137630
0.3440000 -13.6311798
0.3450000 21.3555031
0.3460000 67.4939880
0.3470000 -0.6609297
0.3480000 -69.5189743
0.3490000 -18.1322155
0.3500000 56.6136475
0.3510000 24.0770569
0.3520000 -30.5444260
0.3530000 2.8123734
0.3540000 -15.9477654
0.3550000 109.8798828
0.3560000 -52.5927277
0.3570000 3.2269769
0.3580000 -19.0314121
0.3590000 -18.4676876
0.3600000 18.5048847
0.3610000 16.7010193
0.3620000 22.0397129
0.3630000 29.5015049
0.3640000 21.6283989
0.3650000 -28.4631824
0.3660000 -2.3392005
0.3670000 17.6669750
0.3680000 -35.7328491
0.3690000 3.8953273
0.3700000 36.7456245
0.3710000 22.3688831
0.3720000 60.6988373
0.3730000 3.7149668
0.3740000 11.2908039
0.3750000 -17.4407539
0.3760000 7.3338370
0.3770000 82.0141068
0.3780000 -35.9651413
0.3790000 -31.0190773
0.3800000 -26.3893394
0.3810000 -32.0556450
0.3820000 -8.6932344
0.3830000 -25.5869827
0.3840000 31.8738079
0.3850000 28.8270817
0.3860000 -36.6799431
0.3870000 1.3320382
0.3880000 -14.1949215
0.3890000 -63.6519737
0.3900000 -22.0023727
0.3910000 -23.4163380
0.3920000 1.8537725
0.3930000 -11.8095398
0.3940000 -19.0859852
0.3950000 22.7367306
0.3960000 30.2818985
0.3970000 -23.6306629
0.3980000 -30.5812130
0.3990000 26.0479717
0.4000000 -38.5503044
0.4010000 -15.8230181
0.4020000 -43.9068336
0.4030000 -56.6605034
0.4040000 16.2071304
0.4050000 22.5321331
0.4060000 -33.7592773
0.4070000 -47.2309456
0.4080000 33.7865143
0.4090000 1.4242865
0.4100000 -20.0364971
0.4110000 -16.5345268
0.4120000 51.7376556
0.4130000 24.5834980
0.4140000 -47.4580383
0.4150000 -49.1083260
0.4160000 -0.7717170
0.4170000 -0.2591466
0.4180000 40.6299973
0.4190000 21.2888012
0.4200000 5.3489552
0.4210000 -25.7080460
0.4220000 -51.7681732
0.4230000 42.5654755
0.4240000 -28.2157917
0.4250000 23.1078110
0.4260000 -51.0925140
0.4270000 -50.0719490
0.4280000 56.3452377
0.4290000 -4.1797953
0.4300000 2.6043873
0.4310000 -19.4334049
0.4320000 -0.1532111
0.4330000 -2.2807918
0.4340000 20.4461994
0.4350000 67.0357056
0.4360000 60.7716141
0.4370000 -31.8003178
0.4380000 -10.7717648
0.4390000 33.3868484
0.4400000 23.5732803
0.4410000 -24.6197357
0.4420000 -61.0657196
0.4430000 -11.9510784
0.4440000 -14.6336632
0.4450000 4.3838086
0.4460000 17.4762745
0.4470000 74.6031952
0.4480000 15.7807589
0.4490000 46.8882713
0.4500000 3.2895825
0.4510000 -20.8063622
0.4520000 39.6843109
0.4530000 -7.2914338
0.4540000 16.0454826
0.4550000 35.7906036
0.4560000 -9.3022442
0.4570000 -41.1139832
0.4580000 -6.0072422
0.4590000 18.8750401
0.4600000 -7.3475370
0.4610000 -4.6507201
0.4620000 33.2412643
0.4630000 -4.1662345
0.4640000 -1.8748293
0.4650000 4.5668249
0.4660000 3.9518008
0.4670000 15.6151524
0.4680000 -17.6952591
0.4690000 -3.9092634
0.4700000 -30.9374275
0.4710000 -6.7218571
0.4720000 19.6773357
0.4730000 10.9290590
0.4740000 -6.0815096
0.4750000 -41.0529289
0.4760000 -3.6206872
0.4770000 -22.5311928
0.4780000 50.8349075
0.4790000 -12.3304796
0.4800000 10.1674271
0.4810000 13.8021936
0.4820000 23.8830261
0.4830000 16.2899551
0.4840000 -15.1204414
0.4850000 26.5298977
0.4860000 -8.9733458
0.4870000 19.0571499
0.4880000 -1.5671252
0.4890000 -33.5990448
0.4900000 28.2511635
0.4910000 -22.3285084
0.4920000 65.8409958
0.4930000 -42.4077110
0.4940000 27.0082455
0.4950000 37.0174217
0.4960000 11.6995640
0.4970000 -28.9408360
0.4980000 -6.4550748
0.4990000 34.9723549
0.5000000 52.3253059
0.5010000 -47.4624100
0.5020000 1.4852161
0.5030000 33.8682442
0.5040000 16.8265915
0.5050000 -8.7758627
0.5060000 13.8314743
0.5070000 34.2834969
0.5080000 3.6466610
0.5090000 19.3581791
0.5100000 -11.1994276
0.5110000 -42.2009964
0.5120000 -1.6373537
0.5130000 16.0748844
0.5140000 -17.7758045
0.5150000 -19.5257740
0.5160000 -40.7190323
0.5170000 -16.1325970
0.5180000 26.3496971
0.5190000 41.3098564
0.5200000 46.2732697
0.5210000 -8.5530853
0.5220000 -31.8346901
0.5230000 -18.9870319
0.5240000 102.8010635
0.5250000 -1.6287738
0.5260000 -57.2251434
0.5270000 -19.3982811
0.5280000 62.8845253
0.5290000 20.7433681
0.5300000 -19.8139324
0.5310000 -36.5320511
0.5320000 37.4613304
0.5330000 38.1317444
0.5340000 58.1403542
0.5350000 12.0685616
0.5360000 -28.2811852
0.5370000 22.8794765
0.5380000 77.1675797
0.5390000 49.3930244
0.5400000 0.8443140
0.5410000 8.4198513
0.5420000 -37.5325394
0.5430000 17.1988983
0.5440000 47.4052544
0.5450000 3.9412529
0.5460000 -27.7957382
0.5470000 -15.6289940
0.5480000 14.1549444
0.5490000 31.6153336
0.5500000 -61.7786560
0.5510000 -32.7616539
0.5520000 27.8845215
0.5530000 -2.3732033
0.5540000 -27.9233685
0.5550000 17.9171066
0.5560000 -3.5225501
0.5570000 84.7136383
0.5580000 28.1831875
0.5590000 64.9731369
0.5600000 17.2732296
0.5610000 -23.0648956
0.5620000 -48.9473534
0.5630000 13.7297459
0.5640000 -10.2918882
0.5650000 51.8423576
0.5660000 -54.9069824
0.5670000 31.3692532
0.5680000 2.3297353
0.5690000 -38.3110046
0.5700000 -52.6854935
0.5710000 13.8565159
0.5720000 15.1014967
0.5730000 -56.8112640
0.5740000 21.1257362
0.5750000 -51.4352188
0.5760000 -27.7359791
0.5770000 28.0235157
0.5780000 51.9692459
0.5790000 8.9718437
0.5800000 61.2114944
0.5810000 50.9809914
0.5820000 7.3840051
0.5830000 -24.8331490
0.5840000 -49.6122055
0.5850000 74.6163483
0.5860000 -0.5515175
0.5870000 -64.5986252
0.5880000 -39.8716965
0.5890000 -53.7793655
0.5900000 -57.0069618
0.5910000 -25.6784210
0.5920000 -15.4669323
0.5930000 9.5613518
0.5940000 -7.3261700
0.5950000 -33.0720100
0.5960000 13.4971237
0.5970000 33.8129196
0.5980000 43.2037354
0.5990000 29.6505680
0.6000000 6.3985229
0.6010000 -91.5467377
0.6020000 -26.0344086
0.6030000 43.6000557
0.6040000 41.2077255
0.6050000 -16.1592445
0.6060000 -3.2227356
0.6070000 56.2477760
0.6080000 1.0488360
0.6090000 31.1938343
0.6100000 -0.6037117
0.6110000 26.9152107
0.6120000 9.0522232
0.6130000 -7.9907160
0.6140000 8.0727577
0.6150000 13.1200733
0.6160000 6.1143556
0.6170000 38.6473503
0.6180000 -4.4205337
0.6190000 13.3687983
0.6200000 -26.8951759
0.6210000 -27.6911221
0.6220000 8.7332191
0.6230000 -21.5193672
0.6240000 -29.8899250
0.6250000 -4.4981470
0.6260000 26.1334686
0.6270000 41.8877487
0.6280000 -7.0581069
0.6290000 50.2481842
0.6300000 -95.8307190
0.6310000 50.1921959
0.6320000 23.3886776
0.6330000 -57.6230545
0.6340000 -29.2390785
0.6350000 19.2151585
0.6360000 13.5341396
0.6370000 74.6531219
0.6380000 -21.1159477
0.6390000 27.8324146
0.6400000 21.4711304
0.6410000 -18.4275398
0.6420000 -6.5985408
0.6430000 -15.5577250
0.6440000 10.4637012
0.6450000 -29.4920025
0.6460000 66.7154465
0.6470000 0.4034892
0.6480000 -40.7405396
0.6490000 3.4264693
0.6500000 -48.6641235
0.6510000 -27.5614281
0.6520000 -14.2505665
0.6530000 -46.3556213
0.6540000 3.6956451
0.6550000 -3.3907597
0.6560000 19.6395016
0.6570000 6.3149233
0.6580000 94.4137115
0.6590000 9.8196754
0.6600000 8.6514997
0.6610000 23.7628651
0.6620000 41.2476349
0.6630000 26.3102608
0.6640000 7.1171618
0.6650000 28.2142773
0.6660000 -17.7558289
0.6670000 17.2750587
0.6680000 -41.4007530
0.6690000 36.5587425
0.6700000 -65.5982285
0.6710000 -62.3082695
0.6720000 -8.5914412
0.6730000 -0.3189836
0.6740000 -7.4311438
0.6750000 39.7263756
0.6760000 -59.2492294
0.6770000 -8.9418468
0.6780000 54.9613304
0.6790000 50.1854553
0.6800000 -11.4390841
0.6810000 -57.8598328
0.6820000 42.7261276
0.6830000 8.6910610
0.6840000 58.0908813
0.6850000 -89.6830902
0.6860000 53.7112770
0.6870000 43.6139526
0.6880000 2.6549895
0.6890000 98.0293121
0.6900000 67.2056503
0.6910000 26.1846485
0.6920000 0.5609524
0.6930000 81.5372543
0.6940000 -17.6247902
0.6950000 30.1054897
0.6960000 9.3849411
0.6970000 11.9026480
0.6980000 -20.2187481
0.6990000 -13.8217726
0.7000000 69.5352707
0.7010000 48.4879684
0.7020000 -23.3636761
0.7030000 64.5719681
0.7040000 34.4129906
0.7050000 3.1156754
0.7060000 10.2389746
0.7070000 -53.7960358
0.7080000 49.6758919
0.7090000 51.4509010
0.7100000 50.1966133
0.7110000 -29.3599949
0.7120000 23.9387112
0.7130000 -44.6711349
0.7140000 11.0896578
0.7150000 5.2688842
0.7160000 18.5808792
0.7170000 -18.3610611
0.7180000 -0.9530567
0.7190000 -82.1392670
0.7200000 -21.6407795
0.7210000 7.7331181
0.7220000 15.2784586
0.7230000 -3.0524752
0.7240000 32.4592323
0.7250000 1.7810278
0.7260000 26.3055229
0.7270000 -25.1504116
0.7280000 65.2816696
0.7290000 -45.7039185
0.7300000 -34.4033318
0.7310000 27.1207771
0.7320000 38.4981232
0.7330000 -37.3056602
0.7340000 -81.5246811
0.7350000 14.2043076
0.7360000 -8.1220913
0.7370000 -20.3934212
0.7380000 88.7531738
0.7390000 34.8067627
0.7400000 91.8478546
0.7410000 -14.4602270
0.7420000 62.6154289
0.7430000 46.4326706
0.7440000 -0.3438202
0.7450000 -9.5125151
0.7460000 -23.9652748
0.7470000 18.8810558
0.7480000 -14.5283785
0.7490000 -15.5763292
0.7500000 4.8956704
0.7510000 22.0860405
0.7520000 32.6585884
0.7530000 1.5225351
0.7540000 -26.3218575
0.7550000 55.0767899
0.7560000 -19.8472595
0.7570000 -39.0187798
0.7580000 -51.1262054
0.7590000 8.0460138
0.7600000 -40.7336235
0.7610000 -36.1476059
0.7620000 -40.6109886
0.7630000 32.1690102
0.7640000 -11.1254492
0.7650000 -24.9405689
0.7660000 -18.6660137
0.7670000 -32.7961464
0.7680000 33.6301689
0.7690000 -26.0590630
0.7700000 22.6781616
0.7710000 -4.7315531
0.7720000 -61.1755257
0.7730000 -18.8723450
0.7740000 31.7914505
0.7750000 12.5894651
0.7760000 -40.0446930
0.7770000 -26.6892147
0.7780000 36.7722549
0.7790000 -1.1672226
0.7800000 -12.4012175
0.7810000 -5.0707741
0.7820000 33.1109543
0.7830000 -21.7556934
0.7840000 -19.2839184
0.7850000 -48.7993355
0.7860000 2.2200871
0.7870000 -7.0648818
0.7880000 -27.1380749
0.7890000 6.4562979
0.7900000 25.0777550
0.7910000 -2.6428812
0.7920000 -24.2194805
0.7930000 -20.0749607
0.7940000 22.1513996
0.7950000 5.4141850
0.7960000 -6.8779278
0.7970000 -37.8889122
0.7980000 5.7589684
0.7990000 -43.6018600
0.8000000 -64.9354019
0.8010000 -5.4940310
0.8020000 -10.4538565
0.8030000 58.8845444
0.8040000 30.2031841
0.8050000 -75.1141357
0.8060000 1.3858129
0.8070000 9.7082729
0.8080000 -32.1864433
0.8090000 44.5624733
0.8100000 -8.8417482
0.8110000 67.9446716
0.8120000 -21.6237431
0.8130000 29.5563850
0.8140000 -28.3728371
0.8150000 -35.1173439
0.8160000 -6.3304987
0.8170000 16.1630554
0.8180000 -10.5009804
0.8190000 43.5845680
0.8200000 36.0200195
0.8210000 -14.9098787
0.8220000 30.6532879
0.8230000 10.3322706
0.8240000 -25.3240738
0.8250000 -27.6867847
0.8260000 -14.0628500
0.8270000 28.4006214
0.8280000 -29.7305603
0.8290000 -44.6386490
0.8300000 30.7368660
0.8310000 17.7829304
0.8320000 30.6892262
0.8330000 57.9233818
0.8340000 -53.2962761
0.8350000 -1.3020054
0.8360000 18.5826454
0.8370000 -32.1243973
0.8380000 -16.8735714
0.8390000 -23.0285358
0.8400000 41.8912735
0.8410000 -38.8301888
0.8420000 22.3416481
0.8430000 65.7545700
0.8440000 -50.8951340
0.8450000 3.2665718
0.8460000 9.3315563
0.8470000 24.6041546
0.8480000 -25.0171299
0.8490000 -33.4786644
0.8500000 14.8704281
0.8510000 39.0088158
0.8520000 -26.6375141
0.8530000 -10.6779652
0.8540000 -14.3841619
0.8550000 -32.2168274
0.8560000 -13.1330652
0.8570000 -9.7274523
0.8580000 -56.9060020
0.8590000 -22.6033058
0.8600000 -16.0675468
0.8610000 22.3983154
0.8620000 -28.5804329
0.8630000 -68.5823669
0.8640000 -56.3320618
0.8650000 -17.6073017
0.8660000 43.1215973
0.8670000 -14.1739931
0.8680000 -14.4656744
0.8690000 51.1896973
0.8700000 29.4984589
0.8710000 -26.6062908
0.8720000 -28.9967613
0.8730000 16.1535320
0.8740000 -19.1234798
0.8750000 5.4727073
0.8760000 26.8450146
0.8770000 -50.8775635
0.8780000 34.1558304
0.8790000 56.5441742
0.8800000 -23.4348812
0.8810000 12.2077494
0.8820000 66.5152206
0.8830000 7.7081270
0.8840000 -77.2084045
0.8850000 -23.5823002
0.8860000 9.0666618
0.8870000 18.7668514
0.8880000 41.0429115
0.8890000 -62.1375618
0.8900000 15.8183374
0.8910000 -0.1005047
0.8920000 8.8807402
0.8930000 28.3390255
0.8940000 -7.4359231
0.8950000 -42.6834183
0.8960000 -53.1738243
0.8970000 58.5320740
0.8980000 -48.7690163
0.8990000 -16.5196095
0.9000000 -50.6939812
0.9010000 -14.1452255
0.9020000 -6.8008771
0.9030000 37.1847534
0.9040000 -63.0762825
0.9050000 -38.3680382
0.9060000 62.5890427
0.9070000 -21.7571678
0.9080000 -46.0220985
0.9090000 -19.6341133
0.9100000 48.8545532
0.9110000 -31.5747986
0.9120000 31.3353691
0.9130000 22.4613838
0.9140000 -9.5645142
0.9150000 -34.1918335
0.9160000 -24.6780128
0.9170000 -47.5191269
0.9180000 -20.7956562
0.9190000 29.8363323
0.9200000 -1.1647364
0.9210000 43.2028084
0.9220000 2.2000983
0.9230000 -0.2419980
0.9240000 25.7986736
0.9250000 -11.0557270
0.9260000 -9.4056320
0.9270000 19.6918564
0.9280000 6.8063884
0.9290000 -16.3566360
0.9300000 36.2393532
0.9310000 -29.8533840
0.9320000 -11.8958597
0.9330000 -0.7594927
0.9340000 -14.4554224
0.9350000 -1.4067895
0.9360000 -22.3438530
0.9370000 34.7111244
0.9380000 0.9270102
0.9390000 8.3957930
0.9400000 29.4441605
0.9410000 -42.1823730
0.9420000 -14.7887640
0.9430000 -24.1684666
0.9440000 -26.3966236
0.9450000 11.4834194
0.9460000 -23.9163036
0.9470000 17.3453541
0.9480000 29.9697399
0.9490000 -11.6284456
0.9500000 36.0474472
0.9510000 -9.6938553
0.9520000 -65.4164047
0.9530000 -22.1870232
0.9540000 -38.1671791
0.9550000 -12.6173744
0.9560000 -30.7161789
0.9570000 3.5203164
0.9580000 -61.8601112
0.9590000 24.7212811
0.9600000 17.1430111
0.9610000 -8.2746134
0.9620000 -35.6430168
0.9630000 -45.2533798
0.9640000 -64.0822144
0.9650000 -31.7483959
0.9660000 -26.3421402
0.9670000 12.5928230
0.9680000 5.4929118
0.9690000 12.2358150
0.9700000 -43.1083870
0.9710000 27.8372135
0.9720000 23.1629467
0.9730000 7.5381117
0.9740000 5.4881210
0.9750000 21.7185173
0.9760000 -53.5630989
0.9770000 8.4761076
0.9780000 29.9058037
0.9790000 -42.4710503
0.9800000 -14.5646563
0.9810000 -3.5805011
0.9820000 26.2106037
0.9830000 -37.7040596
0.9840000 -61.1389160
0.9850000 21.7821407
0.9860000 -26.6922684
0.9870000 50.3982887
0.9880000 -6.6047645
0.9890000 23.4821796
0.9900000 -36.8479538
0.9910000 50.3848419
0.9920000 2.3087866
0.9930000 40.2657089
0.9940000 -30.9557934
0.9950000 12.8776207
0.9960000 -49.9240646
0.9970000 -41.1951981
0.9980000 -27.7088509
0.9990000 29.3832150
