0.0000000 -115.1718674
0.0010000 18.3152199
0.0020000 -30.5000877
0.0030000 -5.7213001
0.0040000 -20.7125854
0.0050000 20.8717308
0.0060000 78.5130692
0.0070000 -4.6844769
0.0080000 -19.9165001
0.0090000 -46.9871941
0.0100000 7.0099401
0.0110000 5.6204004
0.0120000 31.4177132
0.0130000 -40.0699043
0.0140000 -30.3162289
0.0150000 -13.4573288
0.0160000 -54.4340973
0.0170000 -67.5998993
0.0180000 -7.7179828
0.0190000 42.0879631
0.0200000 -10.2188301
0.0210000 -32.1809998
0.0220000 -84.0832138
0.0230000 21.7656574
0.0240000 11.9702511
0.0250000 -55.2344742
0.0260000 68.2035904
0.0270000 -19.1007843
0.0280000 16.4609222
0.0290000 -31.9802322
0.0300000 26.8907681
0.0310000 -20.0485363
0.0320000 -11.8052263
0.0330000 24.5482063
0.0340000 51.1336441
0.0350000 21.6561413
0.0360000 25.5721130
0.0370000 27.4506016
0.0380000 -30.8297119
0.0390000 -21.5551796
0.0400000 -15.5653763
0.0410000 -14.3267565
0.0420000 -1.9366015
0.0430000 35.7027435
0.0440000 -45.6572876
0.0450000 58.8839188
0.0460000 -51.8753777
0.0470000 25.5510941
0.0480000 2.7056489
0.0490000 19.1674137
0.0500000 22.6205864
0.0510000 -28.2319164
0.0520000 58.7894669
0.0530000 16.6162434
0.0540000 -17.6285782
0.0550000 34.1919975
0.0560000 7.1213007
0.0570000 -8.5736122
0.0580000 25.1203651
0.0590000 36.6313591
0.0600000 -67.2540283
0.0610000 20.4118576
0.0620000 -14.7806549
0.0630000 -32.6037788
0.0640000 -15.5144825
0.0650000 4.3684182
0.0660000 -11.2597704
0.0670000 5.0625305
0.0680000 27.7399330
0.0690000 -38.0080872
0.0700000 20.3765392
0.0710000 40.3262978
0.0720000 10.2410259
0.0730000 -25.1008415
0.0740000 -81.3545685
0.0750000 -8.2952728
0.0760000 65.2634430
0.0770000 20.1698895
0.0780000 14.0631933
0.0790000 -62.3258896
0.0800000 31.8193684
0.0810000 27.2291107
0.0820000 -6.6058002
0.0830000 28.1616459
0.0840000 40.2172279
0.0850000 13.4291706
0.0860000 -57.4042130
0.0870000 -29.4169502
0.0880000 -28.9023075
0.0890000 42.0214806
0.0900000 -61.6933784
0.0910000 22.0663319
0.0920000 -24.8892097
0.0930000 -21.8283997
0.0940000 3.6612842
0.0950000 -11.5592022
0.0960000 40.6347351
0.0970000 -32.6872444
0.0980000 37.1905556
0.0990000 0.2367886
0.1000000 -48.3854370
0.1010000 0.3223668
0.1020000 45.0590172
0.1030000 5.6236062
0.1040000 -1.8704685
0.1050000 39.3479347
0.1060000 35.5176849
0.1070000 25.8707199
0.1080000 -15.2187204
0.1090000 -31.3294010
0.1100000 -26.3573494
0.1110000 46.7641258
0.1120000 -15.6572361
0.1130000 32.3665924
0.1140000 -6.9819341
0.1150000 12.6595221
0.1160000 -31.4400177
0.1170000 30.1628361
0.1180000 28.3751965
0.1190000 2.0076466
0.1200000 -20.2870960
0.1210000 8.0733747
0.1220000 52.8915977
0.1230000 58.3660011
0.1240000 44.0226326
0.1250000 -25.0367985
0.1260000 10.2883110
0.1270000 55.0921745
0.1280000 17.4374161
0.1290000 10.5356054
0.1300000 62.8296051
0.1310000 34.0230331
0.1320000 20.8551445
0.1330000 10.6337538
0.1340000 5.1356978
0.1350000 60.2184029
0.1360000 -18.5423317
0.1370000 34.8127022
0.1380000 21.1727715
0.1390000 24.0475540
0.1400000 34.8061256
0.1410000 -22.0360832
0.1420000 20.1943321
0.1430000 35.3937492
0.1440000 -1.5490952
0.1450000 -14.0388384
0.1460000 13.6843538
0.1470000 18.4664860
0.1480000 21.9790859
0.1490000 62.3701172
0.1500000 -46.8195229
0.1510000 -2.6677451
0.1520000 68.1980515
0.1530000 -15.7691965
0.1540000 -4.5573311
0.1550000 -68.4481201
0.1560000 -62.3817787
0.1570000 0.6983314
0.1580000 -1.5263795
0.1590000 -39.3662682
0.1600000 54.3823051
0.1610000 -13.5099106
0.1620000 19.9984818
0.1630000 47.7734222
0.1640000 8.5945902
0.1650000 -13.1932869
0.1660000 -61.6789703
0.1670000 13.0185900
0.1680000 -8.5939779
0.1690000 16.4474545
0.1700000 22.6906109
0.1710000 -34.2856064
0.1720000 21.2481899
0.1730000 8.4105492
0.1740000 -49.0834465
0.1750000 -1.3444585
0.1760000 9.2120066
0.1770000 0.3583552
0.1780000 -0.4784951
0.1790000 -36.0016670
0.1800000 10.4393215
0.1810000 27.7288494
0.1820000 44.5141716
0.1830000 -41.8967552
0.1840000 -47.0656471
0.1850000 -19.1266899
0.1860000 5.7374864
0.1870000 25.2525806
0.1880000 8.2320309
0.1890000 28.0276356
0.1900000 -14.9271097
0.1910000 17.8668423
0.1920000 14.8859406
0.1930000 28.7284489
0.1940000 -49.1378784
0.1950000 14.2735672
0.1960000 -60.6707764
0.1970000 -13.5171661
0.1980000 -41.8606758
0.1990000 75.8833466
0.2000000 -19.8689251
0.2010000 65.9088898
0.2020000 3.1151488
0.2030000 18.0497456
0.2040000 -48.2993431
0.2050000 -13.5588179
0.2060000 64.7581177
0.2070000 6.3615789
0.2080000 -3.5037868
0.2090000 6.9193473
0.2100000 21.2543602
0.2110000 -2.3334618
0.2120000 -9.8915730
0.2130000 36.2678680
0.2140000 -32.2722282
0.2150000 22.2456932
0.2160000 16.6049004
0.2170000 11.9409571
0.2180000 8.5036964
0.2190000 24.4360752
0.2200000 69.3588791
0.2210000 -3.8097486
0.2220000 66.2468796
0.2230000 11.9023409
0.2240000 -46.5877609
0.2250000 -38.0546036
0.2260000 46.6662903
0.2270000 0.6529118
0.2280000 13.6154032
0.2290000 55.3668137
0.2300000 2.7734725
0.2310000 44.4772148
0.2320000 9.0695562
0.2330000 -21.1982117
0.2340000 10.8718185
0.2350000 -22.6213169
0.2360000 62.3160782
0.2370000 -20.0885983
0.2380000 59.6731110
0.2390000 0.2169463
0.2400000 -16.2678528
0.2410000 9.5839100
0.2420000 -39.6309357
0.2430000 10.7088423
0.2440000 60.1435432
0.2450000 69.2479706
0.2460000 70.0037918
0.2470000 -6.8030186
0.2480000 29.0208950
0.2490000 37.5883331
0.2500000 -50.7477341
0.2510000 -73.4940033
0.2520000 -1.7871130
0.2530000 32.6967545
0.2540000 56.7755203
0.2550000 3.5939622
0.2560000 33.3872833
0.2570000 15.0394754
0.2580000 28.9555569
0.2590000 56.0369530
0.2600000 12.6562176
0.2610000 -58.4149246
0.2620000 -7.4901633
0.2630000 57.8398170
0.2640000 -3.4267404
0.2650000 -17.8383751
0.2660000 49.2876091
0.2670000 -25.4764900
0.2680000 3.8356490
0.2690000 15.1533689
0.2700000 -22.8784313
0.2710000 46.2384758
0.2720000 39.2298889
0.2730000 25.5759888
0.2740000 33.0356064
0.2750000 -50.1168633
0.2760000 -23.4544106
0.2770000 5.1985664
0.2780000 4.2125859
0.2790000 -36.1973305
0.2800000 -26.6701965
0.2810000 -69.8851471
0.2820000 -66.8713226
0.2830000 -24.4802227
0.2840000 -6.5506225
0.2850000 60.5748978
0.2860000 -35.9117889
0.2870000 6.8631883
0.2880000 17.1633892
0.2890000 -43.4921112
0.2900000 44.2099686
0.2910000 18.7177696
0.2920000 -4.8422995
0.2930000 7.7257047
0.2940000 14.8899832
0.2950000 52.7950096
0.2960000 63.0523376
0.2970000 -47.0453568
0.2980000 -50.1168365
0.2990000 7.2213874
0.3000000 -44.3628311
0.3010000 -42.3870964
0.3020000 17.3234844
0.3030000 -46.3722191
0.3040000 14.3160877
0.3050000 -30.0327587
0.3060000 -87.3140411
0.3070000 23.5054150
0.3080000 22.0002823
0.3090000 32.0686913
0.3100000 5.5551772
0.3110000 -33.6834373
0.3120000 -11.0971994
0.3130000 37.7170677
0.3140000 -9.4401474
0.3150000 -37.3514748
0.3160000 29.1593475
0.3170000 -22.3213921
0.3180000 -34.5474777
0.3190000 -2.3462484
0.3200000 26.0329628
0.3210000 -15.0259027
0.3220000 14.4135752
0.3230000 14.6837149
0.3240000 -69.9331284
0.3250000 50.3514671
0.3260000 -17.0955849
0.3270000 15.6544266
0.3280000 -14.4558249
0.3290000 32.1535606
0.3300000 38.3801231
0.3310000 -19.3617325
0.3320000 -41.5201797
0.3330000 -16.0989265
0.3340000 8.0574436
0.3350000 10.1164141
0.3360000 11.4800062
0.3370000 -3.9070959
0.3380000 42.0810432
0.3390000 -22.6859951
0.3400000 9.1028709
0.3410000 31.8225708
0.3420000 13.7479992
0.3430000 -29.0824890
0.3440000 0.5259254
0.3450000 -43.5819931
0.3460000 64.3485565
0.3470000 -19.5308800
0.3480000 -0.9895533
0.3490000 32.4626198
0.3500000 41.4793816
0.3510000 -15.2221317
0.3520000 11.1361084
0.3530000 66.1389008
0.3540000 61.4376106
0.3550000 18.5607510
0.3560000 44.7925186
0.3570000 16.4785728
0.3580000 -10.4885950
0.3590000 -16.4350224
0.3600000 18.3542767
0.3610000 6.5477276
0.3620000 -44.7741890
0.3630000 -8.3709011
0.3640000 -40.0053596
0.3650000 3.7711699
0.3660000 59.4257278
0.3670000 15.8349371
0.3680000 -29.9239178
0.3690000 35.6343117
0.3700000 76.8832550
0.3710000 38.0553741
0.3720000 -26.2254219
0.3730000 -42.6049576
0.3740000 43.0043068
0.3750000 49.0704689
0.3760000 5.2314777
0.3770000 23.5515213
0.3780000 -3.4960697
0.3790000 16.5569210
0.3800000 -58.2081985
0.3810000 14.4038544
0.3820000 -8.8548517
0.3830000 -11.1164703
0.3840000 -8.6589813
0.3850000 -28.3711281
0.3860000 -15.5525131
0.3870000 -57.4773026
0.3880000 -2.9037242
0.3890000 -26.2492218
0.3900000 -9.9559631
0.3910000 52.8819962
0.3920000 34.0752220
0.3930000 40.3262138
0.3940000 -66.6876602
0.3950000 -52.9886932
0.3960000 -88.0308151
0.3970000 22.2215729
0.3980000 41.7979469
0.3990000 31.9165859
0.4000000 -8.5904779
0.4010000 35.6275558
0.4020000 -2.3106275
0.4030000 -32.6910400
0.4040000 9.8141556
0.4050000 -41.1700706
0.4060000 18.2475300
0.4070000 -27.6832790
0.4080000 -25.0242939
0.4090000 21.9380455
0.4100000 -27.0859356
0.4110000 -46.4034996
0.4120000 -11.2985210
0.4130000 -28.2423096
0.4140000 49.5610352
0.4150000 -1.1547219
0.4160000 -17.1393337
0.4170000 33.4815216
0.4180000 -22.7902908
0.4190000 -13.9827414
0.4200000 -20.5961800
0.4210000 12.7257290
0.4220000 42.8135147
0.4230000 -35.8616753
0.4240000 -47.6675377
0.4250000 -13.4821272
0.4260000 9.1789761
0.4270000 -30.2446003
0.4280000 -25.3468113
0.4290000 22.8451748
0.4300000 41.8302307
0.4310000 4.0836248
0.4320000 -32.4443474
0.4330000 13.8346539
0.4340000 3.1957927
0.4350000 35.2407379
0.4360000 46.9170456
0.4370000 50.2477570
0.4380000 4.2406015
0.4390000 28.9537773
0.4400000 51.0438995
0.4410000 -3.7215917
0.4420000 25.6699162
0.4430000 -16.0413456
0.4440000 22.6423111
0.4450000 -5.1753869
0.4460000 7.8471165
0.4470000 47.2255325
0.4480000 12.3908968
0.4490000 -2.4254248
0.4500000 -32.2902222
0.4510000 -14.7690716
0.4520000 -13.9561911
0.4530000 -18.0706558
0.4540000 50.0885658
0.4550000 12.7475290
0.4560000 -6.6350398
0.4570000 53.0521049
0.4580000 -32.1244774
0.4590000 -28.2552204
0.4600000 -13.6107378
0.4610000 60.5330162
0.4620000 0.7936862
0.4630000 -3.2314291
0.4640000 11.7605019
0.4650000 -17.0804005
0.4660000 -19.2125931
0.4670000 43.6804008
0.4680000 -1.1882612
0.4690000 6.8793669
0.4700000 -25.2716713
0.4710000 -31.5684967
0.4720000 16.1175804
0.4730000 -62.5144501
0.4740000 -0.7433869
0.4750000 38.2643623
0.4760000 19.4778385
0.4770000 -96.0784073
0.4780000 -6.5479417
0.4790000 7.7847700
0.4800000 -81.2238617
0.4810000 -50.6346169
0.4820000 -15.4165592
0.4830000 63.6887360
0.4840000 -10.0069532
0.4850000 24.2441330
0.4860000 -28.3109722
0.4870000 -51.1630173
0.4880000 -13.5063286
0.4890000 20.7527237
0.4900000 -26.8406639
0.4910000 13.8198261
0.4920000 -31.5574532
0.4930000 10.1761036
0.4940000 6.3827710
0.4950000 -60.9922905
0.4960000 59.4731064
0.4970000 -9.8345337
0.4980000 -73.8460083
0.4990000 -23.4515495
0.5000000 -38.8521729
0.5010000 -39.7584457
0.5020000 -12.5099888
0.5030000 76.1939850
0.5040000 -29.8246632
0.5050000 -58.5126648
0.5060000 -38.3737373
0.5070000 -15.9013882
0.5080000 -6.9081931
0.5090000 3.9693232
0.5100000 20.4176044
0.5110000 -23.6520023
0.5120000 -18.0618935
0.5130000 49.5255318
0.5140000 77.9377213
0.5150000 -33.9789963
0.5160000 -17.2132187
0.5170000 9.6007671
0.5180000 7.0233130
0.5190000 -23.2801666
0.5200000 -4.2485948
0.5210000 -2.1445034
0.5220000 -27.1530838
0.5230000 1.7231873
0.5240000 -9.3539686
0.5250000 28.2860909
0.5260000 15.3293152
0.5270000 3.2907102
0.5280000 61.8808632
0.5290000 -15.9645052
0.5300000 -48.8585777
0.5310000 40.4803047
0.5320000 -2.2293785
0.5330000 -16.4033546
0.5340000 53.2838936
0.5350000 -43.0363235
0.5360000 29.4516296
0.5370000 68.9351044
0.5380000 16.4809875
0.5390000 -25.5437813
0.5400000 41.1550941
0.5410000 -7.6935587
0.5420000 12.9947252
0.5430000 -11.2183485
0.5440000 9.6737280
0.5450000 -93.6007690
0.5460000 -35.5524788
0.5470000 -50.6869659
0.5480000 -21.4398289
0.5490000 -15.0799894
0.5500000 -6.4745660
0.5510000 44.9802551
0.5520000 -55.0395203
0.5530000 9.7928991
0.5540000 -9.2291899
0.5550000 32.1518478
0.5560000 30.1191998
0.5570000 1.3394263
0.5580000 18.9581165
0.5590000 -3.4528499
0.5600000 -70.9227676
0.5610000 38.4803658
0.5620000 -5.5193357
0.5630000 11.9801168
0.5640000 -15.6227303
0.5650000 -56.7680092
0.5660000 -0.8531225
0.5670000 -62.8328781
0.5680000 -9.0468845
0.5690000 -63.0720978
0.5700000 64.7305374
0.5710000 -13.8873224
0.5720000 -7.6800580
0.5730000 42.8842125
0.5740000 -27.5268745
0.5750000 -16.7293701
0.5760000 -4.1041636
0.5770000 -14.8440819
0.5780000 14.5870523
0.5790000 -7.6312180
0.5800000 -27.7285557
0.5810000 -15.1681890
0.5820000 3.7978864
0.5830000 6.4567842
0.5840000 -4.8505406
0.5850000 2.6872056
0.5860000 10.1526842
0.5870000 44.5083771
0.5880000 -16.6991138
0.5890000 -21.4752426
0.5900000 56.9799614
0.5910000 14.1732750
0.5920000 -62.0499763
0.5930000 -20.1006489
0.5940000 3.5284059
0.5950000 46.5110245
0.5960000 14.3492775
0.5970000 -1.3296025
0.5980000 25.4025402
0.5990000 -13.6340475
0.6000000 37.4426270
0.6010000 51.9245834
0.6020000 -15.0892801
0.6030000 -15.1038704
0.6040000 19.7136841
0.6050000 -39.7018318
0.6060000 32.5988731
0.6070000 2.4112217
0.6080000 23.7673645
0.6090000 72.9907455
0.6100000 -10.6902103
0.6110000 51.1383362
0.6120000 52.8670616
0.6130000 -44.6984482
0.6140000 -3.1612296
0.6150000 -62.5933418
0.6160000 -8.6107779
0.6170000 -5.1951442
0.6180000 35.7787781
0.6190000 -32.0679855
0.6200000 -103.2415161
0.6210000 11.9779768
0.6220000 21.7000751
0.6230000 8.0494099
0.6240000 30.8811474
0.6250000 -29.8742828
0.6260000 -68.9063568
0.6270000 16.8494949
0.6280000 40.2490616
0.6290000 75.8919678
0.6300000 -16.3379974
0.6310000 -48.6947021
0.6320000 27.7715511
0.6330000 -32.5520668
0.6340000 -6.0870318
0.6350000 38.2564888
0.6360000 -4.0359306
0.6370000 -3.5770695
0.6380000 -10.0208759
0.6390000 24.7559948
0.6400000 44.1505852
0.6410000 -62.3701515
0.6420000 -32.7120018
0.6430000 -23.1527443
0.6440000 61.6316299
0.6450000 3.9164014
0.6460000 -19.2824211
0.6470000 29.5674381
0.6480000 -17.1016674
0.6490000 47.6213493
0.6500000 34.5373650
0.6510000 46.7294159
0.6520000 1.1673410
0.6530000 -22.2076588
0.6540000 34.2268715
0.6550000 -21.1493454
0.6560000 12.6294584
0.6570000 -12.1525364
0.6580000 -21.8263798
0.6590000 14.4242201
0.6600000 -15.0265045
0.6610000 34.6712761
0.6620000 16.9365330
0.6630000 17.8849583
0.6640000 19.2324276
0.6650000 1.6763656
0.6660000 -14.0446949
0.6670000 20.7212162
0.6680000 -19.5437546
0.6690000 13.6794596
0.6700000 -20.9546032
0.6710000 -15.5324469
0.6720000 40.7502136
0.6730000 -44.1275101
0.6740000 -26.8052254
0.6750000 -60.3973770
0.6760000 -18.3805637
0.6770000 69.2147598
0.6780000 8.0963268
0.6790000 -0.6540149
0.6800000 -30.2349415
0.6810000 -20.0316219
0.6820000 -76.4401932
0.6830000 -12.8227396
0.6840000 -37.4909325
0.6850000 7.9023137
0.6860000 -13.5652122
0.6870000 25.8293266
0.6880000 65.4507141
0.6890000 -33.7703629
0.6900000 -25.6000023
0.6910000 -53.6256599
0.6920000 38.3244629
0.6930000 1.3540705
0.6940000 -21.9260502
0.6950000 -27.6621952
0.6960000 8.1925268
0.6970000 -7.9173813
0.6980000 -11.5308361
0.6990000 7.2842212
0.7000000 -59.2815018
0.7010000 23.4374199
0.7020000 -27.3524990
0.7030000 0.8911917
0.7040000 -45.3426590
0.7050000 -25.2333126
0.7060000 -51.0168076
0.7070000 34.2694702
0.7080000 -17.6440563
0.7090000 7.4076672
0.7100000 -4.8141003
0.7110000 -31.2642345
0.7120000 -35.8976784
0.7130000 -69.0104599
0.7140000 13.7943201
0.7150000 38.4562187
0.7160000 6.8445077
0.7170000 7.3083563
0.7180000 44.9327927
0.7190000 39.3400688
0.7200000 -20.1620979
0.7210000 34.0057793
0.7220000 10.9474993
0.7230000 20.4333820
0.7240000 59.0624428
0.7250000 -12.2570906
0.7260000 35.5121498
0.7270000 2.7831037
0.7280000 -6.6459942
0.7290000 54.7198830
0.7300000 28.8692780
0.7310000 77.3614273
0.7320000 36.1996269
0.7330000 -22.8607559
0.7340000 -59.5845757
0.7350000 24.5742035
0.7360000 52.9445038
0.7370000 -32.0666008
0.7380000 8.7314024
0.7390000 -11.9107790
0.7400000 115.9210815
0.7410000 31.2656460
0.7420000 22.2069931
0.7430000 5.0368271
0.7440000 31.0476799
0.7450000 -15.2276306
0.7460000 -24.5810757
0.7470000 -10.9967585
0.7480000 -8.9233904
0.7490000 33.7234459
0.7500000 -41.9707413
0.7510000 8.9299593
0.7520000 8.2459698
0.7530000 4.3987103
0.7540000 7.3482108
0.7550000 9.5427418
0.7560000 -11.0115070
0.7570000 -23.8711643
0.7580000 -4.9994569
0.7590000 15.1892452
0.7600000 53.3733788
0.7610000 33.2394981
0.7620000 22.7969227
0.7630000 -118.8669739
0.7640000 0.2118164
0.7650000 -35.4998817
0.7660000 50.6567764
0.7670000 -17.4597073
0.7680000 15.3571730
0.7690000 -4.5827398
0.7700000 40.4174576
0.7710000 -41.8803940
0.7720000 0.1403131
0.7730000 14.6867342
0.7740000 -3.1406815
0.7750000 1.2034947
0.7760000 3.3894315
0.7770000 -20.1983871
0.7780000 3.7655358
0.7790000 9.5058336
0.7800000 13.5134363
0.7810000 67.7595291
0.7820000 -10.7431593
0.7830000 5.3751197
0.7840000 -7.8362379
0.7850000 0.5012930
0.7860000 14.4422331
0.7870000 34.0609436
0.7880000 -49.2108688
0.7890000 2.0598352
0.7900000 -109.4183350
0.7910000 -10.9967537
0.7920000 -40.7989769
0.7930000 8.4809275
0.7940000 -5.3401837
0.7950000 -21.4311237
0.7960000 -12.9520807
0.7970000 79.5373077
0.7980000 16.5519276
0.7990000 7.5554600
0.8000000 -0.5956700
0.8010000 -6.9920506
0.8020000 3.3558681
0.8030000 -12.8644781
0.8040000 28.8088017
0.8050000 31.9420547
0.8060000 62.9903107
0.8070000 -19.3257618
0.8080000 -1.7620627
0.8090000 16.2888393
0.8100000 -81.0147476
0.8110000 41.2745476
0.8120000 -19.7098293
0.8130000 -47.0795746
0.8140000 4.3881340
0.8150000 -4.5239940
0.8160000 -22.6311016
0.8170000 -36.4689026
0.8180000 5.7464004
0.8190000 -18.9665508
0.8200000 -95.6328430
0.8210000 -0.3067625
0.8220000 -51.3482819
0.8230000 -24.2912731
0.8240000 -40.0580254
0.8250000 24.2176285
0.8260000 3.8561239
0.8270000 82.9004135
0.8280000 -8.0957747
0.8290000 5.2181797
0.8300000 -14.4383488
0.8310000 -34.5960960
0.8320000 -43.2489891
0.8330000 -33.0587234
0.8340000 -35.0078011
0.8350000 43.8878441
0.8360000 37.1450119
0.8370000 -29.2259464
0.8380000 -46.1568756
0.8390000 -49.6026535
0.8400000 -31.1845093
0.8410000 -24.8516788
0.8420000 -2.2925792
0.8430000 -30.7505493
0.8440000 46.1888504
0.8450000 56.4712257
0.8460000 77.3151398
0.8470000 39.2758980
0.8480000 65.3990707
0.8490000 -62.2337265
0.8500000 -26.8783436
0.8510000 -6.1284971
0.8520000 -9.0085392
0.8530000 -34.7854385
0.8540000 -51.7328796
0.8550000 -16.1717243
0.8560000 -17.8148575
0.8570000 -30.3945980
0.8580000 11.1850080
0.8590000 -17.8968868
0.8600000 5.3800311
0.8610000 37.2585106
0.8620000 4.8466225
0.8630000 41.0516510
0.8640000 -44.0035057
0.8650000 -58.2008896
0.8660000 6.5002065
0.8670000 -39.7978210
0.8680000 -65.9967270
0.8690000 -34.5200005
0.8700000 -1.5909201
0.8710000 32.2969933
0.8720000 66.2161865
0.8730000 38.3311348
0.8740000 -38.7800140
0.8750000 19.1048832
0.8760000 -11.6382504
0.8770000 -22.1469231
0.8780000 -34.0095863
0.8790000 51.1583061
0.8800000 -0.9430127
0.8810000 28.4832478
0.8820000 3.1417079
0.8830000 0.1648782
0.8840000 26.5827866
0.8850000 11.4752207
0.8860000 -59.3639641
0.8870000 2.4464340
0.8880000 -86.7417908
0.8890000 -53.9438553
0.8900000 -51.3236084
0.8910000 6.2694316
0.8920000 22.9651642
0.8930000 18.4772053
0.8940000 -81.8043060
0.8950000 31.4627895
0.8960000 -63.7422752
0.8970000 -20.9812698
0.8980000 -32.2944565
0.8990000 61.7448158
0.9000000 10.4150286
0.9010000 -11.1637907
0.9020000 56.9707527
0.9030000 7.5234461
0.9040000 -7.1096721
0.9050000 4.6335540
0.9060000 31.2083702
0.9070000 -4.0562778
0.9080000 14.8465586
0.9090000 9.8502111
0.9100000 -56.1818352
0.9110000 30.3128853
0.9120000 -0.4499350
0.9130000 10.5863848
0.9140000 36.0153427
0.9150000 27.2927380
0.9160000 7.8600855
0.9170000 -17.4286537
0.9180000 44.5887642
0.9190000 36.4081078
0.9200000 4.8162842
0.9210000 64.2236633
0.9220000 54.6279984
0.9230000 -0.7081820
0.9240000 -3.0122800
0.9250000 20.6173840
0.9260000 40.5045509
0.9270000 -85.8945847
0.9280000 9.6489983
0.9290000 -33.3293686
0.9300000 22.3895607
0.9310000 17.0364132
0.9320000 -8.2568741
0.9330000 50.2046967
0.9340000 18.2210369
0.9350000 14.7553511
0.9360000 -7.4347658
0.9370000 29.7918968
0.9380000 22.4805927
0.9390000 12.3274574
0.9400000 -15.3765631
0.9410000 -21.5273552
0.9420000 9.7288408
0.9430000 55.5901489
0.9440000 47.0809975
0.9450000 -9.6628571
0.9460000 7.2931108
0.9470000 11.9250917
0.9480000 3.6423323
0.9490000 -40.8804436
0.9500000 -14.4192486
0.9510000 21.2886887
0.9520000 45.8778496
0.9530000 -29.5108814
0.9540000 70.1139145
0.9550000 -4.1527610
0.9560000 -11.3103418
0.9570000 23.3975410
0.9580000 15.3949528
0.9590000 -1.2215935
0.9600000 17.4606171
0.9610000 63.8874588
0.9620000 25.9394054
0.9630000 18.2537022
0.9640000 -40.0007057
0.9650000 11.8096294
0.9660000 16.7562008
0.9670000 -20.6707058
0.9680000 29.8946228
0.9690000 -16.6962776
0.9700000 -12.1712732
0.9710000 -53.1813278
0.9720000 8.9336061
0.9730000 -27.6030960
0.9740000 -21.1366215
0.9750000 -19.3457355
0.9760000 -15.0306234
0.9770000 -17.5851822
0.9780000 12.4719820
0.9790000 18.5518398
0.9800000 -24.3544846
0.9810000 -23.8574886
0.9820000 56.9101791
0.9830000 9.8785639
0.9840000 -28.8573189
0.9850000 5.9441814
0.9860000 -18.5723286
0.9870000 -0.2170240
0.9880000 10.6409655
0.9890000 -1.7323039
0.9900000 -32.5239830
0.9910000 4.8269439
0.9920000 31.6712265
0.9930000 -21.2886543
0.9940000 -1.2471220
0.9950000 -11.8676090
0.9960000 59.8879890
0.9970000 -59.5265656
0.9980000 70.3695908
0.9990000 48.4909668
