0.0000000 39.1393890
0.0010000 -37.3109894
0.0020000 13.9870577
0.0030000 -8.3272533
0.0040000 -3.7522683
0.0050000 53.1773682
0.0060000 -4.0827866
0.0070000 43.8913956
0.0080000 -13.6060371
0.0090000 -45.8833771
0.0100000 37.6643677
0.0110000 4.4986978
0.0120000 44.6445770
0.0130000 5.4678164
0.0140000 -11.0270653
0.0150000 11.1107693
0.0160000 19.8871231
0.0170000 -11.6676216
0.0180000 92.9476471
0.0190000 -22.8021832
0.0200000 41.2891388
0.0210000 56.0119743
0.0220000 -0.3878249
0.0230000 30.3145828
0.0240000 -60.7805901
0.0250000 2.5628886
0.0260000 58.2514191
0.0270000 -7.0700703
0.0280000 1.3032019
0.0290000 86.6943207
0.0300000 4.5770488
0.0310000 11.0876074
0.0320000 -5.3022742
0.0330000 6.9429350
0.0340000 3.1682007
0.0350000 1.3510451
0.0360000 -44.8798447
0.0370000 24.2160378
0.0380000 5.0292568
0.0390000 -103.8136444
0.0400000 75.1701965
0.0410000 12.8628073
0.0420000 26.1872997
0.0430000 3.7685428
0.0440000 43.7022476
0.0450000 -15.9065981
0.0460000 31.4586468
0.0470000 -11.2948818
0.0480000 20.7091484
0.0490000 -113.4632874
0.0500000 -21.5082817
0.0510000 -65.6418762
0.0520000 -0.3667034
0.0530000 -2.6032279
0.0540000 28.4674187
0.0550000 -22.4346046
0.0560000 16.5435410
0.0570000 -63.4041290
0.0580000 -6.6884947
0.0590000 3.1979072
0.0600000 23.7073078
0.0610000 6.5236421
0.0620000 -52.2931099
0.0630000 41.3858299
0.0640000 -17.6210957
0.0650000 21.3474846
0.0660000 30.4191532
0.0670000 34.7115288
0.0680000 7.1994305
0.0690000 -36.0188446
0.0700000 8.6215324
0.0710000 -17.3546124
0.0720000 -40.6709290
0.0730000 -14.8971119
0.0740000 -31.7039261
0.0750000 28.4878998
0.0760000 -12.0604372
0.0770000 29.2141781
0.0780000 -35.2820282
0.0790000 -22.7178707
0.0800000 27.5750561
0.0810000 -66.7606354
0.0820000 -28.0006657
0.0830000 -42.1119499
0.0840000 -1.4098898
0.0850000 80.0792694
0.0860000 -38.3952751
0.0870000 -39.4762611
0.0880000 -28.0325775
0.0890000 3.8762922
0.0900000 -17.8254642
0.0910000 5.5952244
0.0920000 25.3010216
0.0930000 -60.4910545
0.0940000 -94.3390808
0.0950000 -56.6660156
0.0960000 -63.5913124
0.0970000 70.2480011
0.0980000 -13.7858477
0.0990000 25.7241745
0.1000000 2.6594701
0.1010000 -3.9508410
0.1020000 38.8686409
0.1030000 -4.9989824
0.1040000 31.1471577
0.1050000 -33.8814201
0.1060000 31.6660080
0.1070000 29.2515602
0.1080000 25.2822838
0.1090000 47.5594597
0.1100000 -78.2512054
0.1110000 24.1328964
0.1120000 49.2728271
0.1130000 15.6551151
0.1140000 14.1592846
0.1150000 -88.7358780
0.1160000 -58.8925247
0.1170000 4.8487415
0.1180000 40.8328629
0.1190000 19.1809311
0.1200000 14.5584288
0.1210000 -20.8577461
0.1220000 16.4445953
0.1230000 -21.0929623
0.1240000 -2.5751963
0.1250000 -25.0893364
0.1260000 77.9659653
0.1270000 51.4295616
0.1280000 72.1791611
0.1290000 -27.5875912
0.1300000 -19.0544262
0.1310000 45.2612686
0.1320000 -52.0000954
0.1330000 24.8276577
0.1340000 -4.5638213
0.1350000 31.1438732
0.1360000 -33.4577789
0.1370000 -24.4170017
0.1380000 7.1085534
0.1390000 1.1347167
0.1400000 50.7325211
0.1410000 -15.2726622
0.1420000 -5.2042403
0.1430000 79.2011642
0.1440000 16.9094868
0.1450000 17.3613338
0.1460000 -27.8932247
0.1470000 44.2709274
0.1480000 4.9199119
0.1490000 -91.4689865
0.1500000 -37.6230202
0.1510000 33.2083626
0.1520000 -26.3920937
0.1530000 -4.2868991
0.1540000 -58.1974831
0.1550000 28.9733124
0.1560000 -73.5634918
0.1570000 3.6270781
0.1580000 19.1717224
0.1590000 35.0785713
0.1600000 -8.8485298
0.1610000 -38.9075050
0.1620000 16.3818092
0.1630000 -20.2830181
0.1640000 37.9511681
0.1650000 -0.6997470
0.1660000 -76.3549957
0.1670000 -36.2040253
0.1680000 -51.4485817
0.1690000 -16.3506184
0.1700000 61.9891548
0.1710000 8.4102335
0.1720000 13.6077290
0.1730000 -94.1575928
0.1740000 3.4533966
0.1750000 -61.8056183
0.1760000 -11.4118032
0.1770000 -21.0121117
0.1780000 -13.6260262
0.1790000 56.7954483
0.1800000 -2.2088542
0.1810000 -13.0401964
0.1820000 -2.7653954
0.1830000 -1.5283798
0.1840000 -32.8092766
0.1850000 -41.8514671
0.1860000 -44.4656487
0.1870000 8.5547581
0.1880000 66.6815948
0.1890000 11.7264204
0.1900000 6.8058357
0.1910000 -36.4537544
0.1920000 -48.9152260
0.1930000 16.5983715
0.1940000 -71.7311020
0.1950000 76.0628586
0.1960000 65.0294952
0.1970000 15.5579462
0.1980000 -17.2726173
0.1990000 -66.8387299
0.2000000 -41.6423416
0.2010000 -35.3310699
0.2020000 44.5804710
0.2030000 -26.1499138
0.2040000 20.1628227
0.2050000 -18.4377270
0.2060000 -16.1906528
0.2070000 22.3905563
0.2080000 -0.5668987
0.2090000 -36.9012108
0.2100000 9.8489590
0.2110000 -33.5506744
0.2120000 2.5210054
0.2130000 -29.2510662
0.2140000 -5.6874375
0.2150000 -62.3385811
0.2160000 -25.9385853
0.2170000 36.9075699
0.2180000 9.7631330
0.2190000 -41.0650253
0.2200000 -5.7270846
0.2210000 -36.3894653
0.2220000 -41.8220291
0.2230000 64.3814697
0.2240000 61.9635620
0.2250000 8.7707863
0.2260000 -17.2546234
0.2270000 -4.9213371
0.2280000 30.5922356
0.2290000 42.4942551
0.2300000 25.7221146
0.2310000 53.6146622
0.2320000 10.6435680
0.2330000 81.1748199
0.2340000 -22.0495777
0.2350000 -2.7106283
0.2360000 9.9981995
0.2370000 -7.9692221
0.2380000 25.1069164
0.2390000 -3.5101540
0.2400000 -41.4825554
0.2410000 -7.8400564
0.2420000 -14.7634182
0.2430000 -6.8999767
0.2440000 28.5747871
0.2450000 -62.5640221
0.2460000 53.7395439
0.2470000 -17.3085823
0.2480000 24.1768150
0.2490000 -10.5843306
0.2500000 -44.5340996
0.2510000 -7.7133551
0.2520000 24.9086037
0.2530000 -8.7367430
0.2540000 -52.2168732
0.2550000 49.4454613
0.2560000 34.3370895
0.2570000 -24.9865437
0.2580000 -28.4446507
0.2590000 -29.7329826
0.2600000 1.9725864
0.2610000 13.3201122
0.2620000 46.0802879
0.2630000 -48.2637215
0.2640000 -17.1480522
0.2650000 -32.5912056
0.2660000 -0.7083244
0.2670000 15.2325649
0.2680000 19.6199417
0.2690000 -67.5139160
0.2700000 -28.6808739
0.2710000 84.9473267
0.2720000 -19.6254883
0.2730000 -63.0168304
0.2740000 73.2703552
0.2750000 54.1789665
0.2760000 -29.7654800
0.2770000 -17.8591537
0.2780000 -8.4011574
0.2790000 -34.2410469
0.2800000 15.2339420
0.2810000 4.6162748
0.2820000 70.9859009
0.2830000 47.0925293
0.2840000 33.6457634
0.2850000 8.4472723
0.2860000 -20.2651825
0.2870000 -18.2121811
0.2880000 -13.6115217
0.2890000 -64.2722626
0.2900000 -30.7287178
0.2910000 48.4967690
0.2920000 -41.3015442
0.2930000 0.4138840
0.2940000 -20.1984921
0.2950000 -56.3879585
0.2960000 -20.7049713
0.2970000 -12.9516335
0.2980000 -1.1257982
0.2990000 -11.9796715
0.3000000 81.9763565
0.3010000 -2.8539879
0.3020000 23.1700840
0.3030000 -63.4325218
0.3040000 59.2889709
0.3050000 -28.5291023
0.3060000 -25.9581032
0.3070000 -20.9186401
0.3080000 -32.6649323
0.3090000 16.8126793
0.3100000 -5.4799676
0.3110000 -37.4990578
0.3120000 18.6810303
0.3130000 14.9468746
0.3140000 73.1587143
0.3150000 -38.5510864
0.3160000 -2.1392548
0.3170000 5.6873031
0.3180000 -6.0616894
0.3190000 22.4248314
0.3200000 -14.4399519
0.3210000 16.7293510
0.3220000 7.8741655
0.3230000 20.7611485
0.3240000 -56.7903023
0.3250000 20.7393456
0.3260000 -33.9135857
0.3270000 7.9345675
0.3280000 6.0945539
0.3290000 44.2676773
0.3300000 5.3697762
0.3310000 -42.1720772
0.3320000 -22.8144855
0.3330000 36.7363510
0.3340000 80.0933838
0.3350000 -10.1790428
0.3360000 21.5714302
0.3370000 6.2556763
0.3380000 28.9337463
0.3390000 -60.3691940
0.3400000 3.1394348
0.3410000 20.7428703
0.3420000 28.1703892
0.3430000 78.5055618
0.3440000 -19.6656876
0.3450000 40.0814285
0.3460000 92.6438522
0.3470000 49.2063675
0.3480000 -2.4870944
0.3490000 24.7194729
0.3500000 43.3675156
0.3510000 -13.5467319
0.3520000 61.8326530
0.3530000 -30.4139786
0.3540000 2.5378637
0.3550000 -11.8636494
0.3560000 59.9215813
0.3570000 -19.9715042
0.3580000 -45.0488586
0.3590000 10.9872675
0.3600000 60.5342140
0.3610000 25.6567574
0.3620000 -6.9725027
0.3630000 23.1004639
0.3640000 -6.5307279
0.3650000 36.0827446
0.3660000 11.8874664
0.3670000 50.7498283
0.3680000 -4.5605383
0.3690000 -22.7967682
0.3700000 59.0457611
0.3710000 -102.2480011
0.3720000 -64.5417557
0.3730000 -19.9579678
0.3740000 53.7112961
0.3750000 42.5933418
0.3760000 12.9020958
0.3770000 17.5435524
0.3780000 34.2444916
0.3790000 -64.0884781
0.3800000 -32.5431862
0.3810000 49.0958519
0.3820000 35.9218178
0.3830000 101.2058182
0.3840000 59.9875259
0.3850000 -39.9037399
0.3860000 -52.1144714
0.3870000 36.9520836
0.3880000 60.7241669
0.3890000 -31.5251923
0.3900000 -62.5639076
0.3910000 -20.2182236
0.3920000 -8.8046589
0.3930000 -31.5020714
0.3940000 18.4694309
0.3950000 1.0951762
0.3960000 29.9283981
0.3970000 16.1103134
0.3980000 24.8687763
0.3990000 54.5691910
0.4000000 0.9833062
0.4010000 0.2571198
0.4020000 19.9189320
0.4030000 30.0899620
0.4040000 68.3474655
0.4050000 50.8710709
0.4060000 20.8668747
0.4070000 90.3292465
0.4080000 15.5577469
0.4090000 -11.3750582
0.4100000 4.9339828
0.4110000 -26.7693977
0.4120000 -19.0637817
0.4130000 29.7670231
0.4140000 -12.4429922
0.4150000 -9.6719761
0.4160000 8.2241230
0.4170000 11.7591648
0.4180000 -17.7146111
0.4190000 -14.8335600
0.4200000 -35.1834869
0.4210000 -9.3814583
0.4220000 -56.7687531
0.4230000 20.9073410
0.4240000 12.2177525
0.4250000 12.6184225
0.4260000 -3.6912227
0.4270000 28.4955273
0.4280000 7.6346817
0.4290000 -29.7628441
0.4300000 10.6160774
0.4310000 12.8628168
0.4320000 -36.5010376
0.4330000 -8.9956598
0.4340000 31.5147972
0.4350000 20.0746841
0.4360000 26.7237587
0.4370000 -50.4929352
0.4380000 -52.7673111
0.4390000 1.1040630
0.4400000 11.0446653
0.4410000 13.8911934
0.4420000 21.0419693
0.4430000 42.7218628
0.4440000 30.4285488
0.4450000 -24.1881046
0.4460000 -18.5553169
0.4470000 39.1643562
0.4480000 43.4133339
0.4490000 -17.2578392
0.4500000 18.8218994
0.4510000 12.1925735
0.4520000 -31.2924747
0.4530000 -38.9980011
0.4540000 -8.2583580
0.4550000 -66.0073547
0.4560000 21.6443119
0.4570000 -13.0175867
0.4580000 30.1717186
0.4590000 -16.2360497
0.4600000 -17.0636272
0.4610000 40.6172066
0.4620000 -44.2896156
0.4630000 -23.5857944
0.4640000 66.7605667
0.4650000 -35.3020439
0.4660000 -23.9446030
0.4670000 -21.7261295
0.4680000 10.4811621
0.4690000 -44.9729881
0.4700000 7.3257647
0.4710000 -12.1532516
0.4720000 4.1798410
0.4730000 -6.2126007
0.4740000 -7.8826060
0.4750000 50.7730522
0.4760000 -23.5925102
0.4770000 98.3062363
0.4780000 -38.1777382
0.4790000 -22.8416176
0.4800000 -46.7240219
0.4810000 57.5138206
0.4820000 -51.4793053
0.4830000 47.6466599
0.4840000 -24.0721779
0.4850000 -9.4757710
0.4860000 48.7920036
0.4870000 -26.6698151
0.4880000 16.3557949
0.4890000 -20.2173119
0.4900000 14.9532814
0.4910000 60.7300606
0.4920000 2.8875756
0.4930000 34.7884064
0.4940000 -37.0325432
0.4950000 27.8073559
0.4960000 13.7364769
0.4970000 -25.2865753
0.4980000 6.3853083
0.4990000 25.8460674
0.5000000 -21.8366528
0.5010000 13.5412741
0.5020000 9.7639694
0.5030000 -28.5831413
0.5040000 1.2981611
0.5050000 -47.6481972
0.5060000 -51.2314568
0.5070000 -12.2148342
0.5080000 -2.6743507
0.5090000 11.7116919
0.5100000 43.1242523
0.5110000 -24.1697216
0.5120000 32.9492912
0.5130000 -28.4011421
0.5140000 41.9376373
0.5150000 25.7085762
0.5160000 -30.1196175
0.5170000 15.0123596
0.5180000 -11.2355080
0.5190000 36.1843948
0.5200000 -61.7571754
0.5210000 27.6387157
0.5220000 15.2458296
0.5230000 21.7750511
0.5240000 -9.2920332
0.5250000 -26.5610313
0.5260000 36.4420433
0.5270000 -51.5416145
0.5280000 50.3126526
0.5290000 -13.4183826
0.5300000 -2.6952260
0.5310000 -12.3538828
0.5320000 -51.1351814
0.5330000 -1.4641718
0.5340000 31.7100239
0.5350000 -31.2675571
0.5360000 -3.8097694
0.5370000 -44.9839211
0.5380000 64.5461349
0.5390000 -22.3510075
0.5400000 19.8776398
0.5410000 45.3272896
0.5420000 -37.8967667
0.5430000 7.0314679
0.5440000 -28.0595760
0.5450000 2.9419801
0.5460000 7.2295012
0.5470000 -9.8254070
0.5480000 -17.7337914
0.5490000 -43.6312294
0.5500000 50.6255531
0.5510000 41.5768356
0.5520000 -20.7727013
0.5530000 -14.8079414
0.5540000 40.1751213
0.5550000 -23.8278446
0.5560000 38.2658806
0.5570000 -55.3104630
0.5580000 -20.1651287
0.5590000 18.9154968
0.5600000 -10.0755091
0.5610000 -14.8255415
0.5620000 -27.7113438
0.5630000 -11.8890877
0.5640000 -27.8852787
0.5650000 30.4457016
0.5660000 -3.9148068
0.5670000 28.7166271
0.5680000 62.5774384
0.5690000 4.8374500
0.5700000 -40.5673027
0.5710000 -27.2320862
0.5720000 11.1944132
0.5730000 75.4932861
0.5740000 4.5459008
0.5750000 37.4705658
0.5760000 20.6441517
0.5770000 7.3002706
0.5780000 -19.9787598
0.5790000 -6.5417352
0.5800000 -7.5676394
0.5810000 8.7374306
0.5820000 14.5269527
0.5830000 18.9813652
0.5840000 -17.9551048
0.5850000 9.7412252
0.5860000 32.6508827
0.5870000 4.4246860
0.5880000 -39.5724869
0.5890000 34.4971848
0.5900000 18.1273041
0.5910000 80.1717072
0.5920000 30.4413872
0.5930000 -44.9066849
0.5940000 -33.2158585
0.5950000 -15.4517727
0.5960000 28.3833561
0.5970000 15.3314047
0.5980000 68.6488266
0.5990000 -4.4025049
0.6000000 -21.3157597
0.6010000 22.2097168
0.6020000 20.4360180
0.6030000 29.6310234
0.6040000 6.0287647
0.6050000 -1.3814087
0.6060000 -42.7583084
0.6070000 -40.7277870
0.6080000 33.0382881
0.6090000 1.2060448
0.6100000 -18.9953594
0.6110000 8.6847095
0.6120000 -8.4280100
0.6130000 -25.5344009
0.6140000 -16.0588646
0.6150000 -10.6563263
0.6160000 -17.1466560
0.6170000 49.0545197
0.6180000 39.1266060
0.6190000 -56.1023407
0.6200000 -4.4906912
0.6210000 5.9976492
0.6220000 -29.9642944
0.6230000 -44.5391006
0.6240000 64.4889908
0.6250000 -49.0389214
0.6260000 6.2305040
0.6270000 -9.0316362
0.6280000 42.6820068
0.6290000 30.6182423
0.6300000 18.8612556
0.6310000 43.3286057
0.6320000 73.6705551
0.6330000 -16.1943073
0.6340000 -47.4194260
0.6350000 -78.3922501
0.6360000 -16.0159550
0.6370000 -14.9618502
0.6380000 -30.9393482
0.6390000 -46.0320396
0.6400000 81.5740433
0.6410000 -2.8581476
0.6420000 -1.0636851
0.6430000 31.2150974
0.6440000 -62.5685158
0.6450000 0.1979395
0.6460000 -0.6454808
0.6470000 10.0620289
0.6480000 32.1411705
0.6490000 14.6314211
0.6500000 38.5325127
0.6510000 -32.5770874
0.6520000 -80.8058395
0.6530000 75.8844376
0.6540000 -46.4139862
0.6550000 22.3087330
0.6560000 -55.2896118
0.6570000 26.6612473
0.6580000 -26.9756050
0.6590000 9.5998592
0.6600000 -1.6238031
0.6610000 14.6663551
0.6620000 1.8638850
0.6630000 -33.4546204
0.6640000 39.1322365
0.6650000 2.9886746
0.6660000 -30.1260490
0.6670000 -34.9196167
0.6680000 -38.2396278
0.6690000 15.7887840
0.6700000 -8.1489773
0.6710000 -34.3778877
0.6720000 -33.9014854
0.6730000 -24.7662983
0.6740000 -5.5800052
0.6750000 -17.7227211
0.6760000 44.4746170
0.6770000 -35.9793434
0.6780000 9.3109255
0.6790000 19.3478374
0.6800000 77.1179810
0.6810000 -62.7666512
0.6820000 -36.8016701
0.6830000 3.2729919
0.6840000 -24.4030724
0.6850000 -19.5427361
0.6860000 -21.7084675
0.6870000 9.2114649
0.6880000 -9.0374937
0.6890000 32.0775146
0.6900000 48.3335571
0.6910000 28.3375740
0.6920000 -1.2376496
0.6930000 27.6533184
0.6940000 -8.6801472
0.6950000 26.6352577
0.6960000 -39.2871933
0.6970000 -15.0234785
0.6980000 10.2435331
0.6990000 53.3889351
0.7000000 8.8925819
0.7010000 -0.4113048
0.7020000 -23.8095436
0.7030000 -23.2319126
0.7040000 4.4529853
0.7050000 28.2726974
0.7060000 36.5586853
0.7070000 -61.7884789
0.7080000 46.8562126
0.7090000 -6.4727230
0.7100000 26.7023335
0.7110000 47.3006401
0.7120000 20.0619545
0.7130000 7.2970572
0.7140000 15.0813313
0.7150000 -31.9054718
0.7160000 58.0502548
0.7170000 12.3645668
0.7180000 -62.6354256
0.7190000 43.7403030
0.7200000 30.0091667
0.7210000 -9.4552078
0.7220000 -3.2988629
0.7230000 -42.4976883
0.7240000 35.0112801
0.7250000 1.5424720
0.7260000 28.8360023
0.7270000 -0.1773878
0.7280000 -39.7322540
0.7290000 31.2862759
0.7300000 21.3982792
0.7310000 34.7272224
0.7320000 44.6025734
0.7330000 5.7246785
0.7340000 73.1799850
0.7350000 -13.4936876
0.7360000 -21.6043491
0.7370000 59.5355301
0.7380000 25.4264278
0.7390000 20.5702362
0.7400000 68.2536011
0.7410000 51.1485481
0.7420000 46.7838593
0.7430000 12.5340405
0.7440000 10.0699472
0.7450000 -7.1540985
0.7460000 33.7901344
0.7470000 -40.8921547
0.7480000 -0.4269053
0.7490000 -96.3991623
0.7500000 -42.4821014
0.7510000 -0.4158100
0.7520000 -27.7308731
0.7530000 -13.5327091
0.7540000 -12.3483248
0.7550000 -2.9245496
0.7560000 15.0981255
0.7570000 42.5029869
0.7580000 -6.8555698
0.7590000 4.6403546
0.7600000 11.1399803
0.7610000 7.5380058
0.7620000 -4.8124776
0.7630000 -16.0463047
0.7640000 31.5107422
0.7650000 8.0353622
0.7660000 4.7568521
0.7670000 -12.5379171
0.7680000 52.8022499
0.7690000 21.0835800
0.7700000 -44.9356117
0.7710000 -8.6144924
0.7720000 -19.2368698
0.7730000 -30.7395172
0.7740000 13.9731779
0.7750000 -76.1674500
0.7760000 41.7726746
0.7770000 -27.7032909
0.7780000 4.5717053
0.7790000 43.7000542
0.7800000 17.5212688
0.7810000 -28.2544994
0.7820000 8.3845806
0.7830000 49.5561676
0.7840000 -67.9092941
0.7850000 -8.6433210
0.7860000 67.3480453
0.7870000 30.9518604
0.7880000 -32.2063789
0.7890000 -18.8570576
0.7900000 0.9992111
0.7910000 27.5856171
0.7920000 54.0617180
0.7930000 37.9267693
0.7940000 38.8460999
0.7950000 19.1325779
0.7960000 -40.1299591
0.7970000 -41.0871468
0.7980000 59.6387825
0.7990000 -28.3130665
0.8000000 -11.2798843
0.8010000 84.8480453
0.8020000 -39.2037125
0.8030000 22.9274826
0.8040000 -19.6295929
0.8050000 22.7064362
0.8060000 -27.5418987
0.8070000 81.6501312
0.8080000 -14.8857470
0.8090000 -25.4666977
0.8100000 29.2458363
0.8110000 -11.7696486
0.8120000 17.0705090
0.8130000 9.8983974
0.8140000 -80.3664398
0.8150000 17.5009975
0.8160000 -93.3565292
0.8170000 -52.2461395
0.8180000 39.3792229
0.8190000 -30.3254147
0.8200000 -74.2452164
0.8210000 -37.1633682
0.8220000 35.7400246
0.8230000 -36.7211342
0.8240000 23.8733349
0.8250000 -27.0580235
0.8260000 13.7864561
0.8270000 -29.4023247
0.8280000 19.3187447
0.8290000 9.4953699
0.8300000 -5.0167570
0.8310000 22.9985199
0.8320000 -17.4281082
0.8330000 18.6340294
0.8340000 -7.6658897
0.8350000 -34.6554260
0.8360000 -28.1936703
0.8370000 -60.2243500
0.8380000 5.0463309
0.8390000 -54.4487419
0.8400000 -12.0681267
0.8410000 -56.2000618
0.8420000 -33.7028084
0.8430000 -25.4429226
0.8440000 -29.6825867
0.8450000 5.4816523
0.8460000 -1.7428753
0.8470000 -9.8607769
0.8480000 -41.4225082
0.8490000 20.8813915
0.8500000 -33.4230080
0.8510000 13.9630156
0.8520000 -16.6772575
0.8530000 62.7222595
0.8540000 41.1587486
0.8550000 37.9781914
0.8560000 -10.9544182
0.8570000 -4.9353795
0.8580000 -5.3239589
0.8590000 31.1435089
0.8600000 33.3686218
0.8610000 36.3264771
0.8620000 49.8124886
0.8630000 -78.3835831
0.8640000 57.7860641
0.8650000 -41.4258041
0.8660000 12.0200634
0.8670000 32.1628113
0.8680000 12.7853451
0.8690000 -24.3275604
0.8700000 -77.3398361
0.8710000 4.8805799
0.8720000 -25.9432468
0.8730000 8.9518023
0.8740000 -27.4487686
0.8750000 28.7211246
0.8760000 7.3708925
0.8770000 0.8492359
0.8780000 -79.7290726
0.8790000 64.5932770
0.8800000 57.1184006
0.8810000 -37.1990929
0.8820000 3.5186241
0.8830000 -5.9532108
0.8840000 -74.0227737
0.8850000 27.3876781
0.8860000 69.0010910
0.8870000 -24.1503677
0.8880000 -33.8726997
0.8890000 3.2672369
0.8900000 -19.1460838
0.8910000 -8.5174866
0.8920000 41.6830521
0.8930000 15.8191032
0.8940000 20.3555927
0.8950000 -65.5981750
0.8960000 -11.8383884
0.8970000 27.7799320
0.8980000 -19.5649757
0.8990000 37.0656242
0.9000000 39.4694138
0.9010000 6.7526827
0.9020000 -57.0154152
0.9030000 46.9529381
0.9040000 -36.8117447
0.9050000 22.5388374
0.9060000 15.0775051
0.9070000 36.0832329
0.9080000 -14.6883068
0.9090000 13.9905834
0.9100000 43.3538971
0.9110000 22.9046650
0.9120000 -6.1850028
0.9130000 5.9821291
0.9140000 17.8091030
0.9150000 -35.5465965
0.9160000 37.1625366
0.9170000 -1.0084479
0.9180000 -38.2388992
0.9190000 18.7064934
0.9200000 13.4118586
0.9210000 62.9863777
0.9220000 -50.8939438
0.9230000 33.7141113
0.9240000 18.6689835
0.9250000 27.1431446
0.9260000 -2.2994690
0.9270000 20.0352211
0.9280000 2.7171907
0.9290000 -41.5110626
0.9300000 54.7950935
0.9310000 -11.5116787
0.9320000 -5.7610097
0.9330000 -29.6423244
0.9340000 37.3397903
0.9350000 -49.6890564
0.9360000 0.0802724
0.9370000 81.9405136
0.9380000 -25.2922516
0.9390000 -25.6566143
0.9400000 19.1132011
0.9410000 28.2141991
0.9420000 41.6453285
0.9430000 -7.6434908
0.9440000 -12.2925510
0.9450000 19.7819443
0.9460000 -14.3830128
0.9470000 5.1941190
0.9480000 -53.1426964
0.9490000 2.9193444
0.9500000 -11.8329897
0.9510000 -1.5849487
0.9520000 -39.9041061
0.9530000 13.8176823
0.9540000 -13.4032469
0.9550000 5.3818407
0.9560000 35.3985901
0.9570000 21.4615402
0.9580000 -22.6884937
0.9590000 20.0952091
0.9600000 17.9314079
0.9610000 -45.0189362
0.9620000 39.7311554
0.9630000 28.9709835
0.9640000 3.4656565
0.9650000 41.2561722
0.9660000 -42.4604607
0.9670000 36.7731133
0.9680000 -0.0232027
0.9690000 -2.5786450
0.9700000 30.3826561
0.9710000 -23.6364250
0.9720000 -22.6585598
0.9730000 -24.4264088
0.9740000 -6.6379561
0.9750000 -42.0450287
0.9760000 14.3971586
0.9770000 -55.6382370
0.9780000 -39.4532928
0.9790000 40.6744232
0.9800000 3.1737819
0.9810000 -23.2361355
0.9820000 2.2237825
0.9830000 -64.7435684
0.9840000 -11.7827930
0.9850000 -0.9321135
0.9860000 -67.1608582
0.9870000 -53.5473557
0.9880000 -42.9934120
0.9890000 51.1588974
0.9900000 15.0038052
0.9910000 25.2468796
0.9920000 -38.1185951
0.9930000 -34.7562218
0.9940000 -25.7244415
0.9950000 -3.5871832
0.9960000 21.2913437
0.9970000 -30.0567245
0.9980000 14.0952234
0.9990000 -4.7210641
