0.0000000 52.0243492
0.0010000 61.3588943
0.0020000 9.9262190
0.0030000 -40.9136314
0.0040000 3.7842941
0.0050000 -20.9139690
0.0060000 46.2462387
0.0070000 -23.2598686
0.0080000 -3.3222938
0.0090000 -83.1693344
0.0100000 -22.3584862
0.0110000 -28.6299477
0.0120000 -41.6241188
0.0130000 -29.7274723
0.0140000 41.7667274
0.0150000 -17.2144318
0.0160000 -46.6997070
0.0170000 46.2696228
0.0180000 -51.6871223
0.0190000 -5.2328548
0.0200000 -17.2357330
0.0210000 -36.8544731
0.0220000 36.2678909
0.0230000 -4.2428207
0.0240000 14.8925676
0.0250000 34.1184387
0.0260000 -42.9023285
0.0270000 2.0342605
0.0280000 80.0495453
0.0290000 42.6656799
0.0300000 -36.8758850
0.0310000 -33.8709946
0.0320000 -36.7594452
0.0330000 54.5761871
0.0340000 17.8981609
0.0350000 -8.5348186
0.0360000 0.5349411
0.0370000 -63.2107430
0.0380000 -21.6674271
0.0390000 -5.6723275
0.0400000 21.0639668
0.0410000 16.5786934
0.0420000 11.9107323
0.0430000 19.1943607
0.0440000 49.8052979
0.0450000 -10.4696808
0.0460000 -45.8239250
0.0470000 -27.2589779
0.0480000 -87.0426712
0.0490000 -14.9694395
0.0500000 11.7654438
0.0510000 -16.1566353
0.0520000 5.9396300
0.0530000 42.1887894
0.0540000 1.3027916
0.0550000 -33.7709923
0.0560000 -21.6226311
0.0570000 44.6215820
0.0580000 5.6398573
0.0590000 15.5097990
0.0600000 1.2335362
0.0610000 -34.4139786
0.0620000 43.8503647
0.0630000 -14.5222034
0.0640000 -17.6965256
0.0650000 -18.8309288
0.0660000 -31.0631409
0.0670000 -14.9339848
0.0680000 32.2640648
0.0690000 8.5671930
0.0700000 22.5738506
0.0710000 -32.2031021
0.0720000 64.2451630
0.0730000 -21.2197342
0.0740000 -26.2862701
0.0750000 -82.3078461
0.0760000 -11.7623615
0.0770000 34.9727859
0.0780000 -67.1336517
0.0790000 -30.4414558
0.0800000 -11.4933176
0.0810000 -11.5535545
0.0820000 -17.3602371
0.0830000 -2.4508157
0.0840000 -24.4263325
0.0850000 -39.2300758
0.0860000 -47.3680649
0.0870000 29.2467365
0.0880000 38.5450401
0.0890000 26.5647736
0.0900000 -17.3159695
0.0910000 -72.8328857
0.0920000 -8.5911655
0.0930000 95.1269760
0.0940000 -25.9332733
0.0950000 -52.5638657
0.0960000 -79.1717606
0.0970000 12.0091171
0.0980000 31.6606178
0.0990000 23.0767479
0.1000000 -19.9718113
0.1010000 42.0907822
0.1020000 -0.9556823
0.1030000 4.8292599
0.1040000 -17.1146679
0.1050000 27.4019508
0.1060000 -27.8334942
0.1070000 56.1025085
0.1080000 16.3881111
0.1090000 26.4585247
0.1100000 63.9919281
0.1110000 -19.4408550
0.1120000 20.9943161
0.1130000 -27.4737206
0.1140000 -31.7837639
0.1150000 14.9433546
0.1160000 -9.6465864
0.1170000 24.0149422
0.1180000 -85.2314835
0.1190000 -19.2284908
0.1200000 3.2866251
0.1210000 84.1107483
0.1220000 42.7592659
0.1230000 49.1245117
0.1240000 14.2703276
0.1250000 -50.0065918
0.1260000 8.2863531
0.1270000 6.2680192
0.1280000 9.5781717
0.1290000 -17.8314381
0.1300000 6.2015643
0.1310000 -19.8958054
0.1320000 -44.9864082
0.1330000 -19.9142876
0.1340000 -2.4474347
0.1350000 43.8708878
0.1360000 -21.1089630
0.1370000 21.4038067
0.1380000 -31.3128529
0.1390000 73.7442169
0.1400000 31.7198505
0.1410000 -15.9086075
0.1420000 7.0908809
0.1430000 -28.0344067
0.1440000 -3.3565588
0.1450000 7.4666529
0.1460000 13.4468594
0.1470000 -0.9659966
0.1480000 5.6229892
0.1490000 -13.5292149
0.1500000 -62.9981232
0.1510000 2.5102432
0.1520000 5.3616438
0.1530000 4.8123841
0.1540000 -47.3352928
0.1550000 32.4732056
0.1560000 13.2785158
0.1570000 11.3513060
0.1580000 -12.7580080
0.1590000 7.2907319
0.1600000 30.5145855
0.1610000 -22.6909924
0.1620000 -27.7027702
0.1630000 7.1908712
0.1640000 -30.9274597
0.1650000 41.6739998
0.1660000 48.3810883
0.1670000 -63.6504669
0.1680000 -59.2826500
0.1690000 -23.9939461
0.1700000 -52.4484367
0.1710000 42.5043640
0.1720000 -54.9069443
0.1730000 0.7402889
0.1740000 27.4822483
0.1750000 -22.9968338
0.1760000 -68.5938721
0.1770000 15.3577194
0.1780000 -9.3793707
0.1790000 -71.0328293
0.1800000 -16.3610363
0.1810000 19.7667065
0.1820000 11.6914358
0.1830000 20.1052990
0.1840000 -46.9083481
0.1850000 -11.3137178
0.1860000 43.2595406
0.1870000 -0.2711516
0.1880000 -4.8796759
0.1890000 -0.1206015
0.1900000 35.2057495
0.1910000 35.6820107
0.1920000 37.6590271
0.1930000 -4.4364886
0.1940000 -24.2493267
0.1950000 9.3116121
0.1960000 -5.6178713
0.1970000 -72.0697708
0.1980000 62.1685562
0.1990000 25.7535877
0.2000000 -6.0201921
0.2010000 33.8179398
0.2020000 62.7099342
0.2030000 48.0132523
0.2040000 21.3616886
0.2050000 -16.5432777
0.2060000 -5.5481219
0.2070000 37.7285385
0.2080000 -63.3117180
0.2090000 -19.1172428
0.2100000 -50.6666451
0.2110000 10.9003649
0.2120000 -18.1908569
0.2130000 14.0161295
0.2140000 0.2550541
0.2150000 -25.2215633
0.2160000 -49.6390839
0.2170000 51.9684944
0.2180000 -54.9796829
0.2190000 -47.6056671
0.2200000 1.9315220
0.2210000 -4.3151946
0.2220000 52.7926750
0.2230000 -47.6872253
0.2240000 16.8595009
0.2250000 -43.5948639
0.2260000 2.8008161
0.2270000 33.6773109
0.2280000 29.6361256
0.2290000 8.6148710
0.2300000 40.0876884
0.2310000 54.3169861
0.2320000 -6.5310535
0.2330000 -31.0780888
0.2340000 -12.9751663
0.2350000 -5.9840994
0.2360000 2.8046350
0.2370000 21.7665081
0.2380000 25.2822189
0.2390000 -18.4901505
0.2400000 -27.3168545
0.2410000 19.1478863
0.2420000 35.0262642
0.2430000 -58.8966522
0.2440000 34.4474068
0.2450000 17.8527737
0.2460000 -13.3429241
0.2470000 9.1473312
0.2480000 -1.1905589
0.2490000 79.9373016
0.2500000 12.5093117
0.2510000 -39.4982872
0.2520000 -10.5296602
0.2530000 -87.1319351
0.2540000 -46.3942871
0.2550000 15.1192417
0.2560000 -46.9701691
0.2570000 7.0865893
0.2580000 -41.9275932
0.2590000 47.1600685
0.2600000 -90.1496201
0.2610000 27.8024387
0.2620000 9.5025177
0.2630000 -70.5338364
0.2640000 3.1177409
0.2650000 -43.6458893
0.2660000 -28.9876099
0.2670000 13.9219379
0.2680000 -33.5029869
0.2690000 -71.2509232
0.2700000 34.3754158
0.2710000 7.7527857
0.2720000 12.8875532
0.2730000 -47.5427399
0.2740000 18.0061474
0.2750000 -49.6496887
0.2760000 -27.1935329
0.2770000 -3.3633599
0.2780000 -20.7405071
0.2790000 1.5069396
0.2800000 -11.5759525
0.2810000 -14.1186209
0.2820000 22.6185474
0.2830000 4.3717623
0.2840000 -9.1135197
0.2850000 9.3178759
0.2860000 -42.2585106
0.2870000 -46.1213875
0.2880000 8.3178539
0.2890000 -43.2207947
0.2900000 -29.1921844
0.2910000 7.1937079
0.2920000 -31.8318291
0.2930000 -8.9280920
0.2940000 25.8603745
0.2950000 -13.0870094
0.2960000 -20.9792557
0.2970000 35.2399216
0.2980000 -60.6552887
0.2990000 -18.1537857
0.3000000 48.4155998
0.3010000 -2.9691772
0.3020000 24.9321804
0.3030000 19.6374874
0.3040000 -24.4311047
0.3050000 -35.0168762
0.3060000 -41.5881462
0.3070000 -22.5136852
0.3080000 19.5619068
0.3090000 16.8981705
0.3100000 4.2338600
0.3110000 -38.8244705
0.3120000 -54.8470383
0.3130000 3.3500028
0.3140000 4.5716767
0.3150000 -0.9805599
0.3160000 37.3459854
0.3170000 19.5609741
0.3180000 4.2203894
0.3190000 -13.0935116
0.3200000 -49.6073837
0.3210000 13.0072775
0.3220000 -0.2123976
0.3230000 33.5792618
0.3240000 0.7139668
0.3250000 -27.4210644
0.3260000 -20.6184578
0.3270000 52.9278984
0.3280000 -4.0194740
0.3290000 -4.5556912
0.3300000 -31.8722763
0.3310000 58.6352615
0.3320000 -18.7038612
0.3330000 2.0723295
0.3340000 18.4063034
0.3350000 52.2731476
0.3360000 -25.0249100
0.3370000 -11.1566591
0.3380000 63.0665970
0.3390000 5.5528502
0.3400000 40.6976242
0.3410000 28.4777508
0.3420000 45.1547775
0.3430000 6.3017330
0.3440000 -92.0173569
0.3450000 34.6289177
0.3460000 11.2703314
0.3470000 -49.4229431
0.3480000 10.6862259
0.3490000 13.1189938
0.3500000 -83.6016617
0.3510000 -14.0885334
0.3520000 -2.2385216
0.3530000 -13.0526447
0.3540000 8.3705454
0.3550000 62.4972801
0.3560000 5.6114640
0.3570000 -55.7389336
0.3580000 -2.7934322
0.3590000 21.5037746
0.3600000 45.8298531
0.3610000 13.7502766
0.3620000 -4.8595796
0.3630000 -63.3835144
0.3640000 -26.0554199
0.3650000 -8.1009817
0.3660000 33.7345543
0.3670000 11.8842926
0.3680000 -39.7504387
0.3690000 -4.4802980
0.3700000 36.4994659
0.3710000 -3.8730459
0.3720000 4.4515209
0.3730000 46.4316597
0.3740000 21.3429279
0.3750000 -30.1379070
0.3760000 -10.1527147
0.3770000 -57.4535027
0.3780000 -45.4167023
0.3790000 -36.9459534
0.3800000 -32.9563217
0.3810000 -14.3059473
0.3820000 47.0010681
0.3830000 11.0120964
0.3840000 0.7450199
0.3850000 47.9627228
0.3860000 -14.9531975
0.3870000 54.4861145
0.3880000 16.5736542
0.3890000 -23.7132282
0.3900000 16.8623028
0.3910000 -5.9725738
0.3920000 -57.5273819
0.3930000 26.2597828
0.3940000 -12.2961884
0.3950000 -21.4639854
0.3960000 -19.4906616
0.3970000 28.2134876
0.3980000 -8.0085678
0.3990000 30.1922665
0.4000000 -53.6364784
0.4010000 -14.4011402
0.4020000 24.4945946
0.4030000 51.3906136
0.4040000 5.4382935
0.4050000 23.1250343
0.4060000 -2.9555516
0.4070000 -6.8679485
0.4080000 15.7681990
0.4090000 18.9120159
0.4100000 -11.5234804
0.4110000 -12.6058102
0.4120000 -20.5984650
0.4130000 4.0331244
0.4140000 -23.7466507
0.4150000 44.8046722
0.4160000 12.0476513
0.4170000 -3.2299984
0.4180000 -6.8749261
0.4190000 -9.4080238
0.4200000 45.7428474
0.4210000 72.0922928
0.4220000 34.4682579
0.4230000 -16.3799763
0.4240000 18.8640881
0.4250000 25.9529953
0.4260000 -11.2163982
0.4270000 -107.9577942
0.4280000 33.9561348
0.4290000 -3.0824075
0.4300000 -37.7888069
0.4310000 11.0750799
0.4320000 -10.5400066
0.4330000 50.9913216
0.4340000 51.7395859
0.4350000 21.8090630
0.4360000 1.7200991
0.4370000 32.2286987
0.4380000 -44.7065468
0.4390000 20.6174583
0.4400000 25.5396614
0.4410000 5.0676813
0.4420000 39.8986816
0.4430000 -3.1864877
0.4440000 7.7910581
0.4450000 -10.9776535
0.4460000 67.3543015
0.4470000 -23.3848133
0.4480000 -3.2798798
0.4490000 -1.6322520
0.4500000 -22.5868301
0.4510000 -27.7366581
0.4520000 40.6084862
0.4530000 -19.4318657
0.4540000 -8.1854439
0.4550000 34.3032646
0.4560000 9.7210569
0.4570000 40.6489868
0.4580000 31.1855545
0.4590000 -17.5795708
0.4600000 -15.2025785
0.4610000 -28.0512486
0.4620000 -37.6673317
0.4630000 -24.9881382
0.4640000 37.6344643
0.4650000 12.5128040
0.4660000 -36.8715858
0.4670000 -21.5634003
0.4680000 -28.1897869
0.4690000 -17.9033279
0.4700000 -24.4700985
0.4710000 -86.5556259
0.4720000 -47.9375153
0.4730000 -3.3004153
0.4740000 -17.9831104
0.4750000 -41.3060379
0.4760000 -22.0540619
0.4770000 0.5156595
0.4780000 -61.8008385
0.4790000 6.1074224
0.4800000 -22.7265549
0.4810000 26.4609432
0.4820000 41.1623116
0.4830000 3.1780527
0.4840000 -32.8262558
0.4850000 97.3166656
0.4860000 7.0137906
0.4870000 15.1140928
0.4880000 20.2532406
0.4890000 -14.3764687
0.4900000 36.3916893
0.4910000 -58.7533188
0.4920000 -41.3909607
0.4930000 -22.0216484
0.4940000 -62.5586624
0.4950000 8.1097813
0.4960000 21.0858326
0.4970000 63.7546921
0.4980000 39.8426437
0.4990000 -6.8209972
0.5000000 64.7003021
0.5010000 35.8329697
0.5020000 15.6035957
0.5030000 -45.5682411
0.5040000 -28.2297058
0.5050000 -48.0968590
0.5060000 -31.0664902
0.5070000 -23.5081997
0.5080000 -1.3640106
0.5090000 -42.8092041
0.5100000 -1.7891575
0.5110000 -11.6757488
0.5120000 -20.9638729
0.5130000 -70.6673889
0.5140000 -10.8660307
0.5150000 36.6261215
0.5160000 11.0598898
0.5170000 -7.0318375
0.5180000 17.8073215
0.5190000 24.4224091
0.5200000 27.0889435
0.5210000 -20.4115906
0.5220000 29.2783604
0.5230000 -73.0051575
0.5240000 10.1457863
0.5250000 -25.7454300
0.5260000 17.0705109
0.5270000 -6.0027089
0.5280000 3.4817832
0.5290000 -51.1894188
0.5300000 -29.2212887
0.5310000 -3.6276274
0.5320000 -41.9096985
0.5330000 -42.3076935
0.5340000 -28.7886505
0.5350000 -20.7810059
0.5360000 18.6412010
0.5370000 33.1276627
0.5380000 67.0763855
0.5390000 4.8056192
0.5400000 -31.4720287
0.5410000 -13.3711996
0.5420000 -30.8311596
0.5430000 -41.6399117
0.5440000 10.1169167
0.5450000 14.3742170
0.5460000 14.2521677
0.5470000 -7.8360968
0.5480000 -14.7280340
0.5490000 26.3002777
0.5500000 25.3394718
0.5510000 5.1937842
0.5520000 15.6872320
0.5530000 15.8687973
0.5540000 -1.2260586
0.5550000 38.5868378
0.5560000 -9.2201338
0.5570000 -18.3381062
0.5580000 -17.9617519
0.5590000 -5.5700912
0.5600000 -21.7612858
0.5610000 -17.0903778
0.5620000 4.5370731
0.5630000 44.6296005
0.5640000 12.4055700
0.5650000 -42.8255959
0.5660000 13.3759365
0.5670000 1.3953470
0.5680000 -2.4284797
0.5690000 26.7320709
0.5700000 55.5302277
0.5710000 -45.2232780
0.5720000 -1.4467920
0.5730000 38.8155174
0.5740000 -12.5968895
0.5750000 -56.7880440
0.5760000 6.3122234
0.5770000 35.4317055
0.5780000 45.5005493
0.5790000 41.7905807
0.5800000 6.2816291
0.5810000 -15.9862280
0.5820000 49.8123474
0.5830000 18.2201519
0.5840000 -16.5951538
0.5850000 -6.8907027
0.5860000 31.0501728
0.5870000 28.8239784
0.5880000 82.2388992
0.5890000 -30.2726765
0.5900000 12.0081549
0.5910000 28.8879452
0.5920000 50.4117889
0.5930000 -80.5902405
0.5940000 9.7488737
0.5950000 73.2920761
0.5960000 -36.8383217
0.5970000 1.0963362
0.5980000 -21.2707329
0.5990000 26.2137489
0.6000000 -9.1317635
0.6010000 -8.3429565
0.6020000 -38.3601723
0.6030000 15.6516609
0.6040000 2.3505569
0.6050000 -21.7261734
0.6060000 -46.3020058
0.6070000 35.8112221
0.6080000 -74.1179199
0.6090000 47.1672592
0.6100000 62.1907997
0.6110000 -9.6819715
0.6120000 -8.3105841
0.6130000 32.1967239
0.6140000 83.6155014
0.6150000 -22.2219906
0.6160000 70.8924942
0.6170000 -57.9904976
0.6180000 52.6866875
0.6190000 -54.0226974
0.6200000 -11.5493517
0.6210000 -33.0431709
0.6220000 -25.9620438
0.6230000 -11.0396986
0.6240000 -47.0879745
0.6250000 30.7689304
0.6260000 23.9647655
0.6270000 -24.9877701
0.6280000 47.6861763
0.6290000 26.3843899
0.6300000 60.4980049
0.6310000 8.1738491
0.6320000 14.7722502
0.6330000 -58.5706215
0.6340000 1.2997226
0.6350000 -31.5038109
0.6360000 28.3415718
0.6370000 -2.3818300
0.6380000 -29.3243332
0.6390000 -86.5709839
0.6400000 33.2499008
0.6410000 -26.1125488
0.6420000 45.9125824
0.6430000 13.5794277
0.6440000 42.0270844
0.6450000 -16.9164600
0.6460000 -20.8432198
0.6470000 -9.7896175
0.6480000 -18.7000313
0.6490000 -14.1534147
0.6500000 -30.9214325
0.6510000 -52.0020485
0.6520000 -51.8800888
0.6530000 -5.9029379
0.6540000 5.1894112
0.6550000 28.5888214
0.6560000 33.2959099
0.6570000 15.4712982
0.6580000 -1.6653905
0.6590000 -51.1278038
0.6600000 1.8171452
0.6610000 -10.2474461
0.6620000 -24.9228687
0.6630000 6.2185068
0.6640000 21.6126556
0.6650000 31.6978550
0.6660000 -30.3321571
0.6670000 27.9137554
0.6680000 55.5785637
0.6690000 23.3625507
0.6700000 46.7581520
0.6710000 -24.0925236
0.6720000 -26.1924877
0.6730000 45.2719574
0.6740000 33.4050484
0.6750000 -33.7602997
0.6760000 45.7953568
0.6770000 47.1773796
0.6780000 -76.1095047
0.6790000 28.6376820
0.6800000 -39.8479347
0.6810000 -16.9628181
0.6820000 -33.4667511
0.6830000 -22.4949303
0.6840000 5.9877119
0.6850000 30.0878334
0.6860000 22.5548878
0.6870000 -12.2786331
0.6880000 -10.9461012
0.6890000 26.1332397
0.6900000 -38.2273254
0.6910000 -4.0044522
0.6920000 61.3767700
0.6930000 -76.9350357
0.6940000 -14.6705685
0.6950000 -10.0481281
0.6960000 4.3379731
0.6970000 -51.7403221
0.6980000 -21.2993526
0.6990000 36.2512856
0.7000000 27.4645653
0.7010000 45.3347092
0.7020000 19.6278934
0.7030000 -7.7801409
0.7040000 -27.7184143
0.7050000 46.0354652
0.7060000 69.7676315
0.7070000 -10.5823622
0.7080000 -15.1041632
0.7090000 6.2039709
0.7100000 6.9551320
0.7110000 43.3312187
0.7120000 49.5816193
0.7130000 -46.8854637
0.7140000 -26.3857651
0.7150000 -44.4740753
0.7160000 -21.8647804
0.7170000 36.2415848
0.7180000 30.8576546
0.7190000 19.7203789
0.7200000 -8.5885191
0.7210000 -17.1393433
0.7220000 12.8819914
0.7230000 -50.2744942
0.7240000 -61.1120186
0.7250000 -47.6450577
0.7260000 -0.3286220
0.7270000 39.1254997
0.7280000 0.6925901
0.7290000 30.6483383
0.7300000 75.1964798
0.7310000 -2.3263476
0.7320000 -9.2610092
0.7330000 -64.0387115
0.7340000 14.6020899
0.7350000 -4.5396123
0.7360000 41.6896477
0.7370000 33.3374290
0.7380000 -60.3313026
0.7390000 50.5940247
0.7400000 -15.3638411
0.7410000 29.3441525
0.7420000 74.7328644
0.7430000 17.8846912
0.7440000 17.8152161
0.7450000 -11.8355398
0.7460000 -4.4936018
0.7470000 1.6656802
0.7480000 -54.9518929
0.7490000 -22.0956688
0.7500000 -12.0707283
0.7510000 -0.6128535
0.7520000 -2.1999452
0.7530000 -6.6913319
0.7540000 -18.7437363
0.7550000 3.3911321
0.7560000 -3.8126051
0.7570000 -6.9994125
0.7580000 -8.1703825
0.7590000 -26.5881653
0.7600000 -13.0272398
0.7610000 5.8179007
0.7620000 -7.8258729
0.7630000 3.9049795
0.7640000 39.2757988
0.7650000 24.3955746
0.7660000 28.6884422
0.7670000 94.9224777
0.7680000 -17.8358612
0.7690000 22.9994011
0.7700000 -11.8973131
0.7710000 16.4346924
0.7720000 8.1479435
0.7730000 -7.3981385
0.7740000 -61.5986099
0.7750000 57.0674477
0.7760000 34.6992531
0.7770000 -13.1262560
0.7780000 6.7524362
0.7790000 31.0624313
0.7800000 1.0439097
0.7810000 40.3108673
0.7820000 -17.1841927
0.7830000 13.0993423
0.7840000 -49.9466209
0.7850000 -25.8669567
0.7860000 -35.2928658
0.7870000 6.5441065
0.7880000 -39.0188560
0.7890000 -69.1038055
0.7900000 7.5191550
0.7910000 -51.5646629
0.7920000 -4.3478537
0.7930000 -39.3415718
0.7940000 -13.8956709
0.7950000 -15.8430128
0.7960000 -79.3376541
0.7970000 -15.9308405
0.7980000 -9.8492622
0.7990000 5.8429098
0.8000000 -25.9442520
0.8010000 -96.2604752
0.8020000 -55.5560341
0.8030000 15.7742491
0.8040000 -20.0796185
0.8050000 26.1656151
0.8060000 25.3931313
0.8070000 38.9956703
0.8080000 23.3426781
0.8090000 96.4294510
0.8100000 -8.0211411
0.8110000 51.7260818
0.8120000 43.7262573
0.8130000 -15.8228006
0.8140000 -16.4613628
0.8150000 -40.8736572
0.8160000 18.2345390
0.8170000 -6.8281827
0.8180000 -45.4275246
0.8190000 -41.7427559
0.8200000 -35.0050087
0.8210000 -31.1219387
0.8220000 8.9239740
0.8230000 40.1941566
0.8240000 -6.0609164
0.8250000 -1.7981020
0.8260000 -24.7829304
0.8270000 31.3817711
0.8280000 11.4946003
0.8290000 -13.6918497
0.8300000 -32.7219276
0.8310000 25.2198296
0.8320000 -42.0631752
0.8330000 5.1180263
0.8340000 -27.4158707
0.8350000 7.0112720
0.8360000 19.2133789
0.8370000 -8.3952341
0.8380000 -16.4832039
0.8390000 23.1059856
0.8400000 1.4894819
0.8410000 -70.0034103
0.8420000 70.5782242
0.8430000 -18.9614124
0.8440000 34.4935379
0.8450000 21.7834053
0.8460000 42.5431442
0.8470000 -15.9790936
0.8480000 9.3119621
0.8490000 37.5026436
0.8500000 47.1047592
0.8510000 -52.3783302
0.8520000 -18.9667778
0.8530000 -32.1934242
0.8540000 6.1992035
0.8550000 -97.2608261
0.8560000 1.5645428
0.8570000 -40.4938927
0.8580000 17.2962437
0.8590000 -0.2549590
0.8600000 -16.2086372
0.8610000 2.5198562
0.8620000 16.3764172
0.8630000 -18.1698666
0.8640000 44.3188248
0.8650000 -29.4030800
0.8660000 30.2372627
0.8670000 -49.4189034
0.8680000 -7.0637012
0.8690000 -66.4258881
0.8700000 49.4302063
0.8710000 -53.2455788
0.8720000 -4.0871606
0.8730000 4.2014546
0.8740000 -121.8827133
0.8750000 -33.5833321
0.8760000 16.0041580
0.8770000 7.3236003
0.8780000 98.2775574
0.8790000 -12.4797831
0.8800000 4.5167170
0.8810000 -8.3498926
0.8820000 -61.3161392
0.8830000 18.0769863
0.8840000 9.7347984
0.8850000 -1.3924129
0.8860000 -35.9969139
0.8870000 -1.8618759
0.8880000 -36.6656342
0.8890000 -32.3625488
0.8900000 12.3146439
0.8910000 42.5111389
0.8920000 7.8513436
0.8930000 36.0096054
0.8940000 14.1398687
0.8950000 -67.3738708
0.8960000 -66.5807190
0.8970000 48.9608040
0.8980000 4.3984218
0.8990000 -28.7670231
0.9000000 28.1259632
0.9010000 24.2989025
0.9020000 58.2534981
0.9030000 -7.8993254
0.9040000 -63.9405594
0.9050000 36.3723526
0.9060000 9.3603668
0.9070000 -0.7210437
0.9080000 -7.1573100
0.9090000 -24.6510258
0.9100000 -90.7492142
0.9110000 -41.0525818
0.9120000 -41.8954773
0.9130000 38.0053558
0.9140000 24.0476761
0.9150000 -2.9122922
0.9160000 74.3178177
0.9170000 30.4488564
0.9180000 11.1028605
0.9190000 40.1316338
0.9200000 27.2552395
0.9210000 9.4045820
0.9220000 -72.1973572
0.9230000 133.1830597
0.9240000 -7.2918696
0.9250000 9.4927082
0.9260000 4.2828641
0.9270000 -38.5798454
0.9280000 104.3473816
0.9290000 -8.2220974
0.9300000 27.3849697
0.9310000 -18.5124512
0.9320000 23.1261883
0.9330000 53.7032242
0.9340000 -1.5591213
0.9350000 -27.4945526
0.9360000 4.9255757
0.9370000 72.8866882
0.9380000 -10.5749969
0.9390000 76.5924988
0.9400000 -15.0232878
0.9410000 25.9518776
0.9420000 -25.6808014
0.9430000 -52.3176079
0.9440000 -5.6654491
0.9450000 43.0139771
0.9460000 -5.8556571
0.9470000 28.0624733
0.9480000 -37.7818680
0.9490000 -29.0077305
0.9500000 -30.0119991
0.9510000 39.7691536
0.9520000 14.4434290
0.9530000 -10.6039362
0.9540000 1.4897233
0.9550000 20.8144722
0.9560000 -54.3080902
0.9570000 2.1636202
0.9580000 20.3377018
0.9590000 -14.1374760
0.9600000 -23.4645004
0.9610000 23.8178806
0.9620000 -34.8452339
0.9630000 -96.1854553
0.9640000 1.7026507
0.9650000 14.5619192
0.9660000 43.4967766
0.9670000 19.1023178
0.9680000 -15.1851606
0.9690000 1.2656541
0.9700000 42.8958435
0.9710000 61.0028076
0.9720000 16.1284370
0.9730000 -29.6826782
0.9740000 -40.5108643
0.9750000 27.0133018
0.9760000 0.5980231
0.9770000 30.5981140
0.9780000 76.6881027
0.9790000 -63.3649368
0.9800000 29.8375473
0.9810000 7.1807408
0.9820000 18.0043640
0.9830000 2.6242483
0.9840000 -1.0039557
0.9850000 34.9754753
0.9860000 15.0117006
0.9870000 60.8299026
0.9880000 24.3256989
0.9890000 38.9711609
0.9900000 5.8188848
0.9910000 -6.2195778
0.9920000 -10.1745367
0.9930000 -22.0454884
0.9940000 65.9699783
0.9950000 -29.2842216
0.9960000 -64.5006409
0.9970000 -5.5499406
0.9980000 17.1670132
0.9990000 -0.6189588
