0.0000000 9.0474205
0.0010000 24.5596886
0.0020000 2.3566890
0.0030000 -7.8440795
0.0040000 -95.9322357
0.0050000 16.6586552
0.0060000 76.9991608
0.0070000 18.8028545
0.0080000 -18.5606709
0.0090000 19.0478191
0.0100000 24.7454605
0.0110000 -30.2877922
0.0120000 16.1898689
0.0130000 -16.2194710
0.0140000 0.2375706
0.0150000 -2.5891516
0.0160000 -22.1606884
0.0170000 -11.5457678
0.0180000 27.2537994
0.0190000 -17.5479336
0.0200000 -20.8488235
0.0210000 -8.7593527
0.0220000 -1.6416948
0.0230000 -20.8354225
0.0240000 55.9145012
0.0250000 -5.6834111
0.0260000 7.7015109
0.0270000 13.9327488
0.0280000 -25.2799702
0.0290000 44.3330002
0.0300000 1.6297965
0.0310000 28.2956734
0.0320000 54.6823349
0.0330000 -17.6718540
0.0340000 34.3389587
0.0350000 45.1860352
0.0360000 59.7067299
0.0370000 -25.7162418
0.0380000 4.8047595
0.0390000 51.0177345
0.0400000 -1.7598749
0.0410000 25.7754002
0.0420000 -41.8670998
0.0430000 -54.5174561
0.0440000 -33.1479340
0.0450000 -42.4193382
0.0460000 5.3613949
0.0470000 -9.1886482
0.0480000 71.9620743
0.0490000 -29.3958950
0.0500000 -0.9320759
0.0510000 -19.4773922
0.0520000 -16.0280151
0.0530000 -29.8608437
0.0540000 0.0349840
0.0550000 7.6827970
0.0560000 -72.0177689
0.0570000 -67.5824280
0.0580000 -33.2177544
0.0590000 26.1535397
0.0600000 19.0027733
0.0610000 87.4937897
0.0620000 14.3726349
0.0630000 6.1352777
0.0640000 29.5262432
0.0650000 18.8906498
0.0660000 -30.0925713
0.0670000 13.5554752
0.0680000 -58.6972275
0.0690000 -11.7808504
0.0700000 -21.6014977
0.0710000 -5.0822062
0.0720000 16.8460712
0.0730000 -15.5386219
0.0740000 7.0131283
0.0750000 69.2660446
0.0760000 -16.9135933
0.0770000 24.3326263
0.0780000 5.8919010
0.0790000 15.0732365
0.0800000 -23.8819351
0.0810000 -7.6915174
0.0820000 -63.0677223
0.0830000 34.1549263
0.0840000 70.4950943
0.0850000 -7.7188215
0.0860000 -61.2792091
0.0870000 7.5225282
0.0880000 -27.5960541
0.0890000 16.1922474
0.0900000 18.3016224
0.0910000 46.1687698
0.0920000 46.0152245
0.0930000 -21.9773140
0.0940000 16.2658577
0.0950000 -29.6240387
0.0960000 69.7672119
0.0970000 9.3709803
0.0980000 -26.6793709
0.0990000 21.0077515
0.1000000 -17.8679638
0.1010000 90.3379669
0.1020000 -33.4919395
0.1030000 36.4601898
0.1040000 -16.6527920
0.1050000 -58.1645393
0.1060000 18.0910416
0.1070000 -28.8284206
0.1080000 21.9330540
0.1090000 -18.3191090
0.1100000 -11.1342831
0.1110000 -24.9136410
0.1120000 47.4563599
0.1130000 -47.9365082
0.1140000 -25.1896133
0.1150000 33.0229645
0.1160000 -26.3529587
0.1170000 -38.1736221
0.1180000 77.0747375
0.1190000 -55.4946327
0.1200000 -5.7901826
0.1210000 4.8391447
0.1220000 -27.0375710
0.1230000 6.9479694
0.1240000 62.4507179
0.1250000 13.2821569
0.1260000 -8.8949594
0.1270000 -35.5685844
0.1280000 -25.7944107
0.1290000 -53.3025246
0.1300000 29.3012218
0.1310000 -0.5790062
0.1320000 -106.6342239
0.1330000 22.3827095
0.1340000 -29.0010052
0.1350000 82.8647690
0.1360000 21.5480499
0.1370000 28.3918781
0.1380000 -17.5806293
0.1390000 -26.2982597
0.1400000 31.3940773
0.1410000 29.7688980
0.1420000 34.0551605
0.1430000 10.0874166
0.1440000 23.4450016
0.1450000 -69.2455978
0.1460000 14.7910500
0.1470000 -45.6750221
0.1480000 18.6314831
0.1490000 12.4739466
0.1500000 46.0738487
0.1510000 -0.8725322
0.1520000 -20.1462765
0.1530000 -21.5762329
0.1540000 -7.7927399
0.1550000 -15.8515635
0.1560000 19.3590870
0.1570000 103.8050537
0.1580000 3.7544777
0.1590000 47.0731926
0.1600000 -3.4692800
0.1610000 -25.0431767
0.1620000 -8.4358149
0.1630000 -27.6152649
0.1640000 5.3292089
0.1650000 11.4382229
0.1660000 6.9352374
0.1670000 18.0182629
0.1680000 -49.8035431
0.1690000 -72.0027542
0.1700000 22.7411652
0.1710000 -36.2151642
0.1720000 -91.9447556
0.1730000 -22.0409889
0.1740000 -57.9989204
0.1750000 -14.7570467
0.1760000 -78.2721176
0.1770000 7.4236879
0.1780000 -47.6673622
0.1790000 -17.9923363
0.1800000 5.6999960
0.1810000 2.9601233
0.1820000 -6.3273635
0.1830000 7.8483286
0.1840000 25.3833141
0.1850000 -6.1652699
0.1860000 19.1385078
0.1870000 -20.8783722
0.1880000 -10.1806507
0.1890000 26.1816578
0.1900000 -22.1849709
0.1910000 6.2218957
0.1920000 16.8542862
0.1930000 30.5632629
0.1940000 17.2830162
0.1950000 -38.3117485
0.1960000 33.6049118
0.1970000 18.0088406
0.1980000 15.6865711
0.1990000 -23.7011890
0.2000000 -69.5410995
0.2010000 23.4474735
0.2020000 0.3482283
0.2030000 -51.5222473
0.2040000 -18.9480648
0.2050000 54.8909416
0.2060000 -1.2987007
0.2070000 -0.3563704
0.2080000 -7.5282230
0.2090000 -39.5522346
0.2100000 44.2366867
0.2110000 -3.9095850
0.2120000 -46.9783058
0.2130000 41.8908195
0.2140000 -3.2566404
0.2150000 9.4098673
0.2160000 -6.5433993
0.2170000 -17.3228283
0.2180000 31.6763592
0.2190000 -10.6383524
0.2200000 -0.4342478
0.2210000 -3.8967516
0.2220000 0.9300135
0.2230000 -6.2597308
0.2240000 41.8565559
0.2250000 -71.4601135
0.2260000 4.8484178
0.2270000 -44.9011536
0.2280000 1.3215781
0.2290000 -48.4332924
0.2300000 2.4183095
0.2310000 4.6243997
0.2320000 80.4425430
0.2330000 -25.5182095
0.2340000 -18.1670570
0.2350000 23.6472797
0.2360000 10.7145243
0.2370000 -2.9177024
0.2380000 -20.2606640
0.2390000 -3.5046105
0.2400000 -12.4899635
0.2410000 -4.3401523
0.2420000 38.8683090
0.2430000 3.8142509
0.2440000 -28.4526386
0.2450000 -3.9129696
0.2460000 -16.4074993
0.2470000 -18.8671818
0.2480000 35.7998505
0.2490000 -15.1147671
0.2500000 40.0601654
0.2510000 13.0769873
0.2520000 -11.4835968
0.2530000 -5.4598799
0.2540000 -6.9204578
0.2550000 31.6249466
0.2560000 11.7974482
0.2570000 -28.2111149
0.2580000 4.1562405
0.2590000 27.1373997
0.2600000 20.2328815
0.2610000 46.6650467
0.2620000 11.3724041
0.2630000 63.0260315
0.2640000 -5.6135378
0.2650000 -14.9540834
0.2660000 5.4130192
0.2670000 45.9505692
0.2680000 -38.7953758
0.2690000 13.0016041
0.2700000 44.9849586
0.2710000 17.9953518
0.2720000 4.5117631
0.2730000 12.3199873
0.2740000 -76.8929062
0.2750000 -21.7466297
0.2760000 34.2065773
0.2770000 22.8655529
0.2780000 -23.5531654
0.2790000 -23.1094666
0.2800000 -44.4547768
0.2810000 14.0022659
0.2820000 28.0035229
0.2830000 4.2445221
0.2840000 12.7240744
0.2850000 -18.4006596
0.2860000 10.3803654
0.2870000 -45.2744179
0.2880000 35.5469933
0.2890000 4.7756753
0.2900000 1.6854893
0.2910000 -44.1510315
0.2920000 44.7633591
0.2930000 -20.6611176
0.2940000 -13.3787756
0.2950000 4.3498683
0.2960000 9.6399860
0.2970000 -39.3105583
0.2980000 15.3539543
0.2990000 5.9418526
0.3000000 42.7341347
0.3010000 -3.9284616
0.3020000 -37.8853226
0.3030000 0.3865982
0.3040000 -40.3536301
0.3050000 40.0228577
0.3060000 4.0568476
0.3070000 79.2793503
0.3080000 -34.1851730
0.3090000 -30.9492264
0.3100000 30.2733402
0.3110000 45.1558456
0.3120000 -34.2277374
0.3130000 -5.5830069
0.3140000 13.4989004
0.3150000 10.9340229
0.3160000 42.4131470
0.3170000 -35.9008751
0.3180000 10.9090910
0.3190000 -38.3792725
0.3200000 41.0934334
0.3210000 -34.2786674
0.3220000 -23.0635529
0.3230000 -7.6325850
0.3240000 -14.7526903
0.3250000 27.5923977
0.3260000 83.3758545
0.3270000 10.3435678
0.3280000 -19.4515247
0.3290000 12.5663958
0.3300000 53.5012741
0.3310000 32.9033012
0.3320000 16.3153782
0.3330000 47.6546097
0.3340000 -14.4681349
0.3350000 -7.6760120
0.3360000 8.6697979
0.3370000 11.5652857
0.3380000 -49.4483261
0.3390000 2.0416090
0.3400000 59.4937134
0.3410000 38.4446373
0.3420000 23.6338539
0.3430000 2.6455016
0.3440000 51.9132690
0.3450000 18.3293858
0.3460000 -23.8737850
0.3470000 -0.8589630
0.3480000 24.4631996
0.3490000 79.6886520
0.3500000 -30.7249641
0.3510000 -32.4678459
0.3520000 33.3649178
0.3530000 18.9794502
0.3540000 -11.7463655
0.3550000 -64.9407196
0.3560000 -32.1966362
0.3570000 16.3767815
0.3580000 -37.5118828
0.3590000 88.2422943
0.3600000 34.0576210
0.3610000 19.9230270
0.3620000 -30.9932289
0.3630000 6.8277373
0.3640000 35.7048836
0.3650000 6.7142506
0.3660000 -32.9925346
0.3670000 26.8696289
0.3680000 -18.8062649
0.3690000 -4.4512935
0.3700000 20.0564270
0.3710000 37.4850616
0.3720000 -36.1469040
0.3730000 18.2155209
0.3740000 -0.6921487
0.3750000 -23.8522091
0.3760000 18.7064075
0.3770000 34.5130577
0.3780000 32.3356972
0.3790000 2.0731134
0.3800000 48.0792084
0.3810000 -9.7478762
0.3820000 -32.3515091
0.3830000 -22.1700535
0.3840000 6.1269231
0.3850000 -15.1998415
0.3860000 14.1696892
0.3870000 -32.9059982
0.3880000 -5.7914371
0.3890000 -24.7985153
0.3900000 9.7096071
0.3910000 30.5445709
0.3920000 -53.6662331
0.3930000 -29.0892506
0.3940000 -3.2409210
0.3950000 46.2834206
0.3960000 -25.3460789
0.3970000 41.0116272
0.3980000 74.4135437
0.3990000 36.0759659
0.4000000 37.4885788
0.4010000 28.1586571
0.4020000 -69.2766190
0.4030000 9.1168575
0.4040000 -25.7400017
0.4050000 -13.0877810
0.4060000 -30.0025158
0.4070000 2.4171185
0.4080000 50.3221207
0.4090000 -27.5781078
0.4100000 -31.3088665
0.4110000 5.1005034
0.4120000 -33.8403358
0.4130000 102.0935135
0.4140000 43.9285431
0.4150000 35.4230881
0.4160000 -61.0768967
0.4170000 59.3001175
0.4180000 -34.8695335
0.4190000 20.2922421
0.4200000 62.8227310
0.4210000 2.9313068
0.4220000 3.9031737
0.4230000 -14.1099348
0.4240000 -25.8730164
0.4250000 8.7375145
0.4260000 -21.5633106
0.4270000 18.8104649
0.4280000 34.6650429
0.4290000 -31.7318401
0.4300000 4.0415602
0.4310000 -49.2119064
0.4320000 29.6588783
0.4330000 3.7557056
0.4340000 49.6107140
0.4350000 -5.2439113
0.4360000 40.7418442
0.4370000 -44.9493561
0.4380000 -30.0536957
0.4390000 32.7944298
0.4400000 27.3337154
0.4410000 28.5688343
0.4420000 62.8885612
0.4430000 49.2692413
0.4440000 -32.0230560
0.4450000 35.3077049
0.4460000 -30.3160496
0.4470000 59.1977005
0.4480000 -11.9230738
0.4490000 57.4417725
0.4500000 9.0030308
0.4510000 1.3185536
0.4520000 28.5778942
0.4530000 -21.6201839
0.4540000 42.9656334
0.4550000 31.9151878
0.4560000 -24.4034367
0.4570000 22.6688957
0.4580000 -3.5674510
0.4590000 37.7614555
0.4600000 -24.6056671
0.4610000 18.1124382
0.4620000 -24.4966049
0.4630000 -68.1479034
0.4640000 -20.5035496
0.4650000 15.6671000
0.4660000 -34.3419418
0.4670000 -9.2260122
0.4680000 34.2719803
0.4690000 -31.4901562
0.4700000 -31.4724770
0.4710000 -14.4341736
0.4720000 21.3762321
0.4730000 -86.7952347
0.4740000 28.2473621
0.4750000 22.5572281
0.4760000 26.1026917
0.4770000 28.9825249
0.4780000 -62.6070709
0.4790000 8.3347664
0.4800000 -7.4578161
0.4810000 -40.6292343
0.4820000 -30.9727840
0.4830000 42.4114571
0.4840000 14.1464281
0.4850000 -3.3325112
0.4860000 -3.2425544
0.4870000 19.7784309
0.4880000 -31.1580811
0.4890000 -17.1181965
0.4900000 40.9091339
0.4910000 18.9967194
0.4920000 43.3226776
0.4930000 -102.1422195
0.4940000 -2.1029072
0.4950000 -6.6840439
0.4960000 -51.4533958
0.4970000 -24.6183300
0.4980000 57.0891190
0.4990000 2.6628392
0.5000000 10.3778534
0.5010000 -62.7070694
0.5020000 -26.1131840
0.5030000 17.3115482
0.5040000 31.3265419
0.5050000 12.6034546
0.5060000 -15.6100092
0.5070000 19.8509293
0.5080000 3.3554678
0.5090000 64.3524246
0.5100000 -13.6802206
0.5110000 80.2912292
0.5120000 -33.2490616
0.5130000 40.1531219
0.5140000 8.0605602
0.5150000 46.4447975
0.5160000 8.4023352
0.5170000 8.9876795
0.5180000 11.9658442
0.5190000 -49.5179520
0.5200000 -0.1402920
0.5210000 13.2825212
0.5220000 -29.9492168
0.5230000 15.9711294
0.5240000 -26.1303177
0.5250000 -29.5425243
0.5260000 34.0649452
0.5270000 15.6642580
0.5280000 35.2088966
0.5290000 -36.8358116
0.5300000 -36.8966408
0.5310000 -37.0573502
0.5320000 -38.8894501
0.5330000 -14.3657379
0.5340000 46.0146828
0.5350000 -33.2859802
0.5360000 43.9459038
0.5370000 14.1248627
0.5380000 -0.7589369
0.5390000 -18.0985718
0.5400000 -114.3854218
0.5410000 -36.7174759
0.5420000 -88.9310532
0.5430000 3.3017361
0.5440000 18.1128273
0.5450000 22.4284630
0.5460000 -79.7244568
0.5470000 8.5437202
0.5480000 -14.5844679
0.5490000 17.0438156
0.5500000 38.3436890
0.5510000 -38.7445564
0.5520000 -4.9547877
0.5530000 104.4389420
0.5540000 -60.2901649
0.5550000 -18.5712605
0.5560000 -15.8506126
0.5570000 42.6315727
0.5580000 14.8307362
0.5590000 -34.6267815
0.5600000 10.6724863
0.5610000 -7.9889193
0.5620000 57.2598763
0.5630000 -53.2464485
0.5640000 -32.3267555
0.5650000 -56.4380112
0.5660000 -13.7306404
0.5670000 -15.0434828
0.5680000 -1.1203789
0.5690000 -13.0622902
0.5700000 -2.1902680
0.5710000 35.7964554
0.5720000 31.5327797
0.5730000 -12.7868919
0.5740000 0.7287827
0.5750000 -10.9998360
0.5760000 -35.6305428
0.5770000 -23.1138134
0.5780000 43.7506447
0.5790000 6.0548291
0.5800000 13.4668694
0.5810000 -5.6136470
0.5820000 -55.9668198
0.5830000 -38.4611320
0.5840000 15.0043936
0.5850000 3.9395819
0.5860000 -23.0576897
0.5870000 -22.2912750
0.5880000 21.3377895
0.5890000 -28.0305691
0.5900000 18.9924450
0.5910000 -3.4875906
0.5920000 -67.6091385
0.5930000 4.3294759
0.5940000 -33.8983421
0.5950000 37.8471413
0.5960000 16.6764965
0.5970000 -27.5554104
0.5980000 -74.5871887
0.5990000 20.8885860
0.6000000 -36.4403496
0.6010000 8.2132826
0.6020000 -54.7138672
0.6030000 79.0896606
0.6040000 20.0437737
0.6050000 16.6932697
0.6060000 -55.4054565
0.6070000 57.1648674
0.6080000 -31.2776394
0.6090000 -49.3377686
0.6100000 -10.4760513
0.6110000 78.9771652
0.6120000 -32.1559525
0.6130000 3.2666142
0.6140000 46.1609001
0.6150000 92.6129761
0.6160000 -2.2034030
0.6170000 22.4281731
0.6180000 -76.5466080
0.6190000 24.9732647
0.6200000 -71.6469650
0.6210000 25.9867916
0.6220000 35.8492088
0.6230000 -18.4238033
0.6240000 16.6285477
0.6250000 10.3329201
0.6260000 31.1958084
0.6270000 33.7494774
0.6280000 -40.5346565
0.6290000 -37.6717339
0.6300000 24.9900894
0.6310000 8.5198832
0.6320000 -5.1494436
0.6330000 -18.0589542
0.6340000 -28.4953976
0.6350000 4.0077491
0.6360000 10.4440126
0.6370000 -5.7603245
0.6380000 56.0806694
0.6390000 -28.3926888
0.6400000 24.5417747
0.6410000 -45.5352287
0.6420000 -28.1773415
0.6430000 -29.8165474
0.6440000 5.6441002
0.6450000 -10.9493265
0.6460000 17.6846104
0.6470000 12.1477003
0.6480000 -1.7189350
0.6490000 0.2002865
0.6500000 0.4608709
0.6510000 -42.3639565
0.6520000 -0.0568109
0.6530000 -50.2248459
0.6540000 -37.3622627
0.6550000 37.8023872
0.6560000 -3.9223657
0.6570000 -3.7467468
0.6580000 47.9908028
0.6590000 9.8819551
0.6600000 31.2115154
0.6610000 -14.0540876
0.6620000 4.3951368
0.6630000 22.5928974
0.6640000 -47.9230232
0.6650000 19.8693409
0.6660000 -1.9333222
0.6670000 -8.8384848
0.6680000 -0.9759799
0.6690000 -40.5363083
0.6700000 -5.2925019
0.6710000 26.8638897
0.6720000 33.8461952
0.6730000 95.1923141
0.6740000 34.1306229
0.6750000 -13.7838469
0.6760000 -50.2302475
0.6770000 10.0387669
0.6780000 -39.5402679
0.6790000 -19.0173588
0.6800000 -40.0156975
0.6810000 7.2309041
0.6820000 28.0308247
0.6830000 12.1192036
0.6840000 18.2027988
0.6850000 79.5724258
0.6860000 -3.0129550
0.6870000 -11.4673643
0.6880000 -22.6715107
0.6890000 -35.7669067
0.6900000 -5.8710556
0.6910000 11.8753433
0.6920000 -39.4273758
0.6930000 -13.7698822
0.6940000 -30.4504509
0.6950000 14.6081791
0.6960000 27.7500515
0.6970000 47.5680771
0.6980000 -54.0852623
0.6990000 -14.9824171
0.7000000 30.7057362
0.7010000 2.5345120
0.7020000 11.2749615
0.7030000 -4.4005809
0.7040000 -4.9189401
0.7050000 -0.8301932
0.7060000 -8.5621719
0.7070000 44.0412445
0.7080000 -26.5497093
0.7090000 60.8108215
0.7100000 -37.6043854
0.7110000 -4.4837699
0.7120000 33.6337013
0.7130000 59.0616150
0.7140000 -64.5193863
0.7150000 -31.4233723
0.7160000 52.6503944
0.7170000 30.1584301
0.7180000 -61.9808884
0.7190000 43.1652565
0.7200000 40.5627708
0.7210000 -2.7317038
0.7220000 -25.2961960
0.7230000 22.9656429
0.7240000 21.9965572
0.7250000 10.0403776
0.7260000 12.0555859
0.7270000 -3.0264430
0.7280000 45.8377113
0.7290000 6.0759497
0.7300000 56.9186668
0.7310000 -17.6487408
0.7320000 -43.6179390
0.7330000 3.3954015
0.7340000 5.7307177
0.7350000 31.6814327
0.7360000 20.0111694
0.7370000 6.2047386
0.7380000 29.7939281
0.7390000 4.3089104
0.7400000 15.5743761
0.7410000 -0.5468916
0.7420000 3.5317044
0.7430000 -60.9912529
0.7440000 14.1109943
0.7450000 -18.7872467
0.7460000 -10.0483837
0.7470000 -66.7975082
0.7480000 32.5702667
0.7490000 -33.6909370
0.7500000 -91.5840378
0.7510000 19.6308975
0.7520000 -6.2326245
0.7530000 -34.0833588
0.7540000 53.1109390
0.7550000 21.3007717
0.7560000 0.5581702
0.7570000 44.2388954
0.7580000 13.6659775
0.7590000 -42.1560745
0.7600000 43.3317757
0.7610000 40.9283409
0.7620000 -7.0405064
0.7630000 -48.2327805
0.7640000 53.2041092
0.7650000 13.5156832
0.7660000 32.5421867
0.7670000 -0.9904466
0.7680000 34.3276100
0.7690000 10.1816807
0.7700000 8.3444090
0.7710000 0.1105728
0.7720000 -24.6518421
0.7730000 23.5282688
0.7740000 -3.3044534
0.7750000 -22.9864159
0.7760000 -30.9433098
0.7770000 18.4356861
0.7780000 12.9431648
0.7790000 65.1251450
0.7800000 16.5979233
0.7810000 -70.6209259
0.7820000 -22.9691315
0.7830000 -13.9792395
0.7840000 33.0517654
0.7850000 -5.0272789
0.7860000 -121.5341415
0.7870000 -7.8902211
0.7880000 42.3589630
0.7890000 61.2151184
0.7900000 -25.1718426
0.7910000 25.6220627
0.7920000 15.7670050
0.7930000 33.7444382
0.7940000 -19.7025604
0.7950000 50.0375519
0.7960000 -1.8104767
0.7970000 -24.6003819
0.7980000 -18.6823654
0.7990000 22.1209087
0.8000000 32.4069939
0.8010000 1.1972530
0.8020000 -2.4595122
0.8030000 -6.8250289
0.8040000 19.8087425
0.8050000 66.3607559
0.8060000 48.6872025
0.8070000 3.0061731
0.8080000 22.0608215
0.8090000 11.1584005
0.8100000 -20.5178318
0.8110000 24.1163940
0.8120000 -23.9957619
0.8130000 30.8722687
0.8140000 30.9802227
0.8150000 56.3698311
0.8160000 24.6021233
0.8170000 -17.7230530
0.8180000 31.4281883
0.8190000 42.6913948
0.8200000 23.0844097
0.8210000 -9.9819765
0.8220000 0.1398248
0.8230000 -26.9725380
0.8240000 -10.3364830
0.8250000 -6.7538509
0.8260000 -40.6300507
0.8270000 -49.5011444
0.8280000 -15.5182905
0.8290000 -59.5582428
0.8300000 -107.6067886
0.8310000 23.4640694
0.8320000 50.0495872
0.8330000 5.4322944
0.8340000 7.2079945
0.8350000 -14.9885006
0.8360000 -71.3410568
0.8370000 -22.1035252
0.8380000 -34.6282158
0.8390000 -29.8419189
0.8400000 -55.2510681
0.8410000 -48.8299065
0.8420000 83.1870346
0.8430000 -28.0050526
0.8440000 23.3003426
0.8450000 51.1867943
0.8460000 69.0728302
0.8470000 0.7673848
0.8480000 18.9283066
0.8490000 -25.0909958
0.8500000 -45.9729958
0.8510000 -9.5993223
0.8520000 -10.0464201
0.8530000 29.6825924
0.8540000 -39.9671478
0.8550000 -64.3714218
0.8560000 2.6657367
0.8570000 16.9510460
0.8580000 -21.5484600
0.8590000 -24.9963570
0.8600000 -51.9185410
0.8610000 -35.2958603
0.8620000 66.3006058
0.8630000 11.7461195
0.8640000 19.5497456
0.8650000 -23.7394047
0.8660000 -58.2877388
0.8670000 -38.2111511
0.8680000 -73.9135742
0.8690000 7.1432199
0.8700000 -72.6444702
0.8710000 -6.7204332
0.8720000 84.4193039
0.8730000 21.5328808
0.8740000 -51.0825005
0.8750000 -27.1532001
0.8760000 -60.8525772
0.8770000 -10.9950333
0.8780000 -7.4582596
0.8790000 57.6949921
0.8800000 15.3461618
0.8810000 -8.6438007
0.8820000 -25.0758305
0.8830000 -41.8057899
0.8840000 -6.0173192
0.8850000 46.0332298
0.8860000 5.7741137
0.8870000 19.3003387
0.8880000 13.5841045
0.8890000 -4.3456278
0.8900000 -37.8918419
0.8910000 -41.3846054
0.8920000 -1.9868070
0.8930000 31.9132137
0.8940000 -16.0826855
0.8950000 30.6992321
0.8960000 13.0289898
0.8970000 -24.2525654
0.8980000 -22.3535404
0.8990000 -63.1562653
0.9000000 -9.1674633
0.9010000 -22.0593662
0.9020000 81.9991074
0.9030000 -20.2337761
0.9040000 13.7016859
0.9050000 -3.4340701
0.9060000 -27.4786034
0.9070000 -11.9635448
0.9080000 75.2378159
0.9090000 -70.2660294
0.9100000 10.2806597
0.9110000 28.7163277
0.9120000 -78.0720978
0.9130000 19.0445919
0.9140000 47.6904068
0.9150000 0.1550641
0.9160000 11.2419233
0.9170000 -32.6221619
0.9180000 -5.5886407
0.9190000 -27.7951107
0.9200000 -61.7642784
0.9210000 43.1982994
0.9220000 -41.9870186
0.9230000 -3.5695572
0.9240000 -39.3279953
0.9250000 9.4127665
0.9260000 36.5907936
0.9270000 -24.8902607
0.9280000 -14.5192413
0.9290000 -22.7474289
0.9300000 -19.6632538
0.9310000 54.2686348
0.9320000 14.6597242
0.9330000 21.7495880
0.9340000 -79.5513763
0.9350000 10.7082596
0.9360000 12.2477961
0.9370000 -26.9029541
0.9380000 3.9212716
0.9390000 -29.1026611
0.9400000 -4.5633631
0.9410000 17.2501068
0.9420000 -31.6995335
0.9430000 -30.7410870
0.9440000 32.3700027
0.9450000 -14.8999567
0.9460000 65.0661850
0.9470000 2.7695932
0.9480000 19.3534222
0.9490000 -15.9600773
0.9500000 -10.4135332
0.9510000 -30.1576042
0.9520000 -25.7439289
0.9530000 5.1971960
0.9540000 -33.8955421
0.9550000 35.7248116
0.9560000 -72.5745621
0.9570000 -23.3931026
0.9580000 -8.1588869
0.9590000 -43.3707504
0.9600000 29.9701405
0.9610000 29.0921650
0.9620000 18.2826290
0.9630000 -25.4589062
0.9640000 -49.9119110
0.9650000 2.4045644
0.9660000 3.5001490
0.9670000 13.4198647
0.9680000 -18.5301228
0.9690000 -50.3664284
0.9700000 -17.3772373
0.9710000 10.0098515
0.9720000 -13.8676872
0.9730000 -70.1733932
0.9740000 -6.5498776
0.9750000 -1.1554749
0.9760000 -48.6819382
0.9770000 -51.0479546
0.9780000 63.2088547
0.9790000 17.8225288
0.9800000 56.4772644
0.9810000 32.4015656
0.9820000 15.6806021
0.9830000 -27.3646374
0.9840000 -9.7659521
0.9850000 -3.2727499
0.9860000 -25.5194073
0.9870000 -18.2186928
0.9880000 -31.2516994
0.9890000 -4.9808807
0.9900000 -45.5233498
0.9910000 -24.7601871
0.9920000 -4.6797647
0.9930000 32.9060287
0.9940000 -79.8606949
0.9950000 7.4107270
0.9960000 -7.9981933
0.9970000 45.5845757
0.9980000 -52.5109177
0.9990000 4.4688401
