0.0000000 -7.3367581
0.0010000 -3.4697840
0.0020000 50.3714638
0.0030000 18.9101582
0.0040000 -34.7267418
0.0050000 -37.9189835
0.0060000 28.3874016
0.0070000 41.7693138
0.0080000 33.6493645
0.0090000 -55.6806030
0.0100000 -109.5305405
0.0110000 -21.8431282
0.0120000 -2.6950903
0.0130000 68.3975372
0.0140000 14.6042204
0.0150000 -35.5296440
0.0160000 -12.6477928
0.0170000 4.8850193
0.0180000 -49.7990036
0.0190000 74.8903122
0.0200000 25.9785633
0.0210000 -47.6532364
0.0220000 -25.2086010
0.0230000 55.5976982
0.0240000 7.9314041
0.0250000 -6.8271790
0.0260000 -16.8630142
0.0270000 -9.1962824
0.0280000 80.1821823
0.0290000 -26.1694202
0.0300000 -2.4981368
0.0310000 37.6750107
0.0320000 18.0377884
0.0330000 -0.2015509
0.0340000 -13.3324509
0.0350000 18.5765858
0.0360000 4.6908641
0.0370000 -58.0925064
0.0380000 0.8904967
0.0390000 10.0372553
0.0400000 52.5982132
0.0410000 -25.7433643
0.0420000 6.0720363
0.0430000 23.8177242
0.0440000 -25.9267654
0.0450000 -41.7813072
0.0460000 75.9419556
0.0470000 -68.7725067
0.0480000 29.8256664
0.0490000 -64.3114471
0.0500000 -2.2247322
0.0510000 102.2896576
0.0520000 12.2543516
0.0530000 -3.0321641
0.0540000 -40.5256653
0.0550000 14.0720701
0.0560000 84.7520447
0.0570000 -52.0693932
0.0580000 -47.0629311
0.0590000 -10.7292337
0.0600000 -13.0953598
0.0610000 43.6245995
0.0620000 -33.9037323
0.0630000 -54.6584969
0.0640000 -16.2030087
0.0650000 -10.4177341
0.0660000 48.2299957
0.0670000 24.9381790
0.0680000 43.0255280
0.0690000 18.1464500
0.0700000 -4.4980526
0.0710000 -33.7180710
0.0720000 45.0839920
0.0730000 37.4700279
0.0740000 -1.7467549
0.0750000 -3.5538759
0.0760000 -66.5545883
0.0770000 -49.6243896
0.0780000 47.9086494
0.0790000 -47.9217987
0.0800000 -8.9172935
0.0810000 1.8042502
0.0820000 55.5079079
0.0830000 65.3447723
0.0840000 5.5279326
0.0850000 -14.4018021
0.0860000 3.9360316
0.0870000 -18.6431046
0.0880000 -50.7932625
0.0890000 2.1513028
0.0900000 49.2741661
0.0910000 -4.5234623
0.0920000 -12.4178820
0.0930000 25.0388889
0.0940000 -9.2371368
0.0950000 37.0265350
0.0960000 -48.3543816
0.0970000 59.5437393
0.0980000 16.3113861
0.0990000 19.4685478
0.1000000 0.3871728
0.1010000 -85.0025253
0.1020000 1.7109975
0.1030000 20.0182705
0.1040000 7.7564869
0.1050000 34.4844131
0.1060000 -67.8636322
0.1070000 -6.0839090
0.1080000 20.1789360
0.1090000 8.1196413
0.1100000 -18.5327320
0.1110000 -16.0732956
0.1120000 -1.9873555
0.1130000 -81.2751694
0.1140000 36.4933090
0.1150000 30.8278065
0.1160000 -32.3866501
0.1170000 -40.1484528
0.1180000 -8.3727484
0.1190000 -41.4771156
0.1200000 -13.2849741
0.1210000 -8.3244066
0.1220000 15.5630569
0.1230000 -75.7032623
0.1240000 -36.8103905
0.1250000 9.4636068
0.1260000 -7.3083744
0.1270000 22.2469864
0.1280000 46.3625145
0.1290000 -22.1222820
0.1300000 -14.4417925
0.1310000 -26.4548035
0.1320000 11.0379124
0.1330000 25.6522655
0.1340000 -4.8617964
0.1350000 -4.8108902
0.1360000 -6.2793336
0.1370000 -40.7503853
0.1380000 55.9594917
0.1390000 4.1363115
0.1400000 -33.1453781
0.1410000 24.7926483
0.1420000 -7.5592484
0.1430000 -3.6683671
0.1440000 -25.4847603
0.1450000 -18.1736374
0.1460000 -32.2205009
0.1470000 -45.5835915
0.1480000 -38.5925789
0.1490000 43.0716248
0.1500000 -45.8766937
0.1510000 27.1619892
0.1520000 -22.3821926
0.1530000 25.1065483
0.1540000 23.7556381
0.1550000 0.4578434
0.1560000 -42.3522377
0.1570000 -32.3905830
0.1580000 -16.3127689
0.1590000 13.2497873
0.1600000 -17.6999283
0.1610000 5.2629557
0.1620000 52.8874245
0.1630000 -61.0204163
0.1640000 -45.1046982
0.1650000 -25.9341259
0.1660000 -21.3384018
0.1670000 61.3002777
0.1680000 17.2717876
0.1690000 13.2368441
0.1700000 16.9238186
0.1710000 -4.6001592
0.1720000 -22.8191605
0.1730000 20.9700356
0.1740000 -36.1640091
0.1750000 -20.9288063
0.1760000 0.8241172
0.1770000 -37.9333000
0.1780000 -17.2794056
0.1790000 21.1029224
0.1800000 10.1536503
0.1810000 19.7791481
0.1820000 -24.4070663
0.1830000 51.3543053
0.1840000 -31.6386375
0.1850000 53.1138268
0.1860000 48.7419128
0.1870000 -68.4790878
0.1880000 60.5486183
0.1890000 -33.4734192
0.1900000 49.6524277
0.1910000 0.1021843
0.1920000 49.6960106
0.1930000 -56.6525002
0.1940000 27.5738735
0.1950000 -21.7583752
0.1960000 -34.7079468
0.1970000 15.2985239
0.1980000 24.9623833
0.1990000 -21.2766857
0.2000000 -8.0206251
0.2010000 -103.4996872
0.2020000 -29.8180408
0.2030000 -29.0469418
0.2040000 -22.5731583
0.2050000 -8.9397993
0.2060000 41.5395927
0.2070000 -12.7460928
0.2080000 0.5454862
0.2090000 -4.5810299
0.2100000 -26.6279240
0.2110000 -92.4686279
0.2120000 -16.6920700
0.2130000 24.2213802
0.2140000 69.6868362
0.2150000 -83.0317154
0.2160000 -11.8870802
0.2170000 5.7075109
0.2180000 -23.3221359
0.2190000 54.5952530
0.2200000 -31.9256992
0.2210000 -21.6699600
0.2220000 -48.1873932
0.2230000 -15.9421911
0.2240000 29.2045956
0.2250000 31.7437286
0.2260000 30.1114254
0.2270000 -83.0205994
0.2280000 46.9068375
0.2290000 -23.5112762
0.2300000 -34.0943871
0.2310000 -24.7721825
0.2320000 73.6531143
0.2330000 -25.5818691
0.2340000 37.1336708
0.2350000 15.4536371
0.2360000 -30.4370975
0.2370000 9.1140585
0.2380000 -46.4350281
0.2390000 -4.2915707
0.2400000 -32.0545425
0.2410000 -16.8199444
0.2420000 -48.5831528
0.2430000 19.9824848
0.2440000 47.1282959
0.2450000 22.1780090
0.2460000 -32.5590630
0.2470000 27.3370876
0.2480000 -21.0399265
0.2490000 44.6069489
0.2500000 7.3651104
0.2510000 19.5571404
0.2520000 -13.0985785
0.2530000 -52.6543083
0.2540000 27.4568253
0.2550000 -49.2396240
0.2560000 45.4951630
0.2570000 -3.2174857
0.2580000 35.8856964
0.2590000 -0.4109119
0.2600000 -13.4373007
0.2610000 -13.7533417
0.2620000 12.6014948
0.2630000 24.1113873
0.2640000 -34.8976250
0.2650000 16.8873787
0.2660000 -27.3323917
0.2670000 -68.6075592
0.2680000 27.9581394
0.2690000 1.7352543
0.2700000 -33.6052551
0.2710000 43.6950378
0.2720000 5.1963959
0.2730000 -10.5297031
0.2740000 18.4880352
0.2750000 -45.6676331
0.2760000 -57.1811218
0.2770000 50.6284561
0.2780000 56.4498215
0.2790000 43.2775002
0.2800000 -1.2762675
0.2810000 1.5277662
0.2820000 -12.0225296
0.2830000 39.8452682
0.2840000 26.6489506
0.2850000 -18.3660793
0.2860000 -6.0055666
0.2870000 -65.9463882
0.2880000 -8.1449070
0.2890000 42.5362129
0.2900000 -37.6233521
0.2910000 -38.8040924
0.2920000 -108.8466873
0.2930000 57.8952141
0.2940000 78.9068680
0.2950000 18.5874481
0.2960000 -12.9878025
0.2970000 -76.2092896
0.2980000 -73.2924805
0.2990000 -65.2012634
0.3000000 1.9938349
0.3010000 17.4041786
0.3020000 58.3141518
0.3030000 49.3249550
0.3040000 44.8604469
0.3050000 -28.9986629
0.3060000 7.4937305
0.3070000 20.8624306
0.3080000 16.9681644
0.3090000 80.9612427
0.3100000 29.1796036
0.3110000 29.4441643
0.3120000 -37.8405228
0.3130000 -1.8786105
0.3140000 20.3156738
0.3150000 14.8019571
0.3160000 -44.5289917
0.3170000 8.2216578
0.3180000 55.0835457
0.3190000 20.5734386
0.3200000 -64.4700699
0.3210000 -13.6571121
0.3220000 10.1333694
0.3230000 45.4861946
0.3240000 55.5937119
0.3250000 -70.2055359
0.3260000 -7.8655648
0.3270000 -16.9042625
0.3280000 -25.6867237
0.3290000 29.6242714
0.3300000 72.9576950
0.3310000 25.1356945
0.3320000 0.6742155
0.3330000 -15.6466684
0.3340000 -10.6414938
0.3350000 20.3319759
0.3360000 -14.5975256
0.3370000 -67.5866547
0.3380000 -34.1233635
0.3390000 -34.0782089
0.3400000 -48.1784096
0.3410000 24.1853542
0.3420000 -28.5287876
0.3430000 35.7110672
0.3440000 58.5326042
0.3450000 -25.2450523
0.3460000 60.1492500
0.3470000 38.3288307
0.3480000 -12.2863417
0.3490000 48.0004692
0.3500000 -14.0488749
0.3510000 -14.2580729
0.3520000 18.9743290
0.3530000 2.6416633
0.3540000 -24.7507725
0.3550000 -38.8826027
0.3560000 8.6265545
0.3570000 -19.6321564
0.3580000 45.2681160
0.3590000 -10.1029253
0.3600000 24.5637741
0.3610000 -20.3801212
0.3620000 -11.6610146
0.3630000 11.4638271
0.3640000 48.9291344
0.3650000 -13.9172106
0.3660000 23.9570274
0.3670000 -59.8433495
0.3680000 -39.1525497
0.3690000 0.3960555
0.3700000 -37.8465309
0.3710000 23.0665493
0.3720000 26.2974834
0.3730000 35.2144279
0.3740000 25.8103981
0.3750000 23.0871563
0.3760000 -44.0684929
0.3770000 -43.2551880
0.3780000 68.2453156
0.3790000 -29.0763435
0.3800000 26.3715668
0.3810000 -35.1391754
0.3820000 -60.5694656
0.3830000 -34.7292175
0.3840000 56.6718025
0.3850000 -25.3306255
0.3860000 2.8036215
0.3870000 18.0218182
0.3880000 9.7082939
0.3890000 2.0879893
0.3900000 -2.1743796
0.3910000 19.4372139
0.3920000 -40.8755531
0.3930000 -22.1503620
0.3940000 24.4236298
0.3950000 53.1983032
0.3960000 18.4912205
0.3970000 35.2480392
0.3980000 -9.3677082
0.3990000 39.3468513
0.4000000 30.2660713
0.4010000 -4.8029099
0.4020000 -15.5148096
0.4030000 69.2880096
0.4040000 25.1927872
0.4050000 67.6392441
0.4060000 -19.2468548
0.4070000 8.8676691
0.4080000 75.9753799
0.4090000 -24.5889168
0.4100000 10.1046534
0.4110000 32.5649834
0.4120000 21.6293163
0.4130000 -56.9785576
0.4140000 -27.1454182
0.4150000 2.0338736
0.4160000 -19.6752071
0.4170000 15.8714886
0.4180000 -68.4834366
0.4190000 -55.5550003
0.4200000 -31.6296158
0.4210000 -36.7545395
0.4220000 -14.7903624
0.4230000 -18.1818047
0.4240000 -12.9245005
0.4250000 33.9623680
0.4260000 39.2558060
0.4270000 -45.1339722
0.4280000 -72.2762070
0.4290000 -25.2420540
0.4300000 28.7043724
0.4310000 -60.6411514
0.4320000 -22.7311192
0.4330000 3.2124174
0.4340000 -21.6282310
0.4350000 6.7614217
0.4360000 -14.4709911
0.4370000 -77.9061279
0.4380000 62.8571053
0.4390000 27.6384640
0.4400000 -21.9572239
0.4410000 -12.7015390
0.4420000 -43.8525391
0.4430000 -11.6761932
0.4440000 9.8018007
0.4450000 -15.7966948
0.4460000 -0.1911684
0.4470000 8.9032240
0.4480000 -33.7452469
0.4490000 -30.0442486
0.4500000 -50.3757210
0.4510000 -49.3192482
0.4520000 49.8647766
0.4530000 47.5663910
0.4540000 -57.1871529
0.4550000 65.6203842
0.4560000 -58.4625740
0.4570000 -5.0872774
0.4580000 52.0728989
0.4590000 23.8220901
0.4600000 1.5647405
0.4610000 26.1859932
0.4620000 -52.7610054
0.4630000 23.4202805
0.4640000 -14.4290152
0.4650000 -1.3912095
0.4660000 25.2523232
0.4670000 -5.6753678
0.4680000 -59.4944038
0.4690000 46.0720901
0.4700000 41.4686356
0.4710000 -23.8139820
0.4720000 -61.4241943
0.4730000 16.4476452
0.4740000 -35.6463356
0.4750000 37.6286697
0.4760000 89.6012268
0.4770000 -21.6792068
0.4780000 -37.5030708
0.4790000 -30.8279724
0.4800000 93.1415176
0.4810000 -66.7751465
0.4820000 -4.3676796
0.4830000 9.6816187
0.4840000 -20.6563587
0.4850000 13.7526884
0.4860000 3.7962191
0.4870000 -24.2405052
0.4880000 8.7679996
0.4890000 19.2123489
0.4900000 56.8194656
0.4910000 -15.9917307
0.4920000 22.3052731
0.4930000 -11.2607327
0.4940000 24.2507668
0.4950000 5.8393912
0.4960000 9.6431751
0.4970000 6.1854739
0.4980000 -6.7183585
0.4990000 50.2651443
0.5000000 24.5968456
0.5010000 32.7961426
0.5020000 -58.3422394
0.5030000 -14.8696156
0.5040000 34.2335281
0.5050000 -16.5385742
0.5060000 -13.0248795
0.5070000 -7.7593884
0.5080000 39.5667381
0.5090000 25.6767540
0.5100000 47.4143677
0.5110000 41.3839989
0.5120000 65.5492172
0.5130000 -13.4541388
0.5140000 99.0948792
0.5150000 -33.3670502
0.5160000 -9.4847088
0.5170000 -27.8974190
0.5180000 -1.2900901
0.5190000 -27.1364880
0.5200000 -47.7715874
0.5210000 -12.9788666
0.5220000 -0.6923830
0.5230000 4.6347837
0.5240000 75.6132660
0.5250000 32.3108902
0.5260000 -5.2795801
0.5270000 -25.0628529
0.5280000 -78.2656174
0.5290000 29.7712898
0.5300000 42.2337303
0.5310000 -20.3283634
0.5320000 -31.4793110
0.5330000 -12.6555653
0.5340000 12.0092344
0.5350000 -12.2496033
0.5360000 23.1143856
0.5370000 -43.3584099
0.5380000 19.8489265
0.5390000 -41.6932716
0.5400000 -66.3608627
0.5410000 -6.5866451
0.5420000 -29.3048668
0.5430000 -28.1441460
0.5440000 -31.3310776
0.5450000 37.1783562
0.5460000 -42.9712067
0.5470000 41.7273674
0.5480000 -41.3129272
0.5490000 31.7516937
0.5500000 0.5719106
0.5510000 -17.9477444
0.5520000 -14.0159311
0.5530000 -3.9040499
0.5540000 15.9557381
0.5550000 -53.2994461
0.5560000 44.2897911
0.5570000 -29.8383217
0.5580000 17.6494236
0.5590000 -33.5451698
0.5600000 -30.3368931
0.5610000 33.7841759
0.5620000 13.9689140
0.5630000 18.3391094
0.5640000 -45.8380775
0.5650000 19.3432293
0.5660000 -23.2066631
0.5670000 11.2949572
0.5680000 19.9302082
0.5690000 -68.0911026
0.5700000 14.3374281
0.5710000 49.1471939
0.5720000 -42.4016113
0.5730000 -38.6011963
0.5740000 -6.8205514
0.5750000 -7.5254850
0.5760000 -59.0226021
0.5770000 6.8496852
0.5780000 -2.6899726
0.5790000 -24.6335907
0.5800000 12.6174479
0.5810000 -27.6682835
0.5820000 7.7555737
0.5830000 21.3529911
0.5840000 61.7975349
0.5850000 15.4877949
0.5860000 47.9953232
0.5870000 -30.4223919
0.5880000 40.1472931
0.5890000 -7.4944735
0.5900000 29.9626961
0.5910000 -40.8668098
0.5920000 8.2566366
0.5930000 109.7226028
0.5940000 18.0595188
0.5950000 -12.4978676
0.5960000 -44.6921005
0.5970000 -10.4572067
0.5980000 -48.5834541
0.5990000 -13.3751640
0.6000000 30.7077923
0.6010000 -75.3996582
0.6020000 -10.5489359
0.6030000 -17.4185028
0.6040000 -37.2481346
0.6050000 21.9300213
0.6060000 -69.9279175
0.6070000 -17.3370628
0.6080000 22.6350651
0.6090000 -64.0665283
0.6100000 -63.4881744
0.6110000 -12.3840523
0.6120000 33.6438637
0.6130000 -6.2806873
0.6140000 18.6179867
0.6150000 23.1339474
0.6160000 -16.5323925
0.6170000 -35.4540825
0.6180000 -5.0518804
0.6190000 5.0097699
0.6200000 25.4288406
0.6210000 -4.4299536
0.6220000 15.5719681
0.6230000 -24.5585155
0.6240000 -0.7698000
0.6250000 23.0329990
0.6260000 48.1127739
0.6270000 8.3314400
0.6280000 -43.1392326
0.6290000 31.7104778
0.6300000 -2.0006056
0.6310000 22.0900936
0.6320000 0.6681742
0.6330000 0.1184654
0.6340000 26.6432037
0.6350000 29.4388046
0.6360000 5.8690596
0.6370000 -9.3069849
0.6380000 47.2780685
0.6390000 -52.7294540
0.6400000 72.9257812
0.6410000 -27.6775398
0.6420000 21.7432880
0.6430000 -5.5514984
0.6440000 -1.5766298
0.6450000 17.9253998
0.6460000 -23.8241444
0.6470000 4.1779952
0.6480000 -55.6668549
0.6490000 64.9044266
0.6500000 -7.2415333
0.6510000 -20.8649368
0.6520000 13.7897644
0.6530000 -6.4234419
0.6540000 4.9792562
0.6550000 0.5244920
0.6560000 -10.2364159
0.6570000 -33.3829346
0.6580000 -38.0124779
0.6590000 3.7106419
0.6600000 -18.1276894
0.6610000 11.4718704
0.6620000 22.3284855
0.6630000 4.4963236
0.6640000 21.2550488
0.6650000 11.9238911
0.6660000 19.1741409
0.6670000 38.2690163
0.6680000 20.1417789
0.6690000 14.3938408
0.6700000 15.7604418
0.6710000 30.1482182
0.6720000 63.3958282
0.6730000 15.2446804
0.6740000 -36.1987801
0.6750000 11.7679529
0.6760000 59.8680878
0.6770000 43.7773590
0.6780000 -20.4166203
0.6790000 19.7805347
0.6800000 1.8968409
0.6810000 -39.2415733
0.6820000 18.0565605
0.6830000 -8.0833912
0.6840000 8.2134924
0.6850000 -14.8398228
0.6860000 -64.1877518
0.6870000 24.4127960
0.6880000 12.5761614
0.6890000 -11.0809908
0.6900000 -8.3988743
0.6910000 -19.1859531
0.6920000 -73.6625061
0.6930000 -2.1374464
0.6940000 1.4599705
0.6950000 -1.0423810
0.6960000 -15.9308138
0.6970000 -41.7163315
0.6980000 -1.7678900
0.6990000 63.5828934
0.7000000 -2.4499056
0.7010000 46.0209961
0.7020000 -50.4718246
0.7030000 -46.0668716
0.7040000 -5.2468181
0.7050000 -47.8895111
0.7060000 8.6573648
0.7070000 -13.4520330
0.7080000 31.4541912
0.7090000 -24.3098698
0.7100000 76.9963684
0.7110000 35.7458839
0.7120000 -60.5156822
0.7130000 -7.2190266
0.7140000 2.5637283
0.7150000 22.0066967
0.7160000 33.3045731
0.7170000 -37.1410179
0.7180000 56.1696625
0.7190000 36.5229988
0.7200000 0.3679079
0.7210000 -11.6069603
0.7220000 -13.1680155
0.7230000 24.1096420
0.7240000 12.7860317
0.7250000 13.7597103
0.7260000 -0.1795266
0.7270000 -10.3924007
0.7280000 -51.7304268
0.7290000 29.3467979
0.7300000 -73.8365402
0.7310000 -16.2903137
0.7320000 32.6013603
0.7330000 -29.1628666
0.7340000 2.3430045
0.7350000 22.2206135
0.7360000 16.2515793
0.7370000 -33.0652542
0.7380000 -14.0539579
0.7390000 -31.9319363
0.7400000 11.1763744
0.7410000 18.0870323
0.7420000 47.4923630
0.7430000 99.4426346
0.7440000 75.6019287
0.7450000 52.4696198
0.7460000 50.5459290
0.7470000 48.4390564
0.7480000 -3.8030691
0.7490000 -29.2776394
0.7500000 10.0297604
0.7510000 -25.2106018
0.7520000 -41.8101578
0.7530000 -63.9716682
0.7540000 24.8947735
0.7550000 -18.2480793
0.7560000 -34.3726425
0.7570000 45.7030296
0.7580000 -54.4948082
0.7590000 -0.9692917
0.7600000 11.0976591
0.7610000 -9.8028021
0.7620000 -47.6386414
0.7630000 13.8616076
0.7640000 -2.5139041
0.7650000 6.4635711
0.7660000 22.1114388
0.7670000 -39.7368202
0.7680000 83.7719498
0.7690000 -5.8035059
0.7700000 38.9344597
0.7710000 0.4197229
0.7720000 -43.3950272
0.7730000 42.6893616
0.7740000 -36.6647224
0.7750000 -3.6177368
0.7760000 -45.0900993
0.7770000 -22.8053379
0.7780000 -5.4934258
0.7790000 31.6417847
0.7800000 -16.6665363
0.7810000 -32.5860214
0.7820000 44.6747246
0.7830000 -40.9089432
0.7840000 -10.4212732
0.7850000 -57.4012032
0.7860000 -13.7594595
0.7870000 -8.5487633
0.7880000 -11.1655760
0.7890000 -10.2653666
0.7900000 -2.9423647
0.7910000 -69.0612106
0.7920000 14.0045538
0.7930000 -35.9729958
0.7940000 38.2063217
0.7950000 29.9359627
0.7960000 -11.0725040
0.7970000 17.6207008
0.7980000 -6.0661225
0.7990000 0.0923904
0.8000000 -1.6478856
0.8010000 -6.3761659
0.8020000 -7.9746752
0.8030000 40.2215271
0.8040000 15.7254238
0.8050000 78.1960297
0.8060000 14.8693218
0.8070000 6.3321567
0.8080000 8.8056536
0.8090000 82.2861481
0.8100000 -6.3830810
0.8110000 -7.9155154
0.8120000 -38.0442772
0.8130000 16.7427540
0.8140000 -70.9613800
0.8150000 6.7131991
0.8160000 -51.8276596
0.8170000 59.3785896
0.8180000 -0.0978316
0.8190000 -32.6634064
0.8200000 -54.3538132
0.8210000 5.5426712
0.8220000 38.0942726
0.8230000 -34.6099052
0.8240000 -33.8721199
0.8250000 10.4277573
0.8260000 -12.8163347
0.8270000 33.0059242
0.8280000 26.9589729
0.8290000 14.1172752
0.8300000 -5.5871911
0.8310000 -9.6498184
0.8320000 -8.1120863
0.8330000 -25.2876339
0.8340000 2.4320564
0.8350000 -11.5426245
0.8360000 -7.4668250
0.8370000 -13.6445370
0.8380000 19.2452621
0.8390000 -13.9958687
0.8400000 0.2640319
0.8410000 71.2952728
0.8420000 37.6807404
0.8430000 8.4349098
0.8440000 86.2368393
0.8450000 31.7406921
0.8460000 -33.0814056
0.8470000 -45.7377357
0.8480000 45.9446449
0.8490000 -14.2920399
0.8500000 -62.5570717
0.8510000 2.6950510
0.8520000 33.5360489
0.8530000 53.0208244
0.8540000 -20.0561218
0.8550000 -2.5818591
0.8560000 36.2491455
0.8570000 -2.6285968
0.8580000 29.3018112
0.8590000 1.2076741
0.8600000 57.2110329
0.8610000 14.7544651
0.8620000 9.8506508
0.8630000 38.4456024
0.8640000 22.7556229
0.8650000 2.6758363
0.8660000 -0.3460708
0.8670000 30.8847790
0.8680000 -54.2743759
0.8690000 -16.9566422
0.8700000 11.0076351
0.8710000 35.6970329
0.8720000 -39.5367279
0.8730000 38.6116066
0.8740000 51.2077942
0.8750000 22.7422161
0.8760000 -3.0938625
0.8770000 21.5080566
0.8780000 -31.6729660
0.8790000 23.9799595
0.8800000 44.8656693
0.8810000 4.7260900
0.8820000 -14.3541899
0.8830000 20.3598385
0.8840000 -6.9559531
0.8850000 22.8961048
0.8860000 39.4449539
0.8870000 32.6334953
0.8880000 -22.8201351
0.8890000 11.1552029
0.8900000 -15.2067623
0.8910000 5.7804894
0.8920000 8.9611158
0.8930000 -21.7735271
0.8940000 -20.1419678
0.8950000 -8.1400337
0.8960000 -13.6181841
0.8970000 68.8909149
0.8980000 -39.5316162
0.8990000 94.1873779
0.9000000 11.7042856
0.9010000 13.5795164
0.9020000 -57.3246689
0.9030000 26.6911411
0.9040000 11.1276855
0.9050000 -41.2026443
0.9060000 -71.9728470
0.9070000 15.7715282
0.9080000 35.5516129
0.9090000 28.6566696
0.9100000 66.8343964
0.9110000 30.0531349
0.9120000 0.8007089
0.9130000 -60.9758492
0.9140000 18.2052956
0.9150000 37.8220940
0.9160000 -11.2818832
0.9170000 -11.5638008
0.9180000 -20.1963902
0.9190000 -28.8294048
0.9200000 50.9638252
0.9210000 60.7558479
0.9220000 -3.4178078
0.9230000 35.2374420
0.9240000 -45.9713669
0.9250000 27.3102226
0.9260000 -4.6204329
0.9270000 -42.4845543
0.9280000 33.8238373
0.9290000 24.1084995
0.9300000 -2.9324877
0.9310000 -10.6554852
0.9320000 -65.3385544
0.9330000 -10.6273279
0.9340000 53.3407288
0.9350000 -30.2725143
0.9360000 33.5572128
0.9370000 -61.6688271
0.9380000 6.6121140
0.9390000 -16.4337196
0.9400000 117.7027588
0.9410000 -11.4161749
0.9420000 -42.3792839
0.9430000 12.3226471
0.9440000 -81.9387283
0.9450000 31.0870781
0.9460000 7.0987849
0.9470000 5.0762320
0.9480000 -35.0219345
0.9490000 -9.8723488
0.9500000 -4.2978077
0.9510000 -50.2657623
0.9520000 29.8550262
0.9530000 -17.5358219
0.9540000 -45.7275009
0.9550000 59.3373146
0.9560000 -41.7480431
0.9570000 -36.6135483
0.9580000 -37.1685905
0.9590000 9.8661213
0.9600000 6.8840218
0.9610000 -52.5844841
0.9620000 -23.6564064
0.9630000 -51.6307983
0.9640000 10.8899927
0.9650000 15.7441959
0.9660000 45.2273407
0.9670000 -38.2833672
0.9680000 17.2211838
0.9690000 -7.9492745
0.9700000 -36.4414558
0.9710000 -41.3898201
0.9720000 -40.6148529
0.9730000 -67.1723862
0.9740000 -43.1313553
0.9750000 30.2403831
0.9760000 37.7826576
0.9770000 -33.8404007
0.9780000 -17.2049561
0.9790000 45.9691505
0.9800000 42.6793709
0.9810000 -17.2921658
0.9820000 -13.0999861
0.9830000 22.8340073
0.9840000 10.7661858
0.9850000 -32.7059212
0.9860000 -62.4669571
0.9870000 53.8869362
0.9880000 21.0758934
0.9890000 -7.2685232
0.9900000 -35.1319733
0.9910000 -27.6156425
0.9920000 22.5499001
0.9930000 -38.7390099
0.9940000 -13.5806055
0.9950000 10.8245001
0.9960000 -57.4085541
0.9970000 -29.8503799
0.9980000 5.0901260
0.9990000 -41.3197441
