0.0000000 27.6459427
0.0010000 -7.3637466
0.0020000 38.9449692
0.0030000 -58.6471901
0.0040000 -81.5514069
0.0050000 -4.6308799
0.0060000 -3.1755400
0.0070000 -45.0041351
0.0080000 -64.4472198
0.0090000 -35.7430458
0.0100000 26.8751087
0.0110000 8.5855608
0.0120000 -38.7936058
0.0130000 -53.8886375
0.0140000 28.4259510
0.0150000 14.7083483
0.0160000 74.8994827
0.0170000 -51.6972694
0.0180000 23.7684860
0.0190000 17.4854355
0.0200000 -34.7765045
0.0210000 -17.7796059
0.0220000 57.9618073
0.0230000 -22.0596523
0.0240000 51.5277596
0.0250000 -26.0127201
0.0260000 51.6976013
0.0270000 12.5111036
0.0280000 -26.2284451
0.0290000 -82.2917709
0.0300000 -65.5446548
0.0310000 -12.1697521
0.0320000 12.9220533
0.0330000 55.5934410
0.0340000 37.1779976
0.0350000 52.7832947
0.0360000 -27.3710423
0.0370000 19.2705288
0.0380000 59.3957138
0.0390000 8.2161150
0.0400000 7.1910753
0.0410000 47.6262703
0.0420000 41.0896568
0.0430000 -21.1902313
0.0440000 1.6412061
0.0450000 11.0817327
0.0460000 32.4904175
0.0470000 1.2572119
0.0480000 -7.7939329
0.0490000 -41.8629341
0.0500000 -35.5124779
0.0510000 -39.8493423
0.0520000 18.8792496
0.0530000 -8.9716110
0.0540000 -38.3168335
0.0550000 -25.7551861
0.0560000 -44.0773087
0.0570000 -49.9759331
0.0580000 25.1884918
0.0590000 12.9965477
0.0600000 9.4432058
0.0610000 5.3742723
0.0620000 -59.2423973
0.0630000 37.7702560
0.0640000 -16.5746880
0.0650000 -12.7343540
0.0660000 6.9580927
0.0670000 -22.7872219
0.0680000 -9.1881437
0.0690000 -37.0383072
0.0700000 11.7174540
0.0710000 8.3659372
0.0720000 52.9126587
0.0730000 -17.6074505
0.0740000 14.5409031
0.0750000 34.3143845
0.0760000 16.8266983
0.0770000 -62.3454857
0.0780000 15.8919792
0.0790000 1.9161130
0.0800000 6.7010407
0.0810000 -1.7695769
0.0820000 -1.2686756
0.0830000 -10.1835079
0.0840000 -5.1153421
0.0850000 -94.1346970
0.0860000 -86.6857986
0.0870000 41.1188774
0.0880000 35.6546211
0.0890000 -18.5355453
0.0900000 8.8295069
0.0910000 -2.3561044
0.0920000 53.4177399
0.0930000 71.8113174
0.0940000 -30.6741524
0.0950000 -24.3913574
0.0960000 -23.4419136
0.0970000 6.9567919
0.0980000 -8.9589872
0.0990000 -8.6347599
0.1000000 -0.3007675
0.1010000 24.6450481
0.1020000 0.9494743
0.1030000 10.5909948
0.1040000 -15.0347939
0.1050000 -2.6021545
0.1060000 74.9599609
0.1070000 -29.3719158
0.1080000 -37.1067162
0.1090000 -17.5139065
0.1100000 -62.7272110
0.1110000 -22.0037613
0.1120000 13.5351915
0.1130000 -62.3367767
0.1140000 -9.1484728
0.1150000 -51.8274612
0.1160000 18.6531620
0.1170000 17.3351574
0.1180000 23.0210075
0.1190000 30.1043625
0.1200000 3.4904919
0.1210000 -23.5195084
0.1220000 10.6453552
0.1230000 -0.8345338
0.1240000 26.9417419
0.1250000 19.6103268
0.1260000 82.4632492
0.1270000 -3.4282992
0.1280000 -3.7193544
0.1290000 18.5210533
0.1300000 -65.1164932
0.1310000 41.9529572
0.1320000 -18.1371975
0.1330000 15.2966747
0.1340000 -6.9160013
0.1350000 11.0383053
0.1360000 -26.0391884
0.1370000 -69.7525787
0.1380000 41.3100815
0.1390000 22.7821770
0.1400000 -0.8531041
0.1410000 -115.5232391
0.1420000 28.4201488
0.1430000 -100.4527054
0.1440000 -16.3151474
0.1450000 24.6640816
0.1460000 -39.0133209
0.1470000 -44.8248825
0.1480000 -17.6925488
0.1490000 9.9887094
0.1500000 17.8134384
0.1510000 16.9273567
0.1520000 -13.6848564
0.1530000 11.8415813
0.1540000 42.1781845
0.1550000 -19.5627880
0.1560000 -105.6250992
0.1570000 -24.0966816
0.1580000 -32.6619873
0.1590000 -7.7144513
0.1600000 -9.2384243
0.1610000 43.7302895
0.1620000 -41.5525322
0.1630000 50.3228645
0.1640000 -53.9657440
0.1650000 -25.9156246
0.1660000 41.2799263
0.1670000 37.5021019
0.1680000 4.0938196
0.1690000 -40.0192986
0.1700000 -30.3943462
0.1710000 13.1434507
0.1720000 -6.8497772
0.1730000 48.1258049
0.1740000 -22.8679066
0.1750000 -39.0912666
0.1760000 -35.0134506
0.1770000 -9.9435577
0.1780000 47.0192757
0.1790000 62.4157295
0.1800000 1.0036477
0.1810000 -6.7842317
0.1820000 22.9804764
0.1830000 32.6660805
0.1840000 42.6914673
0.1850000 48.6062584
0.1860000 29.9368515
0.1870000 -10.7669907
0.1880000 4.1580439
0.1890000 -14.5129442
0.1900000 5.4062853
0.1910000 48.7385712
0.1920000 -15.6792955
0.1930000 19.9887371
0.1940000 20.5575676
0.1950000 -52.0944939
0.1960000 45.5178795
0.1970000 18.6214523
0.1980000 -23.4384594
0.1990000 -26.9959507
0.2000000 7.9351406
0.2010000 -4.3651299
0.2020000 -50.8219452
0.2030000 -14.4004240
0.2040000 -49.0487480
0.2050000 45.1081352
0.2060000 0.9329426
0.2070000 -17.4435024
0.2080000 8.5284996
0.2090000 -21.0527935
0.2100000 -19.6380558
0.2110000 63.8416100
0.2120000 18.9704971
0.2130000 -23.3622952
0.2140000 14.7440834
0.2150000 -11.3263502
0.2160000 -19.6879234
0.2170000 33.0484810
0.2180000 -24.4800014
0.2190000 -7.6570721
0.2200000 27.5933552
0.2210000 -20.7570362
0.2220000 -37.1180344
0.2230000 -1.6326203
0.2240000 72.4217606
0.2250000 55.9672585
0.2260000 -0.3751581
0.2270000 64.8695526
0.2280000 55.8867569
0.2290000 -41.4531059
0.2300000 37.4488411
0.2310000 -27.4386311
0.2320000 55.8414955
0.2330000 -20.4008884
0.2340000 5.6443515
0.2350000 -27.1729317
0.2360000 75.4574890
0.2370000 22.5100327
0.2380000 -27.7331619
0.2390000 -17.2053795
0.2400000 35.2635460
0.2410000 -62.8042679
0.2420000 -32.8595390
0.2430000 -75.4436874
0.2440000 -51.0490341
0.2450000 31.5433559
0.2460000 13.1699753
0.2470000 -41.2413406
0.2480000 3.8769655
0.2490000 50.5693398
0.2500000 -48.7401161
0.2510000 -41.2295341
0.2520000 11.5555038
0.2530000 -8.8824835
0.2540000 -4.9808459
0.2550000 -83.8352966
0.2560000 6.9453983
0.2570000 -18.0957832
0.2580000 10.6600266
0.2590000 -44.5152626
0.2600000 -3.6591089
0.2610000 29.3383312
0.2620000 16.6338596
0.2630000 11.1623592
0.2640000 49.1993179
0.2650000 -21.0271816
0.2660000 12.5191526
0.2670000 15.0489216
0.2680000 -11.0124607
0.2690000 -3.7356009
0.2700000 49.3647957
0.2710000 88.5964050
0.2720000 -32.3222961
0.2730000 57.1427994
0.2740000 -32.2369003
0.2750000 37.3425407
0.2760000 -58.3330574
0.2770000 29.9199829
0.2780000 16.5639668
0.2790000 -27.8118362
0.2800000 14.6498356
0.2810000 -16.7649803
0.2820000 20.1588516
0.2830000 -5.1250658
0.2840000 -11.3041754
0.2850000 28.4772987
0.2860000 -19.2312775
0.2870000 28.3550797
0.2880000 -8.5089216
0.2890000 48.3156319
0.2900000 -24.2722416
0.2910000 66.9629440
0.2920000 -25.1580353
0.2930000 6.4086165
0.2940000 -5.5318451
0.2950000 -18.0941639
0.2960000 -0.6907619
0.2970000 61.8741837
0.2980000 -3.4932082
0.2990000 -32.3407936
0.3000000 -95.5778809
0.3010000 -54.0654678
0.3020000 60.8236580
0.3030000 -80.1233521
0.3040000 69.5370255
0.3050000 -1.4460562
0.3060000 19.5164566
0.3070000 14.3072414
0.3080000 -24.5484142
0.3090000 -39.7576103
0.3100000 3.5059066
0.3110000 -16.3567524
0.3120000 -47.3979530
0.3130000 41.8269882
0.3140000 19.8881550
0.3150000 -25.9174957
0.3160000 16.6071568
0.3170000 -2.0100269
0.3180000 -21.0022182
0.3190000 40.6828003
0.3200000 24.2732925
0.3210000 -8.8954802
0.3220000 -10.7570238
0.3230000 31.6463490
0.3240000 -19.0898972
0.3250000 14.6263885
0.3260000 -36.8138313
0.3270000 67.0602951
0.3280000 -16.8559361
0.3290000 -2.5069144
0.3300000 1.9261199
0.3310000 -65.0130005
0.3320000 31.3958397
0.3330000 83.3973160
0.3340000 24.3158875
0.3350000 -18.7018337
0.3360000 16.5353432
0.3370000 -4.9137135
0.3380000 10.8477077
0.3390000 -44.1239128
0.3400000 -1.1603245
0.3410000 -12.5588818
0.3420000 7.7102180
0.3430000 44.2204971
0.3440000 25.4491348
0.3450000 23.4513264
0.3460000 -18.2560768
0.3470000 -10.8416586
0.3480000 87.1305618
0.3490000 -73.3258896
0.3500000 -43.2035484
0.3510000 7.2759366
0.3520000 49.3694496
0.3530000 -47.0475044
0.3540000 10.5256844
0.3550000 27.2542992
0.3560000 29.6184788
0.3570000 24.1720142
0.3580000 -36.4887581
0.3590000 17.1847649
0.3600000 5.0923882
0.3610000 18.2227097
0.3620000 33.0005188
0.3630000 -18.6475372
0.3640000 4.6032915
0.3650000 -43.2485504
0.3660000 -11.8866386
0.3670000 7.9607434
0.3680000 -0.3364450
0.3690000 82.9402237
0.3700000 -66.2319946
0.3710000 -6.6487403
0.3720000 26.3667126
0.3730000 -10.1763153
0.3740000 -68.2908096
0.3750000 -66.8096008
0.3760000 -28.0720711
0.3770000 45.3846245
0.3780000 41.2958069
0.3790000 -47.1817589
0.3800000 71.7852097
0.3810000 2.6476803
0.3820000 -21.0503235
0.3830000 -11.2859268
0.3840000 70.5718765
0.3850000 26.3565941
0.3860000 -25.2127991
0.3870000 49.6885338
0.3880000 38.8624535
0.3890000 48.4510384
0.3900000 -2.7605996
0.3910000 50.1211395
0.3920000 25.9478912
0.3930000 -32.7018356
0.3940000 -10.5671272
0.3950000 8.6445312
0.3960000 -7.2129917
0.3970000 -17.9191952
0.3980000 89.2394867
0.3990000 23.4101315
0.4000000 -15.9136839
0.4010000 -7.4087353
0.4020000 -26.0475483
0.4030000 11.9255524
0.4040000 33.2682152
0.4050000 -7.7691379
0.4060000 77.1806030
0.4070000 51.2895966
0.4080000 -6.3386116
0.4090000 21.2713318
0.4100000 -20.1635303
0.4110000 -20.4329395
0.4120000 14.9485264
0.4130000 12.2997103
0.4140000 1.2093005
0.4150000 -25.3481407
0.4160000 25.1500072
0.4170000 -4.5054197
0.4180000 -31.9661407
0.4190000 -72.8598633
0.4200000 35.6787453
0.4210000 -4.1674294
0.4220000 -32.1059151
0.4230000 -44.8182755
0.4240000 -3.6448917
0.4250000 -30.2986393
0.4260000 -46.3311310
0.4270000 -0.1160880
0.4280000 28.6550159
0.4290000 -23.5323372
0.4300000 28.0370350
0.4310000 -44.2372398
0.4320000 38.7876167
0.4330000 -49.8800049
0.4340000 20.4024754
0.4350000 -43.8650284
0.4360000 35.9437065
0.4370000 -26.7744961
0.4380000 22.5101032
0.4390000 46.8706665
0.4400000 -10.7825813
0.4410000 42.2588196
0.4420000 -20.5764809
0.4430000 12.1672697
0.4440000 17.6298809
0.4450000 -5.0669737
0.4460000 -37.2537346
0.4470000 -24.1776695
0.4480000 18.6987782
0.4490000 -23.6605949
0.4500000 -23.9588928
0.4510000 -3.5984478
0.4520000 13.0199966
0.4530000 42.0657845
0.4540000 52.9882545
0.4550000 50.9340439
0.4560000 1.2393254
0.4570000 -7.8506756
0.4580000 49.2790108
0.4590000 1.9094530
0.4600000 30.4670448
0.4610000 27.9829330
0.4620000 -12.9749641
0.4630000 20.3364544
0.4640000 1.3443248
0.4650000 -64.6208649
0.4660000 -23.3615265
0.4670000 6.3853302
0.4680000 -18.6709690
0.4690000 -33.4022980
0.4700000 65.3925171
0.4710000 -20.8248043
0.4720000 -16.7747631
0.4730000 -27.4702454
0.4740000 -30.3645859
0.4750000 4.7784357
0.4760000 1.7798312
0.4770000 28.5038052
0.4780000 31.8639488
0.4790000 -59.6480980
0.4800000 37.6806107
0.4810000 -7.4262867
0.4820000 25.3318462
0.4830000 -20.7935619
0.4840000 -25.5197048
0.4850000 -17.6242523
0.4860000 45.5555382
0.4870000 20.2700748
0.4880000 -8.7229252
0.4890000 54.6120071
0.4900000 66.9871368
0.4910000 -20.1608200
0.4920000 27.4628410
0.4930000 -5.9711771
0.4940000 -18.8927212
0.4950000 33.9494095
0.4960000 -58.1410446
0.4970000 21.2247829
0.4980000 -23.0514088
0.4990000 -12.9927950
0.5000000 -3.6344438
0.5010000 -7.3429732
0.5020000 -2.1520181
0.5030000 67.5415878
0.5040000 26.1554909
0.5050000 -51.8264008
0.5060000 -19.4697151
0.5070000 3.4716315
0.5080000 38.0620422
0.5090000 19.2837734
0.5100000 -23.7480068
0.5110000 -51.6513977
0.5120000 -29.8056984
0.5130000 26.9565201
0.5140000 19.0487270
0.5150000 17.3997536
0.5160000 -53.1910362
0.5170000 -35.7429276
0.5180000 23.4101906
0.5190000 -33.1235580
0.5200000 -17.1329803
0.5210000 -47.7071877
0.5220000 -28.9264507
0.5230000 44.7467155
0.5240000 -2.3013451
0.5250000 24.3537025
0.5260000 13.9890957
0.5270000 47.2978058
0.5280000 -41.5498047
0.5290000 10.6142769
0.5300000 49.6255798
0.5310000 76.8399048
0.5320000 57.5416794
0.5330000 -29.3760052
0.5340000 3.8297451
0.5350000 39.1510468
0.5360000 -5.2796807
0.5370000 4.9811010
0.5380000 62.3781891
0.5390000 -58.4506836
0.5400000 -15.4963408
0.5410000 -38.0065536
0.5420000 25.9614067
0.5430000 -26.9263897
0.5440000 -68.2811203
0.5450000 11.3062668
0.5460000 -19.8382874
0.5470000 -24.5901299
0.5480000 12.3345804
0.5490000 0.9383902
0.5500000 -37.3693886
0.5510000 -9.7923365
0.5520000 -67.8474579
0.5530000 32.9997444
0.5540000 -6.7454591
0.5550000 -19.0902195
0.5560000 -26.2089882
0.5570000 -30.8290730
0.5580000 -0.0803494
0.5590000 -28.0121956
0.5600000 -9.8971376
0.5610000 -0.4299487
0.5620000 2.4903617
0.5630000 -7.9759140
0.5640000 -23.3643112
0.5650000 69.1941071
0.5660000 -50.8692055
0.5670000 -1.7276973
0.5680000 -13.5240345
0.5690000 -41.8717537
0.5700000 8.9227800
0.5710000 0.1075737
0.5720000 37.3140106
0.5730000 40.9601593
0.5740000 20.0655384
0.5750000 -4.5940723
0.5760000 -26.2853088
0.5770000 9.3201036
0.5780000 21.2721558
0.5790000 32.9724960
0.5800000 6.1032696
0.5810000 6.9725614
0.5820000 17.8021908
0.5830000 56.6163521
0.5840000 39.4774780
0.5850000 -0.4225829
0.5860000 -33.6707611
0.5870000 -1.5295780
0.5880000 -27.3184280
0.5890000 85.0821991
0.5900000 -35.4792862
0.5910000 -90.0482483
0.5920000 50.7805481
0.5930000 -36.6448669
0.5940000 -64.4517746
0.5950000 4.9742904
0.5960000 -1.4231061
0.5970000 21.4130478
0.5980000 5.0857344
0.5990000 -3.4519243
0.6000000 -29.8199329
0.6010000 53.5088539
0.6020000 -34.5502319
0.6030000 -23.2868423
0.6040000 43.3890381
0.6050000 -60.3921890
0.6060000 12.3198643
0.6070000 -48.6310043
0.6080000 71.9270020
0.6090000 2.3424933
0.6100000 46.7923775
0.6110000 -18.2123985
0.6120000 -51.1643257
0.6130000 -41.6070328
0.6140000 6.8288951
0.6150000 -33.0574837
0.6160000 -6.0169768
0.6170000 24.6838799
0.6180000 29.5508728
0.6190000 81.0821075
0.6200000 -35.2562714
0.6210000 -52.4396935
0.6220000 -4.3716912
0.6230000 -19.2059307
0.6240000 43.6125641
0.6250000 34.4970322
0.6260000 -5.8151288
0.6270000 -0.8209007
0.6280000 33.9612579
0.6290000 -23.9208431
0.6300000 65.3749161
0.6310000 -18.6901627
0.6320000 9.6347141
0.6330000 -36.6686020
0.6340000 3.8336990
0.6350000 -12.6524696
0.6360000 -0.4453157
0.6370000 -22.6104259
0.6380000 9.7914829
0.6390000 -13.4571371
0.6400000 -15.2563372
0.6410000 -78.2838974
0.6420000 -38.3551559
0.6430000 27.2967224
0.6440000 -32.9496269
0.6450000 -18.0441761
0.6460000 -22.3908844
0.6470000 3.3664558
0.6480000 -104.4491196
0.6490000 -8.9703302
0.6500000 -8.0893335
0.6510000 10.4877081
0.6520000 -43.4328079
0.6530000 -14.6528959
0.6540000 -9.8160858
0.6550000 14.4549570
0.6560000 18.9854145
0.6570000 28.6828384
0.6580000 1.7100276
0.6590000 -19.9697742
0.6600000 54.3269920
0.6610000 -83.1267548
0.6620000 -32.9459648
0.6630000 65.0490952
0.6640000 48.8948975
0.6650000 84.1470566
0.6660000 -27.5955067
0.6670000 -16.2571144
0.6680000 63.4955864
0.6690000 28.5402927
0.6700000 11.2466249
0.6710000 10.2739677
0.6720000 75.3319092
0.6730000 -18.9810734
0.6740000 15.2784271
0.6750000 37.4740639
0.6760000 -55.5527802
0.6770000 -1.4520051
0.6780000 30.0179462
0.6790000 -25.6762047
0.6800000 -14.8826923
0.6810000 5.8990440
0.6820000 16.9620419
0.6830000 17.5287437
0.6840000 -23.7093124
0.6850000 2.6350479
0.6860000 -6.1727777
0.6870000 -13.7225952
0.6880000 -11.4071951
0.6890000 -24.0091991
0.6900000 40.8579063
0.6910000 27.9333076
0.6920000 -2.8656015
0.6930000 -40.8781281
0.6940000 19.3756256
0.6950000 48.0676155
0.6960000 -41.8351631
0.6970000 -14.3497438
0.6980000 -22.6225719
0.6990000 37.9188385
0.7000000 103.5800171
0.7010000 -36.5894432
0.7020000 62.6774712
0.7030000 22.9328098
0.7040000 -26.7681427
0.7050000 -43.4866943
0.7060000 50.2326584
0.7070000 -4.6244111
0.7080000 76.4106140
0.7090000 -2.2841330
0.7100000 20.3216476
0.7110000 -1.7180668
0.7120000 -16.2320499
0.7130000 64.1647110
0.7140000 -49.0541840
0.7150000 -8.0267344
0.7160000 11.6605530
0.7170000 37.6821632
0.7180000 16.8183727
0.7190000 -24.4801903
0.7200000 -28.6958981
0.7210000 2.5818198
0.7220000 -35.9838486
0.7230000 -0.2751752
0.7240000 -94.2976074
0.7250000 47.8859329
0.7260000 -32.9768372
0.7270000 3.9223669
0.7280000 -45.6095314
0.7290000 16.4859219
0.7300000 3.5971057
0.7310000 1.5328820
0.7320000 97.0470352
0.7330000 69.8618088
0.7340000 35.7980194
0.7350000 -0.8988645
0.7360000 -52.3257027
0.7370000 -19.3955517
0.7380000 -1.6504869
0.7390000 33.2500038
0.7400000 2.3533816
0.7410000 -14.0548859
0.7420000 -56.5594215
0.7430000 -6.1353912
0.7440000 9.9128590
0.7450000 -73.6892014
0.7460000 29.6754227
0.7470000 -25.2607670
0.7480000 -13.7498417
0.7490000 76.0696869
0.7500000 -15.4630289
0.7510000 -15.4580555
0.7520000 -12.4615936
0.7530000 57.7273178
0.7540000 3.6937912
0.7550000 -18.5112476
0.7560000 -40.2836533
0.7570000 -12.9197512
0.7580000 23.9988918
0.7590000 -27.5021496
0.7600000 18.5928669
0.7610000 28.2861004
0.7620000 -20.1066914
0.7630000 -2.1323807
0.7640000 14.9280968
0.7650000 -68.1337967
0.7660000 -37.7430344
0.7670000 11.6398487
0.7680000 24.7583008
0.7690000 -37.6204681
0.7700000 -21.6779556
0.7710000 -53.5909767
0.7720000 -23.1193428
0.7730000 -59.4491653
0.7740000 8.5407724
0.7750000 12.3973646
0.7760000 33.5904770
0.7770000 -60.2938156
0.7780000 -29.0087242
0.7790000 -26.0687656
0.7800000 6.7094631
0.7810000 51.2116356
0.7820000 -63.2355652
0.7830000 -1.7823218
0.7840000 20.0143433
0.7850000 -45.1740227
0.7860000 24.4800720
0.7870000 -35.1617775
0.7880000 24.0151463
0.7890000 4.7993488
0.7900000 17.1045322
0.7910000 -34.9129028
0.7920000 -10.5999660
0.7930000 17.5601254
0.7940000 -24.5541515
0.7950000 -6.8383803
0.7960000 -34.2821732
0.7970000 -23.2050343
0.7980000 -20.8153610
0.7990000 24.2815704
0.8000000 31.4623394
0.8010000 -48.6318665
0.8020000 13.6127005
0.8030000 46.6426773
0.8040000 18.8592434
0.8050000 -36.9399490
0.8060000 -19.4405918
0.8070000 51.3409233
0.8080000 -35.4108620
0.8090000 30.8620071
0.8100000 -42.7260132
0.8110000 38.5555992
0.8120000 35.2775955
0.8130000 45.0295906
0.8140000 10.4835567
0.8150000 55.9418182
0.8160000 46.7189636
0.8170000 5.6932187
0.8180000 -25.8744469
0.8190000 6.7681637
0.8200000 -31.0304470
0.8210000 46.7850151
0.8220000 -41.0770798
0.8230000 17.6892357
0.8240000 31.2684059
0.8250000 -5.7470479
0.8260000 -0.8605071
0.8270000 4.4739490
0.8280000 56.0862122
0.8290000 40.5815239
0.8300000 14.7754469
0.8310000 44.9470940
0.8320000 29.7031326
0.8330000 31.7570629
0.8340000 6.9437370
0.8350000 36.9158249
0.8360000 4.3275557
0.8370000 -42.6641083
0.8380000 26.3038177
0.8390000 17.3108826
0.8400000 67.3825226
0.8410000 37.6222916
0.8420000 -68.9104233
0.8430000 0.4743565
0.8440000 -17.8056622
0.8450000 74.8716888
0.8460000 14.0657949
0.8470000 -21.4390755
0.8480000 -0.3431856
0.8490000 58.0815239
0.8500000 -51.5976562
0.8510000 -13.9719076
0.8520000 -18.8189850
0.8530000 7.3840890
0.8540000 41.5448112
0.8550000 -12.1673250
0.8560000 -31.4280758
0.8570000 -19.1529160
0.8580000 44.2394295
0.8590000 -24.0822620
0.8600000 -36.3974190
0.8610000 -58.6158562
0.8620000 53.0663223
0.8630000 26.8538227
0.8640000 -18.6251812
0.8650000 0.8721777
0.8660000 -23.5838776
0.8670000 -44.5288582
0.8680000 -63.0944672
0.8690000 -50.6579208
0.8700000 28.3133125
0.8710000 -6.4133849
0.8720000 -7.3585100
0.8730000 -81.0154114
0.8740000 -14.3324833
0.8750000 -84.2362518
0.8760000 22.4319038
0.8770000 -13.8495712
0.8780000 19.2307701
0.8790000 -72.5265884
0.8800000 -0.0802801
0.8810000 6.0384908
0.8820000 -15.3536091
0.8830000 28.3897343
0.8840000 -33.5091972
0.8850000 -52.1988564
0.8860000 -21.0394058
0.8870000 29.0265827
0.8880000 -22.0092793
0.8890000 -32.9664268
0.8900000 8.6125011
0.8910000 -4.5556078
0.8920000 -30.9540768
0.8930000 10.9964619
0.8940000 -1.6701014
0.8950000 -48.9828224
0.8960000 -6.0447321
0.8970000 11.7447157
0.8980000 -18.1118908
0.8990000 -19.8443241
0.9000000 -1.8154569
0.9010000 -69.9030228
0.9020000 -30.9941845
0.9030000 56.9997063
0.9040000 -15.1616802
0.9050000 24.5033741
0.9060000 58.4869270
0.9070000 -8.9252911
0.9080000 -30.5994835
0.9090000 19.1374969
0.9100000 -62.3036118
0.9110000 48.5903778
0.9120000 -33.4288979
0.9130000 16.3782845
0.9140000 11.4711113
0.9150000 28.6667385
0.9160000 41.6665344
0.9170000 12.3329077
0.9180000 -35.6518135
0.9190000 -51.1858253
0.9200000 26.8096218
0.9210000 -8.6854763
0.9220000 -5.4653192
0.9230000 31.0620041
0.9240000 17.9400749
0.9250000 -27.8508854
0.9260000 51.9139595
0.9270000 17.9339581
0.9280000 -30.1650314
0.9290000 39.5826416
0.9300000 3.7550063
0.9310000 -90.1035767
0.9320000 5.1552825
0.9330000 -45.2289925
0.9340000 0.7340292
0.9350000 -9.6999950
0.9360000 18.2052803
0.9370000 -54.6742172
0.9380000 35.5507393
0.9390000 14.4754248
0.9400000 25.7823772
0.9410000 -15.9965134
0.9420000 -58.6702156
0.9430000 64.3815689
0.9440000 -60.1476059
0.9450000 -28.6366787
0.9460000 37.7982254
0.9470000 26.0013351
0.9480000 47.7655106
0.9490000 -8.4053755
0.9500000 56.2804375
0.9510000 14.1362572
0.9520000 -23.5101185
0.9530000 -47.5067101
0.9540000 -3.7404757
0.9550000 -49.4592705
0.9560000 -4.2850986
0.9570000 -29.9902668
0.9580000 -55.6348953
0.9590000 -43.6844788
0.9600000 -21.3996849
0.9610000 -7.3336396
0.9620000 -56.6244087
0.9630000 -9.4020767
0.9640000 20.7645817
0.9650000 -7.3856473
0.9660000 -51.9361343
0.9670000 29.1778793
0.9680000 -7.4614778
0.9690000 52.4982147
0.9700000 5.0384932
0.9710000 -13.0882816
0.9720000 -37.1835747
0.9730000 -91.4831848
0.9740000 -11.2228365
0.9750000 12.6194820
0.9760000 31.1643333
0.9770000 71.0589142
0.9780000 20.4466648
0.9790000 9.8415766
0.9800000 -53.6383247
0.9810000 -45.6268196
0.9820000 -0.4643023
0.9830000 14.0683975
0.9840000 -40.5947495
0.9850000 49.7926941
0.9860000 6.0539403
0.9870000 55.6132317
0.9880000 34.0291367
0.9890000 -11.8014545
0.9900000 -45.8598404
0.9910000 47.1406860
0.9920000 10.5588961
0.9930000 -25.7297535
0.9940000 4.4070134
0.9950000 -19.3289204
0.9960000 55.6418800
0.9970000 60.0319099
0.9980000 39.2568855
0.9990000 -43.8651657
