0.0000000 25.3076706
0.0010000 -31.8423634
0.0020000 -16.0585117
0.0030000 -37.2571526
0.0040000 20.3989239
0.0050000 12.7389135
0.0060000 -80.7339478
0.0070000 -16.2465229
0.0080000 38.8025742
0.0090000 18.6981602
0.0100000 -17.4815865
0.0110000 -39.4532967
0.0120000 14.4047747
0.0130000 35.4114151
0.0140000 52.8660469
0.0150000 34.2031784
0.0160000 -68.6600189
0.0170000 -4.1475139
0.0180000 2.7887654
0.0190000 -3.7835667
0.0200000 -15.3141356
0.0210000 -40.9831276
0.0220000 -28.7378159
0.0230000 23.9931374
0.0240000 -80.6555252
0.0250000 11.4984169
0.0260000 -48.7205544
0.0270000 -28.4196281
0.0280000 -16.5926208
0.0290000 25.3443279
0.0300000 16.4991188
0.0310000 36.7318268
0.0320000 0.0410210
0.0330000 -11.7701750
0.0340000 -33.5544395
0.0350000 19.6307640
0.0360000 -54.8227730
0.0370000 -52.0011406
0.0380000 18.9258480
0.0390000 -42.1979141
0.0400000 10.6936159
0.0410000 41.2015076
0.0420000 7.8733878
0.0430000 2.1737311
0.0440000 -9.0146036
0.0450000 6.3959160
0.0460000 25.0031853
0.0470000 -9.7506580
0.0480000 3.4927189
0.0490000 -50.6949615
0.0500000 28.3390713
0.0510000 -40.8330460
0.0520000 -17.1228294
0.0530000 35.1137199
0.0540000 -15.6612577
0.0550000 -27.7348976
0.0560000 -66.3402786
0.0570000 -6.9389124
0.0580000 24.2321148
0.0590000 -12.7749786
0.0600000 14.8637104
0.0610000 -34.4355278
0.0620000 -16.6807709
0.0630000 -21.1199226
0.0640000 -14.9406033
0.0650000 23.2517757
0.0660000 -1.9112661
0.0670000 20.2968960
0.0680000 21.2652397
0.0690000 -11.6314640
0.0700000 26.0731316
0.0710000 13.8034811
0.0720000 -30.4832420
0.0730000 47.5967140
0.0740000 -30.3219109
0.0750000 -34.5702133
0.0760000 43.7775841
0.0770000 1.0176493
0.0780000 12.6480017
0.0790000 -40.9541206
0.0800000 -32.1427612
0.0810000 45.4223976
0.0820000 -52.7050858
0.0830000 43.5336304
0.0840000 -4.4553804
0.0850000 -34.4400330
0.0860000 37.3946114
0.0870000 -18.2353859
0.0880000 -52.3095169
0.0890000 -59.9361725
0.0900000 -7.8332758
0.0910000 -42.5927315
0.0920000 22.6558228
0.0930000 -26.2970314
0.0940000 2.8156559
0.0950000 21.9096909
0.0960000 24.5390587
0.0970000 -17.3343582
0.0980000 15.8111439
0.0990000 -28.1339245
0.1000000 43.8360291
0.1010000 -31.6918831
0.1020000 52.9098473
0.1030000 -58.4828529
0.1040000 86.4991455
0.1050000 62.1766586
0.1060000 -11.9961395
0.1070000 20.4118118
0.1080000 -26.4570808
0.1090000 -17.7359238
0.1100000 -25.2711773
0.1110000 13.3028908
0.1120000 -61.6224937
0.1130000 27.6952209
0.1140000 10.2245216
0.1150000 13.7896738
0.1160000 5.2127800
0.1170000 -4.8946090
0.1180000 -64.4356918
0.1190000 22.6495686
0.1200000 -15.8088570
0.1210000 77.7398529
0.1220000 -34.9222183
0.1230000 36.1323166
0.1240000 14.9573870
0.1250000 -22.1251812
0.1260000 1.6800777
0.1270000 -9.3734226
0.1280000 -69.6638565
0.1290000 -22.0286636
0.1300000 -9.1097660
0.1310000 -49.6687317
0.1320000 3.9778593
0.1330000 -4.8572392
0.1340000 -13.8120165
0.1350000 6.4141788
0.1360000 40.5019112
0.1370000 -46.0456657
0.1380000 -46.9658661
0.1390000 63.0201111
0.1400000 30.1025848
0.1410000 2.8701169
0.1420000 -28.4834671
0.1430000 -41.2948570
0.1440000 -48.7961426
0.1450000 -24.2094555
0.1460000 11.5653954
0.1470000 -54.6740456
0.1480000 33.9631233
0.1490000 33.4657555
0.1500000 -54.4517212
0.1510000 8.3739605
0.1520000 -4.6141801
0.1530000 -57.1205177
0.1540000 3.8016102
0.1550000 -34.1450119
0.1560000 77.2964401
0.1570000 -20.9077091
0.1580000 -36.4912148
0.1590000 -5.0575743
0.1600000 12.5445719
0.1610000 -39.1711922
0.1620000 -13.0920868
0.1630000 22.4554577
0.1640000 9.7792301
0.1650000 -15.9039011
0.1660000 15.9908943
0.1670000 56.0888901
0.1680000 -44.4512672
0.1690000 10.2629957
0.1700000 51.1999397
0.1710000 22.2840061
0.1720000 34.3816757
0.1730000 -69.2178116
0.1740000 28.4202480
0.1750000 -12.8379421
0.1760000 31.8986969
0.1770000 -31.1590137
0.1780000 -31.6022339
0.1790000 -41.3090096
0.1800000 -96.6034393
0.1810000 -47.5412445
0.1820000 48.0041199
0.1830000 20.7969017
0.1840000 -16.6611729
0.1850000 -44.5354843
0.1860000 17.8925781
0.1870000 59.3585472
0.1880000 -3.3206961
0.1890000 -21.4654369
0.1900000 -33.2234268
0.1910000 -36.5283966
0.1920000 6.4819365
0.1930000 44.5007782
0.1940000 8.6780109
0.1950000 -2.3892052
0.1960000 19.5125523
0.1970000 -41.9236565
0.1980000 -30.2038479
0.1990000 25.8009682
0.2000000 5.4592757
0.2010000 45.4238091
0.2020000 -3.9777532
0.2030000 24.4710693
0.2040000 58.6307144
0.2050000 66.9837189
0.2060000 -6.8544378
0.2070000 4.2564330
0.2080000 -13.8023901
0.2090000 21.3188610
0.2100000 39.1268959
0.2110000 -25.0759048
0.2120000 35.1176071
0.2130000 34.1442261
0.2140000 10.2343864
0.2150000 62.8661804
0.2160000 -31.0938015
0.2170000 -17.6128635
0.2180000 -27.8238125
0.2190000 47.6601295
0.2200000 -20.9320526
0.2210000 -10.4844913
0.2220000 -3.9302084
0.2230000 29.1260014
0.2240000 30.8325100
0.2250000 -4.9067612
0.2260000 -13.9049358
0.2270000 -32.4523964
0.2280000 -16.2526646
0.2290000 51.3661308
0.2300000 27.0144253
0.2310000 13.5714521
0.2320000 -20.4745731
0.2330000 11.4568720
0.2340000 24.1065216
0.2350000 81.4230118
0.2360000 -21.5353107
0.2370000 -22.8488770
0.2380000 63.4873390
0.2390000 -0.9192010
0.2400000 -20.5396786
0.2410000 -86.3421707
0.2420000 54.5791588
0.2430000 -8.4443493
0.2440000 -19.5069351
0.2450000 -19.3297253
0.2460000 -30.9193211
0.2470000 64.7886429
0.2480000 -11.1168842
0.2490000 -49.3555679
0.2500000 8.7767725
0.2510000 -15.8222389
0.2520000 -0.8390102
0.2530000 27.7845478
0.2540000 -14.5684509
0.2550000 26.8459396
0.2560000 0.7955576
0.2570000 7.4910102
0.2580000 -54.9143562
0.2590000 -13.5036163
0.2600000 -6.2545156
0.2610000 -15.7530308
0.2620000 32.1403313
0.2630000 -10.3461494
0.2640000 -6.2584724
0.2650000 7.1969767
0.2660000 -74.2452927
0.2670000 41.4792061
0.2680000 4.2627854
0.2690000 -32.9399948
0.2700000 -27.5639076
0.2710000 -59.8315430
0.2720000 13.8103123
0.2730000 -32.4609261
0.2740000 15.7550793
0.2750000 -17.6631527
0.2760000 -33.3420753
0.2770000 -31.5075188
0.2780000 27.6631317
0.2790000 33.0550461
0.2800000 -33.1151810
0.2810000 18.1383896
0.2820000 -47.6863556
0.2830000 24.0571861
0.2840000 -43.7599220
0.2850000 23.7953777
0.2860000 -58.3723907
0.2870000 -29.8152180
0.2880000 -11.2702923
0.2890000 -49.0891838
0.2900000 5.5621133
0.2910000 -31.6976719
0.2920000 -12.7100573
0.2930000 14.2442369
0.2940000 -35.1312752
0.2950000 5.9124885
0.2960000 -1.7171792
0.2970000 6.9309425
0.2980000 -13.6403236
0.2990000 -5.8688035
0.3000000 10.4349470
0.3010000 12.2443514
0.3020000 28.5810566
0.3030000 -42.8995132
0.3040000 -23.7395573
0.3050000 57.1264610
0.3060000 36.8768387
0.3070000 -67.0539017
0.3080000 4.8836904
0.3090000 -57.1402016
0.3100000 -78.3752136
0.3110000 -29.8392258
0.3120000 20.1210575
0.3130000 14.3454275
0.3140000 29.1571999
0.3150000 67.3215485
0.3160000 -11.9671955
0.3170000 -15.7596245
0.3180000 17.4190788
0.3190000 -33.7937469
0.3200000 75.9067154
0.3210000 10.6163692
0.3220000 16.9016743
0.3230000 22.9354095
0.3240000 -28.9901848
0.3250000 19.4702053
0.3260000 12.8616667
0.3270000 -12.8444185
0.3280000 -51.3152237
0.3290000 -26.6785469
0.3300000 14.7379465
0.3310000 13.3671713
0.3320000 -31.7448406
0.3330000 49.3550072
0.3340000 19.9029217
0.3350000 -41.3140297
0.3360000 -49.2304535
0.3370000 36.7120819
0.3380000 -63.2994690
0.3390000 65.1019745
0.3400000 -16.4475689
0.3410000 -0.8345156
0.3420000 -10.1249170
0.3430000 46.9700851
0.3440000 -17.5030231
0.3450000 -16.1279392
0.3460000 15.8425751
0.3470000 41.7805138
0.3480000 -17.4322033
0.3490000 23.6711006
0.3500000 -0.8728268
0.3510000 30.0131741
0.3520000 -68.4421997
0.3530000 8.5839071
0.3540000 -34.9781952
0.3550000 -9.9475355
0.3560000 15.4695683
0.3570000 -11.9701033
0.3580000 -26.6506863
0.3590000 74.0982819
0.3600000 3.1170127
0.3610000 -47.7368202
0.3620000 84.6701431
0.3630000 4.8550258
0.3640000 75.1596222
0.3650000 -35.4938965
0.3660000 -47.6600380
0.3670000 -17.7478428
0.3680000 1.9683080
0.3690000 -26.9756966
0.3700000 27.4655457
0.3710000 -22.0632038
0.3720000 -16.6484432
0.3730000 -9.3163595
0.3740000 19.3246403
0.3750000 40.8056602
0.3760000 -79.8211517
0.3770000 16.0112305
0.3780000 7.5856204
0.3790000 23.9578915
0.3800000 -3.1618052
0.3810000 -60.9200211
0.3820000 -15.0237532
0.3830000 -3.9606140
0.3840000 24.0846291
0.3850000 -21.3753223
0.3860000 -41.1111145
0.3870000 -15.6197176
0.3880000 31.5867462
0.3890000 10.9519205
0.3900000 58.1788902
0.3910000 23.0133934
0.3920000 3.9926989
0.3930000 -9.0249901
0.3940000 -6.4710541
0.3950000 38.2941818
0.3960000 17.0343990
0.3970000 3.8653929
0.3980000 -2.2938063
0.3990000 15.3632889
0.4000000 15.3580866
0.4010000 22.3208294
0.4020000 7.9307566
0.4030000 -1.4787010
0.4040000 -21.9821739
0.4050000 10.4778996
0.4060000 21.1389122
0.4070000 -15.9672375
0.4080000 -62.5036507
0.4090000 1.2977320
0.4100000 24.2387714
0.4110000 21.3416576
0.4120000 -36.9937935
0.4130000 31.2490139
0.4140000 -5.7661633
0.4150000 -46.0664139
0.4160000 6.5163932
0.4170000 31.0884380
0.4180000 18.2747116
0.4190000 -33.8979797
0.4200000 -32.7080040
0.4210000 39.5211639
0.4220000 -52.8335495
0.4230000 31.3197765
0.4240000 -35.6406593
0.4250000 -30.4436569
0.4260000 -5.5508947
0.4270000 31.5652218
0.4280000 -24.9855156
0.4290000 54.7396927
0.4300000 72.1815948
0.4310000 27.1096516
0.4320000 -12.3367987
0.4330000 -25.3335800
0.4340000 -21.9086227
0.4350000 -21.9469185
0.4360000 -6.8805413
0.4370000 -28.2489586
0.4380000 -56.8181992
0.4390000 -32.2317429
0.4400000 -80.3649826
0.4410000 5.1107025
0.4420000 54.6183472
0.4430000 60.0366631
0.4440000 48.0605278
0.4450000 17.4419689
0.4460000 13.2621403
0.4470000 -35.6321220
0.4480000 35.9203529
0.4490000 -34.4755249
0.4500000 -9.9157467
0.4510000 1.3565280
0.4520000 -65.1390457
0.4530000 -41.1763077
0.4540000 -15.0435238
0.4550000 33.5576248
0.4560000 23.3764019
0.4570000 -32.9833145
0.4580000 10.9080954
0.4590000 -6.7476754
0.4600000 -17.7770271
0.4610000 -2.6723337
0.4620000 45.7731171
0.4630000 51.4411163
0.4640000 12.0541792
0.4650000 -8.7441006
0.4660000 -34.5057907
0.4670000 -7.5421376
0.4680000 -4.8990016
0.4690000 69.1390152
0.4700000 50.6956139
0.4710000 -23.9186630
0.4720000 17.9159164
0.4730000 -38.8939629
0.4740000 -16.4867496
0.4750000 -12.6855192
0.4760000 -42.9891624
0.4770000 31.0060329
0.4780000 38.8290520
0.4790000 -22.4693165
0.4800000 -8.2477293
0.4810000 -35.0591125
0.4820000 -3.7396662
0.4830000 -38.1277466
0.4840000 -1.2674158
0.4850000 -5.8793921
0.4860000 -19.2223358
0.4870000 -28.0374699
0.4880000 -9.2257681
0.4890000 14.0682697
0.4900000 15.2468405
0.4910000 -46.1167221
0.4920000 56.5065613
0.4930000 41.4889183
0.4940000 -61.6943207
0.4950000 21.5516434
0.4960000 54.6244392
0.4970000 20.0386295
0.4980000 35.2418747
0.4990000 19.2299671
0.5000000 -5.0889320
0.5010000 13.4507856
0.5020000 5.2914977
0.5030000 10.0685291
0.5040000 -5.9423790
0.5050000 -36.2632751
0.5060000 54.3808784
0.5070000 -65.3268280
0.5080000 -3.7602026
0.5090000 64.2765579
0.5100000 -6.5242395
0.5110000 28.6712303
0.5120000 5.4890890
0.5130000 -12.0097122
0.5140000 82.2899628
0.5150000 7.1958308
0.5160000 84.4341202
0.5170000 -0.5386682
0.5180000 27.7566986
0.5190000 19.1384964
0.5200000 50.8507805
0.5210000 -6.4320488
0.5220000 -86.7670364
0.5230000 29.4428101
0.5240000 13.7393532
0.5250000 78.7647247
0.5260000 91.8242264
0.5270000 36.8799019
0.5280000 -84.3101425
0.5290000 -15.1354322
0.5300000 9.9290562
0.5310000 76.1190109
0.5320000 12.3160067
0.5330000 3.7182248
0.5340000 37.6917953
0.5350000 15.2243748
0.5360000 -35.9573174
0.5370000 38.5157852
0.5380000 -5.2489457
0.5390000 24.3096161
0.5400000 -11.9878435
0.5410000 -38.4289131
0.5420000 59.1933899
0.5430000 12.0096922
0.5440000 -27.2097683
0.5450000 51.0378838
0.5460000 -52.9771538
0.5470000 -41.0219727
0.5480000 -24.3212757
0.5490000 -5.4154139
0.5500000 13.4563723
0.5510000 64.8024368
0.5520000 -7.2334599
0.5530000 41.8600845
0.5540000 7.6602201
0.5550000 -19.5165462
0.5560000 16.5534916
0.5570000 10.4523754
0.5580000 -26.0771904
0.5590000 -16.4437447
0.5600000 -29.7900848
0.5610000 -2.9219241
0.5620000 -8.2672033
0.5630000 -25.7682743
0.5640000 3.0749872
0.5650000 -37.0152245
0.5660000 6.5046706
0.5670000 -34.6011086
0.5680000 -29.2664165
0.5690000 -18.8340855
0.5700000 -13.2188778
0.5710000 4.5355854
0.5720000 -39.2094307
0.5730000 1.0596931
0.5740000 29.5888748
0.5750000 42.8543091
0.5760000 40.1327286
0.5770000 49.4461098
0.5780000 -1.2404507
0.5790000 -12.2516575
0.5800000 26.0046749
0.5810000 -12.9987974
0.5820000 1.5647483
0.5830000 -7.9843755
0.5840000 -5.3547134
0.5850000 93.8136444
0.5860000 30.6351261
0.5870000 -24.0325031
0.5880000 -0.7374818
0.5890000 15.4205742
0.5900000 -0.1035610
0.5910000 51.9787903
0.5920000 -42.5159340
0.5930000 14.2120428
0.5940000 23.1843319
0.5950000 -25.6909218
0.5960000 -41.4129410
0.5970000 21.8437920
0.5980000 -75.7399445
0.5990000 -13.3853273
0.6000000 -13.6413393
0.6010000 5.9185987
0.6020000 -35.6882019
0.6030000 -8.2587023
0.6040000 -22.5500526
0.6050000 81.3756332
0.6060000 16.0837364
0.6070000 -18.9055672
0.6080000 43.6402092
0.6090000 53.9097557
0.6100000 15.9906254
0.6110000 -26.6218548
0.6120000 28.2176991
0.6130000 46.6889992
0.6140000 29.5147552
0.6150000 40.5830345
0.6160000 27.9131126
0.6170000 4.2399354
0.6180000 -42.6545601
0.6190000 52.9187241
0.6200000 115.1274261
0.6210000 15.1584845
0.6220000 32.5872078
0.6230000 -23.5899487
0.6240000 -20.9371395
0.6250000 -16.4540920
0.6260000 76.4249725
0.6270000 -19.1749916
0.6280000 -17.4712677
0.6290000 61.2754707
0.6300000 53.4143143
0.6310000 -24.4748631
0.6320000 49.6315804
0.6330000 26.0429268
0.6340000 16.4381523
0.6350000 24.2078629
0.6360000 56.7431259
0.6370000 -0.6304451
0.6380000 -80.0091934
0.6390000 -41.7525101
0.6400000 36.1244583
0.6410000 15.8124342
0.6420000 4.4021845
0.6430000 -18.2723541
0.6440000 16.3159046
0.6450000 -23.2065620
0.6460000 24.8623505
0.6470000 71.8396072
0.6480000 27.6410027
0.6490000 79.6775208
0.6500000 -56.6360855
0.6510000 -3.5831914
0.6520000 19.9415283
0.6530000 -27.3922062
0.6540000 -19.6432133
0.6550000 -6.4094596
0.6560000 48.7355881
0.6570000 -1.9126937
0.6580000 -43.4523468
0.6590000 13.3638554
0.6600000 -7.7213340
0.6610000 -21.6248913
0.6620000 -54.5407600
0.6630000 6.4390888
0.6640000 10.6484413
0.6650000 -35.5660973
0.6660000 9.8308010
0.6670000 -34.9748573
0.6680000 -0.2911684
0.6690000 -11.3368931
0.6700000 37.9762192
0.6710000 -26.9585190
0.6720000 -61.7913437
0.6730000 17.8204937
0.6740000 2.6380267
0.6750000 -67.9334488
0.6760000 25.9728699
0.6770000 1.5396893
0.6780000 10.4352398
0.6790000 -7.5393353
0.6800000 17.5897827
0.6810000 48.2453384
0.6820000 -45.7572174
0.6830000 -52.0264702
0.6840000 53.4214859
0.6850000 -36.8252411
0.6860000 -79.7883072
0.6870000 -25.5600319
0.6880000 1.4934924
0.6890000 -29.3906288
0.6900000 -10.0282497
0.6910000 -4.2189364
0.6920000 22.5726738
0.6930000 49.0326958
0.6940000 3.8386786
0.6950000 -51.4681969
0.6960000 -35.8178406
0.6970000 24.8336449
0.6980000 47.3103294
0.6990000 7.2103267
0.7000000 -20.6054249
0.7010000 12.6386843
0.7020000 29.8592243
0.7030000 -16.2111702
0.7040000 26.3858166
0.7050000 -23.4763660
0.7060000 1.8289764
0.7070000 -31.3044376
0.7080000 -18.0471268
0.7090000 30.1273460
0.7100000 -10.7879171
0.7110000 -9.4297657
0.7120000 42.5780258
0.7130000 36.1024361
0.7140000 -43.4672394
0.7150000 58.4387779
0.7160000 35.4709473
0.7170000 -58.0598297
0.7180000 -21.3466740
0.7190000 -0.6983811
0.7200000 4.9550171
0.7210000 47.7761574
0.7220000 32.4114075
0.7230000 14.3369741
0.7240000 -46.4302063
0.7250000 25.2104225
0.7260000 14.1813946
0.7270000 17.0339165
0.7280000 39.4177818
0.7290000 -40.6314545
0.7300000 -1.9146572
0.7310000 -0.6060236
0.7320000 -12.4798717
0.7330000 -22.6596031
0.7340000 -24.8158646
0.7350000 66.7358246
0.7360000 -28.2641487
0.7370000 -23.3396931
0.7380000 -65.5889740
0.7390000 11.8109865
0.7400000 25.1124592
0.7410000 -37.5508690
0.7420000 -14.0345774
0.7430000 -40.2271805
0.7440000 60.8940315
0.7450000 -27.4280949
0.7460000 17.4304638
0.7470000 -24.8597679
0.7480000 -9.4841337
0.7490000 0.7308355
0.7500000 20.7183456
0.7510000 -44.5453110
0.7520000 110.3509750
0.7530000 -2.5264652
0.7540000 10.4062042
0.7550000 -40.5413589
0.7560000 -14.7947454
0.7570000 9.7088203
0.7580000 -1.2097222
0.7590000 34.5894852
0.7600000 16.5744762
0.7610000 -87.5699539
0.7620000 -73.7992935
0.7630000 19.9809704
0.7640000 -53.0910683
0.7650000 9.5698500
0.7660000 -27.0616875
0.7670000 -47.1012154
0.7680000 -10.7929182
0.7690000 -60.8121986
0.7700000 -89.9227524
0.7710000 -14.7186155
0.7720000 45.2831421
0.7730000 8.8316412
0.7740000 49.5619278
0.7750000 11.5882092
0.7760000 42.0733643
0.7770000 59.6573486
0.7780000 13.9555702
0.7790000 -68.8245087
0.7800000 -15.5920162
0.7810000 80.5901489
0.7820000 25.9168167
0.7830000 -3.3641560
0.7840000 7.0273743
0.7850000 -35.4156380
0.7860000 -6.3723264
0.7870000 14.2048178
0.7880000 -21.9726791
0.7890000 64.0644989
0.7900000 -39.0608177
0.7910000 -32.0680389
0.7920000 -1.3359603
0.7930000 -33.9594345
0.7940000 36.5941620
0.7950000 -6.9242091
0.7960000 -60.3298798
0.7970000 12.5849123
0.7980000 -2.7211800
0.7990000 -24.2177124
0.8000000 35.0435905
0.8010000 -24.4804268
0.8020000 9.7164650
0.8030000 6.1937470
0.8040000 -15.3535748
0.8050000 36.8405075
0.8060000 22.8422680
0.8070000 0.3281564
0.8080000 25.9919472
0.8090000 -11.4829235
0.8100000 -8.2156134
0.8110000 -1.3092272
0.8120000 93.9914169
0.8130000 -20.0835724
0.8140000 -76.5234756
0.8150000 -22.3720188
0.8160000 59.6345139
0.8170000 -15.5675688
0.8180000 -12.8470821
0.8190000 -16.9941978
0.8200000 -14.4579859
0.8210000 15.4235249
0.8220000 39.6549530
0.8230000 12.0234098
0.8240000 -8.4653130
0.8250000 38.2871246
0.8260000 33.9346123
0.8270000 18.6205330
0.8280000 -29.2089291
0.8290000 10.6691113
0.8300000 -28.6246777
0.8310000 -0.7176667
0.8320000 16.3473091
0.8330000 26.7849789
0.8340000 -15.3631392
0.8350000 -50.9097176
0.8360000 46.4781494
0.8370000 29.7990627
0.8380000 28.6840820
0.8390000 -37.4784012
0.8400000 -7.8715177
0.8410000 -4.3552527
0.8420000 -20.6109581
0.8430000 56.5305939
0.8440000 7.4155140
0.8450000 67.0416183
0.8460000 0.6009164
0.8470000 -6.8598442
0.8480000 38.5443268
0.8490000 1.3755468
0.8500000 3.3770845
0.8510000 -14.5774145
0.8520000 -27.9358521
0.8530000 -2.7429590
0.8540000 14.8284054
0.8550000 71.0540161
0.8560000 25.0197849
0.8570000 53.8325119
0.8580000 -0.2265972
0.8590000 -41.8826904
0.8600000 -21.4812279
0.8610000 -27.4072285
0.8620000 46.6808395
0.8630000 47.4907341
0.8640000 24.2252140
0.8650000 -0.1476391
0.8660000 21.1311760
0.8670000 9.8051147
0.8680000 52.2435150
0.8690000 -23.7153549
0.8700000 12.2704840
0.8710000 -35.2205582
0.8720000 6.1657867
0.8730000 -13.2142887
0.8740000 -10.0898533
0.8750000 -12.5446005
0.8760000 -21.2963581
0.8770000 -18.9633808
0.8780000 8.4037828
0.8790000 44.7687798
0.8800000 6.3844528
0.8810000 -57.8008156
0.8820000 -28.9562092
0.8830000 21.9416618
0.8840000 -30.7357883
0.8850000 -3.1471376
0.8860000 -9.4434385
0.8870000 5.3029900
0.8880000 49.4642525
0.8890000 -11.0231419
0.8900000 15.4114933
0.8910000 16.3130951
0.8920000 -49.7443504
0.8930000 12.9000273
0.8940000 40.3763580
0.8950000 22.2615681
0.8960000 -30.0201149
0.8970000 -4.7423172
0.8980000 30.1724644
0.8990000 -34.1897240
0.9000000 -47.6516647
0.9010000 -8.0739241
0.9020000 5.9474678
0.9030000 25.9176559
0.9040000 49.0175629
0.9050000 -9.9208117
0.9060000 -16.1831646
0.9070000 -4.5915728
0.9080000 -20.9612083
0.9090000 -4.9172854
0.9100000 12.6363688
0.9110000 -17.1775093
0.9120000 -26.5329857
0.9130000 -41.7762604
0.9140000 6.3393412
0.9150000 58.6947632
0.9160000 24.5979004
0.9170000 14.9856224
0.9180000 -21.3881626
0.9190000 81.5407028
0.9200000 9.1366014
0.9210000 -19.0381584
0.9220000 31.2020664
0.9230000 18.5306053
0.9240000 9.7813225
0.9250000 4.6531367
0.9260000 29.1577415
0.9270000 -1.1459285
0.9280000 -28.2941113
0.9290000 -42.7589569
0.9300000 9.5031366
0.9310000 29.0026779
0.9320000 -38.5697975
0.9330000 20.5807743
0.9340000 -65.0219879
0.9350000 10.1923647
0.9360000 13.6386194
0.9370000 8.9316845
0.9380000 -28.8691502
0.9390000 6.8960514
0.9400000 -25.7715664
0.9410000 49.3086472
0.9420000 -2.8739150
0.9430000 -35.4238663
0.9440000 -31.9044456
0.9450000 -26.7011871
0.9460000 -45.2046661
0.9470000 62.3368568
0.9480000 21.2098026
0.9490000 -6.6468320
0.9500000 21.5467377
0.9510000 -38.8931313
0.9520000 -3.2759678
0.9530000 16.4687271
0.9540000 1.9957005
0.9550000 -49.0180550
0.9560000 -63.2658844
0.9570000 -66.0275879
0.9580000 -46.3624268
0.9590000 -34.7976990
0.9600000 -0.1058618
0.9610000 18.5291328
0.9620000 28.5006294
0.9630000 -52.9243736
0.9640000 8.1897192
0.9650000 -29.0328293
0.9660000 -2.2548134
0.9670000 39.4676514
0.9680000 55.5982552
0.9690000 -23.2134190
0.9700000 23.6366310
0.9710000 -16.7741051
0.9720000 -17.1331291
0.9730000 8.5640821
0.9740000 -58.7111588
0.9750000 30.3001518
0.9760000 50.1992569
0.9770000 -28.8939056
0.9780000 -76.0296783
0.9790000 56.7815666
0.9800000 -28.3251991
0.9810000 33.1281357
0.9820000 38.8926086
0.9830000 21.5661087
0.9840000 1.6293538
0.9850000 18.7860756
0.9860000 -34.0850906
0.9870000 45.1317787
0.9880000 -53.2388916
0.9890000 35.6258965
0.9900000 -0.9479311
0.9910000 18.4504223
0.9920000 18.5195675
0.9930000 -54.9374008
0.9940000 -55.7216873
0.9950000 11.9750652
0.9960000 -66.4771347
0.9970000 -22.8367786
0.9980000 54.9440231
0.9990000 27.1589832
