0.0000000 23.6641483
0.0010000 4.4369698
0.0020000 13.8486948
0.0030000 -49.5690536
0.0040000 16.0754509
0.0050000 34.2243805
0.0060000 -7.5260072
0.0070000 -4.7078795
0.0080000 11.9809875
0.0090000 -63.4678268
0.0100000 11.3683405
0.0110000 38.9128151
0.0120000 -11.6883459
0.0130000 31.1561356
0.0140000 34.3529358
0.0150000 -27.8615456
0.0160000 -72.2283325
0.0170000 -37.7375641
0.0180000 13.9942436
0.0190000 -45.4141998
0.0200000 8.7361927
0.0210000 -32.0369492
0.0220000 -27.2068195
0.0230000 35.4453926
0.0240000 -18.8060532
0.0250000 9.1758595
0.0260000 -18.4980507
0.0270000 16.7173176
0.0280000 -17.0636864
0.0290000 -35.8653679
0.0300000 39.8797836
0.0310000 38.3022308
0.0320000 2.0732663
0.0330000 16.4961281
0.0340000 27.5426502
0.0350000 10.3746424
0.0360000 -15.6404810
0.0370000 -29.2855339
0.0380000 21.1718998
0.0390000 39.1839485
0.0400000 20.3592319
0.0410000 33.6527634
0.0420000 -4.4137244
0.0430000 -24.3689671
0.0440000 32.7400398
0.0450000 16.8092346
0.0460000 -69.4258575
0.0470000 -13.2576742
0.0480000 15.1529684
0.0490000 -2.3914738
0.0500000 31.8049259
0.0510000 -62.8766747
0.0520000 -52.8841019
0.0530000 30.3244858
0.0540000 -55.1105995
0.0550000 -7.3289661
0.0560000 -20.8593006
0.0570000 27.5124168
0.0580000 -27.3367176
0.0590000 -64.1421356
0.0600000 15.3029318
0.0610000 -37.3141403
0.0620000 61.6023712
0.0630000 -11.6371059
0.0640000 20.2314205
0.0650000 7.5857267
0.0660000 17.3586903
0.0670000 3.0727606
0.0680000 -7.7388844
0.0690000 -25.9569302
0.0700000 15.5251951
0.0710000 -55.9529495
0.0720000 26.7481937
0.0730000 -25.2436733
0.0740000 42.5469513
0.0750000 37.1010780
0.0760000 -6.5614243
0.0770000 34.9679985
0.0780000 57.4167709
0.0790000 18.6311340
0.0800000 -67.6382446
0.0810000 -40.7130051
0.0820000 62.0814896
0.0830000 54.2803879
0.0840000 48.8337097
0.0850000 -22.4945946
0.0860000 3.9759252
0.0870000 -26.1232224
0.0880000 -28.5481968
0.0890000 21.0612240
0.0900000 -28.1783352
0.0910000 8.8436947
0.0920000 14.2343483
0.0930000 13.4359331
0.0940000 -11.5538473
0.0950000 8.1237288
0.0960000 0.2511028
0.0970000 45.4871864
0.0980000 -45.4280396
0.0990000 19.3949032
0.1000000 -32.1497765
0.1010000 2.6748047
0.1020000 22.3424282
0.1030000 -22.4651222
0.1040000 -68.6186295
0.1050000 0.8826975
0.1060000 41.4444046
0.1070000 17.7438622
0.1080000 29.4190922
0.1090000 -29.5719528
0.1100000 73.3344955
0.1110000 -17.4339561
0.1120000 66.7529221
0.1130000 60.3901100
0.1140000 9.0176058
0.1150000 -13.1950922
0.1160000 -7.4786096
0.1170000 -18.1412220
0.1180000 6.7473531
0.1190000 -48.5199738
0.1200000 -0.8727282
0.1210000 -35.1956329
0.1220000 3.8405964
0.1230000 90.0053253
0.1240000 7.9057732
0.1250000 54.7693977
0.1260000 30.0702953
0.1270000 5.5180731
0.1280000 69.1042862
0.1290000 9.8971186
0.1300000 28.4711761
0.1310000 -9.1385841
0.1320000 -40.0517120
0.1330000 48.2244339
0.1340000 19.8299427
0.1350000 -40.9860191
0.1360000 3.9761806
0.1370000 -23.3058662
0.1380000 -17.2532940
0.1390000 -23.8939896
0.1400000 -29.5162201
0.1410000 -15.7307339
0.1420000 32.6092033
0.1430000 -24.9706516
0.1440000 6.2735019
0.1450000 -10.4967985
0.1460000 16.3475475
0.1470000 -24.4616356
0.1480000 -43.5934219
0.1490000 -2.6387331
0.1500000 54.7546768
0.1510000 12.9058018
0.1520000 -35.9188843
0.1530000 -33.8587914
0.1540000 6.9032602
0.1550000 -28.9284344
0.1560000 20.6001911
0.1570000 17.4473610
0.1580000 -15.0414324
0.1590000 -17.9735489
0.1600000 -10.3570261
0.1610000 52.5831108
0.1620000 -31.0257492
0.1630000 -40.7553749
0.1640000 2.8755853
0.1650000 22.2009602
0.1660000 28.7047501
0.1670000 -3.7455056
0.1680000 -29.4556541
0.1690000 -2.6733983
0.1700000 -20.3016586
0.1710000 -18.8173962
0.1720000 -10.0089397
0.1730000 -11.5057535
0.1740000 -42.8871078
0.1750000 -9.3921108
0.1760000 -28.8685188
0.1770000 50.0669785
0.1780000 -6.4090848
0.1790000 35.2967987
0.1800000 12.5504742
0.1810000 -43.2445488
0.1820000 24.4962158
0.1830000 -12.4386501
0.1840000 -10.6822081
0.1850000 -31.8780174
0.1860000 57.6525383
0.1870000 2.0506625
0.1880000 -26.0203362
0.1890000 -27.5449009
0.1900000 4.7359276
0.1910000 15.2395134
0.1920000 24.6167622
0.1930000 22.1081104
0.1940000 15.8095226
0.1950000 3.4282479
0.1960000 -10.2171049
0.1970000 -42.8401489
0.1980000 -2.2752359
0.1990000 28.1640129
0.2000000 -40.2373924
0.2010000 -20.4881535
0.2020000 27.8842945
0.2030000 -46.0056877
0.2040000 -16.9341106
0.2050000 -1.1316402
0.2060000 -47.3174858
0.2070000 17.2940292
0.2080000 -35.7948456
0.2090000 -2.3456552
0.2100000 -37.3629494
0.2110000 6.8214078
0.2120000 -10.9203987
0.2130000 -5.2344356
0.2140000 25.2037849
0.2150000 -66.4599609
0.2160000 100.6286392
0.2170000 1.7359473
0.2180000 -21.3486080
0.2190000 24.1721382
0.2200000 29.8393040
0.2210000 -35.0278778
0.2220000 107.8959885
0.2230000 16.3955860
0.2240000 28.0768948
0.2250000 -21.0366020
0.2260000 -46.6816978
0.2270000 96.3382492
0.2280000 -68.1972504
0.2290000 10.9126263
0.2300000 -16.3894920
0.2310000 -31.4431324
0.2320000 6.5279784
0.2330000 -54.6077347
0.2340000 33.8429985
0.2350000 3.7344325
0.2360000 3.3864553
0.2370000 13.2211866
0.2380000 -55.3044357
0.2390000 -0.4813347
0.2400000 3.2146688
0.2410000 32.4249420
0.2420000 -38.6815834
0.2430000 -19.5569897
0.2440000 -17.6726170
0.2450000 18.7716007
0.2460000 -18.1872025
0.2470000 44.4715118
0.2480000 13.9945021
0.2490000 -33.2997513
0.2500000 70.1294250
0.2510000 0.4476790
0.2520000 -38.1621933
0.2530000 -26.7068501
0.2540000 3.5471904
0.2550000 -39.6414909
0.2560000 50.3221550
0.2570000 -65.6947098
0.2580000 36.6425400
0.2590000 5.0216279
0.2600000 -0.9868137
0.2610000 -132.6051331
0.2620000 -42.6162987
0.2630000 44.4005356
0.2640000 -34.4964142
0.2650000 39.2934303
0.2660000 65.7624741
0.2670000 -35.6622009
0.2680000 -1.0550332
0.2690000 34.5957870
0.2700000 2.2291903
0.2710000 38.2458649
0.2720000 -24.6065159
0.2730000 -4.8388219
0.2740000 -8.4316883
0.2750000 12.8449841
0.2760000 1.9131770
0.2770000 43.5159683
0.2780000 -43.1669235
0.2790000 42.4149742
0.2800000 -47.8176231
0.2810000 -2.3174541
0.2820000 -15.0509768
0.2830000 -69.1790543
0.2840000 55.6995850
0.2850000 -35.4763260
0.2860000 -12.0072937
0.2870000 34.3822060
0.2880000 19.1095810
0.2890000 19.8427162
0.2900000 5.8210616
0.2910000 14.8863525
0.2920000 -21.9841633
0.2930000 -22.1950264
0.2940000 36.3915596
0.2950000 -30.1161537
0.2960000 3.5631204
0.2970000 45.7799797
0.2980000 37.2972679
0.2990000 -21.2652340
0.3000000 19.4936619
0.3010000 9.1412477
0.3020000 -18.8078690
0.3030000 20.2117767
0.3040000 13.9163332
0.3050000 -15.9438877
0.3060000 -6.4473639
0.3070000 -8.0161123
0.3080000 -8.0414886
0.3090000 32.6951828
0.3100000 -14.6526699
0.3110000 36.3824654
0.3120000 -8.1142263
0.3130000 -88.0719223
0.3140000 -56.9353065
0.3150000 16.2120914
0.3160000 -69.7398682
0.3170000 17.8804607
0.3180000 23.5343838
0.3190000 -18.8722878
0.3200000 31.8949814
0.3210000 -37.6444473
0.3220000 -4.9410644
0.3230000 -16.9372044
0.3240000 -5.6013207
0.3250000 -11.6822720
0.3260000 38.3359718
0.3270000 4.0004196
0.3280000 -7.7476010
0.3290000 -0.2027923
0.3300000 15.6357412
0.3310000 1.9559658
0.3320000 64.9972000
0.3330000 36.2290878
0.3340000 59.2021294
0.3350000 -5.9072347
0.3360000 9.8101311
0.3370000 5.5831103
0.3380000 27.9024620
0.3390000 27.2702522
0.3400000 -68.9806366
0.3410000 -15.2424650
0.3420000 -40.8667641
0.3430000 -3.1886771
0.3440000 25.4834709
0.3450000 8.4751892
0.3460000 -30.9949341
0.3470000 30.4634342
0.3480000 -43.1387482
0.3490000 -30.9715519
0.3500000 4.2417722
0.3510000 -6.6939487
0.3520000 -82.5603638
0.3530000 -14.2649879
0.3540000 10.6872044
0.3550000 12.7867260
0.3560000 25.6102867
0.3570000 5.9221044
0.3580000 50.1428413
0.3590000 -4.6079688
0.3600000 -18.8839340
0.3610000 31.9219990
0.3620000 -6.5638309
0.3630000 4.5156465
0.3640000 7.6733613
0.3650000 28.5789776
0.3660000 17.4137402
0.3670000 -28.2422314
0.3680000 30.5561924
0.3690000 -11.7139235
0.3700000 -6.2862320
0.3710000 -31.4354801
0.3720000 -33.9085388
0.3730000 -20.6051579
0.3740000 -35.5473442
0.3750000 -9.0867653
0.3760000 4.2786741
0.3770000 61.3915100
0.3780000 19.9161472
0.3790000 10.1467686
0.3800000 3.0005410
0.3810000 1.8255364
0.3820000 -24.2582798
0.3830000 9.2282114
0.3840000 -37.3565979
0.3850000 -39.3025017
0.3860000 35.9710884
0.3870000 -42.1585388
0.3880000 -14.2393513
0.3890000 -22.5922585
0.3900000 -30.7349396
0.3910000 -15.0765972
0.3920000 -40.0153770
0.3930000 15.1114969
0.3940000 12.8846817
0.3950000 -29.4147301
0.3960000 -1.4231567
0.3970000 -56.7126694
0.3980000 22.8295670
0.3990000 29.4104881
0.4000000 10.7320299
0.4010000 -24.1284065
0.4020000 -7.0112391
0.4030000 9.3997688
0.4040000 73.1848755
0.4050000 -24.7733383
0.4060000 12.8493481
0.4070000 40.9585838
0.4080000 -20.3735981
0.4090000 -38.1230240
0.4100000 -0.7016017
0.4110000 -1.5954790
0.4120000 39.7964325
0.4130000 -13.3712511
0.4140000 37.8942337
0.4150000 -3.7904499
0.4160000 23.6979828
0.4170000 -40.9845314
0.4180000 -18.8679180
0.4190000 46.8899727
0.4200000 37.9373398
0.4210000 -15.6005621
0.4220000 -26.9950390
0.4230000 -21.2709789
0.4240000 -5.5367093
0.4250000 -5.2897139
0.4260000 10.7526217
0.4270000 12.7609406
0.4280000 -14.4787045
0.4290000 10.5089006
0.4300000 60.0911942
0.4310000 -15.7792673
0.4320000 -39.7488327
0.4330000 -10.2914047
0.4340000 31.5380058
0.4350000 -59.7111740
0.4360000 8.2848454
0.4370000 -37.8674393
0.4380000 -18.8794842
0.4390000 -28.9651794
0.4400000 -63.0714188
0.4410000 -10.4875469
0.4420000 -90.3650360
0.4430000 18.7667770
0.4440000 22.7073078
0.4450000 21.7945404
0.4460000 -5.5098767
0.4470000 -18.0780449
0.4480000 -21.5974979
0.4490000 -3.7862756
0.4500000 13.8698359
0.4510000 64.2653885
0.4520000 6.2698264
0.4530000 14.0802307
0.4540000 -0.6365785
0.4550000 -33.0275536
0.4560000 -3.5551260
0.4570000 -37.2021294
0.4580000 11.3829813
0.4590000 -11.2659349
0.4600000 -16.5945072
0.4610000 55.8645630
0.4620000 20.4628296
0.4630000 -35.7155495
0.4640000 56.9763069
0.4650000 -31.8540993
0.4660000 24.6853008
0.4670000 -5.3129621
0.4680000 -59.4879265
0.4690000 -44.1698227
0.4700000 -29.9669781
0.4710000 -37.3442497
0.4720000 13.7531681
0.4730000 1.4475305
0.4740000 -20.1357574
0.4750000 48.8810730
0.4760000 17.8522625
0.4770000 -2.1895833
0.4780000 32.7898216
0.4790000 -31.2853012
0.4800000 -10.1514597
0.4810000 -1.2657559
0.4820000 0.1699139
0.4830000 71.6897125
0.4840000 9.1294594
0.4850000 -9.9259911
0.4860000 -5.5135207
0.4870000 5.1326170
0.4880000 -5.8920164
0.4890000 3.4597805
0.4900000 17.9143772
0.4910000 33.2120285
0.4920000 -7.9807000
0.4930000 31.2444496
0.4940000 25.5624599
0.4950000 -55.9519005
0.4960000 -38.8461151
0.4970000 62.9808197
0.4980000 -63.0572090
0.4990000 -44.2580795
0.5000000 -47.1193466
0.5010000 6.2306857
0.5020000 -22.2909336
0.5030000 -16.1244717
0.5040000 -0.7978085
0.5050000 13.9427948
0.5060000 5.6419139
0.5070000 -28.2022820
0.5080000 8.6164999
0.5090000 2.9863198
0.5100000 -70.4427109
0.5110000 7.4635162
0.5120000 9.2542048
0.5130000 5.6635537
0.5140000 -16.7800026
0.5150000 52.2696075
0.5160000 44.0812645
0.5170000 -10.8836079
0.5180000 -87.2612000
0.5190000 -6.3227415
0.5200000 82.4907150
0.5210000 -53.6175766
0.5220000 14.7588158
0.5230000 -34.6701012
0.5240000 -0.5928774
0.5250000 6.4085054
0.5260000 -13.8443499
0.5270000 13.9138012
0.5280000 52.6900291
0.5290000 -32.5165710
0.5300000 -8.1249208
0.5310000 21.9088211
0.5320000 14.0697365
0.5330000 30.2474613
0.5340000 -33.1941528
0.5350000 -69.2680130
0.5360000 11.6345358
0.5370000 3.5125945
0.5380000 -35.8596497
0.5390000 -5.4198451
0.5400000 55.0607452
0.5410000 -37.3451462
0.5420000 52.2559357
0.5430000 -6.9066000
0.5440000 -36.5231323
0.5450000 9.9790287
0.5460000 -53.3575668
0.5470000 -59.8675613
0.5480000 -1.5101799
0.5490000 -57.0407867
0.5500000 63.1521263
0.5510000 -22.9595127
0.5520000 -30.1171074
0.5530000 26.3088970
0.5540000 -26.9360275
0.5550000 -10.8759031
0.5560000 -4.3398662
0.5570000 6.6639423
0.5580000 2.8257232
0.5590000 -39.5113525
0.5600000 3.7740414
0.5610000 82.2805557
0.5620000 1.4749793
0.5630000 -32.1758842
0.5640000 -33.8264542
0.5650000 -69.5819244
0.5660000 -32.7019005
0.5670000 -11.1452026
0.5680000 -3.0022326
0.5690000 14.8055029
0.5700000 -14.5722818
0.5710000 21.5071011
0.5720000 -27.9093838
0.5730000 -11.6155710
0.5740000 10.2704620
0.5750000 -56.4217186
0.5760000 -39.0657768
0.5770000 -18.1575680
0.5780000 -19.0131912
0.5790000 44.0730515
0.5800000 -37.7862625
0.5810000 -40.1898537
0.5820000 -24.4534721
0.5830000 35.9401169
0.5840000 56.0407829
0.5850000 -27.2969322
0.5860000 51.5528641
0.5870000 3.2822850
0.5880000 -75.9601364
0.5890000 -50.2163353
0.5900000 -27.8347073
0.5910000 -14.9881392
0.5920000 15.7862997
0.5930000 22.5519066
0.5940000 -32.3488579
0.5950000 11.9419680
0.5960000 50.0888176
0.5970000 13.1768723
0.5980000 23.9690838
0.5990000 32.6042519
0.6000000 84.2406311
0.6010000 -12.0364208
0.6020000 35.6744156
0.6030000 -20.4395237
0.6040000 10.6153631
0.6050000 31.8928833
0.6060000 -21.5971680
0.6070000 -35.2908669
0.6080000 -15.3017397
0.6090000 -13.7287741
0.6100000 -12.9981737
0.6110000 -9.2207279
0.6120000 9.9671335
0.6130000 48.3249779
0.6140000 -22.2939510
0.6150000 -32.2714691
0.6160000 39.1033363
0.6170000 20.2224159
0.6180000 -25.8294983
0.6190000 -12.6923494
0.6200000 24.1155109
0.6210000 3.3936226
0.6220000 -9.0221872
0.6230000 -46.6219635
0.6240000 -10.8490734
0.6250000 -13.4350815
0.6260000 46.2289391
0.6270000 -25.7931271
0.6280000 -55.3904800
0.6290000 -46.1958961
0.6300000 3.7393587
0.6310000 34.8487015
0.6320000 -8.4092789
0.6330000 -17.1804218
0.6340000 -31.5606384
0.6350000 -70.2140656
0.6360000 28.6256599
0.6370000 -1.2556263
0.6380000 -9.2917442
0.6390000 63.2892494
0.6400000 28.8023262
0.6410000 -23.8839512
0.6420000 -32.8458138
0.6430000 -23.2288208
0.6440000 26.7024517
0.6450000 7.8140364
0.6460000 -0.4954410
0.6470000 -38.2873650
0.6480000 -28.5268288
0.6490000 -54.2459755
0.6500000 -4.1566548
0.6510000 -46.8069725
0.6520000 -14.7178335
0.6530000 20.2931080
0.6540000 -25.7882881
0.6550000 72.5377121
0.6560000 -58.0016632
0.6570000 -27.4620056
0.6580000 -25.9186363
0.6590000 -0.2536282
0.6600000 -65.8689423
0.6610000 84.4033813
0.6620000 26.7594795
0.6630000 -64.0901947
0.6640000 25.9256058
0.6650000 53.0512505
0.6660000 56.0336838
0.6670000 -16.1051769
0.6680000 70.0274734
0.6690000 19.9954281
0.6700000 -10.4117022
0.6710000 -29.5740471
0.6720000 -39.5929031
0.6730000 11.8113289
0.6740000 -33.4359703
0.6750000 -37.0370560
0.6760000 -0.3516976
0.6770000 -27.1174412
0.6780000 -34.9848900
0.6790000 -28.8960323
0.6800000 22.6347160
0.6810000 -17.8581390
0.6820000 16.2094784
0.6830000 87.5404053
0.6840000 -41.2159119
0.6850000 -21.3741112
0.6860000 24.8618774
0.6870000 -59.0844383
0.6880000 23.9598846
0.6890000 43.5564194
0.6900000 75.6225052
0.6910000 41.8003044
0.6920000 9.2351160
0.6930000 -27.4742107
0.6940000 -44.0567131
0.6950000 -21.9053783
0.6960000 41.4739647
0.6970000 -72.4578323
0.6980000 -50.8998985
0.6990000 21.9761791
0.7000000 -42.4762230
0.7010000 3.8872638
0.7020000 63.1761589
0.7030000 7.0743408
0.7040000 48.5321388
0.7050000 77.4980698
0.7060000 -33.4768944
0.7070000 17.0039120
0.7080000 -13.2196684
0.7090000 16.1144524
0.7100000 16.8360367
0.7110000 8.4232121
0.7120000 23.6752548
0.7130000 8.1116953
0.7140000 70.4563980
0.7150000 -19.3713875
0.7160000 3.4794037
0.7170000 -29.3474503
0.7180000 -14.4641113
0.7190000 25.0314522
0.7200000 0.6357486
0.7210000 29.5469322
0.7220000 -40.6971169
0.7230000 24.8200035
0.7240000 7.2375426
0.7250000 50.2562714
0.7260000 -13.5269279
0.7270000 11.3860674
0.7280000 62.3018227
0.7290000 31.4963455
0.7300000 1.8874272
0.7310000 -36.5620766
0.7320000 -5.5111847
0.7330000 22.4315586
0.7340000 -72.2137222
0.7350000 31.3134708
0.7360000 38.8945656
0.7370000 59.7759171
0.7380000 -12.2966623
0.7390000 -76.5733032
0.7400000 -3.2149584
0.7410000 13.6158247
0.7420000 47.5398598
0.7430000 7.6917210
0.7440000 11.5387611
0.7450000 37.2324371
0.7460000 -28.0446053
0.7470000 -12.9466038
0.7480000 -39.3586655
0.7490000 22.3445415
0.7500000 18.3871574
0.7510000 22.9811916
0.7520000 66.7526627
0.7530000 -2.3668356
0.7540000 -50.5905266
0.7550000 -32.9631844
0.7560000 -24.5219097
0.7570000 -21.3475685
0.7580000 -30.2827644
0.7590000 28.4639301
0.7600000 39.3599472
0.7610000 36.9401779
0.7620000 -24.2012730
0.7630000 -15.2846746
0.7640000 20.5010910
0.7650000 -6.2710710
0.7660000 60.6282654
0.7670000 8.4286175
0.7680000 3.8476946
0.7690000 24.5555344
0.7700000 0.9213570
0.7710000 19.3437843
0.7720000 -20.5213795
0.7730000 -41.5218697
0.7740000 -7.3976665
0.7750000 16.2136993
0.7760000 -26.4608879
0.7770000 -20.3966198
0.7780000 -6.7661562
0.7790000 10.0088444
0.7800000 28.6501904
0.7810000 -92.8446274
0.7820000 11.6659660
0.7830000 67.9035034
0.7840000 18.0434246
0.7850000 6.0165501
0.7860000 82.0343399
0.7870000 -25.3424892
0.7880000 13.1216412
0.7890000 20.5061417
0.7900000 35.2857437
0.7910000 -14.8237162
0.7920000 -35.9542160
0.7930000 53.0557022
0.7940000 13.0337801
0.7950000 42.4993515
0.7960000 19.7952042
0.7970000 47.3472557
0.7980000 39.3859978
0.7990000 20.0171986
0.8000000 -23.0429115
0.8010000 -10.0012684
0.8020000 32.2339287
0.8030000 -52.6792717
0.8040000 10.5189667
0.8050000 30.9431553
0.8060000 42.1065865
0.8070000 6.4413376
0.8080000 -68.6823273
0.8090000 -16.1083660
0.8100000 -43.1652298
0.8110000 1.9613075
0.8120000 60.4369164
0.8130000 -32.4956856
0.8140000 22.8498039
0.8150000 -53.9322701
0.8160000 35.2245712
0.8170000 54.8773384
0.8180000 -4.4758248
0.8190000 19.8164253
0.8200000 1.2637755
0.8210000 40.0745354
0.8220000 -33.3685303
0.8230000 -11.9484615
0.8240000 43.9583397
0.8250000 -60.6394691
0.8260000 -13.1827021
0.8270000 -16.5110435
0.8280000 38.1337395
0.8290000 -17.3904343
0.8300000 -41.7142563
0.8310000 -53.0734749
0.8320000 28.1950970
0.8330000 -11.4744349
0.8340000 15.7461872
0.8350000 -13.3343973
0.8360000 -6.1870441
0.8370000 58.5172310
0.8380000 14.7532263
0.8390000 -38.1124649
0.8400000 58.5517807
0.8410000 33.5489845
0.8420000 -44.2843056
0.8430000 20.7552700
0.8440000 57.8518677
0.8450000 28.7492924
0.8460000 -19.8680038
0.8470000 -38.5551453
0.8480000 64.0538483
0.8490000 -20.3461227
0.8500000 31.6606865
0.8510000 79.3439407
0.8520000 25.8537560
0.8530000 -49.0629387
0.8540000 53.0491447
0.8550000 -7.3680596
0.8560000 -26.3998756
0.8570000 -52.9463348
0.8580000 -14.1453485
0.8590000 -42.1532249
0.8600000 -28.5780067
0.8610000 -12.8979120
0.8620000 29.3462849
0.8630000 20.4029427
0.8640000 -3.0532715
0.8650000 -51.8929062
0.8660000 65.5191116
0.8670000 -18.8117275
0.8680000 27.7542553
0.8690000 8.5434980
0.8700000 21.0653725
0.8710000 -8.9412632
0.8720000 15.0644798
0.8730000 76.2946854
0.8740000 74.0646057
0.8750000 39.5157776
0.8760000 16.5160828
0.8770000 -7.4489174
0.8780000 -72.3167801
0.8790000 -44.7263527
0.8800000 1.3712143
0.8810000 -14.0528231
0.8820000 4.2888546
0.8830000 -22.6561947
0.8840000 21.4725037
0.8850000 33.7657776
0.8860000 -0.7524879
0.8870000 -15.4054718
0.8880000 -58.7373962
0.8890000 -62.6098289
0.8900000 14.4433002
0.8910000 -6.8505034
0.8920000 -26.4498672
0.8930000 29.7009811
0.8940000 -37.1787872
0.8950000 2.6120176
0.8960000 -13.9886770
0.8970000 67.8120575
0.8980000 -4.6730762
0.8990000 33.8608971
0.9000000 -42.5055618
0.9010000 6.6861439
0.9020000 9.1666012
0.9030000 -34.0813293
0.9040000 6.1567225
0.9050000 56.3746414
0.9060000 16.0846500
0.9070000 -32.6818810
0.9080000 9.5941477
0.9090000 33.0876503
0.9100000 28.5547466
0.9110000 -61.8422089
0.9120000 -7.0015063
0.9130000 -31.5061512
0.9140000 39.9820824
0.9150000 10.6844978
0.9160000 9.3860846
0.9170000 -25.2642879
0.9180000 8.8601179
0.9190000 -26.8827229
0.9200000 20.8937645
0.9210000 -13.2623129
0.9220000 78.6442413
0.9230000 -2.9718268
0.9240000 29.1680050
0.9250000 5.0793715
0.9260000 -23.3574219
0.9270000 -29.2641144
0.9280000 56.2139168
0.9290000 38.5589142
0.9300000 6.5159159
0.9310000 3.4162023
0.9320000 -3.8093548
0.9330000 -55.6257973
0.9340000 22.8305378
0.9350000 -13.3827419
0.9360000 -13.3860636
0.9370000 -47.1463737
0.9380000 15.4928932
0.9390000 -32.1385994
0.9400000 -25.1511326
0.9410000 22.9245300
0.9420000 2.5591867
0.9430000 -39.7945213
0.9440000 25.4328575
0.9450000 -47.3197365
0.9460000 59.7881126
0.9470000 -59.9773254
0.9480000 5.4982204
0.9490000 1.7328134
0.9500000 -1.3022379
0.9510000 59.7461662
0.9520000 20.1017704
0.9530000 -90.4833603
0.9540000 7.7145796
0.9550000 21.5267010
0.9560000 -48.3366280
0.9570000 -32.7521362
0.9580000 -43.5556717
0.9590000 3.8284538
0.9600000 23.2552547
0.9610000 80.2835083
0.9620000 -1.0185013
0.9630000 19.1764164
0.9640000 21.7156296
0.9650000 -2.7595026
0.9660000 -0.1654977
0.9670000 -51.0690079
0.9680000 12.5148296
0.9690000 44.9559975
0.9700000 47.5918579
0.9710000 6.1681819
0.9720000 -10.8657150
0.9730000 -0.4040907
0.9740000 5.2390623
0.9750000 -9.2769499
0.9760000 -6.9049931
0.9770000 -8.3414059
0.9780000 1.7253120
0.9790000 -34.9200096
0.9800000 1.7586989
0.9810000 17.1982574
0.9820000 15.6948032
0.9830000 -41.3880920
0.9840000 7.4643955
0.9850000 2.2644577
0.9860000 -36.8215446
0.9870000 -24.1470375
0.9880000 22.4491444
0.9890000 -25.6773090
0.9900000 -1.7074275
0.9910000 59.8975105
0.9920000 19.1587925
0.9930000 -35.7827377
0.9940000 8.5374584
0.9950000 -17.9237709
0.9960000 15.8399897
0.9970000 9.3216076
0.9980000 26.4984512
0.9990000 -20.4172840
