0.0000000 23.6666012
0.0010000 69.6892548
0.0020000 -86.0728760
0.0030000 67.2510986
0.0040000 -23.0647221
0.0050000 40.7215805
0.0060000 58.4188156
0.0070000 -51.8730431
0.0080000 -23.4821453
0.0090000 29.3211212
0.0100000 33.1526680
0.0110000 -76.6998520
0.0120000 -27.9835281
0.0130000 18.2359924
0.0140000 30.9336548
0.0150000 -6.3036218
0.0160000 10.8257122
0.0170000 -35.3668976
0.0180000 -32.3059692
0.0190000 66.1757736
0.0200000 48.2964859
0.0210000 -7.1921616
0.0220000 43.4849892
0.0230000 -60.3918953
0.0240000 78.0337830
0.0250000 -52.5608559
0.0260000 12.4358616
0.0270000 24.9967022
0.0280000 -13.1313496
0.0290000 17.7085094
0.0300000 15.3189631
0.0310000 -10.5903521
0.0320000 -37.6472473
0.0330000 15.4029083
0.0340000 37.6299896
0.0350000 -35.4621391
0.0360000 33.6665039
0.0370000 -0.8534410
0.0380000 32.7244568
0.0390000 2.1549306
0.0400000 6.1242237
0.0410000 -25.6178131
0.0420000 64.0524368
0.0430000 -13.6834412
0.0440000 16.5810852
0.0450000 -16.6431160
0.0460000 -10.9027796
0.0470000 16.8498726
0.0480000 30.6382179
0.0490000 13.3095007
0.0500000 62.7621765
0.0510000 34.8113937
0.0520000 -13.0193787
0.0530000 -9.4744759
0.0540000 -51.8231010
0.0550000 -46.4128418
0.0560000 3.3926158
0.0570000 20.9997959
0.0580000 4.8342795
0.0590000 -8.3945112
0.0600000 5.8006549
0.0610000 24.3195400
0.0620000 -34.8373032
0.0630000 -73.0511627
0.0640000 -15.0141478
0.0650000 -15.9812241
0.0660000 -113.3953705
0.0670000 -25.0713081
0.0680000 -113.3587112
0.0690000 2.9413824
0.0700000 -3.6339662
0.0710000 4.1408529
0.0720000 69.5772934
0.0730000 2.6334658
0.0740000 -21.0806904
0.0750000 -38.9481049
0.0760000 8.0178041
0.0770000 -33.9206619
0.0780000 -27.8573895
0.0790000 -8.0502234
0.0800000 0.8674359
0.0810000 14.0789433
0.0820000 117.0894470
0.0830000 35.1200600
0.0840000 -48.9133949
0.0850000 10.2741766
0.0860000 -14.2715130
0.0870000 46.7045555
0.0880000 -35.0582962
0.0890000 -40.7481995
0.0900000 46.2121964
0.0910000 -19.2951984
0.0920000 -11.3328981
0.0930000 -34.7725410
0.0940000 -51.5899506
0.0950000 8.9336824
0.0960000 11.1759109
0.0970000 -10.2996006
0.0980000 45.7739372
0.0990000 84.3056183
0.1000000 -28.6035843
0.1010000 18.9769516
0.1020000 18.5499687
0.1030000 45.0588150
0.1040000 34.5503044
0.1050000 3.4719381
0.1060000 24.7985058
0.1070000 34.3828163
0.1080000 -12.8040752
0.1090000 -10.7350826
0.1100000 54.4817467
0.1110000 -20.7883892
0.1120000 3.5814090
0.1130000 -12.2152615
0.1140000 18.6688194
0.1150000 -45.4086647
0.1160000 -59.7544098
0.1170000 28.8445740
0.1180000 39.1012421
0.1190000 -7.1184192
0.1200000 4.3547230
0.1210000 -12.1216202
0.1220000 1.6887114
0.1230000 58.0937729
0.1240000 78.1804123
0.1250000 -35.4825058
0.1260000 35.6386948
0.1270000 52.5514526
0.1280000 -6.9633017
0.1290000 -8.4965582
0.1300000 -29.3997288
0.1310000 -56.8693581
0.1320000 -9.8983259
0.1330000 57.1237068
0.1340000 -37.4613037
0.1350000 20.9484158
0.1360000 77.2190552
0.1370000 -30.9921436
0.1380000 32.3629646
0.1390000 -6.1967964
0.1400000 11.1859751
0.1410000 29.7282124
0.1420000 -25.7073784
0.1430000 -12.6430445
0.1440000 44.4046288
0.1450000 -49.9808083
0.1460000 5.6887040
0.1470000 -39.7517204
0.1480000 7.8860030
0.1490000 62.8855972
0.1500000 -43.7012711
0.1510000 -10.1706009
0.1520000 23.1473904
0.1530000 -49.5638809
0.1540000 42.4526024
0.1550000 68.4502182
0.1560000 6.1918268
0.1570000 -5.5543270
0.1580000 3.3255594
0.1590000 34.8089981
0.1600000 -50.9867592
0.1610000 -50.7472191
0.1620000 -41.6281128
0.1630000 -5.0344925
0.1640000 -1.4866538
0.1650000 13.0855055
0.1660000 -13.4923096
0.1670000 8.5210562
0.1680000 26.3884697
0.1690000 14.6100330
0.1700000 -50.7896843
0.1710000 -22.8513508
0.1720000 35.6782684
0.1730000 -5.0370264
0.1740000 6.1156149
0.1750000 13.7748861
0.1760000 25.9484921
0.1770000 -31.5829315
0.1780000 -56.6747475
0.1790000 13.3221016
0.1800000 15.7394228
0.1810000 -2.0530865
0.1820000 15.2824707
0.1830000 -7.0382223
0.1840000 10.7547646
0.1850000 37.0119171
0.1860000 67.0592346
0.1870000 49.2458878
0.1880000 14.1007051
0.1890000 -9.6235733
0.1900000 46.1057816
0.1910000 -15.4723482
0.1920000 -69.2967453
0.1930000 -84.4641495
0.1940000 33.0717545
0.1950000 40.7665749
0.1960000 -53.9912682
0.1970000 -28.8634739
0.1980000 7.5144949
0.1990000 -2.5877655
0.2000000 6.6784892
0.2010000 -34.6245880
0.2020000 -0.5225250
0.2030000 11.1707335
0.2040000 -31.3072414
0.2050000 52.2209816
0.2060000 -18.7744751
0.2070000 -9.1551542
0.2080000 -53.1123734
0.2090000 1.6483572
0.2100000 5.5895152
0.2110000 -23.3746567
0.2120000 -34.5882034
0.2130000 49.4022141
0.2140000 -58.6631699
0.2150000 13.4653883
0.2160000 -0.6248678
0.2170000 7.5859952
0.2180000 -36.0147476
0.2190000 -38.7790794
0.2200000 -50.2354927
0.2210000 17.2810574
0.2220000 58.8071098
0.2230000 -28.2771397
0.2240000 15.2371798
0.2250000 -32.7757797
0.2260000 10.5689983
0.2270000 20.4071236
0.2280000 -26.8880386
0.2290000 -49.1635475
0.2300000 -26.8654804
0.2310000 -14.6055126
0.2320000 41.2292747
0.2330000 19.2899971
0.2340000 -5.5428944
0.2350000 -16.8389835
0.2360000 2.4842997
0.2370000 -40.0734787
0.2380000 -37.7348289
0.2390000 3.3288274
0.2400000 -53.4199219
0.2410000 55.3068085
0.2420000 -47.7973099
0.2430000 23.1549702
0.2440000 -42.1667557
0.2450000 -3.8072681
0.2460000 -8.4977102
0.2470000 13.4097862
0.2480000 0.3801327
0.2490000 -32.9183350
0.2500000 11.1067638
0.2510000 24.4526501
0.2520000 -48.5304031
0.2530000 12.0259399
0.2540000 24.7839851
0.2550000 47.8550682
0.2560000 -55.4488792
0.2570000 -31.7044868
0.2580000 3.4317460
0.2590000 54.1207809
0.2600000 37.0007362
0.2610000 30.0884285
0.2620000 -8.8176174
0.2630000 0.3105398
0.2640000 -14.9091053
0.2650000 5.0235515
0.2660000 34.3497276
0.2670000 -44.6156693
0.2680000 30.6311646
0.2690000 -20.0151711
0.2700000 19.0206451
0.2710000 -45.5034103
0.2720000 -42.2754021
0.2730000 70.4495163
0.2740000 -0.5298313
0.2750000 48.2095299
0.2760000 -16.8409023
0.2770000 38.4283295
0.2780000 -15.0479202
0.2790000 24.6313248
0.2800000 10.6520739
0.2810000 6.0265336
0.2820000 -28.9420261
0.2830000 -30.0648289
0.2840000 25.2983513
0.2850000 -69.1810379
0.2860000 -37.0352516
0.2870000 -5.8276577
0.2880000 3.3733752
0.2890000 -94.1268311
0.2900000 24.1778126
0.2910000 -34.7403450
0.2920000 -33.8260841
0.2930000 6.5557837
0.2940000 -85.4950485
0.2950000 46.5991325
0.2960000 -38.6892509
0.2970000 42.7286911
0.2980000 -7.6969361
0.2990000 32.1813278
0.3000000 -7.7371969
0.3010000 -19.7958241
0.3020000 -57.8204117
0.3030000 -17.3818970
0.3040000 -22.8341465
0.3050000 9.4118385
0.3060000 -5.2151308
0.3070000 -14.7654524
0.3080000 37.8435783
0.3090000 27.7147369
0.3100000 14.3422899
0.3110000 43.6816597
0.3120000 83.4023056
0.3130000 13.9524746
0.3140000 -16.9198914
0.3150000 25.8844547
0.3160000 -94.3684082
0.3170000 -47.8274345
0.3180000 7.5424533
0.3190000 47.4710846
0.3200000 -14.4491606
0.3210000 12.6176281
0.3220000 44.2358208
0.3230000 -30.5920315
0.3240000 50.1937637
0.3250000 38.4768753
0.3260000 -50.5651436
0.3270000 79.7218933
0.3280000 28.1367779
0.3290000 6.7318401
0.3300000 56.4109917
0.3310000 -13.0540981
0.3320000 14.3677950
0.3330000 37.0264778
0.3340000 -42.9818726
0.3350000 -13.6126909
0.3360000 -15.3712587
0.3370000 5.9584894
0.3380000 -13.2562761
0.3390000 -0.0173907
0.3400000 19.2111607
0.3410000 -84.5105591
0.3420000 -10.6651039
0.3430000 -1.4718846
0.3440000 27.9994659
0.3450000 -24.9153080
0.3460000 -23.6730175
0.3470000 17.5119419
0.3480000 8.0640450
0.3490000 42.6759071
0.3500000 22.4609528
0.3510000 -48.7147675
0.3520000 8.8764658
0.3530000 30.5488758
0.3540000 -21.5100555
0.3550000 -54.6100693
0.3560000 -84.9086838
0.3570000 39.3499031
0.3580000 21.2456665
0.3590000 -20.0598335
0.3600000 -1.0446912
0.3610000 -18.5385017
0.3620000 29.8085632
0.3630000 -29.3283958
0.3640000 -79.4776840
0.3650000 13.6260977
0.3660000 -12.7900782
0.3670000 -12.6022301
0.3680000 -69.3848801
0.3690000 -0.7664694
0.3700000 27.7199764
0.3710000 -15.8864279
0.3720000 5.3979402
0.3730000 -9.2193727
0.3740000 -12.5630941
0.3750000 72.5418625
0.3760000 52.6474037
0.3770000 26.3538952
0.3780000 -24.8424759
0.3790000 -13.6491756
0.3800000 -23.2029190
0.3810000 9.3048296
0.3820000 -48.6917419
0.3830000 18.2284012
0.3840000 16.3731289
0.3850000 -12.4578667
0.3860000 33.4261093
0.3870000 68.5532303
0.3880000 60.5326614
0.3890000 -2.9817858
0.3900000 -15.6012888
0.3910000 -12.3573046
0.3920000 -28.3068905
0.3930000 -45.3710136
0.3940000 -79.7085876
0.3950000 -59.1513748
0.3960000 5.8266764
0.3970000 -17.5148506
0.3980000 45.0015259
0.3990000 4.1673899
0.4000000 -38.9911919
0.4010000 -23.9138775
0.4020000 -4.4305120
0.4030000 -32.6138229
0.4040000 -1.2176328
0.4050000 22.4124851
0.4060000 12.9052763
0.4070000 -68.4651871
0.4080000 -24.0385818
0.4090000 -27.4587688
0.4100000 13.7507906
0.4110000 51.3891640
0.4120000 50.1075974
0.4130000 30.5866642
0.4140000 -9.6119652
0.4150000 12.6225405
0.4160000 -4.4461551
0.4170000 1.0831136
0.4180000 -68.1537247
0.4190000 -33.8189316
0.4200000 -37.6179466
0.4210000 -24.5557709
0.4220000 -6.5245204
0.4230000 9.6087828
0.4240000 -3.5933926
0.4250000 -18.3822269
0.4260000 19.7814178
0.4270000 -14.4926701
0.4280000 -75.4992599
0.4290000 -26.6491928
0.4300000 78.1751480
0.4310000 55.6569939
0.4320000 -33.7511902
0.4330000 48.1591568
0.4340000 38.8190346
0.4350000 -8.9735031
0.4360000 -6.1767831
0.4370000 69.8787766
0.4380000 -51.0647011
0.4390000 -69.0703659
0.4400000 61.2271233
0.4410000 46.0884399
0.4420000 8.6631021
0.4430000 -19.9711342
0.4440000 -23.4405746
0.4450000 57.1189766
0.4460000 39.4839363
0.4470000 -60.6267395
0.4480000 -14.2581491
0.4490000 3.3510509
0.4500000 -10.5269661
0.4510000 -14.3777676
0.4520000 -1.4672452
0.4530000 -52.2145958
0.4540000 -53.2970161
0.4550000 -33.1215515
0.4560000 -10.5404787
0.4570000 -13.6858778
0.4580000 -9.9999943
0.4590000 31.6295567
0.4600000 29.0837574
0.4610000 16.0718899
0.4620000 -12.8540058
0.4630000 31.3712463
0.4640000 -27.0708103
0.4650000 15.9813547
0.4660000 1.3026425
0.4670000 -63.0400543
0.4680000 32.0802689
0.4690000 69.8864975
0.4700000 46.3274155
0.4710000 -45.7648048
0.4720000 22.3577080
0.4730000 17.1454239
0.4740000 -0.6220347
0.4750000 -7.7944918
0.4760000 -33.8025703
0.4770000 -52.8175583
0.4780000 -66.4435654
0.4790000 31.1002598
0.4800000 -0.4628291
0.4810000 -8.3127394
0.4820000 43.3257675
0.4830000 40.5482063
0.4840000 -37.5165749
0.4850000 15.4032354
0.4860000 -40.0767708
0.4870000 -46.8546410
0.4880000 20.4720974
0.4890000 -23.0314121
0.4900000 -0.6839965
0.4910000 10.0552187
0.4920000 -55.9610634
0.4930000 -31.2618904
0.4940000 11.7032156
0.4950000 22.5943394
0.4960000 -23.5694027
0.4970000 56.1357803
0.4980000 -14.4701214
0.4990000 -22.9784756
0.5000000 -10.1018333
0.5010000 9.6174212
0.5020000 8.6378441
0.5030000 9.3775511
0.5040000 -42.8573570
0.5050000 -46.0490723
0.5060000 -25.0503120
0.5070000 -2.0163226
0.5080000 -58.5481339
0.5090000 3.3096285
0.5100000 1.9688768
0.5110000 -93.0301437
0.5120000 29.8919277
0.5130000 -40.7275581
0.5140000 86.1036072
0.5150000 23.3404102
0.5160000 63.1201820
0.5170000 -13.9128399
0.5180000 22.4263077
0.5190000 -58.3555107
0.5200000 95.3871765
0.5210000 -51.4301300
0.5220000 -23.9416199
0.5230000 -14.4450130
0.5240000 -80.6760025
0.5250000 -29.2428055
0.5260000 28.0213032
0.5270000 -38.0787239
0.5280000 -91.9538345
0.5290000 -9.9812059
0.5300000 69.9838181
0.5310000 12.8493633
0.5320000 12.5181389
0.5330000 16.6832657
0.5340000 2.3682528
0.5350000 56.5590439
0.5360000 -51.6917343
0.5370000 -76.6725769
0.5380000 -6.6339655
0.5390000 9.3661699
0.5400000 -65.6067657
0.5410000 -14.4586811
0.5420000 -35.6356888
0.5430000 -30.1820850
0.5440000 22.2252922
0.5450000 -25.1138439
0.5460000 -47.2395554
0.5470000 14.5613480
0.5480000 -69.8870087
0.5490000 55.3657227
0.5500000 -39.8832016
0.5510000 42.7274246
0.5520000 22.2074432
0.5530000 -19.6557331
0.5540000 5.8848600
0.5550000 -31.1308098
0.5560000 3.5708876
0.5570000 -60.2299423
0.5580000 2.4181798
0.5590000 2.8617208
0.5600000 70.3939362
0.5610000 -57.0190430
0.5620000 103.0794373
0.5630000 -42.0506630
0.5640000 78.9612198
0.5650000 -5.1767764
0.5660000 -31.7746658
0.5670000 -90.0565262
0.5680000 4.7666597
0.5690000 36.3221054
0.5700000 56.8373489
0.5710000 -22.1951160
0.5720000 -30.0937309
0.5730000 -56.2915688
0.5740000 10.4992218
0.5750000 -0.5351515
0.5760000 -49.1954803
0.5770000 -43.9582977
0.5780000 -9.6794872
0.5790000 9.0381994
0.5800000 -32.3714180
0.5810000 -38.8475761
0.5820000 -44.3533554
0.5830000 33.1840858
0.5840000 -11.5776663
0.5850000 -7.8615408
0.5860000 12.2805042
0.5870000 49.0779572
0.5880000 -9.5274363
0.5890000 16.7231369
0.5900000 -5.1578150
0.5910000 -32.7255669
0.5920000 -2.2581403
0.5930000 51.9408798
0.5940000 -31.1529903
0.5950000 -26.1258698
0.5960000 36.6690903
0.5970000 -8.4081411
0.5980000 29.2408009
0.5990000 89.8886108
0.6000000 -27.0424442
0.6010000 -17.2687054
0.6020000 8.6021242
0.6030000 32.7535744
0.6040000 40.3499832
0.6050000 -27.6334801
0.6060000 -4.0845456
0.6070000 -23.3741341
0.6080000 37.7239761
0.6090000 51.6110268
0.6100000 -52.5833130
0.6110000 -16.9853287
0.6120000 21.4830818
0.6130000 41.7554779
0.6140000 10.2099934
0.6150000 -49.8395195
0.6160000 -7.1207023
0.6170000 -12.4355116
0.6180000 -59.2406425
0.6190000 39.9112625
0.6200000 -10.3061905
0.6210000 -33.5830002
0.6220000 31.6429615
0.6230000 27.9754696
0.6240000 13.1924438
0.6250000 13.4943008
0.6260000 -45.7684059
0.6270000 13.4546518
0.6280000 -4.9939179
0.6290000 -16.2501335
0.6300000 32.5747490
0.6310000 32.4267540
0.6320000 49.2431068
0.6330000 -69.8083801
0.6340000 -54.2300072
0.6350000 32.6483688
0.6360000 -39.1331787
0.6370000 43.7712440
0.6380000 -30.4976768
0.6390000 40.0920982
0.6400000 -34.5568123
0.6410000 17.7039051
0.6420000 13.9105844
0.6430000 -18.9232597
0.6440000 12.8617897
0.6450000 -4.8585458
0.6460000 -30.2089500
0.6470000 -23.3502083
0.6480000 1.4361582
0.6490000 15.5493765
0.6500000 20.8048706
0.6510000 -47.6018333
0.6520000 -60.9113503
0.6530000 -33.6324883
0.6540000 74.2060242
0.6550000 -16.5733719
0.6560000 37.0975113
0.6570000 36.5082855
0.6580000 41.2160225
0.6590000 -6.4530859
0.6600000 -51.9981689
0.6610000 17.3778687
0.6620000 -2.8010471
0.6630000 -70.5764389
0.6640000 14.8324175
0.6650000 43.2131042
0.6660000 -30.4049549
0.6670000 -24.7175579
0.6680000 30.2232857
0.6690000 -14.1247187
0.6700000 63.1217613
0.6710000 38.5471306
0.6720000 49.7455368
0.6730000 3.3429971
0.6740000 -38.8422508
0.6750000 28.5171032
0.6760000 33.7747078
0.6770000 -41.8451309
0.6780000 -39.9528275
0.6790000 -4.4440393
0.6800000 8.5183573
0.6810000 -40.6202202
0.6820000 13.5873594
0.6830000 -15.1697435
0.6840000 -38.3581848
0.6850000 -40.1999092
0.6860000 -15.7805281
0.6870000 0.5317155
0.6880000 94.8637390
0.6890000 -12.1973562
0.6900000 14.9639578
0.6910000 23.5903378
0.6920000 92.9546432
0.6930000 -49.7676506
0.6940000 -45.7693329
0.6950000 100.0633469
0.6960000 -24.3904495
0.6970000 -48.2365150
0.6980000 -49.7189980
0.6990000 76.1100922
0.7000000 26.6898384
0.7010000 9.5291052
0.7020000 -3.3910947
0.7030000 -41.0723991
0.7040000 -12.5802088
0.7050000 9.6328363
0.7060000 26.7145557
0.7070000 7.4969530
0.7080000 23.4560623
0.7090000 -22.3107319
0.7100000 53.8425522
0.7110000 -26.7309303
0.7120000 24.7794571
0.7130000 1.2187676
0.7140000 -0.5074007
0.7150000 30.2711163
0.7160000 -25.1439323
0.7170000 3.7611780
0.7180000 -20.4898643
0.7190000 -11.0115414
0.7200000 22.7559910
0.7210000 40.8017349
0.7220000 -37.3974380
0.7230000 5.8799238
0.7240000 -30.1714783
0.7250000 -34.6493988
0.7260000 26.3999634
0.7270000 53.1723938
0.7280000 -46.3398666
0.7290000 7.4095283
0.7300000 1.5372809
0.7310000 6.2253461
0.7320000 -53.1755333
0.7330000 -14.9942694
0.7340000 46.2342606
0.7350000 3.9549813
0.7360000 24.0908852
0.7370000 -18.9863300
0.7380000 29.6787491
0.7390000 22.5143375
0.7400000 14.6655455
0.7410000 10.0669384
0.7420000 3.6469073
0.7430000 -35.8993874
0.7440000 -13.6618166
0.7450000 -26.6061687
0.7460000 58.5236778
0.7470000 48.5210991
0.7480000 -10.9565563
0.7490000 -9.2739124
0.7500000 28.6073437
0.7510000 5.9654841
0.7520000 37.6022263
0.7530000 -24.5186672
0.7540000 22.6465778
0.7550000 -59.3005714
0.7560000 -8.3117828
0.7570000 7.7861748
0.7580000 9.9409971
0.7590000 28.9242630
0.7600000 10.3536615
0.7610000 -22.0894470
0.7620000 38.4891396
0.7630000 36.4020653
0.7640000 37.6441689
0.7650000 -4.6499929
0.7660000 -66.6913147
0.7670000 -30.6464653
0.7680000 16.9550247
0.7690000 12.1566458
0.7700000 -63.3188705
0.7710000 -9.0708647
0.7720000 -7.0130935
0.7730000 -34.6721458
0.7740000 -10.7787104
0.7750000 3.4163959
0.7760000 62.6457481
0.7770000 -37.2142754
0.7780000 68.4893188
0.7790000 -10.1918259
0.7800000 -19.9614525
0.7810000 -25.8354969
0.7820000 48.0209045
0.7830000 -9.8339882
0.7840000 -28.7830677
0.7850000 1.7609696
0.7860000 -39.1485901
0.7870000 -52.7630882
0.7880000 47.6476402
0.7890000 -0.9039820
0.7900000 6.9771891
0.7910000 -16.9833641
0.7920000 -24.2214680
0.7930000 2.0977769
0.7940000 -23.3147144
0.7950000 -29.6180916
0.7960000 -28.2012405
0.7970000 16.8178310
0.7980000 -4.0291800
0.7990000 16.8248844
0.8000000 3.3405962
0.8010000 -22.5471287
0.8020000 30.4467697
0.8030000 15.1761904
0.8040000 1.3705057
0.8050000 39.3661652
0.8060000 -10.7776985
0.8070000 52.0734863
0.8080000 78.5119705
0.8090000 -52.7714043
0.8100000 -11.2140265
0.8110000 -28.6419067
0.8120000 -5.5894036
0.8130000 -50.7182045
0.8140000 -110.7966080
0.8150000 -17.1393623
0.8160000 25.2818317
0.8170000 -38.2434540
0.8180000 63.1103592
0.8190000 -20.3051891
0.8200000 17.0043716
0.8210000 -9.3797312
0.8220000 14.4148350
0.8230000 -45.9215927
0.8240000 -29.9430294
0.8250000 66.0570679
0.8260000 9.9489021
0.8270000 32.4541702
0.8280000 20.1930847
0.8290000 10.3200598
0.8300000 -58.8291626
0.8310000 -24.5363407
0.8320000 -8.2758389
0.8330000 37.3972473
0.8340000 -22.9230785
0.8350000 62.1883583
0.8360000 38.2698860
0.8370000 -28.3490524
0.8380000 -17.1355133
0.8390000 43.0574455
0.8400000 -3.4224868
0.8410000 59.6290627
0.8420000 -35.4204025
0.8430000 67.6090469
0.8440000 15.2911634
0.8450000 -10.0902596
0.8460000 -1.2317965
0.8470000 -62.4370613
0.8480000 19.8998108
0.8490000 -16.2848015
0.8500000 -13.2277174
0.8510000 -21.7749176
0.8520000 -35.9592133
0.8530000 -21.3018761
0.8540000 -47.3856354
0.8550000 51.5771065
0.8560000 -5.0916471
0.8570000 -37.5633125
0.8580000 24.6667709
0.8590000 -38.5071754
0.8600000 25.9508190
0.8610000 -54.2952461
0.8620000 -12.3871937
0.8630000 46.4144859
0.8640000 6.1757808
0.8650000 -44.8021240
0.8660000 6.5174975
0.8670000 -74.3082581
0.8680000 -1.4024514
0.8690000 71.6601028
0.8700000 32.0503464
0.8710000 -1.2545339
0.8720000 -24.0938663
0.8730000 11.3615465
0.8740000 -19.9977055
0.8750000 0.2972711
0.8760000 11.1042585
0.8770000 7.2738199
0.8780000 -17.8184452
0.8790000 32.3620453
0.8800000 -49.8851509
0.8810000 -26.8521767
0.8820000 10.2018328
0.8830000 39.4210243
0.8840000 74.9554214
0.8850000 49.2009354
0.8860000 -3.0996375
0.8870000 -4.1740465
0.8880000 -25.6597176
0.8890000 -20.6066895
0.8900000 68.8249588
0.8910000 -27.3616543
0.8920000 -5.2434254
0.8930000 -30.2038727
0.8940000 -13.3270369
0.8950000 -1.3889754
0.8960000 9.4011316
0.8970000 10.2790728
0.8980000 -34.8524704
0.8990000 -5.4503736
0.9000000 7.6063213
0.9010000 15.8976974
0.9020000 -11.8964472
0.9030000 -24.5382252
0.9040000 -7.5293388
0.9050000 -25.6288891
0.9060000 -5.1052589
0.9070000 8.1165867
0.9080000 -17.5208778
0.9090000 -5.6762319
0.9100000 -27.4626503
0.9110000 25.0404835
0.9120000 42.2614937
0.9130000 -15.2613468
0.9140000 38.9108162
0.9150000 -61.2914085
0.9160000 57.3164101
0.9170000 -26.7348881
0.9180000 -8.1483774
0.9190000 -3.6005161
0.9200000 -12.0419645
0.9210000 -78.6292953
0.9220000 20.0411568
0.9230000 20.5888824
0.9240000 13.2343369
0.9250000 -42.9244041
0.9260000 21.7198639
0.9270000 24.6938744
0.9280000 35.4389915
0.9290000 -14.2773066
0.9300000 -41.7268143
0.9310000 18.2581387
0.9320000 0.1902734
0.9330000 16.5565701
0.9340000 -14.5410929
0.9350000 -22.4735546
0.9360000 -20.5518475
0.9370000 -19.8857689
0.9380000 43.0152206
0.9390000 -57.8015556
0.9400000 71.2032700
0.9410000 44.9618034
0.9420000 1.0432448
0.9430000 16.1941109
0.9440000 7.5125418
0.9450000 -2.9984503
0.9460000 18.3838596
0.9470000 43.3697319
0.9480000 -41.8713951
0.9490000 -25.3258057
0.9500000 49.2825928
0.9510000 21.9704247
0.9520000 8.4548025
0.9530000 4.4325032
0.9540000 -15.3330059
0.9550000 -10.4123878
0.9560000 46.9160843
0.9570000 -14.1906195
0.9580000 -23.8747082
0.9590000 -16.2736931
0.9600000 -38.9424324
0.9610000 29.0105648
0.9620000 47.0938835
0.9630000 -39.6841545
0.9640000 39.6110497
0.9650000 32.9539528
0.9660000 -48.3647842
0.9670000 -77.9671097
0.9680000 -1.8897974
0.9690000 -33.0895386
0.9700000 -42.3220634
0.9710000 -0.1140903
0.9720000 53.3305626
0.9730000 78.0963974
0.9740000 6.0103407
0.9750000 -54.7240715
0.9760000 -23.3339310
0.9770000 -40.9586258
0.9780000 11.6993160
0.9790000 -59.6074944
0.9800000 9.5003967
0.9810000 43.3644791
0.9820000 9.7061806
0.9830000 9.6866417
0.9840000 -1.6249588
0.9850000 19.7197151
0.9860000 -39.9554520
0.9870000 47.5430908
0.9880000 37.2314758
0.9890000 21.9176750
0.9900000 -20.6808300
0.9910000 -32.4903603
0.9920000 3.0556006
0.9930000 -5.6095333
0.9940000 -37.1029434
0.9950000 -33.7595100
0.9960000 13.0943193
0.9970000 29.1639862
0.9980000 -2.6968699
0.9990000 57.4220428
