0.0000000 -5.8288884
0.0010000 56.8120499
0.0020000 -33.9821472
0.0030000 73.8042908
0.0040000 19.0227718
0.0050000 -24.3656712
0.0060000 5.3887157
0.0070000 -32.0637589
0.0080000 -49.2112045
0.0090000 -36.3795090
0.0100000 -1.8094645
0.0110000 17.7550907
0.0120000 49.0434685
0.0130000 2.5949748
0.0140000 20.9305229
0.0150000 43.9626389
0.0160000 45.5607643
0.0170000 -11.4524097
0.0180000 36.3755264
0.0190000 1.2495552
0.0200000 15.4915943
0.0210000 68.2493286
0.0220000 37.3222618
0.0230000 56.0450554
0.0240000 -37.1684761
0.0250000 15.9728594
0.0260000 3.8870039
0.0270000 -27.6101894
0.0280000 -7.9068527
0.0290000 -12.4995203
0.0300000 74.4384079
0.0310000 3.2247639
0.0320000 12.4291697
0.0330000 40.7206650
0.0340000 -29.4291344
0.0350000 2.6742401
0.0360000 27.7148361
0.0370000 56.0442123
0.0380000 5.0165706
0.0390000 11.1991682
0.0400000 -6.1660576
0.0410000 30.5650520
0.0420000 69.0115128
0.0430000 35.3880234
0.0440000 14.4828243
0.0450000 -5.6385684
0.0460000 26.2325516
0.0470000 9.8881111
0.0480000 -22.6037617
0.0490000 32.8768768
0.0500000 70.4400406
0.0510000 6.7603993
0.0520000 -61.8271408
0.0530000 20.2795010
0.0540000 67.1373596
0.0550000 22.4831429
0.0560000 -16.2673225
0.0570000 -16.1910706
0.0580000 57.1309547
0.0590000 -47.5697212
0.0600000 0.1785414
0.0610000 5.3362617
0.0620000 -15.5289240
0.0630000 -60.0816116
0.0640000 -18.3435745
0.0650000 -20.0911083
0.0660000 32.4672852
0.0670000 73.7012100
0.0680000 0.2377875
0.0690000 -18.0891876
0.0700000 -35.3158607
0.0710000 50.6721191
0.0720000 -28.3202267
0.0730000 6.5250816
0.0740000 7.3396878
0.0750000 -17.4098396
0.0760000 -21.7923717
0.0770000 41.5468864
0.0780000 -8.3428669
0.0790000 33.1455383
0.0800000 39.8120232
0.0810000 4.4009113
0.0820000 35.1138725
0.0830000 -27.1516285
0.0840000 17.1142750
0.0850000 -11.0218525
0.0860000 -26.4286671
0.0870000 -7.5839634
0.0880000 0.2356732
0.0890000 -16.1507893
0.0900000 -0.2126857
0.0910000 -22.0782909
0.0920000 11.2700863
0.0930000 1.1215801
0.0940000 11.0557632
0.0950000 -55.9304543
0.0960000 -8.8405371
0.0970000 -26.9420586
0.0980000 -2.7242978
0.0990000 -50.8882332
0.1000000 -6.5444703
0.1010000 -2.6663895
0.1020000 35.5167503
0.1030000 12.5764894
0.1040000 34.8128929
0.1050000 52.4612312
0.1060000 0.0442089
0.1070000 -48.0143242
0.1080000 -12.5799723
0.1090000 -33.8695259
0.1100000 -32.0046005
0.1110000 -1.7836530
0.1120000 12.5188408
0.1130000 0.4426193
0.1140000 -19.2323055
0.1150000 13.6246395
0.1160000 -32.5511856
0.1170000 -29.8584156
0.1180000 11.5816221
0.1190000 -29.9183941
0.1200000 47.8942184
0.1210000 35.4553337
0.1220000 21.0047245
0.1230000 63.3780785
0.1240000 1.5055640
0.1250000 4.3159046
0.1260000 -5.8363900
0.1270000 38.5048523
0.1280000 -22.7456112
0.1290000 11.3727016
0.1300000 -31.2201347
0.1310000 69.3506927
0.1320000 -8.9625072
0.1330000 -4.8182349
0.1340000 18.1543007
0.1350000 12.5935192
0.1360000 -4.5464630
0.1370000 23.5045242
0.1380000 -10.3806305
0.1390000 -43.4986458
0.1400000 -6.7115650
0.1410000 12.3749695
0.1420000 -17.6391029
0.1430000 44.0752678
0.1440000 47.7156296
0.1450000 -62.9091568
0.1460000 11.7199821
0.1470000 -5.8525171
0.1480000 46.2868500
0.1490000 -4.6238747
0.1500000 -10.7319345
0.1510000 38.6873093
0.1520000 79.3438416
0.1530000 -18.8167171
0.1540000 54.8170853
0.1550000 1.5664831
0.1560000 70.8672943
0.1570000 -56.2095261
0.1580000 -3.4744487
0.1590000 -35.2384796
0.1600000 23.6967773
0.1610000 37.5391350
0.1620000 -18.1461620
0.1630000 -70.8260422
0.1640000 5.4092379
0.1650000 11.2601213
0.1660000 -17.2317200
0.1670000 -10.8519278
0.1680000 6.2843022
0.1690000 26.4179878
0.1700000 -3.7923489
0.1710000 43.1980247
0.1720000 9.7487955
0.1730000 -15.1785975
0.1740000 36.4205894
0.1750000 30.8761845
0.1760000 8.1105919
0.1770000 -0.4663145
0.1780000 -34.8838654
0.1790000 -4.9867282
0.1800000 -40.3906517
0.1810000 38.0976372
0.1820000 16.1860886
0.1830000 -54.6461372
0.1840000 -29.4403496
0.1850000 41.6509438
0.1860000 44.0748177
0.1870000 -32.5993004
0.1880000 65.6614685
0.1890000 43.2482033
0.1900000 -9.2953043
0.1910000 7.9444809
0.1920000 15.3602018
0.1930000 6.4025860
0.1940000 27.3154087
0.1950000 30.8722744
0.1960000 -28.9760284
0.1970000 -10.6737118
0.1980000 -9.4337225
0.1990000 12.3005304
0.2000000 2.5248160
0.2010000 15.1231747
0.2020000 -38.2466164
0.2030000 67.2137451
0.2040000 -16.1642952
0.2050000 34.9733467
0.2060000 15.7089319
0.2070000 28.1453686
0.2080000 16.6068020
0.2090000 -55.1189575
0.2100000 39.0650253
0.2110000 -0.1373118
0.2120000 35.9277611
0.2130000 -10.9927597
0.2140000 -28.7112274
0.2150000 24.7589321
0.2160000 -19.8233547
0.2170000 4.4571152
0.2180000 -11.2620630
0.2190000 -7.6435633
0.2200000 28.9839859
0.2210000 33.8228683
0.2220000 -21.3591423
0.2230000 28.6104012
0.2240000 -54.1693649
0.2250000 11.6158962
0.2260000 72.5728836
0.2270000 -31.1541252
0.2280000 5.2086382
0.2290000 32.3258171
0.2300000 14.9372940
0.2310000 -7.4806223
0.2320000 -54.9582787
0.2330000 47.4846382
0.2340000 -45.2568855
0.2350000 -17.9256535
0.2360000 2.9894633
0.2370000 55.1827087
0.2380000 -1.7836343
0.2390000 -15.0927181
0.2400000 -44.4173012
0.2410000 1.3268447
0.2420000 -40.5239105
0.2430000 1.4153906
0.2440000 65.7704773
0.2450000 -19.1273746
0.2460000 77.8742523
0.2470000 -53.9895935
0.2480000 17.0667648
0.2490000 -15.9391851
0.2500000 -35.2897949
0.2510000 12.6177902
0.2520000 6.3557825
0.2530000 -22.4377327
0.2540000 -20.7593174
0.2550000 11.3909807
0.2560000 -66.4089355
0.2570000 -19.4812489
0.2580000 40.8133354
0.2590000 34.8665771
0.2600000 36.9362907
0.2610000 -43.1954727
0.2620000 4.3666658
0.2630000 28.9832878
0.2640000 0.5247776
0.2650000 68.8451309
0.2660000 -27.2912540
0.2670000 2.3442636
0.2680000 45.7597084
0.2690000 -34.3860435
0.2700000 -7.5422339
0.2710000 25.0514412
0.2720000 -38.0635033
0.2730000 -5.1049600
0.2740000 61.3770256
0.2750000 -65.3732758
0.2760000 -46.7787323
0.2770000 -3.0155768
0.2780000 -10.4498444
0.2790000 0.1729725
0.2800000 -0.0137356
0.2810000 -15.9702797
0.2820000 -47.0735207
0.2830000 -0.0816395
0.2840000 -3.6021144
0.2850000 -34.2793274
0.2860000 17.4843769
0.2870000 -16.1598396
0.2880000 40.5299911
0.2890000 -18.4686508
0.2900000 48.1437225
0.2910000 -49.4537697
0.2920000 28.1782875
0.2930000 -24.0345669
0.2940000 -4.1613274
0.2950000 24.5417080
0.2960000 -17.8439484
0.2970000 -15.1832275
0.2980000 -16.1082001
0.2990000 -61.2204094
0.3000000 -63.1827164
0.3010000 -35.4736290
0.3020000 -6.6984506
0.3030000 -10.3815479
0.3040000 23.7498665
0.3050000 61.0651207
0.3060000 24.8624821
0.3070000 31.9242458
0.3080000 2.2874019
0.3090000 48.4294319
0.3100000 -5.2574306
0.3110000 14.4982119
0.3120000 -24.2321358
0.3130000 1.6326255
0.3140000 -50.8359795
0.3150000 -10.8113604
0.3160000 -7.5712543
0.3170000 29.6263905
0.3180000 54.2296829
0.3190000 67.5932159
0.3200000 -41.8818130
0.3210000 32.0201378
0.3220000 -34.4781227
0.3230000 -50.3930473
0.3240000 34.7293854
0.3250000 -45.5394592
0.3260000 2.5207815
0.3270000 -14.7029877
0.3280000 -50.8578835
0.3290000 -30.1795349
0.3300000 -8.3045568
0.3310000 28.2742462
0.3320000 31.3309040
0.3330000 7.8938775
0.3340000 35.8536186
0.3350000 45.2118759
0.3360000 -55.9529343
0.3370000 -41.9528732
0.3380000 41.8469734
0.3390000 -3.0316164
0.3400000 -10.2562227
0.3410000 54.7384949
0.3420000 -0.8468912
0.3430000 -66.8038025
0.3440000 -4.2933860
0.3450000 -8.5399876
0.3460000 -15.6202068
0.3470000 -33.8353462
0.3480000 -13.8073502
0.3490000 -16.3010197
0.3500000 6.0052643
0.3510000 -60.2263145
0.3520000 37.7863197
0.3530000 48.7051506
0.3540000 -59.0030518
0.3550000 -44.6247215
0.3560000 -1.9043491
0.3570000 63.0246506
0.3580000 0.9510789
0.3590000 -57.9988670
0.3600000 -10.1540375
0.3610000 17.3778934
0.3620000 -17.4264297
0.3630000 9.6778259
0.3640000 -19.0828724
0.3650000 39.1446495
0.3660000 6.4891443
0.3670000 -25.7100697
0.3680000 -36.3604965
0.3690000 -33.6855545
0.3700000 11.2361937
0.3710000 4.5315685
0.3720000 -3.3508203
0.3730000 22.9570942
0.3740000 0.3302444
0.3750000 -17.0188408
0.3760000 41.3623276
0.3770000 8.2448874
0.3780000 39.7261353
0.3790000 -42.6554451
0.3800000 -35.4987030
0.3810000 20.0988045
0.3820000 80.8733902
0.3830000 -36.5092316
0.3840000 -0.5963722
0.3850000 -10.8623381
0.3860000 -2.0093064
0.3870000 29.4234085
0.3880000 32.0786705
0.3890000 -24.3851585
0.3900000 -12.8923283
0.3910000 -5.3709717
0.3920000 -3.5530624
0.3930000 -6.7490053
0.3940000 24.1163845
0.3950000 -13.7611179
0.3960000 8.4083223
0.3970000 13.5301628
0.3980000 -9.2151337
0.3990000 -20.4237576
0.4000000 -0.6338693
0.4010000 -9.4477186
0.4020000 32.9709396
0.4030000 15.3668146
0.4040000 14.4323997
0.4050000 -25.6989117
0.4060000 34.6905975
0.4070000 12.0563154
0.4080000 24.2404137
0.4090000 -13.9046650
0.4100000 -108.5935745
0.4110000 -10.5873871
0.4120000 -46.6981964
0.4130000 3.7689242
0.4140000 22.6491528
0.4150000 -23.5971451
0.4160000 36.9807434
0.4170000 17.7635174
0.4180000 -58.8851662
0.4190000 -43.6176147
0.4200000 -46.9596443
0.4210000 35.6246986
0.4220000 -0.8980927
0.4230000 42.1900864
0.4240000 5.2479925
0.4250000 -14.2225990
0.4260000 64.8273544
0.4270000 14.0645418
0.4280000 21.2943687
0.4290000 -37.5301590
0.4300000 -1.5243549
0.4310000 -59.5528564
0.4320000 3.0777233
0.4330000 -5.1491051
0.4340000 -36.4639931
0.4350000 3.9145138
0.4360000 19.5407372
0.4370000 -12.7010784
0.4380000 19.1197510
0.4390000 9.3601532
0.4400000 -34.0365448
0.4410000 -63.9186935
0.4420000 -33.5954628
0.4430000 21.4646454
0.4440000 -31.7347183
0.4450000 23.3213882
0.4460000 64.9982529
0.4470000 -28.4492397
0.4480000 -2.7922657
0.4490000 -29.9054279
0.4500000 43.9202309
0.4510000 35.4821663
0.4520000 -38.9963646
0.4530000 -4.1854591
0.4540000 -27.7735806
0.4550000 -18.4387150
0.4560000 45.7939491
0.4570000 6.4545655
0.4580000 15.4222984
0.4590000 46.7368546
0.4600000 -39.7822914
0.4610000 12.4020481
0.4620000 -68.1574478
0.4630000 -60.9710464
0.4640000 16.9158993
0.4650000 -3.6725013
0.4660000 34.1250763
0.4670000 41.4528122
0.4680000 -8.7858791
0.4690000 33.8422661
0.4700000 -17.3720131
0.4710000 -10.3656921
0.4720000 29.4237518
0.4730000 21.6858158
0.4740000 51.8314667
0.4750000 23.5782490
0.4760000 15.5110559
0.4770000 22.8146076
0.4780000 35.4198532
0.4790000 32.4226151
0.4800000 41.8726082
0.4810000 -9.0443649
0.4820000 -12.6136856
0.4830000 -7.7986078
0.4840000 48.3014488
0.4850000 -35.4838219
0.4860000 -14.1598854
0.4870000 -27.6192036
0.4880000 15.3379135
0.4890000 -38.8032265
0.4900000 -32.2946854
0.4910000 -6.1663346
0.4920000 -3.5620346
0.4930000 16.6631622
0.4940000 -19.4355831
0.4950000 50.8961868
0.4960000 -16.8287201
0.4970000 70.2508240
0.4980000 16.9740849
0.4990000 -7.4826694
0.5000000 -16.2167263
0.5010000 33.0476837
0.5020000 -37.4598427
0.5030000 12.4141455
0.5040000 -18.9101582
0.5050000 14.2566242
0.5060000 52.9199409
0.5070000 -54.8702126
0.5080000 39.1008530
0.5090000 -18.7797470
0.5100000 -14.5416708
0.5110000 -14.0796061
0.5120000 32.3450432
0.5130000 18.8463345
0.5140000 -20.7049160
0.5150000 -5.9330354
0.5160000 32.4790001
0.5170000 36.0807228
0.5180000 -48.7642860
0.5190000 -43.1554413
0.5200000 12.7835474
0.5210000 71.1770172
0.5220000 -2.9512801
0.5230000 -15.9374809
0.5240000 -39.6422958
0.5250000 -33.4596558
0.5260000 -8.9387007
0.5270000 50.7471924
0.5280000 52.4937439
0.5290000 -52.2518387
0.5300000 -15.5207930
0.5310000 -20.2490654
0.5320000 -37.0879402
0.5330000 -22.6292801
0.5340000 17.9410572
0.5350000 7.1587648
0.5360000 4.6658931
0.5370000 -38.1498566
0.5380000 56.0152626
0.5390000 -16.3597603
0.5400000 18.1347294
0.5410000 37.4492188
0.5420000 14.1843653
0.5430000 32.3708267
0.5440000 17.5422611
0.5450000 -61.5278091
0.5460000 -5.4743938
0.5470000 7.6973457
0.5480000 -45.7016258
0.5490000 -8.3865337
0.5500000 10.8881741
0.5510000 16.7014103
0.5520000 14.9634523
0.5530000 38.1087685
0.5540000 8.1246948
0.5550000 3.7946649
0.5560000 -33.4813805
0.5570000 13.5299435
0.5580000 9.6394014
0.5590000 54.8270531
0.5600000 -13.4851789
0.5610000 -32.7889977
0.5620000 -10.8815804
0.5630000 21.7628956
0.5640000 -10.6166515
0.5650000 -38.2050629
0.5660000 -20.7709484
0.5670000 -37.5644608
0.5680000 -31.0020618
0.5690000 16.9463139
0.5700000 102.5748367
0.5710000 -21.7632732
0.5720000 -4.8581815
0.5730000 10.2358751
0.5740000 3.6099434
0.5750000 56.4305496
0.5760000 36.9602318
0.5770000 -51.1878700
0.5780000 -41.7913017
0.5790000 -116.0072632
0.5800000 32.4836617
0.5810000 41.3710175
0.5820000 7.9094391
0.5830000 -14.5942698
0.5840000 47.7519226
0.5850000 16.6414146
0.5860000 -32.0962296
0.5870000 43.7812309
0.5880000 -15.1208658
0.5890000 17.0933838
0.5900000 32.8429031
0.5910000 -42.4657288
0.5920000 -5.0537629
0.5930000 20.7615566
0.5940000 -13.4684992
0.5950000 -74.8001709
0.5960000 -6.5269961
0.5970000 9.5133591
0.5980000 -6.5077538
0.5990000 -30.3316669
0.6000000 79.9090347
0.6010000 -25.4085827
0.6020000 11.6115322
0.6030000 35.9671898
0.6040000 81.1519547
0.6050000 42.2007446
0.6060000 36.0204697
0.6070000 -14.8050480
0.6080000 3.6863935
0.6090000 -54.2398376
0.6100000 -61.1748505
0.6110000 13.9583731
0.6120000 33.4615593
0.6130000 -17.7278366
0.6140000 8.9362860
0.6150000 18.8699436
0.6160000 -4.5823865
0.6170000 0.7846946
0.6180000 -40.8738213
0.6190000 -26.8949547
0.6200000 -8.3877211
0.6210000 29.3307762
0.6220000 -5.2072368
0.6230000 31.1156406
0.6240000 -16.3773174
0.6250000 -38.3789024
0.6260000 -10.1795025
0.6270000 -2.6411738
0.6280000 46.7390862
0.6290000 14.5562983
0.6300000 -33.1987686
0.6310000 57.3881226
0.6320000 -9.0633392
0.6330000 31.3940334
0.6340000 42.7163544
0.6350000 -90.0328140
0.6360000 35.7833481
0.6370000 -34.8745689
0.6380000 -10.7567205
0.6390000 7.7168021
0.6400000 3.1553214
0.6410000 93.5486221
0.6420000 -54.2627258
0.6430000 -29.5965710
0.6440000 -9.3031607
0.6450000 -33.2647934
0.6460000 -7.7748241
0.6470000 1.0401033
0.6480000 -16.9271469
0.6490000 -46.5418701
0.6500000 -20.0257320
0.6510000 57.3562889
0.6520000 -13.6172981
0.6530000 -30.3440132
0.6540000 -32.8640938
0.6550000 -34.7034912
0.6560000 -9.1501293
0.6570000 15.9413099
0.6580000 -21.4202137
0.6590000 -1.7680196
0.6600000 -39.7366257
0.6610000 -11.1641836
0.6620000 -30.7027073
0.6630000 4.5600014
0.6640000 14.2511940
0.6650000 -53.0328522
0.6660000 -75.9531021
0.6670000 3.2549694
0.6680000 -47.0408325
0.6690000 19.0008888
0.6700000 -75.7135925
0.6710000 27.6982841
0.6720000 -65.5982208
0.6730000 -4.7971067
0.6740000 -39.7143288
0.6750000 11.8519087
0.6760000 34.9138298
0.6770000 39.5176010
0.6780000 -6.8883600
0.6790000 -46.1350708
0.6800000 21.5550156
0.6810000 -15.1200209
0.6820000 -21.4532433
0.6830000 40.4591293
0.6840000 9.7636290
0.6850000 -12.0092115
0.6860000 -12.4090500
0.6870000 -30.7739773
0.6880000 -32.6479607
0.6890000 -24.4766941
0.6900000 -15.6228228
0.6910000 -24.2768898
0.6920000 -41.8360519
0.6930000 99.0054016
0.6940000 -39.1635017
0.6950000 8.6910257
0.6960000 44.1418343
0.6970000 9.3006477
0.6980000 77.8763580
0.6990000 21.3040295
0.7000000 48.4078789
0.7010000 -30.2452621
0.7020000 -16.3462067
0.7030000 -14.0118818
0.7040000 56.2538719
0.7050000 -13.0932999
0.7060000 30.0291691
0.7070000 89.0708694
0.7080000 5.4268150
0.7090000 25.2509155
0.7100000 39.0466461
0.7110000 24.8179283
0.7120000 -28.0512257
0.7130000 16.8858261
0.7140000 11.9742231
0.7150000 15.7285614
0.7160000 -24.7177258
0.7170000 -37.1407928
0.7180000 76.7323685
0.7190000 54.5334587
0.7200000 -44.1822662
0.7210000 -79.9620590
0.7220000 22.8219719
0.7230000 45.8586426
0.7240000 -24.7333755
0.7250000 46.9972954
0.7260000 -11.3022461
0.7270000 24.9469032
0.7280000 -15.9698629
0.7290000 -41.7575417
0.7300000 -11.0940905
0.7310000 8.4123344
0.7320000 24.7264709
0.7330000 11.4774055
0.7340000 -41.6471672
0.7350000 -9.6244659
0.7360000 41.5890274
0.7370000 -28.6178551
0.7380000 69.8407211
0.7390000 -19.2819653
0.7400000 22.4832916
0.7410000 -32.3390617
0.7420000 60.8487129
0.7430000 51.7353516
0.7440000 -35.9678764
0.7450000 -27.5951195
0.7460000 -13.9845438
0.7470000 -15.0088444
0.7480000 0.3656641
0.7490000 -35.8886719
0.7500000 8.9440746
0.7510000 45.2327042
0.7520000 -38.6637383
0.7530000 11.2539377
0.7540000 20.9648323
0.7550000 26.8438816
0.7560000 -55.9391518
0.7570000 3.0954220
0.7580000 -8.6118212
0.7590000 -18.0396309
0.7600000 10.5897865
0.7610000 3.4692550
0.7620000 -4.7318826
0.7630000 -8.4248943
0.7640000 88.1232529
0.7650000 3.6477757
0.7660000 -31.3222694
0.7670000 -5.7843242
0.7680000 -27.5262508
0.7690000 -1.3160789
0.7700000 79.6429977
0.7710000 -10.9968033
0.7720000 9.9227858
0.7730000 25.3638191
0.7740000 73.1123047
0.7750000 -6.6998854
0.7760000 66.0894623
0.7770000 16.4600964
0.7780000 -8.9537706
0.7790000 -52.6261864
0.7800000 65.5362625
0.7810000 40.2390327
0.7820000 -33.7365341
0.7830000 -34.6313019
0.7840000 35.9427948
0.7850000 33.8641739
0.7860000 -9.4691315
0.7870000 35.9649544
0.7880000 53.0741425
0.7890000 -28.7186890
0.7900000 -30.0622177
0.7910000 -0.7458838
0.7920000 -1.5947931
0.7930000 -23.7801971
0.7940000 -5.7077603
0.7950000 35.4352837
0.7960000 32.1551323
0.7970000 24.7630043
0.7980000 9.3012142
0.7990000 -70.1634521
0.8000000 20.9915142
0.8010000 -44.3946381
0.8020000 16.9332943
0.8030000 -7.6883736
0.8040000 -50.4410858
0.8050000 -34.2840881
0.8060000 -10.5717373
0.8070000 -2.6320434
0.8080000 -14.8795938
0.8090000 -95.2691345
0.8100000 -16.7916107
0.8110000 -16.3649311
0.8120000 -28.5999069
0.8130000 3.5667188
0.8140000 44.3928490
0.8150000 15.8851652
0.8160000 -32.6192741
0.8170000 28.1171932
0.8180000 -59.7891045
0.8190000 -2.2365532
0.8200000 19.7910461
0.8210000 5.1469331
0.8220000 40.7689552
0.8230000 15.3134089
0.8240000 37.7436981
0.8250000 -4.9490418
0.8260000 -38.6397972
0.8270000 23.4574795
0.8280000 27.8726959
0.8290000 -11.7813177
0.8300000 -50.7244263
0.8310000 40.4760857
0.8320000 -6.2726707
0.8330000 38.1227341
0.8340000 40.7362328
0.8350000 30.3866386
0.8360000 33.7267265
0.8370000 26.2882977
0.8380000 62.5307808
0.8390000 -12.5644560
0.8400000 -27.4172153
0.8410000 82.3202972
0.8420000 -21.5021152
0.8430000 -28.1185799
0.8440000 50.2749367
0.8450000 17.1653938
0.8460000 38.5025253
0.8470000 -99.8491592
0.8480000 13.3896074
0.8490000 11.8250618
0.8500000 -20.5125656
0.8510000 -1.9078723
0.8520000 75.7679214
0.8530000 34.8541069
0.8540000 -34.7603111
0.8550000 -53.5773315
0.8560000 -61.0707092
0.8570000 -24.9409561
0.8580000 -7.5599337
0.8590000 -23.0851669
0.8600000 30.3212223
0.8610000 33.1889038
0.8620000 -43.4515495
0.8630000 -4.0340366
0.8640000 -14.3068953
0.8650000 -8.8366165
0.8660000 -7.5289063
0.8670000 32.0400543
0.8680000 82.1502914
0.8690000 -14.0782681
0.8700000 4.1541505
0.8710000 -17.7233562
0.8720000 20.2224712
0.8730000 -38.4624062
0.8740000 10.7708120
0.8750000 -85.4725037
0.8760000 -62.0700912
0.8770000 -15.2305365
0.8780000 15.4427633
0.8790000 -6.9417586
0.8800000 23.9620113
0.8810000 -23.0347958
0.8820000 -43.3242531
0.8830000 52.3139114
0.8840000 4.4662809
0.8850000 -32.4078484
0.8860000 33.6615753
0.8870000 -29.6427555
0.8880000 -81.7509155
0.8890000 -31.5248661
0.8900000 32.4600410
0.8910000 45.0802460
0.8920000 23.2852211
0.8930000 3.9126351
0.8940000 -70.9749756
0.8950000 -44.6118736
0.8960000 -35.2925873
0.8970000 21.1026306
0.8980000 48.2128830
0.8990000 10.5819635
0.9000000 23.0309601
0.9010000 77.8787689
0.9020000 34.8017387
0.9030000 45.8162880
0.9040000 -22.3506870
0.9050000 -28.9096870
0.9060000 -21.7057018
0.9070000 20.8641396
0.9080000 34.1106071
0.9090000 13.2158756
0.9100000 -56.5275421
0.9110000 1.5290400
0.9120000 -61.1443253
0.9130000 -8.9143381
0.9140000 -16.3852940
0.9150000 6.8303571
0.9160000 -21.9670677
0.9170000 -18.6697903
0.9180000 -30.6610966
0.9190000 -44.7274437
0.9200000 -56.9858284
0.9210000 -6.9689159
0.9220000 -21.2004490
0.9230000 4.6398177
0.9240000 12.7819252
0.9250000 -15.2426500
0.9260000 -34.1667328
0.9270000 -11.1417875
0.9280000 1.3711816
0.9290000 -57.2646408
0.9300000 -15.2144995
0.9310000 62.1355362
0.9320000 36.4243126
0.9330000 -30.0874977
0.9340000 17.5181961
0.9350000 -4.8982358
0.9360000 -55.5323792
0.9370000 2.2931781
0.9380000 -6.8345208
0.9390000 31.0096989
0.9400000 32.2655449
0.9410000 41.6955566
0.9420000 -47.2294044
0.9430000 23.0489655
0.9440000 23.1096668
0.9450000 -79.6588287
0.9460000 26.7724152
0.9470000 -56.7656059
0.9480000 10.2532015
0.9490000 30.0170422
0.9500000 -0.7988542
0.9510000 11.1128035
0.9520000 2.4681883
0.9530000 -30.2795334
0.9540000 -0.9112743
0.9550000 -31.4056339
0.9560000 -16.4949684
0.9570000 34.8772469
0.9580000 16.6274223
0.9590000 -46.6067085
0.9600000 54.5990639
0.9610000 17.1350975
0.9620000 22.1290417
0.9630000 -3.0986946
0.9640000 -19.8111706
0.9650000 83.1004410
0.9660000 -16.4627075
0.9670000 -19.3277321
0.9680000 61.5547752
0.9690000 19.3527012
0.9700000 -23.7760468
0.9710000 -74.6841431
0.9720000 41.2234192
0.9730000 -16.9475212
0.9740000 -22.6276379
0.9750000 -63.9108658
0.9760000 -28.4026184
0.9770000 48.1483421
0.9780000 -31.7948608
0.9790000 31.2320499
0.9800000 -22.3153019
0.9810000 78.1457291
0.9820000 -37.9161377
0.9830000 14.0244637
0.9840000 88.2168808
0.9850000 1.1168596
0.9860000 -37.5851669
0.9870000 -2.3918200
0.9880000 20.2500763
0.9890000 -5.5933151
0.9900000 12.7911034
0.9910000 -23.2360344
0.9920000 15.1034164
0.9930000 12.8131199
0.9940000 16.1854992
0.9950000 9.8868399
0.9960000 -94.8512039
0.9970000 -11.6279430
0.9980000 14.0681696
0.9990000 -46.9661217
