0.0000000 20.2004833
0.0010000 -56.3695755
0.0020000 -47.0053291
0.0030000 -41.5871277
0.0040000 61.7997551
0.0050000 -19.5797729
0.0060000 31.6100674
0.0070000 20.2022648
0.0080000 -26.8533726
0.0090000 5.9734511
0.0100000 26.1227303
0.0110000 -55.2536316
0.0120000 2.7774036
0.0130000 -4.4320693
0.0140000 15.3993788
0.0150000 -39.5103264
0.0160000 27.0975304
0.0170000 -20.2069435
0.0180000 -32.5954857
0.0190000 24.9788151
0.0200000 34.0944405
0.0210000 -1.5746992
0.0220000 22.7157955
0.0230000 20.4183750
0.0240000 -46.8962936
0.0250000 -20.1715832
0.0260000 72.9227219
0.0270000 -26.6553802
0.0280000 -35.7752342
0.0290000 35.5477142
0.0300000 -1.7161216
0.0310000 -17.9341412
0.0320000 5.9103513
0.0330000 -47.9372177
0.0340000 -18.3494797
0.0350000 -39.3706093
0.0360000 46.1159058
0.0370000 7.5252743
0.0380000 -1.2397083
0.0390000 -48.9304543
0.0400000 13.5011501
0.0410000 -35.5953026
0.0420000 64.3514175
0.0430000 -8.0519581
0.0440000 -41.4671402
0.0450000 -29.8573952
0.0460000 -24.3686237
0.0470000 -21.1950970
0.0480000 -17.4656162
0.0490000 42.9007645
0.0500000 -60.4376030
0.0510000 -38.0666122
0.0520000 32.0926285
0.0530000 -3.0749161
0.0540000 15.1726475
0.0550000 0.2552377
0.0560000 -15.1413069
0.0570000 -14.9689951
0.0580000 -35.9291954
0.0590000 57.6499252
0.0600000 -70.6066437
0.0610000 -11.6144667
0.0620000 -47.1729317
0.0630000 -81.0491333
0.0640000 -16.6459560
0.0650000 -15.3339958
0.0660000 33.3489876
0.0670000 17.5760670
0.0680000 44.4798355
0.0690000 -20.9737129
0.0700000 2.1190653
0.0710000 28.4893360
0.0720000 16.0170135
0.0730000 68.5787888
0.0740000 11.9243555
0.0750000 -11.6201353
0.0760000 -23.5648937
0.0770000 19.9904366
0.0780000 24.3220692
0.0790000 3.7566998
0.0800000 55.8111725
0.0810000 -34.7882614
0.0820000 -24.7172146
0.0830000 -11.8611145
0.0840000 11.9936190
0.0850000 3.8266191
0.0860000 12.7515945
0.0870000 -83.6349030
0.0880000 28.4122734
0.0890000 12.9567289
0.0900000 -26.1085739
0.0910000 -30.0300770
0.0920000 -45.7190475
0.0930000 -54.0104179
0.0940000 30.9539604
0.0950000 -5.3723779
0.0960000 -4.3538265
0.0970000 -34.8720970
0.0980000 -6.4112444
0.0990000 -75.4989929
0.1000000 -13.3176889
0.1010000 -24.7497025
0.1020000 80.3584671
0.1030000 -18.1923637
0.1040000 -4.2876701
0.1050000 -70.7936707
0.1060000 4.8463330
0.1070000 -5.3345394
0.1080000 8.5484514
0.1090000 -1.0736339
0.1100000 4.7121167
0.1110000 0.7189326
0.1120000 21.0054131
0.1130000 -24.2338943
0.1140000 -19.5154171
0.1150000 4.9299316
0.1160000 -15.9547529
0.1170000 0.7577787
0.1180000 -12.1082811
0.1190000 -14.4902029
0.1200000 27.7997799
0.1210000 -16.3110809
0.1220000 -55.3925209
0.1230000 -7.7543054
0.1240000 -12.1238251
0.1250000 30.5999279
0.1260000 3.1315649
0.1270000 7.1380553
0.1280000 -18.3717194
0.1290000 21.5541172
0.1300000 64.0922546
0.1310000 41.5837212
0.1320000 -0.3710456
0.1330000 20.3666916
0.1340000 -11.6823301
0.1350000 0.3991904
0.1360000 79.9574814
0.1370000 -4.7653165
0.1380000 -13.3591537
0.1390000 -6.4658890
0.1400000 -42.4639473
0.1410000 71.4262695
0.1420000 53.5305290
0.1430000 -3.7691679
0.1440000 -5.1464777
0.1450000 53.9065742
0.1460000 -0.9221166
0.1470000 18.6939468
0.1480000 -1.1569691
0.1490000 2.9900463
0.1500000 -9.7608786
0.1510000 -10.0015211
0.1520000 21.7151928
0.1530000 69.6827011
0.1540000 -16.5833797
0.1550000 -113.6971130
0.1560000 25.8678455
0.1570000 -12.5325956
0.1580000 18.2425804
0.1590000 -1.0111262
0.1600000 94.4373093
0.1610000 -3.1490405
0.1620000 -10.1097088
0.1630000 -17.8439941
0.1640000 28.3912563
0.1650000 10.8534355
0.1660000 46.5603600
0.1670000 -8.5743093
0.1680000 -31.4479618
0.1690000 52.8922157
0.1700000 10.1218624
0.1710000 1.3080634
0.1720000 -47.9416389
0.1730000 -4.8825107
0.1740000 7.6171260
0.1750000 12.6000748
0.1760000 37.4513741
0.1770000 -18.7067642
0.1780000 35.8442192
0.1790000 10.3912821
0.1800000 4.6273451
0.1810000 -1.9560112
0.1820000 26.5298939
0.1830000 -29.9068470
0.1840000 -31.5558567
0.1850000 -23.0395470
0.1860000 9.3700037
0.1870000 -41.5058594
0.1880000 6.4380989
0.1890000 -40.2250557
0.1900000 0.1353182
0.1910000 7.6634569
0.1920000 -32.1283150
0.1930000 -48.0149460
0.1940000 -2.8316672
0.1950000 -12.9776773
0.1960000 -26.1294880
0.1970000 6.0657859
0.1980000 4.7507744
0.1990000 48.1865845
0.2000000 -27.1645279
0.2010000 -15.8859491
0.2020000 12.8297014
0.2030000 47.1107063
0.2040000 36.7588768
0.2050000 58.9120331
0.2060000 1.4402165
0.2070000 15.5658817
0.2080000 4.2431974
0.2090000 30.5799389
0.2100000 -16.6805344
0.2110000 3.2005510
0.2120000 -26.1390934
0.2130000 -31.7371616
0.2140000 -76.9257660
0.2150000 -69.5541458
0.2160000 32.5823479
0.2170000 -13.7955017
0.2180000 51.1237831
0.2190000 -5.2143731
0.2200000 65.9797745
0.2210000 73.9474106
0.2220000 4.1821527
0.2230000 -47.8137245
0.2240000 27.6299973
0.2250000 -21.2684078
0.2260000 4.9418664
0.2270000 -32.8683815
0.2280000 33.8352661
0.2290000 2.3589664
0.2300000 42.1044312
0.2310000 47.3563766
0.2320000 24.8762360
0.2330000 -8.9925661
0.2340000 -8.3142586
0.2350000 -21.0769081
0.2360000 -9.8717413
0.2370000 -18.9805088
0.2380000 5.9249778
0.2390000 12.5384197
0.2400000 -33.7790108
0.2410000 16.1370525
0.2420000 25.4377995
0.2430000 -24.6571579
0.2440000 2.2464664
0.2450000 -45.3775902
0.2460000 -109.5160141
0.2470000 10.8753662
0.2480000 41.4224625
0.2490000 -5.3874373
0.2500000 100.8291245
0.2510000 -24.4945183
0.2520000 -18.6025715
0.2530000 -26.5704613
0.2540000 50.5220871
0.2550000 -40.0112953
0.2560000 -35.1239243
0.2570000 46.9357567
0.2580000 9.4108906
0.2590000 7.5359015
0.2600000 -39.6800919
0.2610000 -24.8328781
0.2620000 -22.3603897
0.2630000 55.8181801
0.2640000 -54.7570763
0.2650000 -2.2105243
0.2660000 50.3110428
0.2670000 -25.1351852
0.2680000 -29.6729355
0.2690000 33.7363129
0.2700000 9.0808249
0.2710000 18.9477654
0.2720000 53.4227104
0.2730000 13.2483835
0.2740000 -13.2262535
0.2750000 -4.6845932
0.2760000 27.9528580
0.2770000 12.3765793
0.2780000 -26.3932972
0.2790000 75.4295273
0.2800000 67.5863647
0.2810000 -54.9375648
0.2820000 19.4611130
0.2830000 17.3815231
0.2840000 -20.8099251
0.2850000 1.9868029
0.2860000 51.5678596
0.2870000 -24.9137001
0.2880000 -7.4272318
0.2890000 -41.8758125
0.2900000 18.7875538
0.2910000 14.8900471
0.2920000 45.7708435
0.2930000 -14.5529661
0.2940000 3.6892359
0.2950000 16.6070290
0.2960000 20.5268860
0.2970000 44.9635391
0.2980000 -1.0027193
0.2990000 -1.2096368
0.3000000 -47.0913849
0.3010000 -49.7657585
0.3020000 70.2744141
0.3030000 -56.3272972
0.3040000 18.4398441
0.3050000 -61.3375740
0.3060000 51.4621544
0.3070000 7.3707943
0.3080000 32.4932327
0.3090000 -34.0994377
0.3100000 -115.1084518
0.3110000 -22.9171658
0.3120000 21.5279808
0.3130000 -41.0543709
0.3140000 -1.7117554
0.3150000 53.9002914
0.3160000 -45.0536804
0.3170000 -35.7861404
0.3180000 -13.5151510
0.3190000 27.6353741
0.3200000 3.8741596
0.3210000 45.2334747
0.3220000 -2.7761729
0.3230000 -57.1555138
0.3240000 -6.9285531
0.3250000 33.0893326
0.3260000 -41.9536972
0.3270000 -32.9861755
0.3280000 -58.6817741
0.3290000 18.4709549
0.3300000 17.6251240
0.3310000 58.7508965
0.3320000 48.5616188
0.3330000 49.8472099
0.3340000 -33.1978455
0.3350000 -41.5793839
0.3360000 14.6329184
0.3370000 24.8461533
0.3380000 -36.8255043
0.3390000 -34.0849609
0.3400000 -7.7838292
0.3410000 -43.9734917
0.3420000 -3.9570320
0.3430000 -22.6049175
0.3440000 28.4891529
0.3450000 20.1136665
0.3460000 40.0806007
0.3470000 -11.0808144
0.3480000 78.9893265
0.3490000 72.7881393
0.3500000 -44.1525764
0.3510000 -22.4270325
0.3520000 -42.0895844
0.3530000 -74.7078705
0.3540000 26.1237984
0.3550000 -86.9406967
0.3560000 -29.8768730
0.3570000 -26.4577637
0.3580000 -19.3621235
0.3590000 32.0446777
0.3600000 -26.6592083
0.3610000 24.1168232
0.3620000 -15.9428959
0.3630000 -53.1393242
0.3640000 21.5799999
0.3650000 -5.0189452
0.3660000 -49.2531166
0.3670000 -103.6211014
0.3680000 -31.3687840
0.3690000 46.2595024
0.3700000 14.5123081
0.3710000 7.1660681
0.3720000 60.1756325
0.3730000 -42.7313843
0.3740000 -14.0847311
0.3750000 -2.3581572
0.3760000 26.7039680
0.3770000 -41.5966530
0.3780000 -55.8843079
0.3790000 -33.7106781
0.3800000 27.1864643
0.3810000 -11.5655804
0.3820000 -29.7903900
0.3830000 24.4374313
0.3840000 70.5206985
0.3850000 -8.9712143
0.3860000 -9.0965023
0.3870000 25.4490108
0.3880000 -47.6616249
0.3890000 20.9255543
0.3900000 20.1074505
0.3910000 28.0410023
0.3920000 -32.3072662
0.3930000 3.7935777
0.3940000 -27.1526546
0.3950000 -5.0186582
0.3960000 40.1969528
0.3970000 -5.1363750
0.3980000 50.3641777
0.3990000 -12.5787678
0.4000000 -28.4186401
0.4010000 45.0198898
0.4020000 9.3373528
0.4030000 -4.1600037
0.4040000 32.6175919
0.4050000 -59.9949417
0.4060000 -10.5087967
0.4070000 -21.9663086
0.4080000 7.1867814
0.4090000 -9.4792490
0.4100000 -12.4750185
0.4110000 17.1754608
0.4120000 59.5992661
0.4130000 -80.1906586
0.4140000 -17.4175186
0.4150000 -21.7432346
0.4160000 23.9768047
0.4170000 -83.9894943
0.4180000 31.6639957
0.4190000 17.9838638
0.4200000 -20.0918064
0.4210000 -0.6635763
0.4220000 -17.5579758
0.4230000 -58.0484543
0.4240000 -68.5523987
0.4250000 59.8754578
0.4260000 1.8925931
0.4270000 -33.5141449
0.4280000 5.3855567
0.4290000 -54.9803848
0.4300000 -15.3675203
0.4310000 46.5256615
0.4320000 -51.8790321
0.4330000 30.1554279
0.4340000 -1.2390494
0.4350000 -52.0461235
0.4360000 -21.5154552
0.4370000 -3.0077629
0.4380000 -22.7256584
0.4390000 -33.3874397
0.4400000 7.1531944
0.4410000 -13.1169167
0.4420000 16.3790188
0.4430000 5.3891892
0.4440000 -15.0455103
0.4450000 40.9826012
0.4460000 -51.5197792
0.4470000 -48.2010536
0.4480000 -25.3694878
0.4490000 14.3461742
0.4500000 17.1963062
0.4510000 -28.1694565
0.4520000 -5.1525197
0.4530000 -10.4794731
0.4540000 48.8290482
0.4550000 -27.1897869
0.4560000 -10.5440922
0.4570000 37.1839180
0.4580000 -0.0556529
0.4590000 28.0518551
0.4600000 18.1137486
0.4610000 -22.6558857
0.4620000 7.8820333
0.4630000 -20.3573322
0.4640000 -37.5639534
0.4650000 22.8524742
0.4660000 -8.6258669
0.4670000 39.3510742
0.4680000 7.0951018
0.4690000 47.5868073
0.4700000 82.7205658
0.4710000 -28.3980007
0.4720000 5.3586006
0.4730000 14.9526529
0.4740000 55.8933144
0.4750000 -73.1973724
0.4760000 -2.1558931
0.4770000 23.4188805
0.4780000 1.3422873
0.4790000 -4.7066884
0.4800000 25.7233906
0.4810000 -10.2184944
0.4820000 18.5636978
0.4830000 -0.0983456
0.4840000 -46.5170593
0.4850000 1.4607875
0.4860000 27.6940689
0.4870000 -16.6441612
0.4880000 25.2364216
0.4890000 -2.5787010
0.4900000 -42.2297173
0.4910000 -8.7045908
0.4920000 -37.4808350
0.4930000 28.7108288
0.4940000 -1.5136971
0.4950000 -51.5866318
0.4960000 54.6517982
0.4970000 46.9872627
0.4980000 -5.4154463
0.4990000 -11.6455164
0.5000000 8.1281252
0.5010000 4.3362479
0.5020000 15.5719824
0.5030000 13.3693810
0.5040000 -16.1493454
0.5050000 25.7739601
0.5060000 -15.6413813
0.5070000 -88.9082718
0.5080000 -33.1019135
0.5090000 62.1936264
0.5100000 -38.4362946
0.5110000 -49.0438232
0.5120000 -46.2895813
0.5130000 -6.9758172
0.5140000 0.2443295
0.5150000 -11.5448656
0.5160000 50.7966347
0.5170000 -19.9031200
0.5180000 -5.3550529
0.5190000 4.1083355
0.5200000 38.8751488
0.5210000 -5.2972178
0.5220000 91.7226410
0.5230000 -1.6099846
0.5240000 8.3264456
0.5250000 -12.0405312
0.5260000 -69.0312576
0.5270000 25.1931076
0.5280000 -50.5282631
0.5290000 7.7326365
0.5300000 21.8151703
0.5310000 1.4356865
0.5320000 25.9808655
0.5330000 9.7472572
0.5340000 61.9513588
0.5350000 -1.4566053
0.5360000 -1.0256103
0.5370000 -41.4391594
0.5380000 4.1973357
0.5390000 49.4321556
0.5400000 26.0620899
0.5410000 33.8755302
0.5420000 84.8888626
0.5430000 7.9853568
0.5440000 -51.2988548
0.5450000 76.3458633
0.5460000 17.7622852
0.5470000 26.1370792
0.5480000 -19.0986748
0.5490000 -34.5367851
0.5500000 33.8266907
0.5510000 22.9573326
0.5520000 -28.8079681
0.5530000 -9.1365538
0.5540000 36.4767189
0.5550000 -15.7814741
0.5560000 2.0726941
0.5570000 12.9424734
0.5580000 25.0951176
0.5590000 -11.7590332
0.5600000 -13.3673992
0.5610000 17.8461647
0.5620000 -78.3310242
0.5630000 -29.5594959
0.5640000 -8.9376688
0.5650000 -1.7167107
0.5660000 26.7321167
0.5670000 64.7787704
0.5680000 29.1930275
0.5690000 -90.8719254
0.5700000 -30.3976994
0.5710000 41.4656029
0.5720000 -20.1749096
0.5730000 10.7413731
0.5740000 48.8887978
0.5750000 -23.6022186
0.5760000 -23.5158138
0.5770000 12.5932589
0.5780000 -1.8655869
0.5790000 6.2677622
0.5800000 -4.3124552
0.5810000 20.1839352
0.5820000 -37.0988312
0.5830000 -18.4076061
0.5840000 74.0061722
0.5850000 -16.2564774
0.5860000 -6.0745840
0.5870000 10.5210848
0.5880000 -4.3020859
0.5890000 10.4609890
0.5900000 -37.6632347
0.5910000 69.9476395
0.5920000 24.9472046
0.5930000 -15.0839815
0.5940000 -36.8160210
0.5950000 -10.8246317
0.5960000 -13.9654741
0.5970000 27.5382156
0.5980000 6.0072308
0.5990000 64.8958817
0.6000000 20.1270390
0.6010000 -13.8452015
0.6020000 60.7905884
0.6030000 1.2948741
0.6040000 -59.2221947
0.6050000 22.4816799
0.6060000 -33.6484337
0.6070000 20.2292500
0.6080000 50.2511559
0.6090000 47.7744980
0.6100000 70.4405823
0.6110000 21.0126209
0.6120000 25.1398163
0.6130000 11.3204823
0.6140000 53.8421440
0.6150000 -66.3655853
0.6160000 8.9020100
0.6170000 -27.6404915
0.6180000 31.2350559
0.6190000 -43.9549255
0.6200000 -14.4871960
0.6210000 -62.4615784
0.6220000 38.4182358
0.6230000 -25.5471973
0.6240000 27.6046276
0.6250000 3.7746413
0.6260000 20.2845364
0.6270000 -30.7095928
0.6280000 -8.8054352
0.6290000 13.2588158
0.6300000 36.2153244
0.6310000 9.9704466
0.6320000 -68.2043228
0.6330000 -16.3615570
0.6340000 -19.5835552
0.6350000 15.7605343
0.6360000 -24.3227329
0.6370000 93.3077011
0.6380000 -11.4967566
0.6390000 -37.5205193
0.6400000 25.8550568
0.6410000 31.7961807
0.6420000 -52.4561348
0.6430000 29.6632862
0.6440000 -27.5302391
0.6450000 -18.8766785
0.6460000 -2.4069636
0.6470000 -22.2613297
0.6480000 -71.6832581
0.6490000 -14.8413601
0.6500000 -38.6937523
0.6510000 7.8651543
0.6520000 11.8644915
0.6530000 15.6648016
0.6540000 15.9877014
0.6550000 64.4794159
0.6560000 2.9823592
0.6570000 7.3753471
0.6580000 -52.1764870
0.6590000 21.4473362
0.6600000 7.3786674
0.6610000 -16.2667217
0.6620000 -21.7955475
0.6630000 13.8886757
0.6640000 -46.2481956
0.6650000 -71.2590256
0.6660000 -48.2401161
0.6670000 1.8905545
0.6680000 12.2439966
0.6690000 -7.7485185
0.6700000 -52.5992851
0.6710000 -44.9607849
0.6720000 12.7401543
0.6730000 -9.4856005
0.6740000 -19.5814438
0.6750000 45.9515533
0.6760000 -39.7418289
0.6770000 -32.7678223
0.6780000 -6.6038246
0.6790000 -27.7331638
0.6800000 2.5294483
0.6810000 -7.1524301
0.6820000 -44.4141884
0.6830000 -30.6729412
0.6840000 21.0550423
0.6850000 12.0617828
0.6860000 11.5802956
0.6870000 53.2630081
0.6880000 -42.0329857
0.6890000 29.4195557
0.6900000 -36.3584900
0.6910000 27.5494404
0.6920000 -16.7687092
0.6930000 11.2149477
0.6940000 4.1319385
0.6950000 3.5953188
0.6960000 22.1439209
0.6970000 -19.6173878
0.6980000 -39.4147949
0.6990000 -25.5537624
0.7000000 -30.2716236
0.7010000 -14.5533133
0.7020000 60.5483971
0.7030000 80.9801865
0.7040000 39.7537537
0.7050000 4.1371589
0.7060000 -31.5555763
0.7070000 -48.1096077
0.7080000 -25.0802593
0.7090000 -44.3098679
0.7100000 21.7938080
0.7110000 -11.3401442
0.7120000 -35.0252151
0.7130000 24.8161907
0.7140000 32.8092117
0.7150000 4.7048392
0.7160000 5.0200415
0.7170000 37.6928825
0.7180000 -8.0677233
0.7190000 -25.7459412
0.7200000 4.4136047
0.7210000 -5.4055886
0.7220000 -56.4909058
0.7230000 -49.2210007
0.7240000 26.9401169
0.7250000 55.8768501
0.7260000 10.3667316
0.7270000 14.0642986
0.7280000 82.0281525
0.7290000 3.6133151
0.7300000 -35.4999123
0.7310000 24.9438267
0.7320000 -21.5446472
0.7330000 -20.4510498
0.7340000 -5.0735712
0.7350000 -62.5089722
0.7360000 -8.1689053
0.7370000 2.4034560
0.7380000 9.5255995
0.7390000 55.7401733
0.7400000 -43.0950699
0.7410000 19.5411167
0.7420000 -14.0275269
0.7430000 24.7771091
0.7440000 -32.4832802
0.7450000 -8.8362398
0.7460000 40.9470215
0.7470000 -65.7883224
0.7480000 5.5728979
0.7490000 -9.0248098
0.7500000 32.8387527
0.7510000 9.7469416
0.7520000 -6.3906126
0.7530000 -47.4936829
0.7540000 37.7357864
0.7550000 -15.4783258
0.7560000 -1.5677294
0.7570000 -6.7707019
0.7580000 -14.2210789
0.7590000 1.9824389
0.7600000 53.3216362
0.7610000 -16.6293316
0.7620000 12.5979214
0.7630000 40.3506203
0.7640000 6.9291129
0.7650000 9.1141415
0.7660000 -6.7958779
0.7670000 16.0347443
0.7680000 -14.1810894
0.7690000 -8.3134642
0.7700000 6.7870326
0.7710000 -86.4015732
0.7720000 20.6059837
0.7730000 2.9062889
0.7740000 1.4953107
0.7750000 -12.7282238
0.7760000 -32.1663017
0.7770000 -1.4024193
0.7780000 -11.7197256
0.7790000 -2.8961539
0.7800000 -20.8890553
0.7810000 -32.3978729
0.7820000 -63.4703789
0.7830000 -14.2269754
0.7840000 -31.7181797
0.7850000 -7.0576963
0.7860000 -80.5672379
0.7870000 -19.0141144
0.7880000 -64.3830261
0.7890000 -48.9676476
0.7900000 -45.1172409
0.7910000 -40.2893639
0.7920000 77.5661774
0.7930000 0.9496835
0.7940000 -5.6855841
0.7950000 14.1099033
0.7960000 16.4874859
0.7970000 -51.4258537
0.7980000 8.2201805
0.7990000 27.3034916
0.8000000 51.5200844
0.8010000 -73.7773895
0.8020000 27.3383312
0.8030000 56.2642136
0.8040000 39.6403008
0.8050000 20.5911369
0.8060000 1.0736843
0.8070000 73.0504608
0.8080000 -57.9787331
0.8090000 -53.7355537
0.8100000 -25.1577854
0.8110000 7.6589260
0.8120000 13.3857584
0.8130000 33.7336426
0.8140000 33.8011208
0.8150000 92.7289658
0.8160000 -31.9034138
0.8170000 45.0224075
0.8180000 17.9661598
0.8190000 54.5849075
0.8200000 69.3892899
0.8210000 30.1103649
0.8220000 -9.5198231
0.8230000 29.5553627
0.8240000 29.7188683
0.8250000 25.6998539
0.8260000 39.4738197
0.8270000 -8.7485838
0.8280000 49.7763138
0.8290000 60.3561325
0.8300000 6.1547971
0.8310000 31.6605663
0.8320000 -19.6790028
0.8330000 31.1356297
0.8340000 0.2854193
0.8350000 -20.1208458
0.8360000 8.1856375
0.8370000 5.0112829
0.8380000 -4.2930450
0.8390000 -45.8591652
0.8400000 44.5834770
0.8410000 -16.8800354
0.8420000 42.7062607
0.8430000 -1.8366882
0.8440000 10.3298378
0.8450000 57.0297508
0.8460000 35.8277206
0.8470000 -8.0913181
0.8480000 5.0285134
0.8490000 -43.2488594
0.8500000 34.1430588
0.8510000 48.1556473
0.8520000 -33.5395203
0.8530000 -48.8047562
0.8540000 26.3677940
0.8550000 -6.8499069
0.8560000 -0.7377084
0.8570000 14.5788450
0.8580000 60.0655785
0.8590000 0.0777618
0.8600000 9.9634066
0.8610000 -16.4519043
0.8620000 13.8765631
0.8630000 -1.8142977
0.8640000 16.4568348
0.8650000 -77.8704605
0.8660000 -78.2344437
0.8670000 31.4978905
0.8680000 -15.0869102
0.8690000 24.7003632
0.8700000 -39.4257126
0.8710000 -45.8888855
0.8720000 20.0367756
0.8730000 -31.0450916
0.8740000 -6.2961655
0.8750000 69.2346191
0.8760000 41.5732765
0.8770000 28.0727940
0.8780000 -29.9290333
0.8790000 -11.0253935
0.8800000 -17.4826336
0.8810000 32.7833176
0.8820000 21.1751080
0.8830000 10.0942650
0.8840000 88.2410812
0.8850000 30.6657562
0.8860000 -7.7532964
0.8870000 -22.8794727
0.8880000 -14.7756472
0.8890000 -46.6561852
0.8900000 23.2800827
0.8910000 1.5262276
0.8920000 13.3589811
0.8930000 41.1456642
0.8940000 6.7337155
0.8950000 -41.5084343
0.8960000 -34.5798988
0.8970000 -5.6805453
0.8980000 -5.6655092
0.8990000 -50.2369003
0.9000000 -23.9687977
0.9010000 64.1381378
0.9020000 25.0308971
0.9030000 -1.7729852
0.9040000 -25.5336914
0.9050000 94.5755310
0.9060000 29.0910263
0.9070000 -29.7634029
0.9080000 39.1011467
0.9090000 -16.2986412
0.9100000 5.9301353
0.9110000 45.5957718
0.9120000 -71.2967453
0.9130000 -29.9443703
0.9140000 18.4496899
0.9150000 -44.4014969
0.9160000 -62.1977959
0.9170000 -74.5312881
0.9180000 5.7510600
0.9190000 -10.5016451
0.9200000 15.1901436
0.9210000 22.3774872
0.9220000 11.3162708
0.9230000 -15.9731827
0.9240000 -20.8660946
0.9250000 -42.0823212
0.9260000 -11.6962376
0.9270000 -68.7386169
0.9280000 -54.0415916
0.9290000 -6.1405773
0.9300000 1.3463093
0.9310000 -29.7224369
0.9320000 -42.1935959
0.9330000 -59.1465149
0.9340000 -42.0503883
0.9350000 32.9552917
0.9360000 -36.7335510
0.9370000 43.5099869
0.9380000 -3.4058185
0.9390000 48.3659019
0.9400000 -20.3997021
0.9410000 -7.7111011
0.9420000 -11.7711620
0.9430000 37.6393700
0.9440000 -31.7735767
0.9450000 -5.1802397
0.9460000 19.0463066
0.9470000 57.5752983
0.9480000 -31.4164925
0.9490000 -20.3384266
0.9500000 -11.5180397
0.9510000 5.2181683
0.9520000 -24.5201225
0.9530000 20.8329964
0.9540000 70.4233017
0.9550000 29.6140232
0.9560000 -17.1614189
0.9570000 -14.3647385
0.9580000 -25.9653492
0.9590000 -15.6041965
0.9600000 47.0364380
0.9610000 -2.3573914
0.9620000 -57.4461060
0.9630000 -0.3004881
0.9640000 -12.0251350
0.9650000 -17.7720337
0.9660000 54.8638000
0.9670000 -50.5919342
0.9680000 -37.7947311
0.9690000 -31.2278309
0.9700000 -4.9290819
0.9710000 22.7545624
0.9720000 -6.7116575
0.9730000 33.4744568
0.9740000 -33.3616600
0.9750000 21.6683731
0.9760000 -4.8621197
0.9770000 24.9122562
0.9780000 -46.4417877
0.9790000 60.0978775
0.9800000 -46.3060341
0.9810000 13.1189194
0.9820000 13.0742970
0.9830000 -40.8001976
0.9840000 11.3089437
0.9850000 -37.0376015
0.9860000 -35.7600975
0.9870000 -5.4415431
0.9880000 16.2198849
0.9890000 -51.4853058
0.9900000 -0.8452201
0.9910000 -51.4472504
0.9920000 -49.2668953
0.9930000 -18.7191029
0.9940000 22.8345928
0.9950000 -15.8491039
0.9960000 -24.1781254
0.9970000 39.6815300
0.9980000 57.2173309
0.9990000 -12.9995699
