0.0000000 2.4776692
0.0010000 -17.0751915
0.0020000 -21.8206596
0.0030000 -49.5637245
0.0040000 38.8154526
0.0050000 -16.6247444
0.0060000 34.0415764
0.0070000 -56.8382301
0.0080000 -84.1701355
0.0090000 24.8640766
0.0100000 6.8869371
0.0110000 -20.8217278
0.0120000 22.7210255
0.0130000 18.4701157
0.0140000 -60.7750740
0.0150000 -38.6669884
0.0160000 51.6817589
0.0170000 18.5475464
0.0180000 58.6367607
0.0190000 29.5568237
0.0200000 -38.4613533
0.0210000 -20.5064068
0.0220000 7.0957689
0.0230000 1.1214790
0.0240000 44.8339119
0.0250000 10.1409264
0.0260000 -14.3306980
0.0270000 54.2501106
0.0280000 78.9087906
0.0290000 -24.6805191
0.0300000 -17.8113708
0.0310000 -17.9678593
0.0320000 3.7554131
0.0330000 -56.2215271
0.0340000 52.4725609
0.0350000 12.0172863
0.0360000 -6.6833086
0.0370000 -53.2713203
0.0380000 -26.9355164
0.0390000 -21.6105003
0.0400000 -0.0616209
0.0410000 -46.6561089
0.0420000 -24.1545010
0.0430000 -9.0310574
0.0440000 3.6541629
0.0450000 7.1467004
0.0460000 -39.2783737
0.0470000 -30.7769146
0.0480000 54.3659019
0.0490000 19.4198513
0.0500000 72.4715347
0.0510000 -9.3416204
0.0520000 -36.5981674
0.0530000 51.9870453
0.0540000 47.3376694
0.0550000 -75.7553711
0.0560000 51.9312401
0.0570000 0.0301155
0.0580000 31.5472450
0.0590000 42.3867302
0.0600000 -39.7225914
0.0610000 63.4186745
0.0620000 -11.0314789
0.0630000 42.5370483
0.0640000 -36.3505783
0.0650000 49.5285339
0.0660000 47.7743187
0.0670000 -15.8306990
0.0680000 -21.4357357
0.0690000 22.5544891
0.0700000 68.8362656
0.0710000 -28.4221764
0.0720000 83.7609329
0.0730000 8.4791622
0.0740000 -4.0883293
0.0750000 41.5049095
0.0760000 31.3008747
0.0770000 67.0943069
0.0780000 -27.3249187
0.0790000 38.3188934
0.0800000 -7.1161623
0.0810000 -27.7819653
0.0820000 10.4013643
0.0830000 3.1429224
0.0840000 28.8631725
0.0850000 -63.2603836
0.0860000 -1.7676008
0.0870000 37.2088203
0.0880000 31.1737404
0.0890000 50.3677406
0.0900000 -36.2811546
0.0910000 -65.0416946
0.0920000 -5.6802893
0.0930000 -20.9451714
0.0940000 -28.7076111
0.0950000 19.2770348
0.0960000 -57.2525368
0.0970000 -33.9259758
0.0980000 2.6207552
0.0990000 -59.1596184
0.1000000 47.6634865
0.1010000 -17.5273819
0.1020000 21.6948891
0.1030000 -26.7202740
0.1040000 20.5564079
0.1050000 14.9808741
0.1060000 -8.8854990
0.1070000 33.5673981
0.1080000 35.8350334
0.1090000 -35.7752838
0.1100000 18.9892502
0.1110000 -38.5393448
0.1120000 37.3166084
0.1130000 24.8441105
0.1140000 15.0415449
0.1150000 24.2080040
0.1160000 53.9312668
0.1170000 4.8286867
0.1180000 1.8492846
0.1190000 -26.3479271
0.1200000 -49.2757530
0.1210000 46.8365974
0.1220000 -90.4931335
0.1230000 5.4341083
0.1240000 -30.1991882
0.1250000 37.2684326
0.1260000 6.2775164
0.1270000 52.9107513
0.1280000 27.4478779
0.1290000 23.2936268
0.1300000 -31.3324184
0.1310000 -29.2883606
0.1320000 -18.9344330
0.1330000 -27.9205627
0.1340000 14.2723808
0.1350000 -45.3176498
0.1360000 -32.1828194
0.1370000 -17.4674053
0.1380000 -20.9847279
0.1390000 -95.5453796
0.1400000 -4.1250520
0.1410000 17.8173351
0.1420000 3.4146960
0.1430000 21.3980961
0.1440000 30.2114201
0.1450000 -54.9708786
0.1460000 -39.8836174
0.1470000 -30.7890377
0.1480000 -5.5914688
0.1490000 -64.6080856
0.1500000 39.1703415
0.1510000 22.3239326
0.1520000 -10.2547188
0.1530000 6.7481775
0.1540000 29.2537479
0.1550000 -14.9397449
0.1560000 -50.6301918
0.1570000 -2.0302498
0.1580000 52.3846741
0.1590000 -4.1985908
0.1600000 -33.6253357
0.1610000 49.1261330
0.1620000 38.3698997
0.1630000 -41.7266693
0.1640000 -26.3358116
0.1650000 -1.8949463
0.1660000 76.1921921
0.1670000 21.2027168
0.1680000 -66.2941971
0.1690000 -46.3331223
0.1700000 -18.5614891
0.1710000 50.5724716
0.1720000 -26.1992931
0.1730000 50.0314674
0.1740000 -19.3416481
0.1750000 -44.5750046
0.1760000 36.2476692
0.1770000 28.2287292
0.1780000 15.9261923
0.1790000 -71.4612579
0.1800000 44.1578407
0.1810000 -12.1197166
0.1820000 16.9248219
0.1830000 -6.9340124
0.1840000 -58.8736153
0.1850000 1.8049483
0.1860000 -41.2687912
0.1870000 24.5641994
0.1880000 -70.5749664
0.1890000 -66.0147705
0.1900000 33.9009590
0.1910000 64.4904633
0.1920000 -22.3921337
0.1930000 35.6681099
0.1940000 13.7930899
0.1950000 19.4886684
0.1960000 4.9268026
0.1970000 -13.8930311
0.1980000 -17.1870518
0.1990000 -9.7995653
0.2000000 -7.1839418
0.2010000 -78.2851486
0.2020000 -70.3168182
0.2030000 1.1827931
0.2040000 -16.0964413
0.2050000 0.3701877
0.2060000 21.7732983
0.2070000 -22.1863995
0.2080000 -23.7638779
0.2090000 80.4177246
0.2100000 -5.5579085
0.2110000 31.7957001
0.2120000 9.8560667
0.2130000 17.8620911
0.2140000 30.5405693
0.2150000 5.0051551
0.2160000 -1.1449053
0.2170000 38.9192276
0.2180000 66.2612228
0.2190000 59.6977081
0.2200000 -13.5199223
0.2210000 7.7040725
0.2220000 -43.9234009
0.2230000 -9.0164537
0.2240000 -1.3475527
0.2250000 42.7080994
0.2260000 17.7764988
0.2270000 12.8393259
0.2280000 42.9959145
0.2290000 -66.3550720
0.2300000 61.2224236
0.2310000 24.2586346
0.2320000 -60.5430412
0.2330000 25.0322304
0.2340000 -2.2190385
0.2350000 54.8808784
0.2360000 22.1435165
0.2370000 -34.3802986
0.2380000 -43.0689049
0.2390000 -5.6878953
0.2400000 4.5483828
0.2410000 0.5767411
0.2420000 -108.5694199
0.2430000 5.8125072
0.2440000 8.4788208
0.2450000 68.0449524
0.2460000 2.9136529
0.2470000 -22.0271149
0.2480000 -34.7094727
0.2490000 33.8045731
0.2500000 37.6787605
0.2510000 -60.0963669
0.2520000 -6.1871986
0.2530000 10.5752649
0.2540000 -26.6142654
0.2550000 42.3291054
0.2560000 4.5740304
0.2570000 -54.7705231
0.2580000 -25.6571980
0.2590000 57.1897774
0.2600000 40.8641472
0.2610000 47.8131828
0.2620000 -2.7395897
0.2630000 -76.2724991
0.2640000 45.7420464
0.2650000 26.7279930
0.2660000 8.1293478
0.2670000 -30.4183025
0.2680000 24.0535717
0.2690000 70.3231201
0.2700000 -13.1769962
0.2710000 52.1250153
0.2720000 17.5590935
0.2730000 63.9535065
0.2740000 -12.0348206
0.2750000 -11.1236963
0.2760000 -18.8358078
0.2770000 15.8475885
0.2780000 -66.6786346
0.2790000 6.0128202
0.2800000 19.0352459
0.2810000 -1.7760615
0.2820000 -1.6089847
0.2830000 23.0357208
0.2840000 -26.3899212
0.2850000 11.6766434
0.2860000 -50.6275406
0.2870000 -9.6313906
0.2880000 -34.5270386
0.2890000 -5.0870719
0.2900000 13.7004232
0.2910000 -14.0143690
0.2920000 -17.2885399
0.2930000 23.7597160
0.2940000 30.4320812
0.2950000 -25.3270893
0.2960000 -4.2035379
0.2970000 -32.0756378
0.2980000 -84.0899506
0.2990000 -13.8338175
0.3000000 40.3141861
0.3010000 73.1361542
0.3020000 -10.0835934
0.3030000 15.0333986
0.3040000 13.0420294
0.3050000 10.9563961
0.3060000 -13.1789961
0.3070000 12.9519796
0.3080000 29.8014336
0.3090000 -3.9761941
0.3100000 8.0704165
0.3110000 0.8618309
0.3120000 -9.0579510
0.3130000 -35.9619064
0.3140000 27.3368988
0.3150000 52.2504272
0.3160000 -49.4054527
0.3170000 29.0441742
0.3180000 30.1754913
0.3190000 65.5007095
0.3200000 26.7290783
0.3210000 19.2520809
0.3220000 -86.9610825
0.3230000 4.1185498
0.3240000 -36.7481499
0.3250000 5.8937612
0.3260000 -22.8679123
0.3270000 -76.0184937
0.3280000 -12.3213062
0.3290000 22.4031773
0.3300000 -1.4055544
0.3310000 -25.1634254
0.3320000 15.6457462
0.3330000 24.9058285
0.3340000 11.4752703
0.3350000 95.7443619
0.3360000 -47.1516800
0.3370000 -38.3459625
0.3380000 -8.5966845
0.3390000 3.2527387
0.3400000 -9.7604361
0.3410000 3.1927626
0.3420000 -16.0922642
0.3430000 -6.0199261
0.3440000 23.3777294
0.3450000 -5.5166826
0.3460000 -26.3539886
0.3470000 -7.0505204
0.3480000 38.5996971
0.3490000 3.3646619
0.3500000 -38.4933128
0.3510000 -92.5085907
0.3520000 17.3240032
0.3530000 -38.6690903
0.3540000 15.4303274
0.3550000 12.7418289
0.3560000 -85.0701141
0.3570000 43.6686668
0.3580000 -21.3031998
0.3590000 32.2755890
0.3600000 46.4872093
0.3610000 -80.8033066
0.3620000 2.1916599
0.3630000 19.9568138
0.3640000 -47.4087830
0.3650000 -24.8021126
0.3660000 24.5716953
0.3670000 40.4405060
0.3680000 -6.8917127
0.3690000 7.3269596
0.3700000 -5.9440203
0.3710000 16.1472454
0.3720000 -21.7144547
0.3730000 -34.2975235
0.3740000 -22.2964878
0.3750000 -25.1016960
0.3760000 -3.2965586
0.3770000 -19.3790245
0.3780000 -7.6925845
0.3790000 -58.1898956
0.3800000 17.2135906
0.3810000 -36.5197411
0.3820000 -7.0551872
0.3830000 13.4028025
0.3840000 7.4276400
0.3850000 -14.3475199
0.3860000 -1.0442179
0.3870000 -43.1287231
0.3880000 -40.3801613
0.3890000 -29.0541077
0.3900000 59.5295677
0.3910000 32.6688194
0.3920000 -15.8984261
0.3930000 45.9264221
0.3940000 -27.6446342
0.3950000 -33.6753197
0.3960000 -57.2269402
0.3970000 16.5377483
0.3980000 5.4250884
0.3990000 -25.7363758
0.4000000 -25.5649376
0.4010000 12.9881077
0.4020000 37.6658249
0.4030000 2.2747462
0.4040000 17.0681801
0.4050000 30.2915154
0.4060000 -3.1002481
0.4070000 -0.2587660
0.4080000 34.4033699
0.4090000 -29.5838661
0.4100000 -74.7020645
0.4110000 -26.0457783
0.4120000 28.3040829
0.4130000 20.3099747
0.4140000 14.5047798
0.4150000 0.5672241
0.4160000 36.1570549
0.4170000 4.8437338
0.4180000 36.8608932
0.4190000 -17.8830299
0.4200000 -34.0741425
0.4210000 9.4960880
0.4220000 -5.3984919
0.4230000 -21.0571613
0.4240000 17.3364296
0.4250000 38.9046326
0.4260000 -6.2596774
0.4270000 -21.3237267
0.4280000 -48.1917152
0.4290000 -70.0973129
0.4300000 13.6828394
0.4310000 -31.2731819
0.4320000 -7.0331731
0.4330000 0.6803259
0.4340000 23.6454735
0.4350000 11.7185841
0.4360000 31.8182755
0.4370000 -0.8361065
0.4380000 6.1114421
0.4390000 -33.5392990
0.4400000 8.6071234
0.4410000 2.5016639
0.4420000 -43.1712418
0.4430000 -16.5093307
0.4440000 5.0690546
0.4450000 -48.4303513
0.4460000 58.1485291
0.4470000 -89.9202423
0.4480000 -24.2688541
0.4490000 -34.7314758
0.4500000 6.9430523
0.4510000 37.8483849
0.4520000 13.5228596
0.4530000 39.6045303
0.4540000 9.9317923
0.4550000 83.0425568
0.4560000 54.1982422
0.4570000 8.9444094
0.4580000 -11.3691397
0.4590000 17.1346073
0.4600000 -0.0115126
0.4610000 4.1314259
0.4620000 5.2583041
0.4630000 2.3745506
0.4640000 34.0364532
0.4650000 -6.0242853
0.4660000 71.3313599
0.4670000 57.7232246
0.4680000 -5.8523717
0.4690000 83.5149689
0.4700000 -30.8898659
0.4710000 -45.9441986
0.4720000 4.4616404
0.4730000 38.9143295
0.4740000 7.8559418
0.4750000 4.9335465
0.4760000 -75.8125916
0.4770000 67.4907608
0.4780000 -9.2862997
0.4790000 -51.3121567
0.4800000 18.5339680
0.4810000 -58.0955276
0.4820000 9.6768780
0.4830000 11.4607029
0.4840000 -26.8412971
0.4850000 -38.5365715
0.4860000 46.9359436
0.4870000 10.5849733
0.4880000 -5.6996741
0.4890000 10.2012749
0.4900000 3.9567826
0.4910000 -48.5855522
0.4920000 -23.2056389
0.4930000 5.9376297
0.4940000 47.5827103
0.4950000 15.5283356
0.4960000 -83.5868988
0.4970000 30.0685234
0.4980000 -29.9158211
0.4990000 -11.4114103
0.5000000 -37.6154213
0.5010000 6.2941418
0.5020000 44.2840118
0.5030000 2.1535666
0.5040000 -40.5811157
0.5050000 56.2534523
0.5060000 -18.5354614
0.5070000 1.0850261
0.5080000 16.9446621
0.5090000 48.9296074
0.5100000 -1.1852129
0.5110000 -0.1656612
0.5120000 -13.9720774
0.5130000 -34.6348801
0.5140000 22.8856926
0.5150000 -8.5144310
0.5160000 30.1692295
0.5170000 -1.7880769
0.5180000 -50.1016808
0.5190000 13.7587814
0.5200000 -11.5574160
0.5210000 6.7783780
0.5220000 -3.7566426
0.5230000 35.3268852
0.5240000 -53.0243797
0.5250000 -14.3629150
0.5260000 12.2848587
0.5270000 41.5359879
0.5280000 -54.6539154
0.5290000 -0.7080316
0.5300000 -14.3215122
0.5310000 64.3112946
0.5320000 -29.0017185
0.5330000 27.2345905
0.5340000 -26.8575325
0.5350000 -15.4594831
0.5360000 12.1968107
0.5370000 17.1749496
0.5380000 -42.5158920
0.5390000 -34.0911064
0.5400000 9.9590654
0.5410000 -33.8122635
0.5420000 -4.3535109
0.5430000 -69.3960114
0.5440000 9.1387005
0.5450000 32.9467850
0.5460000 -24.3263931
0.5470000 -32.1734543
0.5480000 -31.7051220
0.5490000 19.0110664
0.5500000 22.4790955
0.5510000 10.1221247
0.5520000 -4.3882031
0.5530000 -43.6106224
0.5540000 -26.9874344
0.5550000 53.9480629
0.5560000 -7.5509620
0.5570000 23.8847561
0.5580000 -40.3993454
0.5590000 -35.5067978
0.5600000 7.3369904
0.5610000 6.7463870
0.5620000 -41.9967690
0.5630000 3.2443416
0.5640000 50.0348206
0.5650000 12.0500889
0.5660000 2.2392962
0.5670000 38.0040932
0.5680000 -22.4536743
0.5690000 -0.3845742
0.5700000 3.8423808
0.5710000 -5.7409739
0.5720000 7.4757128
0.5730000 -8.0907545
0.5740000 19.2289448
0.5750000 53.1953773
0.5760000 12.7684059
0.5770000 36.0700798
0.5780000 -12.9620810
0.5790000 50.9834480
0.5800000 -36.2767906
0.5810000 -26.3657360
0.5820000 -26.2844772
0.5830000 25.0579281
0.5840000 4.9443440
0.5850000 -39.8066826
0.5860000 2.6437128
0.5870000 -14.5680857
0.5880000 9.9902534
0.5890000 -28.1113510
0.5900000 68.7029114
0.5910000 -77.4586411
0.5920000 -18.6165771
0.5930000 -45.8789825
0.5940000 -77.5767593
0.5950000 -19.8081684
0.5960000 44.6954994
0.5970000 26.3252201
0.5980000 15.3544874
0.5990000 29.4607334
0.6000000 4.8810377
0.6010000 21.0080833
0.6020000 36.7609024
0.6030000 -10.4427462
0.6040000 22.7469864
0.6050000 -74.4192810
0.6060000 2.7133291
0.6070000 25.9790783
0.6080000 18.7593803
0.6090000 61.0789795
0.6100000 51.8889465
0.6110000 -28.6997433
0.6120000 1.9293060
0.6130000 7.8876333
0.6140000 18.3666077
0.6150000 25.8644028
0.6160000 48.8446121
0.6170000 49.5166931
0.6180000 7.6092429
0.6190000 -20.2137089
0.6200000 6.9616585
0.6210000 49.5622444
0.6220000 -32.5003014
0.6230000 39.9138222
0.6240000 0.2572624
0.6250000 33.6235046
0.6260000 25.8259220
0.6270000 2.7255177
0.6280000 46.6756401
0.6290000 5.0988131
0.6300000 43.5132408
0.6310000 -15.7190647
0.6320000 3.5306013
0.6330000 -38.8704643
0.6340000 -23.2123260
0.6350000 5.7707210
0.6360000 36.5530815
0.6370000 8.8432970
0.6380000 25.4191227
0.6390000 -21.3265419
0.6400000 25.2606163
0.6410000 -16.5009995
0.6420000 -68.8202057
0.6430000 -26.9558163
0.6440000 -23.1384182
0.6450000 -14.2244806
0.6460000 10.7456808
0.6470000 -80.5734787
0.6480000 49.5477257
0.6490000 -34.0466728
0.6500000 18.0023460
0.6510000 50.7966385
0.6520000 -3.4062994
0.6530000 0.4158429
0.6540000 -38.5148010
0.6550000 22.8892365
0.6560000 17.3736725
0.6570000 -73.4778824
0.6580000 11.1015921
0.6590000 22.4476051
0.6600000 -21.8710728
0.6610000 6.8462229
0.6620000 -41.3668518
0.6630000 -22.7360764
0.6640000 -16.1041126
0.6650000 -29.3064709
0.6660000 11.4549026
0.6670000 24.7525387
0.6680000 -9.9783840
0.6690000 24.0280399
0.6700000 27.9044209
0.6710000 -13.8684568
0.6720000 62.5505371
0.6730000 -17.6679440
0.6740000 -8.4641657
0.6750000 -32.9351540
0.6760000 65.9874649
0.6770000 44.4755211
0.6780000 -54.3688393
0.6790000 34.8692741
0.6800000 93.9153442
0.6810000 -19.3547535
0.6820000 -45.5197220
0.6830000 -10.1540308
0.6840000 -48.0279579
0.6850000 -26.1873608
0.6860000 -60.6906166
0.6870000 -2.6843121
0.6880000 -23.0457058
0.6890000 53.5586472
0.6900000 -3.9384863
0.6910000 -4.9604373
0.6920000 56.9209900
0.6930000 48.8181381
0.6940000 -97.7333603
0.6950000 58.8436241
0.6960000 -40.4471436
0.6970000 3.2700622
0.6980000 33.7875748
0.6990000 -5.3004770
0.7000000 -57.9278564
0.7010000 -18.3351116
0.7020000 -32.0653801
0.7030000 -12.8953524
0.7040000 -2.6174097
0.7050000 16.9913559
0.7060000 -44.9624748
0.7070000 -82.3621597
0.7080000 35.8036499
0.7090000 25.6216316
0.7100000 -5.3646622
0.7110000 -6.0936589
0.7120000 -11.1176920
0.7130000 44.5059471
0.7140000 19.6747360
0.7150000 23.6364841
0.7160000 -18.4469643
0.7170000 22.6167927
0.7180000 80.1917877
0.7190000 -32.3185806
0.7200000 -5.8270059
0.7210000 51.7506218
0.7220000 40.9740868
0.7230000 -15.3615427
0.7240000 65.7610397
0.7250000 41.9225616
0.7260000 54.8343925
0.7270000 51.1357880
0.7280000 0.6835390
0.7290000 7.6904106
0.7300000 28.4552689
0.7310000 26.5217514
0.7320000 -7.8685236
0.7330000 71.6562958
0.7340000 12.3067198
0.7350000 19.3821182
0.7360000 36.6999626
0.7370000 -17.3537388
0.7380000 -11.0555363
0.7390000 17.9304829
0.7400000 -15.0910025
0.7410000 30.0416393
0.7420000 -35.1308746
0.7430000 -49.9762192
0.7440000 28.9195366
0.7450000 -10.4712620
0.7460000 14.6054192
0.7470000 90.8867340
0.7480000 39.8814812
0.7490000 -38.0573807
0.7500000 -6.5834484
0.7510000 24.4172459
0.7520000 41.1101646
0.7530000 -33.9993515
0.7540000 78.6136093
0.7550000 4.3732285
0.7560000 75.3522415
0.7570000 -4.7661366
0.7580000 -51.3149757
0.7590000 82.1245422
0.7600000 -58.5249596
0.7610000 -35.4216919
0.7620000 -6.1330209
0.7630000 64.7985001
0.7640000 -18.9561615
0.7650000 -63.7477798
0.7660000 49.2723808
0.7670000 18.7235546
0.7680000 4.2105660
0.7690000 24.3303509
0.7700000 18.9226093
0.7710000 -45.9059601
0.7720000 23.6467991
0.7730000 18.2878036
0.7740000 18.6360207
0.7750000 6.5798917
0.7760000 -2.2890289
0.7770000 2.6428142
0.7780000 -7.9974494
0.7790000 -28.1195374
0.7800000 -79.7677155
0.7810000 -58.8133926
0.7820000 -7.3286729
0.7830000 12.3162422
0.7840000 27.6432037
0.7850000 -9.5703249
0.7860000 -28.2288895
0.7870000 20.2177353
0.7880000 2.5020819
0.7890000 -4.7717595
0.7900000 15.0898180
0.7910000 -40.8991127
0.7920000 20.7180958
0.7930000 15.9517193
0.7940000 -13.9460325
0.7950000 -93.9653168
0.7960000 -24.8501530
0.7970000 -22.4527493
0.7980000 -35.7132454
0.7990000 -5.8701482
0.8000000 23.6101246
0.8010000 -17.9550705
0.8020000 94.3399048
0.8030000 36.9778786
0.8040000 -29.2717876
0.8050000 -0.9493945
0.8060000 20.6545448
0.8070000 14.8006582
0.8080000 27.1415710
0.8090000 24.3004227
0.8100000 -2.7181499
0.8110000 -15.6147814
0.8120000 -8.5001688
0.8130000 39.8304749
0.8140000 2.8269892
0.8150000 -38.3341942
0.8160000 32.5910912
0.8170000 -8.8729830
0.8180000 -0.3489945
0.8190000 37.9459038
0.8200000 -24.6602402
0.8210000 11.9308367
0.8220000 2.0306039
0.8230000 67.1624374
0.8240000 3.5959833
0.8250000 20.2413998
0.8260000 9.2167397
0.8270000 15.3086081
0.8280000 -20.2130413
0.8290000 1.4889929
0.8300000 66.6524658
0.8310000 43.6773186
0.8320000 67.6564713
0.8330000 -15.4936676
0.8340000 44.3518143
0.8350000 38.7463989
0.8360000 -12.9811573
0.8370000 21.1093483
0.8380000 30.0301552
0.8390000 -5.0845490
0.8400000 8.2145128
0.8410000 -28.3814640
0.8420000 -36.7254410
0.8430000 9.7208910
0.8440000 14.5514536
0.8450000 24.1872845
0.8460000 -52.6579933
0.8470000 -49.8317947
0.8480000 70.0820236
0.8490000 -24.4582748
0.8500000 -4.2645173
0.8510000 -15.5102997
0.8520000 -15.7710428
0.8530000 -29.2817650
0.8540000 -87.3746872
0.8550000 9.6977739
0.8560000 -68.3946915
0.8570000 -66.3564224
0.8580000 -9.3279600
0.8590000 25.3259182
0.8600000 39.8930779
0.8610000 24.5092945
0.8620000 14.8112850
0.8630000 -43.0092697
0.8640000 44.9753609
0.8650000 13.4756355
0.8660000 -66.9523621
0.8670000 -9.0058823
0.8680000 -35.0960541
0.8690000 12.5692606
0.8700000 9.6454554
0.8710000 -17.6148090
0.8720000 -23.7861519
0.8730000 -10.7563410
0.8740000 -41.9058952
0.8750000 -9.9391069
0.8760000 -45.1577072
0.8770000 27.5743542
0.8780000 -24.5693874
0.8790000 -82.5180893
0.8800000 -16.2853146
0.8810000 -35.7255478
0.8820000 -72.8701782
0.8830000 21.6875248
0.8840000 -25.2578678
0.8850000 50.3012199
0.8860000 7.7496986
0.8870000 60.5847282
0.8880000 40.3234863
0.8890000 -17.0806503
0.8900000 5.7311153
0.8910000 -11.6725760
0.8920000 31.3392105
0.8930000 6.8847103
0.8940000 -39.4581871
0.8950000 1.8903019
0.8960000 9.9229641
0.8970000 16.1353455
0.8980000 17.3552742
0.8990000 -30.9031296
0.9000000 7.5415573
0.9010000 -74.3183517
0.9020000 35.2373848
0.9030000 20.8043556
0.9040000 -34.7359314
0.9050000 32.5367546
0.9060000 -77.0006790
0.9070000 56.9809380
0.9080000 -27.1656933
0.9090000 -66.0994644
0.9100000 -17.7516689
0.9110000 -50.1780624
0.9120000 -31.2820930
0.9130000 7.8663607
0.9140000 52.4150047
0.9150000 -47.9450111
0.9160000 45.2945404
0.9170000 -56.8041077
0.9180000 -22.4973087
0.9190000 4.1811705
0.9200000 -16.5379143
0.9210000 45.1358376
0.9220000 26.0161133
0.9230000 -22.3510303
0.9240000 13.0774832
0.9250000 17.9294586
0.9260000 40.2364731
0.9270000 47.6431160
0.9280000 14.5372391
0.9290000 20.0329914
0.9300000 -36.4261017
0.9310000 40.5206757
0.9320000 1.5588099
0.9330000 5.5471988
0.9340000 63.3566933
0.9350000 10.6098080
0.9360000 24.5504913
0.9370000 -7.2366428
0.9380000 31.0095081
0.9390000 -18.0765152
0.9400000 -23.0700626
0.9410000 43.2620392
0.9420000 61.3690186
0.9430000 -38.9183388
0.9440000 -7.5430965
0.9450000 -9.9304810
0.9460000 40.6075592
0.9470000 10.4000769
0.9480000 8.6647224
0.9490000 35.5691223
0.9500000 32.2343788
0.9510000 33.3128052
0.9520000 -1.8637092
0.9530000 56.2675400
0.9540000 38.7615547
0.9550000 25.4974136
0.9560000 -36.9305878
0.9570000 -3.2462599
0.9580000 13.2259312
0.9590000 -62.9213867
0.9600000 31.1708622
0.9610000 34.1850510
0.9620000 -61.4475632
0.9630000 55.2400818
0.9640000 18.4127502
0.9650000 -58.6115532
0.9660000 -7.1763091
0.9670000 9.8048592
0.9680000 -8.7822514
0.9690000 32.1182976
0.9700000 62.6473656
0.9710000 -6.8716545
0.9720000 -11.1017218
0.9730000 -4.4347243
0.9740000 -51.8486519
0.9750000 20.9478016
0.9760000 -33.4852867
0.9770000 -9.2467632
0.9780000 57.4181442
0.9790000 42.9768257
0.9800000 22.0290527
0.9810000 -69.1436615
0.9820000 13.8276787
0.9830000 -19.7696724
0.9840000 -40.0615807
0.9850000 -15.8625183
0.9860000 0.7798960
0.9870000 29.6499176
0.9880000 -22.9616947
0.9890000 -2.9835439
0.9900000 -55.3559303
0.9910000 2.9203579
0.9920000 9.9877291
0.9930000 -13.8191757
0.9940000 9.0377226
0.9950000 -36.5791740
0.9960000 52.3036613
0.9970000 45.2654381
0.9980000 12.9333467
0.9990000 29.0704575
