0.0000000 30.4623737
0.0010000 27.3296909
0.0020000 10.3857870
0.0030000 1.0313706
0.0040000 -18.2852058
0.0050000 5.0661020
0.0060000 -23.8081341
0.0070000 -30.4626808
0.0080000 -23.8950653
0.0090000 -36.9946175
0.0100000 12.3886948
0.0110000 4.5149641
0.0120000 -60.0217705
0.0130000 -7.0220013
0.0140000 -1.8544457
0.0150000 23.6779537
0.0160000 8.1030016
0.0170000 27.1164894
0.0180000 -19.4266853
0.0190000 -30.0842590
0.0200000 -13.1231813
0.0210000 -7.5458770
0.0220000 -12.1849136
0.0230000 6.6286330
0.0240000 -45.1572533
0.0250000 -21.7837429
0.0260000 -75.8881531
0.0270000 31.2815380
0.0280000 38.0695724
0.0290000 6.2682495
0.0300000 9.5399065
0.0310000 -47.1467819
0.0320000 41.3182602
0.0330000 62.8194695
0.0340000 2.0362413
0.0350000 -0.7283893
0.0360000 -20.2869167
0.0370000 20.0433273
0.0380000 -10.7047997
0.0390000 14.2112770
0.0400000 2.2683265
0.0410000 14.1954575
0.0420000 0.7860988
0.0430000 -28.8017960
0.0440000 -26.4336510
0.0450000 5.3347158
0.0460000 20.6157131
0.0470000 -38.0665627
0.0480000 5.0747924
0.0490000 -36.2720032
0.0500000 -16.6148815
0.0510000 -22.3360405
0.0520000 -1.4517846
0.0530000 -81.4845276
0.0540000 10.2047911
0.0550000 -59.7315407
0.0560000 18.0782070
0.0570000 -34.4814949
0.0580000 -2.6260543
0.0590000 -18.4239445
0.0600000 4.9819331
0.0610000 36.4472694
0.0620000 -2.4919581
0.0630000 -58.8179703
0.0640000 -25.7641621
0.0650000 23.1418724
0.0660000 49.2065315
0.0670000 -10.8697014
0.0680000 37.8092346
0.0690000 -38.7229652
0.0700000 -13.3660116
0.0710000 -17.1395130
0.0720000 -23.0323811
0.0730000 -0.0281731
0.0740000 38.3523254
0.0750000 -32.1454086
0.0760000 -20.9602089
0.0770000 36.8390274
0.0780000 57.3522530
0.0790000 -16.7405777
0.0800000 -17.2936058
0.0810000 -26.8017082
0.0820000 -8.5316029
0.0830000 17.2523708
0.0840000 -21.1738987
0.0850000 47.2759590
0.0860000 -42.8868904
0.0870000 -52.7199249
0.0880000 -54.5906830
0.0890000 11.3585835
0.0900000 -1.7393117
0.0910000 17.1272964
0.0920000 64.3712997
0.0930000 29.7940044
0.0940000 3.4206667
0.0950000 -8.8486338
0.0960000 5.5464311
0.0970000 25.4002323
0.0980000 8.8717222
0.0990000 -34.0785599
0.1000000 -73.3859100
0.1010000 44.0724258
0.1020000 -29.7110538
0.1030000 -26.1593761
0.1040000 -8.4442654
0.1050000 16.8403301
0.1060000 17.4911785
0.1070000 -43.8034859
0.1080000 -27.5295315
0.1090000 3.5374062
0.1100000 -10.4407244
0.1110000 -13.4959745
0.1120000 60.6539345
0.1130000 -12.3106394
0.1140000 30.3571167
0.1150000 29.4335175
0.1160000 41.3496284
0.1170000 -2.0207465
0.1180000 17.9774990
0.1190000 -50.9294624
0.1200000 45.6023026
0.1210000 12.2406025
0.1220000 -39.1402702
0.1230000 42.7984238
0.1240000 -2.1151888
0.1250000 29.0094643
0.1260000 -58.5336876
0.1270000 -55.6573219
0.1280000 1.5738882
0.1290000 -28.7268162
0.1300000 36.3199539
0.1310000 -21.2455559
0.1320000 -6.7418909
0.1330000 -16.8165703
0.1340000 63.8461952
0.1350000 -52.8246422
0.1360000 47.0615845
0.1370000 -2.3660698
0.1380000 20.3662796
0.1390000 -74.9544678
0.1400000 -15.7222185
0.1410000 -47.3592987
0.1420000 -1.6729823
0.1430000 27.4414253
0.1440000 51.7710190
0.1450000 -9.3657122
0.1460000 -60.5791283
0.1470000 -29.9109058
0.1480000 -20.5806313
0.1490000 65.3413086
0.1500000 -31.6260986
0.1510000 88.6556778
0.1520000 104.6079636
0.1530000 -33.7553558
0.1540000 44.5193062
0.1550000 36.8927155
0.1560000 25.2172050
0.1570000 -36.1210022
0.1580000 1.7373116
0.1590000 32.1001930
0.1600000 -25.2995834
0.1610000 -11.7386913
0.1620000 -0.1209333
0.1630000 -20.3236313
0.1640000 45.9444466
0.1650000 -65.9039688
0.1660000 2.2119377
0.1670000 -14.7444563
0.1680000 45.6566658
0.1690000 -8.8420601
0.1700000 -33.7668762
0.1710000 43.0368958
0.1720000 -38.9339485
0.1730000 -16.1700153
0.1740000 17.9857121
0.1750000 -55.1446877
0.1760000 3.3627477
0.1770000 5.6147752
0.1780000 -15.8192778
0.1790000 40.0456352
0.1800000 16.6895409
0.1810000 13.6697311
0.1820000 50.3048630
0.1830000 -36.7035255
0.1840000 -9.5156813
0.1850000 -1.3520386
0.1860000 -25.1058292
0.1870000 11.0355902
0.1880000 10.5778570
0.1890000 -31.4396515
0.1900000 -4.2861805
0.1910000 33.4032478
0.1920000 39.4719887
0.1930000 -5.2091842
0.1940000 -43.4879265
0.1950000 -44.5691223
0.1960000 2.8939874
0.1970000 37.0557861
0.1980000 -6.2879653
0.1990000 -55.4613571
0.2000000 8.0716381
0.2010000 -25.4310417
0.2020000 35.2047997
0.2030000 67.2359009
0.2040000 -14.3970852
0.2050000 10.5471210
0.2060000 -22.5024490
0.2070000 15.1039486
0.2080000 -0.2177203
0.2090000 -59.0117760
0.2100000 22.2902451
0.2110000 -45.4337425
0.2120000 33.6039886
0.2130000 6.8735647
0.2140000 48.1688881
0.2150000 7.7208152
0.2160000 58.7337494
0.2170000 -16.5199852
0.2180000 56.3221626
0.2190000 17.2260513
0.2200000 53.5145187
0.2210000 -15.2116680
0.2220000 28.0437107
0.2230000 1.0215678
0.2240000 42.2284813
0.2250000 -34.6424141
0.2260000 52.1508102
0.2270000 -23.5470905
0.2280000 -21.6639996
0.2290000 20.0923843
0.2300000 23.3544312
0.2310000 -1.7487440
0.2320000 14.6397133
0.2330000 77.2442169
0.2340000 7.0712752
0.2350000 -15.9060106
0.2360000 -2.5756736
0.2370000 -35.2263527
0.2380000 50.8960075
0.2390000 -7.3819022
0.2400000 51.5536461
0.2410000 -24.5585117
0.2420000 36.0398102
0.2430000 37.0651855
0.2440000 18.0918083
0.2450000 21.5981121
0.2460000 -21.3063126
0.2470000 -35.1485977
0.2480000 37.8907700
0.2490000 -42.4992104
0.2500000 -28.7434597
0.2510000 37.1617928
0.2520000 35.5642586
0.2530000 -3.0389199
0.2540000 -63.6109810
0.2550000 -16.5465031
0.2560000 -10.6336899
0.2570000 69.5957489
0.2580000 -7.0648909
0.2590000 -1.4544365
0.2600000 -21.3546867
0.2610000 21.7282257
0.2620000 -27.6732235
0.2630000 14.3759346
0.2640000 37.8069038
0.2650000 84.7933807
0.2660000 -47.9840736
0.2670000 -23.8802700
0.2680000 -64.3853302
0.2690000 16.9834557
0.2700000 0.5544112
0.2710000 -21.5862885
0.2720000 27.8427811
0.2730000 46.7177773
0.2740000 41.9078369
0.2750000 53.8948441
0.2760000 55.0538979
0.2770000 -4.2873707
0.2780000 4.8693867
0.2790000 -50.0825729
0.2800000 30.7040901
0.2810000 26.1283932
0.2820000 -12.9647427
0.2830000 32.1458511
0.2840000 16.8851719
0.2850000 7.2840290
0.2860000 -37.9308319
0.2870000 -52.7256508
0.2880000 2.2876334
0.2890000 86.3587189
0.2900000 17.4376831
0.2910000 -67.6652145
0.2920000 14.0088367
0.2930000 -3.3072248
0.2940000 -105.2962799
0.2950000 9.9786367
0.2960000 -24.2168732
0.2970000 -0.7632084
0.2980000 17.5714417
0.2990000 -101.3786087
0.3000000 42.9249802
0.3010000 23.3193417
0.3020000 -13.0163555
0.3030000 -34.8987503
0.3040000 8.8617630
0.3050000 -7.0978894
0.3060000 -20.2832928
0.3070000 -6.4437485
0.3080000 -9.7884979
0.3090000 9.6785707
0.3100000 -41.1916885
0.3110000 -49.7597847
0.3120000 27.3203125
0.3130000 29.2671623
0.3140000 -40.6530952
0.3150000 39.7245331
0.3160000 -20.7631989
0.3170000 34.9523048
0.3180000 1.3316429
0.3190000 19.2957478
0.3200000 -33.4510193
0.3210000 -19.6595860
0.3220000 40.5900078
0.3230000 -21.4206314
0.3240000 -30.2766609
0.3250000 -54.4313049
0.3260000 49.4050560
0.3270000 -10.1617785
0.3280000 38.6369019
0.3290000 38.2982979
0.3300000 8.5266695
0.3310000 27.7366810
0.3320000 -57.4248161
0.3330000 14.6577797
0.3340000 13.4434576
0.3350000 -32.9540253
0.3360000 -27.8441067
0.3370000 -28.5198269
0.3380000 15.3774729
0.3390000 21.6706886
0.3400000 26.2033997
0.3410000 11.1154108
0.3420000 62.9779892
0.3430000 6.1619654
0.3440000 -49.9743652
0.3450000 -48.8732452
0.3460000 19.6851254
0.3470000 44.6285934
0.3480000 5.7475061
0.3490000 16.1097698
0.3500000 -3.5332971
0.3510000 -40.2465363
0.3520000 13.9768410
0.3530000 -33.0127869
0.3540000 51.7216263
0.3550000 5.5822086
0.3560000 -16.3438454
0.3570000 -19.5733585
0.3580000 18.7286339
0.3590000 -20.8697948
0.3600000 -44.1893311
0.3610000 64.1809082
0.3620000 -63.0719032
0.3630000 48.5146713
0.3640000 -0.4736057
0.3650000 -57.9793091
0.3660000 47.4513550
0.3670000 34.8607788
0.3680000 8.7733507
0.3690000 -30.2582989
0.3700000 27.1726952
0.3710000 17.2625160
0.3720000 36.6691895
0.3730000 -43.9573364
0.3740000 2.1412404
0.3750000 -23.0677414
0.3760000 3.2606711
0.3770000 6.1102300
0.3780000 49.8011818
0.3790000 -5.8211498
0.3800000 -26.5122013
0.3810000 20.4767876
0.3820000 -27.7911968
0.3830000 -38.5314522
0.3840000 -32.5393600
0.3850000 -54.8504524
0.3860000 41.1726875
0.3870000 42.6185760
0.3880000 24.8187790
0.3890000 28.0034313
0.3900000 -43.9194756
0.3910000 18.7918701
0.3920000 25.6775150
0.3930000 -0.0311791
0.3940000 -43.8507423
0.3950000 17.3930111
0.3960000 -70.7152786
0.3970000 -54.2072830
0.3980000 24.0520725
0.3990000 -60.3736877
0.4000000 18.9701958
0.4010000 18.8018589
0.4020000 -13.1571379
0.4030000 25.2121487
0.4040000 21.1674347
0.4050000 -32.6410980
0.4060000 91.3612366
0.4070000 25.7777367
0.4080000 -7.7806549
0.4090000 11.7642002
0.4100000 8.3392944
0.4110000 -37.5482178
0.4120000 52.3646278
0.4130000 25.1135979
0.4140000 -10.0751095
0.4150000 20.0242329
0.4160000 13.9986572
0.4170000 100.1872253
0.4180000 12.0582714
0.4190000 38.9174194
0.4200000 59.9446220
0.4210000 30.8197269
0.4220000 -46.1105728
0.4230000 -21.2704887
0.4240000 15.2909937
0.4250000 -33.0684471
0.4260000 -62.1906738
0.4270000 52.8694229
0.4280000 1.5773282
0.4290000 -55.3205338
0.4300000 42.8876762
0.4310000 -51.4879341
0.4320000 -17.8891487
0.4330000 -18.3269558
0.4340000 -31.5991116
0.4350000 3.4091525
0.4360000 -63.4596367
0.4370000 0.1068128
0.4380000 -7.8542709
0.4390000 -42.7778244
0.4400000 3.8912103
0.4410000 -51.8240318
0.4420000 -75.8627167
0.4430000 -5.6957445
0.4440000 -45.4589424
0.4450000 6.8258128
0.4460000 78.4944000
0.4470000 85.6015625
0.4480000 29.2221050
0.4490000 45.9734192
0.4500000 -21.4154434
0.4510000 1.1612312
0.4520000 -67.8909378
0.4530000 -40.5817451
0.4540000 36.4749031
0.4550000 10.9841728
0.4560000 1.0681349
0.4570000 79.1620560
0.4580000 12.7946377
0.4590000 -49.5196838
0.4600000 -36.0034599
0.4610000 -22.6314583
0.4620000 4.8306623
0.4630000 99.4886703
0.4640000 -52.1959991
0.4650000 -25.0172577
0.4660000 30.3634415
0.4670000 -56.1092491
0.4680000 5.6279006
0.4690000 -17.2987480
0.4700000 2.5345840
0.4710000 -47.8062248
0.4720000 -62.6419449
0.4730000 -61.6924973
0.4740000 33.7144890
0.4750000 -10.4510918
0.4760000 0.8958888
0.4770000 -19.7738914
0.4780000 37.0541878
0.4790000 16.5904598
0.4800000 40.3520889
0.4810000 -30.8176918
0.4820000 -18.0005589
0.4830000 42.7001076
0.4840000 -23.6803322
0.4850000 -13.2014151
0.4860000 10.0117302
0.4870000 3.3467548
0.4880000 17.0915699
0.4890000 -26.1925621
0.4900000 43.3339653
0.4910000 -41.3379784
0.4920000 22.1099472
0.4930000 -30.3419762
0.4940000 19.7622299
0.4950000 10.9852858
0.4960000 7.8282557
0.4970000 -38.1207314
0.4980000 -6.6706924
0.4990000 23.1865120
0.5000000 -43.6350708
0.5010000 41.3040009
0.5020000 10.1803656
0.5030000 -29.9738140
0.5040000 6.3369117
0.5050000 32.0691719
0.5060000 -71.9090729
0.5070000 26.7282543
0.5080000 8.6114502
0.5090000 -19.0862370
0.5100000 5.4167085
0.5110000 34.3959694
0.5120000 -21.7170486
0.5130000 -5.7224441
0.5140000 2.3352334
0.5150000 -15.5981560
0.5160000 30.4606438
0.5170000 15.1031895
0.5180000 41.2467918
0.5190000 -23.4625187
0.5200000 -23.6790352
0.5210000 46.1876602
0.5220000 -38.0356293
0.5230000 -68.2471848
0.5240000 -3.2340729
0.5250000 -2.7389481
0.5260000 -17.4180660
0.5270000 -17.4158115
0.5280000 -15.1879435
0.5290000 23.6592770
0.5300000 36.6977043
0.5310000 -6.7117090
0.5320000 -18.5073414
0.5330000 5.4361210
0.5340000 23.9233913
0.5350000 43.6166458
0.5360000 4.6402659
0.5370000 26.3878498
0.5380000 41.0823936
0.5390000 69.0034561
0.5400000 -35.0807381
0.5410000 -21.1452618
0.5420000 15.4858046
0.5430000 40.9802895
0.5440000 43.3227119
0.5450000 43.0107079
0.5460000 37.7187958
0.5470000 -89.4525757
0.5480000 38.2056656
0.5490000 -37.6362915
0.5500000 -19.5011101
0.5510000 -32.9292374
0.5520000 58.4129143
0.5530000 42.1795120
0.5540000 20.8517075
0.5550000 -17.2054577
0.5560000 -8.9911432
0.5570000 -12.7735281
0.5580000 56.6670837
0.5590000 -51.3091431
0.5600000 -54.3890724
0.5610000 -41.2287865
0.5620000 -61.8514442
0.5630000 35.2010040
0.5640000 -3.5886753
0.5650000 39.1867332
0.5660000 -71.8447418
0.5670000 3.6182373
0.5680000 8.2723684
0.5690000 38.9483376
0.5700000 -73.7974854
0.5710000 26.2181873
0.5720000 0.0185697
0.5730000 8.3555155
0.5740000 22.7851562
0.5750000 -48.9989433
0.5760000 69.5534439
0.5770000 9.1975212
0.5780000 -5.0216174
0.5790000 -5.4944620
0.5800000 -34.7422714
0.5810000 2.4904768
0.5820000 -25.7265530
0.5830000 34.6228104
0.5840000 -9.0469522
0.5850000 -15.7889957
0.5860000 -10.5346165
0.5870000 4.3809133
0.5880000 -7.7482476
0.5890000 -35.7171669
0.5900000 31.2711906
0.5910000 -9.2244205
0.5920000 19.4008999
0.5930000 -22.7891426
0.5940000 -14.1087418
0.5950000 -13.1800127
0.5960000 2.6487451
0.5970000 14.6019678
0.5980000 -34.7406921
0.5990000 -9.7434912
0.6000000 32.4790230
0.6010000 -4.1672325
0.6020000 -8.5128269
0.6030000 -7.9939823
0.6040000 -12.7736664
0.6050000 -15.6229095
0.6060000 -33.8990097
0.6070000 1.7629201
0.6080000 12.5265980
0.6090000 -28.4452934
0.6100000 -22.0940208
0.6110000 2.5248494
0.6120000 38.6302109
0.6130000 8.5980339
0.6140000 -22.8753567
0.6150000 -7.1555629
0.6160000 44.4197044
0.6170000 -17.7497253
0.6180000 25.1952686
0.6190000 17.9348412
0.6200000 37.3978119
0.6210000 36.8433228
0.6220000 75.9150543
0.6230000 10.2170591
0.6240000 -30.8594341
0.6250000 33.5579567
0.6260000 -57.0961266
0.6270000 36.3495026
0.6280000 49.5747108
0.6290000 -11.9218130
0.6300000 0.9793971
0.6310000 -15.1356106
0.6320000 -23.1173763
0.6330000 30.2924423
0.6340000 22.5253105
0.6350000 -16.1354141
0.6360000 67.4803314
0.6370000 21.4499989
0.6380000 56.6183395
0.6390000 -57.2669868
0.6400000 26.2004871
0.6410000 -15.2047987
0.6420000 4.6568041
0.6430000 -43.2074356
0.6440000 -32.2804375
0.6450000 58.8390045
0.6460000 -20.2344437
0.6470000 -20.2737484
0.6480000 -12.2830400
0.6490000 38.4434700
0.6500000 28.0572586
0.6510000 15.8738222
0.6520000 -13.2995319
0.6530000 -42.1704140
0.6540000 17.4671116
0.6550000 33.0299416
0.6560000 -11.9160910
0.6570000 25.4300537
0.6580000 -25.0370083
0.6590000 9.5927801
0.6600000 -18.4654541
0.6610000 -32.9449577
0.6620000 -45.9762001
0.6630000 -26.2319221
0.6640000 -22.4383411
0.6650000 -15.7354078
0.6660000 -29.6718979
0.6670000 14.3672781
0.6680000 -3.0426784
0.6690000 64.4996490
0.6700000 44.6768265
0.6710000 -20.4040661
0.6720000 -2.6695776
0.6730000 -16.4970856
0.6740000 -14.6093941
0.6750000 37.1062431
0.6760000 -15.9439011
0.6770000 -20.6427441
0.6780000 22.5403767
0.6790000 -11.3097324
0.6800000 -48.9670868
0.6810000 28.6070976
0.6820000 -8.6448822
0.6830000 36.0799980
0.6840000 14.1017570
0.6850000 -41.6587181
0.6860000 -58.0457191
0.6870000 44.7467155
0.6880000 6.2394872
0.6890000 -20.0653572
0.6900000 -39.4778938
0.6910000 24.9142494
0.6920000 -13.0936050
0.6930000 -10.4654713
0.6940000 -47.5245819
0.6950000 27.8045578
0.6960000 74.4199295
0.6970000 -24.6745911
0.6980000 25.1415939
0.6990000 64.1920547
0.7000000 -13.4900093
0.7010000 16.5578918
0.7020000 20.8771706
0.7030000 -1.1992537
0.7040000 -50.0253181
0.7050000 63.0892982
0.7060000 19.5587368
0.7070000 22.4425888
0.7080000 -9.5393476
0.7090000 -89.5373154
0.7100000 86.6153107
0.7110000 -57.0186424
0.7120000 47.1696281
0.7130000 -14.3579435
0.7140000 -51.6031227
0.7150000 -51.1773415
0.7160000 29.2418079
0.7170000 62.3454285
0.7180000 -34.2027359
0.7190000 -0.8695034
0.7200000 17.4578114
0.7210000 10.5694733
0.7220000 -22.1163177
0.7230000 77.1363373
0.7240000 26.8802299
0.7250000 1.6382109
0.7260000 -0.0051841
0.7270000 -15.9653902
0.7280000 7.4644718
0.7290000 29.5417500
0.7300000 -31.9966125
0.7310000 -13.6665859
0.7320000 2.4282489
0.7330000 33.2510719
0.7340000 -38.2321320
0.7350000 43.9588623
0.7360000 -3.7354245
0.7370000 -15.4832296
0.7380000 40.8268127
0.7390000 26.0734406
0.7400000 16.6360798
0.7410000 -36.1839256
0.7420000 -57.7723503
0.7430000 35.5017853
0.7440000 32.7086220
0.7450000 11.2241573
0.7460000 -33.9306526
0.7470000 13.6490974
0.7480000 32.7687263
0.7490000 -18.8932266
0.7500000 27.2867489
0.7510000 -10.7454414
0.7520000 -4.7446127
0.7530000 -15.6523924
0.7540000 4.1198220
0.7550000 -14.7928047
0.7560000 16.7177925
0.7570000 -17.7576141
0.7580000 7.5022163
0.7590000 21.8548241
0.7600000 36.1653481
0.7610000 -8.0876923
0.7620000 -77.6852417
0.7630000 31.9821548
0.7640000 5.4938202
0.7650000 -69.8099518
0.7660000 62.5634918
0.7670000 15.9248314
0.7680000 16.2893162
0.7690000 31.7098637
0.7700000 35.7758904
0.7710000 24.8035965
0.7720000 -28.9269600
0.7730000 27.8619099
0.7740000 -54.8219223
0.7750000 -24.3701839
0.7760000 -20.2882156
0.7770000 16.2808437
0.7780000 -13.7301321
0.7790000 -4.1562533
0.7800000 -26.5563965
0.7810000 40.6645317
0.7820000 16.1838207
0.7830000 -12.5877895
0.7840000 -45.2847786
0.7850000 12.8795567
0.7860000 3.5564775
0.7870000 -0.5940941
0.7880000 2.5081129
0.7890000 36.6109467
0.7900000 -21.9062080
0.7910000 11.0115385
0.7920000 -15.7603521
0.7930000 4.2574477
0.7940000 -60.3451309
0.7950000 4.8034530
0.7960000 -22.1745853
0.7970000 1.1820195
0.7980000 32.4732933
0.7990000 28.2140770
0.8000000 47.3890839
0.8010000 -65.0935135
0.8020000 -27.6195107
0.8030000 19.7272606
0.8040000 5.9776249
0.8050000 -34.8102722
0.8060000 -18.0361481
0.8070000 -43.0359268
0.8080000 71.0018692
0.8090000 7.5022345
0.8100000 38.7855072
0.8110000 -59.7216263
0.8120000 86.2358932
0.8130000 1.4063323
0.8140000 42.3336372
0.8150000 -23.6333237
0.8160000 21.3526840
0.8170000 18.6377850
0.8180000 8.0753059
0.8190000 1.5545851
0.8200000 -64.5885773
0.8210000 22.7377357
0.8220000 -41.9637871
0.8230000 27.9349728
0.8240000 12.5916462
0.8250000 -8.3914871
0.8260000 50.2918472
0.8270000 -33.5470390
0.8280000 -5.0896416
0.8290000 -11.3942633
0.8300000 49.7290421
0.8310000 26.7122154
0.8320000 -2.9025676
0.8330000 -2.1290600
0.8340000 41.8359756
0.8350000 -44.4127045
0.8360000 -36.6181412
0.8370000 42.8259430
0.8380000 -2.6228509
0.8390000 -72.6442566
0.8400000 -32.5074768
0.8410000 -53.1791115
0.8420000 -12.5363083
0.8430000 39.6673660
0.8440000 -68.2208557
0.8450000 -25.0079098
0.8460000 59.0860748
0.8470000 -14.6421747
0.8480000 -5.0970473
0.8490000 -20.1699314
0.8500000 -62.3599472
0.8510000 25.1844826
0.8520000 10.3699179
0.8530000 30.5146732
0.8540000 32.6098061
0.8550000 -39.4401016
0.8560000 -24.9849815
0.8570000 -5.4398427
0.8580000 -33.0706444
0.8590000 36.7026863
0.8600000 -22.4974403
0.8610000 -1.5067844
0.8620000 -3.6393235
0.8630000 3.2896128
0.8640000 -30.6961193
0.8650000 -11.1440506
0.8660000 -1.8570769
0.8670000 -52.2867165
0.8680000 -24.7958317
0.8690000 -13.3924961
0.8700000 33.0024529
0.8710000 -9.1779490
0.8720000 25.1576576
0.8730000 -28.6732616
0.8740000 -20.0932941
0.8750000 -27.7220383
0.8760000 7.5237761
0.8770000 39.7292938
0.8780000 -12.9447908
0.8790000 17.8900299
0.8800000 56.7860069
0.8810000 -12.8249207
0.8820000 -37.0635071
0.8830000 -14.0208225
0.8840000 -4.8120790
0.8850000 -53.3054008
0.8860000 25.1342506
0.8870000 -56.2917290
0.8880000 -15.5128574
0.8890000 -42.5317917
0.8900000 -0.8726753
0.8910000 36.6800804
0.8920000 -22.8419685
0.8930000 44.0041084
0.8940000 42.3362694
0.8950000 -47.4744949
0.8960000 18.1794243
0.8970000 -40.5306740
0.8980000 43.4790916
0.8990000 -45.3712845
0.9000000 20.0693493
0.9010000 2.5305746
0.9020000 -9.6791735
0.9030000 32.4491119
0.9040000 -31.2688198
0.9050000 14.2262516
0.9060000 -9.2531824
0.9070000 26.9129353
0.9080000 -15.5310240
0.9090000 -13.4981937
0.9100000 -31.7322845
0.9110000 -17.7528038
0.9120000 30.7977047
0.9130000 -34.8973808
0.9140000 60.3683815
0.9150000 10.8346939
0.9160000 0.5649526
0.9170000 -27.8696899
0.9180000 65.7373734
0.9190000 -15.8344975
0.9200000 17.6125546
0.9210000 24.1701431
0.9220000 -48.2503510
0.9230000 -45.0795746
0.9240000 16.0382843
0.9250000 13.4089041
0.9260000 -18.0020123
0.9270000 -51.3609734
0.9280000 17.8217335
0.9290000 -62.3689346
0.9300000 -6.7844138
0.9310000 -43.5756226
0.9320000 -42.6600418
0.9330000 31.1655159
0.9340000 17.1269569
0.9350000 44.9354553
0.9360000 18.6427937
0.9370000 60.1499748
0.9380000 0.0594122
0.9390000 -6.7829747
0.9400000 -7.3925900
0.9410000 21.4441261
0.9420000 11.9985943
0.9430000 25.4425030
0.9440000 35.7664986
0.9450000 -26.3956890
0.9460000 -10.3331614
0.9470000 -40.6732178
0.9480000 -53.4577713
0.9490000 50.3313446
0.9500000 -38.5393600
0.9510000 11.0690193
0.9520000 -4.0966167
0.9530000 -4.4150100
0.9540000 -23.8327332
0.9550000 -17.6179428
0.9560000 -2.6957169
0.9570000 26.4329567
0.9580000 -55.9268761
0.9590000 75.8624954
0.9600000 -15.9048538
0.9610000 -13.3180208
0.9620000 -13.7058868
0.9630000 -35.8698196
0.9640000 -2.8928475
0.9650000 -2.7939191
0.9660000 -42.6878891
0.9670000 7.3631587
0.9680000 -13.9223089
0.9690000 -50.3105087
0.9700000 10.1301689
0.9710000 62.5066109
0.9720000 -12.6586990
0.9730000 -41.0673485
0.9740000 -14.2196169
0.9750000 54.6334267
0.9760000 -7.1856108
0.9770000 -8.6934404
0.9780000 -32.7763481
0.9790000 6.6259069
0.9800000 26.6949558
0.9810000 -1.4246660
0.9820000 -29.5909519
0.9830000 46.5698547
0.9840000 -21.9122429
0.9850000 5.1955533
0.9860000 33.1041718
0.9870000 -12.6576843
0.9880000 -25.2403812
0.9890000 11.9411936
0.9900000 79.0765457
0.9910000 -44.3448448
0.9920000 -24.1883297
0.9930000 29.2336864
0.9940000 25.4937515
0.9950000 -30.2154064
0.9960000 6.4808192
0.9970000 65.0446625
0.9980000 0.7280942
0.9990000 -29.0113983
