0.0000000 44.1116066
0.0010000 -0.9811208
0.0020000 23.0028648
0.0030000 -39.6572990
0.0040000 22.3691788
0.0050000 6.5983238
0.0060000 -14.9459677
0.0070000 3.7426569
0.0080000 -14.1244354
0.0090000 36.9328346
0.0100000 -71.5461578
0.0110000 -30.2696152
0.0120000 9.7971859
0.0130000 -28.3227119
0.0140000 -68.5721512
0.0150000 15.0406866
0.0160000 -17.4582005
0.0170000 31.5362396
0.0180000 9.7185230
0.0190000 -22.1521301
0.0200000 -23.0819397
0.0210000 -17.9609146
0.0220000 -1.3855472
0.0230000 39.2849121
0.0240000 8.1747723
0.0250000 -2.4147453
0.0260000 -37.4587364
0.0270000 -23.0436859
0.0280000 13.4410658
0.0290000 40.4128418
0.0300000 63.8675194
0.0310000 26.5905457
0.0320000 27.0900402
0.0330000 -33.1607895
0.0340000 -2.9804776
0.0350000 23.2065659
0.0360000 19.0546932
0.0370000 -20.7403240
0.0380000 -4.3605423
0.0390000 1.2585006
0.0400000 -44.0211449
0.0410000 1.3565933
0.0420000 17.3438072
0.0430000 -27.8942547
0.0440000 20.0181351
0.0450000 0.6581199
0.0460000 42.1202354
0.0470000 24.1522350
0.0480000 -64.0533600
0.0490000 -16.1914520
0.0500000 -4.7741370
0.0510000 -15.4576101
0.0520000 -47.6947212
0.0530000 0.6192082
0.0540000 6.7681046
0.0550000 12.9503136
0.0560000 9.6902475
0.0570000 10.0526047
0.0580000 18.0122700
0.0590000 -43.8598022
0.0600000 -39.7425270
0.0610000 -23.6475182
0.0620000 -19.1976967
0.0630000 -20.2521725
0.0640000 -39.2931061
0.0650000 -53.9161034
0.0660000 14.1480570
0.0670000 -52.1028595
0.0680000 -50.7806664
0.0690000 -40.6323547
0.0700000 32.4724045
0.0710000 -10.4463491
0.0720000 12.6294107
0.0730000 20.7616749
0.0740000 24.9165478
0.0750000 -1.1329014
0.0760000 5.7753143
0.0770000 -67.1464157
0.0780000 15.4850264
0.0790000 -6.9896331
0.0800000 65.0278397
0.0810000 1.6953695
0.0820000 -28.1446209
0.0830000 -2.6764774
0.0840000 41.9745865
0.0850000 -1.7371241
0.0860000 -20.5975685
0.0870000 5.1596813
0.0880000 -28.9409962
0.0890000 -25.2527294
0.0900000 -19.9635677
0.0910000 -45.4362373
0.0920000 25.8470116
0.0930000 -8.8436165
0.0940000 -27.5712662
0.0950000 3.3326123
0.0960000 -22.5002022
0.0970000 0.8426201
0.0980000 -38.8035240
0.0990000 3.7772729
0.1000000 -10.1456432
0.1010000 38.3390083
0.1020000 -22.1495724
0.1030000 9.7719431
0.1040000 24.2133503
0.1050000 45.8701477
0.1060000 17.4514618
0.1070000 7.3938928
0.1080000 9.2035837
0.1090000 -79.1698227
0.1100000 -40.6596298
0.1110000 -48.4757118
0.1120000 -32.1175232
0.1130000 25.7522221
0.1140000 -4.3669963
0.1150000 -52.5266304
0.1160000 8.9259796
0.1170000 28.3680840
0.1180000 28.9220562
0.1190000 -33.2902527
0.1200000 -9.3458166
0.1210000 82.5369492
0.1220000 -27.3081112
0.1230000 38.0677261
0.1240000 65.4708557
0.1250000 -10.6906748
0.1260000 19.8991604
0.1270000 20.6658592
0.1280000 -5.6984034
0.1290000 14.5403156
0.1300000 6.9102068
0.1310000 21.3826923
0.1320000 16.5827637
0.1330000 -38.0362930
0.1340000 32.1442528
0.1350000 -27.2475395
0.1360000 21.8161316
0.1370000 -25.7008991
0.1380000 -5.3985748
0.1390000 31.9363518
0.1400000 10.4673109
0.1410000 -25.5126820
0.1420000 -30.1690655
0.1430000 10.3507023
0.1440000 -8.6905823
0.1450000 6.1203871
0.1460000 -0.2584791
0.1470000 -27.8933353
0.1480000 -14.5922508
0.1490000 -29.6115532
0.1500000 6.2137146
0.1510000 1.8639104
0.1520000 64.3831406
0.1530000 -56.6149635
0.1540000 -28.1442966
0.1550000 12.5315571
0.1560000 -44.9754562
0.1570000 0.3346836
0.1580000 13.0935926
0.1590000 15.4869108
0.1600000 -2.3082316
0.1610000 39.6457863
0.1620000 24.8094254
0.1630000 -10.3948317
0.1640000 -33.5181427
0.1650000 -2.4749990
0.1660000 -12.6803560
0.1670000 57.0009193
0.1680000 70.5577393
0.1690000 3.9682138
0.1700000 16.4867172
0.1710000 -44.0119972
0.1720000 -49.4691696
0.1730000 -17.5447922
0.1740000 70.6179352
0.1750000 15.8122311
0.1760000 55.6558685
0.1770000 56.3812294
0.1780000 -64.6000061
0.1790000 58.4678535
0.1800000 -31.7129650
0.1810000 5.4931583
0.1820000 -32.4943924
0.1830000 -2.9642098
0.1840000 35.6139679
0.1850000 33.0710373
0.1860000 -45.5117645
0.1870000 8.5815716
0.1880000 23.3387089
0.1890000 -12.2788191
0.1900000 -67.5929337
0.1910000 -46.6204834
0.1920000 -37.3224716
0.1930000 41.7172432
0.1940000 7.7166128
0.1950000 3.7464774
0.1960000 -14.6951208
0.1970000 -40.2419815
0.1980000 11.0219059
0.1990000 9.0709496
0.2000000 -18.6602955
0.2010000 26.6620827
0.2020000 42.6658974
0.2030000 -55.6582031
0.2040000 -22.4548492
0.2050000 -51.1236267
0.2060000 80.6808777
0.2070000 39.9297829
0.2080000 -22.6614227
0.2090000 -56.8313522
0.2100000 -59.7586479
0.2110000 12.3050079
0.2120000 -18.7474651
0.2130000 -53.2302170
0.2140000 100.2415085
0.2150000 6.9504018
0.2160000 -88.8515549
0.2170000 1.1888617
0.2180000 5.6991997
0.2190000 -47.3254662
0.2200000 -60.1602669
0.2210000 14.5472717
0.2220000 41.4869461
0.2230000 26.7546215
0.2240000 -78.7455521
0.2250000 -30.6143265
0.2260000 -15.9355164
0.2270000 25.2575722
0.2280000 -11.7939482
0.2290000 -3.0708876
0.2300000 2.3399343
0.2310000 36.1341629
0.2320000 -36.8206902
0.2330000 57.9810638
0.2340000 -36.2794075
0.2350000 -35.5681763
0.2360000 7.1151690
0.2370000 22.6741314
0.2380000 -81.5588760
0.2390000 35.7609062
0.2400000 -62.1565361
0.2410000 30.5423260
0.2420000 33.8755798
0.2430000 -15.7609415
0.2440000 -29.7159443
0.2450000 -13.0462103
0.2460000 95.3618622
0.2470000 -12.2190714
0.2480000 19.0594196
0.2490000 -18.3112946
0.2500000 -46.8439598
0.2510000 -13.3720798
0.2520000 -44.4122581
0.2530000 98.7807236
0.2540000 10.2962685
0.2550000 -0.8586339
0.2560000 18.7535973
0.2570000 29.6974297
0.2580000 -1.6540858
0.2590000 -40.8148117
0.2600000 2.0530612
0.2610000 -42.4182739
0.2620000 37.4563522
0.2630000 3.5096068
0.2640000 29.5633907
0.2650000 27.4419918
0.2660000 -47.4366188
0.2670000 -6.5763183
0.2680000 5.2670169
0.2690000 -30.1295891
0.2700000 39.8157234
0.2710000 -14.5839252
0.2720000 -83.2819748
0.2730000 -26.8077621
0.2740000 -13.6338692
0.2750000 -28.5082893
0.2760000 51.7780533
0.2770000 57.8069077
0.2780000 -11.6921959
0.2790000 23.4006004
0.2800000 65.0279617
0.2810000 52.5635300
0.2820000 49.2393494
0.2830000 18.0573750
0.2840000 67.3557510
0.2850000 -33.4224014
0.2860000 60.1267548
0.2870000 -11.4325104
0.2880000 12.8496284
0.2890000 17.5165863
0.2900000 26.0834789
0.2910000 -3.9405580
0.2920000 -25.8922691
0.2930000 -43.1771049
0.2940000 -21.1743717
0.2950000 -79.5869827
0.2960000 2.5226707
0.2970000 -9.8122950
0.2980000 -11.3277903
0.2990000 -59.7163391
0.3000000 16.2196293
0.3010000 -30.5079212
0.3020000 47.5872192
0.3030000 -17.4329433
0.3040000 56.8616333
0.3050000 50.7138405
0.3060000 -25.7686501
0.3070000 -0.7847295
0.3080000 -16.3608551
0.3090000 -61.3099136
0.3100000 -10.7550793
0.3110000 -45.1487427
0.3120000 50.7021446
0.3130000 28.5556374
0.3140000 -13.5216513
0.3150000 17.8270817
0.3160000 15.4726677
0.3170000 -7.3373356
0.3180000 15.9679928
0.3190000 11.8399315
0.3200000 36.9739990
0.3210000 13.6035309
0.3220000 -44.5485878
0.3230000 52.6190338
0.3240000 38.4949684
0.3250000 11.8286562
0.3260000 -52.7854614
0.3270000 18.5834980
0.3280000 -7.5545831
0.3290000 2.0142975
0.3300000 27.9482021
0.3310000 27.0635071
0.3320000 41.6169052
0.3330000 14.8147984
0.3340000 22.0010395
0.3350000 40.4704857
0.3360000 -27.9793339
0.3370000 -34.2000351
0.3380000 39.2948380
0.3390000 38.5679131
0.3400000 8.2460403
0.3410000 34.2842331
0.3420000 3.4095943
0.3430000 -9.3751717
0.3440000 33.3027878
0.3450000 -44.1468620
0.3460000 -23.2971420
0.3470000 -46.7765007
0.3480000 12.5778961
0.3490000 0.0438106
0.3500000 20.9247990
0.3510000 40.0789566
0.3520000 3.8357370
0.3530000 34.7744637
0.3540000 9.0414953
0.3550000 14.8301001
0.3560000 6.7828813
0.3570000 48.9629364
0.3580000 32.3231201
0.3590000 -27.0468826
0.3600000 -17.1745834
0.3610000 31.2293186
0.3620000 -27.3393230
0.3630000 -12.3461514
0.3640000 -21.5813446
0.3650000 -19.2526798
0.3660000 8.3894835
0.3670000 -4.5368485
0.3680000 13.3526497
0.3690000 -8.2337742
0.3700000 27.3502884
0.3710000 -77.0956650
0.3720000 -10.1209488
0.3730000 11.3300982
0.3740000 31.6886024
0.3750000 -8.2671080
0.3760000 24.0923080
0.3770000 38.1588402
0.3780000 32.7598114
0.3790000 30.1442127
0.3800000 45.3733101
0.3810000 32.5769424
0.3820000 -20.4149418
0.3830000 -0.3565338
0.3840000 -0.3445663
0.3850000 -27.6205425
0.3860000 74.6383057
0.3870000 -2.0185304
0.3880000 -23.8068275
0.3890000 -35.1577797
0.3900000 -8.8247671
0.3910000 48.7486191
0.3920000 -46.0945702
0.3930000 61.7044067
0.3940000 -29.1068077
0.3950000 4.7668986
0.3960000 13.8077621
0.3970000 15.7498388
0.3980000 -8.9936314
0.3990000 14.2700939
0.4000000 -25.0227299
0.4010000 24.6799297
0.4020000 -2.8637383
0.4030000 -53.7423019
0.4040000 -53.8336067
0.4050000 -11.1768818
0.4060000 -52.1416397
0.4070000 46.4504051
0.4080000 13.5624762
0.4090000 -97.5027390
0.4100000 23.5387840
0.4110000 -17.5649967
0.4120000 12.6341934
0.4130000 -8.4519701
0.4140000 -22.6411724
0.4150000 -6.5807838
0.4160000 -13.0647488
0.4170000 -12.8679171
0.4180000 32.5901871
0.4190000 -21.3359604
0.4200000 -9.0391350
0.4210000 -30.1038551
0.4220000 15.2109470
0.4230000 7.3817472
0.4240000 -13.7422304
0.4250000 33.0081253
0.4260000 34.2855339
0.4270000 25.5973587
0.4280000 39.2482758
0.4290000 32.6998367
0.4300000 22.8764858
0.4310000 -25.1250992
0.4320000 29.0659008
0.4330000 -8.9307957
0.4340000 22.6680546
0.4350000 36.7359009
0.4360000 -35.8208389
0.4370000 -24.8053093
0.4380000 -34.5914192
0.4390000 -79.5595703
0.4400000 38.7821350
0.4410000 24.2177563
0.4420000 12.6335182
0.4430000 -11.2625990
0.4440000 -21.3869171
0.4450000 -9.1510429
0.4460000 -53.4860611
0.4470000 -20.0628204
0.4480000 -21.4397125
0.4490000 6.3889470
0.4500000 0.6866502
0.4510000 24.4173737
0.4520000 -5.4269395
0.4530000 -112.1769028
0.4540000 84.0343857
0.4550000 58.7948799
0.4560000 36.2779083
0.4570000 50.5085793
0.4580000 -6.9009562
0.4590000 -3.3147600
0.4600000 -22.4413147
0.4610000 21.7692261
0.4620000 -22.6563892
0.4630000 -30.8900890
0.4640000 -50.4596825
0.4650000 -43.7587051
0.4660000 31.1582661
0.4670000 -18.6716194
0.4680000 44.1497459
0.4690000 -2.0621910
0.4700000 -23.9293957
0.4710000 -51.0139809
0.4720000 -22.3958206
0.4730000 32.8260002
0.4740000 6.5299797
0.4750000 29.2277279
0.4760000 41.5268478
0.4770000 -14.8029842
0.4780000 18.9307861
0.4790000 -52.5660248
0.4800000 32.5547523
0.4810000 -15.4459724
0.4820000 7.8490167
0.4830000 64.7091293
0.4840000 -42.7964783
0.4850000 43.7258377
0.4860000 -34.8815193
0.4870000 -15.3490200
0.4880000 9.6469250
0.4890000 13.1375809
0.4900000 47.7618523
0.4910000 62.4224243
0.4920000 35.4717560
0.4930000 -30.5509071
0.4940000 9.0382929
0.4950000 25.9744205
0.4960000 -93.4547272
0.4970000 22.7139778
0.4980000 48.5893784
0.4990000 -80.7894669
0.5000000 -4.5038223
0.5010000 -12.2887650
0.5020000 27.5395660
0.5030000 -62.6670189
0.5040000 -6.6537418
0.5050000 0.1522768
0.5060000 -15.1526136
0.5070000 5.5415001
0.5080000 16.2013302
0.5090000 -18.5761852
0.5100000 -7.8626852
0.5110000 12.3924398
0.5120000 -32.8958664
0.5130000 42.5434227
0.5140000 28.4884682
0.5150000 30.4819851
0.5160000 65.6966476
0.5170000 6.4941797
0.5180000 -53.7724228
0.5190000 -18.5188484
0.5200000 -6.2617807
0.5210000 31.5599632
0.5220000 -30.7580700
0.5230000 -9.6860361
0.5240000 6.7898922
0.5250000 28.8983440
0.5260000 -20.5199928
0.5270000 35.7153587
0.5280000 -54.9748917
0.5290000 -35.1320724
0.5300000 26.7109146
0.5310000 39.1430168
0.5320000 -29.9250259
0.5330000 -2.3123291
0.5340000 22.8820133
0.5350000 7.6800270
0.5360000 24.1289597
0.5370000 30.6618576
0.5380000 22.1241226
0.5390000 -106.3960953
0.5400000 -25.0577621
0.5410000 -30.7032757
0.5420000 30.7522030
0.5430000 9.6862640
0.5440000 23.5094757
0.5450000 9.6386957
0.5460000 11.8546286
0.5470000 20.9666882
0.5480000 -14.6311474
0.5490000 -35.7109146
0.5500000 4.5679417
0.5510000 51.7380028
0.5520000 -14.3851328
0.5530000 -16.8357468
0.5540000 -0.4716939
0.5550000 -65.2173080
0.5560000 8.8568468
0.5570000 68.1174850
0.5580000 59.8197975
0.5590000 -7.1325040
0.5600000 4.2565608
0.5610000 18.3154182
0.5620000 3.1265209
0.5630000 -0.4696792
0.5640000 -12.7463169
0.5650000 -19.8153076
0.5660000 67.5603180
0.5670000 22.8397713
0.5680000 43.8865089
0.5690000 -13.1616163
0.5700000 44.4608002
0.5710000 58.6552200
0.5720000 19.5328770
0.5730000 18.0932369
0.5740000 -24.4289856
0.5750000 -36.9625282
0.5760000 19.3974857
0.5770000 51.2239647
0.5780000 70.2383575
0.5790000 61.2431717
0.5800000 -29.5865669
0.5810000 33.0052223
0.5820000 -20.5643749
0.5830000 -35.5959892
0.5840000 -15.0970583
0.5850000 11.9514618
0.5860000 -74.0974426
0.5870000 -6.6811228
0.5880000 -45.3390923
0.5890000 -35.9853134
0.5900000 22.2585430
0.5910000 1.0592442
0.5920000 -53.8260422
0.5930000 4.9373550
0.5940000 9.6055088
0.5950000 7.9129329
0.5960000 -15.4344969
0.5970000 -7.6954246
0.5980000 -4.8744001
0.5990000 -0.8011928
0.6000000 13.4643793
0.6010000 107.4672470
0.6020000 -26.5329037
0.6030000 17.4083061
0.6040000 -42.9639549
0.6050000 -46.0719414
0.6060000 -9.3489542
0.6070000 -4.8235917
0.6080000 27.9560432
0.6090000 49.2484818
0.6100000 62.5480881
0.6110000 13.2095213
0.6120000 83.2434082
0.6130000 66.9587631
0.6140000 -54.1741905
0.6150000 51.5372734
0.6160000 10.7076406
0.6170000 -8.1466579
0.6180000 -39.5391884
0.6190000 90.8618469
0.6200000 13.0493479
0.6210000 27.1721745
0.6220000 66.2483902
0.6230000 12.7120342
0.6240000 -12.8875570
0.6250000 -39.4435616
0.6260000 54.0241661
0.6270000 20.8770046
0.6280000 -4.4186206
0.6290000 -39.3416405
0.6300000 -4.7430100
0.6310000 33.2540627
0.6320000 26.1998558
0.6330000 -1.8821504
0.6340000 19.8965988
0.6350000 5.0492105
0.6360000 -7.4950838
0.6370000 9.9938097
0.6380000 59.2298622
0.6390000 -40.8723907
0.6400000 16.5638638
0.6410000 -31.0205212
0.6420000 -17.5147800
0.6430000 -6.8095427
0.6440000 6.7464018
0.6450000 -31.1899471
0.6460000 -2.8171163
0.6470000 30.1393509
0.6480000 -54.9585457
0.6490000 7.8208718
0.6500000 -31.7757950
0.6510000 -50.3923874
0.6520000 -12.9112101
0.6530000 5.5380821
0.6540000 -29.4154301
0.6550000 46.7598953
0.6560000 -18.6511517
0.6570000 -37.7089272
0.6580000 55.8957329
0.6590000 -7.3755584
0.6600000 -24.0484409
0.6610000 -30.3892117
0.6620000 -19.2025299
0.6630000 39.3790474
0.6640000 22.3042946
0.6650000 -6.6530867
0.6660000 2.0550635
0.6670000 -0.9565074
0.6680000 -52.6844559
0.6690000 20.9104824
0.6700000 -31.4305973
0.6710000 -66.8092346
0.6720000 41.4370232
0.6730000 7.2703419
0.6740000 -21.7466316
0.6750000 -33.6329803
0.6760000 -6.2663956
0.6770000 -36.0844231
0.6780000 -8.8593922
0.6790000 1.5133934
0.6800000 -16.4921112
0.6810000 -48.6415710
0.6820000 -47.3138123
0.6830000 22.3112431
0.6840000 40.9428253
0.6850000 33.9207420
0.6860000 16.9877796
0.6870000 44.1358147
0.6880000 -34.3580627
0.6890000 10.5633326
0.6900000 -30.5396137
0.6910000 29.1497116
0.6920000 -46.1057281
0.6930000 -5.0403385
0.6940000 6.9952569
0.6950000 -53.2762527
0.6960000 35.5195541
0.6970000 -42.0409813
0.6980000 -11.7413836
0.6990000 42.4966621
0.7000000 1.4802470
0.7010000 -12.6812410
0.7020000 26.5526924
0.7030000 5.1202121
0.7040000 -37.2458496
0.7050000 -23.7745380
0.7060000 32.2934608
0.7070000 1.5088081
0.7080000 6.2510829
0.7090000 9.1242561
0.7100000 18.6214848
0.7110000 8.3447580
0.7120000 11.7610950
0.7130000 -4.4138160
0.7140000 40.3543625
0.7150000 -2.8753023
0.7160000 -89.3381424
0.7170000 34.8223572
0.7180000 -12.4842644
0.7190000 31.4019432
0.7200000 -6.2713113
0.7210000 48.7799377
0.7220000 33.3921394
0.7230000 -13.0952988
0.7240000 4.0652442
0.7250000 30.2579422
0.7260000 -31.3981819
0.7270000 -62.1900902
0.7280000 -14.9033346
0.7290000 -38.1111298
0.7300000 -44.3813667
0.7310000 63.5074730
0.7320000 -4.6320119
0.7330000 -23.4027863
0.7340000 43.2866592
0.7350000 19.9513054
0.7360000 -27.1189194
0.7370000 61.1852150
0.7380000 54.4855118
0.7390000 16.7543926
0.7400000 46.8868866
0.7410000 37.5909843
0.7420000 -27.0181313
0.7430000 7.2248583
0.7440000 25.9566574
0.7450000 72.7653656
0.7460000 0.3707961
0.7470000 -8.7139235
0.7480000 48.2801514
0.7490000 16.4522247
0.7500000 -46.8281174
0.7510000 12.0437775
0.7520000 -40.4060020
0.7530000 -36.5859184
0.7540000 -2.2151530
0.7550000 59.3809929
0.7560000 5.8518734
0.7570000 -29.8931637
0.7580000 10.5774460
0.7590000 -6.2484794
0.7600000 99.1501465
0.7610000 18.6989594
0.7620000 -17.1627102
0.7630000 -20.1198940
0.7640000 -95.6583252
0.7650000 10.3508501
0.7660000 -47.7131577
0.7670000 4.7671294
0.7680000 -23.3862534
0.7690000 10.6434202
0.7700000 -4.2810321
0.7710000 2.5325034
0.7720000 30.1208916
0.7730000 3.4392180
0.7740000 5.1545129
0.7750000 20.0181427
0.7760000 -13.7480345
0.7770000 13.7866211
0.7780000 -84.4127045
0.7790000 58.1387177
0.7800000 -68.7558060
0.7810000 -3.6853111
0.7820000 -27.4963932
0.7830000 23.8657227
0.7840000 -25.1651306
0.7850000 11.3142672
0.7860000 65.0354233
0.7870000 -34.0492897
0.7880000 34.4929008
0.7890000 4.8906345
0.7900000 69.8595428
0.7910000 -53.5163116
0.7920000 51.8544846
0.7930000 27.1106968
0.7940000 9.0598307
0.7950000 -23.7578487
0.7960000 -6.9315434
0.7970000 -26.9170303
0.7980000 -85.9891663
0.7990000 -44.0361214
0.8000000 21.2626286
0.8010000 14.6517467
0.8020000 12.8510494
0.8030000 40.5458984
0.8040000 -16.9410572
0.8050000 -3.0599542
0.8060000 -47.2604103
0.8070000 3.5257106
0.8080000 -18.2385101
0.8090000 8.9589834
0.8100000 -40.7090492
0.8110000 -59.7394257
0.8120000 -26.1117001
0.8130000 34.3915825
0.8140000 -6.6762996
0.8150000 -80.7240753
0.8160000 -13.1175575
0.8170000 39.5644493
0.8180000 25.8462486
0.8190000 -43.7981949
0.8200000 31.3953972
0.8210000 59.2368507
0.8220000 12.1761084
0.8230000 0.2692460
0.8240000 -34.9184227
0.8250000 21.1250114
0.8260000 16.4239864
0.8270000 -4.6359444
0.8280000 -25.2755470
0.8290000 -63.3234406
0.8300000 54.8070564
0.8310000 14.8827944
0.8320000 -14.8067513
0.8330000 -22.6472588
0.8340000 -3.5883448
0.8350000 2.9612985
0.8360000 15.7959681
0.8370000 -41.6484756
0.8380000 -47.7973557
0.8390000 -13.8654718
0.8400000 -17.4921265
0.8410000 20.8497334
0.8420000 -26.2192249
0.8430000 -10.1464024
0.8440000 54.5698586
0.8450000 40.2919693
0.8460000 107.6117554
0.8470000 100.1968155
0.8480000 -25.4910812
0.8490000 -19.7547703
0.8500000 -21.4316082
0.8510000 -12.3108635
0.8520000 58.3125954
0.8530000 -4.2205186
0.8540000 -41.2707748
0.8550000 -60.3085861
0.8560000 3.3759282
0.8570000 -6.6464677
0.8580000 9.3160028
0.8590000 -37.5483093
0.8600000 -4.5772038
0.8610000 -6.3793445
0.8620000 -48.4727707
0.8630000 39.1977539
0.8640000 13.9119158
0.8650000 18.7248783
0.8660000 34.9524345
0.8670000 -8.1169100
0.8680000 -44.9098053
0.8690000 1.4988137
0.8700000 -42.7030754
0.8710000 -51.0866203
0.8720000 58.8010063
0.8730000 -8.0631466
0.8740000 1.5529652
0.8750000 -55.4879341
0.8760000 -68.9721069
0.8770000 14.6693621
0.8780000 9.0505915
0.8790000 11.8071461
0.8800000 25.5334778
0.8810000 -11.2953205
0.8820000 -12.2141008
0.8830000 -10.7204466
0.8840000 -16.8124809
0.8850000 19.8696079
0.8860000 -15.5017071
0.8870000 -41.3212700
0.8880000 -74.2941589
0.8890000 -12.1204538
0.8900000 17.1132965
0.8910000 99.8561401
0.8920000 -53.5570641
0.8930000 -44.8383904
0.8940000 104.3374863
0.8950000 37.3888092
0.8960000 16.1831036
0.8970000 60.9921188
0.8980000 -3.5573304
0.8990000 -43.3869438
0.9000000 16.0115700
0.9010000 0.2432694
0.9020000 -62.1469841
0.9030000 16.0306568
0.9040000 -29.6895161
0.9050000 -19.8093796
0.9060000 68.6335144
0.9070000 -62.1835136
0.9080000 -34.9159584
0.9090000 -34.7206383
0.9100000 9.7585125
0.9110000 6.6206059
0.9120000 21.2364502
0.9130000 33.0051575
0.9140000 10.2516861
0.9150000 -13.3894758
0.9160000 -59.4592743
0.9170000 14.4885836
0.9180000 20.4753742
0.9190000 4.8628049
0.9200000 40.8828163
0.9210000 58.0459061
0.9220000 -0.4732055
0.9230000 18.3016548
0.9240000 -19.2001381
0.9250000 26.9890308
0.9260000 7.9264312
0.9270000 -1.4533846
0.9280000 47.2493668
0.9290000 -39.9467812
0.9300000 4.9397674
0.9310000 -18.8413086
0.9320000 -51.8859596
0.9330000 23.9709415
0.9340000 -61.7952614
0.9350000 22.7593460
0.9360000 -20.9772682
0.9370000 -55.9364014
0.9380000 -3.1844692
0.9390000 11.6777401
0.9400000 54.2277336
0.9410000 -25.5509472
0.9420000 10.3845634
0.9430000 -25.1764908
0.9440000 25.3191624
0.9450000 -53.2814560
0.9460000 -17.3472710
0.9470000 70.7443161
0.9480000 -3.6865699
0.9490000 12.9980507
0.9500000 62.5895119
0.9510000 0.3338231
0.9520000 10.6332321
0.9530000 -16.3700886
0.9540000 7.4578643
0.9550000 6.4034171
0.9560000 -41.4825134
0.9570000 -24.4872036
0.9580000 0.3537701
0.9590000 44.4421921
0.9600000 -3.6365674
0.9610000 29.7309570
0.9620000 7.7280235
0.9630000 -25.2974148
0.9640000 -55.4728279
0.9650000 15.7790527
0.9660000 -34.1021423
0.9670000 -7.6567268
0.9680000 -57.1332550
0.9690000 -39.5503387
0.9700000 -1.6879468
0.9710000 -15.1766472
0.9720000 35.7233582
0.9730000 -7.3194871
0.9740000 -21.9832516
0.9750000 34.4155350
0.9760000 -45.8979530
0.9770000 10.1048231
0.9780000 22.1058922
0.9790000 -57.4390373
0.9800000 11.9306993
0.9810000 37.4993134
0.9820000 -58.4040375
0.9830000 36.7580261
0.9840000 28.1241798
0.9850000 38.0080109
0.9860000 43.4304810
0.9870000 -36.1199608
0.9880000 39.6020203
0.9890000 15.3058987
0.9900000 59.1127014
0.9910000 -27.7181034
0.9920000 -50.1100578
0.9930000 26.1128368
0.9940000 -16.6280918
0.9950000 32.0694275
0.9960000 5.8144388
0.9970000 -11.2231121
0.9980000 -17.1348095
0.9990000 36.8741379
