0.0000000 34.4638023
0.0010000 15.3762779
0.0020000 -13.7880192
0.0030000 28.6008797
0.0040000 -23.2915287
0.0050000 39.8215790
0.0060000 -20.6374302
0.0070000 12.2439766
0.0080000 -36.7502365
0.0090000 9.5034714
0.0100000 -21.9166660
0.0110000 5.7584271
0.0120000 2.4504180
0.0130000 -50.2629509
0.0140000 -26.5518780
0.0150000 -6.4767566
0.0160000 -12.5415325
0.0170000 -43.1564026
0.0180000 23.1541615
0.0190000 -2.8688917
0.0200000 1.0594934
0.0210000 0.3082926
0.0220000 8.1552429
0.0230000 12.6995077
0.0240000 8.9072981
0.0250000 23.6569977
0.0260000 35.7759132
0.0270000 78.3794785
0.0280000 7.9397049
0.0290000 -3.4581461
0.0300000 -23.7027664
0.0310000 10.0646343
0.0320000 5.3662848
0.0330000 31.0829391
0.0340000 -6.6828322
0.0350000 2.9128602
0.0360000 -44.0763092
0.0370000 63.3311729
0.0380000 8.8672514
0.0390000 18.7069283
0.0400000 14.7081127
0.0410000 51.4478149
0.0420000 -1.3228706
0.0430000 -44.0749092
0.0440000 -14.8254652
0.0450000 -10.8817091
0.0460000 -74.8233109
0.0470000 -3.5450721
0.0480000 4.4030824
0.0490000 24.0884132
0.0500000 28.7608376
0.0510000 27.5285549
0.0520000 -98.4331665
0.0530000 -17.9619751
0.0540000 -71.8186874
0.0550000 -49.3885117
0.0560000 70.9001694
0.0570000 -3.2102423
0.0580000 8.2385044
0.0590000 -41.7737541
0.0600000 14.9798393
0.0610000 54.0550385
0.0620000 -51.8411980
0.0630000 86.1456375
0.0640000 -22.3308372
0.0650000 -18.2668018
0.0660000 -58.3280945
0.0670000 35.4731407
0.0680000 19.2268505
0.0690000 6.4702563
0.0700000 -46.2047882
0.0710000 -61.1307373
0.0720000 16.6778755
0.0730000 -17.3431702
0.0740000 14.5678816
0.0750000 6.7370329
0.0760000 -5.4221377
0.0770000 37.3652725
0.0780000 -32.6887741
0.0790000 -37.6428375
0.0800000 -49.3451157
0.0810000 135.4548950
0.0820000 -10.4071512
0.0830000 23.3424225
0.0840000 -2.0797668
0.0850000 50.9259758
0.0860000 28.2255821
0.0870000 11.2912426
0.0880000 -35.8698883
0.0890000 39.4168091
0.0900000 2.1581562
0.0910000 18.9601383
0.0920000 -0.5071493
0.0930000 27.6791496
0.0940000 -2.5666122
0.0950000 23.7887688
0.0960000 30.1647720
0.0970000 -12.5674019
0.0980000 -9.3456554
0.0990000 8.9227982
0.1000000 -4.5299077
0.1010000 21.4426327
0.1020000 -77.4482269
0.1030000 -54.5575142
0.1040000 25.6503849
0.1050000 -9.0847740
0.1060000 -20.3588963
0.1070000 -27.2056255
0.1080000 -22.9579659
0.1090000 -37.0898933
0.1100000 -3.4179146
0.1110000 -15.1357212
0.1120000 14.4122610
0.1130000 14.9414101
0.1140000 13.0730419
0.1150000 15.9603844
0.1160000 4.7853804
0.1170000 -57.6333771
0.1180000 8.5350122
0.1190000 -10.5727692
0.1200000 24.4917774
0.1210000 32.1194725
0.1220000 -31.8953667
0.1230000 15.9318542
0.1240000 -22.0789223
0.1250000 50.4961319
0.1260000 53.1898918
0.1270000 0.4400088
0.1280000 -0.4375763
0.1290000 -9.3863201
0.1300000 41.4176292
0.1310000 96.1208801
0.1320000 68.5584793
0.1330000 21.2464390
0.1340000 33.6766853
0.1350000 32.4188118
0.1360000 -9.4031639
0.1370000 68.6389236
0.1380000 8.3060923
0.1390000 18.4694691
0.1400000 -15.9255314
0.1410000 -40.3196678
0.1420000 -37.4014282
0.1430000 -35.5147095
0.1440000 -8.8220682
0.1450000 -46.1682549
0.1460000 47.8296204
0.1470000 66.6722946
0.1480000 -22.1777458
0.1490000 -8.9382591
0.1500000 41.8513336
0.1510000 -17.7516384
0.1520000 -12.2574234
0.1530000 70.3060989
0.1540000 -36.0296555
0.1550000 -29.7166672
0.1560000 5.8953180
0.1570000 14.6092005
0.1580000 9.7905464
0.1590000 4.5634766
0.1600000 -21.3477001
0.1610000 -38.7686348
0.1620000 -44.6863518
0.1630000 -21.8938274
0.1640000 34.9066467
0.1650000 -58.6960716
0.1660000 24.9408226
0.1670000 3.0946906
0.1680000 -36.9045219
0.1690000 -20.5859070
0.1700000 16.9643631
0.1710000 -17.7783699
0.1720000 -27.7631016
0.1730000 -17.5129166
0.1740000 59.8884850
0.1750000 60.7347450
0.1760000 5.8168478
0.1770000 21.1772327
0.1780000 -14.8813152
0.1790000 -10.8134260
0.1800000 -1.6774483
0.1810000 35.7867813
0.1820000 23.3519402
0.1830000 17.6490154
0.1840000 12.2266283
0.1850000 -55.2368050
0.1860000 23.3882713
0.1870000 13.6501694
0.1880000 58.7531815
0.1890000 -64.1814728
0.1900000 -28.5038242
0.1910000 -45.0099869
0.1920000 -10.1543217
0.1930000 63.7201042
0.1940000 130.9839172
0.1950000 -96.1226654
0.1960000 54.1339798
0.1970000 73.5895081
0.1980000 47.2399445
0.1990000 35.1838531
0.2000000 -43.7134895
0.2010000 -52.6212959
0.2020000 10.4024305
0.2030000 -10.9863625
0.2040000 18.6874123
0.2050000 -24.2911873
0.2060000 8.4013958
0.2070000 -45.1969643
0.2080000 62.8871956
0.2090000 -27.3251591
0.2100000 39.7837067
0.2110000 -42.1006317
0.2120000 -6.8815937
0.2130000 -22.2239246
0.2140000 -32.5638809
0.2150000 -0.3315148
0.2160000 61.2794685
0.2170000 7.5487595
0.2180000 48.7746773
0.2190000 -54.3874588
0.2200000 5.5872307
0.2210000 25.2456951
0.2220000 -69.5250320
0.2230000 -29.1826038
0.2240000 -40.2029648
0.2250000 12.3939066
0.2260000 -15.6228151
0.2270000 20.0543690
0.2280000 32.6797218
0.2290000 -81.8687744
0.2300000 20.6505508
0.2310000 96.0332260
0.2320000 -29.4424210
0.2330000 3.5248475
0.2340000 -0.3527703
0.2350000 32.3534317
0.2360000 -79.5272522
0.2370000 18.4999752
0.2380000 -12.4840937
0.2390000 9.1447001
0.2400000 9.8794050
0.2410000 -12.7627430
0.2420000 68.5486069
0.2430000 -81.5910797
0.2440000 -10.1171894
0.2450000 -46.6077538
0.2460000 -48.9860115
0.2470000 47.8984909
0.2480000 6.5704856
0.2490000 19.5966702
0.2500000 23.2801571
0.2510000 -1.9296514
0.2520000 -28.4783154
0.2530000 39.4916267
0.2540000 27.8160973
0.2550000 -48.9205475
0.2560000 -41.2772484
0.2570000 -95.9952927
0.2580000 -42.8918495
0.2590000 19.3630295
0.2600000 -79.2991333
0.2610000 21.1917248
0.2620000 -41.8127975
0.2630000 -30.6395073
0.2640000 17.6367645
0.2650000 -14.9202528
0.2660000 -43.0104218
0.2670000 30.5507984
0.2680000 -39.9433136
0.2690000 -19.8973713
0.2700000 -10.7775459
0.2710000 49.9707718
0.2720000 -9.1657915
0.2730000 -32.1522865
0.2740000 19.6103115
0.2750000 -5.3739853
0.2760000 3.0367045
0.2770000 10.3432398
0.2780000 21.0509834
0.2790000 -4.8243070
0.2800000 -27.3306313
0.2810000 7.5020137
0.2820000 16.3900299
0.2830000 36.6504211
0.2840000 73.9441223
0.2850000 -72.4698563
0.2860000 -0.6813990
0.2870000 18.7235336
0.2880000 27.4437180
0.2890000 -73.9272919
0.2900000 -2.5184910
0.2910000 -27.0821247
0.2920000 -14.2159901
0.2930000 -35.6333847
0.2940000 93.2057953
0.2950000 -22.4343433
0.2960000 33.1857529
0.2970000 38.7934952
0.2980000 -12.7016277
0.2990000 28.7779598
0.3000000 -41.1299057
0.3010000 30.1798973
0.3020000 20.5421944
0.3030000 -4.5884929
0.3040000 33.9263954
0.3050000 -32.8504486
0.3060000 33.1218834
0.3070000 14.0272560
0.3080000 -11.8192062
0.3090000 -16.0828876
0.3100000 25.8838348
0.3110000 -49.2790222
0.3120000 49.1502113
0.3130000 -28.9976349
0.3140000 14.7803726
0.3150000 -20.9165478
0.3160000 -6.1296735
0.3170000 -45.5045509
0.3180000 -73.9832077
0.3190000 -86.9569397
0.3200000 -2.0155237
0.3210000 17.4364243
0.3220000 40.1483612
0.3230000 -4.9290190
0.3240000 -36.1249886
0.3250000 19.3849010
0.3260000 95.9801712
0.3270000 -5.1120739
0.3280000 -3.3332922
0.3290000 -50.7704048
0.3300000 -27.5390854
0.3310000 12.8719778
0.3320000 38.8515320
0.3330000 30.1379261
0.3340000 67.1095963
0.3350000 -69.8111267
0.3360000 10.3870306
0.3370000 -51.7184906
0.3380000 11.8006945
0.3390000 15.1002083
0.3400000 -5.3806691
0.3410000 -9.0659399
0.3420000 45.1114426
0.3430000 22.8791847
0.3440000 33.6563187
0.3450000 25.5343494
0.3460000 16.4579124
0.3470000 19.3820190
0.3480000 -34.1574478
0.3490000 68.3877182
0.3500000 -79.4877167
0.3510000 23.5836754
0.3520000 -24.1999893
0.3530000 41.7129059
0.3540000 70.8212051
0.3550000 -30.3859406
0.3560000 30.0309563
0.3570000 -3.4497643
0.3580000 -39.9366722
0.3590000 -37.2410660
0.3600000 10.0622969
0.3610000 1.7554672
0.3620000 28.2936821
0.3630000 -19.3538303
0.3640000 13.5441704
0.3650000 18.7739868
0.3660000 -29.2095833
0.3670000 -126.4704666
0.3680000 66.1417465
0.3690000 54.5047493
0.3700000 29.1346684
0.3710000 15.8625507
0.3720000 -46.5441284
0.3730000 -23.8896790
0.3740000 43.6651802
0.3750000 31.4954033
0.3760000 -39.3439598
0.3770000 18.4021130
0.3780000 112.6306992
0.3790000 -13.8268385
0.3800000 -11.4990664
0.3810000 -39.4041100
0.3820000 29.9903736
0.3830000 -37.4796333
0.3840000 -15.1427460
0.3850000 28.1728077
0.3860000 21.6645260
0.3870000 -46.4947281
0.3880000 -61.8125381
0.3890000 -0.6185177
0.3900000 31.8258934
0.3910000 8.6486826
0.3920000 64.5461426
0.3930000 31.2193985
0.3940000 14.5220432
0.3950000 6.1528721
0.3960000 69.7952576
0.3970000 -30.8983860
0.3980000 68.8960800
0.3990000 19.2267857
0.4000000 9.8084126
0.4010000 24.5412540
0.4020000 -17.7799969
0.4030000 42.6473274
0.4040000 10.8989773
0.4050000 40.5298882
0.4060000 41.7727394
0.4070000 -38.8555260
0.4080000 -23.0080910
0.4090000 14.9524269
0.4100000 -27.0407906
0.4110000 -8.6214819
0.4120000 -4.1814642
0.4130000 -60.2058220
0.4140000 -25.6209984
0.4150000 -24.0397034
0.4160000 -11.1169252
0.4170000 -2.0164530
0.4180000 -9.6530914
0.4190000 -52.6632767
0.4200000 4.6766105
0.4210000 8.4531507
0.4220000 -65.9759750
0.4230000 13.7074032
0.4240000 -53.4606781
0.4250000 11.5257959
0.4260000 -10.3374548
0.4270000 -5.1605530
0.4280000 23.7993469
0.4290000 -60.0825958
0.4300000 16.4002666
0.4310000 -3.9079077
0.4320000 27.1344624
0.4330000 -12.5804539
0.4340000 -8.3027172
0.4350000 58.8663330
0.4360000 57.3727379
0.4370000 -47.1216278
0.4380000 -0.8976361
0.4390000 46.5520744
0.4400000 -15.0874224
0.4410000 -27.2895298
0.4420000 27.9407253
0.4430000 -18.1091957
0.4440000 84.9206238
0.4450000 -37.7830734
0.4460000 26.4698391
0.4470000 -26.7963352
0.4480000 -19.3470192
0.4490000 -36.1323013
0.4500000 -64.2289886
0.4510000 9.9533787
0.4520000 56.6391563
0.4530000 -34.6836510
0.4540000 108.1433487
0.4550000 31.4381809
0.4560000 -20.6207561
0.4570000 -0.7698547
0.4580000 61.9324036
0.4590000 0.8364666
0.4600000 -28.4318619
0.4610000 20.5709095
0.4620000 -51.1194611
0.4630000 74.2295685
0.4640000 8.5004148
0.4650000 -26.7559948
0.4660000 -20.9223595
0.4670000 -60.1969261
0.4680000 -115.7938232
0.4690000 -8.9206190
0.4700000 5.0489726
0.4710000 27.6746578
0.4720000 46.8578453
0.4730000 31.3848381
0.4740000 -2.2741978
0.4750000 -1.3364851
0.4760000 2.0600789
0.4770000 -32.4764938
0.4780000 50.3884850
0.4790000 -38.9427338
0.4800000 -6.7364626
0.4810000 -55.4297180
0.4820000 16.6963615
0.4830000 -44.6540947
0.4840000 43.4512024
0.4850000 29.3258781
0.4860000 -19.0171547
0.4870000 -30.0828075
0.4880000 -27.5902576
0.4890000 -15.7339563
0.4900000 12.6388340
0.4910000 -14.4638863
0.4920000 -28.9937553
0.4930000 -7.8187642
0.4940000 -1.1995192
0.4950000 -5.5651760
0.4960000 30.2740536
0.4970000 -51.5606842
0.4980000 40.7749863
0.4990000 7.5948129
0.5000000 -29.5394287
0.5010000 33.1933975
0.5020000 -51.4138718
0.5030000 -15.9393482
0.5040000 97.3633118
0.5050000 40.5628090
0.5060000 3.9764528
0.5070000 -33.4604568
0.5080000 27.3992519
0.5090000 36.3043709
0.5100000 35.5419617
0.5110000 26.8044643
0.5120000 6.4814944
0.5130000 -28.6348171
0.5140000 -32.1394615
0.5150000 -36.2792358
0.5160000 -25.3113823
0.5170000 -32.7291832
0.5180000 24.9100971
0.5190000 72.8985901
0.5200000 -53.7222481
0.5210000 -10.2498894
0.5220000 -20.5370007
0.5230000 -74.0071411
0.5240000 -44.0799103
0.5250000 -14.7791357
0.5260000 -5.9609270
0.5270000 -16.1818428
0.5280000 7.8451967
0.5290000 52.5642014
0.5300000 4.5461335
0.5310000 -38.7963676
0.5320000 -21.7527313
0.5330000 1.7369200
0.5340000 31.1207390
0.5350000 -29.1580296
0.5360000 -21.1032219
0.5370000 3.5931346
0.5380000 37.1702461
0.5390000 62.9288712
0.5400000 14.7779722
0.5410000 -26.5687866
0.5420000 -59.6875954
0.5430000 -15.2542830
0.5440000 -36.3684464
0.5450000 29.5713730
0.5460000 -11.9269190
0.5470000 -43.5864410
0.5480000 29.0664787
0.5490000 7.1961441
0.5500000 -57.0194130
0.5510000 34.6590881
0.5520000 -6.3099833
0.5530000 18.7746105
0.5540000 -13.3627872
0.5550000 -30.2338467
0.5560000 -31.2787476
0.5570000 4.8819275
0.5580000 30.6232224
0.5590000 3.5063734
0.5600000 33.4234390
0.5610000 21.5513935
0.5620000 7.1661263
0.5630000 22.4027653
0.5640000 -4.7561536
0.5650000 -16.1915455
0.5660000 58.9982033
0.5670000 -36.2188072
0.5680000 -24.0889854
0.5690000 44.3056641
0.5700000 -21.4488430
0.5710000 20.2307796
0.5720000 -90.3817978
0.5730000 -22.5340958
0.5740000 28.9733734
0.5750000 56.1957664
0.5760000 40.7335014
0.5770000 36.6179619
0.5780000 41.1782341
0.5790000 -21.4116745
0.5800000 5.1454134
0.5810000 -15.9377832
0.5820000 -17.4387360
0.5830000 4.3993025
0.5840000 -28.5422077
0.5850000 47.9005699
0.5860000 -87.2287903
0.5870000 28.1709118
0.5880000 27.7077427
0.5890000 -55.1242790
0.5900000 9.0376635
0.5910000 -49.5628090
0.5920000 -3.8934252
0.5930000 -8.2967844
0.5940000 6.8619003
0.5950000 8.3639479
0.5960000 -2.7735054
0.5970000 11.0466185
0.5980000 -12.9140806
0.5990000 33.4854736
0.6000000 9.2829494
0.6010000 36.9073715
0.6020000 -5.3849740
0.6030000 50.8558159
0.6040000 66.4373245
0.6050000 -7.2979498
0.6060000 13.7462540
0.6070000 -10.2414217
0.6080000 8.3962221
0.6090000 62.0327606
0.6100000 16.2823048
0.6110000 -3.9633284
0.6120000 -8.2721109
0.6130000 -52.9372749
0.6140000 29.6911182
0.6150000 15.5897322
0.6160000 -7.6746378
0.6170000 21.1304760
0.6180000 59.8944359
0.6190000 -21.8827572
0.6200000 6.9940834
0.6210000 -37.7938538
0.6220000 8.7244329
0.6230000 -52.6871910
0.6240000 1.7381099
0.6250000 -2.2053890
0.6260000 69.0319672
0.6270000 -27.4079361
0.6280000 63.5318375
0.6290000 -29.3966217
0.6300000 29.6705360
0.6310000 -28.7079372
0.6320000 -31.5842667
0.6330000 106.7866898
0.6340000 -25.4126644
0.6350000 48.3619537
0.6360000 -23.7293282
0.6370000 3.6206925
0.6380000 -19.2114754
0.6390000 -16.8073578
0.6400000 -29.6704845
0.6410000 4.0725503
0.6420000 40.5143547
0.6430000 14.5673218
0.6440000 36.7741318
0.6450000 -58.6829872
0.6460000 -15.5026894
0.6470000 34.0427666
0.6480000 -8.4961042
0.6490000 -13.0012579
0.6500000 -54.4958191
0.6510000 -27.6813316
0.6520000 -38.4954453
0.6530000 59.9473000
0.6540000 -45.8481750
0.6550000 53.1169167
0.6560000 32.4329910
0.6570000 5.6246357
0.6580000 -68.2541809
0.6590000 -1.4525205
0.6600000 -30.7530079
0.6610000 54.0907974
0.6620000 29.2584248
0.6630000 -39.0847702
0.6640000 73.5743484
0.6650000 38.7354927
0.6660000 11.9278145
0.6670000 -5.4452114
0.6680000 -12.0922565
0.6690000 -75.2898102
0.6700000 -15.9386835
0.6710000 0.4987847
0.6720000 22.6524277
0.6730000 18.3823032
0.6740000 -38.3007698
0.6750000 16.6536522
0.6760000 -4.8041835
0.6770000 -44.9186401
0.6780000 -43.6432343
0.6790000 1.7417806
0.6800000 -57.4933319
0.6810000 -6.3693814
0.6820000 18.0437260
0.6830000 43.2579041
0.6840000 -7.7699080
0.6850000 37.8271141
0.6860000 -64.9892349
0.6870000 -83.9310226
0.6880000 8.6934538
0.6890000 0.9720801
0.6900000 9.7521868
0.6910000 -18.8747616
0.6920000 28.6329994
0.6930000 -44.0195122
0.6940000 -0.8583835
0.6950000 4.3340511
0.6960000 37.8671455
0.6970000 58.5254059
0.6980000 16.4224377
0.6990000 -28.0992184
0.7000000 10.8969145
0.7010000 -21.5612659
0.7020000 67.5875778
0.7030000 -17.4623737
0.7040000 49.1235161
0.7050000 -38.0831604
0.7060000 22.2311230
0.7070000 -9.4808712
0.7080000 -36.4282799
0.7090000 -48.8671837
0.7100000 6.0584426
0.7110000 -15.8754425
0.7120000 -57.0619545
0.7130000 -19.8405151
0.7140000 101.5942383
0.7150000 28.2133694
0.7160000 -3.2133632
0.7170000 -18.3111839
0.7180000 -4.7182164
0.7190000 -58.6955452
0.7200000 -40.0894394
0.7210000 23.6228104
0.7220000 -24.0643768
0.7230000 -65.5611038
0.7240000 -15.2423544
0.7250000 95.5711441
0.7260000 -3.5222533
0.7270000 8.5582914
0.7280000 -22.7049580
0.7290000 -30.9450150
0.7300000 -21.9707317
0.7310000 -20.6661873
0.7320000 -18.1399994
0.7330000 -18.9015751
0.7340000 -83.2059250
0.7350000 90.6612396
0.7360000 13.9137678
0.7370000 -39.4141541
0.7380000 21.8933067
0.7390000 7.8195567
0.7400000 41.6331139
0.7410000 -14.5004740
0.7420000 61.8906288
0.7430000 42.5401764
0.7440000 87.0961990
0.7450000 10.4697199
0.7460000 1.1923866
0.7470000 -24.7678471
0.7480000 41.0785637
0.7490000 10.7994137
0.7500000 -31.6540031
0.7510000 -30.4868393
0.7520000 44.5300903
0.7530000 -4.0467191
0.7540000 -28.3087063
0.7550000 66.5452423
0.7560000 15.0874205
0.7570000 5.5963578
0.7580000 49.8384438
0.7590000 17.6283360
0.7600000 56.1111603
0.7610000 -44.6085320
0.7620000 1.9599805
0.7630000 -6.8824916
0.7640000 -10.1143942
0.7650000 1.0347661
0.7660000 -8.4836006
0.7670000 12.0390968
0.7680000 4.4304767
0.7690000 -38.4269943
0.7700000 -15.8017941
0.7710000 30.3599834
0.7720000 -0.9376696
0.7730000 7.1626387
0.7740000 -4.5205326
0.7750000 -3.2476976
0.7760000 -26.3592110
0.7770000 20.6823940
0.7780000 32.5748177
0.7790000 -25.8599644
0.7800000 21.7922668
0.7810000 54.4203491
0.7820000 8.9370422
0.7830000 -25.4940758
0.7840000 -26.2482243
0.7850000 -33.0175209
0.7860000 -27.3585415
0.7870000 8.4566021
0.7880000 -8.0185013
0.7890000 -31.1018581
0.7900000 -6.4021482
0.7910000 23.9990826
0.7920000 17.0116310
0.7930000 -6.7933249
0.7940000 8.9299078
0.7950000 35.7334442
0.7960000 -28.6297970
0.7970000 -10.8435440
0.7980000 -39.7014351
0.7990000 22.1625729
0.8000000 -0.2713946
0.8010000 -35.1519852
0.8020000 -0.4298261
0.8030000 21.8288021
0.8040000 22.2381401
0.8050000 81.0128021
0.8060000 42.0680542
0.8070000 -13.5039577
0.8080000 71.4074860
0.8090000 -28.6709728
0.8100000 -30.4553165
0.8110000 -22.8789005
0.8120000 9.7064610
0.8130000 -9.4073038
0.8140000 34.3404922
0.8150000 -11.1923933
0.8160000 37.5292206
0.8170000 26.1457138
0.8180000 33.8416748
0.8190000 5.2537889
0.8200000 39.4526062
0.8210000 -36.2829056
0.8220000 -7.2912250
0.8230000 -4.6325812
0.8240000 -8.7828178
0.8250000 -6.6494827
0.8260000 8.8399448
0.8270000 70.4915085
0.8280000 -21.4240837
0.8290000 1.4452950
0.8300000 20.1791458
0.8310000 65.7995682
0.8320000 -34.2206459
0.8330000 38.1474228
0.8340000 -19.1421661
0.8350000 20.0761299
0.8360000 42.2676735
0.8370000 18.7611294
0.8380000 5.7106857
0.8390000 5.3143339
0.8400000 -37.7623558
0.8410000 -11.6469593
0.8420000 -22.8157005
0.8430000 14.8641853
0.8440000 78.3351822
0.8450000 -18.5890102
0.8460000 12.1571302
0.8470000 -63.7068863
0.8480000 -6.4983912
0.8490000 0.5934119
0.8500000 9.4560490
0.8510000 -17.1017761
0.8520000 -48.8571815
0.8530000 -92.8386230
0.8540000 7.3891654
0.8550000 14.1088047
0.8560000 -7.3259277
0.8570000 1.6739621
0.8580000 1.7792836
0.8590000 26.3119507
0.8600000 16.9218903
0.8610000 -32.8896675
0.8620000 -41.9672928
0.8630000 12.6839714
0.8640000 -20.5304241
0.8650000 -3.3168106
0.8660000 24.9233799
0.8670000 -127.2093506
0.8680000 32.0286560
0.8690000 13.6052504
0.8700000 -75.3432083
0.8710000 32.0338173
0.8720000 42.9302330
0.8730000 27.7084084
0.8740000 25.0735188
0.8750000 30.7709866
0.8760000 1.3728262
0.8770000 26.0492611
0.8780000 -17.3022079
0.8790000 57.4303894
0.8800000 35.4282875
0.8810000 -35.5259018
0.8820000 -17.3722286
0.8830000 -17.1851959
0.8840000 -24.6643658
0.8850000 1.9227380
0.8860000 25.0819626
0.8870000 -9.3589144
0.8880000 -24.9571419
0.8890000 18.0830898
0.8900000 48.3203239
0.8910000 -48.1121712
0.8920000 -106.9317856
0.8930000 -25.5846081
0.8940000 -14.3065414
0.8950000 53.8999023
0.8960000 0.1610890
0.8970000 -5.3360114
0.8980000 20.6062012
0.8990000 30.1391602
0.9000000 2.7100194
0.9010000 -9.5177889
0.9020000 -96.4800720
0.9030000 -20.2871189
0.9040000 24.4107552
0.9050000 1.8666683
0.9060000 16.3115501
0.9070000 60.2372475
0.9080000 38.5848083
0.9090000 1.4802618
0.9100000 -6.2453756
0.9110000 -25.9615822
0.9120000 42.7264099
0.9130000 31.3481121
0.9140000 -12.0918360
0.9150000 -8.6201229
0.9160000 13.6077366
0.9170000 -34.4009209
0.9180000 -15.9307537
0.9190000 -4.3756599
0.9200000 -15.7605677
0.9210000 -57.6070137
0.9220000 37.0461769
0.9230000 -1.8424853
0.9240000 14.1632700
0.9250000 17.5377140
0.9260000 47.6026878
0.9270000 22.5402946
0.9280000 -3.3290553
0.9290000 -0.2239666
0.9300000 28.5567932
0.9310000 42.6239586
0.9320000 14.4111118
0.9330000 -20.6576748
0.9340000 11.5970564
0.9350000 26.6202488
0.9360000 -17.8869381
0.9370000 16.0586033
0.9380000 18.2963104
0.9390000 -0.4795586
0.9400000 -18.4152966
0.9410000 1.6493363
0.9420000 35.9051361
0.9430000 -65.8360825
0.9440000 74.5457230
0.9450000 -33.2202263
0.9460000 22.9801216
0.9470000 -31.6327419
0.9480000 21.4953823
0.9490000 -37.2629051
0.9500000 -51.5574341
0.9510000 36.1658669
0.9520000 -29.0246449
0.9530000 -44.6131592
0.9540000 -44.4918137
0.9550000 67.5141296
0.9560000 -67.1031723
0.9570000 13.8959255
0.9580000 -19.7667503
0.9590000 27.1909637
0.9600000 -60.9549675
0.9610000 -1.6196331
0.9620000 -12.6127396
0.9630000 29.6801033
0.9640000 -1.2209053
0.9650000 -2.3491573
0.9660000 -12.9733200
0.9670000 -13.8771782
0.9680000 56.2954941
0.9690000 47.9664001
0.9700000 -7.2955933
0.9710000 29.2393284
0.9720000 -49.1076355
0.9730000 37.8380547
0.9740000 76.8136520
0.9750000 12.5924587
0.9760000 8.3144770
0.9770000 13.5230160
0.9780000 -11.7836304
0.9790000 6.8253403
0.9800000 9.3755589
0.9810000 -29.8190632
0.9820000 14.2859173
0.9830000 -8.0618162
0.9840000 28.8031063
0.9850000 -30.3616581
0.9860000 4.1114955
0.9870000 31.7545738
0.9880000 -12.2494345
0.9890000 41.2950172
0.9900000 79.9531326
0.9910000 13.1778049
0.9920000 -21.6585484
0.9930000 4.8934321
0.9940000 -3.2963078
0.9950000 9.7226677
0.9960000 -48.0969582
0.9970000 38.7298431
0.9980000 3.4900849
0.9990000 18.2018871
