0.0000000 17.5459976
0.0010000 -26.6196499
0.0020000 -18.1209888
0.0030000 19.5107384
0.0040000 -22.4499187
0.0050000 24.6014576
0.0060000 -18.4391766
0.0070000 -42.6978874
0.0080000 -29.4323349
0.0090000 29.4111652
0.0100000 45.4810028
0.0110000 7.6579542
0.0120000 -8.1289234
0.0130000 13.4723501
0.0140000 -21.7928314
0.0150000 -8.9634476
0.0160000 15.3822460
0.0170000 17.0352974
0.0180000 -14.7825918
0.0190000 -26.7659245
0.0200000 -2.9995646
0.0210000 -21.2062759
0.0220000 71.2315445
0.0230000 -37.7116470
0.0240000 -5.1694164
0.0250000 -42.5585327
0.0260000 -78.9026031
0.0270000 -3.4219525
0.0280000 8.4368725
0.0290000 -2.5426180
0.0300000 -38.2162704
0.0310000 5.8921661
0.0320000 1.4554274
0.0330000 -18.1506386
0.0340000 16.4760666
0.0350000 -22.0260353
0.0360000 12.9986048
0.0370000 -25.5111847
0.0380000 -22.6636410
0.0390000 -23.8363323
0.0400000 -17.8827724
0.0410000 16.9891624
0.0420000 35.4136162
0.0430000 44.0506325
0.0440000 32.9524536
0.0450000 -15.5369835
0.0460000 94.0193863
0.0470000 -2.6175756
0.0480000 32.7828140
0.0490000 -1.2130214
0.0500000 -20.6089611
0.0510000 -54.1018715
0.0520000 34.8053970
0.0530000 0.5486515
0.0540000 42.2489777
0.0550000 30.4796009
0.0560000 -13.0453434
0.0570000 -35.4672203
0.0580000 -19.1649818
0.0590000 -3.6374106
0.0600000 45.9996986
0.0610000 -22.5688381
0.0620000 -17.2209225
0.0630000 -52.0088120
0.0640000 15.0132513
0.0650000 6.5906482
0.0660000 -29.0000496
0.0670000 -29.6211224
0.0680000 21.6671696
0.0690000 -12.0820303
0.0700000 10.6026154
0.0710000 -32.7600975
0.0720000 14.3932667
0.0730000 33.2397385
0.0740000 -40.8994675
0.0750000 -1.0638130
0.0760000 -7.1464190
0.0770000 22.4585514
0.0780000 -21.3132114
0.0790000 15.8842878
0.0800000 29.8851624
0.0810000 -58.7852020
0.0820000 57.0112762
0.0830000 -17.0087299
0.0840000 41.9682541
0.0850000 18.5498581
0.0860000 -17.6988564
0.0870000 -8.8687248
0.0880000 42.6965790
0.0890000 43.3148880
0.0900000 30.6348400
0.0910000 54.0621681
0.0920000 -25.7282829
0.0930000 -49.1610107
0.0940000 -27.3032551
0.0950000 -12.4558582
0.0960000 31.0652676
0.0970000 9.2951078
0.0980000 -16.8412228
0.0990000 24.8942776
0.1000000 -25.9166431
0.1010000 -81.1457901
0.1020000 33.9508743
0.1030000 16.6504288
0.1040000 -28.9225445
0.1050000 58.3894005
0.1060000 28.4724922
0.1070000 41.0867996
0.1080000 10.3560734
0.1090000 -9.5972185
0.1100000 29.1416912
0.1110000 -1.0579028
0.1120000 -3.4217315
0.1130000 46.7926559
0.1140000 -4.4138093
0.1150000 -18.6727924
0.1160000 56.1420441
0.1170000 16.9198208
0.1180000 3.5632994
0.1190000 -3.2160339
0.1200000 -49.2270470
0.1210000 -19.5525112
0.1220000 51.8228836
0.1230000 -31.3113346
0.1240000 -2.5883892
0.1250000 46.2217751
0.1260000 -18.0023518
0.1270000 87.6743240
0.1280000 -7.0814629
0.1290000 -11.6770010
0.1300000 55.9506912
0.1310000 -43.2588844
0.1320000 -31.4408169
0.1330000 -8.7576036
0.1340000 13.7330637
0.1350000 22.5796223
0.1360000 -64.1604233
0.1370000 15.7197161
0.1380000 16.3310566
0.1390000 -4.3756971
0.1400000 -28.6600513
0.1410000 -3.9898188
0.1420000 -14.3633966
0.1430000 -0.5015730
0.1440000 -61.5468674
0.1450000 49.0375786
0.1460000 -4.2524900
0.1470000 3.9801636
0.1480000 -27.9441376
0.1490000 8.5204620
0.1500000 -34.2139091
0.1510000 -74.5426636
0.1520000 15.0441952
0.1530000 6.6565666
0.1540000 -6.7972522
0.1550000 -3.7533062
0.1560000 17.7336369
0.1570000 -60.9470062
0.1580000 44.4897270
0.1590000 13.1218328
0.1600000 25.4060345
0.1610000 -79.7418747
0.1620000 -3.2222214
0.1630000 15.2620611
0.1640000 15.0012217
0.1650000 -20.2090378
0.1660000 2.1086521
0.1670000 -62.5590324
0.1680000 -5.5194774
0.1690000 11.1293077
0.1700000 55.4390831
0.1710000 -52.1446609
0.1720000 -7.7469726
0.1730000 -42.8406219
0.1740000 23.7238541
0.1750000 5.6212349
0.1760000 -57.0802269
0.1770000 -70.7743988
0.1780000 27.7577019
0.1790000 23.7656689
0.1800000 -1.6974883
0.1810000 5.2373710
0.1820000 -18.3420563
0.1830000 -32.9318886
0.1840000 -7.5138164
0.1850000 -50.1486549
0.1860000 11.2653904
0.1870000 -28.5707130
0.1880000 -60.8354111
0.1890000 24.4909344
0.1900000 22.9290180
0.1910000 -1.7956935
0.1920000 11.4743118
0.1930000 -39.9676285
0.1940000 30.4912434
0.1950000 -22.2275753
0.1960000 77.3708115
0.1970000 -21.3358822
0.1980000 9.6035385
0.1990000 -15.4496031
0.2000000 -15.5902557
0.2010000 -29.6820011
0.2020000 19.4263363
0.2030000 -0.0193307
0.2040000 15.6428165
0.2050000 -39.3688469
0.2060000 -11.6625166
0.2070000 37.0177460
0.2080000 29.0747948
0.2090000 14.2153320
0.2100000 -49.5128326
0.2110000 18.4807739
0.2120000 -24.5473328
0.2130000 4.2166901
0.2140000 -44.0509949
0.2150000 10.2472057
0.2160000 47.9737816
0.2170000 -42.1697998
0.2180000 67.3820343
0.2190000 39.8186531
0.2200000 -66.7774887
0.2210000 -9.0250072
0.2220000 65.0098877
0.2230000 -50.1624756
0.2240000 -26.9040279
0.2250000 63.6223412
0.2260000 -21.3204136
0.2270000 14.6533365
0.2280000 -2.8736446
0.2290000 1.2457366
0.2300000 8.7722349
0.2310000 34.0604515
0.2320000 2.6859934
0.2330000 -51.6506081
0.2340000 -3.3360565
0.2350000 4.6593080
0.2360000 31.3094788
0.2370000 19.7340813
0.2380000 -13.5183859
0.2390000 12.4996948
0.2400000 -37.5964470
0.2410000 -12.0461636
0.2420000 -87.3596802
0.2430000 24.3878136
0.2440000 31.3186302
0.2450000 -48.1759338
0.2460000 37.0819664
0.2470000 52.6931686
0.2480000 -51.5181694
0.2490000 -67.0964279
0.2500000 -27.9458542
0.2510000 -33.6154251
0.2520000 -15.9728947
0.2530000 -80.6210022
0.2540000 -1.3079089
0.2550000 -4.4438372
0.2560000 -44.2821426
0.2570000 19.5160065
0.2580000 72.6120453
0.2590000 -28.4090233
0.2600000 0.0674870
0.2610000 -30.1462364
0.2620000 18.9641838
0.2630000 -55.0167351
0.2640000 0.9927417
0.2650000 -69.4252319
0.2660000 -44.1058846
0.2670000 20.4506626
0.2680000 70.4343414
0.2690000 -30.9064350
0.2700000 -40.9228973
0.2710000 -66.1404495
0.2720000 26.6145935
0.2730000 47.2869072
0.2740000 34.9771843
0.2750000 -44.5846901
0.2760000 -35.5488663
0.2770000 -18.3046474
0.2780000 45.0361290
0.2790000 -51.1959114
0.2800000 43.7019730
0.2810000 -44.1355286
0.2820000 43.9034958
0.2830000 -5.5569448
0.2840000 25.7320747
0.2850000 -8.6561632
0.2860000 -6.5566936
0.2870000 -16.8655128
0.2880000 -74.7842255
0.2890000 48.8419952
0.2900000 29.4862309
0.2910000 38.6028404
0.2920000 -19.6655388
0.2930000 -31.1199341
0.2940000 -7.0588412
0.2950000 22.5020027
0.2960000 10.7600765
0.2970000 0.4477377
0.2980000 -8.2956657
0.2990000 9.9220934
0.3000000 -8.4975815
0.3010000 -38.5007935
0.3020000 20.1024990
0.3030000 33.3211670
0.3040000 -78.6408310
0.3050000 -20.5606976
0.3060000 32.3290176
0.3070000 9.5753126
0.3080000 -6.4514890
0.3090000 23.6260204
0.3100000 18.6125813
0.3110000 36.6628876
0.3120000 -6.5941205
0.3130000 -27.3332062
0.3140000 11.3728065
0.3150000 28.0791073
0.3160000 -21.2824116
0.3170000 -31.5934830
0.3180000 36.5294991
0.3190000 -49.9285316
0.3200000 53.4826126
0.3210000 31.5061474
0.3220000 16.4364300
0.3230000 -37.3593864
0.3240000 81.2853165
0.3250000 27.2002373
0.3260000 -68.0333099
0.3270000 35.7368546
0.3280000 24.7070580
0.3290000 25.7892361
0.3300000 -8.4759731
0.3310000 46.6329498
0.3320000 -7.2010078
0.3330000 24.6739845
0.3340000 43.4883842
0.3350000 -21.4112034
0.3360000 38.4828148
0.3370000 -77.5069199
0.3380000 10.5790577
0.3390000 27.4957390
0.3400000 -61.7810478
0.3410000 -3.3782778
0.3420000 38.6517944
0.3430000 -25.2878952
0.3440000 -13.6688833
0.3450000 8.8451014
0.3460000 -31.1616802
0.3470000 -22.2837925
0.3480000 8.7686148
0.3490000 -12.7991209
0.3500000 -55.5941353
0.3510000 64.2614365
0.3520000 53.1256752
0.3530000 57.2846069
0.3540000 -11.7940722
0.3550000 58.5276718
0.3560000 53.5691261
0.3570000 -55.5548897
0.3580000 -31.2960548
0.3590000 28.3142433
0.3600000 -1.9560988
0.3610000 -61.0684013
0.3620000 -9.6427555
0.3630000 4.5622272
0.3640000 -16.3253098
0.3650000 -47.1969604
0.3660000 -29.8406620
0.3670000 -23.6855488
0.3680000 -50.2104645
0.3690000 -33.7613792
0.3700000 24.1629314
0.3710000 -15.0451946
0.3720000 -9.0065651
0.3730000 -32.2595863
0.3740000 2.1313832
0.3750000 10.9362583
0.3760000 0.6204822
0.3770000 -6.0872450
0.3780000 -9.6058035
0.3790000 -2.0001194
0.3800000 61.2575111
0.3810000 -5.1660318
0.3820000 61.5385971
0.3830000 12.4668722
0.3840000 -0.6076322
0.3850000 -28.0659752
0.3860000 -22.9279251
0.3870000 -93.8382492
0.3880000 -17.4296684
0.3890000 -1.5681973
0.3900000 50.9610596
0.3910000 -12.9941082
0.3920000 -16.1728287
0.3930000 -4.1431799
0.3940000 39.5977364
0.3950000 1.8703464
0.3960000 7.0278859
0.3970000 18.0646267
0.3980000 0.1867682
0.3990000 86.2067871
0.4000000 -46.4933739
0.4010000 8.1572666
0.4020000 27.3625450
0.4030000 -0.7924829
0.4040000 21.6952019
0.4050000 76.9261551
0.4060000 11.2686634
0.4070000 38.0737495
0.4080000 -39.9168129
0.4090000 27.7203884
0.4100000 -15.0521297
0.4110000 -61.6209221
0.4120000 -6.9308157
0.4130000 16.4750690
0.4140000 95.2283325
0.4150000 31.6384068
0.4160000 5.0994105
0.4170000 -39.6420364
0.4180000 16.0567131
0.4190000 -40.9868774
0.4200000 -25.9456291
0.4210000 -28.1818447
0.4220000 -9.8742466
0.4230000 9.3885975
0.4240000 8.2994261
0.4250000 -26.6794224
0.4260000 -46.4011726
0.4270000 43.7190323
0.4280000 -50.5173988
0.4290000 29.3492775
0.4300000 55.0612259
0.4310000 -42.2269936
0.4320000 64.3110886
0.4330000 8.4906120
0.4340000 2.0463943
0.4350000 33.0134811
0.4360000 -13.9846334
0.4370000 -22.2051144
0.4380000 -5.6418624
0.4390000 -68.4386749
0.4400000 100.6341629
0.4410000 -20.7124500
0.4420000 -52.0959778
0.4430000 -8.0577049
0.4440000 -33.3090134
0.4450000 -0.7213647
0.4460000 50.6749496
0.4470000 -17.9009705
0.4480000 -6.9471540
0.4490000 -32.6974564
0.4500000 12.7530479
0.4510000 39.2603226
0.4520000 -51.5932426
0.4530000 -10.6627474
0.4540000 -16.5290470
0.4550000 -57.6290245
0.4560000 13.9122438
0.4570000 -12.7861147
0.4580000 -3.8909423
0.4590000 -63.0320015
0.4600000 -35.2375488
0.4610000 7.0694675
0.4620000 27.6416607
0.4630000 -11.9541550
0.4640000 -17.3080406
0.4650000 -41.9688339
0.4660000 31.6953030
0.4670000 -1.7965615
0.4680000 15.6843510
0.4690000 12.3549500
0.4700000 29.9460793
0.4710000 6.0310307
0.4720000 -27.8120613
0.4730000 -19.8829212
0.4740000 -66.9816208
0.4750000 -3.6300261
0.4760000 -32.1143951
0.4770000 -70.2062149
0.4780000 18.4356403
0.4790000 -14.8151875
0.4800000 -16.1995087
0.4810000 -94.3036118
0.4820000 8.4425545
0.4830000 -95.6473160
0.4840000 -5.3466578
0.4850000 3.4532945
0.4860000 -26.4334869
0.4870000 14.3211451
0.4880000 9.9588871
0.4890000 -62.2060852
0.4900000 -45.6644325
0.4910000 4.7476087
0.4920000 13.1346588
0.4930000 -10.4528828
0.4940000 -39.4729996
0.4950000 20.2667885
0.4960000 -30.8993015
0.4970000 5.1985378
0.4980000 1.5333279
0.4990000 13.1254101
0.5000000 -33.5836143
0.5010000 39.0653267
0.5020000 28.6994381
0.5030000 -62.1829185
0.5040000 -22.8240852
0.5050000 35.4796486
0.5060000 -52.0045776
0.5070000 26.2495117
0.5080000 -24.8415546
0.5090000 -5.1890893
0.5100000 58.7339859
0.5110000 -7.5570788
0.5120000 7.0345683
0.5130000 -14.5209970
0.5140000 10.3497353
0.5150000 41.9867859
0.5160000 -21.5154247
0.5170000 -35.1361732
0.5180000 -1.9545777
0.5190000 45.6093178
0.5200000 33.4427109
0.5210000 23.8014355
0.5220000 48.4459763
0.5230000 -28.5973701
0.5240000 90.6953125
0.5250000 -4.1678343
0.5260000 -6.7156510
0.5270000 -32.4203415
0.5280000 63.4230766
0.5290000 38.5833664
0.5300000 -12.2110615
0.5310000 -24.5866299
0.5320000 -29.1532021
0.5330000 -22.4020290
0.5340000 -55.3515015
0.5350000 -9.2794266
0.5360000 4.2661605
0.5370000 35.7210312
0.5380000 94.3954849
0.5390000 15.8038673
0.5400000 8.0520563
0.5410000 11.0111990
0.5420000 34.5686111
0.5430000 -21.3921261
0.5440000 18.0662975
0.5450000 2.1246526
0.5460000 -16.6236763
0.5470000 -15.4263792
0.5480000 0.6464020
0.5490000 10.0832834
0.5500000 23.4078159
0.5510000 -14.8750801
0.5520000 -15.4351311
0.5530000 29.3588409
0.5540000 -6.6542253
0.5550000 12.3529835
0.5560000 -12.5326223
0.5570000 9.8175316
0.5580000 -64.9744186
0.5590000 44.5461655
0.5600000 -30.9251938
0.5610000 -26.4929218
0.5620000 -54.2671738
0.5630000 -16.0077572
0.5640000 4.8965173
0.5650000 -33.9279366
0.5660000 -0.8112687
0.5670000 13.9164572
0.5680000 -26.3661919
0.5690000 27.8201332
0.5700000 -10.2915211
0.5710000 29.2770691
0.5720000 3.0972059
0.5730000 -22.6155910
0.5740000 -6.2750297
0.5750000 13.1809177
0.5760000 6.6038299
0.5770000 40.4879150
0.5780000 19.8146133
0.5790000 -23.0516777
0.5800000 38.2201042
0.5810000 45.6476974
0.5820000 -32.2812576
0.5830000 -41.8533554
0.5840000 -39.4573326
0.5850000 -33.2435951
0.5860000 -8.8561163
0.5870000 -56.0849266
0.5880000 -22.0634594
0.5890000 30.1183395
0.5900000 18.9539146
0.5910000 37.3173485
0.5920000 -55.5312843
0.5930000 43.7676888
0.5940000 7.5472975
0.5950000 -25.6168900
0.5960000 -39.3273697
0.5970000 0.3312534
0.5980000 12.8703928
0.5990000 -22.6399879
0.6000000 -13.9886150
0.6010000 -12.9679041
0.6020000 -33.4389267
0.6030000 7.1194625
0.6040000 28.1806011
0.6050000 47.8350601
0.6060000 26.5534687
0.6070000 17.3962841
0.6080000 21.6466331
0.6090000 -30.5492992
0.6100000 -30.0291519
0.6110000 21.2458057
0.6120000 46.1502762
0.6130000 2.7359786
0.6140000 -11.5216084
0.6150000 -56.8407021
0.6160000 49.1541252
0.6170000 -29.5022278
0.6180000 21.7987156
0.6190000 -17.2548008
0.6200000 32.7972984
0.6210000 17.8416004
0.6220000 -40.0027084
0.6230000 53.0976524
0.6240000 -15.5542126
0.6250000 -6.3538308
0.6260000 -46.1598396
0.6270000 -11.0508556
0.6280000 -29.0510197
0.6290000 -5.7301111
0.6300000 -6.5960093
0.6310000 98.2605972
0.6320000 36.1406364
0.6330000 -2.9151592
0.6340000 56.8118782
0.6350000 -34.0122757
0.6360000 0.1235548
0.6370000 3.5259917
0.6380000 83.2036514
0.6390000 33.7740822
0.6400000 -54.2512779
0.6410000 16.5538445
0.6420000 18.0233994
0.6430000 9.1436577
0.6440000 -10.9973097
0.6450000 27.0273743
0.6460000 9.6597013
0.6470000 12.4463825
0.6480000 -7.1761184
0.6490000 -20.6233673
0.6500000 -26.7593136
0.6510000 -9.9880018
0.6520000 4.8904457
0.6530000 26.2701015
0.6540000 -64.2637711
0.6550000 37.7693138
0.6560000 -46.2468719
0.6570000 8.6110916
0.6580000 61.2874641
0.6590000 6.6163597
0.6600000 -1.3851178
0.6610000 28.5550251
0.6620000 -7.0912766
0.6630000 -42.8289680
0.6640000 3.7708545
0.6650000 8.8749104
0.6660000 -4.4147077
0.6670000 37.6174393
0.6680000 -56.8243408
0.6690000 -47.5410919
0.6700000 -61.0566254
0.6710000 6.4258342
0.6720000 6.6480136
0.6730000 52.5937538
0.6740000 -41.0639839
0.6750000 -27.1007328
0.6760000 29.2372398
0.6770000 -48.3814240
0.6780000 6.3427734
0.6790000 45.6410027
0.6800000 18.6949120
0.6810000 52.8036728
0.6820000 -17.5518780
0.6830000 38.0099220
0.6840000 1.5442561
0.6850000 -39.9935722
0.6860000 -3.3289697
0.6870000 -31.0371132
0.6880000 38.7439919
0.6890000 -18.5896435
0.6900000 -24.3091755
0.6910000 -40.7472038
0.6920000 6.1392665
0.6930000 30.4842339
0.6940000 -5.2206526
0.6950000 -13.1355562
0.6960000 16.7287560
0.6970000 14.9212856
0.6980000 0.5076622
0.6990000 -6.2341480
0.7000000 37.7976418
0.7010000 -39.1978264
0.7020000 38.1453362
0.7030000 -24.9396515
0.7040000 -14.4468756
0.7050000 -10.5181103
0.7060000 -40.0854492
0.7070000 -23.2520103
0.7080000 -62.4631157
0.7090000 -48.6764412
0.7100000 -3.1256502
0.7110000 33.5101700
0.7120000 -57.7173309
0.7130000 15.7983675
0.7140000 -44.6749306
0.7150000 3.1701791
0.7160000 20.0332870
0.7170000 53.4822350
0.7180000 -36.1247253
0.7190000 48.6226654
0.7200000 26.2677994
0.7210000 4.9444818
0.7220000 29.2273903
0.7230000 17.4545307
0.7240000 11.5046053
0.7250000 -16.8085403
0.7260000 14.4150209
0.7270000 10.1730909
0.7280000 21.5363007
0.7290000 5.1679635
0.7300000 1.4094951
0.7310000 -18.8917809
0.7320000 34.0110474
0.7330000 4.7389045
0.7340000 -17.5387039
0.7350000 -8.6791935
0.7360000 32.4533348
0.7370000 37.1882591
0.7380000 32.9763336
0.7390000 10.6397324
0.7400000 -44.8160057
0.7410000 -4.3291025
0.7420000 14.3263083
0.7430000 -7.0455647
0.7440000 -4.6221356
0.7450000 18.1036491
0.7460000 -17.1037445
0.7470000 1.4654915
0.7480000 25.4378090
0.7490000 -17.8618984
0.7500000 -20.4913692
0.7510000 -8.0994606
0.7520000 -3.5577395
0.7530000 55.7658081
0.7540000 -20.3865433
0.7550000 -1.7449147
0.7560000 -6.2553210
0.7570000 24.4978619
0.7580000 11.2151775
0.7590000 -28.7544422
0.7600000 -23.0643387
0.7610000 48.1331711
0.7620000 46.7737694
0.7630000 -37.3841057
0.7640000 68.6950073
0.7650000 -39.2372665
0.7660000 63.8151588
0.7670000 45.2873116
0.7680000 -79.6934586
0.7690000 103.0910492
0.7700000 -46.1323891
0.7710000 13.2540569
0.7720000 14.1633320
0.7730000 30.4093533
0.7740000 -22.2568626
0.7750000 -49.1636734
0.7760000 5.6600327
0.7770000 5.6491475
0.7780000 -13.3845024
0.7790000 -16.6571789
0.7800000 37.9863586
0.7810000 37.5724335
0.7820000 -20.1256886
0.7830000 -47.1275139
0.7840000 -34.1408157
0.7850000 75.6750488
0.7860000 -9.1059990
0.7870000 63.8099518
0.7880000 -35.8535156
0.7890000 -2.2733252
0.7900000 -10.2482166
0.7910000 51.5192184
0.7920000 -32.0548210
0.7930000 -37.7679024
0.7940000 8.9847975
0.7950000 -9.9203329
0.7960000 -9.3223896
0.7970000 7.9335151
0.7980000 24.4207096
0.7990000 7.8907266
0.8000000 -30.2700596
0.8010000 18.6885281
0.8020000 30.8411942
0.8030000 34.8611641
0.8040000 -30.5418777
0.8050000 -8.7058020
0.8060000 -23.6118679
0.8070000 26.7775269
0.8080000 6.2503262
0.8090000 -3.4796550
0.8100000 24.6824265
0.8110000 27.2883568
0.8120000 -6.8656688
0.8130000 10.9888458
0.8140000 12.3892345
0.8150000 -14.2410984
0.8160000 -48.7358246
0.8170000 -31.6048450
0.8180000 4.9978375
0.8190000 42.9795532
0.8200000 19.8782825
0.8210000 -45.4522018
0.8220000 -0.9545671
0.8230000 -8.7694845
0.8240000 -25.8424225
0.8250000 37.4251060
0.8260000 -48.4151077
0.8270000 -10.1358538
0.8280000 -3.7431800
0.8290000 -5.8011575
0.8300000 -14.5667210
0.8310000 87.0205994
0.8320000 16.2028580
0.8330000 7.1829276
0.8340000 -14.5826273
0.8350000 -6.0344572
0.8360000 -48.5058899
0.8370000 -13.4023933
0.8380000 8.4115677
0.8390000 88.9831619
0.8400000 -50.1859856
0.8410000 -7.7766647
0.8420000 3.9914896
0.8430000 46.4465027
0.8440000 4.8044739
0.8450000 -53.9430962
0.8460000 12.1865435
0.8470000 -34.3709335
0.8480000 -1.0723172
0.8490000 24.5247421
0.8500000 -15.8121624
0.8510000 -24.4421558
0.8520000 -40.2959747
0.8530000 41.5426826
0.8540000 -50.1206055
0.8550000 52.8618584
0.8560000 32.4053268
0.8570000 33.6577568
0.8580000 -54.1026421
0.8590000 -17.5229511
0.8600000 -1.6253592
0.8610000 -49.6303406
0.8620000 -16.9288483
0.8630000 29.6111183
0.8640000 4.3222656
0.8650000 1.2088983
0.8660000 1.4083575
0.8670000 -50.2288551
0.8680000 6.8172898
0.8690000 -49.3607979
0.8700000 3.9175050
0.8710000 -2.3244874
0.8720000 -9.8973188
0.8730000 -3.2920146
0.8740000 -22.3123436
0.8750000 17.6807041
0.8760000 5.8755345
0.8770000 -47.9091301
0.8780000 -15.9601994
0.8790000 -17.8286591
0.8800000 87.1067810
0.8810000 77.6226349
0.8820000 -98.2461319
0.8830000 34.9324188
0.8840000 27.4416466
0.8850000 -28.3192368
0.8860000 7.7135091
0.8870000 48.8436928
0.8880000 32.5606804
0.8890000 -3.0249627
0.8900000 5.7584538
0.8910000 -15.5608759
0.8920000 7.2324433
0.8930000 -64.6624908
0.8940000 21.6268005
0.8950000 -41.2642937
0.8960000 -56.8956757
0.8970000 52.7040215
0.8980000 27.5893879
0.8990000 -49.4851913
0.9000000 96.6424332
0.9010000 43.0366364
0.9020000 -0.8523483
0.9030000 -26.2744083
0.9040000 -6.3744078
0.9050000 39.0443840
0.9060000 -29.7017231
0.9070000 -25.5430508
0.9080000 63.9991341
0.9090000 70.5153198
0.9100000 13.2783222
0.9110000 -46.3655663
0.9120000 -28.8392448
0.9130000 33.5741615
0.9140000 -10.9041910
0.9150000 -42.1901054
0.9160000 -44.0792847
0.9170000 -25.4106655
0.9180000 -37.3660049
0.9190000 -41.7854652
0.9200000 -2.0523887
0.9210000 24.9318752
0.9220000 -22.6525974
0.9230000 1.5566286
0.9240000 19.2586784
0.9250000 -44.8967323
0.9260000 -9.9439383
0.9270000 -6.9755640
0.9280000 -100.5543060
0.9290000 -21.3747005
0.9300000 -16.5853958
0.9310000 -4.3574576
0.9320000 -31.3822956
0.9330000 -13.4032660
0.9340000 7.4445128
0.9350000 21.7920914
0.9360000 0.0434555
0.9370000 -4.1396375
0.9380000 -13.4770241
0.9390000 -20.6346569
0.9400000 -11.7953777
0.9410000 -71.6150284
0.9420000 -37.9359627
0.9430000 41.7977676
0.9440000 -5.0078654
0.9450000 -40.9738197
0.9460000 16.7909088
0.9470000 -25.4970112
0.9480000 -57.7916298
0.9490000 -8.1305361
0.9500000 11.2625713
0.9510000 -8.7789888
0.9520000 -35.5598145
0.9530000 6.8480587
0.9540000 -11.9758282
0.9550000 42.3265648
0.9560000 -24.6229229
0.9570000 21.6981945
0.9580000 28.0326958
0.9590000 -7.3451838
0.9600000 -0.2051612
0.9610000 2.8853567
0.9620000 -14.6128082
0.9630000 -22.6614685
0.9640000 33.5538025
0.9650000 103.8400421
0.9660000 15.6337337
0.9670000 38.0573921
0.9680000 69.2445145
0.9690000 -36.8684311
0.9700000 16.5222225
0.9710000 -37.7001686
0.9720000 79.5122681
0.9730000 50.1857414
0.9740000 14.9965382
0.9750000 21.2970295
0.9760000 39.7861214
0.9770000 -62.5353622
0.9780000 36.6404533
0.9790000 13.3063116
0.9800000 -100.5110168
0.9810000 0.6322894
0.9820000 -4.6235366
0.9830000 9.7424002
0.9840000 24.8451920
0.9850000 54.2684669
0.9860000 -21.8010769
0.9870000 12.1902189
0.9880000 -0.1600649
0.9890000 -39.3901558
0.9900000 -23.6016846
0.9910000 25.6471233
0.9920000 7.0156903
0.9930000 -14.4981804
0.9940000 -31.7604828
0.9950000 44.4572906
0.9960000 9.1406698
0.9970000 42.0079956
0.9980000 1.9270378
0.9990000 34.3352356
