0.0000000 33.4094620
0.0010000 29.9492607
0.0020000 -36.2456551
0.0030000 -9.0915585
0.0040000 -8.1681347
0.0050000 9.5291395
0.0060000 -20.0782223
0.0070000 3.1561852
0.0080000 2.0716157
0.0090000 14.9846306
0.0100000 16.4993572
0.0110000 -12.5501623
0.0120000 3.3222518
0.0130000 -17.7970772
0.0140000 -44.5824432
0.0150000 49.1847687
0.0160000 -58.6046028
0.0170000 -0.6248558
0.0180000 -3.1761432
0.0190000 -37.1657753
0.0200000 -3.0898993
0.0210000 30.5219803
0.0220000 -39.4207344
0.0230000 0.5846913
0.0240000 -2.1739898
0.0250000 17.1096153
0.0260000 10.8960409
0.0270000 48.3579254
0.0280000 -13.9963446
0.0290000 -1.8916318
0.0300000 -33.2218323
0.0310000 -35.3753510
0.0320000 -42.6254196
0.0330000 -3.9296851
0.0340000 -36.0240326
0.0350000 -0.1989260
0.0360000 21.0810890
0.0370000 73.5372772
0.0380000 -60.4458847
0.0390000 -49.4309464
0.0400000 76.4880447
0.0410000 -20.8426838
0.0420000 60.2417717
0.0430000 -10.9924088
0.0440000 -10.0342588
0.0450000 -33.6849518
0.0460000 58.4073257
0.0470000 67.7811432
0.0480000 -87.6705780
0.0490000 -52.1158600
0.0500000 -23.8867168
0.0510000 -44.5342522
0.0520000 -18.4279232
0.0530000 -55.3657379
0.0540000 -24.3421040
0.0550000 23.8991909
0.0560000 7.6110363
0.0570000 -35.3732605
0.0580000 -60.3874435
0.0590000 77.1350327
0.0600000 34.0253410
0.0610000 1.4440684
0.0620000 -57.9703407
0.0630000 -2.3302164
0.0640000 -62.5615082
0.0650000 -3.4013014
0.0660000 28.6900692
0.0670000 -3.5844855
0.0680000 -15.2754278
0.0690000 27.6232662
0.0700000 -65.4958038
0.0710000 -42.8867989
0.0720000 4.6021314
0.0730000 -20.4065628
0.0740000 10.6532478
0.0750000 -24.8685970
0.0760000 -26.0712357
0.0770000 -47.0082054
0.0780000 15.0530939
0.0790000 7.9487209
0.0800000 -25.3343487
0.0810000 -8.7475348
0.0820000 29.1989021
0.0830000 -51.1415443
0.0840000 -31.9125824
0.0850000 -26.0727177
0.0860000 75.7877197
0.0870000 20.6052933
0.0880000 59.2353477
0.0890000 2.1936872
0.0900000 -27.0021420
0.0910000 -68.0138855
0.0920000 77.4071426
0.0930000 -20.7438679
0.0940000 0.6709828
0.0950000 -10.3069277
0.0960000 37.1701393
0.0970000 -5.9669037
0.0980000 14.5254402
0.0990000 -20.7057972
0.1000000 6.5250106
0.1010000 14.8026314
0.1020000 46.7111626
0.1030000 16.7308388
0.1040000 -11.9987774
0.1050000 -5.1970582
0.1060000 -6.6769371
0.1070000 29.5129528
0.1080000 -20.8557682
0.1090000 -5.2873378
0.1100000 16.4529877
0.1110000 -15.7392149
0.1120000 -29.4622955
0.1130000 -26.5384579
0.1140000 -75.3396530
0.1150000 -9.7536001
0.1160000 16.9013557
0.1170000 69.5846710
0.1180000 4.1412110
0.1190000 -50.0738525
0.1200000 38.3373032
0.1210000 53.8396225
0.1220000 -12.2396231
0.1230000 11.9910736
0.1240000 5.5049911
0.1250000 -44.1525307
0.1260000 1.2694960
0.1270000 36.9340363
0.1280000 53.4750938
0.1290000 -34.2099724
0.1300000 52.2627296
0.1310000 19.2956257
0.1320000 41.4432716
0.1330000 -19.9334927
0.1340000 -42.0339127
0.1350000 -15.4687424
0.1360000 -78.6322556
0.1370000 -55.2339935
0.1380000 -6.2106476
0.1390000 71.8782501
0.1400000 5.1386380
0.1410000 -76.7128601
0.1420000 -2.5883136
0.1430000 33.6049004
0.1440000 18.8273067
0.1450000 39.1420135
0.1460000 -36.2188148
0.1470000 -5.8879018
0.1480000 19.9895515
0.1490000 -30.1416588
0.1500000 18.9725132
0.1510000 -11.5001230
0.1520000 -31.3544121
0.1530000 -0.2572444
0.1540000 -22.0323944
0.1550000 27.8952084
0.1560000 -31.6626873
0.1570000 9.4001513
0.1580000 43.6776161
0.1590000 -7.1942377
0.1600000 33.3193588
0.1610000 -39.2661133
0.1620000 -12.4566402
0.1630000 7.0579405
0.1640000 36.6790009
0.1650000 -23.8829422
0.1660000 -3.5169866
0.1670000 -3.8782835
0.1680000 -11.1510782
0.1690000 -70.9975967
0.1700000 -43.7909241
0.1710000 -23.5479107
0.1720000 -8.1670656
0.1730000 -13.3473997
0.1740000 -33.3619347
0.1750000 30.5218773
0.1760000 -40.0304680
0.1770000 -23.4902802
0.1780000 1.3275993
0.1790000 71.5723495
0.1800000 -16.5615368
0.1810000 14.4377756
0.1820000 5.3158345
0.1830000 6.0373397
0.1840000 -2.2802887
0.1850000 -46.0733528
0.1860000 12.6921482
0.1870000 47.4512711
0.1880000 -56.6118660
0.1890000 -27.7130356
0.1900000 -0.3844728
0.1910000 8.7591448
0.1920000 -41.4504662
0.1930000 34.3710518
0.1940000 6.9020443
0.1950000 -11.0259409
0.1960000 43.4686470
0.1970000 70.3769379
0.1980000 -35.3765411
0.1990000 -63.1142464
0.2000000 40.4063187
0.2010000 54.7356339
0.2020000 -16.2286606
0.2030000 59.7204437
0.2040000 19.2262821
0.2050000 -33.8765411
0.2060000 30.7044678
0.2070000 -73.4478531
0.2080000 8.0005989
0.2090000 -48.0919991
0.2100000 49.2921104
0.2110000 -2.8678281
0.2120000 -11.5006704
0.2130000 -62.0914383
0.2140000 -10.9774189
0.2150000 52.7539825
0.2160000 20.6775951
0.2170000 -18.1081715
0.2180000 74.6168365
0.2190000 9.1164150
0.2200000 -31.5224876
0.2210000 -2.1982508
0.2220000 17.9896908
0.2230000 -44.7568436
0.2240000 96.8747253
0.2250000 -41.5916939
0.2260000 -4.3135018
0.2270000 -9.6544189
0.2280000 21.5854225
0.2290000 9.9941006
0.2300000 25.4836998
0.2310000 24.9918194
0.2320000 -30.2331944
0.2330000 8.5264502
0.2340000 -28.3196468
0.2350000 -50.7057228
0.2360000 -85.3285522
0.2370000 38.2820015
0.2380000 31.1972046
0.2390000 -18.3892746
0.2400000 -32.6193314
0.2410000 22.3025742
0.2420000 -65.0926208
0.2430000 26.7853355
0.2440000 43.4451027
0.2450000 30.4125004
0.2460000 24.2603645
0.2470000 14.1871910
0.2480000 -0.7451216
0.2490000 12.7251024
0.2500000 71.9382324
0.2510000 -62.6947517
0.2520000 33.5933228
0.2530000 -12.8010750
0.2540000 3.5751204
0.2550000 52.5010757
0.2560000 50.1546173
0.2570000 18.7622757
0.2580000 13.9236517
0.2590000 7.4240079
0.2600000 -18.1284103
0.2610000 -11.9657288
0.2620000 -40.3322105
0.2630000 21.9715786
0.2640000 55.3325539
0.2650000 1.5428727
0.2660000 -23.1804600
0.2670000 -46.5920448
0.2680000 2.3951905
0.2690000 -1.9074935
0.2700000 14.4507208
0.2710000 -27.8703175
0.2720000 58.5155258
0.2730000 -40.9192123
0.2740000 12.4440174
0.2750000 -27.2544556
0.2760000 -13.5722017
0.2770000 7.9380598
0.2780000 30.0817204
0.2790000 -23.4419136
0.2800000 13.0473652
0.2810000 24.1458683
0.2820000 6.9073730
0.2830000 -36.9521446
0.2840000 -17.0354309
0.2850000 -13.7496462
0.2860000 23.5550060
0.2870000 -26.9591465
0.2880000 -5.3085976
0.2890000 16.4825497
0.2900000 -20.9925289
0.2910000 -30.5465355
0.2920000 -11.3917150
0.2930000 -27.9498081
0.2940000 -13.3335218
0.2950000 1.8604621
0.2960000 -45.2002449
0.2970000 7.9478230
0.2980000 -36.3352585
0.2990000 -60.1873703
0.3000000 -12.1291695
0.3010000 -4.4444046
0.3020000 -6.9278975
0.3030000 -23.4769077
0.3040000 -0.6870738
0.3050000 -6.3105774
0.3060000 52.7991791
0.3070000 4.5407219
0.3080000 -4.3695188
0.3090000 -26.3792381
0.3100000 9.7462664
0.3110000 6.0810447
0.3120000 -4.2402301
0.3130000 14.3907108
0.3140000 -38.6993561
0.3150000 33.4228325
0.3160000 -3.0971341
0.3170000 1.3266528
0.3180000 -37.9384384
0.3190000 -77.5380478
0.3200000 42.0005455
0.3210000 31.4865742
0.3220000 -3.8751087
0.3230000 -40.3618240
0.3240000 -6.4235940
0.3250000 -1.3310879
0.3260000 16.1856976
0.3270000 35.8222809
0.3280000 6.1269927
0.3290000 10.3884115
0.3300000 -37.9521294
0.3310000 -66.9747849
0.3320000 68.2351837
0.3330000 70.2061386
0.3340000 16.2999649
0.3350000 -36.1153755
0.3360000 26.5185719
0.3370000 -4.7475376
0.3380000 52.3469658
0.3390000 -39.7054024
0.3400000 -30.9255314
0.3410000 7.3064642
0.3420000 -36.2729874
0.3430000 33.2912903
0.3440000 24.4928455
0.3450000 -8.1942253
0.3460000 2.7451441
0.3470000 -41.7407227
0.3480000 -10.5518904
0.3490000 10.4131994
0.3500000 -32.2547264
0.3510000 7.2297368
0.3520000 0.5257707
0.3530000 -35.0684853
0.3540000 -6.2188892
0.3550000 11.1469402
0.3560000 -66.0675888
0.3570000 -44.4371262
0.3580000 -57.2876625
0.3590000 -5.7858911
0.3600000 -31.4667969
0.3610000 -32.3835945
0.3620000 -35.3072472
0.3630000 47.5406113
0.3640000 39.8345108
0.3650000 4.6588511
0.3660000 -21.4471035
0.3670000 1.3176205
0.3680000 50.8003998
0.3690000 -43.7099037
0.3700000 12.9885712
0.3710000 -5.1371665
0.3720000 44.5643616
0.3730000 -7.6459599
0.3740000 19.9997272
0.3750000 -12.1952639
0.3760000 82.3430939
0.3770000 -24.7653580
0.3780000 4.4532628
0.3790000 15.9577923
0.3800000 -45.7285881
0.3810000 3.6200240
0.3820000 -5.3191223
0.3830000 -24.9352036
0.3840000 8.7667484
0.3850000 9.2165365
0.3860000 -65.7465515
0.3870000 36.1886826
0.3880000 -56.1879425
0.3890000 -44.5407562
0.3900000 -3.1226473
0.3910000 -38.9609184
0.3920000 -46.8624878
0.3930000 -16.4316406
0.3940000 69.3267746
0.3950000 -16.9616318
0.3960000 2.1781259
0.3970000 28.0189095
0.3980000 40.5983658
0.3990000 59.9487305
0.4000000 42.3134346
0.4010000 -0.3187034
0.4020000 10.7424421
0.4030000 -49.5645332
0.4040000 37.0602188
0.4050000 -3.8672376
0.4060000 67.9731522
0.4070000 10.4875603
0.4080000 -3.2484903
0.4090000 -25.7015266
0.4100000 32.7093620
0.4110000 41.4309235
0.4120000 60.7431602
0.4130000 39.2640114
0.4140000 -1.2226155
0.4150000 -1.3840401
0.4160000 7.1407394
0.4170000 -38.1642685
0.4180000 -19.3921089
0.4190000 20.1836700
0.4200000 16.0136356
0.4210000 -12.4057894
0.4220000 14.9697170
0.4230000 -4.6866655
0.4240000 54.3804512
0.4250000 -32.2454185
0.4260000 -34.3024902
0.4270000 -17.1003628
0.4280000 -34.5497551
0.4290000 -1.5013804
0.4300000 -54.1975060
0.4310000 -6.2779379
0.4320000 -60.5927353
0.4330000 -5.7548351
0.4340000 -61.5742302
0.4350000 16.8558826
0.4360000 23.0805073
0.4370000 19.1176376
0.4380000 -33.1319389
0.4390000 -10.8515024
0.4400000 -38.2657089
0.4410000 14.8212624
0.4420000 -14.6536236
0.4430000 -50.9090576
0.4440000 5.3416533
0.4450000 -10.5816078
0.4460000 -5.6252255
0.4470000 -3.3329818
0.4480000 63.8035355
0.4490000 -54.1032982
0.4500000 -1.9315743
0.4510000 -24.3399467
0.4520000 -42.3156738
0.4530000 -0.3584713
0.4540000 63.0358734
0.4550000 61.7355843
0.4560000 -27.4745693
0.4570000 -0.6718603
0.4580000 20.6450787
0.4590000 7.3903909
0.4600000 25.9631596
0.4610000 -17.9003582
0.4620000 9.0072203
0.4630000 -2.6363626
0.4640000 -60.8867226
0.4650000 -28.7599220
0.4660000 -24.7321568
0.4670000 23.1156864
0.4680000 -19.3754978
0.4690000 1.0998195
0.4700000 -16.7729912
0.4710000 40.8998222
0.4720000 56.9676208
0.4730000 50.8081169
0.4740000 -49.0490074
0.4750000 -50.4780540
0.4760000 10.0559883
0.4770000 -58.2532310
0.4780000 -17.6548424
0.4790000 -25.0224724
0.4800000 -13.2335815
0.4810000 17.1518364
0.4820000 -14.6094084
0.4830000 -9.6033640
0.4840000 18.2818375
0.4850000 -30.1547489
0.4860000 13.1470804
0.4870000 15.5181675
0.4880000 24.8248844
0.4890000 -21.1317539
0.4900000 39.5792542
0.4910000 -10.2547379
0.4920000 2.6729846
0.4930000 28.2564964
0.4940000 55.9690437
0.4950000 -20.1390991
0.4960000 -18.0436707
0.4970000 -37.9131432
0.4980000 3.4372146
0.4990000 -27.8689404
0.5000000 -10.2464476
0.5010000 -38.3787308
0.5020000 19.6322117
0.5030000 36.0040283
0.5040000 -55.2107048
0.5050000 7.9275398
0.5060000 32.8526306
0.5070000 19.7743816
0.5080000 26.3465405
0.5090000 9.3904400
0.5100000 -18.1659908
0.5110000 61.2186394
0.5120000 18.6190796
0.5130000 9.0949030
0.5140000 -28.9121761
0.5150000 46.0104752
0.5160000 16.5343723
0.5170000 -78.4765930
0.5180000 -11.0851851
0.5190000 -43.0315666
0.5200000 38.7456627
0.5210000 31.1662216
0.5220000 -16.5610332
0.5230000 38.4647408
0.5240000 -20.3318100
0.5250000 2.5240028
0.5260000 7.7604637
0.5270000 43.4709892
0.5280000 -11.3643351
0.5290000 53.1175613
0.5300000 -50.8206139
0.5310000 -28.8860931
0.5320000 -22.6191864
0.5330000 93.1625595
0.5340000 -14.4902782
0.5350000 28.5949287
0.5360000 -14.4537392
0.5370000 6.9650588
0.5380000 -21.9253922
0.5390000 -11.6388712
0.5400000 -3.4225333
0.5410000 -47.2863388
0.5420000 -47.1240616
0.5430000 10.1630220
0.5440000 17.6268063
0.5450000 13.6572828
0.5460000 23.2759724
0.5470000 15.0055161
0.5480000 94.2347565
0.5490000 29.6503658
0.5500000 0.7203552
0.5510000 52.0438805
0.5520000 -11.9334574
0.5530000 -72.1046753
0.5540000 -53.5651283
0.5550000 12.6644049
0.5560000 18.6170330
0.5570000 5.8121395
0.5580000 -12.6632729
0.5590000 -38.5315056
0.5600000 14.3813801
0.5610000 38.3056870
0.5620000 -5.8133020
0.5630000 16.9114742
0.5640000 6.7702427
0.5650000 33.2341232
0.5660000 -10.6179848
0.5670000 -16.9435387
0.5680000 -17.6817589
0.5690000 -25.8197899
0.5700000 -6.8802309
0.5710000 -16.0113583
0.5720000 -16.4277325
0.5730000 -43.5815926
0.5740000 -23.4374237
0.5750000 -4.3290467
0.5760000 58.1792908
0.5770000 5.7993693
0.5780000 -57.1486549
0.5790000 61.9428596
0.5800000 9.0517073
0.5810000 -15.6529598
0.5820000 -10.9582644
0.5830000 -0.4855354
0.5840000 -19.0287018
0.5850000 45.6290970
0.5860000 17.3599968
0.5870000 23.8545723
0.5880000 24.3532753
0.5890000 8.3154068
0.5900000 -33.9613800
0.5910000 -90.0425797
0.5920000 8.7261581
0.5930000 20.9940758
0.5940000 7.5783906
0.5950000 -2.3300705
0.5960000 -76.3221512
0.5970000 60.4909439
0.5980000 26.7850590
0.5990000 -22.1990547
0.6000000 -24.7276421
0.6010000 16.2561722
0.6020000 -67.4647064
0.6030000 -23.4507446
0.6040000 -20.0136719
0.6050000 -13.6811304
0.6060000 4.4610367
0.6070000 -16.5383320
0.6080000 -4.1182046
0.6090000 26.1092129
0.6100000 31.9478149
0.6110000 5.8964396
0.6120000 51.5950966
0.6130000 -23.7168674
0.6140000 -29.1152840
0.6150000 -7.7414794
0.6160000 -15.8202591
0.6170000 64.8546829
0.6180000 -15.0043545
0.6190000 6.3078861
0.6200000 54.9749298
0.6210000 11.7045145
0.6220000 29.1558723
0.6230000 24.7739468
0.6240000 60.0535088
0.6250000 12.0930119
0.6260000 9.4134865
0.6270000 -10.2422829
0.6280000 -0.7282289
0.6290000 39.6510162
0.6300000 85.8370667
0.6310000 -4.2558265
0.6320000 22.6663857
0.6330000 20.3722878
0.6340000 -6.8700242
0.6350000 14.2315073
0.6360000 -28.5900612
0.6370000 1.1314386
0.6380000 -29.3058109
0.6390000 6.9450479
0.6400000 82.3952637
0.6410000 10.9196587
0.6420000 64.3572845
0.6430000 -52.0987511
0.6440000 -52.1042404
0.6450000 -39.8555756
0.6460000 21.7758846
0.6470000 -36.9654961
0.6480000 25.0532341
0.6490000 -32.6904335
0.6500000 0.8918705
0.6510000 15.5225449
0.6520000 1.1559700
0.6530000 -41.7289810
0.6540000 -47.9050026
0.6550000 50.9715767
0.6560000 -15.1025562
0.6570000 4.7814074
0.6580000 -11.8451042
0.6590000 1.2311741
0.6600000 0.3342150
0.6610000 -28.1093559
0.6620000 -7.6680889
0.6630000 35.4132233
0.6640000 -38.8706131
0.6650000 -29.2239990
0.6660000 15.8081503
0.6670000 -12.2575684
0.6680000 0.9655846
0.6690000 27.9360657
0.6700000 -19.6140842
0.6710000 6.6785522
0.6720000 -9.1026201
0.6730000 -53.0492935
0.6740000 22.4658318
0.6750000 27.0836983
0.6760000 -20.4607811
0.6770000 53.6020584
0.6780000 -44.9924431
0.6790000 -0.3057414
0.6800000 -32.6113434
0.6810000 15.0991669
0.6820000 35.7576180
0.6830000 49.9123001
0.6840000 -19.7618790
0.6850000 15.6023502
0.6860000 64.7414780
0.6870000 30.6516914
0.6880000 9.6579065
0.6890000 71.6862335
0.6900000 -49.1613770
0.6910000 5.1670556
0.6920000 -18.8441372
0.6930000 -2.3314416
0.6940000 -10.8057880
0.6950000 -31.3613739
0.6960000 -26.3620834
0.6970000 4.1605630
0.6980000 62.1523628
0.6990000 25.4653244
0.7000000 7.7568865
0.7010000 14.0317974
0.7020000 61.5806236
0.7030000 -23.4094734
0.7040000 42.4184380
0.7050000 12.8508892
0.7060000 -19.4109364
0.7070000 22.3494911
0.7080000 8.1814842
0.7090000 -3.2953787
0.7100000 -17.5224667
0.7110000 90.0209885
0.7120000 -87.2646484
0.7130000 -8.7978363
0.7140000 9.8638306
0.7150000 -54.0122414
0.7160000 -54.1022682
0.7170000 21.1292553
0.7180000 5.2588763
0.7190000 15.8882837
0.7200000 -17.9389400
0.7210000 -7.6328435
0.7220000 12.9534855
0.7230000 21.6509571
0.7240000 -38.7892418
0.7250000 -12.1152563
0.7260000 -16.1197777
0.7270000 22.9861488
0.7280000 43.5418053
0.7290000 -54.7786064
0.7300000 63.5467224
0.7310000 9.8028049
0.7320000 6.5709243
0.7330000 22.6282234
0.7340000 1.9582092
0.7350000 41.7361145
0.7360000 43.3445930
0.7370000 20.0438042
0.7380000 12.3138762
0.7390000 48.9009743
0.7400000 -32.9485626
0.7410000 1.8771919
0.7420000 -59.0234261
0.7430000 -65.2901764
0.7440000 15.4948788
0.7450000 13.9181662
0.7460000 -17.4117031
0.7470000 19.5818710
0.7480000 46.2813148
0.7490000 -7.1879258
0.7500000 -13.7473841
0.7510000 19.8938313
0.7520000 -11.0298843
0.7530000 -94.4070663
0.7540000 -25.7078152
0.7550000 -41.6448212
0.7560000 -11.4493504
0.7570000 5.6330600
0.7580000 44.4038086
0.7590000 8.8849163
0.7600000 -45.7524872
0.7610000 53.5333252
0.7620000 -0.2657151
0.7630000 -8.0064583
0.7640000 -19.6452618
0.7650000 32.3614044
0.7660000 -47.0233192
0.7670000 -24.8271732
0.7680000 -10.1999445
0.7690000 9.3478003
0.7700000 -65.0585480
0.7710000 12.2325306
0.7720000 3.6292274
0.7730000 -31.7992229
0.7740000 8.3456535
0.7750000 -9.1703281
0.7760000 16.0906200
0.7770000 0.1579582
0.7780000 25.7679462
0.7790000 19.5118961
0.7800000 -38.6876907
0.7810000 82.3616409
0.7820000 -5.1628976
0.7830000 44.1204414
0.7840000 -20.9889011
0.7850000 42.8729935
0.7860000 16.9258690
0.7870000 0.8283637
0.7880000 18.7502594
0.7890000 65.3650818
0.7900000 55.3316574
0.7910000 -39.8392792
0.7920000 -15.0841312
0.7930000 0.6151000
0.7940000 -46.3877792
0.7950000 -39.9707870
0.7960000 -11.4685488
0.7970000 -18.7169876
0.7980000 -20.1114788
0.7990000 0.0485220
0.8000000 15.7145157
0.8010000 -18.7277889
0.8020000 -23.7197399
0.8030000 79.1167221
0.8040000 35.6852493
0.8050000 -34.5024567
0.8060000 -46.1524391
0.8070000 17.7815533
0.8080000 26.5366421
0.8090000 -19.0001736
0.8100000 -34.0273781
0.8110000 -62.4261131
0.8120000 23.0695915
0.8130000 9.0024796
0.8140000 73.3483505
0.8150000 -65.3103638
0.8160000 -33.0913696
0.8170000 40.2861176
0.8180000 -38.3929672
0.8190000 71.0282364
0.8200000 -34.8039017
0.8210000 -30.4753094
0.8220000 37.1554298
0.8230000 -15.8420544
0.8240000 -9.5340958
0.8250000 45.5801849
0.8260000 52.5842171
0.8270000 20.9718475
0.8280000 41.6768799
0.8290000 28.8549595
0.8300000 31.3521652
0.8310000 20.1129913
0.8320000 -43.2495995
0.8330000 -33.6256638
0.8340000 -2.7391021
0.8350000 41.1764450
0.8360000 -14.6017733
0.8370000 -39.2085953
0.8380000 9.6319761
0.8390000 -17.8132553
0.8400000 5.0839195
0.8410000 -8.5990343
0.8420000 -30.6858559
0.8430000 -49.8318977
0.8440000 -54.1779747
0.8450000 44.9237938
0.8460000 12.6673203
0.8470000 -25.2173882
0.8480000 32.7444229
0.8490000 36.6080437
0.8500000 11.0306807
0.8510000 6.2631927
0.8520000 18.3007393
0.8530000 -12.2405777
0.8540000 29.5411797
0.8550000 -25.7380104
0.8560000 -3.2844200
0.8570000 22.6473866
0.8580000 6.0847850
0.8590000 85.8168030
0.8600000 6.9440341
0.8610000 -0.5004443
0.8620000 44.9868240
0.8630000 4.1014104
0.8640000 -63.4068260
0.8650000 36.1762199
0.8660000 -22.3280487
0.8670000 9.3984842
0.8680000 12.0857182
0.8690000 25.6674557
0.8700000 -57.2500381
0.8710000 -35.6956215
0.8720000 -1.9663928
0.8730000 13.2199163
0.8740000 55.0161819
0.8750000 -10.2443056
0.8760000 16.5982037
0.8770000 19.5347347
0.8780000 -59.4797401
0.8790000 38.7935410
0.8800000 21.4555264
0.8810000 -22.9801579
0.8820000 -9.1762047
0.8830000 3.3233533
0.8840000 -36.5005379
0.8850000 -16.6120033
0.8860000 29.1767998
0.8870000 -9.7986269
0.8880000 16.0235424
0.8890000 -29.9312611
0.8900000 38.6218491
0.8910000 17.9423790
0.8920000 38.2758827
0.8930000 -48.3029861
0.8940000 17.9990463
0.8950000 -32.3782425
0.8960000 -60.3577118
0.8970000 6.7556787
0.8980000 -22.1837349
0.8990000 -36.9297256
0.9000000 -21.5103397
0.9010000 -17.0268345
0.9020000 24.5581093
0.9030000 -29.6286011
0.9040000 -44.7672806
0.9050000 2.2769051
0.9060000 -20.2123623
0.9070000 24.1798916
0.9080000 14.1142302
0.9090000 70.4839706
0.9100000 45.6850319
0.9110000 3.9904957
0.9120000 -60.5328293
0.9130000 -4.8226547
0.9140000 24.2262459
0.9150000 41.6088104
0.9160000 -27.1898975
0.9170000 -1.1847913
0.9180000 -35.2683983
0.9190000 -17.9877281
0.9200000 6.9247346
0.9210000 -20.7310562
0.9220000 -32.1757240
0.9230000 -37.2383575
0.9240000 31.8106308
0.9250000 16.1640778
0.9260000 -33.8808899
0.9270000 -4.2076488
0.9280000 24.8980522
0.9290000 29.1971378
0.9300000 63.1997147
0.9310000 29.9359875
0.9320000 63.1421356
0.9330000 40.7541466
0.9340000 27.7551670
0.9350000 -27.3352146
0.9360000 57.0450287
0.9370000 -1.4805560
0.9380000 17.1372967
0.9390000 -64.9870682
0.9400000 -6.6837816
0.9410000 15.0395365
0.9420000 -1.7116388
0.9430000 8.6692896
0.9440000 -41.7435379
0.9450000 59.4423637
0.9460000 -80.7745285
0.9470000 18.1415138
0.9480000 -46.3761406
0.9490000 -48.7423744
0.9500000 37.3855743
0.9510000 6.7205091
0.9520000 -19.1675396
0.9530000 11.8357773
0.9540000 -66.0111618
0.9550000 -1.3718418
0.9560000 29.3423157
0.9570000 -25.7731400
0.9580000 -26.1401367
0.9590000 -23.1877613
0.9600000 -20.8145924
0.9610000 -59.2173767
0.9620000 2.7452753
0.9630000 10.8914289
0.9640000 -9.0638237
0.9650000 -5.0744123
0.9660000 1.3551787
0.9670000 -58.3763695
0.9680000 5.9518528
0.9690000 -41.8914566
0.9700000 -12.4312487
0.9710000 12.0951509
0.9720000 -47.2557907
0.9730000 -4.9687433
0.9740000 -0.8268774
0.9750000 -29.9369144
0.9760000 6.9423680
0.9770000 -61.5683250
0.9780000 52.2081985
0.9790000 -9.8677807
0.9800000 -7.9278154
0.9810000 40.7959595
0.9820000 -42.2097664
0.9830000 -8.5632334
0.9840000 16.3028278
0.9850000 -39.7302971
0.9860000 -10.5035372
0.9870000 9.3662405
0.9880000 38.3114471
0.9890000 8.6334581
0.9900000 -19.4141846
0.9910000 28.0741062
0.9920000 50.3527641
0.9930000 -0.0527671
0.9940000 -48.8262291
0.9950000 5.6203585
0.9960000 51.3654900
0.9970000 -21.8349152
0.9980000 -1.4298475
0.9990000 -66.8689651
