0.0000000 16.6377430
0.0010000 -36.9100380
0.0020000 -2.7090285
0.0030000 -70.9420624
0.0040000 15.6094179
0.0050000 36.5074425
0.0060000 18.9476891
0.0070000 -20.5099678
0.0080000 -43.1903763
0.0090000 44.0419922
0.0100000 46.9512367
0.0110000 -60.4684334
0.0120000 11.2579327
0.0130000 22.3118458
0.0140000 -34.8756828
0.0150000 -42.4694786
0.0160000 26.7798462
0.0170000 17.5932140
0.0180000 -31.4019566
0.0190000 -16.7203922
0.0200000 -35.8041039
0.0210000 13.4126663
0.0220000 7.2199578
0.0230000 -5.3965678
0.0240000 -46.2493629
0.0250000 16.7634125
0.0260000 -22.8961983
0.0270000 -68.7575760
0.0280000 1.1897335
0.0290000 -78.8422241
0.0300000 14.5201626
0.0310000 -50.6518440
0.0320000 7.5255647
0.0330000 -28.8507557
0.0340000 -26.8360729
0.0350000 -27.3496990
0.0360000 -31.9450607
0.0370000 15.6089277
0.0380000 24.8150806
0.0390000 27.8202267
0.0400000 28.8289280
0.0410000 -4.5388122
0.0420000 -19.5167255
0.0430000 36.4626427
0.0440000 -35.9083405
0.0450000 -26.4932060
0.0460000 -8.4416208
0.0470000 -45.7761230
0.0480000 -27.4977398
0.0490000 -13.1743145
0.0500000 -36.9614410
0.0510000 -39.9526367
0.0520000 10.7861691
0.0530000 -14.4466295
0.0540000 -7.7973809
0.0550000 -64.2928619
0.0560000 -63.3502846
0.0570000 -58.5262337
0.0580000 9.3823948
0.0590000 6.6277466
0.0600000 0.7635612
0.0610000 22.4323368
0.0620000 -9.5728855
0.0630000 -24.6643066
0.0640000 42.2839088
0.0650000 27.4066677
0.0660000 -34.2957001
0.0670000 -41.0560875
0.0680000 -19.6064301
0.0690000 -9.0467443
0.0700000 -3.4972806
0.0710000 -0.3657661
0.0720000 4.1025133
0.0730000 13.2657881
0.0740000 -2.7311001
0.0750000 17.2220783
0.0760000 -6.3578019
0.0770000 -3.7710495
0.0780000 65.7289200
0.0790000 -4.5298719
0.0800000 -1.0563259
0.0810000 16.4931660
0.0820000 17.2737598
0.0830000 -58.0067711
0.0840000 -9.7383032
0.0850000 17.2304401
0.0860000 15.5587530
0.0870000 -7.4722428
0.0880000 -12.0184364
0.0890000 32.7523155
0.0900000 29.7433472
0.0910000 -15.1126099
0.0920000 -8.3771000
0.0930000 25.3279305
0.0940000 0.5512365
0.0950000 -10.9963760
0.0960000 -61.7933388
0.0970000 19.0054493
0.0980000 92.6764450
0.0990000 40.6331329
0.1000000 -73.1160202
0.1010000 -54.7503738
0.1020000 -44.4102631
0.1030000 -69.1295319
0.1040000 -62.4455757
0.1050000 69.4986496
0.1060000 -89.1240921
0.1070000 -30.7666664
0.1080000 48.7011986
0.1090000 -74.0180817
0.1100000 -17.5901051
0.1110000 -60.1779022
0.1120000 -7.6854553
0.1130000 -22.3268223
0.1140000 34.3726692
0.1150000 -11.2467632
0.1160000 -0.8276935
0.1170000 -52.5373993
0.1180000 -77.9253387
0.1190000 49.8035393
0.1200000 10.1552515
0.1210000 -38.8120728
0.1220000 15.8648262
0.1230000 -1.9481257
0.1240000 15.4179201
0.1250000 -50.5612984
0.1260000 26.2703552
0.1270000 44.1632767
0.1280000 18.8529835
0.1290000 44.0847626
0.1300000 -33.9693298
0.1310000 -19.0051689
0.1320000 25.9310913
0.1330000 22.6852570
0.1340000 -5.2017918
0.1350000 -33.5983772
0.1360000 -38.8267860
0.1370000 -13.1473589
0.1380000 60.2544594
0.1390000 10.5307808
0.1400000 -20.9835358
0.1410000 -36.6299210
0.1420000 -30.7546329
0.1430000 36.8027878
0.1440000 -49.9631271
0.1450000 -24.1510944
0.1460000 -15.1096230
0.1470000 -8.2102709
0.1480000 24.9234085
0.1490000 -30.8120441
0.1500000 37.9168510
0.1510000 -14.2052431
0.1520000 -36.7996140
0.1530000 -20.8196678
0.1540000 84.4021988
0.1550000 -51.5632820
0.1560000 -62.8029861
0.1570000 -3.7137547
0.1580000 -41.0015221
0.1590000 2.4606540
0.1600000 30.7994061
0.1610000 38.0812263
0.1620000 -42.5468903
0.1630000 -6.9457045
0.1640000 5.1362619
0.1650000 39.0412483
0.1660000 28.8883076
0.1670000 18.0837326
0.1680000 -50.9145546
0.1690000 -3.4942815
0.1700000 40.1064682
0.1710000 -7.9403687
0.1720000 43.5467033
0.1730000 7.7375956
0.1740000 80.2308426
0.1750000 25.4616013
0.1760000 23.3764267
0.1770000 -31.8483868
0.1780000 8.2696123
0.1790000 -44.2292252
0.1800000 22.5632153
0.1810000 7.1369710
0.1820000 11.3102522
0.1830000 30.8324375
0.1840000 23.3549385
0.1850000 16.0873756
0.1860000 12.7406597
0.1870000 69.1706161
0.1880000 19.2954006
0.1890000 13.4753447
0.1900000 21.6895390
0.1910000 32.1662483
0.1920000 -4.1477919
0.1930000 36.8970184
0.1940000 -29.6944180
0.1950000 -54.7973518
0.1960000 -50.4652481
0.1970000 -9.9518080
0.1980000 -34.4449425
0.1990000 -7.1378603
0.2000000 -21.0862579
0.2010000 -22.6548805
0.2020000 -28.6744328
0.2030000 -46.6632347
0.2040000 6.3895669
0.2050000 -5.2433019
0.2060000 22.8460636
0.2070000 -24.3022919
0.2080000 -12.8540640
0.2090000 37.0970116
0.2100000 -7.7988925
0.2110000 39.9174194
0.2120000 -2.7888584
0.2130000 -45.4893494
0.2140000 70.1222458
0.2150000 0.6224503
0.2160000 37.2953224
0.2170000 70.9988785
0.2180000 -17.0050926
0.2190000 3.2182367
0.2200000 -21.8735809
0.2210000 45.4197273
0.2220000 31.2991886
0.2230000 -12.4153261
0.2240000 27.5893936
0.2250000 3.9282565
0.2260000 -71.8861389
0.2270000 38.5299187
0.2280000 -16.4092388
0.2290000 54.4502602
0.2300000 -7.8809485
0.2310000 -37.2976761
0.2320000 -40.5746231
0.2330000 44.6424866
0.2340000 0.9455341
0.2350000 59.7124214
0.2360000 60.7179375
0.2370000 27.5473061
0.2380000 8.4570217
0.2390000 24.4587250
0.2400000 3.4109948
0.2410000 -36.2695847
0.2420000 8.1140995
0.2430000 -0.9522078
0.2440000 -99.9681625
0.2450000 -6.1849618
0.2460000 -14.3382530
0.2470000 -42.4400711
0.2480000 -39.7545815
0.2490000 16.4435539
0.2500000 42.4494171
0.2510000 -60.2841797
0.2520000 9.9926634
0.2530000 -8.0323706
0.2540000 -68.9436569
0.2550000 -55.8957062
0.2560000 -50.4551544
0.2570000 61.0421867
0.2580000 32.1788788
0.2590000 -45.8786621
0.2600000 0.7150375
0.2610000 -23.5500126
0.2620000 -8.7979937
0.2630000 -32.3320770
0.2640000 24.9714317
0.2650000 19.5546570
0.2660000 -43.8288307
0.2670000 34.6883659
0.2680000 -18.2766895
0.2690000 -7.4529028
0.2700000 41.4273758
0.2710000 -16.0603790
0.2720000 27.2460594
0.2730000 55.3788147
0.2740000 -5.3872242
0.2750000 -59.3584328
0.2760000 18.7881660
0.2770000 -9.6756735
0.2780000 71.3206100
0.2790000 -30.9560089
0.2800000 6.9411263
0.2810000 26.7683716
0.2820000 -15.1124926
0.2830000 -18.9908676
0.2840000 30.2114410
0.2850000 124.0880814
0.2860000 -25.9667473
0.2870000 -16.8072624
0.2880000 -20.4410343
0.2890000 43.0767555
0.2900000 50.4803467
0.2910000 -4.5352101
0.2920000 30.0561810
0.2930000 -73.9795990
0.2940000 -0.1793195
0.2950000 -39.7804909
0.2960000 -83.7630005
0.2970000 39.4063911
0.2980000 -102.9578552
0.2990000 44.1540413
0.3000000 44.9646645
0.3010000 -41.6696968
0.3020000 1.0997467
0.3030000 -11.2222490
0.3040000 -14.2049866
0.3050000 0.2616002
0.3060000 70.9920425
0.3070000 -4.0210481
0.3080000 54.7474861
0.3090000 -9.5448399
0.3100000 29.9004192
0.3110000 6.6024456
0.3120000 -29.9592571
0.3130000 10.2435265
0.3140000 41.6789131
0.3150000 9.9745865
0.3160000 -19.3990154
0.3170000 -44.0125427
0.3180000 6.2055058
0.3190000 -42.4667053
0.3200000 45.0463371
0.3210000 -17.8591061
0.3220000 16.4951668
0.3230000 13.3538752
0.3240000 1.2739998
0.3250000 18.5783539
0.3260000 63.7332077
0.3270000 -15.8969316
0.3280000 12.7844238
0.3290000 -16.4762096
0.3300000 -8.4716635
0.3310000 25.0915565
0.3320000 60.7824287
0.3330000 27.7553005
0.3340000 33.1808128
0.3350000 -51.8568153
0.3360000 -39.2736130
0.3370000 23.1504288
0.3380000 -27.8613586
0.3390000 53.6490631
0.3400000 -41.5040627
0.3410000 -6.6019511
0.3420000 36.7498474
0.3430000 -0.4325461
0.3440000 63.6891022
0.3450000 -14.7898264
0.3460000 -16.5815525
0.3470000 -8.7418098
0.3480000 6.1762061
0.3490000 -2.8228602
0.3500000 15.9623337
0.3510000 27.5984955
0.3520000 -21.7325554
0.3530000 -90.4120560
0.3540000 -17.1339569
0.3550000 34.8716240
0.3560000 21.5583363
0.3570000 14.7545156
0.3580000 81.8302917
0.3590000 -58.2640266
0.3600000 70.2744675
0.3610000 -2.0121896
0.3620000 -4.0132451
0.3630000 -11.4047880
0.3640000 2.5332332
0.3650000 -12.9137573
0.3660000 -21.2986240
0.3670000 28.5912724
0.3680000 -31.9248428
0.3690000 27.5186386
0.3700000 -13.2330866
0.3710000 -32.9798012
0.3720000 44.3973732
0.3730000 -31.7316856
0.3740000 30.7940617
0.3750000 4.7192931
0.3760000 -29.7481556
0.3770000 -13.6080589
0.3780000 -6.9516764
0.3790000 -29.4238224
0.3800000 -36.9128838
0.3810000 -89.4903030
0.3820000 -45.8785896
0.3830000 -13.1003990
0.3840000 -1.6788390
0.3850000 -13.7578163
0.3860000 -8.4488058
0.3870000 23.9779987
0.3880000 15.3434620
0.3890000 69.6702194
0.3900000 -8.7556305
0.3910000 -68.3917160
0.3920000 14.2472963
0.3930000 -72.0140686
0.3940000 -34.7141266
0.3950000 69.9061890
0.3960000 13.2489548
0.3970000 15.8711529
0.3980000 3.2642505
0.3990000 32.3762550
0.4000000 38.6480827
0.4010000 14.4141216
0.4020000 11.6825857
0.4030000 71.7228546
0.4040000 -21.4602680
0.4050000 11.6428690
0.4060000 -5.2496161
0.4070000 -18.1302929
0.4080000 74.7885437
0.4090000 -68.1392212
0.4100000 13.8484735
0.4110000 -25.4996872
0.4120000 8.9165201
0.4130000 -12.8901348
0.4140000 -6.0993752
0.4150000 -51.1371460
0.4160000 -22.2426376
0.4170000 -39.9984970
0.4180000 3.6609025
0.4190000 24.9773407
0.4200000 -17.3270855
0.4210000 -25.0273285
0.4220000 -53.9587250
0.4230000 -5.2569962
0.4240000 -4.7375422
0.4250000 6.0089097
0.4260000 49.4659767
0.4270000 16.9574032
0.4280000 -66.5265350
0.4290000 -20.2550182
0.4300000 -12.6673679
0.4310000 50.6877060
0.4320000 -67.4654007
0.4330000 24.7846756
0.4340000 10.3363829
0.4350000 77.1300812
0.4360000 -24.0763798
0.4370000 -50.1918144
0.4380000 16.2788658
0.4390000 -31.3727036
0.4400000 6.3964677
0.4410000 7.0995040
0.4420000 -4.7155437
0.4430000 -29.2265186
0.4440000 -52.9026146
0.4450000 -16.6901646
0.4460000 17.1627293
0.4470000 23.1751881
0.4480000 5.1496420
0.4490000 33.4602585
0.4500000 53.3073578
0.4510000 19.1502476
0.4520000 -15.6933823
0.4530000 45.1311874
0.4540000 54.4328728
0.4550000 1.5227644
0.4560000 -27.2430744
0.4570000 34.7698479
0.4580000 -13.4445763
0.4590000 -4.7008586
0.4600000 9.2402449
0.4610000 -5.4482355
0.4620000 59.0342827
0.4630000 -43.4542046
0.4640000 -17.4187641
0.4650000 42.9846497
0.4660000 17.7117405
0.4670000 -43.1379433
0.4680000 -40.0068588
0.4690000 23.7548447
0.4700000 29.4888096
0.4710000 13.3519173
0.4720000 -28.0822582
0.4730000 -69.4407578
0.4740000 43.3965874
0.4750000 2.7157936
0.4760000 -49.6905556
0.4770000 -20.4402428
0.4780000 -0.8742174
0.4790000 1.2057946
0.4800000 -37.8077621
0.4810000 11.6048975
0.4820000 11.7791214
0.4830000 16.8194904
0.4840000 10.4913549
0.4850000 -24.4700584
0.4860000 -14.8802881
0.4870000 63.2229042
0.4880000 -5.8137641
0.4890000 -39.9501266
0.4900000 -26.8266563
0.4910000 -14.1473083
0.4920000 55.1590805
0.4930000 -19.0274849
0.4940000 19.4326439
0.4950000 -13.0315208
0.4960000 -40.1456451
0.4970000 -25.1959839
0.4980000 28.3115635
0.4990000 35.0938988
0.5000000 34.8576698
0.5010000 33.1696587
0.5020000 -24.2364101
0.5030000 111.7724228
0.5040000 3.8577292
0.5050000 19.5271530
0.5060000 6.7438116
0.5070000 -42.6673279
0.5080000 52.9585228
0.5090000 48.4356270
0.5100000 36.7402802
0.5110000 14.8901138
0.5120000 61.3673973
0.5130000 43.0077744
0.5140000 -17.5592880
0.5150000 -34.1069450
0.5160000 64.4036026
0.5170000 -57.3809319
0.5180000 -13.2347374
0.5190000 47.8564835
0.5200000 -8.6614637
0.5210000 13.2243938
0.5220000 20.7203178
0.5230000 31.6505966
0.5240000 -17.4231110
0.5250000 -16.2367268
0.5260000 -20.0886497
0.5270000 -37.0444756
0.5280000 46.8365326
0.5290000 -2.9746256
0.5300000 25.5482788
0.5310000 62.6624374
0.5320000 8.3662815
0.5330000 4.3355536
0.5340000 11.9840975
0.5350000 -32.8886299
0.5360000 12.3203220
0.5370000 13.4328136
0.5380000 -2.1438680
0.5390000 -6.0282135
0.5400000 72.4041138
0.5410000 -21.6824360
0.5420000 -24.8223438
0.5430000 -6.1794825
0.5440000 -11.1763916
0.5450000 14.8255911
0.5460000 -15.1970959
0.5470000 -6.0432262
0.5480000 -31.3615341
0.5490000 -22.1811333
0.5500000 3.0855341
0.5510000 34.7013969
0.5520000 3.7541904
0.5530000 8.4200430
0.5540000 -64.6675186
0.5550000 -33.5880737
0.5560000 27.4082699
0.5570000 -42.5548096
0.5580000 -20.3266335
0.5590000 22.2564182
0.5600000 -41.2762184
0.5610000 47.0353928
0.5620000 5.1597328
0.5630000 36.5239029
0.5640000 36.5442886
0.5650000 6.2302542
0.5660000 7.5797095
0.5670000 9.3599958
0.5680000 48.2141762
0.5690000 -39.3977890
0.5700000 38.0394135
0.5710000 40.4340668
0.5720000 -19.8519402
0.5730000 14.3229752
0.5740000 20.6918316
0.5750000 -13.0058699
0.5760000 33.9125481
0.5770000 31.4997807
0.5780000 -5.3038907
0.5790000 60.2787857
0.5800000 20.3198719
0.5810000 -13.0408163
0.5820000 44.2810059
0.5830000 -27.1797295
0.5840000 -64.0182343
0.5850000 -30.9168320
0.5860000 -18.6048183
0.5870000 -9.8093882
0.5880000 -18.4287243
0.5890000 -14.2669077
0.5900000 19.6892910
0.5910000 -9.1589069
0.5920000 -52.9967537
0.5930000 -13.7637911
0.5940000 16.0686874
0.5950000 -33.0395126
0.5960000 8.4534979
0.5970000 71.9779816
0.5980000 21.8528690
0.5990000 22.7279968
0.6000000 27.8480301
0.6010000 11.9313221
0.6020000 4.3234882
0.6030000 36.7556114
0.6040000 -47.3832054
0.6050000 32.5025444
0.6060000 -42.9888878
0.6070000 43.2399368
0.6080000 1.9999843
0.6090000 -30.9619179
0.6100000 -21.7874756
0.6110000 20.7824078
0.6120000 63.4753761
0.6130000 -2.2234321
0.6140000 82.7532196
0.6150000 -14.6019468
0.6160000 -6.7244225
0.6170000 -5.5139456
0.6180000 -7.6163945
0.6190000 21.4826202
0.6200000 -55.8196068
0.6210000 -63.0006676
0.6220000 -12.8238249
0.6230000 20.2401295
0.6240000 27.1550446
0.6250000 44.7642136
0.6260000 36.3148575
0.6270000 -35.7893906
0.6280000 -13.7638235
0.6290000 0.2406510
0.6300000 -34.4579201
0.6310000 58.0914574
0.6320000 -78.2209244
0.6330000 -35.0661736
0.6340000 7.6038117
0.6350000 -6.1644430
0.6360000 -66.2049789
0.6370000 67.6182098
0.6380000 -16.9242611
0.6390000 12.6423712
0.6400000 -47.5022202
0.6410000 -35.4270248
0.6420000 51.2104721
0.6430000 27.8646164
0.6440000 52.0246773
0.6450000 26.1270790
0.6460000 -86.1934891
0.6470000 -1.1188951
0.6480000 -35.1829948
0.6490000 -7.3678169
0.6500000 -73.8513260
0.6510000 11.2931814
0.6520000 55.5470123
0.6530000 -31.4852314
0.6540000 -17.9229908
0.6550000 45.7031631
0.6560000 0.4492359
0.6570000 30.7473545
0.6580000 2.5448179
0.6590000 -36.0675812
0.6600000 9.9102812
0.6610000 -2.5291615
0.6620000 72.1485138
0.6630000 33.4713135
0.6640000 6.3828306
0.6650000 -0.8069952
0.6660000 11.2669859
0.6670000 24.9942455
0.6680000 -46.4476166
0.6690000 -38.9520569
0.6700000 21.5288448
0.6710000 -6.5689249
0.6720000 -1.9938484
0.6730000 -37.2926025
0.6740000 7.4601269
0.6750000 -16.0642853
0.6760000 -13.6440477
0.6770000 -50.6934509
0.6780000 -18.0019951
0.6790000 -41.2417870
0.6800000 -29.1282177
0.6810000 -13.3466616
0.6820000 23.4164848
0.6830000 -52.8695374
0.6840000 91.4461060
0.6850000 -18.8593922
0.6860000 -3.8939290
0.6870000 -28.2613697
0.6880000 2.2695260
0.6890000 19.8257904
0.6900000 18.5744781
0.6910000 23.8599510
0.6920000 -34.7786980
0.6930000 -36.5618629
0.6940000 17.1799030
0.6950000 -1.8539885
0.6960000 42.9674149
0.6970000 -17.8053093
0.6980000 3.6753507
0.6990000 16.7654057
0.7000000 31.8448524
0.7010000 -35.4067078
0.7020000 -10.4390259
0.7030000 -58.7717094
0.7040000 -28.0484066
0.7050000 -7.9764814
0.7060000 17.7105026
0.7070000 34.6750526
0.7080000 -62.4357758
0.7090000 5.9695039
0.7100000 17.0609932
0.7110000 66.5435486
0.7120000 -15.0514154
0.7130000 62.3511734
0.7140000 -4.2252789
0.7150000 31.4429131
0.7160000 -6.5582376
0.7170000 -36.1009789
0.7180000 -15.4727526
0.7190000 47.9196472
0.7200000 -12.7475271
0.7210000 69.6380539
0.7220000 -4.0145464
0.7230000 3.6737065
0.7240000 26.1514492
0.7250000 12.1182823
0.7260000 68.5289459
0.7270000 -0.7397072
0.7280000 -11.4251757
0.7290000 16.8374786
0.7300000 -21.2264175
0.7310000 24.6491776
0.7320000 28.2340298
0.7330000 5.2251654
0.7340000 38.2172508
0.7350000 39.0082130
0.7360000 -25.3368950
0.7370000 -56.8280067
0.7380000 33.2847519
0.7390000 -22.9371433
0.7400000 25.4715252
0.7410000 -9.6959953
0.7420000 50.0207520
0.7430000 -21.4046211
0.7440000 39.8337860
0.7450000 15.7694998
0.7460000 -0.1922384
0.7470000 1.4695297
0.7480000 18.9192696
0.7490000 -44.0697136
0.7500000 -47.3889313
0.7510000 -18.4176407
0.7520000 25.4138622
0.7530000 0.7922118
0.7540000 1.1218016
0.7550000 26.9355431
0.7560000 -32.7775688
0.7570000 30.9830112
0.7580000 4.1093221
0.7590000 28.9896431
0.7600000 -5.2069168
0.7610000 -8.8231812
0.7620000 -15.0468969
0.7630000 25.4164944
0.7640000 -11.6940756
0.7650000 7.8298960
0.7660000 8.3953028
0.7670000 45.8541565
0.7680000 33.4290810
0.7690000 -31.3163128
0.7700000 -25.5935059
0.7710000 -45.9505768
0.7720000 -26.1425514
0.7730000 -18.0194550
0.7740000 -2.2472641
0.7750000 46.0320396
0.7760000 28.9076099
0.7770000 -47.1676636
0.7780000 -24.9394188
0.7790000 9.9899378
0.7800000 -6.7521305
0.7810000 24.5913486
0.7820000 42.5752220
0.7830000 10.8449402
0.7840000 -2.3646660
0.7850000 -39.3853455
0.7860000 21.0510597
0.7870000 29.4814301
0.7880000 -41.8943062
0.7890000 -55.0719223
0.7900000 9.4836645
0.7910000 22.4144936
0.7920000 38.1997643
0.7930000 55.4997292
0.7940000 -75.5141830
0.7950000 64.8566284
0.7960000 -64.4454193
0.7970000 48.6929512
0.7980000 -44.4419060
0.7990000 -3.5631480
0.8000000 35.7803879
0.8010000 28.3397579
0.8020000 2.6408262
0.8030000 13.4583244
0.8040000 42.7799950
0.8050000 19.7599850
0.8060000 -7.8255439
0.8070000 -33.6930580
0.8080000 -13.0312271
0.8090000 91.4521637
0.8100000 22.9964199
0.8110000 -137.6852875
0.8120000 -21.2442036
0.8130000 -11.0709610
0.8140000 -29.1277161
0.8150000 14.3891382
0.8160000 45.4977112
0.8170000 7.4913335
0.8180000 15.2398815
0.8190000 -22.7848969
0.8200000 -9.2362814
0.8210000 17.5567150
0.8220000 5.0416389
0.8230000 -4.7203741
0.8240000 27.1738071
0.8250000 0.4899068
0.8260000 19.1654263
0.8270000 -24.3874874
0.8280000 51.9193535
0.8290000 17.5097332
0.8300000 -45.8951225
0.8310000 4.2536278
0.8320000 13.6860981
0.8330000 -16.7578964
0.8340000 24.4693604
0.8350000 32.3543777
0.8360000 -43.0535851
0.8370000 44.1163521
0.8380000 1.9573642
0.8390000 24.8021526
0.8400000 -7.8285594
0.8410000 -41.5478210
0.8420000 6.6209612
0.8430000 24.0003357
0.8440000 50.1800499
0.8450000 41.4103088
0.8460000 17.1208382
0.8470000 8.2576656
0.8480000 49.0334129
0.8490000 -16.3039455
0.8500000 5.1867185
0.8510000 22.2110233
0.8520000 -21.4044952
0.8530000 94.7259445
0.8540000 -17.9156818
0.8550000 -81.1055603
0.8560000 26.2083416
0.8570000 36.3115044
0.8580000 -47.8737068
0.8590000 -89.8087082
0.8600000 -15.9424829
0.8610000 -41.3696823
0.8620000 -22.6089783
0.8630000 -36.6289330
0.8640000 11.8534203
0.8650000 -69.9666214
0.8660000 93.2287292
0.8670000 -12.4650002
0.8680000 24.8950100
0.8690000 -21.8525467
0.8700000 -33.4019966
0.8710000 -14.3528433
0.8720000 30.7213116
0.8730000 -31.7435093
0.8740000 52.1269073
0.8750000 -78.7325592
0.8760000 -17.9171371
0.8770000 -28.5779781
0.8780000 24.2268982
0.8790000 6.5053210
0.8800000 28.1439724
0.8810000 -10.5182343
0.8820000 -45.0305214
0.8830000 -35.2872734
0.8840000 4.5730410
0.8850000 18.4177570
0.8860000 -29.3470879
0.8870000 28.4383183
0.8880000 30.6160049
0.8890000 45.9303818
0.8900000 35.8645515
0.8910000 -6.2301302
0.8920000 1.9879992
0.8930000 17.2029438
0.8940000 -23.8029251
0.8950000 -30.6124306
0.8960000 6.8583794
0.8970000 -58.2722244
0.8980000 -43.7905540
0.8990000 11.5542793
0.9000000 -2.2713597
0.9010000 -24.8005142
0.9020000 -23.5238419
0.9030000 -11.6030970
0.9040000 16.6799507
0.9050000 -30.8542118
0.9060000 -17.4229984
0.9070000 -15.9176979
0.9080000 -27.4658051
0.9090000 -10.8269300
0.9100000 9.6173153
0.9110000 -4.6209073
0.9120000 20.1054211
0.9130000 18.1661510
0.9140000 -58.8510475
0.9150000 -17.0831261
0.9160000 -67.8574066
0.9170000 39.0290604
0.9180000 -12.8023920
0.9190000 35.1546936
0.9200000 4.1871085
0.9210000 -2.5170944
0.9220000 31.7978210
0.9230000 11.8319502
0.9240000 21.3177433
0.9250000 -18.6848087
0.9260000 -33.8110199
0.9270000 39.4631195
0.9280000 85.4518661
0.9290000 -19.9742680
0.9300000 -35.2108879
0.9310000 -31.1204014
0.9320000 -8.3182364
0.9330000 -48.5444946
0.9340000 41.1424179
0.9350000 -3.8648758
0.9360000 9.3891554
0.9370000 -1.9057111
0.9380000 8.5232744
0.9390000 -20.2743454
0.9400000 -20.9740772
0.9410000 49.6931610
0.9420000 -34.5148773
0.9430000 10.9185991
0.9440000 -92.3077774
0.9450000 22.5877361
0.9460000 -30.0406971
0.9470000 -15.9916878
0.9480000 37.5781555
0.9490000 21.6376743
0.9500000 9.3468418
0.9510000 9.9788208
0.9520000 -14.6023293
0.9530000 -34.6532402
0.9540000 23.5173512
0.9550000 -76.0540085
0.9560000 26.1995277
0.9570000 -8.2391796
0.9580000 15.7280283
0.9590000 1.0101615
0.9600000 24.1113129
0.9610000 60.0854721
0.9620000 15.3212271
0.9630000 55.0597420
0.9640000 -39.0543938
0.9650000 -46.3350906
0.9660000 -25.0188923
0.9670000 33.0543022
0.9680000 16.6053448
0.9690000 14.1998262
0.9700000 -14.3598366
0.9710000 44.6645737
0.9720000 -43.0276070
0.9730000 9.4326630
0.9740000 14.0630035
0.9750000 -37.2582054
0.9760000 7.0448575
0.9770000 -51.5226746
0.9780000 -0.9037467
0.9790000 4.4873328
0.9800000 5.5414057
0.9810000 25.9185944
0.9820000 24.1460209
0.9830000 -32.8546715
0.9840000 -59.2003784
0.9850000 -6.1847310
0.9860000 36.2082710
0.9870000 24.6255512
0.9880000 33.2588959
0.9890000 -4.1278510
0.9900000 18.6979542
0.9910000 7.6243052
0.9920000 28.4874935
0.9930000 8.9690523
0.9940000 -36.7541962
0.9950000 36.5990143
0.9960000 -15.8374910
0.9970000 -39.2430077
0.9980000 -19.6063423
0.9990000 2.2711303
