0.0000000 6.9958220
0.0010000 -116.7479019
0.0020000 -36.9594421
0.0030000 -67.5752029
0.0040000 -23.5733166
0.0050000 -8.2425098
0.0060000 -6.2086229
0.0070000 5.8516202
0.0080000 -18.0782204
0.0090000 29.9423370
0.0100000 66.0478058
0.0110000 49.3175659
0.0120000 28.3862553
0.0130000 34.0927811
0.0140000 40.0453796
0.0150000 0.0529855
0.0160000 -1.9789352
0.0170000 -41.7514191
0.0180000 -0.7810548
0.0190000 13.4835281
0.0200000 -13.6662340
0.0210000 -12.9170380
0.0220000 40.7787247
0.0230000 32.9342613
0.0240000 -49.9321594
0.0250000 51.6321068
0.0260000 58.4975166
0.0270000 -1.2797290
0.0280000 25.2161827
0.0290000 37.8907814
0.0300000 2.2603519
0.0310000 27.4339142
0.0320000 -47.5241356
0.0330000 -34.2991753
0.0340000 16.5964375
0.0350000 -67.5470657
0.0360000 26.8259163
0.0370000 -46.6648827
0.0380000 -42.2772484
0.0390000 11.2358942
0.0400000 -39.4247627
0.0410000 -98.3267822
0.0420000 3.6526136
0.0430000 -49.6525688
0.0440000 41.1210327
0.0450000 -2.6998308
0.0460000 -45.9400673
0.0470000 -4.5526586
0.0480000 -19.0574341
0.0490000 71.4693375
0.0500000 -15.5826263
0.0510000 33.8586082
0.0520000 -3.8923173
0.0530000 48.1880875
0.0540000 80.7666397
0.0550000 -42.7121849
0.0560000 -59.8079643
0.0570000 44.1710243
0.0580000 45.1820450
0.0590000 -18.4804478
0.0600000 41.3424416
0.0610000 18.1068020
0.0620000 22.4450188
0.0630000 -21.8431225
0.0640000 13.7069845
0.0650000 -44.1466446
0.0660000 -59.2346992
0.0670000 -15.6667900
0.0680000 -28.6492081
0.0690000 -33.3008385
0.0700000 -19.0005951
0.0710000 -9.2096491
0.0720000 -2.2865045
0.0730000 -17.1033783
0.0740000 -22.0768089
0.0750000 16.4429741
0.0760000 58.0270157
0.0770000 -1.6159618
0.0780000 -27.0733738
0.0790000 12.6790657
0.0800000 -4.9325314
0.0810000 -40.6017151
0.0820000 -52.7390213
0.0830000 -47.0529594
0.0840000 -55.9474792
0.0850000 33.7169228
0.0860000 -16.5180836
0.0870000 -0.3661001
0.0880000 -7.1103802
0.0890000 -21.1485844
0.0900000 -19.4318600
0.0910000 61.6046410
0.0920000 3.6980817
0.0930000 41.6466637
0.0940000 3.8703103
0.0950000 -60.5953979
0.0960000 -21.8320370
0.0970000 -30.3449287
0.0980000 -17.8905239
0.0990000 36.3556175
0.1000000 35.5414009
0.1010000 -1.7880725
0.1020000 46.0281563
0.1030000 -20.3440037
0.1040000 31.1549721
0.1050000 -41.7217216
0.1060000 2.2159483
0.1070000 53.3167038
0.1080000 -42.5333176
0.1090000 3.3250782
0.1100000 23.2169151
0.1110000 -16.4392757
0.1120000 -0.6326421
0.1130000 -32.1459579
0.1140000 41.5978813
0.1150000 14.6764164
0.1160000 -25.9073448
0.1170000 -49.3674355
0.1180000 -15.4627724
0.1190000 -9.2738895
0.1200000 4.9974637
0.1210000 11.4653025
0.1220000 -8.4090719
0.1230000 -7.6948819
0.1240000 -0.4207205
0.1250000 -40.5428352
0.1260000 11.1271114
0.1270000 -14.7584810
0.1280000 21.5345421
0.1290000 -36.3460884
0.1300000 -62.7822762
0.1310000 42.5294533
0.1320000 -7.7144270
0.1330000 -75.5403290
0.1340000 53.3208733
0.1350000 -23.3008671
0.1360000 -56.1486549
0.1370000 6.0952501
0.1380000 6.5858860
0.1390000 -33.1012611
0.1400000 -5.3079686
0.1410000 32.3016968
0.1420000 25.5880470
0.1430000 39.2873459
0.1440000 36.8389015
0.1450000 -42.5495834
0.1460000 -22.2657356
0.1470000 -21.6898842
0.1480000 -15.5915375
0.1490000 -3.7449594
0.1500000 -5.0476222
0.1510000 -39.1369514
0.1520000 41.1367683
0.1530000 90.3437500
0.1540000 -39.3535728
0.1550000 6.5090342
0.1560000 -40.2154045
0.1570000 46.1886101
0.1580000 5.0896974
0.1590000 17.3856030
0.1600000 -20.5740280
0.1610000 -40.3915367
0.1620000 16.9619236
0.1630000 22.2750320
0.1640000 63.8548012
0.1650000 0.9770658
0.1660000 36.0005608
0.1670000 -12.5833158
0.1680000 33.7441216
0.1690000 25.1223660
0.1700000 29.6815720
0.1710000 10.1037178
0.1720000 -30.9337063
0.1730000 -46.8641624
0.1740000 -12.1304197
0.1750000 -35.2652512
0.1760000 29.3246784
0.1770000 -54.4623337
0.1780000 6.9892645
0.1790000 23.9773560
0.1800000 -41.0455894
0.1810000 5.1144414
0.1820000 7.2755346
0.1830000 9.7630501
0.1840000 14.0995264
0.1850000 0.1145135
0.1860000 -14.9347267
0.1870000 -58.4521370
0.1880000 19.7448502
0.1890000 -0.1766821
0.1900000 -39.7537079
0.1910000 -61.7646027
0.1920000 1.2231081
0.1930000 19.1284523
0.1940000 7.1953421
0.1950000 -2.6207824
0.1960000 -27.1248417
0.1970000 42.1032028
0.1980000 2.2558043
0.1990000 96.1145020
0.2000000 38.2473030
0.2010000 -46.0487099
0.2020000 -59.7197495
0.2030000 -8.2241182
0.2040000 -4.0805402
0.2050000 -12.6780863
0.2060000 -20.5064144
0.2070000 -32.4036369
0.2080000 11.6103020
0.2090000 8.6404095
0.2100000 0.3114892
0.2110000 7.9458022
0.2120000 9.5668669
0.2130000 -77.4552307
0.2140000 -22.3065720
0.2150000 -25.7660713
0.2160000 -27.4065228
0.2170000 1.3143917
0.2180000 0.2369177
0.2190000 -32.7125092
0.2200000 15.7406178
0.2210000 -16.2854862
0.2220000 -6.6603589
0.2230000 3.1103432
0.2240000 -24.2762127
0.2250000 -9.5516939
0.2260000 -10.7085142
0.2270000 -0.5342618
0.2280000 2.0045047
0.2290000 31.5448933
0.2300000 -41.5235023
0.2310000 12.9871464
0.2320000 -20.2257633
0.2330000 -20.2055836
0.2340000 46.4007759
0.2350000 38.5955238
0.2360000 39.0503006
0.2370000 -41.8100739
0.2380000 2.2850299
0.2390000 0.6597059
0.2400000 55.5614510
0.2410000 -46.1786156
0.2420000 64.2569199
0.2430000 12.1256018
0.2440000 4.3002586
0.2450000 40.5795364
0.2460000 9.3214998
0.2470000 -54.8729897
0.2480000 20.4549122
0.2490000 -69.4004440
0.2500000 -14.3538876
0.2510000 57.3697357
0.2520000 -4.6168094
0.2530000 -34.8152504
0.2540000 35.1814842
0.2550000 -12.1754284
0.2560000 31.0716019
0.2570000 44.6113777
0.2580000 30.1008072
0.2590000 -13.8499823
0.2600000 -61.1394920
0.2610000 28.9635887
0.2620000 43.1007042
0.2630000 -18.4917183
0.2640000 -48.6860352
0.2650000 8.3688993
0.2660000 10.3288298
0.2670000 -30.5506306
0.2680000 -60.8966484
0.2690000 35.5373802
0.2700000 4.7957740
0.2710000 -9.7292891
0.2720000 -21.4787769
0.2730000 30.2753525
0.2740000 -26.3736877
0.2750000 -49.2682800
0.2760000 -14.2830696
0.2770000 54.8448906
0.2780000 29.2617893
0.2790000 25.7501183
0.2800000 10.6653032
0.2810000 -28.3251991
0.2820000 -5.6906829
0.2830000 -12.7134237
0.2840000 3.4632232
0.2850000 75.5245285
0.2860000 19.5314293
0.2870000 70.3407135
0.2880000 -9.8439608
0.2890000 50.4253731
0.2900000 37.9982300
0.2910000 17.1419792
0.2920000 0.0147359
0.2930000 -41.3591042
0.2940000 -77.0645065
0.2950000 51.1135139
0.2960000 45.4174461
0.2970000 60.5712242
0.2980000 47.3079872
0.2990000 -26.0876160
0.3000000 -1.9566998
0.3010000 -17.9661808
0.3020000 32.1334419
0.3030000 28.0403214
0.3040000 46.1239471
0.3050000 6.4760432
0.3060000 -6.0935984
0.3070000 40.7351494
0.3080000 17.4834957
0.3090000 -14.7737217
0.3100000 18.9645386
0.3110000 -54.6853943
0.3120000 -31.4364300
0.3130000 -14.5873671
0.3140000 22.7376881
0.3150000 39.5918732
0.3160000 -15.5257006
0.3170000 25.9590816
0.3180000 -66.8274765
0.3190000 35.4032593
0.3200000 -24.3486900
0.3210000 -33.0093040
0.3220000 17.2881222
0.3230000 17.2527809
0.3240000 62.0104370
0.3250000 22.1310616
0.3260000 26.1264877
0.3270000 64.5997772
0.3280000 -30.7233410
0.3290000 10.5322676
0.3300000 -53.8719292
0.3310000 -46.3817139
0.3320000 68.9323730
0.3330000 35.6944427
0.3340000 -33.1636581
0.3350000 -11.7418947
0.3360000 20.9910488
0.3370000 18.7770462
0.3380000 -63.6982841
0.3390000 -7.0108218
0.3400000 10.3641310
0.3410000 -29.5691929
0.3420000 -24.0621872
0.3430000 -50.1307182
0.3440000 -8.8389969
0.3450000 12.6547585
0.3460000 18.4132805
0.3470000 -37.1530037
0.3480000 30.8472862
0.3490000 7.9977317
0.3500000 35.7345963
0.3510000 -45.0971794
0.3520000 66.2053986
0.3530000 14.8153791
0.3540000 -16.4386692
0.3550000 35.4380989
0.3560000 -75.6518326
0.3570000 44.9547768
0.3580000 -47.3965034
0.3590000 -16.8955269
0.3600000 -54.4312134
0.3610000 28.5464725
0.3620000 -10.3998985
0.3630000 -45.0387726
0.3640000 4.7653680
0.3650000 39.3341942
0.3660000 63.5510750
0.3670000 72.9511108
0.3680000 19.1854382
0.3690000 38.7155571
0.3700000 18.1119919
0.3710000 -7.0365086
0.3720000 -4.6755333
0.3730000 41.6532936
0.3740000 -51.4759636
0.3750000 0.9308259
0.3760000 -24.6350269
0.3770000 -19.7023849
0.3780000 -8.5743160
0.3790000 -34.5636139
0.3800000 1.1136702
0.3810000 2.8360846
0.3820000 73.3997040
0.3830000 54.5268898
0.3840000 9.0330915
0.3850000 28.2292061
0.3860000 -49.3142357
0.3870000 -24.3686943
0.3880000 48.6129608
0.3890000 82.8872223
0.3900000 -66.1398392
0.3910000 63.2892418
0.3920000 33.5362663
0.3930000 -17.7292156
0.3940000 -39.6246376
0.3950000 -34.5096664
0.3960000 -10.5246162
0.3970000 35.7466431
0.3980000 39.4131622
0.3990000 -52.1232605
0.4000000 23.6216545
0.4010000 0.3978383
0.4020000 60.2313995
0.4030000 31.8486729
0.4040000 -21.2095051
0.4050000 -6.6468248
0.4060000 -9.1828384
0.4070000 5.7626095
0.4080000 -34.3374748
0.4090000 98.3529816
0.4100000 -1.0921693
0.4110000 21.3062325
0.4120000 18.6260777
0.4130000 -8.9315815
0.4140000 -15.4062357
0.4150000 -59.3099442
0.4160000 7.7632494
0.4170000 -6.9233251
0.4180000 -26.9469414
0.4190000 -47.1430397
0.4200000 -13.7878656
0.4210000 18.0883942
0.4220000 19.6384087
0.4230000 -16.5937061
0.4240000 -49.6778488
0.4250000 32.5842247
0.4260000 -9.5929823
0.4270000 23.9937820
0.4280000 -57.8634033
0.4290000 -31.5718021
0.4300000 24.6827908
0.4310000 47.8565636
0.4320000 39.1333351
0.4330000 -16.9198093
0.4340000 10.7103539
0.4350000 33.0652504
0.4360000 21.5614491
0.4370000 20.1342335
0.4380000 12.7545233
0.4390000 20.4439812
0.4400000 1.0835389
0.4410000 -14.3916845
0.4420000 -32.5566101
0.4430000 1.5890377
0.4440000 1.3681406
0.4450000 -71.1889801
0.4460000 -60.6113243
0.4470000 44.5341606
0.4480000 -21.1879330
0.4490000 -24.8940086
0.4500000 2.1341872
0.4510000 -37.1629372
0.4520000 22.1367474
0.4530000 27.2396927
0.4540000 24.6952152
0.4550000 -23.4311600
0.4560000 -7.7147183
0.4570000 23.7539577
0.4580000 -14.0114813
0.4590000 -12.6997623
0.4600000 0.8176997
0.4610000 48.6265869
0.4620000 -6.0488234
0.4630000 -15.8640718
0.4640000 17.7297478
0.4650000 -22.0642014
0.4660000 -14.0430946
0.4670000 7.7908635
0.4680000 78.4541092
0.4690000 16.1796093
0.4700000 11.9028311
0.4710000 -0.3551820
0.4720000 -4.7791586
0.4730000 -32.7496948
0.4740000 41.5293236
0.4750000 -59.2014732
0.4760000 -46.5684166
0.4770000 9.4728279
0.4780000 -60.3434677
0.4790000 -13.6582623
0.4800000 17.2700386
0.4810000 -4.2424212
0.4820000 92.6936035
0.4830000 -4.8583446
0.4840000 -50.4575424
0.4850000 11.2461538
0.4860000 -39.5753174
0.4870000 -59.6236496
0.4880000 -12.2809296
0.4890000 21.9123878
0.4900000 -36.4277611
0.4910000 -19.4006119
0.4920000 44.1654930
0.4930000 -13.6646681
0.4940000 3.6798797
0.4950000 -33.8641624
0.4960000 -31.1250973
0.4970000 -41.4005318
0.4980000 3.4069390
0.4990000 2.4794340
0.5000000 78.1468811
0.5010000 45.6972427
0.5020000 -14.4618082
0.5030000 -12.3907700
0.5040000 43.2678108
0.5050000 17.4580441
0.5060000 -40.1617813
0.5070000 35.1033630
0.5080000 48.6399994
0.5090000 76.8406601
0.5100000 23.2874737
0.5110000 -5.1104155
0.5120000 14.6428833
0.5130000 -61.8335915
0.5140000 -19.5045795
0.5150000 21.9883461
0.5160000 -12.7035789
0.5170000 2.7319736
0.5180000 0.0876781
0.5190000 36.0657234
0.5200000 -24.4854355
0.5210000 -36.6324692
0.5220000 6.1598687
0.5230000 -14.8651552
0.5240000 22.7453442
0.5250000 65.5404892
0.5260000 -109.2774734
0.5270000 -30.8507385
0.5280000 -44.9986534
0.5290000 67.1398163
0.5300000 6.6843863
0.5310000 13.2378645
0.5320000 45.4474182
0.5330000 -45.1456451
0.5340000 -6.2747955
0.5350000 27.4704819
0.5360000 -38.7369690
0.5370000 33.0654488
0.5380000 47.3498917
0.5390000 -77.8939743
0.5400000 23.5163250
0.5410000 56.1675797
0.5420000 27.9485569
0.5430000 -16.0444622
0.5440000 -15.9289856
0.5450000 44.6401558
0.5460000 4.7567129
0.5470000 -12.4675493
0.5480000 -25.1728344
0.5490000 -41.0832939
0.5500000 -46.9969673
0.5510000 33.7137871
0.5520000 -38.9851570
0.5530000 -15.8103924
0.5540000 -26.0760403
0.5550000 3.3781312
0.5560000 -33.0899658
0.5570000 53.0879440
0.5580000 63.1910667
0.5590000 32.2566261
0.5600000 -25.4546413
0.5610000 -41.4248123
0.5620000 -35.4018211
0.5630000 14.4808588
0.5640000 58.2710724
0.5650000 31.7301731
0.5660000 59.0967674
0.5670000 -64.4620895
0.5680000 -83.6715088
0.5690000 6.2150764
0.5700000 23.6867714
0.5710000 58.9340210
0.5720000 -7.7999682
0.5730000 9.2984276
0.5740000 21.0062771
0.5750000 24.5788116
0.5760000 -5.0953269
0.5770000 -68.6418762
0.5780000 -36.8435097
0.5790000 20.8076057
0.5800000 -0.6688939
0.5810000 -45.2239532
0.5820000 -48.5330009
0.5830000 -5.2347713
0.5840000 34.9221458
0.5850000 10.7653522
0.5860000 25.7514687
0.5870000 9.3483744
0.5880000 10.8059397
0.5890000 21.8983707
0.5900000 -6.2884188
0.5910000 -1.1129951
0.5920000 74.5595932
0.5930000 17.9828968
0.5940000 16.2684860
0.5950000 -7.0739188
0.5960000 -2.5078599
0.5970000 -30.5806274
0.5980000 54.6931381
0.5990000 -74.1833878
0.6000000 34.6249466
0.6010000 60.5676804
0.6020000 16.6274071
0.6030000 32.2662468
0.6040000 -7.9247093
0.6050000 -54.0668983
0.6060000 -1.9386612
0.6070000 53.3773956
0.6080000 -1.2158048
0.6090000 0.3597152
0.6100000 -41.4236107
0.6110000 -25.5154438
0.6120000 -42.0129852
0.6130000 54.6313820
0.6140000 -53.2519493
0.6150000 20.8935757
0.6160000 -97.2493668
0.6170000 27.9525509
0.6180000 -8.1603498
0.6190000 -10.5985012
0.6200000 4.5182991
0.6210000 -47.1514130
0.6220000 -13.4450769
0.6230000 1.4695036
0.6240000 47.1650925
0.6250000 29.3127136
0.6260000 -4.5555506
0.6270000 39.0287819
0.6280000 -21.3052692
0.6290000 -7.4210558
0.6300000 -6.9600353
0.6310000 5.4971294
0.6320000 -19.7449169
0.6330000 -5.5689411
0.6340000 41.6574249
0.6350000 -26.9525681
0.6360000 -3.6502481
0.6370000 29.9856968
0.6380000 -48.3996315
0.6390000 32.3631096
0.6400000 35.3436775
0.6410000 -27.5680084
0.6420000 20.2427998
0.6430000 -12.4679642
0.6440000 33.5594978
0.6450000 16.2511349
0.6460000 29.9107914
0.6470000 -27.6395302
0.6480000 -5.7398801
0.6490000 -14.6393661
0.6500000 18.5928040
0.6510000 36.5014496
0.6520000 56.4291725
0.6530000 -85.2330093
0.6540000 -44.7461891
0.6550000 -28.4246655
0.6560000 -27.1739216
0.6570000 16.6196442
0.6580000 11.4908066
0.6590000 -62.9321709
0.6600000 12.5328836
0.6610000 -44.0990982
0.6620000 -34.4583778
0.6630000 -27.6458054
0.6640000 33.3341370
0.6650000 -1.1098198
0.6660000 -28.4900341
0.6670000 -4.9144740
0.6680000 -15.1428757
0.6690000 -31.6153030
0.6700000 27.9114094
0.6710000 -35.8348732
0.6720000 -11.4174919
0.6730000 -6.5368142
0.6740000 -29.7565746
0.6750000 96.5216293
0.6760000 34.1905670
0.6770000 -15.9704170
0.6780000 41.4764709
0.6790000 -51.3678322
0.6800000 19.2768745
0.6810000 -47.5621414
0.6820000 56.9896011
0.6830000 2.9792569
0.6840000 12.8506298
0.6850000 25.6264744
0.6860000 47.3955994
0.6870000 4.9229326
0.6880000 32.6551552
0.6890000 -44.5729599
0.6900000 21.2453632
0.6910000 -52.2265663
0.6920000 -43.5760651
0.6930000 22.6025124
0.6940000 -46.4072800
0.6950000 -52.8894997
0.6960000 38.0751801
0.6970000 64.9638977
0.6980000 -13.9835281
0.6990000 27.1444817
0.7000000 45.4104691
0.7010000 -15.4712715
0.7020000 11.7281580
0.7030000 36.4351692
0.7040000 82.4131317
0.7050000 36.6168747
0.7060000 11.5703402
0.7070000 44.3478241
0.7080000 8.0572939
0.7090000 36.9833221
0.7100000 3.4841542
0.7110000 47.5781517
0.7120000 4.9437761
0.7130000 14.3591909
0.7140000 -39.0466156
0.7150000 -7.0762110
0.7160000 32.5689468
0.7170000 21.4091072
0.7180000 -6.7795091
0.7190000 31.7753963
0.7200000 -89.4333420
0.7210000 36.3649254
0.7220000 -11.4970789
0.7230000 -72.3300552
0.7240000 -7.5296025
0.7250000 54.6434326
0.7260000 -19.0191326
0.7270000 38.1837349
0.7280000 4.4801774
0.7290000 13.5823870
0.7300000 -1.9236083
0.7310000 -21.9033890
0.7320000 -0.6340580
0.7330000 -5.2805119
0.7340000 22.7053795
0.7350000 -21.6364937
0.7360000 20.0474796
0.7370000 -30.8819275
0.7380000 -8.8742847
0.7390000 6.3292894
0.7400000 -28.1736774
0.7410000 27.8465080
0.7420000 -6.0975418
0.7430000 -54.3696556
0.7440000 7.7779117
0.7450000 -31.1568146
0.7460000 32.3938599
0.7470000 25.2585793
0.7480000 2.7554674
0.7490000 42.2083778
0.7500000 45.5714149
0.7510000 -2.7659459
0.7520000 -2.7611818
0.7530000 56.1145782
0.7540000 30.0442505
0.7550000 53.7523422
0.7560000 19.2151546
0.7570000 -16.0441628
0.7580000 -10.7829056
0.7590000 -12.4229527
0.7600000 -45.4404793
0.7610000 16.7241802
0.7620000 -0.0743330
0.7630000 -18.8281479
0.7640000 30.5519600
0.7650000 53.6906052
0.7660000 44.2986259
0.7670000 -8.1320362
0.7680000 9.5122690
0.7690000 -51.5261269
0.7700000 -27.6539974
0.7710000 -24.7751675
0.7720000 2.0352027
0.7730000 -4.9297404
0.7740000 -21.9498081
0.7750000 -13.5404978
0.7760000 54.5741920
0.7770000 -66.1235733
0.7780000 -10.9917202
0.7790000 28.7544518
0.7800000 20.5438919
0.7810000 72.9549942
0.7820000 10.7711020
0.7830000 -35.0399704
0.7840000 7.3789907
0.7850000 18.6887074
0.7860000 -25.1486416
0.7870000 5.3459854
0.7880000 -9.2097702
0.7890000 37.2841301
0.7900000 -13.5704756
0.7910000 -6.5949330
0.7920000 38.0731659
0.7930000 -14.6991625
0.7940000 -0.0631782
0.7950000 23.7466774
0.7960000 -27.6341572
0.7970000 29.8638077
0.7980000 23.9857864
0.7990000 -14.2096567
0.8000000 6.7910824
0.8010000 21.6645985
0.8020000 -30.7436333
0.8030000 8.0014696
0.8040000 6.6602011
0.8050000 31.8519058
0.8060000 27.0495987
0.8070000 -45.8981934
0.8080000 -29.7889671
0.8090000 -11.1869917
0.8100000 42.1773415
0.8110000 22.3300457
0.8120000 -12.5533772
0.8130000 -29.9205151
0.8140000 -30.6077461
0.8150000 10.2600517
0.8160000 -2.4868538
0.8170000 39.2947998
0.8180000 1.2366800
0.8190000 -17.2123337
0.8200000 -53.4021111
0.8210000 -20.2430496
0.8220000 11.9104118
0.8230000 -45.3505173
0.8240000 25.6146793
0.8250000 -34.0890846
0.8260000 -5.4153347
0.8270000 -55.5305367
0.8280000 -36.8996544
0.8290000 -57.2301865
0.8300000 -38.1175232
0.8310000 -24.7020493
0.8320000 56.3575630
0.8330000 -50.1948433
0.8340000 -4.4070735
0.8350000 -19.9226837
0.8360000 -18.4158897
0.8370000 -36.2967834
0.8380000 37.8128815
0.8390000 58.0669136
0.8400000 7.1620970
0.8410000 16.8771458
0.8420000 76.7154846
0.8430000 -16.3605022
0.8440000 4.2323232
0.8450000 24.2584553
0.8460000 -61.7719879
0.8470000 -37.8041954
0.8480000 -21.0646038
0.8490000 6.3710780
0.8500000 31.9219704
0.8510000 33.3040581
0.8520000 30.0231590
0.8530000 6.2242122
0.8540000 9.0739889
0.8550000 22.8722820
0.8560000 43.4126625
0.8570000 10.0457735
0.8580000 -29.6656189
0.8590000 6.9966102
0.8600000 -19.0835190
0.8610000 9.4496775
0.8620000 32.5575981
0.8630000 12.0541630
0.8640000 -14.6202736
0.8650000 -37.6644859
0.8660000 -67.3945847
0.8670000 64.0775223
0.8680000 -0.4325844
0.8690000 5.4277372
0.8700000 -12.0690746
0.8710000 -35.8497505
0.8720000 1.7382305
0.8730000 -8.9438534
0.8740000 -58.3327637
0.8750000 41.2114944
0.8760000 -20.8268299
0.8770000 -13.5092678
0.8780000 -48.3774872
0.8790000 -1.5029933
0.8800000 -11.4565573
0.8810000 8.1658792
0.8820000 -7.4806666
0.8830000 -22.8487568
0.8840000 22.2615910
0.8850000 34.3494530
0.8860000 -20.2936821
0.8870000 -4.5923920
0.8880000 52.3790359
0.8890000 27.8228264
0.8900000 11.8925495
0.8910000 49.3142014
0.8920000 -70.6731720
0.8930000 -49.4550667
0.8940000 -21.9892616
0.8950000 -24.5510788
0.8960000 4.5755854
0.8970000 -5.2903423
0.8980000 5.4488873
0.8990000 15.3816757
0.9000000 67.0120163
0.9010000 -56.7398720
0.9020000 -14.9997292
0.9030000 -6.5546460
0.9040000 10.8328495
0.9050000 -23.9682465
0.9060000 -13.1529074
0.9070000 -7.2425022
0.9080000 -56.6880074
0.9090000 48.2065086
0.9100000 31.2036667
0.9110000 29.0142174
0.9120000 7.6873112
0.9130000 8.6401043
0.9140000 16.6204147
0.9150000 28.0857010
0.9160000 44.5473900
0.9170000 3.1681058
0.9180000 11.8013420
0.9190000 -26.4222240
0.9200000 29.1387177
0.9210000 -52.4995346
0.9220000 34.2340050
0.9230000 -13.7152538
0.9240000 17.3443470
0.9250000 -58.4240761
0.9260000 65.0862732
0.9270000 52.4134178
0.9280000 -39.1943817
0.9290000 55.1757011
0.9300000 3.7582197
0.9310000 -57.4391441
0.9320000 40.8492661
0.9330000 29.4077568
0.9340000 -5.2250247
0.9350000 50.2637634
0.9360000 -11.9536152
0.9370000 33.8826370
0.9380000 -23.5340538
0.9390000 11.7943993
0.9400000 -17.7998428
0.9410000 -4.0196462
0.9420000 9.8640718
0.9430000 -23.7946548
0.9440000 -35.3605881
0.9450000 -19.0482769
0.9460000 -30.0184250
0.9470000 -8.1716814
0.9480000 -10.9188004
0.9490000 -14.5779438
0.9500000 -3.1066825
0.9510000 -17.9054585
0.9520000 -28.0297947
0.9530000 67.3711472
0.9540000 -56.4001236
0.9550000 11.0625277
0.9560000 -8.9264183
0.9570000 -28.7259312
0.9580000 32.0445518
0.9590000 15.7363892
0.9600000 -70.7126083
0.9610000 4.4882383
0.9620000 -37.9684792
0.9630000 -44.5009003
0.9640000 -18.8391590
0.9650000 -21.1857986
0.9660000 -12.0072498
0.9670000 -47.7031975
0.9680000 19.2897034
0.9690000 -5.5615478
0.9700000 30.7445011
0.9710000 -28.7068558
0.9720000 -60.7074966
0.9730000 3.8241391
0.9740000 2.0180273
0.9750000 34.7427711
0.9760000 -28.1729012
0.9770000 -5.6596131
0.9780000 23.5820103
0.9790000 24.3526115
0.9800000 -3.6795776
0.9810000 -11.1815023
0.9820000 4.8838849
0.9830000 17.9165058
0.9840000 65.9899521
0.9850000 -22.2877045
0.9860000 -0.6389799
0.9870000 -71.9363022
0.9880000 1.5557868
0.9890000 56.3100357
0.9900000 -29.3838711
0.9910000 -40.9824219
0.9920000 -26.4585533
0.9930000 17.5185871
0.9940000 -10.5635414
0.9950000 -42.4257317
0.9960000 -3.6096857
0.9970000 -7.9030552
0.9980000 43.9298706
0.9990000 -45.9278336
