0.0000000 -11.9191227
0.0010000 -43.0412560
0.0020000 22.0251255
0.0030000 15.6985693
0.0040000 3.0057535
0.0050000 23.3084736
0.0060000 6.6806307
0.0070000 -17.5130482
0.0080000 23.6029625
0.0090000 -33.2598152
0.0100000 -52.7031631
0.0110000 15.0304222
0.0120000 -27.4859715
0.0130000 10.7711096
0.0140000 95.6236877
0.0150000 37.0717697
0.0160000 -40.3582077
0.0170000 8.5357962
0.0180000 40.8040237
0.0190000 9.9267912
0.0200000 14.2417707
0.0210000 2.0692589
0.0220000 14.4226665
0.0230000 1.1909562
0.0240000 7.7617989
0.0250000 12.7912397
0.0260000 10.0152407
0.0270000 44.2610207
0.0280000 29.2574482
0.0290000 101.6161957
0.0300000 -64.4834061
0.0310000 -24.7531204
0.0320000 26.9030228
0.0330000 -32.8269806
0.0340000 5.5296106
0.0350000 26.9572983
0.0360000 119.1696320
0.0370000 -5.6461873
0.0380000 35.3402863
0.0390000 -12.8999701
0.0400000 45.1860504
0.0410000 -8.6704865
0.0420000 -14.1039820
0.0430000 -18.7775726
0.0440000 -17.8675766
0.0450000 -47.7208481
0.0460000 12.1413651
0.0470000 -19.9284134
0.0480000 -30.0713120
0.0490000 24.2094173
0.0500000 -18.8941193
0.0510000 -58.1086731
0.0520000 24.0007668
0.0530000 5.5682216
0.0540000 30.7338390
0.0550000 -5.4658475
0.0560000 -37.2659187
0.0570000 2.6578481
0.0580000 -27.6804733
0.0590000 -48.4811287
0.0600000 -42.2963867
0.0610000 14.2899437
0.0620000 -7.0904365
0.0630000 -17.5251656
0.0640000 -2.0181475
0.0650000 25.2877750
0.0660000 27.2431202
0.0670000 -82.9743118
0.0680000 15.1897860
0.0690000 5.1076412
0.0700000 62.4528770
0.0710000 -19.8573151
0.0720000 51.9282150
0.0730000 -31.2129669
0.0740000 2.6570966
0.0750000 17.2770653
0.0760000 31.4509277
0.0770000 -50.1424942
0.0780000 -42.4495125
0.0790000 -28.1539764
0.0800000 -7.6177859
0.0810000 5.9152622
0.0820000 1.5535681
0.0830000 13.5246649
0.0840000 -13.8891640
0.0850000 -55.0291100
0.0860000 -26.3517952
0.0870000 -9.6640158
0.0880000 11.2917213
0.0890000 87.8975525
0.0900000 6.7676291
0.0910000 -37.9812355
0.0920000 -3.1141706
0.0930000 62.9915352
0.0940000 -15.8462572
0.0950000 22.7016392
0.0960000 41.3541412
0.0970000 -6.5285707
0.0980000 -8.5373144
0.0990000 -88.4849777
0.1000000 44.4224358
0.1010000 105.3167343
0.1020000 -2.4758904
0.1030000 -99.6069412
0.1040000 -23.8262711
0.1050000 2.4004591
0.1060000 -6.5374060
0.1070000 0.0897228
0.1080000 -26.6934071
0.1090000 26.5888500
0.1100000 9.9825487
0.1110000 14.9924374
0.1120000 22.4207325
0.1130000 41.0922699
0.1140000 -33.7416000
0.1150000 61.1155434
0.1160000 -21.1816940
0.1170000 -13.4572744
0.1180000 23.4365959
0.1190000 -26.4255581
0.1200000 44.4050751
0.1210000 40.5915909
0.1220000 41.7480850
0.1230000 1.1324656
0.1240000 -47.6614571
0.1250000 -5.5684733
0.1260000 -3.5661290
0.1270000 35.2572212
0.1280000 -11.4337940
0.1290000 -33.0132103
0.1300000 61.2500267
0.1310000 16.3647575
0.1320000 -34.9096451
0.1330000 2.3600292
0.1340000 -9.7558937
0.1350000 7.2356400
0.1360000 34.4037285
0.1370000 -47.6332855
0.1380000 33.3931503
0.1390000 52.2980537
0.1400000 -12.6449747
0.1410000 86.0235672
0.1420000 -35.4482765
0.1430000 42.6602020
0.1440000 28.8222408
0.1450000 29.7280350
0.1460000 -3.4061301
0.1470000 2.7296536
0.1480000 15.0646858
0.1490000 38.5869293
0.1500000 -15.0648508
0.1510000 -15.6487341
0.1520000 57.1486130
0.1530000 -38.6716766
0.1540000 -31.2829800
0.1550000 15.3905611
0.1560000 32.7867432
0.1570000 9.4762001
0.1580000 3.8508067
0.1590000 -4.4688263
0.1600000 56.2011108
0.1610000 -7.5526900
0.1620000 17.8994389
0.1630000 14.3924351
0.1640000 42.7238159
0.1650000 12.8405390
0.1660000 20.3923740
0.1670000 -64.4398651
0.1680000 14.9514265
0.1690000 -14.5614586
0.1700000 44.0513878
0.1710000 2.7783496
0.1720000 -47.4091263
0.1730000 -56.9967194
0.1740000 13.0727015
0.1750000 -11.6120911
0.1760000 -72.7141800
0.1770000 11.5787773
0.1780000 10.9178419
0.1790000 2.5941837
0.1800000 -1.2960935
0.1810000 -38.3590965
0.1820000 23.2534523
0.1830000 -7.6499367
0.1840000 -3.9095559
0.1850000 38.0999184
0.1860000 -40.5977020
0.1870000 -40.6474991
0.1880000 8.8253412
0.1890000 74.9133759
0.1900000 -11.5507812
0.1910000 -38.0038033
0.1920000 -31.7717094
0.1930000 -15.7015676
0.1940000 -36.2146950
0.1950000 39.0382385
0.1960000 -42.9837914
0.1970000 21.1122875
0.1980000 -2.3563690
0.1990000 -7.5723219
0.2000000 -9.4379034
0.2010000 1.1625201
0.2020000 1.6112353
0.2030000 -58.9046097
0.2040000 13.1425409
0.2050000 -46.9036369
0.2060000 31.9195423
0.2070000 31.2426071
0.2080000 43.2068939
0.2090000 11.4682751
0.2100000 14.9046812
0.2110000 -11.2584305
0.2120000 33.1890488
0.2130000 -36.5130157
0.2140000 26.2507000
0.2150000 18.3067932
0.2160000 -11.1455889
0.2170000 72.5822525
0.2180000 -29.7784576
0.2190000 -0.8109501
0.2200000 35.7494888
0.2210000 -40.8431358
0.2220000 3.0539565
0.2230000 -5.7012434
0.2240000 44.9591141
0.2250000 -31.5134811
0.2260000 -16.7648716
0.2270000 11.5726938
0.2280000 -11.5066614
0.2290000 -1.0559655
0.2300000 12.7037706
0.2310000 -72.6815033
0.2320000 22.0657234
0.2330000 5.5744061
0.2340000 -15.0848799
0.2350000 6.8382082
0.2360000 23.4838581
0.2370000 -15.7240381
0.2380000 -3.9899659
0.2390000 39.8648872
0.2400000 15.1689100
0.2410000 24.9381561
0.2420000 25.4054718
0.2430000 4.0776997
0.2440000 -29.5742359
0.2450000 30.7927608
0.2460000 6.0925426
0.2470000 -4.2331114
0.2480000 -20.1560497
0.2490000 33.0760422
0.2500000 -9.9654350
0.2510000 -3.0961561
0.2520000 -59.7696877
0.2530000 14.0655718
0.2540000 -81.7214737
0.2550000 -48.1278534
0.2560000 0.3034558
0.2570000 -22.3860016
0.2580000 -56.0673141
0.2590000 3.3418524
0.2600000 -8.9367762
0.2610000 -16.2408619
0.2620000 11.3055592
0.2630000 -2.7713778
0.2640000 -48.4520798
0.2650000 15.6388960
0.2660000 -42.7816696
0.2670000 7.2769442
0.2680000 -23.3210087
0.2690000 4.4469151
0.2700000 -11.6686211
0.2710000 -28.8334160
0.2720000 24.8050823
0.2730000 17.2994385
0.2740000 -17.1984177
0.2750000 57.5307465
0.2760000 -8.1830807
0.2770000 40.0374451
0.2780000 43.6494598
0.2790000 23.9441853
0.2800000 -0.8417695
0.2810000 -39.6672096
0.2820000 68.8491211
0.2830000 -34.0439072
0.2840000 -17.0042953
0.2850000 15.4682779
0.2860000 -6.1287661
0.2870000 11.6331453
0.2880000 30.5619202
0.2890000 -26.4635849
0.2900000 -32.0271149
0.2910000 39.6678505
0.2920000 5.1783113
0.2930000 -49.1475563
0.2940000 -11.2415752
0.2950000 -45.3160591
0.2960000 24.7613201
0.2970000 -13.3370132
0.2980000 7.2400165
0.2990000 24.1522636
0.3000000 25.8322906
0.3010000 -10.5315771
0.3020000 -25.1375885
0.3030000 38.1891670
0.3040000 -6.5829091
0.3050000 -57.2558327
0.3060000 56.3392487
0.3070000 11.1218510
0.3080000 -21.5191250
0.3090000 -10.5125818
0.3100000 -25.4377651
0.3110000 27.8199348
0.3120000 -10.4271593
0.3130000 39.6444435
0.3140000 34.5444336
0.3150000 -46.2463036
0.3160000 -24.7956810
0.3170000 41.4425278
0.3180000 32.8704033
0.3190000 30.4533081
0.3200000 38.6646233
0.3210000 2.3423417
0.3220000 -41.7607727
0.3230000 7.8327675
0.3240000 21.9324493
0.3250000 9.8097115
0.3260000 18.4139233
0.3270000 -43.6961823
0.3280000 -3.4838929
0.3290000 -6.8715687
0.3300000 -12.5108166
0.3310000 -43.0667419
0.3320000 49.0727119
0.3330000 9.7358131
0.3340000 22.5034199
0.3350000 -44.0135994
0.3360000 -25.0000706
0.3370000 -5.3060460
0.3380000 4.3696742
0.3390000 -60.4528694
0.3400000 -6.3731370
0.3410000 -26.1422844
0.3420000 -25.4211426
0.3430000 -6.5377564
0.3440000 26.2866116
0.3450000 23.2069778
0.3460000 -4.7878127
0.3470000 -20.7394123
0.3480000 -36.1328278
0.3490000 -24.7779160
0.3500000 -16.6251984
0.3510000 53.5146370
0.3520000 -1.0604801
0.3530000 -23.9028130
0.3540000 79.1586914
0.3550000 -11.0685396
0.3560000 19.3098202
0.3570000 -10.1638737
0.3580000 -9.9506369
0.3590000 15.0416470
0.3600000 -16.9866295
0.3610000 -7.0938830
0.3620000 -35.2641640
0.3630000 -4.7243552
0.3640000 21.1650257
0.3650000 -5.1055942
0.3660000 4.0040154
0.3670000 13.1537132
0.3680000 4.4316082
0.3690000 35.5173035
0.3700000 1.0004300
0.3710000 -4.1748590
0.3720000 -10.5984612
0.3730000 82.6907883
0.3740000 32.4456863
0.3750000 -40.5713615
0.3760000 -4.1363840
0.3770000 -27.1563969
0.3780000 -5.0662432
0.3790000 35.8295746
0.3800000 -29.9737663
0.3810000 70.2642059
0.3820000 -34.3217201
0.3830000 35.1589012
0.3840000 -40.7435150
0.3850000 -44.1915398
0.3860000 36.5237656
0.3870000 33.2906227
0.3880000 -44.4120331
0.3890000 -6.6147575
0.3900000 13.8755054
0.3910000 25.3570747
0.3920000 -39.0816345
0.3930000 48.9267769
0.3940000 7.2295909
0.3950000 -40.5608711
0.3960000 10.2501678
0.3970000 26.8165627
0.3980000 -24.4166336
0.3990000 -13.0238638
0.4000000 6.3742867
0.4010000 16.7402821
0.4020000 -31.3187542
0.4030000 -12.1105289
0.4040000 14.0798254
0.4050000 -34.9546928
0.4060000 73.0118484
0.4070000 4.6056948
0.4080000 31.2104549
0.4090000 8.0543232
0.4100000 -7.8414879
0.4110000 23.6833153
0.4120000 67.1513977
0.4130000 -17.3171558
0.4140000 21.1788578
0.4150000 26.6552582
0.4160000 30.6694221
0.4170000 44.6910629
0.4180000 37.1611290
0.4190000 -8.5659475
0.4200000 -40.2349243
0.4210000 34.6007919
0.4220000 17.0091076
0.4230000 7.5382538
0.4240000 -15.1028690
0.4250000 34.8891220
0.4260000 65.3927155
0.4270000 60.8162193
0.4280000 56.6063805
0.4290000 -0.9909229
0.4300000 -70.1156921
0.4310000 -27.0215321
0.4320000 -21.8609295
0.4330000 35.9808540
0.4340000 -18.8390751
0.4350000 -39.2222252
0.4360000 56.6696548
0.4370000 89.1490326
0.4380000 32.3470268
0.4390000 -14.6935854
0.4400000 -67.7599411
0.4410000 24.9641399
0.4420000 29.8833847
0.4430000 -30.0964622
0.4440000 40.1445923
0.4450000 -32.6838188
0.4460000 -14.0524502
0.4470000 33.2533035
0.4480000 73.6937408
0.4490000 -17.9014874
0.4500000 -33.6636276
0.4510000 -62.8236504
0.4520000 -12.3914442
0.4530000 5.6016660
0.4540000 60.1545792
0.4550000 10.8845482
0.4560000 -14.1884527
0.4570000 -9.4031601
0.4580000 -43.9170303
0.4590000 -37.8943863
0.4600000 50.8736839
0.4610000 13.9335480
0.4620000 -17.1881695
0.4630000 4.6976051
0.4640000 38.9660034
0.4650000 -18.7247601
0.4660000 -10.6383839
0.4670000 -70.9620132
0.4680000 21.6936035
0.4690000 -17.6160450
0.4700000 10.8827066
0.4710000 -65.4185486
0.4720000 17.3496647
0.4730000 -40.5224380
0.4740000 69.8975983
0.4750000 -27.1108685
0.4760000 18.4639511
0.4770000 28.7459278
0.4780000 -44.0485458
0.4790000 16.2642422
0.4800000 35.0736351
0.4810000 17.6395588
0.4820000 -32.2089157
0.4830000 -57.0422211
0.4840000 -16.6112213
0.4850000 47.4355354
0.4860000 -2.0879891
0.4870000 -15.2190323
0.4880000 65.8990402
0.4890000 10.6001272
0.4900000 -9.5152931
0.4910000 34.8567696
0.4920000 22.3083210
0.4930000 16.6553650
0.4940000 -30.1164074
0.4950000 54.4887581
0.4960000 -18.1388683
0.4970000 43.9350433
0.4980000 9.6240635
0.4990000 63.1563835
0.5000000 -57.0175591
0.5010000 60.7012367
0.5020000 50.9068146
0.5030000 45.4566040
0.5040000 21.8932915
0.5050000 -20.3651886
0.5060000 35.7780991
0.5070000 7.4759927
0.5080000 -21.9466095
0.5090000 49.4168739
0.5100000 8.8805113
0.5110000 -10.1579065
0.5120000 32.4017754
0.5130000 47.7500610
0.5140000 -21.1049728
0.5150000 -29.5272484
0.5160000 36.1135178
0.5170000 0.8497892
0.5180000 -13.9465523
0.5190000 2.8141706
0.5200000 5.5987740
0.5210000 -11.2728415
0.5220000 28.6933365
0.5230000 -11.2582569
0.5240000 32.4932251
0.5250000 15.2735224
0.5260000 15.2502146
0.5270000 -23.4887371
0.5280000 -14.3260775
0.5290000 63.1174774
0.5300000 22.0393219
0.5310000 3.9485009
0.5320000 -19.5274696
0.5330000 -31.6023254
0.5340000 -21.5359859
0.5350000 41.7166443
0.5360000 -24.0381527
0.5370000 40.1228218
0.5380000 35.4028015
0.5390000 -23.0379925
0.5400000 -1.5526291
0.5410000 -29.5371742
0.5420000 1.5469763
0.5430000 9.5771055
0.5440000 -45.3917961
0.5450000 5.8315630
0.5460000 -13.7868938
0.5470000 -2.3160179
0.5480000 2.9641993
0.5490000 5.3182392
0.5500000 -12.4429264
0.5510000 52.7135887
0.5520000 -4.3486500
0.5530000 -3.0800683
0.5540000 -37.6537857
0.5550000 1.6119258
0.5560000 29.5861111
0.5570000 -82.4916077
0.5580000 3.0394096
0.5590000 1.3224626
0.5600000 -65.0668488
0.5610000 -13.9902925
0.5620000 -8.8163643
0.5630000 3.0732138
0.5640000 17.4637127
0.5650000 42.6433754
0.5660000 35.6365356
0.5670000 -36.0866623
0.5680000 -60.8005867
0.5690000 15.3533564
0.5700000 -22.3798504
0.5710000 -12.2331562
0.5720000 -35.3781433
0.5730000 -5.6147285
0.5740000 -43.0847092
0.5750000 -43.0635223
0.5760000 62.3115921
0.5770000 -50.7962990
0.5780000 13.7250175
0.5790000 -3.9530673
0.5800000 -32.9065208
0.5810000 -1.8060317
0.5820000 52.9244118
0.5830000 -29.3407650
0.5840000 -19.5209408
0.5850000 -23.8887596
0.5860000 37.3362846
0.5870000 48.3900299
0.5880000 0.8712844
0.5890000 55.6498871
0.5900000 59.7403603
0.5910000 -54.2596779
0.5920000 -5.5816360
0.5930000 63.4711800
0.5940000 44.6863365
0.5950000 -11.4979410
0.5960000 -5.9644947
0.5970000 -43.7573586
0.5980000 39.4069633
0.5990000 18.1668186
0.6000000 -2.3944073
0.6010000 -28.7135525
0.6020000 -28.6027622
0.6030000 25.8656673
0.6040000 96.8052216
0.6050000 -47.2712212
0.6060000 -1.6656311
0.6070000 -26.1067963
0.6080000 -24.3038425
0.6090000 -22.6933708
0.6100000 0.4345914
0.6110000 -28.2576599
0.6120000 34.5671005
0.6130000 82.7285156
0.6140000 14.2028008
0.6150000 -47.1226807
0.6160000 -2.9455645
0.6170000 -2.3752215
0.6180000 86.2498169
0.6190000 -45.3580170
0.6200000 56.8189621
0.6210000 5.0508728
0.6220000 -10.2362614
0.6230000 -6.8774276
0.6240000 -7.3419213
0.6250000 -14.3616667
0.6260000 32.6379166
0.6270000 4.4647622
0.6280000 35.6075592
0.6290000 -31.0640278
0.6300000 25.0426064
0.6310000 -22.2545223
0.6320000 -2.5176945
0.6330000 -25.3785858
0.6340000 22.9420757
0.6350000 1.7318947
0.6360000 -6.2783866
0.6370000 41.1028481
0.6380000 -8.7883434
0.6390000 48.4574013
0.6400000 11.5981331
0.6410000 -13.0447521
0.6420000 26.7628593
0.6430000 -32.8132133
0.6440000 -33.8324509
0.6450000 58.8407707
0.6460000 -33.5314369
0.6470000 -40.0890350
0.6480000 -27.0013943
0.6490000 -18.0230808
0.6500000 20.5123920
0.6510000 3.5820210
0.6520000 17.5913944
0.6530000 53.7128105
0.6540000 51.6816788
0.6550000 11.1033115
0.6560000 31.0750103
0.6570000 -35.8431587
0.6580000 30.4858646
0.6590000 32.1748238
0.6600000 0.8486399
0.6610000 -23.6067390
0.6620000 5.8547029
0.6630000 51.2870064
0.6640000 -9.5009966
0.6650000 -46.9097786
0.6660000 -40.7887955
0.6670000 20.3635006
0.6680000 5.5463824
0.6690000 5.2268643
0.6700000 -49.0993805
0.6710000 31.3937721
0.6720000 -72.0642624
0.6730000 -4.1901898
0.6740000 4.5530810
0.6750000 -8.2934742
0.6760000 -33.3370514
0.6770000 -85.1855392
0.6780000 50.2536240
0.6790000 16.2469673
0.6800000 -35.0335426
0.6810000 30.2977562
0.6820000 34.4317818
0.6830000 -20.1033573
0.6840000 20.7948666
0.6850000 -0.5234261
0.6860000 33.6940117
0.6870000 -30.4578629
0.6880000 30.8016491
0.6890000 7.1223803
0.6900000 -3.4760039
0.6910000 39.6762810
0.6920000 12.5145340
0.6930000 -10.2610464
0.6940000 -26.8452244
0.6950000 -29.0991192
0.6960000 -0.4417661
0.6970000 17.6834717
0.6980000 47.8112755
0.6990000 -34.6661301
0.7000000 61.7665405
0.7010000 -45.5230637
0.7020000 1.6801693
0.7030000 44.9171638
0.7040000 -14.3361950
0.7050000 12.0121880
0.7060000 -11.7214127
0.7070000 53.3302803
0.7080000 -12.9223232
0.7090000 -31.9180889
0.7100000 -49.4398537
0.7110000 7.1913619
0.7120000 -7.8928347
0.7130000 -9.0383759
0.7140000 45.3970184
0.7150000 87.6845169
0.7160000 41.9587708
0.7170000 80.8759308
0.7180000 -12.7189236
0.7190000 8.3953657
0.7200000 -78.6263657
0.7210000 35.0257416
0.7220000 -0.1193647
0.7230000 9.7027340
0.7240000 -21.1688347
0.7250000 51.8589935
0.7260000 -31.7981758
0.7270000 -13.3735590
0.7280000 39.7989807
0.7290000 -3.4708836
0.7300000 35.9449883
0.7310000 -16.8995495
0.7320000 -13.3858013
0.7330000 -38.2031364
0.7340000 -27.5555363
0.7350000 -84.9871063
0.7360000 70.6193771
0.7370000 -33.6104889
0.7380000 31.0503044
0.7390000 -13.0884199
0.7400000 -22.7176781
0.7410000 44.8802872
0.7420000 1.0653793
0.7430000 24.9556408
0.7440000 14.0479946
0.7450000 43.2955971
0.7460000 15.5387020
0.7470000 27.2609825
0.7480000 15.0820208
0.7490000 49.5582466
0.7500000 -62.7853203
0.7510000 21.5853424
0.7520000 -6.3686957
0.7530000 3.0641704
0.7540000 8.6771183
0.7550000 -10.8756237
0.7560000 93.1944199
0.7570000 8.2784348
0.7580000 29.3159885
0.7590000 90.3157730
0.7600000 33.8321953
0.7610000 -35.9547424
0.7620000 34.6923332
0.7630000 70.8745956
0.7640000 -5.2769046
0.7650000 -23.5081043
0.7660000 -65.5486603
0.7670000 -28.1630917
0.7680000 38.7756844
0.7690000 41.0595207
0.7700000 27.4875832
0.7710000 -64.6230698
0.7720000 -45.5259933
0.7730000 25.8119621
0.7740000 70.4144440
0.7750000 29.9752026
0.7760000 -90.7975922
0.7770000 -14.8956738
0.7780000 41.4309464
0.7790000 15.7634754
0.7800000 31.8781967
0.7810000 11.9001875
0.7820000 26.0450134
0.7830000 36.8591042
0.7840000 -14.8430748
0.7850000 -11.9693108
0.7860000 2.6457932
0.7870000 -34.7784996
0.7880000 22.5232487
0.7890000 41.9260445
0.7900000 -1.4531858
0.7910000 -33.9619865
0.7920000 -64.5729752
0.7930000 26.8135586
0.7940000 -19.1047344
0.7950000 -38.3490295
0.7960000 -15.5392189
0.7970000 21.5277386
0.7980000 5.7575951
0.7990000 2.6423645
0.8000000 -4.8696709
0.8010000 28.0408306
0.8020000 23.2936802
0.8030000 -39.2196503
0.8040000 15.7320299
0.8050000 -56.7072296
0.8060000 5.8265743
0.8070000 -24.9090710
0.8080000 78.2072525
0.8090000 -7.7202826
0.8100000 -28.7813511
0.8110000 -7.0498853
0.8120000 16.9943867
0.8130000 28.6221752
0.8140000 10.7496319
0.8150000 -16.6763000
0.8160000 1.7617429
0.8170000 -10.4721012
0.8180000 -26.0752296
0.8190000 31.6794834
0.8200000 -18.8316460
0.8210000 -11.0264635
0.8220000 11.4242554
0.8230000 38.9710503
0.8240000 -23.7637501
0.8250000 -20.1804867
0.8260000 -3.6227839
0.8270000 -16.3894501
0.8280000 -34.7503700
0.8290000 3.5105979
0.8300000 41.8335075
0.8310000 -50.8791695
0.8320000 -16.5516891
0.8330000 -81.4567337
0.8340000 22.8732090
0.8350000 -16.5843086
0.8360000 -22.3698196
0.8370000 0.7646637
0.8380000 -11.0597687
0.8390000 18.3680916
0.8400000 -25.7376595
0.8410000 -6.2989635
0.8420000 -7.1572571
0.8430000 -3.0487905
0.8440000 -21.4315262
0.8450000 -15.5857668
0.8460000 55.0060577
0.8470000 24.2440968
0.8480000 5.5410948
0.8490000 -1.5080665
0.8500000 55.2113495
0.8510000 17.7786522
0.8520000 -51.9005508
0.8530000 -39.7926369
0.8540000 20.5543919
0.8550000 61.0420570
0.8560000 38.8534050
0.8570000 77.9821014
0.8580000 -35.5843620
0.8590000 38.8385162
0.8600000 -0.7248416
0.8610000 25.6017399
0.8620000 -47.8690758
0.8630000 -38.9119911
0.8640000 34.5620766
0.8650000 0.0282591
0.8660000 37.5230904
0.8670000 -16.6654510
0.8680000 40.5485191
0.8690000 -45.4358940
0.8700000 -17.1988735
0.8710000 -5.7440395
0.8720000 28.0180645
0.8730000 25.0377274
0.8740000 29.8262444
0.8750000 21.0632019
0.8760000 -24.5354576
0.8770000 15.5451040
0.8780000 10.2381506
0.8790000 -5.5033636
0.8800000 -17.5314293
0.8810000 -14.6528225
0.8820000 47.1959839
0.8830000 50.7912369
0.8840000 60.5157051
0.8850000 -29.5601597
0.8860000 -52.5608826
0.8870000 -29.2721119
0.8880000 -39.4432907
0.8890000 28.0307007
0.8900000 -38.9413795
0.8910000 21.4882431
0.8920000 -31.3487759
0.8930000 25.0627766
0.8940000 20.2214947
0.8950000 40.8768349
0.8960000 -15.7734470
0.8970000 52.6789589
0.8980000 13.9032145
0.8990000 -16.3422661
0.9000000 -0.0887400
0.9010000 5.5913525
0.9020000 -3.4492524
0.9030000 -48.4239883
0.9040000 28.6972218
0.9050000 17.1610813
0.9060000 15.4039764
0.9070000 30.0913029
0.9080000 -57.1029549
0.9090000 -26.1543617
0.9100000 -41.5274963
0.9110000 -11.2449055
0.9120000 -36.9900055
0.9130000 -56.6144829
0.9140000 -37.8381996
0.9150000 -17.5047722
0.9160000 -44.5331421
0.9170000 -48.2976456
0.9180000 13.4752579
0.9190000 -6.8353777
0.9200000 -19.0937252
0.9210000 22.2647228
0.9220000 0.1110392
0.9230000 -46.7598724
0.9240000 -7.1361041
0.9250000 -32.6741486
0.9260000 -17.6838551
0.9270000 5.3226871
0.9280000 -18.4458675
0.9290000 24.9753265
0.9300000 55.2807045
0.9310000 -18.0384846
0.9320000 -24.3887081
0.9330000 57.5471687
0.9340000 55.1366920
0.9350000 -0.4124685
0.9360000 -29.7760220
0.9370000 37.7168159
0.9380000 -41.4237251
0.9390000 -24.8317204
0.9400000 -34.1491127
0.9410000 -30.1072464
0.9420000 2.2018511
0.9430000 -2.3755553
0.9440000 -49.8982811
0.9450000 -62.3871613
0.9460000 36.1321449
0.9470000 -12.6099148
0.9480000 -16.6742649
0.9490000 32.3283615
0.9500000 4.6523504
0.9510000 43.0571518
0.9520000 -48.4582291
0.9530000 -10.5690079
0.9540000 -1.0461740
0.9550000 -4.8463931
0.9560000 -59.0276833
0.9570000 94.6911545
0.9580000 4.3136091
0.9590000 32.8284302
0.9600000 80.2443314
0.9610000 -10.2913656
0.9620000 -35.5952568
0.9630000 39.9515228
0.9640000 26.3556652
0.9650000 35.9333801
0.9660000 23.4232616
0.9670000 -33.7181892
0.9680000 -35.3893661
0.9690000 -10.7116594
0.9700000 -11.6806517
0.9710000 20.8908176
0.9720000 -48.1563873
0.9730000 -23.5933762
0.9740000 -49.1431198
0.9750000 74.5865021
0.9760000 35.7061768
0.9770000 31.8206215
0.9780000 53.1326447
0.9790000 30.9841099
0.9800000 -28.4788189
0.9810000 35.0342445
0.9820000 -54.7461166
0.9830000 -15.5847044
0.9840000 25.1143036
0.9850000 16.8646393
0.9860000 -73.7463608
0.9870000 -63.6467590
0.9880000 -2.7341168
0.9890000 22.9597607
0.9900000 -58.5010643
0.9910000 87.8199844
0.9920000 -64.7020874
0.9930000 53.9583092
0.9940000 -4.0414839
0.9950000 14.6197329
0.9960000 -82.4126129
0.9970000 15.5906401
0.9980000 76.7934189
0.9990000 28.7210503
