0.0000000 42.8925896
0.0010000 40.6317596
0.0020000 18.9997501
0.0030000 -16.2356262
0.0040000 2.4974892
0.0050000 -8.7518501
0.0060000 50.9053154
0.0070000 -17.2665234
0.0080000 -46.1881752
0.0090000 -48.0988808
0.0100000 14.7725315
0.0110000 -48.9698524
0.0120000 -61.9305267
0.0130000 6.9817457
0.0140000 16.2916317
0.0150000 -11.9552231
0.0160000 -41.9909058
0.0170000 7.4746943
0.0180000 18.6906910
0.0190000 -11.0465784
0.0200000 24.7373657
0.0210000 -19.5958557
0.0220000 -32.0916977
0.0230000 -60.6675110
0.0240000 -36.4155846
0.0250000 60.2972488
0.0260000 -40.0826683
0.0270000 -33.2171898
0.0280000 55.2488747
0.0290000 -19.0198879
0.0300000 -71.0316467
0.0310000 36.8502579
0.0320000 4.5239248
0.0330000 12.9461842
0.0340000 25.9132977
0.0350000 -49.3106499
0.0360000 -21.6691132
0.0370000 -58.0701523
0.0380000 -29.1180859
0.0390000 2.1290088
0.0400000 -5.2797594
0.0410000 50.9300652
0.0420000 -17.1602859
0.0430000 19.3568516
0.0440000 14.9978790
0.0450000 -13.1855421
0.0460000 21.9402866
0.0470000 16.9757442
0.0480000 -67.3542175
0.0490000 -35.4012184
0.0500000 -81.0703583
0.0510000 -26.4334412
0.0520000 52.1721458
0.0530000 -28.2287254
0.0540000 7.0239987
0.0550000 -36.8037758
0.0560000 23.4044933
0.0570000 -40.7413254
0.0580000 17.4029655
0.0590000 -6.8693895
0.0600000 38.9035492
0.0610000 13.2341595
0.0620000 25.1710091
0.0630000 27.4961395
0.0640000 -68.7523499
0.0650000 -13.0260792
0.0660000 10.2482643
0.0670000 -18.1104641
0.0680000 -21.2601204
0.0690000 -4.7056346
0.0700000 19.7034836
0.0710000 3.0253618
0.0720000 22.6535492
0.0730000 44.2623634
0.0740000 -64.6046143
0.0750000 55.2787132
0.0760000 57.4068604
0.0770000 -39.1289139
0.0780000 42.3458862
0.0790000 -7.0901666
0.0800000 6.7880397
0.0810000 -2.0472913
0.0820000 24.4075356
0.0830000 -38.7931137
0.0840000 36.5209312
0.0850000 -6.0395856
0.0860000 50.5967979
0.0870000 -20.6874981
0.0880000 -22.8844528
0.0890000 -2.0935614
0.0900000 35.0702744
0.0910000 -33.8084641
0.0920000 -10.0614853
0.0930000 -18.1701183
0.0940000 47.8488503
0.0950000 10.5583782
0.0960000 -28.1852570
0.0970000 76.0681534
0.0980000 -56.3042412
0.0990000 -26.8025742
0.1000000 -15.4494781
0.1010000 2.8907309
0.1020000 -9.8421040
0.1030000 21.6937466
0.1040000 37.0196533
0.1050000 -16.0405197
0.1060000 -45.0411835
0.1070000 -16.5779095
0.1080000 25.2735825
0.1090000 -35.3551903
0.1100000 -19.8981762
0.1110000 43.0657043
0.1120000 -28.0366554
0.1130000 -62.8966255
0.1140000 41.0186653
0.1150000 19.8311691
0.1160000 -44.7742043
0.1170000 31.4426460
0.1180000 -0.4419672
0.1190000 -44.5200233
0.1200000 -47.0518837
0.1210000 -34.7127609
0.1220000 -23.3517475
0.1230000 37.2036247
0.1240000 47.9706116
0.1250000 19.5738697
0.1260000 -16.0852432
0.1270000 6.4308586
0.1280000 46.7711487
0.1290000 -1.7134726
0.1300000 57.3807564
0.1310000 -11.7626591
0.1320000 46.9528694
0.1330000 40.9099884
0.1340000 -24.7310982
0.1350000 9.7261171
0.1360000 28.2372131
0.1370000 27.0314465
0.1380000 -7.5183001
0.1390000 74.8638916
0.1400000 -38.8906021
0.1410000 -25.0058937
0.1420000 -15.6258078
0.1430000 28.2878952
0.1440000 38.2407761
0.1450000 11.9771881
0.1460000 -55.5591202
0.1470000 -119.5001144
0.1480000 -44.3487358
0.1490000 44.3042755
0.1500000 11.9431934
0.1510000 28.7297649
0.1520000 6.1565185
0.1530000 -23.2897015
0.1540000 -0.3874602
0.1550000 8.8727646
0.1560000 -67.3356781
0.1570000 7.6396861
0.1580000 -20.9989681
0.1590000 -22.7235279
0.1600000 -7.8570819
0.1610000 -61.5479546
0.1620000 7.7582688
0.1630000 17.6675835
0.1640000 -78.9651337
0.1650000 36.5387154
0.1660000 -17.5348492
0.1670000 -8.5389862
0.1680000 -20.3485184
0.1690000 -27.2126408
0.1700000 20.3272686
0.1710000 21.8033676
0.1720000 13.5370369
0.1730000 11.1888742
0.1740000 -56.2191391
0.1750000 15.3146257
0.1760000 -5.4228811
0.1770000 -45.4728546
0.1780000 -40.9926872
0.1790000 -6.4039645
0.1800000 40.4200058
0.1810000 42.3798752
0.1820000 24.2062778
0.1830000 -17.3305836
0.1840000 -11.4629488
0.1850000 26.8974781
0.1860000 -98.5584335
0.1870000 31.4579067
0.1880000 -34.9213905
0.1890000 15.2682915
0.1900000 -10.6045246
0.1910000 -18.4818382
0.1920000 -14.7258444
0.1930000 7.0352011
0.1940000 47.3329010
0.1950000 12.2669687
0.1960000 2.7230430
0.1970000 8.0954142
0.1980000 12.9969063
0.1990000 44.8461533
0.2000000 -14.5959206
0.2010000 33.0027618
0.2020000 -26.9195690
0.2030000 -36.1930733
0.2040000 -0.5345749
0.2050000 23.7441006
0.2060000 61.2276001
0.2070000 -3.6326249
0.2080000 7.0676818
0.2090000 -1.6223418
0.2100000 12.4333878
0.2110000 45.3640289
0.2120000 -49.9576797
0.2130000 26.3348866
0.2140000 -39.7142715
0.2150000 31.8045826
0.2160000 -33.0130577
0.2170000 42.9596710
0.2180000 -36.1795616
0.2190000 -12.7039051
0.2200000 20.3281765
0.2210000 46.8485336
0.2220000 -42.1500015
0.2230000 -13.8346310
0.2240000 9.1275978
0.2250000 -37.3464432
0.2260000 10.2199898
0.2270000 -10.6407700
0.2280000 26.9073219
0.2290000 -14.0508318
0.2300000 -19.0009670
0.2310000 19.9781857
0.2320000 -58.5757294
0.2330000 30.1970387
0.2340000 -7.6910262
0.2350000 -6.8776603
0.2360000 5.3682966
0.2370000 -5.6302981
0.2380000 25.9070053
0.2390000 6.9452252
0.2400000 8.5725660
0.2410000 -20.6102371
0.2420000 20.5763493
0.2430000 -24.7703724
0.2440000 -39.7144127
0.2450000 110.0587311
0.2460000 -28.8508244
0.2470000 -49.7248459
0.2480000 3.7155011
0.2490000 26.6102333
0.2500000 -2.5211494
0.2510000 -22.3945503
0.2520000 -12.7235241
0.2530000 27.3153725
0.2540000 -27.8302517
0.2550000 18.3217010
0.2560000 -36.7018929
0.2570000 -10.3923759
0.2580000 39.2758179
0.2590000 -3.3053334
0.2600000 63.0717850
0.2610000 83.3922882
0.2620000 -63.1308365
0.2630000 18.5103798
0.2640000 -17.9049339
0.2650000 10.9159670
0.2660000 -30.4012947
0.2670000 11.7847853
0.2680000 23.8367348
0.2690000 49.0072212
0.2700000 8.6475573
0.2710000 -34.1767082
0.2720000 -32.4898987
0.2730000 41.1298256
0.2740000 29.0538483
0.2750000 -6.2925858
0.2760000 13.6481047
0.2770000 -18.2468853
0.2780000 -40.4300499
0.2790000 -9.7368670
0.2800000 -11.1963730
0.2810000 -21.8791790
0.2820000 26.2278328
0.2830000 -9.6618719
0.2840000 38.1827965
0.2850000 -31.3517361
0.2860000 69.5110550
0.2870000 -38.6042137
0.2880000 -27.7994938
0.2890000 -10.7535458
0.2900000 43.9420357
0.2910000 47.4877052
0.2920000 -66.7845078
0.2930000 -24.2974834
0.2940000 4.1055179
0.2950000 -18.4419193
0.2960000 46.2924385
0.2970000 12.4695425
0.2980000 4.9078231
0.2990000 55.6284447
0.3000000 28.7325935
0.3010000 -18.2487679
0.3020000 -31.2601337
0.3030000 1.5059549
0.3040000 -64.9287033
0.3050000 10.7010202
0.3060000 -2.3239400
0.3070000 26.8706379
0.3080000 11.7404165
0.3090000 -23.5339298
0.3100000 -24.6788826
0.3110000 63.2563286
0.3120000 47.8789330
0.3130000 9.3788528
0.3140000 65.1120453
0.3150000 -24.0481834
0.3160000 -17.5383759
0.3170000 -85.6130524
0.3180000 -1.4711051
0.3190000 -15.8448038
0.3200000 42.5873146
0.3210000 11.9562140
0.3220000 6.2522383
0.3230000 14.8824482
0.3240000 9.6215868
0.3250000 30.2045708
0.3260000 35.4619598
0.3270000 -52.6571579
0.3280000 -51.4934845
0.3290000 -34.5370712
0.3300000 -4.9534645
0.3310000 18.0272617
0.3320000 40.6240120
0.3330000 20.6869717
0.3340000 -38.8669624
0.3350000 41.1413269
0.3360000 33.8553925
0.3370000 -31.9772854
0.3380000 -17.0358200
0.3390000 83.9069061
0.3400000 26.9976749
0.3410000 9.3798285
0.3420000 -1.3253672
0.3430000 -13.4424953
0.3440000 40.4072227
0.3450000 -12.3693056
0.3460000 17.0195961
0.3470000 1.4655054
0.3480000 58.5102654
0.3490000 -63.7422256
0.3500000 -26.6322098
0.3510000 9.1573048
0.3520000 14.7108364
0.3530000 66.4390030
0.3540000 -2.8662775
0.3550000 22.9930897
0.3560000 -21.7919159
0.3570000 13.0566473
0.3580000 32.2719307
0.3590000 -32.4556961
0.3600000 12.7294302
0.3610000 16.4330425
0.3620000 14.5783672
0.3630000 -29.8564091
0.3640000 18.7478714
0.3650000 -10.9917498
0.3660000 -21.1325264
0.3670000 -20.9255009
0.3680000 49.9671936
0.3690000 22.0999260
0.3700000 -27.0000134
0.3710000 19.3926544
0.3720000 28.9864445
0.3730000 11.2682753
0.3740000 -39.0302277
0.3750000 -1.7818561
0.3760000 -81.6898193
0.3770000 12.5364227
0.3780000 53.0376205
0.3790000 36.2284622
0.3800000 37.9917984
0.3810000 22.1007652
0.3820000 52.2455330
0.3830000 -30.6952877
0.3840000 -11.2272387
0.3850000 8.7840748
0.3860000 61.5543365
0.3870000 57.2827301
0.3880000 -0.5892500
0.3890000 21.0874767
0.3900000 -2.5423176
0.3910000 -0.9217421
0.3920000 -45.9045258
0.3930000 -26.7111092
0.3940000 87.9563065
0.3950000 7.2648182
0.3960000 24.5146217
0.3970000 9.0671730
0.3980000 -20.1129665
0.3990000 4.9875541
0.4000000 -9.7259150
0.4010000 -6.2807660
0.4020000 21.5758514
0.4030000 11.3571119
0.4040000 19.4697666
0.4050000 -12.4719772
0.4060000 -44.2979965
0.4070000 32.2836456
0.4080000 13.1051121
0.4090000 -29.5520096
0.4100000 -59.4101830
0.4110000 50.0652428
0.4120000 49.0640984
0.4130000 31.1105175
0.4140000 -47.2353172
0.4150000 -0.4574414
0.4160000 55.4834442
0.4170000 4.9407167
0.4180000 52.2748833
0.4190000 -78.0241089
0.4200000 -22.3755951
0.4210000 0.4396497
0.4220000 -46.2367668
0.4230000 56.9047737
0.4240000 10.5591764
0.4250000 -7.7734261
0.4260000 14.0402203
0.4270000 31.2426643
0.4280000 23.9493713
0.4290000 -28.5756397
0.4300000 13.3617668
0.4310000 -21.6965256
0.4320000 2.3955185
0.4330000 23.5357761
0.4340000 29.7689285
0.4350000 25.3612022
0.4360000 -7.2137489
0.4370000 7.5802498
0.4380000 24.1480064
0.4390000 94.9459763
0.4400000 -40.7180290
0.4410000 -22.5184135
0.4420000 30.9429646
0.4430000 -1.7841084
0.4440000 27.3577824
0.4450000 -42.9298897
0.4460000 34.3710976
0.4470000 29.7290764
0.4480000 9.8993006
0.4490000 24.6675568
0.4500000 -20.8948307
0.4510000 -64.9319153
0.4520000 26.7240257
0.4530000 -0.3885144
0.4540000 -17.9529076
0.4550000 -19.5900402
0.4560000 66.3222427
0.4570000 16.9083900
0.4580000 -10.2211037
0.4590000 -8.6442146
0.4600000 40.0510941
0.4610000 38.5036926
0.4620000 37.0851135
0.4630000 20.4582424
0.4640000 3.4771369
0.4650000 -104.2219391
0.4660000 2.1247289
0.4670000 -15.3308182
0.4680000 -0.9966602
0.4690000 -58.6512032
0.4700000 22.2427044
0.4710000 38.8791733
0.4720000 40.0412788
0.4730000 40.2110214
0.4740000 59.2641869
0.4750000 17.3874226
0.4760000 -41.6482353
0.4770000 -21.1612072
0.4780000 -18.1075802
0.4790000 42.0600204
0.4800000 -10.0300770
0.4810000 8.3298292
0.4820000 -49.5012474
0.4830000 -24.9807930
0.4840000 19.6589279
0.4850000 -15.8135872
0.4860000 4.8699818
0.4870000 12.1076889
0.4880000 -20.9722538
0.4890000 25.8425446
0.4900000 -6.1050501
0.4910000 -37.7596550
0.4920000 54.4889221
0.4930000 8.2172422
0.4940000 -24.0922260
0.4950000 -2.5162764
0.4960000 25.8282948
0.4970000 -12.4431543
0.4980000 -27.3694611
0.4990000 -2.6214030
0.5000000 -51.5945892
0.5010000 -14.3734093
0.5020000 -36.7681274
0.5030000 -37.0180359
0.5040000 4.5807095
0.5050000 21.3555908
0.5060000 45.9248352
0.5070000 -21.4185200
0.5080000 26.4957714
0.5090000 -8.3729172
0.5100000 19.8822155
0.5110000 -53.6811523
0.5120000 7.0529356
0.5130000 -13.8149805
0.5140000 9.6924086
0.5150000 22.3981037
0.5160000 -56.1501122
0.5170000 9.5282288
0.5180000 -6.6632309
0.5190000 9.2975121
0.5200000 2.7125001
0.5210000 -17.6361713
0.5220000 -8.9802084
0.5230000 -12.8676062
0.5240000 -40.8567657
0.5250000 56.8434639
0.5260000 0.1218028
0.5270000 52.2104492
0.5280000 -5.1278710
0.5290000 35.8752251
0.5300000 -19.2101326
0.5310000 12.7355833
0.5320000 -13.9988832
0.5330000 -34.9762192
0.5340000 -1.9061759
0.5350000 0.5996954
0.5360000 15.7367458
0.5370000 50.2897644
0.5380000 -64.7445526
0.5390000 -36.3970108
0.5400000 52.2592812
0.5410000 -13.5780573
0.5420000 6.2776747
0.5430000 14.3940668
0.5440000 39.2297096
0.5450000 -22.6627712
0.5460000 -7.6180072
0.5470000 40.5847168
0.5480000 -13.7794094
0.5490000 -35.6025314
0.5500000 8.9785233
0.5510000 -40.0240250
0.5520000 -35.1154060
0.5530000 -5.2641273
0.5540000 1.5857209
0.5550000 -6.1471963
0.5560000 -35.0724068
0.5570000 -22.5714817
0.5580000 39.3934898
0.5590000 -43.8656120
0.5600000 -50.0552979
0.5610000 -29.3775520
0.5620000 -21.0825500
0.5630000 8.0890322
0.5640000 -45.7171288
0.5650000 -41.0120468
0.5660000 69.0726776
0.5670000 20.7724209
0.5680000 -8.6338692
0.5690000 8.6969500
0.5700000 -9.2790775
0.5710000 31.4679890
0.5720000 19.6230373
0.5730000 -27.3803139
0.5740000 -10.5803013
0.5750000 49.4128265
0.5760000 -34.3661041
0.5770000 -45.4944191
0.5780000 -25.0976925
0.5790000 26.9854069
0.5800000 15.1633940
0.5810000 -61.5138702
0.5820000 14.9565420
0.5830000 -4.6506553
0.5840000 44.7597847
0.5850000 -9.4603653
0.5860000 -44.9786987
0.5870000 -7.3968506
0.5880000 -3.2976551
0.5890000 -1.5752575
0.5900000 -13.8374109
0.5910000 -79.8875732
0.5920000 40.5338821
0.5930000 -9.7341738
0.5940000 7.0502353
0.5950000 -64.4900970
0.5960000 -42.6482811
0.5970000 3.2298400
0.5980000 -30.4769859
0.5990000 -69.5123596
0.6000000 -25.5014954
0.6010000 12.9357300
0.6020000 -1.9878933
0.6030000 -28.0656776
0.6040000 1.8287256
0.6050000 21.7672729
0.6060000 -37.2950783
0.6070000 9.1414471
0.6080000 -17.5683155
0.6090000 -75.4773560
0.6100000 12.1340647
0.6110000 29.6592751
0.6120000 -10.6484327
0.6130000 -19.2366600
0.6140000 67.1145706
0.6150000 6.7182498
0.6160000 12.3585367
0.6170000 5.3909621
0.6180000 -10.5690622
0.6190000 11.8312397
0.6200000 53.8682671
0.6210000 33.8632622
0.6220000 66.2231903
0.6230000 -7.1596975
0.6240000 24.3853455
0.6250000 33.9509583
0.6260000 -27.1912212
0.6270000 -59.3202934
0.6280000 -14.8928213
0.6290000 -55.8600693
0.6300000 48.9116364
0.6310000 17.0824795
0.6320000 1.9121661
0.6330000 50.8578148
0.6340000 8.2546673
0.6350000 -8.5764294
0.6360000 -6.6329689
0.6370000 9.1123886
0.6380000 -11.5403709
0.6390000 23.8186893
0.6400000 -5.8836069
0.6410000 79.5247345
0.6420000 -32.8868256
0.6430000 -46.4647865
0.6440000 -48.3236237
0.6450000 14.7767258
0.6460000 11.7842436
0.6470000 -20.8232155
0.6480000 -59.2250137
0.6490000 -40.2830353
0.6500000 20.9258900
0.6510000 43.3356438
0.6520000 -69.3668823
0.6530000 31.1680183
0.6540000 -66.1864777
0.6550000 9.4119492
0.6560000 12.4935665
0.6570000 -6.3989134
0.6580000 12.6271429
0.6590000 -39.7810783
0.6600000 46.7546158
0.6610000 -10.1931067
0.6620000 15.8954201
0.6630000 -17.2020397
0.6640000 -16.5179176
0.6650000 -60.9552383
0.6660000 -0.4408901
0.6670000 -62.0273552
0.6680000 -29.4978981
0.6690000 -25.0379448
0.6700000 -24.3023949
0.6710000 -28.0832500
0.6720000 -66.6918640
0.6730000 23.8212147
0.6740000 22.2821751
0.6750000 -4.1858768
0.6760000 44.6154060
0.6770000 -6.4303012
0.6780000 8.3337965
0.6790000 30.1279240
0.6800000 -4.7346601
0.6810000 45.9260902
0.6820000 -4.0517673
0.6830000 28.1211452
0.6840000 -20.6608829
0.6850000 26.8649883
0.6860000 -99.4643936
0.6870000 -0.8130442
0.6880000 -7.6630783
0.6890000 -1.6266426
0.6900000 58.5455475
0.6910000 -43.8000374
0.6920000 21.7507000
0.6930000 8.6595926
0.6940000 30.8222504
0.6950000 -5.8032198
0.6960000 78.4616394
0.6970000 13.9357805
0.6980000 -13.7131624
0.6990000 46.7212067
0.7000000 -3.1780717
0.7010000 -1.5711541
0.7020000 -30.5461502
0.7030000 77.1517029
0.7040000 -11.6097460
0.7050000 -31.8627739
0.7060000 -49.4184647
0.7070000 -2.1240311
0.7080000 85.9212341
0.7090000 31.5374470
0.7100000 -10.5211096
0.7110000 61.2726135
0.7120000 -42.4554749
0.7130000 58.6657028
0.7140000 -24.1439323
0.7150000 -3.2705958
0.7160000 13.1974525
0.7170000 -34.6426888
0.7180000 -40.4400253
0.7190000 19.9901257
0.7200000 -15.7118731
0.7210000 -1.0081885
0.7220000 29.7266273
0.7230000 19.4380436
0.7240000 -7.3887577
0.7250000 34.4364090
0.7260000 13.3109665
0.7270000 -4.1745358
0.7280000 -58.2442894
0.7290000 -75.2215500
0.7300000 -12.1056547
0.7310000 33.8065300
0.7320000 43.5538406
0.7330000 -14.2737532
0.7340000 -61.3009987
0.7350000 -13.2428732
0.7360000 -36.1560211
0.7370000 55.7576218
0.7380000 -49.1682777
0.7390000 8.1007490
0.7400000 51.1560440
0.7410000 39.2533455
0.7420000 -54.2413673
0.7430000 -18.9864044
0.7440000 23.9826393
0.7450000 54.0492477
0.7460000 -18.7869358
0.7470000 -25.8750782
0.7480000 -26.9524326
0.7490000 -9.1461544
0.7500000 4.5176964
0.7510000 28.1104221
0.7520000 -8.8855448
0.7530000 -5.4119840
0.7540000 -34.7413139
0.7550000 16.2161369
0.7560000 -47.3381729
0.7570000 11.6566114
0.7580000 -27.8154659
0.7590000 9.3261051
0.7600000 11.9801292
0.7610000 33.7813072
0.7620000 1.7349051
0.7630000 6.2827668
0.7640000 -10.5600367
0.7650000 -46.3374596
0.7660000 -19.4590206
0.7670000 -4.2379451
0.7680000 32.1354332
0.7690000 -59.0889091
0.7700000 33.9598465
0.7710000 2.2632484
0.7720000 -47.8155785
0.7730000 -3.1740887
0.7740000 2.7294970
0.7750000 18.2207451
0.7760000 48.2608757
0.7770000 3.8533089
0.7780000 32.3619843
0.7790000 23.2773209
0.7800000 -44.1000748
0.7810000 -48.6144943
0.7820000 -31.0792866
0.7830000 -38.7362404
0.7840000 -38.2446709
0.7850000 0.1228852
0.7860000 3.3430357
0.7870000 -4.4044266
0.7880000 97.6535645
0.7890000 -25.6578178
0.7900000 -13.0057735
0.7910000 -0.8394221
0.7920000 -5.8082805
0.7930000 31.8574657
0.7940000 -32.4191933
0.7950000 41.9994888
0.7960000 -12.7093668
0.7970000 25.4599113
0.7980000 31.1214657
0.7990000 -15.1345692
0.8000000 5.8881149
0.8010000 -55.7827339
0.8020000 25.9406528
0.8030000 27.5186729
0.8040000 9.8406849
0.8050000 80.3264313
0.8060000 -32.5894814
0.8070000 58.9806404
0.8080000 18.0422935
0.8090000 65.7300491
0.8100000 -13.9814644
0.8110000 24.5405846
0.8120000 35.2245979
0.8130000 44.6292114
0.8140000 -5.7073064
0.8150000 23.9357357
0.8160000 0.5074127
0.8170000 3.4715447
0.8180000 74.8973770
0.8190000 7.3215780
0.8200000 -43.1849480
0.8210000 -5.2255292
0.8220000 -32.2913170
0.8230000 93.8051147
0.8240000 41.2387848
0.8250000 -29.5220585
0.8260000 8.4727926
0.8270000 -6.4972377
0.8280000 25.1460953
0.8290000 -50.7275543
0.8300000 48.4617348
0.8310000 37.0734978
0.8320000 -5.0302277
0.8330000 11.0701504
0.8340000 3.6960742
0.8350000 44.0134239
0.8360000 92.1179886
0.8370000 -27.1233635
0.8380000 -6.9556398
0.8390000 13.8944626
0.8400000 -15.0809565
0.8410000 -30.4243088
0.8420000 36.9588776
0.8430000 8.7626705
0.8440000 46.4789696
0.8450000 6.2387624
0.8460000 8.6675234
0.8470000 2.7883351
0.8480000 -26.3198223
0.8490000 15.3182354
0.8500000 30.5601635
0.8510000 -45.5144958
0.8520000 -4.1866870
0.8530000 -7.9602165
0.8540000 37.0072327
0.8550000 3.7516599
0.8560000 21.5846977
0.8570000 19.7579956
0.8580000 -59.5930328
0.8590000 69.9663086
0.8600000 -16.7339859
0.8610000 13.3797741
0.8620000 13.5008621
0.8630000 -0.0278785
0.8640000 36.2759628
0.8650000 -39.4553490
0.8660000 -26.9221210
0.8670000 -14.7781496
0.8680000 -11.1617928
0.8690000 -22.0228596
0.8700000 4.0296226
0.8710000 6.8027878
0.8720000 -29.2004375
0.8730000 -0.9991564
0.8740000 -21.9882240
0.8750000 22.4396896
0.8760000 -19.3104343
0.8770000 9.8096552
0.8780000 28.9677849
0.8790000 31.0051460
0.8800000 2.8241513
0.8810000 -10.1623974
0.8820000 24.8800907
0.8830000 18.4855099
0.8840000 28.1308880
0.8850000 -2.1812212
0.8860000 -18.2465935
0.8870000 -27.3490620
0.8880000 -61.1000137
0.8890000 7.8766360
0.8900000 41.3413162
0.8910000 -7.4642086
0.8920000 -55.5461044
0.8930000 38.5608025
0.8940000 -26.1227188
0.8950000 -8.8694239
0.8960000 -26.1068630
0.8970000 35.4004974
0.8980000 8.9377079
0.8990000 -44.8519859
0.9000000 -17.4361134
0.9010000 -13.8627138
0.9020000 -56.8400612
0.9030000 -40.9742203
0.9040000 70.0753174
0.9050000 40.2357712
0.9060000 31.3953075
0.9070000 3.3252258
0.9080000 -11.0134659
0.9090000 45.5974655
0.9100000 16.7913132
0.9110000 39.8483047
0.9120000 -68.1995621
0.9130000 12.3694305
0.9140000 -5.3192983
0.9150000 -32.0461159
0.9160000 19.0779209
0.9170000 -13.7193432
0.9180000 14.5008869
0.9190000 31.0931301
0.9200000 -12.5314722
0.9210000 -8.0411625
0.9220000 -5.0176077
0.9230000 -13.7422466
0.9240000 51.4453430
0.9250000 56.8361626
0.9260000 28.4357796
0.9270000 -10.6546745
0.9280000 -1.0095266
0.9290000 -19.6123199
0.9300000 -58.9471321
0.9310000 -3.6711326
0.9320000 -5.4028068
0.9330000 40.5222435
0.9340000 -36.2307549
0.9350000 24.9683495
0.9360000 -7.8939638
0.9370000 31.3632507
0.9380000 47.4568176
0.9390000 47.4721298
0.9400000 81.3945084
0.9410000 -17.2700119
0.9420000 62.6030998
0.9430000 -9.4285822
0.9440000 -36.5760345
0.9450000 33.7960472
0.9460000 -5.1986198
0.9470000 36.6285095
0.9480000 -8.1855402
0.9490000 -33.0310173
0.9500000 -12.9404030
0.9510000 -49.9758797
0.9520000 -13.8511381
0.9530000 -12.4956512
0.9540000 -47.5497589
0.9550000 47.4472733
0.9560000 19.4052200
0.9570000 -14.2538910
0.9580000 21.8429623
0.9590000 -2.8357186
0.9600000 -0.4346226
0.9610000 -47.2211189
0.9620000 41.8223915
0.9630000 28.1662960
0.9640000 -7.5811453
0.9650000 16.7420979
0.9660000 52.4331436
0.9670000 -9.4335499
0.9680000 25.9785805
0.9690000 -55.6890182
0.9700000 -35.6337204
0.9710000 45.5986176
0.9720000 46.5952606
0.9730000 18.8986473
0.9740000 33.4329796
0.9750000 6.0726604
0.9760000 30.0686893
0.9770000 43.3298302
0.9780000 -46.3562241
0.9790000 7.7509832
0.9800000 -21.3681068
0.9810000 -39.5065460
0.9820000 -4.2899504
0.9830000 -39.0556793
0.9840000 4.3825688
0.9850000 -35.5128136
0.9860000 -19.3586502
0.9870000 19.8638802
0.9880000 -36.5569611
0.9890000 -11.3316069
0.9900000 16.2432652
0.9910000 62.8144112
0.9920000 -0.7971433
0.9930000 -63.4163742
0.9940000 25.7105980
0.9950000 2.5220695
0.9960000 61.2075119
0.9970000 10.6842690
0.9980000 62.7862320
0.9990000 2.7092028
