0.0000000 -35.0762711
0.0010000 2.1768579
0.0020000 26.0702209
0.0030000 109.0832062
0.0040000 9.2942295
0.0050000 9.8434258
0.0060000 66.0688324
0.0070000 10.4815903
0.0080000 -58.6843109
0.0090000 30.3973751
0.0100000 -9.6099710
0.0110000 -31.4635830
0.0120000 9.5899191
0.0130000 -6.9358449
0.0140000 24.8385258
0.0150000 33.4127655
0.0160000 -0.9795555
0.0170000 67.0012894
0.0180000 49.2855644
0.0190000 -9.8030682
0.0200000 71.1533966
0.0210000 -7.1233764
0.0220000 -37.8517685
0.0230000 -35.2455635
0.0240000 4.0546007
0.0250000 46.5088654
0.0260000 -24.6149654
0.0270000 38.0555916
0.0280000 -49.1169319
0.0290000 -34.8325310
0.0300000 -27.5404396
0.0310000 41.8172836
0.0320000 30.3957863
0.0330000 56.4899063
0.0340000 -29.3801308
0.0350000 19.6578064
0.0360000 63.0634842
0.0370000 -42.9779167
0.0380000 55.1631737
0.0390000 32.1966438
0.0400000 17.7264729
0.0410000 32.8255577
0.0420000 -19.6353664
0.0430000 -2.7764874
0.0440000 -51.0523300
0.0450000 10.8706865
0.0460000 17.9956245
0.0470000 7.0937843
0.0480000 25.1256733
0.0490000 27.2647305
0.0500000 2.2916434
0.0510000 -7.0169134
0.0520000 -51.7518311
0.0530000 -42.3545265
0.0540000 -1.6145945
0.0550000 -19.1175709
0.0560000 31.3349133
0.0570000 38.3322258
0.0580000 -15.3282204
0.0590000 -27.5593243
0.0600000 27.7430382
0.0610000 4.4711127
0.0620000 -41.5329857
0.0630000 -34.2668610
0.0640000 3.6061723
0.0650000 39.6119576
0.0660000 -1.2608004
0.0670000 14.4697113
0.0680000 -39.5360909
0.0690000 12.3750114
0.0700000 6.7664294
0.0710000 -46.1908951
0.0720000 39.7715683
0.0730000 41.9158669
0.0740000 -26.7220287
0.0750000 17.6106262
0.0760000 24.6090546
0.0770000 46.6170654
0.0780000 -1.2681786
0.0790000 70.2026062
0.0800000 11.2129774
0.0810000 31.4665356
0.0820000 12.4351778
0.0830000 -23.2080078
0.0840000 64.6714096
0.0850000 -4.1545806
0.0860000 -21.2889442
0.0870000 11.4459867
0.0880000 11.2843437
0.0890000 -6.5071764
0.0900000 69.0749512
0.0910000 18.8337917
0.0920000 8.1909657
0.0930000 8.1374121
0.0940000 6.7513952
0.0950000 1.4368229
0.0960000 35.2835732
0.0970000 21.9486332
0.0980000 54.6968575
0.0990000 15.8828287
0.1000000 -48.3688545
0.1010000 18.0680695
0.1020000 -0.4038846
0.1030000 -31.7214413
0.1040000 29.9468117
0.1050000 59.6417236
0.1060000 -38.1690712
0.1070000 -27.3375664
0.1080000 0.6542408
0.1090000 -36.5607338
0.1100000 63.1964874
0.1110000 -17.4751129
0.1120000 -35.3219032
0.1130000 9.7488565
0.1140000 -95.9031601
0.1150000 -56.2000999
0.1160000 31.0550747
0.1170000 -35.4068260
0.1180000 37.6889038
0.1190000 -20.4075260
0.1200000 -22.6209354
0.1210000 -41.9427757
0.1220000 67.2353134
0.1230000 6.8756437
0.1240000 33.2663231
0.1250000 40.4820328
0.1260000 -26.6809616
0.1270000 9.3163347
0.1280000 35.0810661
0.1290000 -46.4748039
0.1300000 4.5251403
0.1310000 -53.6704292
0.1320000 43.1131325
0.1330000 12.3322287
0.1340000 6.6275396
0.1350000 21.5649719
0.1360000 54.3606339
0.1370000 59.2754402
0.1380000 -47.9914360
0.1390000 14.8312140
0.1400000 23.1371479
0.1410000 -59.7370262
0.1420000 33.7499809
0.1430000 -25.9714127
0.1440000 -47.6596947
0.1450000 -1.2217647
0.1460000 0.7797920
0.1470000 26.8275261
0.1480000 14.3684444
0.1490000 -10.6050873
0.1500000 -4.6657991
0.1510000 22.6829300
0.1520000 -50.8244095
0.1530000 22.6414642
0.1540000 5.2536483
0.1550000 41.1914558
0.1560000 -27.5184784
0.1570000 -37.2673111
0.1580000 -51.7171440
0.1590000 -63.0712929
0.1600000 -18.8863773
0.1610000 -67.0761261
0.1620000 -18.1772919
0.1630000 15.6542826
0.1640000 -21.1100750
0.1650000 24.9432125
0.1660000 38.9188423
0.1670000 -43.3946762
0.1680000 -52.1492271
0.1690000 -10.6373653
0.1700000 -25.8047256
0.1710000 -4.1561241
0.1720000 -31.9253387
0.1730000 -41.2096405
0.1740000 -19.5171852
0.1750000 87.5023651
0.1760000 -9.8017197
0.1770000 -53.3952827
0.1780000 -29.3354359
0.1790000 -6.3466897
0.1800000 -107.3087234
0.1810000 -17.0018578
0.1820000 -52.2392883
0.1830000 20.6539097
0.1840000 1.2109344
0.1850000 -25.6764812
0.1860000 -7.3655286
0.1870000 -26.9415436
0.1880000 -52.3429871
0.1890000 -3.5871010
0.1900000 -39.8537407
0.1910000 -15.0806704
0.1920000 -14.8206596
0.1930000 -32.5826263
0.1940000 -42.1814232
0.1950000 -56.7487831
0.1960000 78.1133728
0.1970000 39.8433151
0.1980000 -57.2746544
0.1990000 15.6070156
0.2000000 26.5322933
0.2010000 7.0971999
0.2020000 -38.2431335
0.2030000 7.5334845
0.2040000 50.0538635
0.2050000 60.0178757
0.2060000 12.5022049
0.2070000 13.6547260
0.2080000 4.0866179
0.2090000 17.4477196
0.2100000 -16.9036884
0.2110000 -34.7160568
0.2120000 32.0518074
0.2130000 33.8663483
0.2140000 23.2235794
0.2150000 -17.9244347
0.2160000 5.6031928
0.2170000 -1.0182911
0.2180000 27.3801727
0.2190000 31.3778687
0.2200000 51.6564445
0.2210000 16.6642895
0.2220000 -10.5194540
0.2230000 -37.9634972
0.2240000 33.4428520
0.2250000 50.0750694
0.2260000 9.7924395
0.2270000 38.1760979
0.2280000 -31.4262180
0.2290000 15.8982544
0.2300000 54.2156105
0.2310000 75.4819260
0.2320000 -43.7548714
0.2330000 26.3501110
0.2340000 -21.9871464
0.2350000 13.7764196
0.2360000 74.4810944
0.2370000 -5.7738500
0.2380000 -40.2718391
0.2390000 -53.4080963
0.2400000 -8.5507622
0.2410000 -18.2166405
0.2420000 36.1840630
0.2430000 8.7333956
0.2440000 -47.2290039
0.2450000 37.2642670
0.2460000 -52.7047653
0.2470000 12.3378744
0.2480000 4.7823777
0.2490000 59.8273926
0.2500000 -0.2053083
0.2510000 33.2634239
0.2520000 26.7546635
0.2530000 3.8523176
0.2540000 -63.6671181
0.2550000 8.5558882
0.2560000 -35.1996956
0.2570000 13.2382593
0.2580000 26.8907356
0.2590000 3.2462947
0.2600000 -27.0343246
0.2610000 59.9299545
0.2620000 -25.2269688
0.2630000 -49.2131119
0.2640000 -16.2543106
0.2650000 -67.9576263
0.2660000 -65.3022690
0.2670000 -2.0764303
0.2680000 -27.0936108
0.2690000 1.0994204
0.2700000 -68.4400253
0.2710000 -5.7295461
0.2720000 11.5874281
0.2730000 16.1017208
0.2740000 -2.3554654
0.2750000 -2.7581058
0.2760000 47.7085533
0.2770000 -83.6685562
0.2780000 11.5120144
0.2790000 -13.1510115
0.2800000 36.0689774
0.2810000 -4.1156607
0.2820000 -7.8337798
0.2830000 0.5171764
0.2840000 11.6307535
0.2850000 2.5700727
0.2860000 33.9216576
0.2870000 20.6924534
0.2880000 50.7230492
0.2890000 -21.0213833
0.2900000 -43.2731323
0.2910000 40.0157013
0.2920000 33.5264359
0.2930000 -33.3267670
0.2940000 -15.8381519
0.2950000 5.1840963
0.2960000 -58.0956039
0.2970000 22.8326225
0.2980000 81.5479660
0.2990000 27.0146751
0.3000000 -18.0039558
0.3010000 38.5682449
0.3020000 -24.9327431
0.3030000 -8.6873999
0.3040000 33.2836342
0.3050000 11.2603464
0.3060000 -7.5440803
0.3070000 -14.6331978
0.3080000 43.6222496
0.3090000 -44.1754723
0.3100000 -21.2165012
0.3110000 -5.1070409
0.3120000 -6.0149937
0.3130000 1.6344396
0.3140000 -11.4808569
0.3150000 -10.8075047
0.3160000 -42.8288498
0.3170000 -16.0958366
0.3180000 4.1806793
0.3190000 -5.9258461
0.3200000 37.5384979
0.3210000 17.5941792
0.3220000 -5.1497726
0.3230000 -11.1785059
0.3240000 30.6688728
0.3250000 -17.7040157
0.3260000 -22.8221073
0.3270000 -5.3335681
0.3280000 58.9546013
0.3290000 -16.2724590
0.3300000 -2.4689927
0.3310000 3.4872887
0.3320000 8.2231941
0.3330000 -7.6203165
0.3340000 71.2975006
0.3350000 -49.2243271
0.3360000 20.5203838
0.3370000 -4.7039461
0.3380000 -28.0771980
0.3390000 -1.3942411
0.3400000 -11.9277859
0.3410000 -47.5092812
0.3420000 -44.3304901
0.3430000 -7.3416753
0.3440000 12.6121569
0.3450000 -13.1053019
0.3460000 38.3337860
0.3470000 61.4028053
0.3480000 -10.8868942
0.3490000 -19.4043980
0.3500000 -10.2728758
0.3510000 44.7736588
0.3520000 50.3625793
0.3530000 -45.5270348
0.3540000 3.8767774
0.3550000 -56.4468765
0.3560000 -59.5248718
0.3570000 -33.2378807
0.3580000 35.9934731
0.3590000 18.1810665
0.3600000 101.4268799
0.3610000 -29.0417976
0.3620000 11.4609556
0.3630000 26.2755127
0.3640000 35.5249863
0.3650000 -11.5154285
0.3660000 -36.8527641
0.3670000 11.3308840
0.3680000 -37.9719162
0.3690000 47.4577980
0.3700000 -53.1007919
0.3710000 -32.4148712
0.3720000 -39.7515907
0.3730000 29.8394165
0.3740000 19.8265362
0.3750000 -20.6923637
0.3760000 1.6746508
0.3770000 -20.9105930
0.3780000 18.0111122
0.3790000 -22.5877609
0.3800000 46.3643379
0.3810000 0.4374598
0.3820000 4.8000970
0.3830000 90.1139450
0.3840000 -25.9821491
0.3850000 -0.2099063
0.3860000 -38.2455864
0.3870000 -3.3721092
0.3880000 -60.2593803
0.3890000 62.8529739
0.3900000 -35.7228889
0.3910000 -47.1597328
0.3920000 -73.5949326
0.3930000 -74.2387161
0.3940000 38.0814438
0.3950000 41.5399437
0.3960000 13.5955048
0.3970000 -8.5420761
0.3980000 -16.3595276
0.3990000 33.8756294
0.4000000 -55.2620468
0.4010000 -5.6052108
0.4020000 27.0532207
0.4030000 42.5033836
0.4040000 -41.0282745
0.4050000 1.6639379
0.4060000 -65.6832504
0.4070000 31.8651047
0.4080000 19.2915821
0.4090000 -50.2340012
0.4100000 0.9345070
0.4110000 -60.5401955
0.4120000 -26.6770229
0.4130000 -13.5359287
0.4140000 -22.7458801
0.4150000 -1.3676465
0.4160000 -35.1688919
0.4170000 12.7111473
0.4180000 -46.6423264
0.4190000 13.1150627
0.4200000 -20.2706394
0.4210000 -16.8008156
0.4220000 22.2378197
0.4230000 -18.5584545
0.4240000 -41.5440826
0.4250000 -9.5191326
0.4260000 24.7035904
0.4270000 -77.2235794
0.4280000 24.9945641
0.4290000 72.5816574
0.4300000 -58.1306686
0.4310000 27.9990692
0.4320000 47.5511093
0.4330000 1.5904173
0.4340000 64.6660080
0.4350000 -56.0391502
0.4360000 18.7327232
0.4370000 28.5989037
0.4380000 -47.5098572
0.4390000 -0.0736400
0.4400000 17.0927372
0.4410000 5.5346408
0.4420000 -22.4605789
0.4430000 -26.3845081
0.4440000 41.3632507
0.4450000 35.3395004
0.4460000 -32.0187263
0.4470000 -3.4252324
0.4480000 -70.5496140
0.4490000 23.7251987
0.4500000 -15.9974203
0.4510000 -46.2336617
0.4520000 17.1177120
0.4530000 18.3296070
0.4540000 21.6608486
0.4550000 -18.5224762
0.4560000 -41.6159515
0.4570000 10.1099958
0.4580000 63.7502480
0.4590000 10.9405546
0.4600000 -24.6053314
0.4610000 4.7980223
0.4620000 -45.2553253
0.4630000 -38.7725143
0.4640000 31.3300648
0.4650000 33.6568947
0.4660000 -17.4791908
0.4670000 44.6447296
0.4680000 1.4235821
0.4690000 -25.0884209
0.4700000 2.6597574
0.4710000 -97.1119690
0.4720000 -36.0295715
0.4730000 16.9374943
0.4740000 -14.0241261
0.4750000 -8.5662670
0.4760000 104.2982101
0.4770000 -41.3139801
0.4780000 -14.2106552
0.4790000 -34.0511017
0.4800000 5.6718321
0.4810000 27.2430553
0.4820000 -87.2443390
0.4830000 -18.2044678
0.4840000 -2.6114733
0.4850000 56.8970070
0.4860000 -22.4650059
0.4870000 -16.9687061
0.4880000 59.7336540
0.4890000 -11.6885223
0.4900000 -40.7247200
0.4910000 19.7192345
0.4920000 45.3859673
0.4930000 -11.2281227
0.4940000 -7.4551387
0.4950000 52.5452843
0.4960000 10.7242384
0.4970000 -13.8453245
0.4980000 -10.2870979
0.4990000 28.3793297
0.5000000 24.5830173
0.5010000 29.5040989
0.5020000 35.3140488
0.5030000 15.1367798
0.5040000 26.9403534
0.5050000 11.0977345
0.5060000 16.7016430
0.5070000 -57.4290428
0.5080000 -5.2079396
0.5090000 18.1660042
0.5100000 -9.8536797
0.5110000 -52.9087944
0.5120000 -28.5021191
0.5130000 -14.7460346
0.5140000 9.3715067
0.5150000 -38.2570305
0.5160000 -28.7624626
0.5170000 39.8591728
0.5180000 23.0603199
0.5190000 -26.3775978
0.5200000 -26.5184326
0.5210000 35.3481636
0.5220000 -31.1864147
0.5230000 32.1897469
0.5240000 -6.7130699
0.5250000 -71.3660126
0.5260000 -36.5470848
0.5270000 16.7115822
0.5280000 35.7277336
0.5290000 -4.0292344
0.5300000 -18.7556515
0.5310000 6.2118611
0.5320000 -28.2057247
0.5330000 35.6636162
0.5340000 39.0620499
0.5350000 31.3689842
0.5360000 -9.4772062
0.5370000 17.3373013
0.5380000 -12.8240023
0.5390000 -27.8775444
0.5400000 -15.0584841
0.5410000 65.3961105
0.5420000 -46.2965965
0.5430000 -24.6859360
0.5440000 4.8921590
0.5450000 2.3151352
0.5460000 -1.6523610
0.5470000 -32.7055054
0.5480000 -31.0842152
0.5490000 5.1010261
0.5500000 35.2283859
0.5510000 13.1006355
0.5520000 -11.9045296
0.5530000 -48.0439682
0.5540000 66.3439789
0.5550000 35.9245872
0.5560000 4.9450860
0.5570000 14.7250147
0.5580000 30.9138832
0.5590000 27.1790428
0.5600000 -51.1077919
0.5610000 -0.2601702
0.5620000 14.2056894
0.5630000 7.2541223
0.5640000 49.5979881
0.5650000 70.4300919
0.5660000 14.0801830
0.5670000 5.0454116
0.5680000 -15.1293869
0.5690000 23.5314941
0.5700000 -26.2499638
0.5710000 -26.0267639
0.5720000 -3.3219550
0.5730000 5.0564194
0.5740000 -29.2470493
0.5750000 -1.3990521
0.5760000 -24.8989105
0.5770000 55.3338470
0.5780000 24.1560421
0.5790000 24.5170765
0.5800000 20.2388630
0.5810000 -14.2476187
0.5820000 -30.2575970
0.5830000 11.1287289
0.5840000 -55.6490250
0.5850000 8.5205612
0.5860000 -28.4892960
0.5870000 30.6174622
0.5880000 -17.2741070
0.5890000 -9.6462669
0.5900000 0.9005669
0.5910000 41.7975769
0.5920000 -55.9614906
0.5930000 35.9376373
0.5940000 -29.2112808
0.5950000 0.7421604
0.5960000 1.2488608
0.5970000 -4.7746286
0.5980000 17.3205719
0.5990000 -10.9612961
0.6000000 -74.7891769
0.6010000 -10.4839725
0.6020000 -9.9472208
0.6030000 25.5472221
0.6040000 -19.3723011
0.6050000 9.9417505
0.6060000 -25.6622257
0.6070000 -26.1049290
0.6080000 -40.9847450
0.6090000 -12.4444418
0.6100000 39.7990265
0.6110000 22.2946472
0.6120000 -20.7656555
0.6130000 -7.5946760
0.6140000 -38.1605263
0.6150000 4.1971688
0.6160000 1.2313552
0.6170000 41.8347321
0.6180000 29.9176121
0.6190000 -4.6268449
0.6200000 41.5257072
0.6210000 -44.5148468
0.6220000 -7.6556559
0.6230000 7.3555536
0.6240000 0.7182003
0.6250000 26.8996162
0.6260000 -42.4716072
0.6270000 -30.1979866
0.6280000 26.8710556
0.6290000 26.0754261
0.6300000 9.7456388
0.6310000 4.0340767
0.6320000 -3.5410159
0.6330000 -2.6658401
0.6340000 -18.8754539
0.6350000 -1.3577310
0.6360000 37.2902107
0.6370000 -21.2656155
0.6380000 4.9313154
0.6390000 -29.8658695
0.6400000 18.4844933
0.6410000 11.2064199
0.6420000 20.9125080
0.6430000 39.2206802
0.6440000 -17.3810062
0.6450000 31.7522583
0.6460000 46.6021385
0.6470000 12.7206831
0.6480000 -39.1796646
0.6490000 -57.7230034
0.6500000 -49.6916275
0.6510000 -56.9774055
0.6520000 9.1323872
0.6530000 3.7069335
0.6540000 -48.7963867
0.6550000 45.2278938
0.6560000 -24.5070591
0.6570000 53.1295395
0.6580000 49.1003838
0.6590000 -32.7801666
0.6600000 -19.6489029
0.6610000 26.2265968
0.6620000 -47.9804382
0.6630000 1.5668050
0.6640000 15.0703344
0.6650000 20.7666702
0.6660000 21.7413769
0.6670000 -12.9043493
0.6680000 31.7590351
0.6690000 -6.0221238
0.6700000 22.4301472
0.6710000 0.1828722
0.6720000 2.2821488
0.6730000 29.2206097
0.6740000 3.8894980
0.6750000 2.1105316
0.6760000 -11.5436182
0.6770000 -22.2351799
0.6780000 32.5877342
0.6790000 17.9093380
0.6800000 41.4964485
0.6810000 -39.2649460
0.6820000 85.7011108
0.6830000 3.4826934
0.6840000 -13.0105772
0.6850000 -16.8286591
0.6860000 9.1848154
0.6870000 -42.7596474
0.6880000 14.1996508
0.6890000 -1.4675047
0.6900000 -40.7533226
0.6910000 35.5046234
0.6920000 12.4528685
0.6930000 -33.9175873
0.6940000 53.1351662
0.6950000 55.7522316
0.6960000 20.6734085
0.6970000 -2.8096685
0.6980000 14.1909866
0.6990000 110.1783295
0.7000000 -42.2250137
0.7010000 16.7508545
0.7020000 16.3016815
0.7030000 21.4248219
0.7040000 -2.5716136
0.7050000 23.9069519
0.7060000 -39.3183670
0.7070000 -34.3856850
0.7080000 5.9040084
0.7090000 -0.8740136
0.7100000 7.6584611
0.7110000 -38.3787842
0.7120000 51.0126038
0.7130000 -24.8452549
0.7140000 50.3268051
0.7150000 -10.2941952
0.7160000 10.6541452
0.7170000 18.8203831
0.7180000 -12.0014248
0.7190000 -7.1335940
0.7200000 -26.2932091
0.7210000 -26.9820709
0.7220000 65.4283981
0.7230000 13.2897806
0.7240000 -0.9785533
0.7250000 97.1407623
0.7260000 -23.1165962
0.7270000 11.0554543
0.7280000 24.8471489
0.7290000 2.1286407
0.7300000 -65.0846176
0.7310000 7.5840487
0.7320000 2.7572823
0.7330000 16.6631546
0.7340000 -20.9852543
0.7350000 -7.7291207
0.7360000 38.8335342
0.7370000 27.9396610
0.7380000 9.6964092
0.7390000 -68.1239014
0.7400000 -15.7172651
0.7410000 12.6063385
0.7420000 -27.3210869
0.7430000 -46.2160072
0.7440000 -21.3543549
0.7450000 -29.5437317
0.7460000 -17.7821293
0.7470000 -17.1908264
0.7480000 -71.1648331
0.7490000 45.0361824
0.7500000 -35.6282387
0.7510000 -10.5929708
0.7520000 3.4396253
0.7530000 -6.1288109
0.7540000 15.1941061
0.7550000 2.6008623
0.7560000 9.7418957
0.7570000 2.4593282
0.7580000 -13.9958992
0.7590000 20.2201157
0.7600000 39.5821304
0.7610000 4.9365015
0.7620000 -23.4552994
0.7630000 -22.5953922
0.7640000 -8.1911335
0.7650000 15.5787668
0.7660000 -23.5735493
0.7670000 59.9288368
0.7680000 40.5444069
0.7690000 26.8272285
0.7700000 14.5829716
0.7710000 -12.7513676
0.7720000 7.4569025
0.7730000 55.9557610
0.7740000 -23.4542160
0.7750000 12.9071913
0.7760000 -29.6277599
0.7770000 -35.6235619
0.7780000 -58.6446037
0.7790000 45.9802666
0.7800000 -29.4083996
0.7810000 -31.0240746
0.7820000 -7.7877412
0.7830000 -44.9782486
0.7840000 1.2449348
0.7850000 -2.6503043
0.7860000 41.0542374
0.7870000 -53.3250351
0.7880000 60.8022423
0.7890000 4.3477807
0.7900000 32.1075478
0.7910000 -11.9821863
0.7920000 -16.6685715
0.7930000 19.2622356
0.7940000 46.0994873
0.7950000 -0.6209076
0.7960000 38.7716103
0.7970000 61.8332443
0.7980000 -2.7860293
0.7990000 -15.2021971
0.8000000 -53.6377373
0.8010000 -52.9514389
0.8020000 -80.1694565
0.8030000 -72.9022675
0.8040000 72.1885986
0.8050000 11.1574411
0.8060000 -60.5555801
0.8070000 -11.6883183
0.8080000 40.3392372
0.8090000 -15.1395702
0.8100000 -9.8979549
0.8110000 46.4858665
0.8120000 -8.4547997
0.8130000 -0.4188957
0.8140000 -41.1028633
0.8150000 -12.1043892
0.8160000 -14.7438087
0.8170000 -54.7469711
0.8180000 -23.8856697
0.8190000 -0.3462302
0.8200000 37.6056366
0.8210000 -14.3867502
0.8220000 28.3040276
0.8230000 -40.2322350
0.8240000 41.3675690
0.8250000 -57.6045914
0.8260000 -36.5317345
0.8270000 26.9900799
0.8280000 9.1157084
0.8290000 27.2349453
0.8300000 58.9032669
0.8310000 25.1730671
0.8320000 5.1984453
0.8330000 -3.7653525
0.8340000 -16.5259571
0.8350000 9.9522018
0.8360000 -80.8296127
0.8370000 -22.7246075
0.8380000 -0.4337106
0.8390000 -13.4404917
0.8400000 55.2395363
0.8410000 4.6851764
0.8420000 -30.0287323
0.8430000 29.6048756
0.8440000 1.0105933
0.8450000 -9.6078711
0.8460000 6.9889812
0.8470000 -33.9309158
0.8480000 -11.2570925
0.8490000 37.9742928
0.8500000 56.4810181
0.8510000 43.3303719
0.8520000 87.1369171
0.8530000 -8.2212849
0.8540000 17.0664215
0.8550000 -11.6270027
0.8560000 -7.4033566
0.8570000 -31.1860962
0.8580000 -3.2825162
0.8590000 26.8564358
0.8600000 32.6962128
0.8610000 -37.0631866
0.8620000 51.1950455
0.8630000 -7.6848803
0.8640000 22.1357269
0.8650000 -71.1076889
0.8660000 -12.5985327
0.8670000 -41.5368156
0.8680000 -25.8197956
0.8690000 90.3413086
0.8700000 -43.0956154
0.8710000 -60.1363869
0.8720000 37.5972824
0.8730000 -68.0193710
0.8740000 29.6180286
0.8750000 -28.6260929
0.8760000 -19.2846146
0.8770000 42.6778069
0.8780000 -13.3338308
0.8790000 75.7954636
0.8800000 10.0935946
0.8810000 -26.1148949
0.8820000 -18.3117123
0.8830000 -11.6461554
0.8840000 71.0157013
0.8850000 -7.3409228
0.8860000 23.5907936
0.8870000 21.1095581
0.8880000 32.3228836
0.8890000 63.6327133
0.8900000 7.2109060
0.8910000 -26.2682171
0.8920000 22.9296741
0.8930000 -40.4756432
0.8940000 -25.2221813
0.8950000 28.8330345
0.8960000 25.0536842
0.8970000 0.8901188
0.8980000 -10.8256474
0.8990000 -11.6332998
0.9000000 28.0399265
0.9010000 18.3675632
0.9020000 -50.5115662
0.9030000 -16.3716965
0.9040000 35.9795876
0.9050000 10.0503445
0.9060000 16.7408524
0.9070000 -21.0805168
0.9080000 59.3429108
0.9090000 -13.7324152
0.9100000 45.3920135
0.9110000 -19.5471859
0.9120000 15.4269028
0.9130000 -20.3555260
0.9140000 -22.1413174
0.9150000 15.4127445
0.9160000 -53.6967278
0.9170000 67.4898911
0.9180000 51.2666817
0.9190000 -1.1410968
0.9200000 -27.2526302
0.9210000 18.4874878
0.9220000 3.2085633
0.9230000 -24.9289913
0.9240000 -14.1434965
0.9250000 -24.3553028
0.9260000 4.6198010
0.9270000 38.9148407
0.9280000 21.9110355
0.9290000 1.2980441
0.9300000 -8.0668974
0.9310000 -13.9798784
0.9320000 -38.4293518
0.9330000 59.0505867
0.9340000 -75.0260391
0.9350000 68.4590378
0.9360000 -40.0966873
0.9370000 29.4541225
0.9380000 33.4895554
0.9390000 -7.1385221
0.9400000 24.6542015
0.9410000 6.1627765
0.9420000 26.1628456
0.9430000 5.3813429
0.9440000 -38.5072784
0.9450000 -13.7064247
0.9460000 -22.7421398
0.9470000 -51.3091316
0.9480000 5.7184005
0.9490000 -54.6037979
0.9500000 -22.5137520
0.9510000 74.2887497
0.9520000 4.2176409
0.9530000 20.5628872
0.9540000 13.1925964
0.9550000 40.5840607
0.9560000 19.9064846
0.9570000 8.0942020
0.9580000 -25.3056278
0.9590000 -50.3062935
0.9600000 -46.6148796
0.9610000 -11.5547352
0.9620000 60.4524078
0.9630000 -28.8382053
0.9640000 30.2501621
0.9650000 7.8420949
0.9660000 -36.9323654
0.9670000 -29.8657875
0.9680000 -4.9993029
0.9690000 -6.1429410
0.9700000 42.1548195
0.9710000 15.3712959
0.9720000 16.2861881
0.9730000 37.8040581
0.9740000 -30.5116310
0.9750000 85.7731476
0.9760000 -25.1791553
0.9770000 -51.7840424
0.9780000 40.8744202
0.9790000 0.3598521
0.9800000 24.4941635
0.9810000 -3.6408291
0.9820000 -33.4233437
0.9830000 -34.0494919
0.9840000 38.1030350
0.9850000 -31.7989216
0.9860000 -32.5945854
0.9870000 35.3695145
0.9880000 -32.8119278
0.9890000 12.9373579
0.9900000 16.6093731
0.9910000 17.6920509
0.9920000 16.3564510
0.9930000 9.0960503
0.9940000 19.1016617
0.9950000 -25.1909866
0.9960000 17.9935818
0.9970000 13.6689939
0.9980000 28.6407166
0.9990000 0.8723302
