0.0000000 -26.8790150
0.0010000 -0.6600800
0.0020000 41.8944130
0.0030000 16.5728531
0.0040000 19.6075459
0.0050000 10.8577719
0.0060000 13.9343967
0.0070000 -30.0052624
0.0080000 -0.3475625
0.0090000 -22.7287827
0.0100000 23.4928207
0.0110000 -27.3768921
0.0120000 -24.8975639
0.0130000 -25.0586948
0.0140000 -10.4773540
0.0150000 18.6123981
0.0160000 31.9439201
0.0170000 -49.8858452
0.0180000 25.4886284
0.0190000 -46.0651283
0.0200000 -57.1662407
0.0210000 -8.9644756
0.0220000 -0.4836543
0.0230000 21.0315800
0.0240000 8.6161852
0.0250000 -11.0290165
0.0260000 -9.4424648
0.0270000 -6.6453567
0.0280000 37.7904625
0.0290000 -10.7043362
0.0300000 31.6862907
0.0310000 -18.2088604
0.0320000 33.2097778
0.0330000 -3.3561516
0.0340000 -49.0388069
0.0350000 -0.4479972
0.0360000 17.8830585
0.0370000 32.9458466
0.0380000 -47.2784233
0.0390000 -18.7499695
0.0400000 -28.6914845
0.0410000 -30.6300964
0.0420000 57.5961418
0.0430000 36.4000969
0.0440000 30.0557442
0.0450000 -24.5590591
0.0460000 -9.0008144
0.0470000 -9.6894369
0.0480000 17.8421459
0.0490000 18.3499851
0.0500000 -45.7108498
0.0510000 46.0703812
0.0520000 -26.0384026
0.0530000 7.2149806
0.0540000 21.9133129
0.0550000 -0.7957141
0.0560000 65.2330475
0.0570000 51.6122017
0.0580000 -5.4390736
0.0590000 16.2398949
0.0600000 18.2687836
0.0610000 59.8075829
0.0620000 15.5322294
0.0630000 54.9658737
0.0640000 14.4681587
0.0650000 -7.5519700
0.0660000 -39.1776009
0.0670000 4.2173171
0.0680000 -41.8943825
0.0690000 -41.1274605
0.0700000 15.1137781
0.0710000 -18.5517044
0.0720000 -58.2473640
0.0730000 -49.0522881
0.0740000 33.1915550
0.0750000 11.9227877
0.0760000 -14.4667692
0.0770000 3.0937123
0.0780000 24.5931320
0.0790000 1.9703493
0.0800000 9.0676394
0.0810000 19.5877647
0.0820000 15.1867256
0.0830000 -34.7073250
0.0840000 16.6917095
0.0850000 21.6967125
0.0860000 -35.0521698
0.0870000 82.2578430
0.0880000 36.2592850
0.0890000 -60.9759636
0.0900000 6.0871186
0.0910000 -1.2232594
0.0920000 34.4511375
0.0930000 -3.0074015
0.0940000 27.9779778
0.0950000 -23.0459614
0.0960000 -90.8469925
0.0970000 -46.8714294
0.0980000 0.6281655
0.0990000 16.6060238
0.1000000 -0.7879530
0.1010000 14.3273745
0.1020000 -2.2358866
0.1030000 -7.6998558
0.1040000 20.8075695
0.1050000 -1.3763130
0.1060000 39.6401978
0.1070000 45.3753471
0.1080000 15.4446135
0.1090000 2.7660470
0.1100000 -13.9343357
0.1110000 -14.0884933
0.1120000 -20.0665646
0.1130000 5.5422807
0.1140000 42.6033707
0.1150000 -61.1893005
0.1160000 15.1255102
0.1170000 -23.9539986
0.1180000 -31.1435680
0.1190000 -20.4210243
0.1200000 13.0907660
0.1210000 -19.6499290
0.1220000 -37.8530312
0.1230000 -95.4521866
0.1240000 -43.0670509
0.1250000 44.7531433
0.1260000 -29.4882870
0.1270000 33.5072098
0.1280000 -32.6439934
0.1290000 -11.6066036
0.1300000 34.9892845
0.1310000 7.6132698
0.1320000 -35.9502220
0.1330000 6.9556813
0.1340000 -48.5755692
0.1350000 -6.3578753
0.1360000 60.0205956
0.1370000 37.8348999
0.1380000 -71.4478378
0.1390000 -16.7227821
0.1400000 8.8385048
0.1410000 -17.7549267
0.1420000 46.0975494
0.1430000 -22.7439098
0.1440000 1.8904132
0.1450000 -18.8394070
0.1460000 2.4607518
0.1470000 -22.5635891
0.1480000 -15.9733534
0.1490000 22.8067970
0.1500000 13.8182621
0.1510000 -4.4484043
0.1520000 47.2482376
0.1530000 86.7518234
0.1540000 12.7152414
0.1550000 -57.2446823
0.1560000 53.5450287
0.1570000 22.5747166
0.1580000 -1.9877522
0.1590000 23.4363670
0.1600000 8.6978617
0.1610000 -25.8590851
0.1620000 -46.2151299
0.1630000 27.5916672
0.1640000 -17.5446873
0.1650000 -15.7135448
0.1660000 31.6768398
0.1670000 -1.1241798
0.1680000 -7.3947730
0.1690000 -8.8265371
0.1700000 -13.4171734
0.1710000 -74.9926682
0.1720000 -20.0336800
0.1730000 32.3393593
0.1740000 49.7553940
0.1750000 -2.8732581
0.1760000 -24.5484447
0.1770000 10.7880678
0.1780000 -9.1140194
0.1790000 53.0011559
0.1800000 -22.1199856
0.1810000 40.2477341
0.1820000 6.4586902
0.1830000 -45.0595284
0.1840000 19.7169094
0.1850000 0.5046766
0.1860000 30.9047260
0.1870000 64.6719437
0.1880000 50.2091293
0.1890000 49.4940605
0.1900000 -15.4568110
0.1910000 21.2627106
0.1920000 -41.5261154
0.1930000 7.9468136
0.1940000 29.4731102
0.1950000 -22.4682617
0.1960000 -19.9740257
0.1970000 -45.2955017
0.1980000 30.3489933
0.1990000 6.0383611
0.2000000 -1.4683214
0.2010000 9.6491146
0.2020000 -2.4064453
0.2030000 32.9730186
0.2040000 -25.4925365
0.2050000 -34.2555695
0.2060000 -78.8482208
0.2070000 -14.0686607
0.2080000 12.3734007
0.2090000 -21.2146111
0.2100000 -22.1073036
0.2110000 -18.4341259
0.2120000 48.3098679
0.2130000 -7.9203186
0.2140000 -20.7700405
0.2150000 77.3582687
0.2160000 -6.6543422
0.2170000 -35.5413933
0.2180000 65.6830368
0.2190000 45.5231819
0.2200000 -19.5821552
0.2210000 50.1945419
0.2220000 -2.8374732
0.2230000 26.6388988
0.2240000 -9.9897337
0.2250000 -26.5577583
0.2260000 33.4699364
0.2270000 -25.4761410
0.2280000 21.7397270
0.2290000 27.6839771
0.2300000 -13.2460432
0.2310000 -46.8895912
0.2320000 -11.5122766
0.2330000 19.3121529
0.2340000 15.2043877
0.2350000 -7.2452579
0.2360000 17.4104652
0.2370000 -37.2982635
0.2380000 9.6242609
0.2390000 49.5718002
0.2400000 21.0412407
0.2410000 -12.2005634
0.2420000 -16.8298397
0.2430000 -4.1805453
0.2440000 12.5668907
0.2450000 14.6588058
0.2460000 24.2096481
0.2470000 19.8312626
0.2480000 -27.3606739
0.2490000 24.1509991
0.2500000 -28.8839016
0.2510000 10.7698259
0.2520000 -43.3511658
0.2530000 1.2083715
0.2540000 -35.6037521
0.2550000 72.7557220
0.2560000 -11.5279064
0.2570000 -13.8016996
0.2580000 -11.5947714
0.2590000 -9.4690256
0.2600000 18.7768898
0.2610000 29.8353271
0.2620000 35.4565277
0.2630000 -22.4652309
0.2640000 20.7520981
0.2650000 12.1885786
0.2660000 9.3831682
0.2670000 -36.7734222
0.2680000 73.8449860
0.2690000 -40.5911713
0.2700000 38.6427460
0.2710000 -43.0065880
0.2720000 27.3202019
0.2730000 -14.1131172
0.2740000 7.8882360
0.2750000 48.2653084
0.2760000 -0.0539614
0.2770000 31.7563744
0.2780000 15.8340111
0.2790000 89.4898529
0.2800000 23.6370945
0.2810000 44.1758156
0.2820000 23.4557743
0.2830000 37.6329994
0.2840000 -13.6354589
0.2850000 -5.0195966
0.2860000 9.5948162
0.2870000 -45.6112213
0.2880000 1.0041796
0.2890000 40.1674461
0.2900000 -3.1213601
0.2910000 1.3420357
0.2920000 8.6134911
0.2930000 14.8925066
0.2940000 -50.3573303
0.2950000 16.6330338
0.2960000 -45.1279678
0.2970000 55.4465065
0.2980000 -19.7938766
0.2990000 8.3625221
0.3000000 9.7802429
0.3010000 -77.1446762
0.3020000 39.0640221
0.3030000 85.6277161
0.3040000 -47.6003723
0.3050000 61.6339836
0.3060000 18.1193867
0.3070000 3.5513072
0.3080000 -63.6853943
0.3090000 43.6054878
0.3100000 -11.5908136
0.3110000 3.9803364
0.3120000 30.6183205
0.3130000 18.3603973
0.3140000 -90.8583374
0.3150000 0.6116928
0.3160000 8.7452602
0.3170000 34.5214348
0.3180000 71.2049026
0.3190000 2.6417172
0.3200000 -8.9622402
0.3210000 -11.9146757
0.3220000 19.9052334
0.3230000 0.9315169
0.3240000 22.2944870
0.3250000 -6.9573989
0.3260000 12.6603746
0.3270000 -21.0094318
0.3280000 -8.2220106
0.3290000 60.8352165
0.3300000 -73.7767181
0.3310000 61.8994141
0.3320000 3.2613604
0.3330000 -55.9503860
0.3340000 -12.7914257
0.3350000 91.3770142
0.3360000 41.9141235
0.3370000 -43.4409828
0.3380000 -17.3566494
0.3390000 61.7227554
0.3400000 29.7698727
0.3410000 37.9548721
0.3420000 23.8560543
0.3430000 32.8150253
0.3440000 63.2654572
0.3450000 -7.1078634
0.3460000 -40.2196579
0.3470000 -12.2564726
0.3480000 -60.9074554
0.3490000 -31.6247101
0.3500000 -22.0245667
0.3510000 62.6546707
0.3520000 -13.4520483
0.3530000 -16.5328751
0.3540000 -25.3756199
0.3550000 -72.1632614
0.3560000 25.2627888
0.3570000 35.5211105
0.3580000 -32.9378586
0.3590000 8.9251356
0.3600000 -55.2561493
0.3610000 -42.0270958
0.3620000 31.9364643
0.3630000 39.3413849
0.3640000 -35.4526138
0.3650000 -1.8243494
0.3660000 -40.5427971
0.3670000 -39.2037048
0.3680000 -41.9812317
0.3690000 26.9892902
0.3700000 -14.1250668
0.3710000 0.6116600
0.3720000 -47.1700134
0.3730000 -0.1970352
0.3740000 24.5715046
0.3750000 5.3594790
0.3760000 -30.1690788
0.3770000 120.0162277
0.3780000 -31.7665615
0.3790000 21.5783195
0.3800000 27.1503906
0.3810000 -16.9943428
0.3820000 -43.7630577
0.3830000 32.5537224
0.3840000 -18.4486427
0.3850000 38.2653389
0.3860000 -19.1830864
0.3870000 23.2045021
0.3880000 -23.5986996
0.3890000 53.6087685
0.3900000 19.7830238
0.3910000 35.8667145
0.3920000 -21.5985870
0.3930000 -12.1292200
0.3940000 3.8428068
0.3950000 -90.9359970
0.3960000 5.5501018
0.3970000 -32.1734200
0.3980000 14.4713478
0.3990000 -20.6058292
0.4000000 -53.1724777
0.4010000 5.8357711
0.4020000 3.2243896
0.4030000 28.4347763
0.4040000 -21.5141697
0.4050000 -33.3271980
0.4060000 -20.0188961
0.4070000 61.5990524
0.4080000 39.4024048
0.4090000 -1.6368279
0.4100000 -37.9885368
0.4110000 36.7539062
0.4120000 49.2192116
0.4130000 -45.4581375
0.4140000 -4.9997516
0.4150000 -50.0426140
0.4160000 -13.5662327
0.4170000 19.4535942
0.4180000 5.5397511
0.4190000 -34.9745827
0.4200000 12.0154371
0.4210000 1.8396504
0.4220000 -35.9911041
0.4230000 -43.9753532
0.4240000 14.5803347
0.4250000 30.0120888
0.4260000 32.5147972
0.4270000 -52.5015106
0.4280000 -8.0249071
0.4290000 35.1608772
0.4300000 6.2516589
0.4310000 4.8156295
0.4320000 78.4292374
0.4330000 1.3064936
0.4340000 3.3434830
0.4350000 -13.2098398
0.4360000 -12.2806835
0.4370000 17.0358620
0.4380000 -12.4457970
0.4390000 -21.5672951
0.4400000 43.5593185
0.4410000 29.1886616
0.4420000 -10.4862690
0.4430000 -44.0575066
0.4440000 15.7771797
0.4450000 -14.4841738
0.4460000 -7.2816434
0.4470000 7.6272559
0.4480000 3.0854373
0.4490000 -82.8589859
0.4500000 -41.0587387
0.4510000 -6.3847094
0.4520000 -9.5137863
0.4530000 7.2403655
0.4540000 6.8979445
0.4550000 41.8891754
0.4560000 65.4864578
0.4570000 29.7687397
0.4580000 -5.7756143
0.4590000 45.8350029
0.4600000 28.8953438
0.4610000 -22.6669140
0.4620000 91.1350632
0.4630000 -40.0958824
0.4640000 -19.3356724
0.4650000 1.0513597
0.4660000 0.0557615
0.4670000 -14.4799595
0.4680000 61.2629662
0.4690000 -3.5405598
0.4700000 9.8247042
0.4710000 5.9295568
0.4720000 17.1954155
0.4730000 -13.1148796
0.4740000 -7.6526747
0.4750000 37.3841820
0.4760000 -38.8366737
0.4770000 4.3347297
0.4780000 26.9685345
0.4790000 -39.0665283
0.4800000 44.0018654
0.4810000 55.0580521
0.4820000 -18.9985428
0.4830000 -34.6413765
0.4840000 -71.2223740
0.4850000 -7.0300798
0.4860000 16.2955799
0.4870000 -44.3849831
0.4880000 -9.8245783
0.4890000 -11.9247618
0.4900000 18.8012638
0.4910000 5.1920195
0.4920000 -11.5149193
0.4930000 -25.0180149
0.4940000 -26.9929905
0.4950000 -38.2652054
0.4960000 -41.6670303
0.4970000 7.6932697
0.4980000 -22.9752827
0.4990000 24.7319374
0.5000000 -1.7929713
0.5010000 3.5104980
0.5020000 22.0631714
0.5030000 -1.1586163
0.5040000 25.5150509
0.5050000 21.2759018
0.5060000 24.7888756
0.5070000 -11.4542875
0.5080000 -13.8839283
0.5090000 -13.6917753
0.5100000 59.4527130
0.5110000 -14.2220011
0.5120000 -1.7032760
0.5130000 -45.3586998
0.5140000 48.9262657
0.5150000 -1.7565743
0.5160000 61.3610268
0.5170000 -17.9547901
0.5180000 -26.1801300
0.5190000 44.9533424
0.5200000 2.0461202
0.5210000 26.0097198
0.5220000 70.2527695
0.5230000 22.7635860
0.5240000 2.6263351
0.5250000 25.5422192
0.5260000 46.7737961
0.5270000 18.2216969
0.5280000 -21.6157589
0.5290000 81.2065735
0.5300000 -32.9343948
0.5310000 -26.1431389
0.5320000 7.3558712
0.5330000 -26.3639526
0.5340000 29.9221096
0.5350000 22.6369133
0.5360000 30.3984928
0.5370000 -2.4411240
0.5380000 -8.3510895
0.5390000 32.2672348
0.5400000 -28.8456116
0.5410000 14.1238384
0.5420000 10.5529146
0.5430000 26.7073269
0.5440000 32.9293365
0.5450000 -22.1018639
0.5460000 -31.1931000
0.5470000 -36.6399078
0.5480000 -54.2190170
0.5490000 45.2993660
0.5500000 -69.3693848
0.5510000 85.0268555
0.5520000 -24.4254341
0.5530000 -25.3531494
0.5540000 -35.8496895
0.5550000 40.0191269
0.5560000 -65.3701859
0.5570000 67.4770279
0.5580000 -12.3294954
0.5590000 -1.9961197
0.5600000 9.0226288
0.5610000 13.4773903
0.5620000 -37.0156288
0.5630000 -18.6983509
0.5640000 36.6337585
0.5650000 43.8468132
0.5660000 37.9655800
0.5670000 32.6628838
0.5680000 -17.6714058
0.5690000 -8.5218706
0.5700000 35.0086975
0.5710000 52.8115845
0.5720000 13.4687662
0.5730000 -54.5221443
0.5740000 -64.4311905
0.5750000 -67.7372971
0.5760000 41.1828232
0.5770000 41.5624695
0.5780000 -43.6211662
0.5790000 -3.5475471
0.5800000 -69.3441162
0.5810000 -2.3858595
0.5820000 -6.3464594
0.5830000 -14.7706327
0.5840000 -7.1643634
0.5850000 33.8958893
0.5860000 -38.0052338
0.5870000 3.2084799
0.5880000 20.2174683
0.5890000 -33.2560081
0.5900000 47.1827469
0.5910000 9.9723768
0.5920000 14.7047749
0.5930000 -65.3052597
0.5940000 18.0833073
0.5950000 -53.8066330
0.5960000 4.5972886
0.5970000 27.6555595
0.5980000 44.6666832
0.5990000 -68.6925507
0.6000000 -26.7922611
0.6010000 31.9938316
0.6020000 32.4096870
0.6030000 36.2476044
0.6040000 13.3150587
0.6050000 -10.8177748
0.6060000 -16.5087147
0.6070000 60.6429405
0.6080000 35.7361946
0.6090000 -54.9879723
0.6100000 2.7116861
0.6110000 -27.9759102
0.6120000 29.0146179
0.6130000 33.2117844
0.6140000 -1.1662450
0.6150000 -25.9029064
0.6160000 17.2344990
0.6170000 8.9751606
0.6180000 40.1835136
0.6190000 -3.8929899
0.6200000 3.6879885
0.6210000 -2.8088193
0.6220000 -13.6354189
0.6230000 17.4553299
0.6240000 -59.9402962
0.6250000 -53.4125404
0.6260000 12.2600975
0.6270000 -74.0828705
0.6280000 -16.1007252
0.6290000 -20.2779579
0.6300000 45.8081894
0.6310000 -9.5401058
0.6320000 -8.8766441
0.6330000 14.8465471
0.6340000 11.7039394
0.6350000 -11.1868639
0.6360000 18.3621540
0.6370000 -3.4896109
0.6380000 14.4076290
0.6390000 -27.6169147
0.6400000 90.6237259
0.6410000 93.5466461
0.6420000 12.5927620
0.6430000 74.1936874
0.6440000 -0.1828241
0.6450000 31.8411083
0.6460000 -30.9891644
0.6470000 27.6598244
0.6480000 12.9991112
0.6490000 17.8546486
0.6500000 41.4280014
0.6510000 19.7569542
0.6520000 -15.0284109
0.6530000 -34.2683296
0.6540000 -5.7164412
0.6550000 -18.8227806
0.6560000 52.8127594
0.6570000 1.5109466
0.6580000 -47.9678345
0.6590000 -12.9818459
0.6600000 24.3578606
0.6610000 81.6912003
0.6620000 -18.9352112
0.6630000 18.5871239
0.6640000 25.7543812
0.6650000 -63.4703636
0.6660000 -86.3590164
0.6670000 -29.4267883
0.6680000 124.2751770
0.6690000 -53.7924767
0.6700000 11.8405533
0.6710000 -6.8700228
0.6720000 38.5525703
0.6730000 -40.7040749
0.6740000 -54.1531830
0.6750000 13.1791744
0.6760000 29.6449127
0.6770000 -7.1844788
0.6780000 -22.7993298
0.6790000 8.1352854
0.6800000 -1.4759927
0.6810000 37.1251793
0.6820000 -60.8242912
0.6830000 22.6096935
0.6840000 103.1666565
0.6850000 -21.6876984
0.6860000 -42.0585327
0.6870000 42.8224907
0.6880000 22.5125980
0.6890000 11.9230118
0.6900000 -9.6027288
0.6910000 -73.7411880
0.6920000 -14.5528727
0.6930000 -55.8846626
0.6940000 -32.4965134
0.6950000 35.1148491
0.6960000 -44.8844948
0.6970000 30.2064915
0.6980000 7.8748593
0.6990000 -35.0801964
0.7000000 72.1176224
0.7010000 -52.4022522
0.7020000 -2.6846945
0.7030000 -17.7929344
0.7040000 -9.1388159
0.7050000 60.8569489
0.7060000 -41.0864182
0.7070000 15.8597040
0.7080000 47.8821831
0.7090000 18.3626308
0.7100000 -46.9715538
0.7110000 25.0868073
0.7120000 -14.6056032
0.7130000 21.9023666
0.7140000 52.1749344
0.7150000 19.0646629
0.7160000 -20.9067974
0.7170000 4.3717408
0.7180000 19.8959618
0.7190000 25.8527317
0.7200000 -0.3286470
0.7210000 59.9083595
0.7220000 -58.5151024
0.7230000 57.3391418
0.7240000 49.7881088
0.7250000 -1.4180244
0.7260000 -9.7222757
0.7270000 -25.6443119
0.7280000 31.0730743
0.7290000 -22.5812492
0.7300000 31.4031830
0.7310000 10.7243652
0.7320000 -12.8240232
0.7330000 1.6991837
0.7340000 27.5398426
0.7350000 -54.9255028
0.7360000 33.7044678
0.7370000 -5.0824351
0.7380000 7.2664785
0.7390000 -3.1558123
0.7400000 51.5078087
0.7410000 -35.9858131
0.7420000 -7.5239234
0.7430000 30.6885090
0.7440000 11.3995991
0.7450000 -8.2575340
0.7460000 -43.7560692
0.7470000 -51.7106438
0.7480000 5.2297020
0.7490000 61.7318916
0.7500000 65.0151749
0.7510000 -3.9390278
0.7520000 10.8250294
0.7530000 33.6000671
0.7540000 -5.2603745
0.7550000 5.3472538
0.7560000 25.7360535
0.7570000 -9.6400948
0.7580000 18.2375793
0.7590000 -25.0602074
0.7600000 20.3315048
0.7610000 -6.2833419
0.7620000 5.5781736
0.7630000 -19.5213280
0.7640000 -3.5684063
0.7650000 -31.0071335
0.7660000 35.0483437
0.7670000 -3.3606811
0.7680000 11.2844782
0.7690000 5.1854892
0.7700000 6.9420733
0.7710000 -81.9128342
0.7720000 -54.1791077
0.7730000 35.8306503
0.7740000 -38.1097565
0.7750000 -32.3780556
0.7760000 -49.5143852
0.7770000 -54.5838394
0.7780000 1.1335757
0.7790000 52.6145630
0.7800000 -35.0520020
0.7810000 -42.4948196
0.7820000 34.3957710
0.7830000 35.4833069
0.7840000 -34.3947144
0.7850000 -7.1935482
0.7860000 8.9738569
0.7870000 -71.8135834
0.7880000 71.1751480
0.7890000 -51.5371666
0.7900000 -24.5188789
0.7910000 83.5210876
0.7920000 39.0095062
0.7930000 -10.5760384
0.7940000 -17.4682980
0.7950000 -55.0846710
0.7960000 -73.1375046
0.7970000 -4.5785704
0.7980000 -0.8784947
0.7990000 -15.9631748
0.8000000 -27.3431129
0.8010000 -18.4095802
0.8020000 36.5915070
0.8030000 22.1320992
0.8040000 24.3248692
0.8050000 2.9344201
0.8060000 0.0356044
0.8070000 15.9497414
0.8080000 7.5626426
0.8090000 35.6945305
0.8100000 -26.6894035
0.8110000 -60.0798225
0.8120000 45.0758438
0.8130000 67.5569839
0.8140000 29.5638504
0.8150000 41.4053307
0.8160000 -10.3592119
0.8170000 -23.3607731
0.8180000 -1.1954867
0.8190000 42.7437172
0.8200000 5.0211744
0.8210000 32.4766846
0.8220000 125.8932571
0.8230000 16.8668480
0.8240000 32.7240868
0.8250000 5.7551551
0.8260000 -8.1415119
0.8270000 18.6201153
0.8280000 -12.8178082
0.8290000 21.2406235
0.8300000 22.7477741
0.8310000 30.5657063
0.8320000 74.5117493
0.8330000 43.7970428
0.8340000 -11.5190487
0.8350000 31.0058861
0.8360000 4.2303257
0.8370000 -10.6995306
0.8380000 -19.6101761
0.8390000 17.3560715
0.8400000 30.4151459
0.8410000 28.9133301
0.8420000 10.7851458
0.8430000 13.0966005
0.8440000 5.5446563
0.8450000 10.0705805
0.8460000 -56.9590492
0.8470000 -72.9245071
0.8480000 69.5120697
0.8490000 -55.9157715
0.8500000 -26.3218479
0.8510000 33.9550629
0.8520000 10.0185900
0.8530000 -28.5747528
0.8540000 18.1523075
0.8550000 19.8831902
0.8560000 -14.6045074
0.8570000 11.7910118
0.8580000 -21.0183067
0.8590000 -11.4526186
0.8600000 -16.8438282
0.8610000 -34.1953278
0.8620000 19.9105339
0.8630000 46.7386780
0.8640000 -1.8246746
0.8650000 -2.0744040
0.8660000 -9.0060816
0.8670000 -86.5853577
0.8680000 -46.3778305
0.8690000 17.4978371
0.8700000 8.1582098
0.8710000 21.9669914
0.8720000 -59.8072433
0.8730000 -42.3854828
0.8740000 -30.3339615
0.8750000 -12.4709635
0.8760000 -39.8314590
0.8770000 37.3964157
0.8780000 -24.5562954
0.8790000 42.3782997
0.8800000 -3.6097221
0.8810000 21.4486656
0.8820000 -0.4850770
0.8830000 18.5622482
0.8840000 -10.7671795
0.8850000 16.3863907
0.8860000 26.0918827
0.8870000 -39.4098740
0.8880000 -26.7742023
0.8890000 0.7247611
0.8900000 -66.7305298
0.8910000 -27.1364841
0.8920000 0.4790688
0.8930000 -18.9669113
0.8940000 2.4147840
0.8950000 -33.7613258
0.8960000 -22.7658844
0.8970000 -4.4637275
0.8980000 5.3037219
0.8990000 -54.9567947
0.9000000 -37.5143433
0.9010000 -15.6391439
0.9020000 22.4934921
0.9030000 20.2515984
0.9040000 -26.6164417
0.9050000 -0.1060957
0.9060000 -15.0699787
0.9070000 38.4482918
0.9080000 33.3650208
0.9090000 15.6010408
0.9100000 -14.7717361
0.9110000 -34.0997963
0.9120000 15.6020203
0.9130000 -64.5361557
0.9140000 -13.6058455
0.9150000 16.1654053
0.9160000 -5.0863814
0.9170000 7.4288244
0.9180000 -0.9156512
0.9190000 -63.5478973
0.9200000 -17.2977867
0.9210000 -26.9894714
0.9220000 6.0937300
0.9230000 20.1614037
0.9240000 -2.5511487
0.9250000 -11.6508360
0.9260000 -21.0611916
0.9270000 -7.6262426
0.9280000 50.5040703
0.9290000 -21.1025562
0.9300000 -16.6132622
0.9310000 10.1293001
0.9320000 42.1104622
0.9330000 58.7651520
0.9340000 -0.7878414
0.9350000 -5.2875867
0.9360000 -5.6560798
0.9370000 35.5651741
0.9380000 -17.9909019
0.9390000 -30.5925350
0.9400000 -30.8680286
0.9410000 32.4118462
0.9420000 4.9943933
0.9430000 -85.1428452
0.9440000 -31.5860119
0.9450000 7.2694745
0.9460000 -60.3688850
0.9470000 -30.6179390
0.9480000 59.8990707
0.9490000 -20.5764999
0.9500000 33.0830841
0.9510000 16.1137390
0.9520000 69.2945251
0.9530000 -18.4893055
0.9540000 63.8264885
0.9550000 12.5161619
0.9560000 -32.9996490
0.9570000 -36.6560631
0.9580000 -7.3285923
0.9590000 -2.4715927
0.9600000 0.9681715
0.9610000 47.7960930
0.9620000 46.3374710
0.9630000 22.9288177
0.9640000 -12.6631832
0.9650000 23.8210182
0.9660000 87.6544800
0.9670000 38.6550560
0.9680000 -19.1837769
0.9690000 62.4153671
0.9700000 -18.0633030
0.9710000 -43.4792175
0.9720000 -18.2184448
0.9730000 12.0992985
0.9740000 0.6762627
0.9750000 35.3057137
0.9760000 26.0252857
0.9770000 -19.0241356
0.9780000 -34.8313599
0.9790000 33.6069984
0.9800000 -71.9670105
0.9810000 -25.9267902
0.9820000 15.5050993
0.9830000 38.9710045
0.9840000 0.0144927
0.9850000 -22.5871677
0.9860000 23.1462746
0.9870000 -15.7562675
0.9880000 -1.0912225
0.9890000 -13.0727434
0.9900000 -2.9276421
0.9910000 14.4106503
0.9920000 -52.4380531
0.9930000 42.3001709
0.9940000 -40.3157043
0.9950000 37.8790131
0.9960000 -31.4598866
0.9970000 41.6391335
0.9980000 10.5819788
0.9990000 48.5092850
