0.0000000 27.0770760
0.0010000 -66.9806747
0.0020000 11.2331877
0.0030000 42.8266602
0.0040000 -39.0125313
0.0050000 7.6669927
0.0060000 -14.8910351
0.0070000 -39.0791359
0.0080000 47.3974838
0.0090000 50.2983475
0.0100000 1.5610230
0.0110000 49.5647049
0.0120000 25.8490334
0.0130000 -32.7998238
0.0140000 -27.8721924
0.0150000 -73.9433670
0.0160000 -75.1800766
0.0170000 16.2010822
0.0180000 -21.5423527
0.0190000 -39.8736305
0.0200000 -6.0477667
0.0210000 -17.9349117
0.0220000 9.8698025
0.0230000 -97.7106323
0.0240000 11.2415590
0.0250000 6.5673075
0.0260000 7.9121628
0.0270000 -21.4757080
0.0280000 -20.8951302
0.0290000 -8.8474455
0.0300000 22.0759640
0.0310000 9.6087589
0.0320000 -50.1673355
0.0330000 83.4587479
0.0340000 8.0748262
0.0350000 -3.8291228
0.0360000 -26.4091377
0.0370000 50.4896736
0.0380000 36.3122215
0.0390000 17.1560650
0.0400000 36.4637985
0.0410000 -69.7500610
0.0420000 62.3577042
0.0430000 9.2574816
0.0440000 3.1513216
0.0450000 -16.2680855
0.0460000 19.7907600
0.0470000 23.6586018
0.0480000 -26.0757694
0.0490000 -29.4547253
0.0500000 17.3206749
0.0510000 -7.1103544
0.0520000 29.2912846
0.0530000 -87.0373383
0.0540000 13.1876421
0.0550000 56.3266296
0.0560000 22.8805447
0.0570000 -6.9384542
0.0580000 24.3603973
0.0590000 -3.6605978
0.0600000 -11.4421158
0.0610000 -0.9255632
0.0620000 -16.9364796
0.0630000 -13.0826616
0.0640000 11.5283728
0.0650000 -26.5386600
0.0660000 30.6395988
0.0670000 -50.8661194
0.0680000 -12.1695251
0.0690000 -4.5005851
0.0700000 20.2814789
0.0710000 39.6578026
0.0720000 -14.3567076
0.0730000 4.0660796
0.0740000 -42.7695503
0.0750000 19.5158710
0.0760000 35.9735603
0.0770000 76.8411255
0.0780000 -34.9794426
0.0790000 6.4505286
0.0800000 12.9230270
0.0810000 75.0117493
0.0820000 -49.1144295
0.0830000 9.7993526
0.0840000 -61.7654800
0.0850000 5.6197634
0.0860000 -31.1493797
0.0870000 6.4984727
0.0880000 9.4937496
0.0890000 28.8016644
0.0900000 -19.4303875
0.0910000 -35.4264984
0.0920000 18.2067509
0.0930000 -12.4851179
0.0940000 -39.9746437
0.0950000 37.9409637
0.0960000 3.0892322
0.0970000 -32.4526749
0.0980000 -27.2685871
0.0990000 -19.0232620
0.1000000 -15.0583630
0.1010000 5.1071749
0.1020000 46.2732391
0.1030000 -67.5157928
0.1040000 -18.0101337
0.1050000 -70.3046417
0.1060000 -3.8971100
0.1070000 69.0629120
0.1080000 28.2598152
0.1090000 -21.4758396
0.1100000 -47.0533447
0.1110000 -41.6289406
0.1120000 3.5889859
0.1130000 -1.4976041
0.1140000 -24.6031799
0.1150000 -47.8104134
0.1160000 0.7390079
0.1170000 -15.0550137
0.1180000 -2.6409051
0.1190000 -5.2564669
0.1200000 14.9061699
0.1210000 -3.0013461
0.1220000 -25.8410225
0.1230000 55.2006111
0.1240000 53.8591309
0.1250000 52.9580765
0.1260000 -50.7479019
0.1270000 24.5151863
0.1280000 -8.5108891
0.1290000 30.9629955
0.1300000 -25.5382824
0.1310000 42.9519920
0.1320000 -24.4896259
0.1330000 -58.0062561
0.1340000 41.2949753
0.1350000 -38.0949364
0.1360000 46.8171005
0.1370000 -25.8730259
0.1380000 -0.6126028
0.1390000 40.2644615
0.1400000 15.3808994
0.1410000 34.0641060
0.1420000 3.4587340
0.1430000 42.0714493
0.1440000 18.7667904
0.1450000 -34.1477242
0.1460000 34.1825981
0.1470000 60.0628014
0.1480000 31.6386375
0.1490000 17.0930920
0.1500000 18.0449104
0.1510000 34.4444733
0.1520000 -1.5171733
0.1530000 -68.6863937
0.1540000 13.1359520
0.1550000 17.2718868
0.1560000 28.7445984
0.1570000 4.7792344
0.1580000 14.3706808
0.1590000 94.1113052
0.1600000 -5.2941594
0.1610000 28.4170609
0.1620000 -4.8242579
0.1630000 -5.6536088
0.1640000 43.0603867
0.1650000 -27.6189098
0.1660000 -17.4186707
0.1670000 -55.2272682
0.1680000 -29.8458920
0.1690000 4.1760979
0.1700000 -24.1536541
0.1710000 34.2377892
0.1720000 -37.3421135
0.1730000 -0.8542559
0.1740000 12.5513334
0.1750000 -39.5179596
0.1760000 -3.4901981
0.1770000 -15.6225700
0.1780000 -11.9851942
0.1790000 86.0452881
0.1800000 25.1132622
0.1810000 18.9789963
0.1820000 22.1232986
0.1830000 -19.7830830
0.1840000 6.4148364
0.1850000 -5.9659662
0.1860000 3.9808643
0.1870000 7.1178012
0.1880000 -12.1331406
0.1890000 44.0853577
0.1900000 -41.0278282
0.1910000 -8.5165472
0.1920000 55.0367661
0.1930000 46.3643227
0.1940000 -7.8245807
0.1950000 20.6676235
0.1960000 -5.5233641
0.1970000 22.5754986
0.1980000 -6.4121737
0.1990000 -30.3502274
0.2000000 -83.3283997
0.2010000 -25.3043423
0.2020000 20.7533588
0.2030000 -33.3284798
0.2040000 -26.7172108
0.2050000 -34.7385178
0.2060000 -1.6471982
0.2070000 -25.9786739
0.2080000 46.1253548
0.2090000 13.7096100
0.2100000 -53.7026634
0.2110000 -14.6092825
0.2120000 6.9316673
0.2130000 19.7467136
0.2140000 -18.9297638
0.2150000 -15.6523085
0.2160000 -5.6910272
0.2170000 11.1540585
0.2180000 -40.6788063
0.2190000 2.8435555
0.2200000 26.8439312
0.2210000 -50.5438385
0.2220000 55.1680069
0.2230000 -8.9557562
0.2240000 -40.4708252
0.2250000 -43.1946449
0.2260000 35.8181343
0.2270000 -17.1710739
0.2280000 41.8763809
0.2290000 -28.7287064
0.2300000 19.1910095
0.2310000 -27.7304649
0.2320000 -7.5503759
0.2330000 50.8874855
0.2340000 -37.2522430
0.2350000 3.6123171
0.2360000 -40.4435730
0.2370000 26.1639805
0.2380000 37.0188484
0.2390000 -36.8458977
0.2400000 43.0771637
0.2410000 -67.8866730
0.2420000 -42.1244698
0.2430000 11.0754156
0.2440000 0.5620947
0.2450000 -9.9174576
0.2460000 34.9836006
0.2470000 -26.9618530
0.2480000 -5.7305679
0.2490000 -72.0743027
0.2500000 -17.3079090
0.2510000 31.2069263
0.2520000 38.4281921
0.2530000 -10.8152695
0.2540000 -23.9487247
0.2550000 -52.7465248
0.2560000 -67.0035019
0.2570000 21.5045815
0.2580000 34.8380394
0.2590000 -2.3909266
0.2600000 -22.9498787
0.2610000 -73.1871262
0.2620000 11.1924229
0.2630000 27.7629642
0.2640000 18.3792229
0.2650000 47.9607544
0.2660000 -45.7819519
0.2670000 25.5941257
0.2680000 -53.8888092
0.2690000 -61.6184311
0.2700000 47.8236465
0.2710000 54.2940483
0.2720000 -96.7507706
0.2730000 -30.9608059
0.2740000 35.2485046
0.2750000 -9.3740187
0.2760000 -42.8471375
0.2770000 -0.9995828
0.2780000 -23.2334213
0.2790000 18.6163521
0.2800000 -0.9932437
0.2810000 -18.0333996
0.2820000 18.4692116
0.2830000 -29.7751675
0.2840000 -32.5249252
0.2850000 -45.6009636
0.2860000 -6.5678811
0.2870000 10.5692520
0.2880000 -72.6487732
0.2890000 -11.5347233
0.2900000 -35.4207687
0.2910000 21.7284050
0.2920000 -32.0844040
0.2930000 -16.0108185
0.2940000 -55.1363945
0.2950000 -5.3866816
0.2960000 19.8776054
0.2970000 -25.3902874
0.2980000 38.4427834
0.2990000 27.1563740
0.3000000 -16.8478260
0.3010000 -1.0735403
0.3020000 37.7565765
0.3030000 -0.5985256
0.3040000 2.9743538
0.3050000 -37.5305557
0.3060000 31.5670376
0.3070000 -33.7887764
0.3080000 30.1616344
0.3090000 -9.6905584
0.3100000 19.4900589
0.3110000 65.1596985
0.3120000 13.9083128
0.3130000 14.2330151
0.3140000 27.5580730
0.3150000 -55.1494370
0.3160000 15.1349821
0.3170000 20.2308884
0.3180000 -13.7379084
0.3190000 -13.1596766
0.3200000 -4.2399802
0.3210000 -27.1649456
0.3220000 85.2643738
0.3230000 -41.0914879
0.3240000 21.4078484
0.3250000 -3.6225436
0.3260000 -27.5058441
0.3270000 4.6441712
0.3280000 -13.0363750
0.3290000 -2.2160575
0.3300000 -19.8222427
0.3310000 7.0785265
0.3320000 11.7705622
0.3330000 -12.1472454
0.3340000 66.5033798
0.3350000 -19.5822296
0.3360000 36.2019882
0.3370000 45.3482094
0.3380000 19.9976006
0.3390000 13.9141893
0.3400000 -45.3817253
0.3410000 84.4684906
0.3420000 16.7478027
0.3430000 -26.4384060
0.3440000 -5.0762076
0.3450000 -42.7536201
0.3460000 6.8437433
0.3470000 23.7444630
0.3480000 11.0838356
0.3490000 -22.5837154
0.3500000 -7.2084661
0.3510000 7.4857445
0.3520000 -9.5248432
0.3530000 23.4561443
0.3540000 49.7748528
0.3550000 56.0656166
0.3560000 -61.1887856
0.3570000 -10.7756224
0.3580000 19.7293720
0.3590000 7.9851990
0.3600000 15.7451620
0.3610000 33.3391762
0.3620000 1.5731255
0.3630000 -18.8292770
0.3640000 42.9649315
0.3650000 17.0803947
0.3660000 -15.8965044
0.3670000 43.7102623
0.3680000 13.4382448
0.3690000 27.2761669
0.3700000 3.2632093
0.3710000 -27.0017014
0.3720000 51.5624046
0.3730000 32.2239418
0.3740000 18.0764103
0.3750000 -43.8666496
0.3760000 30.1705399
0.3770000 9.5151596
0.3780000 -27.7379360
0.3790000 -21.7999554
0.3800000 17.4209290
0.3810000 -6.6175408
0.3820000 -14.1751080
0.3830000 41.2674294
0.3840000 -2.9549482
0.3850000 29.3632660
0.3860000 -11.7276564
0.3870000 -0.9587020
0.3880000 -35.5763664
0.3890000 39.8219643
0.3900000 52.3896141
0.3910000 -19.2509937
0.3920000 4.0806832
0.3930000 -31.2084026
0.3940000 63.8533897
0.3950000 -6.1638570
0.3960000 -50.3493958
0.3970000 -10.0457106
0.3980000 27.9810486
0.3990000 57.5403366
0.4000000 -6.6685910
0.4010000 97.2810059
0.4020000 -34.2593384
0.4030000 109.0444107
0.4040000 4.2467303
0.4050000 21.1224232
0.4060000 33.0149651
0.4070000 -21.9661732
0.4080000 5.5114627
0.4090000 30.1861401
0.4100000 -24.5252743
0.4110000 -13.2026358
0.4120000 -31.9411125
0.4130000 92.0732422
0.4140000 72.6762314
0.4150000 -54.9998322
0.4160000 0.6214369
0.4170000 101.0842667
0.4180000 15.2780123
0.4190000 58.1751480
0.4200000 -62.8371315
0.4210000 78.0305481
0.4220000 13.7970123
0.4230000 -0.7353001
0.4240000 3.2936687
0.4250000 27.0878811
0.4260000 11.6799059
0.4270000 -33.7104301
0.4280000 4.1270566
0.4290000 -3.8856826
0.4300000 36.1010284
0.4310000 -30.3303547
0.4320000 -15.1192741
0.4330000 43.8885841
0.4340000 -20.4906769
0.4350000 9.0024815
0.4360000 -33.1206474
0.4370000 -12.3054380
0.4380000 -18.1966171
0.4390000 -10.3853159
0.4400000 13.0914583
0.4410000 -4.6053219
0.4420000 -21.5880909
0.4430000 -32.2859077
0.4440000 31.9250736
0.4450000 56.1670494
0.4460000 2.5053844
0.4470000 8.6573267
0.4480000 -0.8926891
0.4490000 27.4204750
0.4500000 -1.1062299
0.4510000 -27.8820992
0.4520000 -11.2353573
0.4530000 61.8239708
0.4540000 45.3073883
0.4550000 53.1131744
0.4560000 -22.4271030
0.4570000 -0.2987872
0.4580000 71.6270523
0.4590000 -23.9903946
0.4600000 -7.7646065
0.4610000 21.2244530
0.4620000 -36.4421883
0.4630000 26.2784195
0.4640000 -43.1146431
0.4650000 21.3758354
0.4660000 21.0310650
0.4670000 50.3753281
0.4680000 29.0778980
0.4690000 -29.1026058
0.4700000 10.7429657
0.4710000 -22.9933548
0.4720000 49.4890022
0.4730000 16.9182014
0.4740000 20.3990650
0.4750000 1.1155978
0.4760000 -7.8642912
0.4770000 -17.0680447
0.4780000 22.1187801
0.4790000 3.9332526
0.4800000 10.9233980
0.4810000 -17.0994320
0.4820000 -19.1040592
0.4830000 -80.0220184
0.4840000 36.7715950
0.4850000 20.0708599
0.4860000 -64.4586258
0.4870000 -2.6234760
0.4880000 -41.7383308
0.4890000 3.7191193
0.4900000 -39.5924873
0.4910000 20.2676506
0.4920000 -19.8361664
0.4930000 -7.0531359
0.4940000 -47.9182701
0.4950000 -31.9948349
0.4960000 30.9117413
0.4970000 -12.6425352
0.4980000 33.2086868
0.4990000 -50.2969398
0.5000000 15.9700050
0.5010000 -3.7908332
0.5020000 -11.8970242
0.5030000 43.5417557
0.5040000 26.8060036
0.5050000 -16.7900276
0.5060000 -40.3999405
0.5070000 17.2493210
0.5080000 -17.4283199
0.5090000 37.2881165
0.5100000 24.2525978
0.5110000 56.5132332
0.5120000 -34.4082565
0.5130000 26.8971405
0.5140000 11.0168943
0.5150000 -38.4977798
0.5160000 -53.9417496
0.5170000 -7.9891148
0.5180000 -45.6926613
0.5190000 7.9025264
0.5200000 -44.3270645
0.5210000 81.4346619
0.5220000 -1.6122838
0.5230000 -89.9287415
0.5240000 8.3957357
0.5250000 -96.0932541
0.5260000 68.1594238
0.5270000 -34.1610527
0.5280000 13.5863304
0.5290000 -15.5182581
0.5300000 25.1795216
0.5310000 4.9643335
0.5320000 12.4606342
0.5330000 70.6518250
0.5340000 -2.5898912
0.5350000 -42.8132324
0.5360000 45.3022346
0.5370000 26.7575111
0.5380000 -38.1834335
0.5390000 -65.3606415
0.5400000 -51.5568695
0.5410000 16.5596294
0.5420000 -59.2222977
0.5430000 -66.2351532
0.5440000 -59.1807251
0.5450000 -30.5832920
0.5460000 -24.2977486
0.5470000 -36.4858208
0.5480000 -67.3782578
0.5490000 9.9738140
0.5500000 -16.1852474
0.5510000 25.4859104
0.5520000 -3.9949801
0.5530000 -19.0493717
0.5540000 70.1011429
0.5550000 -4.4622421
0.5560000 -54.2244186
0.5570000 13.5483303
0.5580000 26.1267433
0.5590000 -29.8975010
0.5600000 13.1680965
0.5610000 45.2183990
0.5620000 7.7028718
0.5630000 -22.0499420
0.5640000 14.0709915
0.5650000 -36.7415581
0.5660000 35.9022026
0.5670000 -35.4148216
0.5680000 -11.6046047
0.5690000 38.6019058
0.5700000 -32.3352776
0.5710000 14.0893221
0.5720000 20.5739555
0.5730000 23.3598194
0.5740000 -53.5524330
0.5750000 -6.6520758
0.5760000 13.4913912
0.5770000 -10.8770323
0.5780000 28.2357330
0.5790000 -38.7132607
0.5800000 12.7296515
0.5810000 -50.8187141
0.5820000 -22.5684032
0.5830000 -29.7031422
0.5840000 25.3331814
0.5850000 -25.3151588
0.5860000 11.0429916
0.5870000 -6.6853571
0.5880000 -48.7547340
0.5890000 -59.6070442
0.5900000 17.1175232
0.5910000 14.6296377
0.5920000 -15.9703131
0.5930000 -38.6347160
0.5940000 2.7146449
0.5950000 -21.7354851
0.5960000 -82.7391205
0.5970000 5.2316837
0.5980000 15.3555164
0.5990000 18.3353386
0.6000000 -42.1774788
0.6010000 -38.6788750
0.6020000 -27.2470608
0.6030000 0.6392756
0.6040000 -14.2302952
0.6050000 24.2568150
0.6060000 59.2571640
0.6070000 -23.1575356
0.6080000 -65.9079361
0.6090000 -2.2265520
0.6100000 0.9678534
0.6110000 -26.0924625
0.6120000 51.8629990
0.6130000 -57.9985847
0.6140000 -103.1083527
0.6150000 -29.2096004
0.6160000 1.0393132
0.6170000 -44.4103699
0.6180000 -74.2259064
0.6190000 -37.8203201
0.6200000 -48.4386520
0.6210000 -24.6480541
0.6220000 -22.4860897
0.6230000 11.1671419
0.6240000 -14.7000170
0.6250000 27.9934196
0.6260000 21.2202339
0.6270000 32.2890167
0.6280000 -21.0640850
0.6290000 52.4632034
0.6300000 -51.4205780
0.6310000 3.2870460
0.6320000 12.3910341
0.6330000 11.8080196
0.6340000 37.0582619
0.6350000 -2.1629939
0.6360000 52.0446930
0.6370000 67.5914536
0.6380000 -9.4308853
0.6390000 3.9356749
0.6400000 -21.6806297
0.6410000 -31.1472683
0.6420000 -11.7622776
0.6430000 16.3682308
0.6440000 41.8985710
0.6450000 49.3415909
0.6460000 -17.4634686
0.6470000 34.7082100
0.6480000 31.8126888
0.6490000 -20.8847866
0.6500000 -23.9336567
0.6510000 -32.8664246
0.6520000 -16.0194225
0.6530000 -25.3016796
0.6540000 30.6321316
0.6550000 -4.3859148
0.6560000 -51.2997398
0.6570000 21.6701202
0.6580000 -29.9583263
0.6590000 94.0642776
0.6600000 -3.4411807
0.6610000 39.3627129
0.6620000 19.6916847
0.6630000 32.4989510
0.6640000 5.9245634
0.6650000 -1.9683437
0.6660000 -33.9341507
0.6670000 -12.0581341
0.6680000 -6.3988156
0.6690000 -8.7885046
0.6700000 -25.2799778
0.6710000 11.5535908
0.6720000 27.1979980
0.6730000 11.7784481
0.6740000 -100.1959000
0.6750000 14.2570238
0.6760000 -35.7537689
0.6770000 41.4789009
0.6780000 -38.7746468
0.6790000 -54.3446465
0.6800000 -20.6730251
0.6810000 -7.6463809
0.6820000 -10.1406603
0.6830000 -20.9224625
0.6840000 -11.8533993
0.6850000 -24.2337379
0.6860000 34.8602753
0.6870000 -6.1404552
0.6880000 23.8654785
0.6890000 -16.5933132
0.6900000 31.6270447
0.6910000 -10.5197535
0.6920000 -43.9148979
0.6930000 -30.5263100
0.6940000 -41.5948792
0.6950000 37.2302818
0.6960000 -52.7978058
0.6970000 15.8211689
0.6980000 2.0132473
0.6990000 55.8274155
0.7000000 -39.3695755
0.7010000 45.3084908
0.7020000 1.0475767
0.7030000 2.4683568
0.7040000 26.3585777
0.7050000 31.5979977
0.7060000 -19.3895817
0.7070000 -4.9203796
0.7080000 -31.0731335
0.7090000 37.9798584
0.7100000 -49.3899918
0.7110000 28.1545105
0.7120000 96.1399994
0.7130000 2.3676639
0.7140000 -21.6333122
0.7150000 -61.1818237
0.7160000 7.8029747
0.7170000 95.5549622
0.7180000 -9.7006369
0.7190000 14.2594976
0.7200000 -34.6169586
0.7210000 70.2390976
0.7220000 34.4107857
0.7230000 31.8556004
0.7240000 -22.9293938
0.7250000 10.9692812
0.7260000 16.7300720
0.7270000 -28.2610664
0.7280000 -11.2615128
0.7290000 57.5519638
0.7300000 27.0207329
0.7310000 65.4063263
0.7320000 -7.6874995
0.7330000 21.5384407
0.7340000 5.8899837
0.7350000 -41.3537445
0.7360000 26.4584637
0.7370000 -12.1799431
0.7380000 -5.4710016
0.7390000 -87.1500931
0.7400000 -52.4820938
0.7410000 -64.7020111
0.7420000 -55.4722939
0.7430000 6.8771286
0.7440000 -7.5449529
0.7450000 53.4713211
0.7460000 -2.9879456
0.7470000 -62.6169739
0.7480000 66.6554565
0.7490000 28.7190742
0.7500000 -25.8439636
0.7510000 35.1063652
0.7520000 -2.4260569
0.7530000 31.1034489
0.7540000 13.2862473
0.7550000 14.8552504
0.7560000 51.0569420
0.7570000 -8.6938610
0.7580000 -5.0911427
0.7590000 22.5746841
0.7600000 -6.2635250
0.7610000 8.2539797
0.7620000 -31.4463387
0.7630000 -49.9260750
0.7640000 -11.4808435
0.7650000 -1.7171868
0.7660000 2.8061638
0.7670000 14.5516911
0.7680000 13.1672745
0.7690000 -18.3066273
0.7700000 -23.1887608
0.7710000 17.7713375
0.7720000 -14.4614706
0.7730000 12.0532303
0.7740000 -54.0479240
0.7750000 6.5942430
0.7760000 22.2851639
0.7770000 38.0237923
0.7780000 22.6513081
0.7790000 -58.0151405
0.7800000 -26.1342850
0.7810000 4.9349518
0.7820000 -27.4150715
0.7830000 57.5059547
0.7840000 26.5695744
0.7850000 -37.3435020
0.7860000 25.7076569
0.7870000 -18.2082291
0.7880000 -23.5062141
0.7890000 -17.7306480
0.7900000 11.5811510
0.7910000 -10.5673103
0.7920000 -46.8561630
0.7930000 34.3959465
0.7940000 44.3938217
0.7950000 18.1217995
0.7960000 16.6144180
0.7970000 -7.7174931
0.7980000 25.6654148
0.7990000 -22.9735947
0.8000000 35.0979919
0.8010000 -54.9204865
0.8020000 -9.3800316
0.8030000 57.7076263
0.8040000 -56.8538551
0.8050000 -33.0643463
0.8060000 27.7871227
0.8070000 -18.6874847
0.8080000 -3.8463678
0.8090000 -40.0299759
0.8100000 13.6763153
0.8110000 29.5075798
0.8120000 -16.0697594
0.8130000 11.6410599
0.8140000 -63.9716377
0.8150000 10.0836697
0.8160000 21.5162563
0.8170000 9.9350529
0.8180000 -30.6785469
0.8190000 12.1317120
0.8200000 -12.3235121
0.8210000 -39.0710907
0.8220000 -18.2102566
0.8230000 -6.4180131
0.8240000 -68.1131210
0.8250000 -28.7726536
0.8260000 -12.3504181
0.8270000 -11.9000425
0.8280000 -15.2703266
0.8290000 -19.3669529
0.8300000 -6.9736629
0.8310000 45.6276169
0.8320000 -4.2658033
0.8330000 -58.0583382
0.8340000 -19.1822071
0.8350000 32.0613022
0.8360000 25.9293976
0.8370000 24.5127792
0.8380000 55.1172333
0.8390000 -0.5490494
0.8400000 11.8661051
0.8410000 -45.3242683
0.8420000 -47.4335938
0.8430000 22.7456188
0.8440000 1.3264713
0.8450000 43.2573395
0.8460000 -76.6720657
0.8470000 -32.0783615
0.8480000 -33.6264496
0.8490000 36.5376892
0.8500000 23.1488838
0.8510000 -43.9499550
0.8520000 20.2303295
0.8530000 3.0132823
0.8540000 -20.1811295
0.8550000 5.3001170
0.8560000 -14.1928959
0.8570000 37.6646652
0.8580000 36.7249298
0.8590000 -21.8429718
0.8600000 -18.1126633
0.8610000 -10.7078600
0.8620000 -15.4561052
0.8630000 -80.0557709
0.8640000 -42.7594681
0.8650000 1.9676205
0.8660000 1.4663355
0.8670000 61.7251892
0.8680000 -65.2212448
0.8690000 -70.2880020
0.8700000 -9.3369703
0.8710000 33.4011879
0.8720000 -6.4301128
0.8730000 -1.7490643
0.8740000 -13.5714703
0.8750000 16.9705982
0.8760000 19.7047939
0.8770000 -9.6590977
0.8780000 19.0028305
0.8790000 11.9932299
0.8800000 22.7109222
0.8810000 -40.8514709
0.8820000 -27.5534325
0.8830000 -37.6059189
0.8840000 -68.0679550
0.8850000 21.1782665
0.8860000 44.6878548
0.8870000 2.8058460
0.8880000 -61.3002586
0.8890000 -3.0913413
0.8900000 -3.4700854
0.8910000 -18.1777382
0.8920000 -18.1750107
0.8930000 -22.2844143
0.8940000 -68.2693863
0.8950000 53.1855965
0.8960000 20.2370300
0.8970000 0.0231520
0.8980000 -10.9252186
0.8990000 40.4413414
0.9000000 -2.4241605
0.9010000 39.1038246
0.9020000 15.3979092
0.9030000 9.0304413
0.9040000 9.7555647
0.9050000 -30.3284111
0.9060000 14.3315878
0.9070000 -30.5507526
0.9080000 -38.0038300
0.9090000 1.4211792
0.9100000 22.5755482
0.9110000 -21.8056278
0.9120000 -36.4032822
0.9130000 21.4470863
0.9140000 -25.4049473
0.9150000 -15.2535219
0.9160000 -35.9868889
0.9170000 20.4330807
0.9180000 -79.2303543
0.9190000 -44.6670952
0.9200000 69.1170120
0.9210000 55.7718086
0.9220000 -23.0932789
0.9230000 20.0423279
0.9240000 17.1721649
0.9250000 41.1920547
0.9260000 34.5922546
0.9270000 -68.8785324
0.9280000 48.9405861
0.9290000 28.8317642
0.9300000 -11.9608650
0.9310000 -73.5303650
0.9320000 19.4901924
0.9330000 14.5054808
0.9340000 2.6215620
0.9350000 6.9455204
0.9360000 -29.4443893
0.9370000 2.0395885
0.9380000 29.9905643
0.9390000 56.4267616
0.9400000 31.5817890
0.9410000 33.7001839
0.9420000 1.2656311
0.9430000 -0.9740913
0.9440000 2.8342755
0.9450000 -3.6071737
0.9460000 11.2960968
0.9470000 -36.2720299
0.9480000 -2.3772037
0.9490000 57.7089882
0.9500000 -3.1217413
0.9510000 2.1703110
0.9520000 -18.7093372
0.9530000 8.9120417
0.9540000 0.1253062
0.9550000 30.6381912
0.9560000 -64.8572998
0.9570000 4.2794199
0.9580000 -39.3024178
0.9590000 8.9134254
0.9600000 -30.0288181
0.9610000 -49.1416473
0.9620000 14.2946377
0.9630000 -43.7818184
0.9640000 -1.7531384
0.9650000 31.8968945
0.9660000 -14.6037235
0.9670000 -28.0025425
0.9680000 -3.0860984
0.9690000 22.9929981
0.9700000 -2.6857483
0.9710000 -41.1302872
0.9720000 -1.7196374
0.9730000 -7.0457602
0.9740000 25.0628548
0.9750000 2.8117931
0.9760000 -5.0521731
0.9770000 -5.7436852
0.9780000 6.3798046
0.9790000 -42.3874779
0.9800000 -27.8906898
0.9810000 16.2826252
0.9820000 28.5986481
0.9830000 -19.8352470
0.9840000 112.3648605
0.9850000 -12.3331404
0.9860000 97.2644806
0.9870000 0.5359649
0.9880000 -1.3591735
0.9890000 -30.2871552
0.9900000 18.5893307
0.9910000 2.2792065
0.9920000 30.4504166
0.9930000 -18.1826973
0.9940000 26.5238800
0.9950000 -18.3218079
0.9960000 -30.1609840
0.9970000 4.8838873
0.9980000 9.8544579
0.9990000 -19.9801483
