0.0000000 -17.0134220
0.0010000 -48.2503815
0.0020000 -30.3571472
0.0030000 -27.5719471
0.0040000 -69.9166031
0.0050000 -2.2638161
0.0060000 12.3812399
0.0070000 0.1760271
0.0080000 18.8413506
0.0090000 -21.3448467
0.0100000 -23.9664154
0.0110000 9.2239313
0.0120000 14.5955849
0.0130000 -36.3297310
0.0140000 33.9945564
0.0150000 14.3643179
0.0160000 31.6830845
0.0170000 48.6647987
0.0180000 46.6527863
0.0190000 37.5720558
0.0200000 -52.1996880
0.0210000 25.6712761
0.0220000 -6.9414563
0.0230000 23.7205620
0.0240000 -30.3011322
0.0250000 28.7354431
0.0260000 19.1305389
0.0270000 56.2173157
0.0280000 -38.8271828
0.0290000 2.1211593
0.0300000 -63.1105652
0.0310000 59.6361580
0.0320000 3.4139583
0.0330000 116.4991760
0.0340000 18.9196968
0.0350000 -35.3515320
0.0360000 19.3513050
0.0370000 -31.0199146
0.0380000 16.4026737
0.0390000 25.8787441
0.0400000 -8.8824339
0.0410000 34.4171753
0.0420000 36.9580650
0.0430000 8.2602472
0.0440000 -72.7261505
0.0450000 -52.5004158
0.0460000 -17.8053474
0.0470000 4.3783526
0.0480000 -1.3447406
0.0490000 33.6636543
0.0500000 59.3690872
0.0510000 -3.8516545
0.0520000 -4.1380844
0.0530000 14.0141268
0.0540000 30.1641731
0.0550000 19.4389744
0.0560000 -56.8328667
0.0570000 -16.8316383
0.0580000 -33.8044624
0.0590000 -16.2553215
0.0600000 27.8529930
0.0610000 27.7049847
0.0620000 -17.9167042
0.0630000 -8.3469591
0.0640000 2.7947507
0.0650000 32.4373779
0.0660000 -31.3543434
0.0670000 -27.8701134
0.0680000 21.6697330
0.0690000 31.8942699
0.0700000 19.7437706
0.0710000 5.9930038
0.0720000 -89.2305603
0.0730000 -27.1282864
0.0740000 -11.1426859
0.0750000 -40.2561455
0.0760000 -16.5433292
0.0770000 -11.5060091
0.0780000 -3.9682190
0.0790000 59.6163979
0.0800000 -31.0125675
0.0810000 -6.3235979
0.0820000 -19.8710651
0.0830000 -34.8529968
0.0840000 -15.6535225
0.0850000 -31.4027805
0.0860000 -6.8082342
0.0870000 1.7525494
0.0880000 1.0553099
0.0890000 -45.4575310
0.0900000 29.6233349
0.0910000 4.3239541
0.0920000 32.9102402
0.0930000 -32.5710297
0.0940000 6.4970269
0.0950000 -39.9745178
0.0960000 41.7338867
0.0970000 13.0929785
0.0980000 -15.4079647
0.0990000 16.5367889
0.1000000 29.7095375
0.1010000 26.0621243
0.1020000 54.8974533
0.1030000 15.4084969
0.1040000 11.7374487
0.1050000 -6.8451190
0.1060000 -9.4430571
0.1070000 -9.9676208
0.1080000 -52.5652084
0.1090000 3.8024995
0.1100000 16.7653961
0.1110000 -11.7160463
0.1120000 -11.2289629
0.1130000 31.0830936
0.1140000 -36.7213364
0.1150000 20.1341877
0.1160000 -0.9522083
0.1170000 -39.9107170
0.1180000 -2.4759691
0.1190000 -63.7393532
0.1200000 -17.2856140
0.1210000 41.2551613
0.1220000 47.8076820
0.1230000 -33.2880821
0.1240000 -33.6246643
0.1250000 -88.2729568
0.1260000 19.3448067
0.1270000 2.6183760
0.1280000 -6.8467026
0.1290000 5.9061494
0.1300000 38.4553375
0.1310000 -52.6724854
0.1320000 20.5634327
0.1330000 6.3492413
0.1340000 -34.2442131
0.1350000 -8.2488098
0.1360000 -20.4950752
0.1370000 -16.9674053
0.1380000 -16.1661625
0.1390000 -29.3364925
0.1400000 68.1011124
0.1410000 48.0324402
0.1420000 87.0913696
0.1430000 -7.0770693
0.1440000 10.4088869
0.1450000 -32.0616684
0.1460000 35.3466988
0.1470000 -21.2576504
0.1480000 -15.5173559
0.1490000 7.9869156
0.1500000 -15.2730427
0.1510000 5.0985355
0.1520000 8.1677847
0.1530000 -22.1491013
0.1540000 16.3924751
0.1550000 4.9830260
0.1560000 79.4750595
0.1570000 31.0684814
0.1580000 33.7488899
0.1590000 14.7634144
0.1600000 -0.2844571
0.1610000 1.9658804
0.1620000 -19.8614750
0.1630000 9.0981407
0.1640000 -10.1805000
0.1650000 -26.4964695
0.1660000 -20.0702724
0.1670000 34.6048889
0.1680000 -63.1045227
0.1690000 -6.1942439
0.1700000 16.8212337
0.1710000 61.1389694
0.1720000 7.1875176
0.1730000 -16.0308304
0.1740000 19.0181942
0.1750000 -28.6888962
0.1760000 -8.3381596
0.1770000 -2.9519522
0.1780000 -13.8370972
0.1790000 -6.9944096
0.1800000 4.3170862
0.1810000 35.0561790
0.1820000 48.1239052
0.1830000 -5.7975612
0.1840000 -101.4797363
0.1850000 20.9394855
0.1860000 56.8896255
0.1870000 35.1792145
0.1880000 14.9115448
0.1890000 43.8571548
0.1900000 -17.9266033
0.1910000 10.1924868
0.1920000 10.4309921
0.1930000 33.4199600
0.1940000 -38.6159134
0.1950000 -4.4596119
0.1960000 69.8096924
0.1970000 -10.3444500
0.1980000 -39.8825264
0.1990000 -42.0197906
0.2000000 28.5585022
0.2010000 5.6444621
0.2020000 4.2714462
0.2030000 49.0523567
0.2040000 -17.0342464
0.2050000 -56.8137970
0.2060000 27.2309647
0.2070000 18.7298946
0.2080000 20.8503475
0.2090000 72.5144501
0.2100000 -3.2732670
0.2110000 -9.1522913
0.2120000 22.8415871
0.2130000 1.6619375
0.2140000 30.1835365
0.2150000 21.4018421
0.2160000 9.1285343
0.2170000 -27.1916561
0.2180000 18.0357800
0.2190000 25.4058723
0.2200000 20.1423264
0.2210000 -14.9236155
0.2220000 1.9758295
0.2230000 33.5310516
0.2240000 -69.1356277
0.2250000 -25.1285439
0.2260000 -64.7849197
0.2270000 6.1740260
0.2280000 9.7442951
0.2290000 -39.9478912
0.2300000 7.9160628
0.2310000 38.4988670
0.2320000 -4.0310426
0.2330000 56.9526024
0.2340000 26.2423668
0.2350000 -42.9021797
0.2360000 26.4787025
0.2370000 -18.0775490
0.2380000 -41.0056190
0.2390000 -58.5435753
0.2400000 39.9356651
0.2410000 9.8652496
0.2420000 81.2261047
0.2430000 6.8978324
0.2440000 -4.3290567
0.2450000 38.3224106
0.2460000 84.9516068
0.2470000 8.1681824
0.2480000 9.4417486
0.2490000 -9.8073874
0.2500000 50.7489204
0.2510000 1.3302050
0.2520000 23.6621532
0.2530000 -13.2113066
0.2540000 -46.1282768
0.2550000 12.5692749
0.2560000 -38.4177399
0.2570000 -7.0473127
0.2580000 54.4166679
0.2590000 6.7492442
0.2600000 47.3896637
0.2610000 -13.9328766
0.2620000 -0.1998030
0.2630000 -25.8489323
0.2640000 9.1231871
0.2650000 -8.9492846
0.2660000 4.1040502
0.2670000 -38.5224304
0.2680000 6.6448112
0.2690000 19.0044537
0.2700000 6.0572681
0.2710000 -3.5361762
0.2720000 -41.6967468
0.2730000 -49.8004494
0.2740000 20.1459103
0.2750000 49.1690826
0.2760000 -3.1567907
0.2770000 1.5511198
0.2780000 -47.2778893
0.2790000 39.4849892
0.2800000 41.7056046
0.2810000 20.5274467
0.2820000 34.7766724
0.2830000 -27.1940231
0.2840000 -13.3240986
0.2850000 -51.4006462
0.2860000 -32.1522675
0.2870000 40.2234917
0.2880000 13.9216690
0.2890000 -46.5412254
0.2900000 -13.8344851
0.2910000 34.9153099
0.2920000 22.4587498
0.2930000 0.4430079
0.2940000 14.9621983
0.2950000 -20.2221909
0.2960000 16.5282021
0.2970000 42.3254395
0.2980000 14.9358702
0.2990000 -70.0461884
0.3000000 -27.5780201
0.3010000 -14.9720392
0.3020000 -42.8207550
0.3030000 -9.1629515
0.3040000 -31.0336857
0.3050000 -9.0101681
0.3060000 86.8515244
0.3070000 -22.8644371
0.3080000 52.6414528
0.3090000 2.2252762
0.3100000 -24.4112091
0.3110000 49.6027222
0.3120000 -18.4112167
0.3130000 -91.3073807
0.3140000 53.6491928
0.3150000 29.5181084
0.3160000 20.2010612
0.3170000 -16.2441044
0.3180000 31.8281670
0.3190000 54.3845520
0.3200000 -7.7005124
0.3210000 63.8557587
0.3220000 15.2670412
0.3230000 -37.2198524
0.3240000 -38.9590225
0.3250000 11.4047451
0.3260000 21.1685925
0.3270000 -18.6891403
0.3280000 18.0714207
0.3290000 -18.1801414
0.3300000 -18.5703850
0.3310000 -33.5477676
0.3320000 -16.9016266
0.3330000 0.8983462
0.3340000 8.3292503
0.3350000 20.7923775
0.3360000 -2.2744758
0.3370000 11.5782795
0.3380000 -6.5996594
0.3390000 25.1963654
0.3400000 44.8181877
0.3410000 -29.5757885
0.3420000 -18.3019524
0.3430000 -59.0514488
0.3440000 -20.7629204
0.3450000 -26.0425758
0.3460000 29.8121185
0.3470000 14.3408203
0.3480000 43.9625893
0.3490000 42.3045959
0.3500000 47.1565819
0.3510000 -23.3469906
0.3520000 26.2686405
0.3530000 -77.3217163
0.3540000 -9.8423605
0.3550000 -1.9530445
0.3560000 22.1544971
0.3570000 -17.5617447
0.3580000 -94.7907333
0.3590000 32.3034210
0.3600000 22.0737324
0.3610000 24.5466080
0.3620000 1.0769966
0.3630000 -10.0273428
0.3640000 20.9457455
0.3650000 -48.6020660
0.3660000 36.0424423
0.3670000 -6.2598834
0.3680000 -63.4884071
0.3690000 64.5857620
0.3700000 -38.8801880
0.3710000 31.8044720
0.3720000 14.2752495
0.3730000 90.6322250
0.3740000 33.4465485
0.3750000 22.4944420
0.3760000 30.8946419
0.3770000 -1.8405271
0.3780000 -4.5914207
0.3790000 54.9085312
0.3800000 46.5970001
0.3810000 -10.4239321
0.3820000 -40.3630524
0.3830000 34.8042870
0.3840000 9.7470140
0.3850000 31.8219013
0.3860000 -92.2595367
0.3870000 13.6648369
0.3880000 0.8332719
0.3890000 62.3775635
0.3900000 22.5299377
0.3910000 -39.0643616
0.3920000 37.3744011
0.3930000 -39.1034126
0.3940000 32.2445602
0.3950000 10.5999660
0.3960000 15.4633369
0.3970000 2.6980627
0.3980000 108.7496033
0.3990000 -73.4202576
0.4000000 -27.1274967
0.4010000 55.7360191
0.4020000 -47.2448654
0.4030000 -30.8660755
0.4040000 32.9820824
0.4050000 -43.2010803
0.4060000 -31.4875660
0.4070000 48.1318550
0.4080000 19.6821976
0.4090000 69.8934937
0.4100000 -71.1386490
0.4110000 -14.8752480
0.4120000 28.5803890
0.4130000 -1.0728910
0.4140000 -55.1156197
0.4150000 -13.4994831
0.4160000 -32.2499199
0.4170000 17.2409649
0.4180000 43.8608055
0.4190000 21.7466164
0.4200000 -41.5903893
0.4210000 -23.3409271
0.4220000 -46.1798973
0.4230000 55.9555931
0.4240000 24.0323162
0.4250000 -42.3470078
0.4260000 61.2017937
0.4270000 -68.3337021
0.4280000 0.7716705
0.4290000 -22.8654537
0.4300000 -13.2234421
0.4310000 -2.7961812
0.4320000 27.5760193
0.4330000 75.7097244
0.4340000 -6.4236741
0.4350000 48.5091133
0.4360000 -22.4861698
0.4370000 -29.3088093
0.4380000 17.0538387
0.4390000 5.4683466
0.4400000 2.2352574
0.4410000 -46.2362328
0.4420000 32.1436729
0.4430000 -30.4058876
0.4440000 -10.6720676
0.4450000 -22.3365841
0.4460000 -93.9492035
0.4470000 -55.7433586
0.4480000 7.5879745
0.4490000 61.4224930
0.4500000 -12.7937660
0.4510000 -49.8206024
0.4520000 -14.0957766
0.4530000 23.8039055
0.4540000 43.1912956
0.4550000 -1.9924830
0.4560000 -24.2961884
0.4570000 7.0977297
0.4580000 -109.2027740
0.4590000 5.2698026
0.4600000 -90.7108841
0.4610000 -51.0589714
0.4620000 -7.7001405
0.4630000 29.4156933
0.4640000 24.1141300
0.4650000 19.3449955
0.4660000 19.4461765
0.4670000 -46.6332207
0.4680000 3.0725751
0.4690000 -31.5715675
0.4700000 6.9323549
0.4710000 -9.2913961
0.4720000 -23.1602383
0.4730000 39.1882591
0.4740000 -9.4347458
0.4750000 53.1046715
0.4760000 -22.4361763
0.4770000 -13.9938669
0.4780000 -40.7697220
0.4790000 -8.8393383
0.4800000 -26.9032669
0.4810000 34.8979836
0.4820000 -66.1478653
0.4830000 10.8037949
0.4840000 -48.7684631
0.4850000 -22.9248524
0.4860000 -11.8991213
0.4870000 -9.9961700
0.4880000 42.5264473
0.4890000 -46.6823807
0.4900000 6.3413534
0.4910000 -14.0327511
0.4920000 21.9936981
0.4930000 15.2410536
0.4940000 -47.5578690
0.4950000 -3.2967079
0.4960000 -19.8717995
0.4970000 70.5197067
0.4980000 40.9053535
0.4990000 22.2975845
0.5000000 4.3700914
0.5010000 -10.1783104
0.5020000 -12.4618387
0.5030000 28.0165691
0.5040000 24.2830219
0.5050000 16.4719200
0.5060000 -44.3889008
0.5070000 -17.2673626
0.5080000 -16.9530830
0.5090000 -46.0919342
0.5100000 -26.8493805
0.5110000 -71.6054993
0.5120000 14.1493130
0.5130000 2.1797082
0.5140000 17.5428371
0.5150000 -15.6606617
0.5160000 -4.1731954
0.5170000 -31.7972546
0.5180000 59.8739853
0.5190000 35.5338364
0.5200000 25.4106255
0.5210000 -13.2094240
0.5220000 18.3365612
0.5230000 -14.8309078
0.5240000 16.7188091
0.5250000 3.6888268
0.5260000 36.9396515
0.5270000 8.5834579
0.5280000 -39.8449516
0.5290000 10.1762972
0.5300000 12.3108091
0.5310000 26.0956669
0.5320000 -52.0503578
0.5330000 -25.6917877
0.5340000 -97.2709579
0.5350000 -30.7302799
0.5360000 -46.6685333
0.5370000 3.4732251
0.5380000 16.1542015
0.5390000 52.7038612
0.5400000 14.8278856
0.5410000 30.2485504
0.5420000 -11.5087080
0.5430000 -41.6480751
0.5440000 37.4720383
0.5450000 8.3341732
0.5460000 -5.1939774
0.5470000 -15.7972832
0.5480000 -6.0893712
0.5490000 -2.3714781
0.5500000 -23.6689053
0.5510000 16.6868420
0.5520000 -28.1579380
0.5530000 14.6811266
0.5540000 -30.3275375
0.5550000 18.3310051
0.5560000 16.6239529
0.5570000 31.9758053
0.5580000 -28.8553467
0.5590000 3.7904055
0.5600000 25.6480350
0.5610000 -48.0403519
0.5620000 -91.5478897
0.5630000 32.7273445
0.5640000 -39.5354271
0.5650000 -7.1604252
0.5660000 -106.7688904
0.5670000 10.4753418
0.5680000 -21.8898544
0.5690000 43.1095161
0.5700000 20.2347641
0.5710000 49.7846527
0.5720000 12.6671162
0.5730000 -41.6531792
0.5740000 -61.2127533
0.5750000 21.9231834
0.5760000 13.7440500
0.5770000 -4.4960160
0.5780000 -15.6101103
0.5790000 6.0313993
0.5800000 -6.9320450
0.5810000 -8.9908075
0.5820000 31.2468529
0.5830000 -15.9904442
0.5840000 31.4389400
0.5850000 59.1945496
0.5860000 11.6461687
0.5870000 -52.1171227
0.5880000 -54.1053505
0.5890000 -0.4278026
0.5900000 27.4243622
0.5910000 -0.0830820
0.5920000 22.5430126
0.5930000 -0.6825497
0.5940000 7.9233751
0.5950000 -49.1610184
0.5960000 29.4492855
0.5970000 23.1454105
0.5980000 -24.4304180
0.5990000 22.9775620
0.6000000 -13.7431240
0.6010000 -6.4175091
0.6020000 -24.9229221
0.6030000 -76.3319168
0.6040000 -32.8941689
0.6050000 -16.9014072
0.6060000 32.7981262
0.6070000 -46.9171371
0.6080000 -25.2725239
0.6090000 21.2462711
0.6100000 28.2723312
0.6110000 39.8002930
0.6120000 2.4190319
0.6130000 -46.9973145
0.6140000 15.2330217
0.6150000 17.7107811
0.6160000 -5.8873920
0.6170000 46.5419884
0.6180000 -52.0958786
0.6190000 18.0256462
0.6200000 14.2851524
0.6210000 3.7947371
0.6220000 -56.8539124
0.6230000 27.5303745
0.6240000 33.7290344
0.6250000 -84.1672974
0.6260000 8.5530128
0.6270000 -8.3211279
0.6280000 -4.8440557
0.6290000 64.6281433
0.6300000 15.5243282
0.6310000 102.7191315
0.6320000 -28.6807957
0.6330000 11.5429182
0.6340000 -39.8181305
0.6350000 5.1553278
0.6360000 -4.3365221
0.6370000 -15.8561449
0.6380000 16.6776123
0.6390000 -34.4934273
0.6400000 -48.4179840
0.6410000 64.3467255
0.6420000 -73.4817886
0.6430000 31.9821262
0.6440000 59.0329018
0.6450000 12.0063410
0.6460000 42.3729210
0.6470000 -25.8003082
0.6480000 -14.9910059
0.6490000 27.9723091
0.6500000 44.2217064
0.6510000 20.6716080
0.6520000 0.9730005
0.6530000 -17.3215122
0.6540000 36.7230911
0.6550000 -19.3441582
0.6560000 -21.2910576
0.6570000 -4.9583874
0.6580000 -29.6704941
0.6590000 51.5176392
0.6600000 -52.5243263
0.6610000 26.3732185
0.6620000 -48.3268661
0.6630000 -29.9080257
0.6640000 -18.9066563
0.6650000 0.5028526
0.6660000 25.9557076
0.6670000 44.5606079
0.6680000 31.8432655
0.6690000 -72.5441055
0.6700000 0.6879028
0.6710000 13.1702700
0.6720000 -25.0922642
0.6730000 -65.3321075
0.6740000 -28.8135452
0.6750000 -2.9715865
0.6760000 -84.5448303
0.6770000 -4.9981518
0.6780000 -13.8746853
0.6790000 -15.0879526
0.6800000 73.4466858
0.6810000 -32.2949677
0.6820000 -3.5028410
0.6830000 -30.8299160
0.6840000 -16.8076878
0.6850000 49.7560921
0.6860000 8.4007711
0.6870000 18.9232388
0.6880000 -12.1290817
0.6890000 -34.8624115
0.6900000 -40.7760429
0.6910000 -15.9221010
0.6920000 -31.9171314
0.6930000 -17.8384533
0.6940000 -22.4369907
0.6950000 -9.2639036
0.6960000 -46.5805283
0.6970000 -2.3911505
0.6980000 13.5068903
0.6990000 -6.6319504
0.7000000 -57.9662285
0.7010000 12.9859200
0.7020000 30.8474598
0.7030000 70.4434204
0.7040000 -2.2804391
0.7050000 -8.0363798
0.7060000 -7.0040154
0.7070000 -24.7202740
0.7080000 -60.8930893
0.7090000 -5.9094906
0.7100000 -28.4739952
0.7110000 -51.8540916
0.7120000 -5.8703890
0.7130000 -7.6158090
0.7140000 -45.9035149
0.7150000 -6.8218141
0.7160000 -51.4266167
0.7170000 39.3666039
0.7180000 -58.7766838
0.7190000 -47.9709320
0.7200000 -36.3641014
0.7210000 9.5421515
0.7220000 -16.0875626
0.7230000 3.2016878
0.7240000 -42.1537132
0.7250000 34.2496376
0.7260000 14.2403755
0.7270000 9.0699291
0.7280000 -18.8772717
0.7290000 21.1245670
0.7300000 -16.5178661
0.7310000 -29.4904118
0.7320000 -107.8344498
0.7330000 -56.5692101
0.7340000 -22.3001347
0.7350000 28.9672451
0.7360000 -31.5648556
0.7370000 -78.8537521
0.7380000 -10.7285318
0.7390000 -8.0296984
0.7400000 1.4786783
0.7410000 -26.4248486
0.7420000 -14.0323057
0.7430000 -36.6058502
0.7440000 -30.5489998
0.7450000 -17.2538452
0.7460000 -11.8371534
0.7470000 14.5158491
0.7480000 -39.7030067
0.7490000 -4.1066642
0.7500000 34.5652580
0.7510000 -10.5577745
0.7520000 -43.3595200
0.7530000 -30.2514153
0.7540000 -12.5531502
0.7550000 4.3421435
0.7560000 36.4197311
0.7570000 2.7858300
0.7580000 0.8876880
0.7590000 -69.6380157
0.7600000 -40.3288040
0.7610000 -27.4537888
0.7620000 -9.1466112
0.7630000 15.3368225
0.7640000 -4.3824592
0.7650000 -98.9111099
0.7660000 -10.3784561
0.7670000 -60.4778061
0.7680000 47.5248337
0.7690000 13.5938063
0.7700000 -13.7222242
0.7710000 -25.3825493
0.7720000 -6.3087802
0.7730000 18.8069267
0.7740000 38.5380516
0.7750000 -97.4803238
0.7760000 -35.3078156
0.7770000 28.9813519
0.7780000 -5.7589140
0.7790000 37.6152687
0.7800000 -7.3470659
0.7810000 23.5232983
0.7820000 -57.4679642
0.7830000 -18.3137779
0.7840000 -40.1903419
0.7850000 28.3288155
0.7860000 -102.8322449
0.7870000 15.0436850
0.7880000 49.1260223
0.7890000 -13.6550484
0.7900000 -27.3253384
0.7910000 -87.2871780
0.7920000 -93.0009155
0.7930000 -13.0940485
0.7940000 -16.1877823
0.7950000 35.4240494
0.7960000 -57.9945335
0.7970000 4.2177920
0.7980000 -19.8696556
0.7990000 -51.3979797
0.8000000 -30.5585670
0.8010000 5.3422198
0.8020000 -47.9415855
0.8030000 -87.9170990
0.8040000 48.1192398
0.8050000 56.0865746
0.8060000 23.2871304
0.8070000 -25.4540749
0.8080000 35.3496284
0.8090000 -25.7445946
0.8100000 42.9263115
0.8110000 60.7421150
0.8120000 47.2626724
0.8130000 -21.5284386
0.8140000 -25.1558990
0.8150000 14.7748890
0.8160000 -2.6354012
0.8170000 -31.4118004
0.8180000 3.6804085
0.8190000 36.0462456
0.8200000 -26.7870274
0.8210000 84.8616943
0.8220000 29.8099174
0.8230000 16.7398319
0.8240000 -91.0645294
0.8250000 -13.5307341
0.8260000 62.9977913
0.8270000 35.4305725
0.8280000 29.2605057
0.8290000 14.1389551
0.8300000 28.5244083
0.8310000 -49.7441864
0.8320000 23.2977962
0.8330000 44.3890190
0.8340000 16.4595413
0.8350000 -28.8333397
0.8360000 -8.7950478
0.8370000 44.0162010
0.8380000 -85.4188843
0.8390000 -22.0287323
0.8400000 23.0411892
0.8410000 14.1169748
0.8420000 -23.2001152
0.8430000 -21.9137802
0.8440000 29.0460510
0.8450000 -10.8030052
0.8460000 2.8673780
0.8470000 37.1939621
0.8480000 56.1682014
0.8490000 -29.9174309
0.8500000 0.6056123
0.8510000 -12.9674168
0.8520000 -21.6459293
0.8530000 -40.3495216
0.8540000 6.3408284
0.8550000 25.5625896
0.8560000 -0.4836988
0.8570000 -40.2843704
0.8580000 18.2425919
0.8590000 61.2040710
0.8600000 -8.7863588
0.8610000 7.9463668
0.8620000 -42.7379074
0.8630000 8.4166670
0.8640000 22.7171516
0.8650000 -21.8266220
0.8660000 -32.0228958
0.8670000 -7.2472258
0.8680000 -39.1923027
0.8690000 -9.7187824
0.8700000 -17.8667336
0.8710000 -64.5412369
0.8720000 35.3021049
0.8730000 -99.5422211
0.8740000 1.7413434
0.8750000 13.6121206
0.8760000 -7.0737906
0.8770000 -41.9649353
0.8780000 -19.9848347
0.8790000 -29.9683647
0.8800000 21.6646595
0.8810000 23.4478550
0.8820000 9.8023882
0.8830000 -17.9952927
0.8840000 -7.9631672
0.8850000 -12.6560421
0.8860000 -0.3479565
0.8870000 -30.0874844
0.8880000 4.7531648
0.8890000 5.0167050
0.8900000 65.4435577
0.8910000 11.1380329
0.8920000 11.2242174
0.8930000 -49.8400650
0.8940000 -82.0955887
0.8950000 -19.8327942
0.8960000 98.7558212
0.8970000 28.1918030
0.8980000 -69.5752411
0.8990000 3.2358928
0.9000000 -13.2529173
0.9010000 62.7621078
0.9020000 -15.5183783
0.9030000 0.0864005
0.9040000 -13.7667608
0.9050000 9.5649185
0.9060000 18.1667061
0.9070000 -39.3896980
0.9080000 12.4709187
0.9090000 32.4784927
0.9100000 18.7540665
0.9110000 47.4759979
0.9120000 65.1419067
0.9130000 16.2411041
0.9140000 20.6827431
0.9150000 23.5442047
0.9160000 -23.7443676
0.9170000 -24.9644222
0.9180000 42.4119377
0.9190000 -46.9751015
0.9200000 41.9765663
0.9210000 14.7248678
0.9220000 -2.0686893
0.9230000 -2.1134739
0.9240000 35.7387848
0.9250000 -25.8458424
0.9260000 27.3768120
0.9270000 -64.1432648
0.9280000 24.2878971
0.9290000 3.5135665
0.9300000 6.7093587
0.9310000 -2.9451249
0.9320000 -12.7531214
0.9330000 -14.5248060
0.9340000 -6.6792998
0.9350000 34.4433784
0.9360000 -30.8387318
0.9370000 19.9140205
0.9380000 -54.3610764
0.9390000 -1.6396407
0.9400000 3.6218753
0.9410000 19.7939186
0.9420000 103.2524338
0.9430000 -42.1743736
0.9440000 7.1716471
0.9450000 44.3210220
0.9460000 35.4333801
0.9470000 -31.2230167
0.9480000 -25.4848518
0.9490000 -5.5892119
0.9500000 -10.0959454
0.9510000 -25.1881409
0.9520000 50.0215034
0.9530000 -18.9905586
0.9540000 -19.4091129
0.9550000 -10.3002377
0.9560000 -5.7656937
0.9570000 8.3297205
0.9580000 16.1422901
0.9590000 -22.9591045
0.9600000 -39.4525032
0.9610000 -14.7025299
0.9620000 -0.6600494
0.9630000 -59.8382912
0.9640000 13.4179564
0.9650000 6.4041595
0.9660000 -60.7056084
0.9670000 -7.9089646
0.9680000 27.9459782
0.9690000 -34.8665962
0.9700000 -55.6674919
0.9710000 -3.5711484
0.9720000 -46.1357384
0.9730000 4.2610612
0.9740000 80.5385284
0.9750000 52.6353683
0.9760000 -31.5238037
0.9770000 -11.5757246
0.9780000 51.7982140
0.9790000 28.0044308
0.9800000 -20.5907288
0.9810000 62.1151161
0.9820000 46.6373291
0.9830000 60.6995201
0.9840000 -36.4416351
0.9850000 43.4935532
0.9860000 -14.5346804
0.9870000 -2.9955747
0.9880000 -40.9597015
0.9890000 22.8692646
0.9900000 -27.1271305
0.9910000 -46.6681480
0.9920000 -68.0566940
0.9930000 4.1533031
0.9940000 -35.1065636
0.9950000 85.8091125
0.9960000 -69.2471619
0.9970000 -52.6146545
0.9980000 14.2913733
0.9990000 22.0970955
