0.0000000 7.5564499
0.0010000 34.0521889
0.0020000 30.2606125
0.0030000 5.4944019
0.0040000 -54.0595589
0.0050000 -10.5909529
0.0060000 73.4548721
0.0070000 -93.9290543
0.0080000 -21.5068893
0.0090000 -43.3756523
0.0100000 -23.5191784
0.0110000 8.6770878
0.0120000 17.6757793
0.0130000 21.3221073
0.0140000 -43.9169350
0.0150000 17.7635155
0.0160000 -42.1143608
0.0170000 80.9832077
0.0180000 -13.4127197
0.0190000 58.9239883
0.0200000 -25.0609436
0.0210000 5.8675041
0.0220000 -31.8973331
0.0230000 -2.4708819
0.0240000 -62.3946991
0.0250000 0.4748821
0.0260000 -36.9446869
0.0270000 -27.4202576
0.0280000 -1.8051714
0.0290000 35.0122871
0.0300000 -58.0158043
0.0310000 -3.8966877
0.0320000 17.6993217
0.0330000 5.9967785
0.0340000 35.6274185
0.0350000 9.5913401
0.0360000 7.0706906
0.0370000 33.2951050
0.0380000 43.3433189
0.0390000 12.0347767
0.0400000 -20.0748959
0.0410000 1.5192914
0.0420000 24.9220295
0.0430000 -22.8210526
0.0440000 -37.9654999
0.0450000 13.0093861
0.0460000 -8.6709042
0.0470000 -64.3846664
0.0480000 2.8903177
0.0490000 11.9546814
0.0500000 -43.9850693
0.0510000 -37.9805260
0.0520000 46.9961777
0.0530000 6.0269055
0.0540000 17.6535568
0.0550000 -49.0747337
0.0560000 -13.9181271
0.0570000 12.0680752
0.0580000 -28.5877190
0.0590000 72.7755890
0.0600000 21.5289230
0.0610000 11.0866137
0.0620000 -6.9582300
0.0630000 8.1546345
0.0640000 35.5314331
0.0650000 43.0872040
0.0660000 -36.1126366
0.0670000 25.3142891
0.0680000 -48.3187523
0.0690000 -32.0201912
0.0700000 -87.9429474
0.0710000 -1.9819286
0.0720000 31.3101654
0.0730000 2.9679055
0.0740000 -14.3875141
0.0750000 -45.3732986
0.0760000 16.8491840
0.0770000 -2.3525782
0.0780000 68.6120834
0.0790000 40.5705338
0.0800000 26.7535629
0.0810000 9.7858667
0.0820000 25.0155754
0.0830000 -11.7920103
0.0840000 -48.0477867
0.0850000 0.0376537
0.0860000 19.3234310
0.0870000 -8.5888262
0.0880000 47.2343674
0.0890000 30.7073975
0.0900000 19.6951084
0.0910000 46.3614731
0.0920000 -2.0345719
0.0930000 -29.1614456
0.0940000 86.8625717
0.0950000 5.9479761
0.0960000 -32.9646034
0.0970000 12.7187443
0.0980000 -64.1497345
0.0990000 -2.4850388
0.1000000 9.6461763
0.1010000 -8.5863543
0.1020000 2.3455467
0.1030000 40.7285347
0.1040000 14.7220173
0.1050000 -23.3065071
0.1060000 -17.9956264
0.1070000 17.6302624
0.1080000 -1.2934105
0.1090000 -9.1431723
0.1100000 -40.3880081
0.1110000 46.5439301
0.1120000 -42.8991623
0.1130000 -59.8353691
0.1140000 23.5721989
0.1150000 39.2964897
0.1160000 38.5332870
0.1170000 -39.9588394
0.1180000 -51.8344116
0.1190000 -25.1157074
0.1200000 16.3457546
0.1210000 9.4771471
0.1220000 5.1236458
0.1230000 28.8603992
0.1240000 26.6031151
0.1250000 -11.4239006
0.1260000 -2.2877297
0.1270000 29.5730171
0.1280000 5.1188812
0.1290000 -7.2351093
0.1300000 -22.3348389
0.1310000 -33.2420578
0.1320000 28.1347179
0.1330000 -31.5600147
0.1340000 34.7658958
0.1350000 25.2545261
0.1360000 -5.7716799
0.1370000 36.9289246
0.1380000 41.8163681
0.1390000 -26.8902149
0.1400000 35.5009193
0.1410000 47.7129173
0.1420000 -0.1713646
0.1430000 -9.8253183
0.1440000 66.3482590
0.1450000 -7.1094790
0.1460000 0.7469481
0.1470000 65.3268814
0.1480000 -41.8577766
0.1490000 44.2956429
0.1500000 -13.2761803
0.1510000 41.0400352
0.1520000 -56.8475227
0.1530000 -3.8700633
0.1540000 0.1746138
0.1550000 30.8715992
0.1560000 13.3234167
0.1570000 -35.2510376
0.1580000 -9.5362444
0.1590000 41.6022835
0.1600000 32.3449211
0.1610000 46.7905006
0.1620000 47.8175392
0.1630000 3.4042718
0.1640000 -40.8662415
0.1650000 -17.4016991
0.1660000 -24.5758858
0.1670000 24.4251041
0.1680000 -33.0766983
0.1690000 6.6598072
0.1700000 18.3345203
0.1710000 11.9276466
0.1720000 -15.7902803
0.1730000 -34.9077072
0.1740000 -48.9243240
0.1750000 -11.1248455
0.1760000 -32.3912926
0.1770000 -40.1539154
0.1780000 -35.2116280
0.1790000 -34.7151909
0.1800000 5.6336584
0.1810000 7.4752965
0.1820000 -79.6956940
0.1830000 27.1356945
0.1840000 -8.6745319
0.1850000 -3.2809284
0.1860000 -34.3713989
0.1870000 -6.6717453
0.1880000 -68.9762192
0.1890000 37.2815514
0.1900000 22.2333603
0.1910000 -15.1577587
0.1920000 -40.1634064
0.1930000 17.2062492
0.1940000 -3.8366003
0.1950000 74.4489212
0.1960000 19.3277683
0.1970000 20.1121082
0.1980000 24.7199116
0.1990000 -87.8288269
0.2000000 10.8355770
0.2010000 29.5140362
0.2020000 42.9583397
0.2030000 -36.4641876
0.2040000 -27.9334888
0.2050000 0.8956205
0.2060000 -24.3602142
0.2070000 16.9130535
0.2080000 27.6205673
0.2090000 -23.6920452
0.2100000 67.2056580
0.2110000 -9.1293907
0.2120000 10.2653055
0.2130000 16.9679852
0.2140000 -68.4300690
0.2150000 32.0087547
0.2160000 -1.5383352
0.2170000 57.7192192
0.2180000 -19.4172573
0.2190000 17.5658894
0.2200000 -39.3121033
0.2210000 -1.8696376
0.2220000 -86.2541428
0.2230000 -15.5915413
0.2240000 -47.8702736
0.2250000 12.3378048
0.2260000 -27.0257282
0.2270000 -36.6106300
0.2280000 -39.3488541
0.2290000 25.2687702
0.2300000 53.1943283
0.2310000 55.1228333
0.2320000 9.7171059
0.2330000 -17.7790661
0.2340000 -36.4505463
0.2350000 -59.9014778
0.2360000 -2.4730632
0.2370000 -18.4698849
0.2380000 28.8648529
0.2390000 -4.3631010
0.2400000 -6.6687627
0.2410000 27.0001736
0.2420000 -34.0111732
0.2430000 25.4815121
0.2440000 -26.6713810
0.2450000 49.2026939
0.2460000 -65.3512955
0.2470000 -31.8083248
0.2480000 46.5442238
0.2490000 1.9827117
0.2500000 -10.8967514
0.2510000 -6.3308907
0.2520000 -13.8040781
0.2530000 -22.0954494
0.2540000 3.5484009
0.2550000 -13.9204750
0.2560000 -4.8694844
0.2570000 30.8708553
0.2580000 30.5063992
0.2590000 0.7098328
0.2600000 14.1331482
0.2610000 -44.3855438
0.2620000 5.6200829
0.2630000 22.2377262
0.2640000 -1.0391101
0.2650000 20.2350922
0.2660000 -31.9469090
0.2670000 38.8362122
0.2680000 76.3254013
0.2690000 -13.4804173
0.2700000 -11.2766342
0.2710000 -88.7674332
0.2720000 -97.1717148
0.2730000 -0.0332746
0.2740000 53.0068398
0.2750000 29.2611485
0.2760000 -20.2142296
0.2770000 -35.3495560
0.2780000 -47.1603622
0.2790000 28.2189922
0.2800000 -68.1273575
0.2810000 -7.6414065
0.2820000 -66.1130371
0.2830000 -41.5644722
0.2840000 -31.7273426
0.2850000 30.3978271
0.2860000 -5.5568156
0.2870000 -14.8354998
0.2880000 1.8973730
0.2890000 -11.6873274
0.2900000 -12.2571945
0.2910000 16.6277924
0.2920000 -38.0272560
0.2930000 27.3106174
0.2940000 9.4457855
0.2950000 49.5743256
0.2960000 2.4181011
0.2970000 1.2793802
0.2980000 -7.6063304
0.2990000 -1.9493290
0.3000000 -6.6665387
0.3010000 39.5664711
0.3020000 -18.9198303
0.3030000 29.1211681
0.3040000 -14.1843767
0.3050000 -31.5307579
0.3060000 5.7858591
0.3070000 25.1103745
0.3080000 17.8671970
0.3090000 4.7108226
0.3100000 -29.7424049
0.3110000 5.2949610
0.3120000 -58.1273079
0.3130000 37.0841904
0.3140000 21.8391094
0.3150000 6.8132553
0.3160000 55.1502419
0.3170000 -6.2099438
0.3180000 -3.0366080
0.3190000 79.5247879
0.3200000 -14.0504465
0.3210000 -1.6944611
0.3220000 -62.6674004
0.3230000 4.4526329
0.3240000 30.9564533
0.3250000 35.0806389
0.3260000 51.0253906
0.3270000 -9.3058529
0.3280000 33.9255333
0.3290000 -44.4292259
0.3300000 14.3212128
0.3310000 89.1724625
0.3320000 102.4991455
0.3330000 14.3991814
0.3340000 38.9324493
0.3350000 23.9271145
0.3360000 51.2160110
0.3370000 7.8612523
0.3380000 34.0494499
0.3390000 9.7991028
0.3400000 52.0971489
0.3410000 -69.1209564
0.3420000 -4.4900870
0.3430000 -34.2096939
0.3440000 10.1278000
0.3450000 16.1858368
0.3460000 34.9224815
0.3470000 49.8222733
0.3480000 -46.3626289
0.3490000 -39.9158287
0.3500000 -34.0571747
0.3510000 18.5417500
0.3520000 7.3939691
0.3530000 -23.0807438
0.3540000 -63.3858910
0.3550000 15.3556433
0.3560000 -36.3964195
0.3570000 55.9896469
0.3580000 -30.9687157
0.3590000 29.0862236
0.3600000 -26.7632523
0.3610000 27.8607388
0.3620000 -35.9850883
0.3630000 50.5053215
0.3640000 -9.6662264
0.3650000 -37.2686577
0.3660000 -6.1687961
0.3670000 37.6381187
0.3680000 -12.3372421
0.3690000 -56.6789589
0.3700000 0.2215530
0.3710000 1.8964311
0.3720000 -27.3604126
0.3730000 17.0859032
0.3740000 25.7074089
0.3750000 5.7493982
0.3760000 4.7493815
0.3770000 54.0859528
0.3780000 -52.1256676
0.3790000 -26.7861557
0.3800000 -5.7648292
0.3810000 -12.7986088
0.3820000 -86.8342972
0.3830000 -9.0192566
0.3840000 43.0723991
0.3850000 98.0899658
0.3860000 37.0528946
0.3870000 -39.1502571
0.3880000 -5.2444696
0.3890000 -3.2926290
0.3900000 -42.3159828
0.3910000 -18.9926567
0.3920000 -17.3204861
0.3930000 13.9125719
0.3940000 1.2049270
0.3950000 46.2294235
0.3960000 68.0426559
0.3970000 13.1005754
0.3980000 -10.0550995
0.3990000 12.5235233
0.4000000 -24.8015671
0.4010000 -11.3227234
0.4020000 3.8539753
0.4030000 -85.4553375
0.4040000 -11.2431622
0.4050000 1.8520621
0.4060000 -6.9219613
0.4070000 -34.2419701
0.4080000 54.5834122
0.4090000 -28.5995331
0.4100000 33.0719376
0.4110000 14.1841526
0.4120000 22.7780514
0.4130000 36.6861382
0.4140000 -33.2393723
0.4150000 29.4832153
0.4160000 20.8894978
0.4170000 32.1118240
0.4180000 33.4728775
0.4190000 -30.3134727
0.4200000 -42.8727684
0.4210000 -74.8316345
0.4220000 -6.3917522
0.4230000 27.4002819
0.4240000 -7.9510965
0.4250000 -74.0807266
0.4260000 21.9970818
0.4270000 5.5608606
0.4280000 57.2773209
0.4290000 -4.1010232
0.4300000 -56.7723694
0.4310000 -60.3950920
0.4320000 1.0518957
0.4330000 26.0309696
0.4340000 -8.2884617
0.4350000 22.8516006
0.4360000 -1.3158908
0.4370000 94.1407547
0.4380000 -6.0063949
0.4390000 -12.0369463
0.4400000 30.6873837
0.4410000 3.5509882
0.4420000 -107.9779739
0.4430000 1.2911468
0.4440000 12.8454676
0.4450000 21.2245674
0.4460000 20.7299557
0.4470000 5.3534226
0.4480000 -22.4500732
0.4490000 -48.0054855
0.4500000 -38.2927055
0.4510000 -3.2823367
0.4520000 -27.3008804
0.4530000 7.7621641
0.4540000 46.9268799
0.4550000 -2.3999834
0.4560000 -24.0928555
0.4570000 21.5991344
0.4580000 16.6092358
0.4590000 12.4657774
0.4600000 18.1317310
0.4610000 -40.9079170
0.4620000 -14.8680000
0.4630000 53.5765266
0.4640000 -21.9261169
0.4650000 0.1748770
0.4660000 -26.2649364
0.4670000 38.2093086
0.4680000 -24.9949265
0.4690000 -33.2957726
0.4700000 -124.8786469
0.4710000 -38.5485229
0.4720000 30.5996456
0.4730000 74.8227768
0.4740000 -41.1110153
0.4750000 -3.1671100
0.4760000 -15.9467850
0.4770000 6.1815414
0.4780000 -74.4964294
0.4790000 -23.4297009
0.4800000 -32.4209366
0.4810000 5.6758142
0.4820000 -32.0306892
0.4830000 -8.1100988
0.4840000 19.9814739
0.4850000 1.4817659
0.4860000 -1.2743564
0.4870000 33.9081650
0.4880000 -30.0542488
0.4890000 -23.6542053
0.4900000 37.9355812
0.4910000 -24.7496223
0.4920000 -11.9210081
0.4930000 43.5365410
0.4940000 20.2617092
0.4950000 -71.2471390
0.4960000 22.2347641
0.4970000 -30.2129192
0.4980000 27.6121807
0.4990000 -27.3999805
0.5000000 20.4100819
0.5010000 -4.7153082
0.5020000 -64.5765381
0.5030000 5.0864735
0.5040000 -47.3282700
0.5050000 10.3858109
0.5060000 3.1947472
0.5070000 -37.9396896
0.5080000 16.6011257
0.5090000 7.8227692
0.5100000 49.5144272
0.5110000 28.3356876
0.5120000 18.7231960
0.5130000 -61.9127350
0.5140000 -25.8980637
0.5150000 9.0462379
0.5160000 20.3679333
0.5170000 24.4405289
0.5180000 13.9606304
0.5190000 -3.7821591
0.5200000 -9.8642931
0.5210000 22.6475143
0.5220000 35.4603195
0.5230000 -4.7911782
0.5240000 -1.5258929
0.5250000 -16.5965786
0.5260000 -27.4531898
0.5270000 -30.7238541
0.5280000 -14.8454924
0.5290000 44.6157608
0.5300000 20.0413113
0.5310000 -51.8390846
0.5320000 -50.7658157
0.5330000 79.1861877
0.5340000 -10.5829487
0.5350000 -6.7094913
0.5360000 -6.3740511
0.5370000 9.9791136
0.5380000 -17.3822079
0.5390000 61.8911514
0.5400000 3.7012837
0.5410000 19.3713570
0.5420000 -26.4043274
0.5430000 29.9111137
0.5440000 30.0087662
0.5450000 -27.0802994
0.5460000 -32.4212379
0.5470000 58.0191154
0.5480000 -28.2915249
0.5490000 -43.8074875
0.5500000 -13.1513834
0.5510000 3.8971214
0.5520000 38.7079964
0.5530000 -18.0983009
0.5540000 -26.1554279
0.5550000 -44.7296295
0.5560000 47.4493256
0.5570000 36.0167122
0.5580000 28.6519756
0.5590000 -36.1322517
0.5600000 -50.6480293
0.5610000 14.5868702
0.5620000 -68.6745529
0.5630000 -28.0622673
0.5640000 11.9594707
0.5650000 63.6475487
0.5660000 8.6579733
0.5670000 8.8148470
0.5680000 -35.9146118
0.5690000 74.0527115
0.5700000 29.6024914
0.5710000 -17.9399395
0.5720000 18.2075596
0.5730000 13.0988960
0.5740000 -47.0901489
0.5750000 11.3630362
0.5760000 30.6630802
0.5770000 -39.6706009
0.5780000 -11.7473345
0.5790000 31.3119869
0.5800000 -39.9295959
0.5810000 -27.2587624
0.5820000 66.7256699
0.5830000 -9.3982124
0.5840000 -10.7605038
0.5850000 8.1146708
0.5860000 11.0904837
0.5870000 -26.5826359
0.5880000 2.8847446
0.5890000 -12.4389324
0.5900000 -47.3426552
0.5910000 -24.0863266
0.5920000 -44.5655060
0.5930000 1.4110039
0.5940000 53.2344208
0.5950000 -49.8934326
0.5960000 -10.9715624
0.5970000 -30.0715275
0.5980000 9.4202814
0.5990000 19.0047436
0.6000000 17.4334068
0.6010000 -41.0184326
0.6020000 1.5559435
0.6030000 4.0316653
0.6040000 -49.6459274
0.6050000 -0.1635792
0.6060000 -17.2313862
0.6070000 65.1776505
0.6080000 0.1580402
0.6090000 -35.1326065
0.6100000 58.5602036
0.6110000 50.3102417
0.6120000 37.5032845
0.6130000 55.9083786
0.6140000 7.7638488
0.6150000 -19.9351635
0.6160000 -61.0221863
0.6170000 -47.2828712
0.6180000 -26.7241859
0.6190000 14.3983917
0.6200000 16.2560444
0.6210000 -17.1456566
0.6220000 57.4295998
0.6230000 -28.0281792
0.6240000 32.9369278
0.6250000 -36.8883667
0.6260000 -29.8516121
0.6270000 -4.9258447
0.6280000 49.6597481
0.6290000 -2.8040051
0.6300000 -24.0176888
0.6310000 15.5754147
0.6320000 0.3476123
0.6330000 -49.2840042
0.6340000 -29.1885548
0.6350000 14.7457600
0.6360000 -7.2836475
0.6370000 -20.3190022
0.6380000 -13.6603870
0.6390000 63.5914612
0.6400000 -33.4816666
0.6410000 5.9372644
0.6420000 3.9972138
0.6430000 50.0777512
0.6440000 29.5948944
0.6450000 47.4914894
0.6460000 -0.4566430
0.6470000 -12.0886621
0.6480000 -22.8561306
0.6490000 38.4445686
0.6500000 -0.7142998
0.6510000 -50.1450958
0.6520000 -37.2851639
0.6530000 32.4934616
0.6540000 -14.6551733
0.6550000 69.5078354
0.6560000 -75.6123962
0.6570000 -55.9477119
0.6580000 13.1175537
0.6590000 69.7824478
0.6600000 20.7605801
0.6610000 17.6443939
0.6620000 23.6160221
0.6630000 -11.7314205
0.6640000 -62.7015839
0.6650000 -9.7022829
0.6660000 16.4246502
0.6670000 14.7692757
0.6680000 42.9183655
0.6690000 10.3477135
0.6700000 -39.6428299
0.6710000 29.3296127
0.6720000 17.3276253
0.6730000 29.8267212
0.6740000 -55.8767433
0.6750000 -26.1106358
0.6760000 -12.4274006
0.6770000 21.9858704
0.6780000 8.8971596
0.6790000 -38.0685043
0.6800000 -6.5898380
0.6810000 27.2475853
0.6820000 -0.6852987
0.6830000 -57.9285927
0.6840000 21.0655861
0.6850000 15.3561878
0.6860000 -14.0454178
0.6870000 -33.9198456
0.6880000 -4.6687231
0.6890000 33.0936165
0.6900000 4.4389949
0.6910000 -7.6835771
0.6920000 48.9733696
0.6930000 -25.0001183
0.6940000 20.4031353
0.6950000 -24.4359016
0.6960000 56.9908142
0.6970000 2.4584582
0.6980000 19.0576572
0.6990000 -3.4641328
0.7000000 -57.5774422
0.7010000 56.0871124
0.7020000 55.1058807
0.7030000 6.0083928
0.7040000 -5.8249493
0.7050000 33.3215446
0.7060000 13.2590504
0.7070000 1.7694995
0.7080000 35.8181305
0.7090000 64.1694641
0.7100000 39.1209602
0.7110000 -5.7778072
0.7120000 18.4776421
0.7130000 -7.9620953
0.7140000 -62.9553909
0.7150000 71.7918396
0.7160000 -0.9546928
0.7170000 -7.1310349
0.7180000 65.0713501
0.7190000 -2.3957026
0.7200000 -4.4164715
0.7210000 -16.3403969
0.7220000 -8.4430323
0.7230000 -6.5670753
0.7240000 14.7141895
0.7250000 -59.5724487
0.7260000 17.6118870
0.7270000 -8.9424467
0.7280000 19.0287838
0.7290000 -38.6410065
0.7300000 -0.9108540
0.7310000 -17.7044315
0.7320000 -36.0802116
0.7330000 -97.3106613
0.7340000 25.3379402
0.7350000 -19.6558971
0.7360000 14.2589970
0.7370000 38.7210007
0.7380000 -67.5445328
0.7390000 -1.5582446
0.7400000 -21.5769405
0.7410000 5.3708301
0.7420000 -29.7254677
0.7430000 -8.3781013
0.7440000 -13.6881046
0.7450000 88.6623459
0.7460000 19.1536636
0.7470000 -50.0907745
0.7480000 -62.1943283
0.7490000 6.6458220
0.7500000 16.3396683
0.7510000 45.5528183
0.7520000 -13.5680952
0.7530000 33.4030418
0.7540000 27.1706848
0.7550000 8.2574978
0.7560000 6.2993326
0.7570000 -8.3777084
0.7580000 35.1139412
0.7590000 -28.8399677
0.7600000 68.3390503
0.7610000 34.9040718
0.7620000 38.0204582
0.7630000 15.7845268
0.7640000 20.2255058
0.7650000 -46.8298645
0.7660000 16.3575459
0.7670000 -33.3280907
0.7680000 1.9453349
0.7690000 18.5103970
0.7700000 -46.2064438
0.7710000 6.0617743
0.7720000 5.6163669
0.7730000 -3.1750517
0.7740000 -10.9296131
0.7750000 -2.5896628
0.7760000 27.1017513
0.7770000 65.2419662
0.7780000 -50.9675484
0.7790000 9.1247330
0.7800000 16.4840927
0.7810000 11.0442562
0.7820000 2.5195439
0.7830000 -22.7338943
0.7840000 11.4568672
0.7850000 29.6040001
0.7860000 -23.9442863
0.7870000 -15.0495520
0.7880000 -16.7537594
0.7890000 74.1396637
0.7900000 0.3275864
0.7910000 -34.9023476
0.7920000 -30.0306816
0.7930000 -4.8663011
0.7940000 -75.9792557
0.7950000 -9.1787100
0.7960000 3.2916558
0.7970000 -19.7171860
0.7980000 -20.8558483
0.7990000 -22.8274746
0.8000000 34.6890831
0.8010000 -1.5545793
0.8020000 2.2274303
0.8030000 28.3239651
0.8040000 3.7165954
0.8050000 44.5580177
0.8060000 -99.0001984
0.8070000 -35.3124275
0.8080000 81.6493378
0.8090000 -22.1985950
0.8100000 -25.7279205
0.8110000 15.5113945
0.8120000 -18.4114799
0.8130000 -0.2116134
0.8140000 -39.9005165
0.8150000 21.1177979
0.8160000 24.8089008
0.8170000 -39.7297287
0.8180000 -39.0430756
0.8190000 8.8139162
0.8200000 5.5230308
0.8210000 9.7589445
0.8220000 -5.1331263
0.8230000 -37.2313805
0.8240000 30.6479568
0.8250000 26.1515865
0.8260000 23.9720554
0.8270000 -0.8202807
0.8280000 6.2567139
0.8290000 24.8362999
0.8300000 82.9146729
0.8310000 31.9049110
0.8320000 52.8935127
0.8330000 -26.6355095
0.8340000 47.1267319
0.8350000 -4.1319704
0.8360000 12.9010143
0.8370000 34.0305405
0.8380000 7.6181779
0.8390000 -6.3891211
0.8400000 35.1530190
0.8410000 25.9746475
0.8420000 -6.6113348
0.8430000 -51.0586586
0.8440000 9.2003927
0.8450000 -3.3418922
0.8460000 34.3031540
0.8470000 51.4229012
0.8480000 50.8124237
0.8490000 27.5933857
0.8500000 -83.4334335
0.8510000 -27.5806923
0.8520000 -31.3608570
0.8530000 20.4521370
0.8540000 -40.9423065
0.8550000 5.6331177
0.8560000 -74.5415039
0.8570000 38.4531364
0.8580000 -23.4324741
0.8590000 3.9284248
0.8600000 -79.6477432
0.8610000 37.1450806
0.8620000 -10.0907717
0.8630000 -15.9741669
0.8640000 -11.5684299
0.8650000 -26.4777813
0.8660000 48.0290222
0.8670000 -30.1732845
0.8680000 67.7204742
0.8690000 -23.9646950
0.8700000 10.8234024
0.8710000 -19.7875023
0.8720000 -36.7538071
0.8730000 -48.7169266
0.8740000 -32.6793785
0.8750000 -45.9043541
0.8760000 1.0045375
0.8770000 58.1951408
0.8780000 -34.9324608
0.8790000 5.2955828
0.8800000 48.6422920
0.8810000 -17.7234039
0.8820000 -25.2532349
0.8830000 -21.0347309
0.8840000 49.7427063
0.8850000 -0.6783574
0.8860000 -8.4743891
0.8870000 22.3589478
0.8880000 12.0647964
0.8890000 68.1323776
0.8900000 -57.6121140
0.8910000 -22.1579971
0.8920000 76.8973999
0.8930000 1.1809040
0.8940000 13.3732128
0.8950000 76.5447388
0.8960000 -24.4862442
0.8970000 22.3860474
0.8980000 -8.1224909
0.8990000 42.5642738
0.9000000 59.4070206
0.9010000 -0.9577785
0.9020000 4.4099422
0.9030000 45.5014305
0.9040000 5.5326757
0.9050000 -32.2667923
0.9060000 -0.1242755
0.9070000 76.9658890
0.9080000 -27.2686348
0.9090000 0.0768162
0.9100000 -10.1635485
0.9110000 10.3174143
0.9120000 7.7479963
0.9130000 -49.1270409
0.9140000 -53.7582779
0.9150000 23.5123615
0.9160000 -6.6342483
0.9170000 -48.9216881
0.9180000 -4.9346747
0.9190000 -34.3320084
0.9200000 3.9257386
0.9210000 -5.3285832
0.9220000 60.2970352
0.9230000 -84.5305481
0.9240000 5.8357344
0.9250000 -21.8831539
0.9260000 15.5101461
0.9270000 19.7942162
0.9280000 35.6382027
0.9290000 -101.4965820
0.9300000 17.1253624
0.9310000 -15.5672026
0.9320000 32.2612305
0.9330000 10.6293039
0.9340000 27.0398769
0.9350000 33.3940430
0.9360000 5.8308935
0.9370000 -8.9032536
0.9380000 -99.8825760
0.9390000 -16.3337612
0.9400000 -72.2772522
0.9410000 21.1682453
0.9420000 -25.7988491
0.9430000 -41.4089508
0.9440000 26.9125328
0.9450000 -89.1859970
0.9460000 16.0876198
0.9470000 52.0529556
0.9480000 11.0664339
0.9490000 -13.3822289
0.9500000 -21.5326023
0.9510000 -56.8572769
0.9520000 8.6798248
0.9530000 2.3881354
0.9540000 -27.4862862
0.9550000 52.4273605
0.9560000 -35.1941376
0.9570000 -48.7323189
0.9580000 -23.0166264
0.9590000 56.2034950
0.9600000 14.7436428
0.9610000 -8.5363388
0.9620000 21.5141487
0.9630000 -12.3687963
0.9640000 -44.1418228
0.9650000 -2.5356400
0.9660000 6.9001532
0.9670000 46.9822083
0.9680000 -18.3312473
0.9690000 6.0814815
0.9700000 53.5130386
0.9710000 6.2848835
0.9720000 35.8098869
0.9730000 32.8207741
0.9740000 -21.4826260
0.9750000 -12.3103180
0.9760000 -65.8827744
0.9770000 -4.1836791
0.9780000 60.6639252
0.9790000 46.8056412
0.9800000 -24.1094704
0.9810000 -54.9415016
0.9820000 -3.1754003
0.9830000 7.0533805
0.9840000 54.8975296
0.9850000 39.0565300
0.9860000 75.6930466
0.9870000 10.6246099
0.9880000 8.7769318
0.9890000 3.3706620
0.9900000 28.1909580
0.9910000 -96.2867279
0.9920000 -20.6964417
0.9930000 29.1610928
0.9940000 -5.3631220
0.9950000 -9.1163931
0.9960000 2.8389273
0.9970000 28.2390251
0.9980000 45.9261436
0.9990000 -1.0872010
