0.0000000 -32.9370842
0.0010000 1.0478895
0.0020000 -42.8634644
0.0030000 31.4201336
0.0040000 59.3407707
0.0050000 3.8920326
0.0060000 45.2666283
0.0070000 50.5373421
0.0080000 1.0637869
0.0090000 51.8134079
0.0100000 -96.8692322
0.0110000 -100.7595520
0.0120000 19.1596279
0.0130000 14.1957502
0.0140000 1.3879589
0.0150000 -1.3538852
0.0160000 24.9383240
0.0170000 26.0635090
0.0180000 28.2992878
0.0190000 45.6976128
0.0200000 -20.4547443
0.0210000 11.1914434
0.0220000 7.2786303
0.0230000 -12.1759968
0.0240000 -5.8385253
0.0250000 10.9254398
0.0260000 -20.4238873
0.0270000 -92.8623886
0.0280000 -30.1424141
0.0290000 14.0725822
0.0300000 6.6644835
0.0310000 -26.4001007
0.0320000 22.7397480
0.0330000 -1.8810618
0.0340000 -19.0716934
0.0350000 -2.3025503
0.0360000 54.4047203
0.0370000 -4.1510534
0.0380000 11.1811619
0.0390000 13.4974499
0.0400000 21.7533875
0.0410000 46.8092194
0.0420000 -9.2434111
0.0430000 24.2815132
0.0440000 11.2226381
0.0450000 -15.1782093
0.0460000 4.7981849
0.0470000 -13.4857960
0.0480000 -28.1345711
0.0490000 -77.1089020
0.0500000 24.0563793
0.0510000 -68.5897675
0.0520000 10.4466944
0.0530000 -4.7199302
0.0540000 -6.3711915
0.0550000 14.5338783
0.0560000 16.9659081
0.0570000 17.8614483
0.0580000 21.4696560
0.0590000 -4.1505523
0.0600000 22.3580608
0.0610000 50.8254128
0.0620000 -54.9164696
0.0630000 -51.7249260
0.0640000 23.0269432
0.0650000 4.4711356
0.0660000 -72.3659821
0.0670000 10.0692081
0.0680000 -32.6542664
0.0690000 -15.1367769
0.0700000 28.3903275
0.0710000 23.9154549
0.0720000 -57.0918541
0.0730000 -6.4215961
0.0740000 -13.3986702
0.0750000 -16.6127872
0.0760000 27.8564491
0.0770000 -20.1057224
0.0780000 -32.8873138
0.0790000 -69.3004227
0.0800000 -15.3034248
0.0810000 -26.8716774
0.0820000 8.2062616
0.0830000 49.1064949
0.0840000 -25.6550598
0.0850000 44.7992821
0.0860000 41.1927528
0.0870000 -44.0532455
0.0880000 -43.2357063
0.0890000 -35.5507584
0.0900000 76.4608536
0.0910000 31.3857536
0.0920000 11.7854271
0.0930000 9.6034689
0.0940000 37.3346329
0.0950000 16.4466248
0.0960000 -24.4967365
0.0970000 26.0288048
0.0980000 -85.8403702
0.0990000 23.0265312
0.1000000 60.5464859
0.1010000 -40.6799812
0.1020000 -64.5748367
0.1030000 29.4541702
0.1040000 -11.6358919
0.1050000 86.7179489
0.1060000 -17.5083733
0.1070000 24.5118027
0.1080000 9.3942738
0.1090000 74.2411804
0.1100000 -70.9658279
0.1110000 61.1557350
0.1120000 48.5430984
0.1130000 -32.0388680
0.1140000 25.3719425
0.1150000 35.4583206
0.1160000 -0.3286350
0.1170000 57.5472870
0.1180000 8.3772421
0.1190000 30.4846668
0.1200000 58.6183434
0.1210000 -42.3099289
0.1220000 33.8559456
0.1230000 -5.0828586
0.1240000 -69.9145508
0.1250000 42.5535164
0.1260000 -5.1792188
0.1270000 -13.1495104
0.1280000 57.4157028
0.1290000 4.4189839
0.1300000 -73.2968826
0.1310000 27.1639366
0.1320000 -30.9704857
0.1330000 11.0389585
0.1340000 -2.0378945
0.1350000 -19.8917408
0.1360000 -7.2506986
0.1370000 27.7162075
0.1380000 -24.8957539
0.1390000 -0.5009249
0.1400000 34.2269096
0.1410000 -2.7407584
0.1420000 10.6271009
0.1430000 -7.7454376
0.1440000 19.8989124
0.1450000 28.7109337
0.1460000 2.1694512
0.1470000 3.3980441
0.1480000 1.1885711
0.1490000 -48.3104362
0.1500000 16.0437107
0.1510000 -26.8039436
0.1520000 16.3840866
0.1530000 6.0067067
0.1540000 11.1185484
0.1550000 10.5617895
0.1560000 43.0349426
0.1570000 -3.3819704
0.1580000 38.3318634
0.1590000 -28.4511986
0.1600000 -54.8040771
0.1610000 -8.1703568
0.1620000 33.9972191
0.1630000 -30.2455845
0.1640000 -11.8407841
0.1650000 54.3243065
0.1660000 -29.6899014
0.1670000 -15.5587473
0.1680000 -18.8878212
0.1690000 -11.4579248
0.1700000 8.3119154
0.1710000 -0.1128461
0.1720000 19.7012367
0.1730000 -41.5974045
0.1740000 -20.3860760
0.1750000 -12.7252607
0.1760000 17.5157452
0.1770000 23.1140175
0.1780000 -24.0962391
0.1790000 16.9266739
0.1800000 32.2306709
0.1810000 29.9792976
0.1820000 -16.8130932
0.1830000 -29.1082630
0.1840000 48.6422577
0.1850000 -10.7455683
0.1860000 -83.1173706
0.1870000 10.0298624
0.1880000 -1.9239295
0.1890000 49.3235283
0.1900000 -12.1460495
0.1910000 -0.7799617
0.1920000 -7.0231729
0.1930000 3.8197327
0.1940000 37.7976990
0.1950000 33.3580093
0.1960000 -5.5760736
0.1970000 -3.6702766
0.1980000 46.9850273
0.1990000 14.8353090
0.2000000 16.3451672
0.2010000 9.2079754
0.2020000 0.3144389
0.2030000 58.6467743
0.2040000 89.3657608
0.2050000 -19.5088482
0.2060000 39.2306900
0.2070000 15.9718924
0.2080000 -0.2001182
0.2090000 25.0704498
0.2100000 -35.4588242
0.2110000 -11.8930731
0.2120000 -3.7446196
0.2130000 7.8039637
0.2140000 -14.3953838
0.2150000 27.2555408
0.2160000 -14.4515820
0.2170000 -3.1932461
0.2180000 -54.6489067
0.2190000 43.2560272
0.2200000 3.7078385
0.2210000 -41.1593437
0.2220000 17.0871830
0.2230000 7.5794330
0.2240000 32.5741386
0.2250000 22.8175507
0.2260000 -20.0452576
0.2270000 -14.0474787
0.2280000 66.6131516
0.2290000 -15.4290066
0.2300000 -40.2722740
0.2310000 -37.5743370
0.2320000 31.0259857
0.2330000 -3.4127281
0.2340000 -67.0446854
0.2350000 -49.9396400
0.2360000 90.1622009
0.2370000 6.3533826
0.2380000 15.0308094
0.2390000 -36.3847351
0.2400000 -33.1310081
0.2410000 14.4783993
0.2420000 62.7464905
0.2430000 46.3194466
0.2440000 27.2655849
0.2450000 -3.0693529
0.2460000 50.3533936
0.2470000 24.8806038
0.2480000 -88.6832809
0.2490000 0.5805140
0.2500000 22.4918232
0.2510000 15.7495861
0.2520000 -7.7411165
0.2530000 35.0586090
0.2540000 -35.7760658
0.2550000 25.6358318
0.2560000 30.3983059
0.2570000 46.7654610
0.2580000 -22.2157803
0.2590000 7.0458341
0.2600000 46.8897514
0.2610000 5.9631319
0.2620000 25.8556080
0.2630000 -14.6165771
0.2640000 -4.4155521
0.2650000 45.7046127
0.2660000 -32.8097839
0.2670000 -0.5736144
0.2680000 -47.6936798
0.2690000 -53.2035370
0.2700000 16.4866867
0.2710000 15.5324364
0.2720000 -6.2147808
0.2730000 -40.0917130
0.2740000 2.4953442
0.2750000 62.6261902
0.2760000 20.8302040
0.2770000 19.1784496
0.2780000 34.3078537
0.2790000 34.9012146
0.2800000 -41.9572678
0.2810000 37.4314156
0.2820000 28.0773067
0.2830000 -2.9323664
0.2840000 53.8271141
0.2850000 -50.0762253
0.2860000 19.5511665
0.2870000 30.4011650
0.2880000 36.6412010
0.2890000 -66.6838760
0.2900000 -44.0921898
0.2910000 -23.5323963
0.2920000 -2.8932948
0.2930000 -5.4589305
0.2940000 -50.7507095
0.2950000 22.4000359
0.2960000 -47.1204300
0.2970000 -36.4640541
0.2980000 1.1954966
0.2990000 -8.7595816
0.3000000 11.5482264
0.3010000 -28.2065430
0.3020000 -13.9998598
0.3030000 13.3558226
0.3040000 -0.4783197
0.3050000 15.2372589
0.3060000 -13.7113781
0.3070000 -23.2704468
0.3080000 48.3447723
0.3090000 70.1690445
0.3100000 13.2444773
0.3110000 3.2492528
0.3120000 -11.4851465
0.3130000 14.1263275
0.3140000 10.9492188
0.3150000 -21.4934082
0.3160000 25.2292633
0.3170000 33.1348839
0.3180000 -18.8283901
0.3190000 26.2895298
0.3200000 6.2522640
0.3210000 15.8491850
0.3220000 -3.7735195
0.3230000 32.2653999
0.3240000 28.1726990
0.3250000 28.6122417
0.3260000 55.5104790
0.3270000 -34.2293510
0.3280000 -58.7778511
0.3290000 14.8613853
0.3300000 16.6076889
0.3310000 -23.6356335
0.3320000 33.1397896
0.3330000 -87.1738358
0.3340000 -39.3467827
0.3350000 38.1282387
0.3360000 -42.2268372
0.3370000 77.6457748
0.3380000 -4.5124178
0.3390000 9.5005903
0.3400000 -6.1825314
0.3410000 5.3099990
0.3420000 -21.2173367
0.3430000 40.9932938
0.3440000 -42.2836761
0.3450000 -3.2148361
0.3460000 -13.2458487
0.3470000 7.4157791
0.3480000 -17.1679306
0.3490000 16.4877930
0.3500000 -43.5471535
0.3510000 -6.2616115
0.3520000 9.0205288
0.3530000 44.2644539
0.3540000 -15.7595816
0.3550000 -30.3733902
0.3560000 3.3949962
0.3570000 1.6999359
0.3580000 -5.3068190
0.3590000 18.4507008
0.3600000 -36.8943024
0.3610000 42.9740410
0.3620000 46.4200325
0.3630000 -50.0915337
0.3640000 -10.5809641
0.3650000 -18.7617626
0.3660000 -42.1672363
0.3670000 11.2996635
0.3680000 -32.8165932
0.3690000 -27.1703205
0.3700000 4.9492316
0.3710000 72.0183334
0.3720000 78.0552750
0.3730000 36.9913597
0.3740000 4.0144501
0.3750000 15.0587530
0.3760000 -34.6041527
0.3770000 30.8292313
0.3780000 28.4502144
0.3790000 14.1687994
0.3800000 -29.9486389
0.3810000 -67.2571793
0.3820000 4.6914873
0.3830000 9.9352312
0.3840000 -40.2619247
0.3850000 -54.1919937
0.3860000 -6.6306887
0.3870000 19.5955124
0.3880000 5.8570991
0.3890000 -74.7950745
0.3900000 -30.9650173
0.3910000 -13.9750109
0.3920000 -5.0549016
0.3930000 16.0228672
0.3940000 -21.8759537
0.3950000 -74.7004089
0.3960000 2.1313567
0.3970000 55.2734375
0.3980000 -6.8217435
0.3990000 -39.0371590
0.4000000 74.0308609
0.4010000 -5.9088039
0.4020000 -0.9245821
0.4030000 -17.1629276
0.4040000 -17.2024269
0.4050000 -33.1634026
0.4060000 35.1701889
0.4070000 -49.3408051
0.4080000 -21.9752007
0.4090000 17.5069180
0.4100000 -3.6002574
0.4110000 -25.4333096
0.4120000 -26.6022224
0.4130000 -51.9249268
0.4140000 -15.5522966
0.4150000 -32.6955414
0.4160000 14.3927841
0.4170000 2.4362557
0.4180000 -36.6774406
0.4190000 18.8064117
0.4200000 -41.9452477
0.4210000 29.7380486
0.4220000 22.8786259
0.4230000 -15.1098728
0.4240000 -26.2825508
0.4250000 2.9794021
0.4260000 -10.6946707
0.4270000 -41.2131157
0.4280000 -10.0312567
0.4290000 -20.8554726
0.4300000 -16.0687923
0.4310000 -9.6452723
0.4320000 8.4756317
0.4330000 -4.2562323
0.4340000 -41.9107437
0.4350000 6.5310092
0.4360000 32.8905067
0.4370000 -65.0781937
0.4380000 -23.6005287
0.4390000 1.7091402
0.4400000 0.9933477
0.4410000 -34.9054832
0.4420000 -19.9643612
0.4430000 -23.4913311
0.4440000 -60.7427673
0.4450000 22.0894127
0.4460000 -10.1005630
0.4470000 -24.0496254
0.4480000 20.8841743
0.4490000 7.0226078
0.4500000 -16.5071239
0.4510000 -47.1018600
0.4520000 37.6042595
0.4530000 -6.1017785
0.4540000 -21.4924202
0.4550000 61.5412636
0.4560000 30.2046280
0.4570000 -10.2897825
0.4580000 6.7578092
0.4590000 -48.7251740
0.4600000 -59.6235352
0.4610000 29.1304379
0.4620000 -6.1288977
0.4630000 24.4300499
0.4640000 21.6992970
0.4650000 18.5004616
0.4660000 0.4467899
0.4670000 -7.4143457
0.4680000 12.0387344
0.4690000 -6.1025186
0.4700000 11.7460747
0.4710000 -21.1744061
0.4720000 17.9785366
0.4730000 -3.1063342
0.4740000 -3.9881313
0.4750000 40.3202477
0.4760000 15.8461475
0.4770000 19.5409260
0.4780000 61.6714134
0.4790000 8.4675446
0.4800000 2.2925138
0.4810000 -5.0045147
0.4820000 -24.7013397
0.4830000 -27.1321449
0.4840000 -47.3229523
0.4850000 -18.6934204
0.4860000 -35.3231888
0.4870000 -19.6815434
0.4880000 -8.7219734
0.4890000 0.7000932
0.4900000 51.4878426
0.4910000 1.0743002
0.4920000 17.0103283
0.4930000 -22.3649483
0.4940000 -31.2048950
0.4950000 7.4077005
0.4960000 62.3104515
0.4970000 10.2361164
0.4980000 69.3786469
0.4990000 -1.3149623
0.5000000 -14.2714119
0.5010000 -59.1153450
0.5020000 -37.3163338
0.5030000 -12.9971457
0.5040000 -15.2082987
0.5050000 -36.6896744
0.5060000 -13.6165867
0.5070000 -16.5365620
0.5080000 13.6229706
0.5090000 32.3862000
0.5100000 -41.0547714
0.5110000 -21.3803787
0.5120000 -35.8223610
0.5130000 -6.1306486
0.5140000 -19.6609688
0.5150000 -24.6385612
0.5160000 -20.3040466
0.5170000 -25.8841610
0.5180000 -27.4445343
0.5190000 -44.1536102
0.5200000 37.2421570
0.5210000 32.3385696
0.5220000 81.4243088
0.5230000 -19.1944199
0.5240000 48.4320297
0.5250000 -66.0224838
0.5260000 -14.2333765
0.5270000 11.6018963
0.5280000 -10.2627258
0.5290000 30.6503792
0.5300000 -20.9431133
0.5310000 -43.8018150
0.5320000 -26.1227169
0.5330000 -41.1741791
0.5340000 -31.3972969
0.5350000 40.1714096
0.5360000 12.5122080
0.5370000 -10.8676920
0.5380000 -20.3160210
0.5390000 2.0572023
0.5400000 3.0450282
0.5410000 34.0492439
0.5420000 -68.0552673
0.5430000 6.6943913
0.5440000 -61.5545006
0.5450000 11.8842001
0.5460000 8.9442005
0.5470000 70.5849838
0.5480000 -7.6074433
0.5490000 36.7238998
0.5500000 13.3552475
0.5510000 67.5932388
0.5520000 -11.2188892
0.5530000 18.8360157
0.5540000 11.3090944
0.5550000 22.3795586
0.5560000 14.2964153
0.5570000 -9.2597923
0.5580000 -23.5193977
0.5590000 -58.8502884
0.5600000 59.0302620
0.5610000 -11.3591204
0.5620000 -57.7814598
0.5630000 -19.8477688
0.5640000 41.7829361
0.5650000 -16.2632561
0.5660000 37.4482040
0.5670000 -19.5157700
0.5680000 5.6063800
0.5690000 -49.1045036
0.5700000 35.6141319
0.5710000 -5.1799631
0.5720000 -14.0682096
0.5730000 45.2829247
0.5740000 19.4184551
0.5750000 21.5929909
0.5760000 -34.1135330
0.5770000 9.4720917
0.5780000 -14.1732712
0.5790000 -12.3008223
0.5800000 17.5914783
0.5810000 -50.0741425
0.5820000 -7.6964145
0.5830000 16.5760803
0.5840000 14.9329967
0.5850000 -40.3379555
0.5860000 16.1429234
0.5870000 2.1576357
0.5880000 1.7048106
0.5890000 -10.6326771
0.5900000 -57.8433228
0.5910000 77.3630142
0.5920000 -45.2678108
0.5930000 -10.5238619
0.5940000 -10.5691547
0.5950000 -2.1576791
0.5960000 -26.8434563
0.5970000 5.6635709
0.5980000 -34.9567184
0.5990000 14.0498590
0.6000000 -19.6727352
0.6010000 -24.1561069
0.6020000 31.1657963
0.6030000 66.1952591
0.6040000 -87.5699997
0.6050000 -19.3525314
0.6060000 25.6348248
0.6070000 64.6137390
0.6080000 -24.1011047
0.6090000 -0.7038882
0.6100000 15.1135082
0.6110000 11.0998096
0.6120000 -5.3390718
0.6130000 -10.4576769
0.6140000 -8.2720070
0.6150000 16.2412300
0.6160000 98.9815826
0.6170000 17.9584885
0.6180000 9.4679489
0.6190000 23.9685555
0.6200000 37.2683640
0.6210000 62.1324310
0.6220000 -4.3903780
0.6230000 0.0136177
0.6240000 -16.0404186
0.6250000 1.2549419
0.6260000 -15.2923031
0.6270000 8.5459538
0.6280000 41.1817322
0.6290000 -49.0509415
0.6300000 7.6976748
0.6310000 -63.8556595
0.6320000 41.2905235
0.6330000 -35.9652443
0.6340000 -47.2979927
0.6350000 66.3372040
0.6360000 -28.0943356
0.6370000 10.2516308
0.6380000 -25.5760193
0.6390000 20.9321709
0.6400000 21.5241089
0.6410000 7.3925395
0.6420000 66.3996277
0.6430000 -0.5556741
0.6440000 26.0321808
0.6450000 2.0640922
0.6460000 27.3789692
0.6470000 47.7479515
0.6480000 22.6189575
0.6490000 4.0108757
0.6500000 88.6824722
0.6510000 -7.3251958
0.6520000 -18.0678902
0.6530000 -18.5781956
0.6540000 -69.1296692
0.6550000 105.0820541
0.6560000 44.7997437
0.6570000 -25.6678677
0.6580000 -52.4625854
0.6590000 -41.0556984
0.6600000 -101.5458069
0.6610000 14.0312614
0.6620000 44.1318436
0.6630000 23.6082592
0.6640000 -19.5980606
0.6650000 40.7072868
0.6660000 15.1366825
0.6670000 23.0783024
0.6680000 6.1493459
0.6690000 11.2342844
0.6700000 -21.2615223
0.6710000 -115.5002518
0.6720000 -34.8365440
0.6730000 -53.5325699
0.6740000 -12.9038591
0.6750000 51.6043243
0.6760000 85.9507370
0.6770000 21.7014561
0.6780000 8.0841484
0.6790000 -32.0372467
0.6800000 -19.6144886
0.6810000 70.4225159
0.6820000 -23.2730789
0.6830000 -82.2031326
0.6840000 25.5015545
0.6850000 -31.3907890
0.6860000 -21.6153126
0.6870000 56.4222107
0.6880000 2.2829223
0.6890000 -50.7086487
0.6900000 6.7692308
0.6910000 9.1713314
0.6920000 -23.2581272
0.6930000 40.6783066
0.6940000 4.5369534
0.6950000 31.1607552
0.6960000 -11.0687332
0.6970000 -6.2237487
0.6980000 46.9891853
0.6990000 8.5002241
0.7000000 -49.8319092
0.7010000 81.1002884
0.7020000 10.4134798
0.7030000 31.6509571
0.7040000 28.0420609
0.7050000 -74.6111755
0.7060000 22.4377766
0.7070000 31.5290356
0.7080000 -12.4088917
0.7090000 78.3609924
0.7100000 -31.7024136
0.7110000 85.7991791
0.7120000 -10.4399910
0.7130000 33.1750412
0.7140000 7.3314962
0.7150000 5.0156584
0.7160000 11.4711056
0.7170000 -6.8454690
0.7180000 -22.8835354
0.7190000 -32.1871910
0.7200000 -13.4419422
0.7210000 -21.2491741
0.7220000 28.4971218
0.7230000 29.7305393
0.7240000 7.0189338
0.7250000 -11.6178093
0.7260000 -9.6498098
0.7270000 -28.1682739
0.7280000 -21.4594917
0.7290000 63.9622574
0.7300000 -21.6381245
0.7310000 -51.0397034
0.7320000 -30.8659458
0.7330000 -29.0741825
0.7340000 -23.2000561
0.7350000 34.0670891
0.7360000 27.7387924
0.7370000 27.0222454
0.7380000 -11.0659285
0.7390000 4.9378562
0.7400000 22.2531891
0.7410000 -46.2097778
0.7420000 -44.7447662
0.7430000 23.5204411
0.7440000 40.9452858
0.7450000 -40.7979050
0.7460000 17.2526875
0.7470000 -11.2190037
0.7480000 -22.6239185
0.7490000 50.5095940
0.7500000 -39.9745674
0.7510000 -3.8194370
0.7520000 37.9748268
0.7530000 -25.9412136
0.7540000 -38.2832375
0.7550000 8.3506413
0.7560000 38.3418694
0.7570000 -18.2206364
0.7580000 2.9344320
0.7590000 -27.5024509
0.7600000 -24.6920643
0.7610000 -22.3785820
0.7620000 20.9778461
0.7630000 2.5187402
0.7640000 -13.2818775
0.7650000 46.1912041
0.7660000 -30.3619843
0.7670000 25.8803329
0.7680000 16.8218861
0.7690000 -39.4879608
0.7700000 -15.5431623
0.7710000 16.0440922
0.7720000 8.0464926
0.7730000 -33.9547119
0.7740000 48.8391876
0.7750000 -50.5716896
0.7760000 21.6070328
0.7770000 10.6137743
0.7780000 -42.5564995
0.7790000 5.7438765
0.7800000 9.5197592
0.7810000 15.3040571
0.7820000 -31.5335388
0.7830000 -40.3031769
0.7840000 -1.5632511
0.7850000 -2.1492367
0.7860000 -17.0065632
0.7870000 72.3540573
0.7880000 59.6038322
0.7890000 -43.9970131
0.7900000 93.6395416
0.7910000 -12.2437639
0.7920000 -99.3001862
0.7930000 19.7955017
0.7940000 36.5803299
0.7950000 -5.8397498
0.7960000 46.8230133
0.7970000 38.1263008
0.7980000 -40.4650650
0.7990000 14.5865288
0.8000000 -16.7460155
0.8010000 -47.5689087
0.8020000 34.3751678
0.8030000 -53.9071198
0.8040000 24.0852585
0.8050000 42.5301819
0.8060000 -43.0868874
0.8070000 37.9806862
0.8080000 -13.8493280
0.8090000 -17.1149635
0.8100000 3.9546819
0.8110000 -61.2522697
0.8120000 22.2446194
0.8130000 13.7487764
0.8140000 -7.2798085
0.8150000 15.0425014
0.8160000 -25.0588913
0.8170000 26.3699532
0.8180000 3.2084932
0.8190000 -79.6018753
0.8200000 38.8960495
0.8210000 -2.3206336
0.8220000 -10.1993790
0.8230000 12.5684366
0.8240000 -26.5136757
0.8250000 -17.7159939
0.8260000 66.9272079
0.8270000 13.1703186
0.8280000 -27.5315037
0.8290000 -6.3340645
0.8300000 67.7456284
0.8310000 12.7779064
0.8320000 21.7935638
0.8330000 38.2675858
0.8340000 -30.2671890
0.8350000 -6.0224824
0.8360000 6.6630850
0.8370000 -29.7272091
0.8380000 2.4640129
0.8390000 19.8434601
0.8400000 -40.5885811
0.8410000 -12.4145441
0.8420000 17.9505100
0.8430000 2.5186951
0.8440000 55.1232147
0.8450000 -97.1969070
0.8460000 -20.6972294
0.8470000 14.0852289
0.8480000 76.7079239
0.8490000 -17.1836643
0.8500000 -0.8738974
0.8510000 -27.7533226
0.8520000 -52.9497833
0.8530000 -14.1569767
0.8540000 -42.2432632
0.8550000 -6.0610251
0.8560000 -6.7865992
0.8570000 0.4424657
0.8580000 -62.5063744
0.8590000 40.8048668
0.8600000 -11.7931633
0.8610000 -15.3742523
0.8620000 -20.0186081
0.8630000 -1.8953986
0.8640000 94.9308853
0.8650000 -10.8538170
0.8660000 28.3319607
0.8670000 4.6152406
0.8680000 -9.8261452
0.8690000 23.8764572
0.8700000 17.3501835
0.8710000 -28.0166492
0.8720000 -12.8688898
0.8730000 -12.6531334
0.8740000 -58.2287064
0.8750000 2.8812342
0.8760000 38.4209518
0.8770000 11.9972095
0.8780000 -22.7984428
0.8790000 4.9503260
0.8800000 -6.6298842
0.8810000 -58.2069130
0.8820000 -16.2515850
0.8830000 -22.6687393
0.8840000 4.0762219
0.8850000 -50.9028282
0.8860000 -35.1412354
0.8870000 -30.1320171
0.8880000 -3.9848609
0.8890000 27.1590824
0.8900000 6.6752844
0.8910000 -4.3284092
0.8920000 19.9002705
0.8930000 -12.6795444
0.8940000 -10.3600760
0.8950000 65.6985703
0.8960000 -44.1541138
0.8970000 3.2245541
0.8980000 -20.4072475
0.8990000 -70.3217316
0.9000000 3.0152609
0.9010000 -11.8488445
0.9020000 -78.0482178
0.9030000 31.5976162
0.9040000 39.3587914
0.9050000 -18.9062786
0.9060000 -19.3054581
0.9070000 33.3891144
0.9080000 1.7382442
0.9090000 -6.8002677
0.9100000 -3.8634555
0.9110000 29.4541206
0.9120000 -7.0276146
0.9130000 -38.9810028
0.9140000 -5.0268517
0.9150000 -5.6613331
0.9160000 -21.3721447
0.9170000 20.0941257
0.9180000 68.1695862
0.9190000 23.4425163
0.9200000 20.1976795
0.9210000 -22.7807198
0.9220000 -31.4806576
0.9230000 8.4922857
0.9240000 -14.2920828
0.9250000 -15.5225706
0.9260000 3.1127911
0.9270000 -41.3762054
0.9280000 -26.5967865
0.9290000 4.8182220
0.9300000 9.9625082
0.9310000 10.4036293
0.9320000 -6.8229718
0.9330000 89.3138733
0.9340000 -3.9337423
0.9350000 20.9694595
0.9360000 -27.8876076
0.9370000 -76.6687164
0.9380000 24.2623329
0.9390000 -47.7897224
0.9400000 70.2434845
0.9410000 -24.4066277
0.9420000 1.4349287
0.9430000 -39.1150169
0.9440000 10.2021666
0.9450000 -41.5593414
0.9460000 17.9095993
0.9470000 59.5887070
0.9480000 -20.1859283
0.9490000 44.1932487
0.9500000 -57.8758316
0.9510000 3.6185360
0.9520000 9.9743214
0.9530000 -46.6345901
0.9540000 -19.2824287
0.9550000 -10.2649536
0.9560000 39.1948738
0.9570000 -14.9128246
0.9580000 -20.8526134
0.9590000 3.5314441
0.9600000 27.0409889
0.9610000 -23.7406216
0.9620000 -9.6928043
0.9630000 27.7856026
0.9640000 9.3139143
0.9650000 26.8351746
0.9660000 44.0723457
0.9670000 -24.4329872
0.9680000 -24.0526695
0.9690000 -18.6227169
0.9700000 -1.2340918
0.9710000 -27.4122734
0.9720000 -14.8526859
0.9730000 107.9642029
0.9740000 -29.9725914
0.9750000 -21.1181774
0.9760000 -3.6515005
0.9770000 -1.4254829
0.9780000 6.0512438
0.9790000 44.4080811
0.9800000 -36.0282555
0.9810000 -2.3466842
0.9820000 -17.9195309
0.9830000 64.2254486
0.9840000 35.1846008
0.9850000 26.5232811
0.9860000 -8.3071175
0.9870000 99.1109161
0.9880000 -11.9322987
0.9890000 8.0303726
0.9900000 20.4613686
0.9910000 -40.4371872
0.9920000 22.9391766
0.9930000 15.1758471
0.9940000 17.6181450
0.9950000 -15.1228943
0.9960000 -21.7937546
0.9970000 33.1368599
0.9980000 -15.1696587
0.9990000 3.2670627
