0.0000000 48.3473129
0.0010000 -60.5237885
0.0020000 -26.4535637
0.0030000 14.3434629
0.0040000 -74.4829178
0.0050000 -28.7776775
0.0060000 -4.5995708
0.0070000 26.0227528
0.0080000 -3.4329481
0.0090000 2.0371907
0.0100000 -32.7989273
0.0110000 -39.7657547
0.0120000 -38.2347069
0.0130000 1.3001431
0.0140000 3.1340466
0.0150000 10.9820852
0.0160000 3.2978718
0.0170000 -20.0186291
0.0180000 37.2229118
0.0190000 -58.4562836
0.0200000 36.9845963
0.0210000 81.4240952
0.0220000 -13.3162222
0.0230000 -29.1420631
0.0240000 -7.7662649
0.0250000 26.3571644
0.0260000 71.7637711
0.0270000 -29.1368427
0.0280000 -19.3167439
0.0290000 38.7190552
0.0300000 0.7359609
0.0310000 -50.8069420
0.0320000 24.2039757
0.0330000 35.3190308
0.0340000 -49.3195114
0.0350000 11.5898895
0.0360000 -40.1249504
0.0370000 -38.9154663
0.0380000 27.3622665
0.0390000 -3.4656360
0.0400000 25.4225140
0.0410000 4.1864314
0.0420000 51.6715889
0.0430000 26.0482674
0.0440000 -16.3659115
0.0450000 11.3683033
0.0460000 11.6584463
0.0470000 40.9441452
0.0480000 9.1494045
0.0490000 -50.3460655
0.0500000 -43.0299911
0.0510000 -2.1196706
0.0520000 31.6189613
0.0530000 16.8272038
0.0540000 -26.3729935
0.0550000 -4.5680137
0.0560000 -17.9458714
0.0570000 -6.6642337
0.0580000 33.2740059
0.0590000 4.2975316
0.0600000 -47.2266197
0.0610000 -5.5392551
0.0620000 3.8976126
0.0630000 40.4059906
0.0640000 3.6431391
0.0650000 28.4592133
0.0660000 -13.7304363
0.0670000 -36.3953056
0.0680000 -26.3753757
0.0690000 -20.0018177
0.0700000 8.6330004
0.0710000 -27.4257355
0.0720000 -39.8693047
0.0730000 21.1794891
0.0740000 25.8101940
0.0750000 -27.7310734
0.0760000 3.6671565
0.0770000 -21.6603165
0.0780000 37.4565887
0.0790000 31.0537014
0.0800000 19.8458977
0.0810000 -24.9346275
0.0820000 -56.4461479
0.0830000 -52.2399101
0.0840000 -51.8862839
0.0850000 -0.0191548
0.0860000 -8.5679121
0.0870000 38.5265007
0.0880000 31.0956383
0.0890000 -20.7977715
0.0900000 16.5767021
0.0910000 23.8986835
0.0920000 -23.9270458
0.0930000 71.7631760
0.0940000 14.6928368
0.0950000 -44.7040100
0.0960000 -48.9658279
0.0970000 -94.1759491
0.0980000 5.9050889
0.0990000 -25.1096554
0.1000000 45.6342049
0.1010000 46.8319244
0.1020000 20.8859596
0.1030000 24.1725597
0.1040000 -13.0023899
0.1050000 -42.0299911
0.1060000 -61.7874146
0.1070000 -4.2650409
0.1080000 13.0790300
0.1090000 76.6379700
0.1100000 29.5476437
0.1110000 -43.0879135
0.1120000 -0.8606030
0.1130000 -22.0480804
0.1140000 56.2374535
0.1150000 -31.6978073
0.1160000 -44.3463135
0.1170000 -2.1231914
0.1180000 -11.1945658
0.1190000 3.9013164
0.1200000 7.6239328
0.1210000 -69.9750214
0.1220000 4.3600984
0.1230000 -12.4104939
0.1240000 8.3447046
0.1250000 1.1514931
0.1260000 -13.2078676
0.1270000 31.7750168
0.1280000 -21.9959679
0.1290000 37.6853180
0.1300000 31.2357368
0.1310000 0.9173931
0.1320000 41.5287819
0.1330000 26.4974537
0.1340000 -9.2858658
0.1350000 48.4404793
0.1360000 0.4992921
0.1370000 25.5748386
0.1380000 -4.3320880
0.1390000 44.2973404
0.1400000 -74.1589966
0.1410000 63.9988937
0.1420000 52.0646629
0.1430000 -50.4507370
0.1440000 33.1374130
0.1450000 -83.9700241
0.1460000 -14.6890497
0.1470000 -38.8816528
0.1480000 12.2231836
0.1490000 -4.2911563
0.1500000 -7.6580510
0.1510000 -32.0750160
0.1520000 37.8585167
0.1530000 -6.0685472
0.1540000 63.5787277
0.1550000 9.4714098
0.1560000 14.0784025
0.1570000 3.9669182
0.1580000 1.5617033
0.1590000 48.2044449
0.1600000 25.5092773
0.1610000 -80.5673981
0.1620000 38.4214630
0.1630000 3.3647399
0.1640000 14.4716015
0.1650000 -23.8725681
0.1660000 19.8192310
0.1670000 -66.4386292
0.1680000 5.5469089
0.1690000 38.3335266
0.1700000 52.8623619
0.1710000 -37.5435638
0.1720000 2.2018125
0.1730000 -40.4484711
0.1740000 -52.5178680
0.1750000 -40.0289383
0.1760000 17.6052742
0.1770000 -21.6032543
0.1780000 0.1868163
0.1790000 2.9219928
0.1800000 -9.8774099
0.1810000 -27.6233635
0.1820000 7.4831033
0.1830000 -58.0659943
0.1840000 22.3856392
0.1850000 -28.2185268
0.1860000 -11.2149868
0.1870000 4.9672008
0.1880000 44.5030022
0.1890000 14.7211714
0.1900000 8.9366865
0.1910000 8.1764250
0.1920000 41.8958092
0.1930000 -11.0825720
0.1940000 28.3204384
0.1950000 30.1439419
0.1960000 6.8622952
0.1970000 7.5394330
0.1980000 26.9443779
0.1990000 -8.0790205
0.2000000 -35.0351219
0.2010000 -17.4374237
0.2020000 -17.4366322
0.2030000 -18.0526810
0.2040000 -3.3964076
0.2050000 38.7957726
0.2060000 -16.5718346
0.2070000 46.8587189
0.2080000 -8.7897787
0.2090000 17.8678112
0.2100000 -46.4341087
0.2110000 42.6183319
0.2120000 -42.0639572
0.2130000 8.0090370
0.2140000 63.8630295
0.2150000 9.2537699
0.2160000 73.3786545
0.2170000 -62.5424118
0.2180000 -49.9996643
0.2190000 -18.5513592
0.2200000 17.2266006
0.2210000 -13.1994495
0.2220000 -5.7195125
0.2230000 -10.7834015
0.2240000 -11.0951357
0.2250000 14.5352402
0.2260000 33.9530983
0.2270000 8.2209959
0.2280000 -17.7340374
0.2290000 54.2219391
0.2300000 -81.9677200
0.2310000 58.5069046
0.2320000 3.8727186
0.2330000 17.7297840
0.2340000 10.8810768
0.2350000 -0.7754292
0.2360000 -39.7255783
0.2370000 37.5627403
0.2380000 67.1503601
0.2390000 0.5480376
0.2400000 -11.0811338
0.2410000 -37.4798737
0.2420000 19.1386433
0.2430000 61.8859138
0.2440000 -11.9310551
0.2450000 8.5786533
0.2460000 54.5231819
0.2470000 -15.6677771
0.2480000 22.1610260
0.2490000 66.9014130
0.2500000 -7.4647264
0.2510000 80.1043396
0.2520000 -48.9024773
0.2530000 26.9238224
0.2540000 -9.3927050
0.2550000 60.5013618
0.2560000 -41.9052582
0.2570000 4.1093411
0.2580000 -1.2132831
0.2590000 10.4262905
0.2600000 -4.4986506
0.2610000 -4.4193106
0.2620000 81.3028641
0.2630000 -54.3662682
0.2640000 -15.9070110
0.2650000 -64.8285980
0.2660000 -49.3766136
0.2670000 31.2544689
0.2680000 -45.6425667
0.2690000 -28.6353569
0.2700000 -18.6816196
0.2710000 54.6053314
0.2720000 19.9298115
0.2730000 -23.6191559
0.2740000 -10.0706549
0.2750000 -16.5746593
0.2760000 -20.9328365
0.2770000 11.3652143
0.2780000 19.0923939
0.2790000 58.8758125
0.2800000 34.6560974
0.2810000 -39.4053879
0.2820000 3.2550805
0.2830000 53.5733147
0.2840000 11.2650862
0.2850000 15.3334751
0.2860000 31.3487301
0.2870000 78.8803558
0.2880000 2.5804737
0.2890000 51.5229607
0.2900000 -29.7826138
0.2910000 -20.5784397
0.2920000 -0.2679954
0.2930000 97.6768036
0.2940000 41.8126984
0.2950000 -18.9020691
0.2960000 23.7366638
0.2970000 -2.4610317
0.2980000 25.5168934
0.2990000 2.0850728
0.3000000 -15.9967871
0.3010000 -21.6933613
0.3020000 55.0215034
0.3030000 48.6634178
0.3040000 -13.3096638
0.3050000 20.1379757
0.3060000 58.4726753
0.3070000 -34.5063629
0.3080000 29.4283295
0.3090000 -50.8255272
0.3100000 -111.0101089
0.3110000 -1.2828143
0.3120000 0.5827385
0.3130000 -46.4649811
0.3140000 -76.8555756
0.3150000 -15.9597673
0.3160000 -20.9510784
0.3170000 22.4141521
0.3180000 -29.2583656
0.3190000 22.2578526
0.3200000 -25.0296955
0.3210000 23.6356373
0.3220000 12.6000843
0.3230000 -13.2072306
0.3240000 2.6579015
0.3250000 -7.1861010
0.3260000 8.6747389
0.3270000 -18.6707439
0.3280000 37.0464745
0.3290000 16.3159695
0.3300000 43.6178169
0.3310000 2.2220147
0.3320000 78.4984283
0.3330000 -34.8559227
0.3340000 -40.9146805
0.3350000 30.2493019
0.3360000 -12.0336561
0.3370000 -46.9473763
0.3380000 6.4961925
0.3390000 -10.6554661
0.3400000 17.6081066
0.3410000 -34.4290047
0.3420000 3.6659906
0.3430000 -13.9197969
0.3440000 42.3777275
0.3450000 6.2395186
0.3460000 36.9482422
0.3470000 25.0495625
0.3480000 -28.4745026
0.3490000 34.5180054
0.3500000 8.8885021
0.3510000 20.8677540
0.3520000 -46.4753456
0.3530000 7.3741364
0.3540000 -11.0258150
0.3550000 -0.5300963
0.3560000 17.5084667
0.3570000 -15.2676144
0.3580000 -21.2635193
0.3590000 -35.0492935
0.3600000 31.8316612
0.3610000 46.7727280
0.3620000 10.5238628
0.3630000 -22.0270329
0.3640000 37.1591911
0.3650000 -31.3490524
0.3660000 42.5901413
0.3670000 -12.2659607
0.3680000 39.7417107
0.3690000 5.1423812
0.3700000 -5.9651389
0.3710000 -27.5779934
0.3720000 3.0959761
0.3730000 -51.9041214
0.3740000 29.7893848
0.3750000 -7.6356211
0.3760000 33.5256805
0.3770000 -2.5040226
0.3780000 -54.0964966
0.3790000 -15.6215992
0.3800000 7.6811423
0.3810000 42.1832275
0.3820000 -40.6753731
0.3830000 -33.9923820
0.3840000 -7.6324787
0.3850000 22.2140198
0.3860000 -46.4863205
0.3870000 -22.1095505
0.3880000 -73.8925781
0.3890000 89.9623642
0.3900000 17.2435169
0.3910000 -36.3170242
0.3920000 -16.2598553
0.3930000 -4.0580397
0.3940000 -0.4327926
0.3950000 2.9174955
0.3960000 45.9599571
0.3970000 -7.8112278
0.3980000 30.7302361
0.3990000 9.1940174
0.4000000 -51.2052727
0.4010000 34.7800713
0.4020000 0.3219827
0.4030000 54.9316940
0.4040000 31.5559139
0.4050000 -31.7097321
0.4060000 4.0548162
0.4070000 52.4791870
0.4080000 -5.6331735
0.4090000 60.6131630
0.4100000 -5.8079047
0.4110000 -12.6766529
0.4120000 29.3100853
0.4130000 -19.1189156
0.4140000 29.1432858
0.4150000 46.9893913
0.4160000 -21.4204273
0.4170000 29.5572567
0.4180000 -53.4541588
0.4190000 -56.4236336
0.4200000 -29.5747204
0.4210000 -26.6121426
0.4220000 4.4803433
0.4230000 25.7333260
0.4240000 -17.5649471
0.4250000 -16.6254902
0.4260000 -12.1758146
0.4270000 -40.8440781
0.4280000 -5.5960946
0.4290000 -26.9751034
0.4300000 5.9852467
0.4310000 -57.8271637
0.4320000 -35.9021378
0.4330000 24.8643341
0.4340000 -31.1969261
0.4350000 15.5391436
0.4360000 -4.6768684
0.4370000 41.1078796
0.4380000 9.1912251
0.4390000 -1.9697567
0.4400000 41.3717537
0.4410000 -111.6681137
0.4420000 -10.4248524
0.4430000 -29.7735920
0.4440000 38.2045021
0.4450000 -18.0543308
0.4460000 25.7723522
0.4470000 -0.3259892
0.4480000 45.6242294
0.4490000 -1.8642598
0.4500000 -11.3480539
0.4510000 24.4049282
0.4520000 5.6506138
0.4530000 -39.5750313
0.4540000 49.2286453
0.4550000 -35.1390381
0.4560000 8.8300667
0.4570000 31.9997406
0.4580000 -82.4407806
0.4590000 43.1741943
0.4600000 -29.9062290
0.4610000 17.5509720
0.4620000 -4.9834943
0.4630000 19.6850758
0.4640000 -14.4961243
0.4650000 11.9544868
0.4660000 4.0096292
0.4670000 -35.3907166
0.4680000 35.5060654
0.4690000 -19.5361824
0.4700000 5.4591880
0.4710000 -73.9462738
0.4720000 -43.3719444
0.4730000 18.8200550
0.4740000 -32.9342804
0.4750000 32.4152756
0.4760000 -21.5237370
0.4770000 -70.0739746
0.4780000 22.2394810
0.4790000 -1.3013737
0.4800000 -30.7065315
0.4810000 6.3868852
0.4820000 20.2670670
0.4830000 14.0222750
0.4840000 32.8037605
0.4850000 -54.7285690
0.4860000 15.5668640
0.4870000 -19.6854057
0.4880000 34.2734146
0.4890000 -54.3198242
0.4900000 -12.9391479
0.4910000 -36.5315628
0.4920000 14.4062195
0.4930000 21.4187603
0.4940000 16.7426224
0.4950000 43.9680672
0.4960000 11.8332977
0.4970000 9.4949408
0.4980000 -17.4709034
0.4990000 -4.4541850
0.5000000 23.8776264
0.5010000 -14.3076839
0.5020000 -26.2734795
0.5030000 -2.1791027
0.5040000 -8.4315100
0.5050000 -57.6204834
0.5060000 -33.3234558
0.5070000 33.0875893
0.5080000 12.1523895
0.5090000 12.7957449
0.5100000 -52.4795876
0.5110000 54.1374283
0.5120000 -21.0781498
0.5130000 31.2320175
0.5140000 -23.2571373
0.5150000 6.7343335
0.5160000 6.5761809
0.5170000 46.2379494
0.5180000 24.7322807
0.5190000 -16.1930122
0.5200000 11.3832150
0.5210000 -67.5590591
0.5220000 26.3774948
0.5230000 -6.8694291
0.5240000 -76.1582718
0.5250000 -10.0428514
0.5260000 27.7904129
0.5270000 -34.1567841
0.5280000 7.9492974
0.5290000 10.4269924
0.5300000 5.3140864
0.5310000 6.0745783
0.5320000 5.5123529
0.5330000 -9.5456858
0.5340000 -35.7804871
0.5350000 11.4675894
0.5360000 6.1249337
0.5370000 34.5716438
0.5380000 18.2909698
0.5390000 -29.5741749
0.5400000 40.8461761
0.5410000 -8.3016787
0.5420000 -17.5017262
0.5430000 -93.6235352
0.5440000 -28.1337719
0.5450000 57.7240486
0.5460000 86.5056458
0.5470000 -6.9696236
0.5480000 -17.3743382
0.5490000 26.0845814
0.5500000 -14.3872881
0.5510000 38.6591492
0.5520000 42.4547501
0.5530000 -41.4208641
0.5540000 -29.1619377
0.5550000 -3.6790206
0.5560000 -35.0763817
0.5570000 -44.5284386
0.5580000 21.8868980
0.5590000 56.6262970
0.5600000 -21.9852524
0.5610000 -11.8958931
0.5620000 57.1257210
0.5630000 51.5026550
0.5640000 -31.8182926
0.5650000 -49.0782661
0.5660000 -19.1295357
0.5670000 -12.1779509
0.5680000 -48.4776077
0.5690000 2.6473541
0.5700000 6.1996546
0.5710000 19.4306679
0.5720000 13.8376637
0.5730000 -15.3651400
0.5740000 -33.9291420
0.5750000 3.4739602
0.5760000 -37.4504929
0.5770000 -44.1724281
0.5780000 -9.3956070
0.5790000 -10.5103302
0.5800000 3.3457022
0.5810000 -58.8254547
0.5820000 -46.9626884
0.5830000 -64.4784927
0.5840000 -21.5719090
0.5850000 3.4122550
0.5860000 -43.5463638
0.5870000 -52.1311111
0.5880000 -14.5017347
0.5890000 11.8776379
0.5900000 5.7163529
0.5910000 3.9741623
0.5920000 13.3473377
0.5930000 9.1223583
0.5940000 -32.2008514
0.5950000 10.9111786
0.5960000 -0.0356463
0.5970000 8.1590929
0.5980000 -23.0763874
0.5990000 -0.7874361
0.6000000 5.2536912
0.6010000 19.5571117
0.6020000 17.8858356
0.6030000 36.7384758
0.6040000 8.5764704
0.6050000 67.8931351
0.6060000 -13.1804962
0.6070000 57.9523926
0.6080000 -33.4407234
0.6090000 -29.3068523
0.6100000 44.9573708
0.6110000 -79.6028671
0.6120000 -21.3037224
0.6130000 15.7770767
0.6140000 3.8935063
0.6150000 -10.4935560
0.6160000 8.2086973
0.6170000 -27.8302898
0.6180000 -29.2022152
0.6190000 -34.0901375
0.6200000 -5.3105254
0.6210000 -16.4560642
0.6220000 31.7173977
0.6230000 65.2114182
0.6240000 -45.1564522
0.6250000 -10.4063997
0.6260000 -19.8331261
0.6270000 -63.4626846
0.6280000 -18.5170746
0.6290000 -63.3677864
0.6300000 7.2581072
0.6310000 7.4629469
0.6320000 -9.7851706
0.6330000 64.5357742
0.6340000 36.0072212
0.6350000 -69.9700546
0.6360000 42.4121208
0.6370000 -75.9856339
0.6380000 -29.6418667
0.6390000 -4.1885457
0.6400000 15.3664885
0.6410000 -52.2825470
0.6420000 31.9495621
0.6430000 8.9973869
0.6440000 52.2148705
0.6450000 32.7531128
0.6460000 0.3088908
0.6470000 -66.8544922
0.6480000 7.6216059
0.6490000 79.6151047
0.6500000 -6.3137736
0.6510000 -11.6091194
0.6520000 -27.4521637
0.6530000 -8.3928890
0.6540000 -26.1432819
0.6550000 -3.6218607
0.6560000 -32.5169983
0.6570000 58.7210121
0.6580000 7.0231147
0.6590000 22.0977173
0.6600000 -62.3149719
0.6610000 98.9693604
0.6620000 46.6158142
0.6630000 53.4057579
0.6640000 2.6066623
0.6650000 -10.8539572
0.6660000 1.4207447
0.6670000 4.0979142
0.6680000 -25.5238037
0.6690000 -13.6312857
0.6700000 77.9797058
0.6710000 -8.6547728
0.6720000 0.5872287
0.6730000 12.1259193
0.6740000 -27.1593456
0.6750000 -2.3888004
0.6760000 -40.8079529
0.6770000 -32.6315117
0.6780000 -9.8992834
0.6790000 -16.3531342
0.6800000 25.1659737
0.6810000 26.2369385
0.6820000 59.6073036
0.6830000 -1.2663503
0.6840000 0.1344930
0.6850000 -41.6815758
0.6860000 15.8112001
0.6870000 -0.2137701
0.6880000 9.2865906
0.6890000 -10.6821375
0.6900000 26.6793613
0.6910000 16.6639690
0.6920000 -5.2710376
0.6930000 -5.7029929
0.6940000 -41.5473213
0.6950000 -23.9959698
0.6960000 54.9802017
0.6970000 -17.8712845
0.6980000 -48.3472214
0.6990000 -42.2989006
0.7000000 35.5534248
0.7010000 -71.8354721
0.7020000 7.4391837
0.7030000 -26.1245480
0.7040000 -1.5373127
0.7050000 17.9052658
0.7060000 -11.9323187
0.7070000 37.2127419
0.7080000 -31.9727421
0.7090000 -16.2118454
0.7100000 -117.1035309
0.7110000 3.7355638
0.7120000 36.2198448
0.7130000 -36.3070831
0.7140000 -20.2744904
0.7150000 -0.5826564
0.7160000 39.2027435
0.7170000 17.9873123
0.7180000 -20.1422157
0.7190000 32.7440758
0.7200000 -28.2969360
0.7210000 58.0219231
0.7220000 69.2779312
0.7230000 71.7796860
0.7240000 -26.7556934
0.7250000 -57.9019279
0.7260000 -59.8696327
0.7270000 -52.9250183
0.7280000 58.3721619
0.7290000 -15.3443146
0.7300000 7.2463117
0.7310000 -2.0445681
0.7320000 -12.6340866
0.7330000 59.2221336
0.7340000 -38.5484467
0.7350000 -44.6065254
0.7360000 5.6133862
0.7370000 -1.6472123
0.7380000 20.0867596
0.7390000 -6.5801687
0.7400000 -24.6410751
0.7410000 32.1127586
0.7420000 -9.9480801
0.7430000 18.8400688
0.7440000 29.0919495
0.7450000 52.9861717
0.7460000 16.9097843
0.7470000 6.8727818
0.7480000 10.5928478
0.7490000 39.8730164
0.7500000 -7.0282054
0.7510000 37.2621841
0.7520000 8.0810432
0.7530000 9.4181976
0.7540000 16.3336010
0.7550000 32.7485580
0.7560000 -58.6568108
0.7570000 34.2111588
0.7580000 6.8807530
0.7590000 17.0888882
0.7600000 -21.5691929
0.7610000 14.9987926
0.7620000 -9.9445286
0.7630000 -41.4240150
0.7640000 46.0898781
0.7650000 26.7311249
0.7660000 -42.8787231
0.7670000 -37.9063759
0.7680000 13.0599680
0.7690000 49.3119011
0.7700000 56.5535278
0.7710000 -41.4523010
0.7720000 -3.2525380
0.7730000 54.0275803
0.7740000 -10.6114874
0.7750000 -53.9043579
0.7760000 -15.0172825
0.7770000 -25.4427032
0.7780000 -36.6451149
0.7790000 7.3731680
0.7800000 -20.4698563
0.7810000 25.2541256
0.7820000 -16.9212914
0.7830000 43.5795517
0.7840000 16.1904793
0.7850000 -43.5507736
0.7860000 -10.3238106
0.7870000 -10.6725130
0.7880000 -13.3570919
0.7890000 55.0102882
0.7900000 -20.3347931
0.7910000 -8.9901123
0.7920000 2.6144021
0.7930000 13.8712721
0.7940000 -48.9187279
0.7950000 -1.6804073
0.7960000 7.4700813
0.7970000 6.2509680
0.7980000 -3.0442114
0.7990000 2.0629742
0.8000000 57.7752953
0.8010000 23.8346939
0.8020000 -8.6056223
0.8030000 44.4066162
0.8040000 13.3459883
0.8050000 -98.5986786
0.8060000 34.9707985
0.8070000 -31.5804100
0.8080000 15.3796186
0.8090000 33.6626892
0.8100000 65.6298218
0.8110000 -17.9906979
0.8120000 -40.9328842
0.8130000 36.2831116
0.8140000 13.0908384
0.8150000 21.7561417
0.8160000 61.7716522
0.8170000 7.6964211
0.8180000 4.9713397
0.8190000 -4.5002956
0.8200000 50.0335197
0.8210000 -55.3958397
0.8220000 26.0654068
0.8230000 -24.5132179
0.8240000 -41.6451645
0.8250000 -38.8431664
0.8260000 -37.5058708
0.8270000 -11.6713476
0.8280000 14.2611446
0.8290000 10.8935452
0.8300000 55.7112465
0.8310000 11.6030893
0.8320000 -4.8007898
0.8330000 45.2191925
0.8340000 -22.4265747
0.8350000 10.9069500
0.8360000 12.4723988
0.8370000 28.8810596
0.8380000 -43.0480652
0.8390000 82.6802979
0.8400000 5.7319202
0.8410000 -30.7320843
0.8420000 -35.9981842
0.8430000 -3.4087768
0.8440000 32.4644127
0.8450000 -72.2235336
0.8460000 -50.6144257
0.8470000 -51.6788788
0.8480000 -26.3142624
0.8490000 -10.1629295
0.8500000 -51.1682777
0.8510000 -51.4245377
0.8520000 -17.0192661
0.8530000 17.5053978
0.8540000 -8.0501614
0.8550000 30.1970997
0.8560000 -44.0237617
0.8570000 -1.2085121
0.8580000 64.3761978
0.8590000 -10.7615662
0.8600000 -44.4626732
0.8610000 -37.3624191
0.8620000 -45.2761650
0.8630000 24.9494534
0.8640000 -67.8027878
0.8650000 -32.7686882
0.8660000 -35.5721970
0.8670000 6.5136156
0.8680000 68.5186310
0.8690000 60.8502007
0.8700000 29.3447971
0.8710000 32.9364700
0.8720000 27.5088634
0.8730000 -29.9922924
0.8740000 -4.7455215
0.8750000 -64.8608780
0.8760000 3.6607378
0.8770000 15.4460306
0.8780000 -4.2803669
0.8790000 -46.6730499
0.8800000 -4.5915823
0.8810000 3.9159071
0.8820000 -50.4141617
0.8830000 -28.3329773
0.8840000 16.6154194
0.8850000 30.1779194
0.8860000 -14.0389814
0.8870000 14.6507282
0.8880000 60.1657867
0.8890000 49.6041527
0.8900000 -49.2978249
0.8910000 -85.6703873
0.8920000 5.5333872
0.8930000 15.3227816
0.8940000 18.4607830
0.8950000 45.2617455
0.8960000 31.5116615
0.8970000 20.8276501
0.8980000 4.1322713
0.8990000 -27.0870571
0.9000000 4.1338239
0.9010000 3.9667974
0.9020000 4.3713164
0.9030000 -50.3576469
0.9040000 -19.3885517
0.9050000 2.2814364
0.9060000 -22.9903889
0.9070000 -20.8987904
0.9080000 -16.7298164
0.9090000 -26.2760696
0.9100000 -24.5034771
0.9110000 4.0261331
0.9120000 -34.5644226
0.9130000 -32.2743225
0.9140000 32.3478050
0.9150000 -35.2438507
0.9160000 43.6254120
0.9170000 20.2373810
0.9180000 -18.5152016
0.9190000 33.7209435
0.9200000 -9.3702478
0.9210000 13.6007957
0.9220000 -11.3701067
0.9230000 8.2410536
0.9240000 -7.1281567
0.9250000 20.4068642
0.9260000 -33.2454109
0.9270000 40.0210037
0.9280000 -3.8856807
0.9290000 -7.1219020
0.9300000 37.5550308
0.9310000 11.9897327
0.9320000 -15.5771694
0.9330000 -17.3228607
0.9340000 -28.9757748
0.9350000 -77.8944550
0.9360000 -15.3236589
0.9370000 -45.8225250
0.9380000 -62.8844070
0.9390000 35.6218834
0.9400000 71.6260834
0.9410000 -7.2952328
0.9420000 45.2741013
0.9430000 14.0616398
0.9440000 34.5420341
0.9450000 41.7391777
0.9460000 -10.4180279
0.9470000 -3.7688611
0.9480000 -56.4653435
0.9490000 13.7281055
0.9500000 46.2063828
0.9510000 12.7629366
0.9520000 10.9129896
0.9530000 11.0178995
0.9540000 60.8190918
0.9550000 -21.2320633
0.9560000 -19.8960323
0.9570000 10.4349585
0.9580000 61.5460892
0.9590000 10.9849119
0.9600000 -8.0447006
0.9610000 -39.6622124
0.9620000 -0.4292915
0.9630000 -37.6365128
0.9640000 9.8358059
0.9650000 -0.0819467
0.9660000 27.7633171
0.9670000 -30.6510658
0.9680000 -79.2766495
0.9690000 24.0714989
0.9700000 -11.1429024
0.9710000 26.7375031
0.9720000 -9.3261967
0.9730000 -19.2689457
0.9740000 -20.8919640
0.9750000 41.3994026
0.9760000 -7.7908998
0.9770000 -18.5995121
0.9780000 -63.9361992
0.9790000 2.0187416
0.9800000 -28.2599449
0.9810000 -22.9498615
0.9820000 -25.9547195
0.9830000 -28.4586563
0.9840000 -15.1736736
0.9850000 -4.9861579
0.9860000 -41.2414665
0.9870000 -15.9393415
0.9880000 -9.1021461
0.9890000 24.1913319
0.9900000 37.7342873
0.9910000 43.8663368
0.9920000 27.5178566
0.9930000 2.9259837
0.9940000 -42.1160698
0.9950000 -5.7591829
0.9960000 -77.7476959
0.9970000 20.4555168
0.9980000 40.1029930
0.9990000 -73.8017960
